
Last position-specific scoring matrix computed, weighted observed percentages rounded down, information per position, and relative weight of gapless real matches to pseudocounts
            A   R   N   D   C   Q   E   G   H   I   L   K   M   F   P   S   T   W   Y   V   A   R   N   D   C   Q   E   G   H   I   L   K   M   F   P   S   T   W   Y   V
    1 K    -2   1  -2  -3  -5   4   1  -4  -3  -5  -5   3  -4  -5  -4   5  -2  -5  -4  -5    0   7   0   0   0  18   8   0   0   0   0  21   0   0   0  45   0   0   0   0  0.94 0.43
    2 S     0  -3  -2  -3  -5  -2   3  -3  -4  -6  -6  -4  -3  -6  -4   6   1  -6  -5  -5    6   1   1   0   0   1  16   1   0   0   0   0   1   0   0  68   6   0   0   0  1.35 0.62
    3 F    -8  -8  -9 -10  -8  -8  -9  -8  -8  -8  -7  -9  -7   1  -9  -8  -8  13  -3  -8    0   0   0   0   0   0   0   0   0   0   0   0   0   5   0   0   0  95   0   0  5.05 1.41
    4 P    -4  -7  -7  -6  -8  -6  -6  -7  -7  -8  -8  -3  -7  -9   9  -3  -6  -9  -8  -7    1   0   0   0   0   0   0   0   0   0   0   1   0   0  95   2   0   0   0   0  3.28 1.12
    5 E    -4  -5  -2   0  -8  -1   8  -4  -2  -8  -8  -4  -7  -8  -6  -5  -5  -8  -7  -7    1   0   2   4   0   2  88   2   1   0   0   0   0   0   0   0   0   0   0   0  2.31 0.95
    6 V    -4  -6  -7  -7   1  -6  -7  -7  -7  -1   6  -6   2  -2  -7  -6  -5  -6  -5   3    1   0   0   0   3   0   0   0   0   1  69   0   4   1   0   0   0   0   0  21  1.49 0.66
    7 V    -2  -5  -5  -7  -3  -4  -4  -7  -7   1   0  -1  -1  -5  -6  -5  -2  -7  -5   7    3   0   0   0   0   1   1   0   0   5   9   5   1   0   0   0   2   0   0  73  1.54 0.72
    8 G    -4  -4  -3  -4  -3  -6  -7   7  -7  -8  -8  -6  -7  -2  -7  -4  -6  -7  -4  -6    0   1   1   1   1   0   0  92   0   0   0   0   0   2   0   1   0   0   1   1  2.47 0.98
    9 K    -1   0  -3  -3   0   1  -1  -4  -3  -1   0   3   2  -2  -4  -2   0   5  -3   2    6   4   0   1   2   5   4   0   0   2  11  21   7   1   0   2   6   9   0  19  0.39 0.31
   10 T    -2  -1   2   2  -1   0  -1  -3   2  -4  -4   0  -2  -3   3   2   2  -2  -2  -2    1   3   9  10   1   3   3   1   5   1   1   4   1   1  17  19  16   1   1   2  0.44 0.33
   11 V     3  -3  -3  -4   0  -2  -2   4  -4   0  -2  -3   2  -2  -1  -1   0  -4  -1   1   26   1   0   0   2   2   2  31   0   5   3   1   5   1   2   2   4   0   3  10  0.47 0.33
   12 D    -2  -1  -1   2  -3   0   4  -2  -1  -2  -1   1  -1  -2  -1  -1   1  -5  -2  -1    2   3   2  14   0   3  31   2   1   2   7   9   2   2   3   2   8   0   1   4  0.36 0.29
   13 Q     0  -2  -1   1  -3   1   5  -4  -1  -2  -1   0  -2  -3  -1  -2   0  -4   1   1    7   1   3   5   0   6  39   1   1   2   5   4   1   1   3   1   6   0   5  10  0.45 0.35
   14 A     7  -6  -6  -6   1  -5  -5  -2  -6  -5  -6  -5  -5  -6  -5  -3  -4  -7  -6  -1   90   0   0   0   2   0   0   2   0   0   0   0   0   0   0   0   0   0   0   4  2.06 0.92
   15 R     2   1  -3  -3  -4  -1   1  -3  -3   0  -2   4   2  -4  -4  -1   0  -2  -2   1   18   8   0   0   0   1  10   1   0   5   2  33   5   0   0   2   4   1   1   9  0.47 0.37
   16 E     2   1  -1  -1  -3   1   2  -1  -1  -2  -2   2   0  -2   0  -1   1  -4  -2  -2   22   7   2   2   0   5  15   3   1   1   4  16   2   2   5   3   8   0   1   1  0.23 0.22
   17 Y     0  -1  -3  -4  -4   1  -3  -4  -2   3  -1   3  -1  -2  -4  -2   2   0   0   2    7   2   0   0   0   7   0   0   1  23   5  20   1   1   0   1  12   1   3  14  0.37 0.31
   18 F    -5  -7  -7  -7  -5  -6  -7  -7  -7   8  -1  -6   0   0  -6  -6  -4  -6  -5   0    0   0   0   0   0   0   0   0   0  86   3   0   1   4   0   0   0   0   0   4  2.18 0.86
   19 T    -2  -1  -1  -1  -4   1   4  -3  -1  -1   1   3   2  -4  -4  -1   1  -5  -4  -2    2   3   3   2   0   5  27   1   1   3  14  20   6   0   0   2   9   0   0   3  0.40 0.33
   20 L     1   3  -1  -1  -2   1   1  -1   1  -3  -2   3  -2  -5  -3   1  -1  -5  -4  -4   15  14   1   2   1   7   9   4   3   1   4  22   1   0   0  12   4   0   0   0  0.38 0.30
   21 H    -3  -4  -2   5  -6   0   5  -4   2  -6  -6  -1  -5  -6  -4  -2  -4   1  -5  -5    2   0   1  35   0   4  44   1   5   0   0   3   0   0   0   2   0   2   0   0  1.28 0.63
   22 Y    -4   4   6  -1  -1  -2  -3  -3  -1  -3  -4   1   3  -1  -4  -1  -1  -5   1  -4    0  24  37   2   1   0   0   2   1   1   0  10   8   2   0   3   3   0   5   0  0.90 0.51
   23 P    -1  -3  -2  -4  -3  -1  -2  -1  -3  -5  -2  -3  -2  -6   7   0  -1  -6  -5  -4    4   1   2   1   1   2   2   5   1   0   4   1   1   0  62   8   4   0   0   1  1.52 0.68
   24 Q    -1   1   2   4  -3   0   0   1   2  -2  -1   0  -2  -2  -3  -1  -2  -4   0  -3    6   6   9  27   1   5   5  11   5   2   6   6   1   2   0   4   1   0   3   0  0.30 0.22
   25 Y     1  -1  -4  -5   0  -2  -4  -3  -4   0   1  -1  -1  -2  -3  -3  -2  -4   0   5   13   4   0   0   2   2   0   2   0   4  13   3   1   1   1   0   1   0   3  50  0.66 0.41
   26 D    -2   1   3   2  -1   1   0  -2   1  -1  -2   1  -1  -1  -1   0   2  -1  -1  -1    2   8  14  10   1   5   4   2   3   3   3   9   1   2   3   6  17   1   2   3  0.20 0.20
   27 V     2  -4  -4  -3   0  -2  -4  -2  -4   3  -1  -4   0  -1  -1  -2  -1  -4   0   4   20   0   0   2   2   2   0   3   0  20   3   0   2   2   3   2   3   0   3  31  0.55 0.39
   28 Y    -1   1  -1  -1  -3   1   1  -2   0   2   0   0  -1   1  -1  -2  -1   2   0   2    3   8   3   3   0   6   9   2   2  13   7   5   0   7   3   2   3   3   3  18  0.11 0.15
   29 F    -2  -4  -2  -5  -4  -4  -3  -5  -1   3   1  -2   0   2  -2  -1   0  -4   0   4    2   0   2   0   0   0   2   0   1  20  11   2   2   9   2   4   5   0   3  32  0.54 0.36
   30 L    -2  -2  -4  -5  -1  -2  -4  -2   2   2   3  -2   1   1  -4  -2  -2   1   1   4    2   2   0   0   1   2   0   3   5   9  25   3   3   5   0   2   2   2   5  30  0.45 0.33
   31 P    -2  -1   0  -1  -5   0  -2  -2   2  -2   1   0  -1  -1   6  -2  -1  -5  -2  -3    3   3   4   3   0   4   1   3   4   2  14   7   2   3  36   3   4   0   1   2  0.63 0.42
   32 E     0  -2   1   0  -4   1   3  -2   0  -1  -2  -1  -1  -2   3  -1  -2  -1   0   1    6   1   6   5   0   5  23   2   2   3   4   4   1   1  13   3   1   1   3  13  0.28 0.27
   33 G    -3  -1   0   2  -1  -3  -3   6  -1  -6  -3  -3  -5  -5  -2  -2  -1  -5  -2  -5    2   3   5  12   2   1   2  56   2   0   3   2   0   0   2   3   4   0   1   0  1.07 0.57
   34 S     0  -1  -2   1   0   0  -2  -1  -2  -3  -4  -2   1  -2  -2   4   3  -5  -2  -1    7   3   2   9   2   5   2   4   1   1   1   2   4   1   1  29  21   0   1   4  0.48 0.41
   35 P     1  -1  -1  -2  -1  -2  -3  -1  -4   0  -2  -2   3   1   5  -2  -1  -1   0   0   11   3   3   2   1   2   1   5   0   6   3   3   7   7  30   3   3   1   3   6  0.50 0.36
   36 V    -2  -1  -5  -4  -2  -1  -3  -4  -2   0   0  -2   1  -1  -1  -3  -2   2  -2   6    3   4   0   1   1   3   2   2   1   5   7   3   4   3   3   2   2   2   2  52  0.80 0.50
   37 T    -1  -4  -3  -1  -5  -3  -5  -6  -3   1  -2  -5  -3  -3   4  -2   6  -6  -3  -2    5   1   1   3   0   1   0   0   1   8   4   0   1   1  22   3  45   0   1   3  1.11 0.70
   38 L     1   0  -2  -1  -4   1   0  -1  -1  -2  -1   0   4  -1   3  -1   1  -4  -1  -3   11   5   1   4   0   6   5   5   2   1   7   6  13   3  17   3   9   0   2   0  0.30 0.29
   39 D    -3  -4   1   7  -6  -3   1   1  -5  -1  -6  -3  -2  -6  -2  -4  -3  -6  -6  -2    2   1   7  54   0   1   8  11   0   5   0   1   1   0   2   0   1   0   0   4  1.21 0.67
   40 L    -4  -6  -2  -6  -1  -6  -3  -6   1  -1   0  -6  -2   7  -4  -4  -3   0   5  -1    1   0   2   0   1   0   2   0   3   4   9   0   1  47   1   1   1   1  22   3  1.48 0.73
   41 R    -4   5   3   4   5  -1  -2  -5  -1  -1  -4  -2  -5  -2  -6  -2  -5   0  -4  -2    1  33  12  19  12   3   1   1   2   4   1   1   0   2   0   2   0   1   0   4  0.95 0.59
   42 Y    -1  -2  -2   0   9  -3  -1  -5  -4  -1  -3  -3  -1   1   3  -1  -1  -6  -3  -4    5   2   2   5  40   1   4   1   0   4   3   2   1   5  16   4   3   0   1   1  1.26 0.68
   43 N    -3  -2   5   4  -4  -3  -1  -1   3  -6  -4   1  -4  -1  -5  -1  -1   1  -3  -6    2   2  29  27   0   1   3   6   6   0   1   9   0   3   0   4   4   2   1   0  0.86 0.55
   44 R    -6   9  -5  -6  -8  -4  -5  -7  -1  -7  -7  -1  -6  -7  -7  -6  -6  -7  -6  -7    0  92   0   0   0   0   0   0   2   0   0   3   0   0   0   0   0   0   0   0  2.96 1.19
   45 V    -3  -7  -7  -7  -6  -7  -7  -7  -7  -1  -2  -7  -4  -6  -7  -6  -5  -7  -6   8    2   0   0   0   0   0   0   0   0   1   3   0   0   0   0   0   0   0   0  92  2.51 1.04
   46 R    -3   6  -2  -5   2  -3  -3  -5  -2  -1  -2  -3  -4   1  -5  -4  -2   6   2   0    2  50   2   0   4   1   1   0   1   4   4   0   0   6   0   1   2  10   7   6  1.16 0.61
   47 V    -5  -6  -7  -7  -5  -6  -7  -7  -7   4   3  -6  -3  -1  -6  -6  -4  -6  -5   6    0   0   0   0   0   0   0   0   0  18  27   0   0   2   0   0   0   0   0  52  1.48 0.68
   48 F    -4  -2  -6  -3  -6  -3  -4  -6  -2   0  -2  -6  -2   7  -2  -4  -3   7   4   0    1   2   0   2   0   2   1   0   1   5   4   0   1  41   2   1   1  15  14   7  1.36 0.62
   49 Y    -3  -4  -1  -4   0  -5  -6  -4   1   2   0  -5  -2   0  -6  -3  -1  -6  -1   6    1   1   3   1   2   0   0   1   4   9   7   0   1   3   0   2   3   0   2  60  1.08 0.57
   50 N    -4  -5   5   7  -2  -4  -2  -2  -2  -7  -5  -5  -6  -2  -6  -2  -3  -7  -6  -7    2   0  29  56   1   0   1   3   1   0   1   0   0   2   0   2   1   0   0   0  1.76 0.79
   51 P     0   0   0   2   3   0   2  -1  -2  -1  -3   1  -2  -3   1   1   0   2  -2  -2    6   6   3  11   6   3  15   5   0   3   2   9   0   1   7  10   5   3   1   2  0.18 0.14
   52 G     0  -1   1   2  -1   0   0   0  -1   0   0   0  -1  -1   0   1  -1  -1  -2  -1   10   3   6  13   1   5   6   7   1   7   9   4   0   2   5  11   3   1   1   3  0.07 0.07
   53 T    -2  -2   5   2  -4   0   0   2   1  -3  -2  -1  -3  -3  -2  -1   1  -4   0  -3    3   2  31   9   0   3   6  15   4   1   5   3   0   1   2   3   8   0   3   1  0.48 0.29
   54 N    -1   1   3   1  -4  -1  -2   4   0  -3  -2   0  -2  -3  -2  -1  -2  -4  -2  -2    4   9  14   9   0   2   1  36   2   1   6   6   1   1   1   3   2   0   1   3  0.48 0.30
   55 V    -2  -3  -3  -4  -4  -2  -4  -4  -2   4   1   1  -1  -1   0  -3   2  -4  -2   3    3   1   1   0   0   2   0   1   1  27  10   9   1   2   6   1  12   0   1  22  0.47 0.32
   56 V    -3  -6  -7  -7  -2  -6  -6  -7  -7   0  -3  -6  -4  -5  -6  -6  -2  -7  -5   8    1   0   0   0   1   0   0   0   0   3   1   0   0   0   0   0   2   0   0  90  2.27 0.93
   57 N     2   0  -2  -3  -3  -1  -2  -3  -3   0  -1  -1  -1  -2  -3   1   2  -4  -1   3   22   4   2   1   0   3   2   1   0   5   3   3   1   1   0   9  16   0   2  24  0.33 0.28
   58 H    -1   4   1  -1  -4   4   2  -3  -1  -2  -3   2  -3  -5  -4   0  -1  -3  -1  -2    5  23   6   2   0  21  10   1   1   2   2  10   0   0   0   6   4   0   2   2  0.50 0.35
   59 V     0  -3  -4  -5  -3  -5  -4  -5  -6   2  -3  -4   0  -4   1  -2   4  -6  -5   4    7   1   1   0   0   0   1   0   0  12   1   1   2   0   7   2  29   0   0  35  0.87 0.52
   60 P    -5  -8  -7  -7  -8  -7  -7  -8  -3  -8  -8  -6  -8  -9   9  -4  -4  -9  -8  -8    1   0   0   0   0   0   0   0   1   0   0   0   0   0  96   1   1   0   0   0  3.42 1.28
   61 H    -1   3  -2  -4  -4   0  -3  -3   2   1  -2   2   1  -2  -4   1   1  -5  -2   3    3  20   1   0   0   3   0   2   6   8   1  11   4   2   0  10   7   0   1  21  0.37 0.30
   62 V    -2  -3  -7  -7  -1  -4  -5  -7  -7   6  -2  -6   1  -4  -6  -4  -3  -6  -5   5    3   2   0   0   2   1   0   0   0  45   2   0   3   0   0   1   1   0   0  41  1.46 0.65
   63 G    -5  -7  -5  -6  -7  -7  -7   8  -7  -9  -9  -6  -8  -8  -7  -5  -6  -7  -8  -8    0   0   0   0   0   0   0 100   0   0   0   0   0   0   0   0   0   0   0   0  2.90 1.03

                      K         Lambda
Standard Ungapped    0.1423     0.3216
Standard Gapped      0.0570     0.2670
PSI Ungapped         0.1866     0.3133
PSI Gapped           0.0570     0.2670
