
Last position-specific scoring matrix computed, weighted observed percentages rounded down, information per position, and relative weight of gapless real matches to pseudocounts
            A   R   N   D   C   Q   E   G   H   I   L   K   M   F   P   S   T   W   Y   V   A   R   N   D   C   Q   E   G   H   I   L   K   M   F   P   S   T   W   Y   V
    1 K    -4   5  -3  -4  -7   3  -3  -5   2  -6  -6   6  -5  -6  -5  -4  -4  -6  -5  -6    0  28   0   0   0  11   0   0   4   0   0  57   0   0   0   0   0   0   0   0  1.59 0.61
    2 K    -3   1   0  -3  -5   1   2  -5  -2   1  -2   3  -2  -3  -3  -1   3  -1  -3   0    1   7   5   0   0   5  16   0   0   9   2  20   0   1   0   2  23   1   1   7  0.43 0.32
    3 A    -2  -5  -7  -7  -3  -6  -4  -7  -5   5  -1  -6   1   0  -6  -5  -4  -5   4   5    3   1   0   0   1   0   1   0   0  33   5   0   3   4   0   0   0   0  13  38  1.18 0.54
    4 V    -2   1  -2  -2  -4   0   1  -5   0   2  -1  -1   1  -1  -3  -1   3  -3   0   2    1   7   1   1   0   5  10   0   2  12   3   3   3   2   0   4  21   0   4  18  0.31 0.27
    5 I    -4  -7  -7  -8  -5  -7  -7  -8  -7   5   4  -7  -1   4  -7  -6  -5  -5  -4   1    1   0   0   0   0   0   0   0   0  36  39   0   1  16   0   0   0   0   0   8  1.38 0.59
    6 N    -5  -4   3   8  -9  -4  -1  -6  -4  -5  -8  -3  -5  -4  -4  -4  -6  -9  -6  -7    1   1  14  75   0   0   3   0   0   1   0   1   0   1   1   1   0   0   0   0  2.20 0.90
    7 G     0  -5  -5  -6   1  -6  -5   5  -6  -4   3  -6  -2   4  -6  -3  -3  -5  -3  -1    7   1   0   0   3   0   1  38   0   0  24   0   1  19   0   1   2   0   1   4  0.92 0.48
    8 E     1   2   2   2  -3   0   0  -1  -1  -4  -4   2  -4  -4  -3   2   1  -3  -3  -3   13  12   9  12   0   3   6   4   1   0   1  11   0   0   1  17   7   0   1   1  0.35 0.26
    9 Q    -1   1   1   2  -3   1   2   1   3  -3  -3   1  -2  -1  -2   0  -1  -4  -1  -3    4   7   6  12   0   7  13  13   7   1   1  11   1   3   1   5   3   0   3   1  0.25 0.19
   10 I    -1  -6  -6  -7   3  -4  -6  -6  -3   6   0  -6   3   2  -5  -5  -3   3  -3   3    5   0   0   0   5   1   0   0   1  40   7   0   8   9   0   1   1   4   0  19  1.01 0.47
   11 R     0   2   0   0  -2   1   1  -2   1  -3  -2   1  -2  -3   0   0   2  -4  -1  -1    8  10   5   5   1   7   9   3   3   1   4  10   1   1   4   7  16   0   2   5  0.17 0.16
   12 S    -3  -3   3   5  -6  -4  -1  -2  -5  -6  -5  -3  -6  -6  -5   4   3  -7  -3  -5    1   1  12  32   0   0   3   3   0   0   1   1   0   0   0  26  17   0   1   0  0.99 0.54
   13 I    -1   2  -2  -3  -3   1   2  -4  -2   0   0   4   1  -3   0  -1  -2   3  -3  -1    4   9   1   0   0   7  12   1   0   7  12  26   3   1   4   3   2   4   1   4  0.33 0.26
   14 S     1   0  -1   3  -5   2   3  -2  -1  -3  -3   0  -2  -4   1  -1   0  -3  -3  -3   15   6   3  15   0   7  23   3   1   1   3   5   1   0   7   4   6   0   1   1  0.39 0.28
   15 D     1  -2  -2   5  -5   0   3   0  -1  -3  -5  -2  -2  -5  -4   0   0  -6  -3  -1   13   2   0  31   0   3  20   7   1   2   0   1   1   0   0   7   5   0   1   4  0.61 0.37
   16 L    -1  -6  -7  -7  -6  -6  -7  -7  -6   0   4  -6   2   7  -5  -5  -3  -4  -1   1    5   0   0   0   0   0   0   0   0   3  33   0   4  42   0   0   2   0   1   9  1.33 0.56
   17 H    -6  -4  -6  -7  -7   0  -6  -7   8  -6   1  -6   1   1  -7  -6  -6   2   7  -6    0   1   0   0   0   4   0   0  35   0  16   0   4   6   0   0   0   2  34   0  1.90 0.76
   18 Q     0   4  -1   3   3   1   1  -3  -1  -3  -2   0  -1  -4  -4  -1  -1  -1  -4  -3    9  23   3  18   6   7   9   1   2   1   4   4   2   1   0   4   4   1   0   1  0.43 0.30
   19 T     2   2  -3  -1  -3   2   2  -3   0   0   0  -1  -1  -2  -4  -2  -1  -4   2   0   17  11   1   3   0  10  13   2   2   6   8   3   1   1   0   1   4   0   9   9  0.21 0.21
   20 L    -3  -6  -7  -7   2  -6  -7  -7  -6   4   4  -6   1   5  -7  -4  -5  -5  -3   0    1   0   0   0   4   0   0   0   0  19  43   0   3  25   0   1   0   0   0   4  1.21 0.52
   21 K     3   0  -2  -2  -1   0  -1   1  -3  -2  -3   3  -2  -3  -4   2  -1  -5  -2  -2   30   4   1   2   1   4   3  11   0   3   2  17   1   1   0  13   3   0   2   3  0.39 0.29
   22 K     0   3   0   1  -2   2   3  -1   0  -3  -3   1  -2  -4  -2   0  -1  -5  -3  -3    7  16   4   9   1  11  21   4   2   1   3   8   1   0   1   5   4   0   1   1  0.37 0.26
   23 E     3   0  -3  -3  -2   3   1  -3  -1  -3  -1   3  -2  -5  -4  -1   0  -6  -4   0   26   4   0   1   1  14   7   1   1   1   5  22   1   0   0   4   6   0   0   6  0.45 0.33
   24 L    -5  -5  -6  -6   0  -5  -4  -6  -5  -1   4  -6   2   6  -4  -3  -4  -4  -1   1    0   0   0   0   2   0   1   0   0   2  40   0   4  35   1   2   1   0   1   8  1.17 0.50
   25 A     0  -2   2   3  -3   0   0   3   2  -2  -3  -1  -3  -4  -2   0  -1  -3  -3  -3    9   2  11  18   0   4   6  24   5   2   3   4   1   1   1   5   4   0   1   1  0.36 0.22
   26 L    -3  -5  -4  -6   0  -5  -5  -1  -5  -1   3  -3  -1   6  -4  -4  -3  -3   0   0    2   0   1   0   2   0   1   6   0   3  32   2   1  38   1   1   2   0   2   6  0.96 0.43
   27 P    -1  -4  -2  -1  -6  -2  -2   0  -3  -6  -3  -1  -5  -5   8  -1  -3  -6  -6  -4    5   1   2   3   0   1   3   7   1   0   3   4   0   1  62   5   1   0   0   1  1.57 0.63
   28 E     0   0  -1   4  -5  -1   3   1  -1  -4  -4  -1  -3  -4   0   0  -1  -3  -4  -3    6   4   3  28   0   2  18  12   2   1   1   4   1   1   6   7   3   0   0   2  0.46 0.27
   29 Y    -3  -2  -3  -1  -1  -2  -1  -1   3  -4  -2  -2  -2   4  -2  -1  -2   6   6  -3    1   2   1   3   1   1   5   5   8   0   3   2   1  14   2   5   2  11  33   1  0.84 0.38
   30 Y    -4  -1  -4  -4  -2  -1  -5  -5  -1  -3  -3  -2   0   6  -5  -2  -2   1   7  -2    1   4   1   1   1   3   0   0   1   1   1   3   2  33   0   3   2   1  39   2  1.31 0.51
   31 G    -2  -3  -4  -2  -5  -4  -4   7  -5  -2  -5  -4  -5  -5  -5  -3  -3  -1  -5   1    2   2   0   3   0   0   1  73   0   2   1   0   0   0   0   1   2   1   0  10  1.47 0.54
   32 E     0   3   2   0   0  -1   2   0   3  -3  -3   1   0  -2  -2  -1  -1   1  -1  -3    7  21  10   5   3   1  12   6   9   1   1   9   3   1   2   3   3   2   1   1  0.27 0.19
   33 N    -5  -4   8   2  -2  -4  -3  -3  -3  -7  -7  -4  -6  -7  -6  -2  -2  -7  -6  -6    0   0  80   9   1   0   1   2   0   0   0   0   0   0   0   3   2   0   0   0  2.19 0.77
   34 L    -3  -3  -6  -6  -2  -3  -5  -5  -5  -1   5  -5   3   1  -4  -3  -3   8  -2  -2    2   1   0   0   1   1   0   1   0   3  53   0   6   5   1   2   1  22   1   1  1.28 0.50
   35 D    -3  -5   2   8  -7  -4  -2  -5  -1  -6  -7  -4  -2  -6  -5  -2  -5  -7  -3  -6    2   0   8  81   0   0   1   0   1   0   0   0   1   0   0   2   0   0   1   0  2.11 0.73
   36 A     6  -5  -1  -2  -4  -4  -2   0  -5  -5  -5  -4  -2  -6  -4   1  -1  -6  -5  -3   71   0   3   3   0   0   2   5   0   0   0   0   1   0   0  11   3   0   0   1  1.25 0.58
   37 L    -2  -5  -6  -6  -4  -4  -5  -6  -4   1   5  -5   3   4  -5  -5  -4   5   0  -1    3   0   0   0   0   0   0   0   0   5  57   0   7  15   0   0   0   8   3   3  0.97 0.39
   38 W    -1  -1   0  -1  -1  -4  -2  -3   1   1  -2  -3  -1   0  -5  -2  -2  10   5  -2    4   3   5   3   1   0   2   1   3   8   2   1   1   2   0   3   1  38  17   3  1.26 0.44
   39 D    -1   0   1   7  -5   1   1  -1  -3  -5  -5  -2  -5  -5  -3   0  -3  -6  -5  -5    4   4   4  66   0   5   8   4   0   0   0   0   0   0   0   4   0   0   0   0  1.16 0.40
   40 C     1  -2  -1  -2   7  -2  -2  -2   0  -1  -1  -3   3   0  -3   0  -1   1   1   1   10   2   2   2  26   0   2   2   2   2   2   0  14   5   0   9   2   2   6   9  0.39 0.22
   41 L    -2  -4  -4  -5  -3  -4  -4  -1  -4   3   4  -4   2   1   0  -3  -2  -3  -2   2    0   0   0   0   0   0   0   5   0  15  46   0   6   5   5   0   0   0   0  17  0.55 0.25
   42 T     1   0  -2  -2   3  -2  -2  -1  -1  -2  -3  -2   2  -1  -2   2   5   0  -4  -2   10   5   2   2   6   2   3   4   1   2   2   2   5   3   1  13  35   1   0   2  0.47 0.30
   43 G     0  -2  -1   4  -1  -2   1   3  -1  -5  -2  -3  -2  -5  -1   1  -1   0  -2  -3    9   2   2  25   1   1   8  25   1   0   5   0   1   0   3   9   3   1   1   1  0.46 0.29
   44 W     0  -2  -1   1  -1  -2  -1   1   1   0   2  -2   0   0  -2  -1  -2   1   1   0    7   1   2   8   1   1   4  13   4   5  25   1   2   3   2   3   2   2   6   8  0.13 0.14
   45 V    -1  -2  -1   2   0  -1  -1  -2  -2   3   0  -2   0   0  -2   0  -1  -1  -1   3    6   2   2  11   2   2   3   3   1  15  10   1   3   3   2   9   3   1   2  20  0.16 0.16
   46 E     0  -3  -2   3  -2   0   4   1  -2  -4  -5  -2  -6  -6   2  -1  -3   5  -2  -4    7   1   2  18   1   4  25  10   1   1   1   2   0   0  11   4   1   8   1   1  0.66 0.42
   47 Y    -1   2  -3  -2   0  -1  -1  -3  -2  -1   3   0   2   0   2  -2   1   1  -1  -2    4  11   1   2   2   3   5   2   1   3  26   6   6   3  11   3   8   2   2   1  0.24 0.22
   48 P    -4  -4  -1   1  -7  -6  -3   1   0  -5  -7  -3  -7  -7   7  -3   0  -2  -3  -3    1   1   3   7   0   0   2  11   2   1   0   1   0   0  57   2   6   1   1   2  1.56 0.76
   49 L    -1  -3  -2  -2  -1  -3   0  -4  -1   1   3  -2   0   2  -3  -2   0   0   1   3    6   2   2   3   1   1   6   1   2   6  25   2   2   8   1   2   6   1   5  19  0.28 0.22
   50 V     0   0  -2  -2   0   0   2  -5   2   2  -1   0  -2  -3  -3  -2   2  -6  -3   3    7   5   1   2   2   3  15   0   5  12   5   6   1   1   1   2  13   0   1  19  0.32 0.27
   51 L    -5  -4  -8  -4  -3  -7  -5  -5  -7   6   4  -5   1  -2  -7  -7  -4  -7  -3   2    1   1   0   1   1   0   1   1   0  37  36   1   3   2   0   0   1   0   1  14  1.27 0.60
   52 E    -2   0  -1  -2  -5  -1   3  -3   1   3  -1  -2  -2  -2  -3  -2   0   0  -1   3    3   5   3   2   0   3  17   3   4  15   5   2   1   2   1   2   6   1   2  22  0.33 0.26
   53 W    -5  -4  -7  -5  -3  -7  -7  -5  -7   3   2  -5   0   5  -4  -7  -6   9  -2   1    1   1   0   1   1   0   0   1   0  14  18   1   2  23   1   0   0  26   1   9  1.52 0.70
   54 R    -1   2   0   1  -2   0   1  -2   1   1  -1   1  -2  -2  -3   0   1  -2   0   0    3  14   4   7   1   4  11   3   3   8   7   8   1   2   1   5  10   1   4   5  0.13 0.14
   55 Q    -3  -1   5   1  -3   0  -3   3   7  -5  -6  -1  -6   0  -6  -3  -4  -7  -1  -4    2   3  23   8   1   3   1  23  20   1   1   4   0   4   0   1   1   0   2   2  0.98 0.55
   56 F     1  -3  -3  -3  -2  -4  -4  -3   2   1   2  -4   0   2  -3   1  -1   6   2   1   11   2   1   2   1   0   1   2   5   7  17   1   2   9   2  10   3  12   7   8  0.42 0.30
   57 E     1   0   1   3  -3   1   2  -1   1  -4  -4   0  -3  -5   1   2   0  -5  -2  -3   11   5   6  15   1   5  12   5   3   1   1   5   1   0   6  13   6   0   1   2  0.29 0.25
   58 Q     2   0   0   1  -1   1   1  -1   1   0  -1   0  -1  -2  -1   0   0  -4  -1   0   17   4   5   8   1   5  12   3   3   5   6   5   1   1   2   6   5   0   2   9  0.10 0.12
   59 S     0  -2   0  -1  -3  -3  -1  -2   0  -2   2  -2  -1   3  -2   3  -1  -4   0  -2    9   2   4   4   0   1   4   3   2   2  21   2   1  14   2  22   3   0   3   2  0.29 0.28
   60 K     1   3  -1  -1  -3   2   1  -3   0  -2  -3   3  -3  -4   0   0  -2  -5  -3  -3   14  18   3   3   1   8  10   2   2   2   3  15   1   1   5   8   2   0   1   2  0.36 0.30
   61 Q     1   2   1  -1  -2   2   2  -2  -1  -3  -2   3  -2  -5  -2  -1  -1  -3  -1  -3   13  13   7   3   1   9  12   2   1   1   3  20   1   0   2   3   3   0   2   2  0.35 0.29
   62 L     1   2   0  -1  -1   0   0  -2   1  -1   1   0   0   1  -3  -1  -1  -3   0  -1   14  14   5   4   1   4   5   3   4   3  14   6   2   6   1   4   4   0   3   3  0.10 0.12
   63 T    -1  -1  -1   2   2  -2  -2  -1  -2  -1   3  -3   3  -2  -2  -1  -2  -2  -2  -1    6   3   3  14   5   1   3   6   1   3  31   1   8   1   2   4   2   0   1   3  0.31 0.24
   64 E    -1   1  -3  -3  -5  -2   1   3  -3  -4  -5   0  -2  -4   5  -2  -2   1  -5  -4    5   7   1   2   0   2   9  25   1   1   1   6   1   1  30   2   2   2   0   1  0.78 0.47
   65 N    -1   2   1   3  -4   0   4  -2   0  -3  -4   1  -4  -5  -1   0  -2  -2  -3  -3    5  12   7  15   0   4  23   3   2   2   2   7   0   0   4   8   2   1   1   2  0.42 0.32
   66 G     0   1  -2   3  -3   0   2  -2  -2  -2  -2  -2  -3   0  -4  -2   1  -2   5  -1    9   6   1  17   0   4  12   3   1   3   4   2   1   4   1   3   8   0  18   4  0.40 0.32
   67 A     3   0  -4  -3   0  -2  -4  -1  -3  -3  -1  -3  -1   6  -4  -2  -3   5   3  -2   21   5   1   2   2   2   1   5   1   1   6   2   2  27   1   2   2   6   8   3  0.67 0.43
   68 E     1   1   0   3  -6   1   4   0  -1  -4  -3   1  -5  -4  -5   0  -3  -2  -2  -3   12   7   5  16   0   5  23   7   1   1   3   8   0   1   0   6   1   1   1   2  0.45 0.35
   69 S     2   1  -2   1  -3   1  -1  -1  -2   1  -1   1   0  -4  -2   0   2  -5  -3   0   17   7   1   7   0   7   3   4   1   8   5   9   2   0   2   6  13   0   0   6  0.16 0.19
   70 V     0  -5  -7  -6  -6  -5  -7  -6  -7   4   4  -6   2   1  -7  -5  -3  -6  -1   3    7   0   0   1   0   0   0   1   0  20  40   0   5   5   0   1   2   0   3  16  0.99 0.53
   71 L    -3   1  -4  -5  -2  -1  -1  -6  -1   3   4   0   1  -3  -6  -4  -3  -2  -3   1    2   7   1   0   1   3   4   1   1  17  39   6   2   1   0   1   1   1   1  10  0.64 0.41
   72 Q     0   0   0   4  -6   2   4  -1  -2  -5  -2   1  -3  -6  -5   0  -1  -3  -4  -6    7   6   4  20   0   9  24   5   1   1   4   7   0   0   0   7   3   0   0   0  0.56 0.42
   73 V    -4  -7  -7  -8   4  -4  -5  -8  -7   4   2  -7   0  -5  -7  -5   0  -7   0   5    1   0   0   0   8   1   1   0   0  21  20   0   2   0   0   1   6   0   3  36  1.14 0.61
   74 F    -5  -8  -8  -9   0  -8  -7  -7  -7   0   4  -8   2   7  -8  -5  -7  -2  -4  -3    1   0   0   0   2   0   0   0   0   5  39   0   4  44   0   1   0   1   0   1  1.76 0.82
   75 R     0   3   0   3  -3   2   2  -2  -1  -3  -2   0  -2  -4  -4   0  -1  -5  -1  -3    9  15   4  16   0  10  15   3   1   1   5   6   1   0   0   7   3   0   2   2  0.36 0.30
   76 E    -2   1  -2   6  -4  -2   5  -5  -3  -8  -7  -1  -7  -8  -6  -1  -3  -8  -7  -7    4   8   1  44   0   2  30   1   0   0   1   3   0   0   0   4   1   0   0   0  1.43 0.77
   77 A     6  -4  -6  -5  -1  -6  -6  -5  -3  -2   0  -4   0  -4  -6  -2  -1  -3   1   1   59   1   0   1   1   0   0   0   1   2  10   1   2   1   0   2   4   0   5  10  1.12 0.67
   78 K     3  -1   0  -1   2   3   3  -3  -3  -3  -3   0  -2  -2  -3  -1  -1  -6  -4   1   24   3   5   2   4  12  18   1   0   1   2   5   1   2   1   4   3   0   0  11  0.39 0.35
   79 A     2   1   0   2  -3   1   4  -3  -3  -4  -4   1  -3  -6  -5   0  -2  -6  -5  -3   18   6   4  13   0   7  29   1   0   1   1   8   1   0   0   6   2   0   0   2  0.59 0.43
   80 E    -2   0  -2   1  -8   3   6  -7  -3  -7  -6   0  -6  -3  -5  -3  -1  -7  -4  -4    4   5   1   6   0  13  55   0   0   0   1   6   0   1   0   1   3   0   0   1  1.30 0.74
   81 G    -2   2   4   2  -3  -2  -2   2   0  -1  -1  -2   2  -1  -3  -2  -1  -5   2  -3    2  10  24   9   1   1   1  13   2   3   7   1   5   2   1   2   4   0   9   2  0.38 0.32
   82 C    -1   0  -2   1  -1   0   2   0  -1  -2  -4   0  -5  -3   5  -1   0  -3  -1  -3    5   4   2   7   2   4  16   9   1   2   1   6   0   1  27   3   5   0   3   1  0.50 0.35
   83 D    -1   0   2   4  -5   1   1   2   2  -5  -4   0  -1  -2  -2  -1  -1   0  -1  -5    5   5  11  21   0   5   9  16   5   0   2   5   2   2   2   4   3   1   3   0  0.37 0.28
   84 I    -4  -2  -4  -6  -5  -5  -3  -4  -3   1   4  -2   0   5  -1  -5  -5  -4  -1   2    1   2   1   0   0   0   2   2   1   8  37   3   2  25   4   0   0   0   1  12  0.84 0.48
   85 T     1   1   0   0  -4   3   0  -3   1  -2  -2   2  -3   1  -4   1   3  -2  -3  -3   10   7   3   4   0  12   7   1   3   2   3  13   0   6   0   9  19   0   1   1  0.30 0.28
   86 I    -3  -4  -7  -7  -1  -6  -7  -7  -6   5   2  -6   0   4  -7  -6  -4  -5   1   4    2   1   0   0   1   0   0   0   0  27  16   0   2  14   0   0   0   0   4  32  1.06 0.53
   87 I    -2   1  -4  -3  -4  -1   0  -5  -1   4   0  -2   0   1  -5  -3   1   3  -1   3    2   8   0   1   0   2   8   0   1  24   9   1   2   5   0   0   7   4   2  23  0.42 0.30
   88 L    -4  -5  -6  -7  -5  -5  -6  -7  -6   3   5  -4   0   4  -6  -5  -3  -4  -1   2    0   0   0   0   0   0   0   0   0  12  55   1   1  14   0   0   1   0   2  13  1.09 0.51
   89 S     4  -3   3   2  -3  -2  -2  -2  -3  -4  -4  -2  -3  -5  -3   3   1  -5  -4  -3   41   0  17  12   0   0   0   0   0   0   0   0   0   0   0  23   7   0   0   0  0.70 0.34

                      K         Lambda
Standard Ungapped    0.1337     0.3159
Standard Gapped      0.0503     0.2670
PSI Ungapped         0.1641     0.3144
PSI Gapped           0.0503     0.2670
