
Last position-specific scoring matrix computed, weighted observed percentages rounded down, information per position, and relative weight of gapless real matches to pseudocounts
            A   R   N   D   C   Q   E   G   H   I   L   K   M   F   P   S   T   W   Y   V   A   R   N   D   C   Q   E   G   H   I   L   K   M   F   P   S   T   W   Y   V
    1 S     2  -1   0  -1  -1  -1  -1  -1  -1  -2  -2  -1  -2  -3  -1   4   2  -3  -2  -1   24   0   0   0   0   0   0   0   0   0   0   0   0   0   0  66  10   0   0   0  0.44 0.05
    2 N     0  -1   3  -1  -2   0  -1   3  -1  -4  -4  -1  -3  -4  -2   3   0  -4  -3  -3    3   1  20   0   0   3   0  27   0   0   0   0   0   0   0  43   2   0   0   0  0.52 0.13
    3 T    -1  -2  -2  -3  -2  -2  -2  -3  -3   1   1  -2   2  -2  -3   0   4  -3  -2   2    0   0   0   0   0   0   0   0   0   8  16   0   9   0   0   2  45   0   0  19  0.38 0.12
    4 I    -2  -3  -4  -4  -2  -3  -2  -4  -4   4   3  -3   1  -1  -4  -3  -1  -3  -2   3    0   0   0   0   0   0   3   0   0  38  26   0   1   0   0   0   2   0   0  29  0.56 0.16
    5 R    -3   6  -2  -3  -5   0  -1  -4  -2  -4  -2   3   1  -4  -3  -1  -2  -4  -1  -3    0  71   0   0   0   0   0   0   0   0   4  16   5   0   0   3   0   0   2   0  1.06 0.27
    6 V     3  -3  -4  -4  -2  -3  -3  -3  -4   2   0  -3  -1  -2  -3  -2  -1  -4  -3   4   37   0   0   0   0   0   0   0   0   7   3   0   0   0   0   0   0   0   0  52  0.61 0.22
    7 F    -3  -3  -1  -3  -1  -1  -3  -4   7  -3  -1  -3  -2   5  -4  -3  -3  -1   5  -3    0   0   2   1   2   2   0   0  35   0   4   0   0  32   0   0   0   0  22   0  1.05 0.27
    8 L    -3  -4  -5  -5  -3  -4  -4  -5  -4   0   6  -4   1   0  -3  -4  -3  -3  -2  -1    0   0   0   0   0   0   0   0   0   0  96   0   0   3   1   0   0   0   0   0  1.14 0.30
    9 P    -2  -4  -4  -3  -4  -3  -3  -4  -4  -4  -4  -3  -4  -5   8  -1  -3  -5  -4  -4    0   0   0   0   0   0   0   0   0   0   0   0   0   0  94   3   0   0   0   0  2.50 0.40
   10 N    -3  -2   7   1  -4  -2  -1  -2   0  -4  -4  -2  -3   2  -3   0  -2  -4  -2  -2    0   0  70   7   0   0   2   0   1   0   0   0   0  11   0   3   0   0   0   3  1.02 0.28
   11 K    -2   0   2   2  -4   4   1   1  -1  -4  -3   3  -2  -4  -2   0  -1  -4  -3  -3    0   0   9  11   0  26   5   9   0   0   0  31   0   0   0   6   0   0   0   0  0.47 0.16
   12 Q    -2  -1  -2  -2  -4   7   1  -3  -1  -4  -3   0   1  -4  -3   0  -2  -3  -3  -3    1   0   0   0   0  82   3   1   0   0   1   0   4   0   0   4   0   0   0   0  1.33 0.34
   13 R    -2   6  -2  -3  -1  -1  -1  -3   4  -3  -3   1  -2   2  -3  -1  -2  -3   0  -1    0  56   0   0   1   0   0   0  15   0   0   5   0  10   0   4   0   0   2   4  0.73 0.22
   14 T    -2  -3  -2  -3  -3  -2  -3  -3  -3  -3  -3  -2  -3  -4  -3   2   7  -4  -3  -2    0   0   0   0   0   0   0   0   0   0   0   0   0   0   0  15  83   0   0   0  1.28 0.37
   15 V    -1   0  -2  -3   0  -2  -2  -3  -3   1   0  -1   0  -1  -3   1   2   0  -2   3    0   5   0   0   2   1   0   0   0   2   7   3   3   2   0  16  19   1   0  39  0.28 0.17
   16 V    -2  -4  -5  -5  -3  -4  -4  -5  -5   3   0  -4  -1   1  -4  -3  -2  -4  -2   6    1   0   0   0   0   0   0   0   0  14   2   0   0   7   0   0   0   0   0  76  0.98 0.30
   17 N    -1  -1   2  -1  -3   3   3  -1   0  -3  -2   1  -2  -3   1   1   1  -3   0  -2    0   1  13   0   0  15  27   4   1   0   3   5   0   0   5  11   9   0   3   2  0.33 0.14
   18 V     2  -4  -4  -4   1  -3  -4  -4  -4   2   1  -3   0  -2  -3  -2  -1  -4  -3   5   19   0   0   0   2   0   0   0   0  10  12   0   0   0   0   0   0   0   0  57  0.60 0.22
   19 R    -2   5  -2  -2  -3   1   0  -3  -2   0  -2   3  -2  -3  -3   0  -1   0  -3   1    0  37   0   0   0   6   3   0   0   8   0  20   0   0   0   8   3   1   0  14  0.44 0.18
   20 N     0   1   0   0   1   0   1  -2   0  -4  -4  -1  -3  -3   6   0  -1  -3   1  -3    7   8   4   4   4   2   9   2   2   0   0   2   0   0  39   8   2   0   7   0  0.67 0.18
   21 G    -1  -4  -2  -3  -4  -3  -3   6  -4  -5  -5  -3  -4  -5  -4   2  -3  -4  -5  -5    0   0   0   0   0   0   0  84   0   0   0   0   0   0   0  16   0   0   0   0  1.51 0.34
   22 M    -1  -1  -3  -3  -3   2   0  -4  -2   2   2   0   4  -2  -3  -2   0  -3  -2   2    1   2   0   0   0  16   5   0   0  14  18   6  19   0   0   0   6   0   0  14  0.28 0.16
   23 S    -1   1  -1  -2  -2   0  -2  -2  -2  -1  -2  -1  -2  -3  -2   3   5  -3  -3  -2    1  11   0   0   0   4   1   1   0   3   4   0   0   0   0  25  48   0   0   1  0.56 0.24
   24 L     0  -3  -3  -4  -2  -3  -3  -3  -3   2   3  -3   2  -1  -3  -2  -1  -3  -2   3    8   0   0   0   0   0   1   1   0  12  45   0   6   0   0   1   0   0   0  23  0.45 0.16
   25 H    -2   5  -1  -2   1   1  -1   1   3  -3  -3   2  -1  -3  -3  -1  -2  -3   1  -3    1  41   0   0   4   6   1  10   9   0   1  16   2   0   0   1   0   0   6   1  0.52 0.19
   26 D    -2   1   1   4  -4   1   3  -2   1  -3  -3  -1  -1  -3  -2   0  -2  -3   1  -3    1  10   6  34   0   6  21   1   5   0   1   0   2   0   0   5   0   0   6   1  0.49 0.17
   27 C     3  -2  -2  -2   3   1  -1   0  -2  -2  -2   0  -2  -3  -2   1  -1  -3  -2   0   41   1   1   1   9  10   1   7   0   1   1   5   0   1   1  11   1   0   0   9  0.30 0.14
   28 L    -2  -3  -3  -4  -2  -3  -3  -4  -3   2   4  -3   5  -1  -3  -3  -2  -3  -2   0    1   1   1   1   0   1   1   1   0  11  56   1  20   0   1   1   1   0   0   4  0.68 0.23
   29 M     1  -2  -1   0  -2  -1   1   0  -2   0   0   0   5  -2  -2   1   0  -3  -2  -1   12   1   1   7   0   1  10   6   0   4   5   6  27   0   1  14   4   0   0   1  0.21 0.15
   30 K     2   0  -2  -2  -3   1  -1  -2  -2  -3  -3   6  -2  -4  -2  -1  -2  -4  -3  -3   20   1   1   1   0   5   1   1   0   1   1  65   0   0   1   1   1   0   0   1  0.83 0.29
   31 A     3   0   2  -1  -2  -1  -1  -1  -2   0  -1   0  -1  -2   1   1  -1  -3  -2  -1   35   4  15   1   0   1   1   1   0   7   8   8   0   0   6  12   1   0   0   1  0.22 0.13
   32 L    -1  -3  -3  -4   1  -2  -3  -3  -3   0   4  -3   6  -1  -3   1  -2  -3  -2  -1    4   0   0   0   3   0   0   1   0   0  44   0  28   0   0  15   0   0   0   0  0.62 0.26
   33 K    -2   3   0  -2  -4   3   1  -3  -2  -3  -3   4   0  -4  -2   1   0  -4  -3  -3    0  15   4   0   0  16   6   0   0   0   1  34   3   0   0  13   5   0   0   0  0.53 0.24
   34 V    -2   3  -2  -3  -3  -1  -2  -3   3   1   1   1   2  -2  -3  -1   1  -3  -2   2    0  19   0   0   0   0   0   0  10   9  15   8   6   0   0   4  10   0   0  15  0.24 0.16
   35 R    -3   7  -3  -4  -5  -1  -2  -4   1  -3   1   0  -2   1   0  -3  -3  -4  -3  -3    0  65   0   0   0   0   0   0   3   0  13   3   0   6   5   0   0   0   0   0  1.05 0.39
   36 G    -1   2   2  -2   0   2  -1   3   0  -3   0   0  -2  -2   1  -1  -2  -4  -3  -3    2  11  15   0   3  11   2  25   1   0  10   6   0   2   7   3   0   0   0   0  0.28 0.18
   37 L    -3   2  -4  -5  -3  -3  -4  -5  -3   2   4  -1   3  -1  -4  -4  -3  -3   3  -1    0  15   0   0   0   0   0   0   0  10  52   3   7   0   0   0   0   0  12   0  0.68 0.31
   38 Q    -1   1   1   1   2   3   0  -3   0   0  -1   0  -2  -3   1   0   2  -4  -3  -1    2   6   6   9   5  22   4   0   3   6   7   4   0   0   6   6  15   0   0   2  0.21 0.16
   39 P     1  -3  -3  -3   3   0  -3  -3  -3   0   0  -3   2  -1   5  -1   1  -3   2  -2   16   0   0   0   8   5   0   0   0   5   8   0   8   3  27   3  10   0   8   0  0.48 0.23
   40 E     0  -2   1   2  -4   3   4  -3  -2   0  -3  -1  -3  -1  -3   1   2  -4  -3  -3    8   0   6  13   0  14  30   0   0   6   0   0   0   3   0   7  13   0   0   0  0.43 0.24
   41 C     0  -3  -1   1   5   0  -2  -1  -3   0   1  -1   4  -1   1  -2   0  -3  -3  -1    6   0   3   8  17   5   0   6   0   5  16   2  17   2   6   0   7   0   0   0  0.29 0.20
   42 C    -3   0  -4  -5   9  -4  -5  -5  -5  -3   0  -4  -3   0  -5   2  -3  -5  -4   0    0   6   0   0  57   0   0   0   0   0   9   0   0   4   0  18   0   0   0   8  1.55 0.49
   43 A     2  -1  -1  -1   0   1   2  -1   0   0   0  -1  -1  -2  -2   0  -1  -3  -2   2   19   2   2   2   1   6  17   4   3   5  10   0   0   0   0   9   0   0   0  19  0.14 0.14
   44 V     0  -4  -4  -5   0  -4  -4  -3  -4   1   0  -4  -1   3  -4  -3  -2  -3  -2   5    6   0   0   0   2   0   0   2   0   4   6   0   0  17   0   0   0   0   0  61  0.81 0.33
   45 F    -2  -3  -1  -3   1  -3  -3  -3  -1  -3  -2  -3  -2   4  -3   3  -1  -1   6  -2    1   1   3   1   4   0   1   1   0   1   1   1   0  18   1  24   3   0  40   2  0.82 0.32
   46 R    -2   5  -2  -2   5  -1  -2  -3   1  -1  -2   1  -2  -3  -3   1   1  -3   0  -2    1  37   1   1  16   1   1   1   3   4   3   5   0   1   1   9  11   0   4   1  0.50 0.23
   47 L     0   1  -1  -2   0   2  -1  -2   0   1   1   0   1  -1   0  -1   0  -2  -1   1    5   8   1   1   2  13   2   2   3   6  21   4   3   2   4   4   3   0   1  14  0.07 0.06
   48 L     0   0   0   0  -2   1  -1  -1   2   1   0   0  -1   0  -1   0   2  -2   1   0    6   5   5   4   1   8   2   5   6  10   7   4   1   6   1   2  19   0   4   4  0.06 0.07
   49 H     0   1   0   0  -2   0   0  -1   1  -1  -1   0  -1  -1   1   2   1  -2  -1  -1    3   9   4   7   1   4   3   5   4   2   7   5   1   3   7  23   8   0   1   4  0.11 0.07
   50 E     0   1  -1   1  -2   0   1   2  -1  -1  -2   2   0  -2   0   0   0  -2  -2  -2    4   5   1   8   1   1  10  22   1   3   3  19   3   1   4   4   6   0   1   2  0.18 0.09
   51 H     0  -1   0   0  -2   2   3   0   3  -2  -2   0   0  -2   2   0   0  -2  -1  -2    5   2   4   3   1  14  21   5   8   2   3   2   2   1  10   6   7   0   2   2  0.24 0.11
   52 K     0   1   0   1   0   2   1   0   0  -2  -2   1  -2  -3  -1   1   0  -2  -2  -2    6   8   4   7   3  15  10   7   2   1   2  11   0   1   2  13   4   0   1   1  0.19 0.10
   53 G    -1  -2   2   0   6  -2  -2   3  -2  -2  -2  -2  -2  -3  -1   1   0  -3  -3  -1    3   1  11   5  20   1   1  25   0   2   3   1   0   1   3  15   3   0   1   4  0.42 0.20
   54 K    -1   2   0   0  -2   0   0   0  -2  -1  -2   3  -2  -3   0   1   2  -3  -1  -2    3  10   3   4   0   1   6   6   0   4   2  25   0   1   5  13  15   0   2   1  0.24 0.15
   55 K    -2   3   2   2  -4   0   0   0  -2  -4  -3   5  -3  -4  -2  -1  -2  -4  -2  -3    1  16   9  11   0   1   2   6   0   1   1  43   0   1   1   3   1   0   2   1  0.60 0.28
   56 A     1  -1   0   0  -2   0   0  -1   2   0   0   1   0  -1  -2   0   0  -2   2  -1   17   2   4   4   0   4   7   2   6   5  11  12   2   1   0   5   6   0   9   3  0.07 0.09
   57 R    -2   3  -3  -2  -4   1  -2  -4  -1   1   0   0   0   0   4  -1  -2  -4  -2   0    2  22   0   2   0   6   0   0   1  12  11   3   2   3  25   3   0   0   1   5  0.44 0.25
   58 L    -3  -4  -5  -5  -3  -4  -4  -5  -5   5   2  -4   2  -2  -4  -3   1  -4  -3   3    0   0   0   0   0   0   0   0   0  40  23   0   4   0   0   0   9   0   0  23  0.79 0.31
   59 D    -1  -3  -1   4  -4  -1   0   1  -1  -4  -3  -2  -1  -4   3   2   0  -5  -4  -4    3   0   1  30   0   2   6  10   1   0   2   0   2   0  16  23   6   0   0   0  0.57 0.26
   60 W    -6  -6  -7  -8  -6  -5  -6  -6  -6  -5  -1  -6   2  -3  -7  -6  -6  12  -1  -6    0   0   0   0   0   0   0   0   0   0   5   0   6   0   0   0   0  88   0   0  3.97 0.89
   61 N    -4  -3   5   6  -5   1   2  -2  -1  -5  -6  -2  -5  -6  -4  -1  -2  -6  -5  -5    0   0  29  48   0   5  12   1   1   0   0   0   0   0   0   3   1   0   0   0  1.20 0.42
   62 T     0  -2  -2   0  -3  -1   1  -4  -4  -1  -4  -3  -3  -4  -3  -1   6  -5  -4  -2    7   1   0   4   0   3  10   0   0   4   0   0   0   0   0   2  68   0   0   1  1.02 0.45
   63 D    -2  -4  -1   8  -6  -1  -1  -4   0  -2  -3  -3  -5  -6  -4  -3  -4  -7  -5  -5    3   0   0  87   0   2   0   0   2   3   3   0   0   0   0   0   0   0   0   0  1.86 0.58
   64 A     2  -4  -4  -4   0  -3  -4  -3  -4   4   0  -3   3  -2  -4   0   0  -4  -3   2   24   0   0   0   2   0   0   0   0  39   6   0   8   0   0   9   3   0   0  10  0.51 0.27
   65 A     2  -3   0  -2   1  -2  -1   2  -3  -3  -3  -2   0  -1  -3   3   2  -4  -3  -1   23   0   3   0   3   0   4  13   0   0   0   0   3   2   0  34  13   0   0   3  0.43 0.26
   66 S     0  -1   0  -2  -3   0   0  -3  -3  -1  -1  -2   0  -3   1   3   2   5  -1  -2    4   3   5   1   0   4   7   0   0   5   4   0   3   0   5  31  17  11   1   0  0.39 0.24
   67 L    -4  -5  -6  -6  -4  -5  -5  -6  -5   1   6  -5   0  -1  -5  -5  -3  -4  -3   0    0   0   0   0   0   0   0   0   0   5  90   0   0   1   0   0   0   0   0   4  1.42 0.48
   68 I     0  -2   0   2  -3   0   2  -1   2   2  -2  -2  -1  -3   0  -1   1  -4  -3   0   10   0   4  12   0   3  19   3   6  20   0   0   1   0   5   1   9   0   0   7  0.20 0.16
   69 G    -1  -4  -1  -2   5  -3  -4   6  -4  -4  -4   0  -4  -4  -4   0  -3  -4  -1  -1    3   0   2   1  14   0   0  59   0   0   1   6   0   0   0   6   0   0   2   6  1.00 0.36
   70 E    -2  -2   1   3  -5   1   6  -1  -2  -5  -3   2  -4  -5  -3  -2  -3  -5  -4  -3    2   0   6  13   0   4  56   5   0   0   2  11   0   0   0   0   0   0   0   2  0.90 0.37
   71 E    -4  -3  -3   2  -6   1   7  -5  -3  -6  -6  -2  -5  -6  -4  -3  -3  -6  -5  -4    0   0   0   7   0   5  87   0   0   0   0   0   0   0   0   0   0   0   0   1  1.76 0.55
   72 L    -3  -4  -5  -5  -3  -4  -5  -6  -5   4   5  -5   0  -2  -5  -4  -3  -4  -3   2    0   0   0   0   0   0   0   0   0  28  58   0   0   0   0   0   0   0   0  14  1.01 0.34
   73 Q    -2   1  -1  -3  -1   3  -1  -3   3   0   0  -2  -1   1  -3   1   0   5   2   0    0   7   2   0   1  17   3   0   9   6   8   0   1   6   0  12   5  11   7   6  0.29 0.18
   74 V    -3  -5  -6  -6  -3  -5  -5  -6  -6   1  -1  -3  -2  -3  -5  -4  -3  -5  -4   7    0   0   0   0   0   0   0   0   0   2   3   2   0   0   0   0   0   0   0  93  1.63 0.52
   75 D    -3   3  -1   3  -5   1   5  -4   1  -5  -5   1  -4  -5  -3  -2  -1  -5  -4  -4    0  16   0  18   0   4  49   0   3   0   0   8   0   0   0   0   2   0   0   0  0.88 0.31
   76 F    -2  -4  -4  -5  -3  -4  -4  -5  -3   3   2  -4   2   4  -4  -3  -1  -2   0   3    0   0   0   0   0   0   0   0   0  20  18   0   6  26   0   0   4   0   2  25  0.58 0.21
   77 L    -3  -4  -5  -5  -3  -4  -5  -5  -4   3   5  -4   1  -1  -4  -4  -3  -3  -3   0    0   0   0   0   0   0   0   0   0  18  82   0   0   0   0   0   0   0   0   0  1.03 0.28

                      K         Lambda
Standard Ungapped    0.1371     0.3243
Standard Gapped      0.0439     0.2670
PSI Ungapped         0.1438     0.3124
PSI Gapped           0.0439     0.2670
