
Last position-specific scoring matrix computed, weighted observed percentages rounded down, information per position, and relative weight of gapless real matches to pseudocounts
            A   R   N   D   C   Q   E   G   H   I   L   K   M   F   P   S   T   W   Y   V   A   R   N   D   C   Q   E   G   H   I   L   K   M   F   P   S   T   W   Y   V
    1 S     2  -4  -2  -3  -4  -3  -3  -3  -4  -5  -5  -3  -4  -5  -4   7  -2  -6  -5  -4   15   0   0   0   0   0   0   0   0   0   0   0   0   0   0  85   0   0   0   0  1.57 0.62
    2 L    -4  -4  -6  -6  -4  -5  -6  -6  -2  -1   6  -5  -1   3  -3  -5  -2  -4  -2  -1    0   0   0   0   0   0   0   0   1   1  79   0   0  11   2   0   2   0   1   3  1.31 0.55
    3 V     1   0  -1  -3  -5  -1  -2   2  -4  -4  -3   6  -4  -6  -4  -3  -3  -6  -5   0   11   4   2   0   0   1   1  16   0   1   3  52   0   0   0   1   1   0   0   7  0.86 0.49
    4 E    -2  -4   2   6  -6   3   3  -4  -3  -6  -4  -2  -5  -5  -4  -1  -4  -6  -1  -6    4   0   8  44   0  12  21   1   0   0   1   2   0   0   1   3   0   0   2   0  1.11 0.58
    5 A     5  -3  -2  -3  -4   0   3  -4  -3  -2   0  -3  -3  -4  -4  -1   2  -5  -3  -1   44   1   2   1   0   4  18   0   0   2  10   1   0   1   0   3  11   0   1   3  0.63 0.45
    6 I    -3  -3  -3  -2  -4  -2  -1  -4  -4   5   2  -3   1  -2  -5  -3  -1  -5  -3   3    1   1   1   2   0   2   4   1   0  31  22   2   4   1   0   2   3   0   1  22  0.65 0.37
    7 S     4   3  -3  -3  -5   1   2  -2  -2  -2  -4  -1  -4  -4  -5  -1  -1  -6  -2  -2   41  17   1   1   0   5  16   2   1   2   0   4   0   0   0   4   3   0   1   3  0.68 0.47
    8 L    -3  -2  -5   1  -6   0  -4  -5   1  -2   1  -3  -3  -1  -6  -3   1   3   7  -2    2   3   0   8   0   4   0   1   3   2  14   1   0   1   0   2   9   3  42   3  1.02 0.57
    9 W    -7  -6   2  -8  -8  -5  -7  -6  -3  -6  -5  -7  -6   2  -8  -4  -6  10   7  -3    0   0   9   0   0   0   0   1   1   0   0   0   0   7   0   1   0  42  35   3  2.64 1.05
   10 N    -1  -3   7   1  -5   1  -3  -4   5  -3  -5  -2  -3  -4  -6  -1  -3  -7  -2   0    6   1  49   6   0   6   1   1  12   1   1   2   1   1   0   4   1   0   1   7  1.19 0.63
   11 E    -1   6  -2  -2  -7   3   2  -5  -2  -4  -2   1  -2  -5  -5  -3  -3  -6  -5  -5    4  46   2   2   0  14  15   0   1   1   4   6   1   0   0   2   1   0   0   0  1.10 0.60
   12 G     4  -7  -5  -6  -3  -6  -6   7  -6  -7  -7  -6  -7  -7  -6  -3  -6  -7  -7  -6   28   0   0   0   1   0   0  69   0   0   0   0   0   0   0   2   0   0   0   0  1.98 0.87
   13 V    -1  -4   2  -2  -1  -5  -4  -5  -4   2   3  -4   0  -1  -5  -2  -2  -5  -1   4    6   0  10   2   1   0   0   0   0  12  24   1   2   3   0   2   2   0   2  34  0.62 0.39
   14 L     3  -2  -1   0   1   1   1  -2  -2  -1   0   0  -2  -3  -4   0   0  -5  -4   1   25   1   3   6   3   8  11   2   1   4  11   6   0   0   0   5   4   0   0   9  0.20 0.22
   15 A     3   1  -2  -5   1  -2  -3  -5   2  -4   0   1  -3   0  -5  -2  -3   1   6  -4   26   8   2   0   2   1   1   0   5   0  10  10   0   3   0   2   1   1  25   0  0.68 0.46
   16 A     1   0  -1  -2  -1  -2  -3  -2  -1   0  -1  -2   0   2  -5   0  -2   0   5   1   15   5   3   2   1   1   1   2   1   5   6   1   3   7   0   7   2   1  25  11  0.40 0.31
   17 D     1  -1   2   5  -3   1   3  -2  -1  -3  -3   1  -4  -5  -5  -1  -3  -6  -3  -4   10   2   8  32   0   7  17   2   1   1   3   9   0   0   0   3   1   0   1   1  0.64 0.42
   18 K    -1   3   1  -1  -4   3   0  -1  -2  -1   1   3   1  -4  -4  -1  -1  -5  -4  -3    6  14   6   3   0  14   5   5   1   3  18  17   3   0   0   2   2   0   0   1  0.31 0.28
   19 K    -3  -1   0  -3  -7   2   1   6  -3  -7  -7   3  -6  -7  -6  -3  -4  -7  -6  -7    1   4   5   1   0   8   9  51   0   0   0  19   0   0   0   1   1   0   0   0  1.22 0.63
   20 D    -5   0   3   6  -7   1   2  -6  -2  -7  -4   1  -3  -5  -6  -3  -4  -8  -5  -6    1   5  12  50   0   5  13   0   1   0   2   9   1   1   0   1   1   0   0   0  1.29 0.65
   21 W    -6  -4  -3  -6  -3  -5  -7  -7  -2  -4   0  -3  -4   4  -5  -5  -4   8   8  -2    0   1   1   0   1   0   0   0   1   0   8   2   0  16   1   1   1  21  42   4  1.88 0.82
   22 K    -1  -1   0   4  -6   3   3  -1  -1  -2  -5   1  -5  -2  -1  -2  -2  -3  -3  -4    6   2   3  27   0  12  21   5   1   2   1  10   0   2   3   2   2   0   1   0  0.58 0.39
   23 G     1   1  -2   0   2   0   3   3  -1  -5  -2   2  -3  -5  -3  -1  -1  -5  -4  -4   11   6   1   4   5   4  18  21   1   0   5  15   0   0   0   3   3   0   0   0  0.40 0.31
   24 A     7  -7  -6  -7  -2  -6  -6  -5  -7  -7  -7  -6  -6  -8  -6   0  -3  -8  -7  -5   90   0   0   0   1   0   0   0   0   0   0   0   0   0   0   7   1   0   0   0  2.28 1.04
   25 L    -4  -5  -7  -7  -6  -5  -4  -8  -7   6   5  -7   0  -2  -7  -6  -5  -6  -3   0    1   0   0   0   0   0   1   0   0  45  45   0   1   1   0   0   0   0   1   3  1.52 0.69
   26 D     2   2  -1   1  -2   2   3  -2  -2  -2  -4   2  -3  -4  -4   0  -2  -5  -3  -4   21  13   3   8   1   8  18   2   1   2   1  13   0   1   0   7   2   0   1   0  0.43 0.33
   27 A     1  -4   0   5   0   0  -1  -4  -1  -1   0  -1  -2  -2  -3   0  -1  -5  -1  -2   12   0   4  38   2   4   3   1   2   4  12   3   1   2   1   5   3   0   3   3  0.53 0.36
   28 F    -6  -7  -5  -8  -3  -7  -7  -7  -5  -3   1  -7  -5   8  -8  -7  -6  -1   6  -5    0   0   0   0   1   0   0   0   0   1  11   0   0  60   0   0   0   1  24   0  2.29 0.91
   29 S    -2  -3   4   2  -3   0   1  -3  -2  -3  -2  -2  -3  -5  -4   3   2  -4  -4  -4    2   1  22  13   0   3   9   1   1   2   4   2   1   0   0  22  15   0   0   1  0.59 0.41
   30 A     1   2  -1  -1  -3   4   0   1  -1  -4  -4   3  -1  -5  -2   1  -1  -5  -3  -3   11  10   3   3   0  20   5   9   1   1   1  18   2   0   2   9   4   0   1   1  0.41 0.33
   31 V     4  -6  -5  -1  -3  -5  -5  -5  -6   5   0  -5  -1  -3  -5  -4  -3  -6  -4   3   30   0   0   4   0   0   0   0   0  34   9   0   1   1   0   0   1   0   1  17  0.94 0.53
   32 Q     0  -2   2   0  -1   2  -1  -2  -3   3   0  -1   0  -3   1   0  -1  -4  -3   0    9   2  11   4   1  10   4   3   0  23   8   2   2   0   7   6   2   0   1   3  0.21 0.22
   33 D    -3  -3   1   4  -6   0   4  -3  -2  -6  -5  -2  -4  -6   4   0  -2  -4  -5  -5    2   1   7  23   0   5  28   2   1   0   1   2   0   0  20   6   2   0   0   1  0.90 0.53
   34 P    -2  -1   3   1  -4   1  -1  -3  -1  -1   0   0  -2  -2   5  -1  -1  -1  -1  -2    3   3  15   8   0   6   3   1   2   4  10   5   1   2  28   3   3   1   2   2  0.49 0.31
   35 H    -4  -2   5   2  -5  -2  -3  -4   4  -4  -3  -3  -3  -1   2   1   1  -5   4  -5    0   2  24  10   0   2   1   1  10   1   2   1   0   3  11  13   7   0  13   0  0.71 0.47
   36 S     4  -4  -2  -2  -2  -3  -3  -2  -2  -4  -4  -2  -4  -2   3   3  -1  -5  -1  -3   37   0   2   2   1   0   1   3   1   1   1   2   0   2  14  25   3   0   2   2  0.75 0.50
   37 R    -1   3   1   2  -5   0   1  -3  -1  -2  -5   5  -3  -5  -2  -2  -3  -3  -3  -3    4  16   6  11   0   4  10   2   2   3   1  33   0   0   2   1   1   0   1   1  0.63 0.42
   38 I     4  -4  -4  -4  -2  -4  -4  -4  -1   4  -1  -4   1  -1  -1  -1   0  -4   1   0   31   0   0   1   1   0   0   1   1  27   6   0   4   2   4   4   5   0   5   6  0.57 0.38
   39 C    -2  -3  -2  -5   4  -3  -4  -4   0  -3   0  -4  -2   2  -4  -3  -4   4   8  -3    4   1   2   1   8   1   1   1   2   1  11   1   1   6   1   2   1   4  48   2  1.35 0.65
   40 F    -4  -1   2  -4  -1  -4  -4  -5   1  -1  -2  -4  -1   6  -5  -1  -1  -2   5  -2    1   3  11   1   1   1   1   1   3   3   3   1   1  38   0   4   4   0  20   2  1.05 0.53
   41 N    -4  -4   9  -2  -6  -4  -4  -3  -2  -5  -5  -2  -4  -4  -6  -1  -3  -7  -5  -4    1   1  79   1   0   1   1   2   1   1   1   2   1   1   0   4   1   0   0   1  2.23 0.96
   42 I    -3   6  -4  -5   1  -2  -4  -5  -4   3  -1   0   4  -2  -5  -4  -3  -5  -4   0    2  48   0   0   3   1   0   0   0  16   6   4  10   1   0   0   1   0   0   5  1.06 0.53
   43 G     0  -6  -4  -5  -6  -5  -5   7  -6  -6  -6  -5  -6  -6  -5  -2  -5  -6  -6  -6    8   0   0   0   0   0   0  83   0   0   1   0   0   0   0   3   0   0   0   0  2.13 0.83
   44 C    -1  -1   1  -3   5  -2  -3  -3   0   2   1  -3   2   1  -4  -2  -1  -3   1   1    4   3   9   1  13   1   2   1   2  12  16   1   5   5   0   3   3   0   6  11  0.29 0.21
   45 M     3  -4  -4  -4   1  -4  -4  -3  -4   3   1  -4   2   0  -4   0   0  -4  -3   3   22   0   0   1   2   0   0   1   0  20  12   0   4   4   0   6   6   0   0  20  0.48 0.30
   46 Y    -3   0  -2  -4  -2   0  -1  -5   6  -4  -1   0  -4   1  -5  -3  -3   2   7  -4    2   6   2   1   1   4   4   1  18   0   7   5   0   5   0   2   1   2  39   1  1.15 0.54
   47 T     1  -1  -1   0  -1  -1  -1  -1   1  -1   1  -1   0   1  -3   0   0   1   2  -1   16   3   3   6   1   2   3   4   3   2  17   4   3   5   0   8   7   2   9   2  0.09 0.12
   48 I     0   0   1   1  -1   1   1  -1   0   0   0   1  -1  -1  -2   0   1  -3  -1  -1    6   5   7   7   1   5   8   3   2   8   9  11   1   2   0   6  11   0   2   4  0.07 0.09
   49 L    -1  -2  -1  -4  -4   2  -2  -4  -1   1   4   0   2  -1  -4  -2  -2  -4  -3  -1    5   1   3   0   0  10   2   1   1   6  47   7   6   2   0   2   2   0   0   3  0.55 0.36
   50 K    -2  -1   0  -2  -5  -1   1   6  -2  -5  -5   1  -2  -5  -4  -2  -3  -5  -1  -4    2   3   5   2   0   3  10  56   1   0   1   8   1   0   0   2   1   0   3   2  1.01 0.51
   51 N    -3   1   3   4  -5   3   3  -4   0  -3  -3   1   0  -3  -4  -2  -3  -5  -4  -4    2   8  14  26   0  11  17   1   2   2   3   7   2   1   0   2   0   0   0   1  0.64 0.39
   52 M    -3  -2  -1  -1  -2  -1  -3  -4   5  -1   1  -2   1   2   0  -1  -2   0   6  -2    2   2   2   4   1   2   1   1  16   3  13   2   3   7   4   5   2   1  28   2  0.66 0.39
   53 T    -1  -1  -1   3  -5   3   4  -1  -1  -3  -3   1  -2  -3   0  -1  -2  -5  -3  -2    5   2   3  16   0  13  31   4   1   1   2   7   1   1   4   3   2   0   1   3  0.52 0.35
   54 E     1   2  -1  -1  -4   1   4   0  -1  -3  -1   2  -1  -3  -2  -1  -2  -2  -3  -3   11  11   3   3   0   7  27   7   1   1   6  12   1   1   1   4   1   1   0   1  0.36 0.28
   55 A     7  -2  -5  -5   1  -5  -3  -2  -5  -5  -5  -5  -5  -6  -5  -2  -4  -6  -6  -2   83   2   0   0   3   0   2   3   0   0   0   0   0   0   0   2   0   0   0   2  1.80 0.86
   56 E    -1  -2  -4  -1   0  -1   1  -4  -4   4   1  -2   1  -1  -1  -3   0  -4  -1   2    5   2   0   3   2   2   9   0   0  25  15   3   3   2   2   0   5   0   2  17  0.29 0.26
   57 K     0   0   0   1  -4   1   3  -2  -2   0  -2   2   0  -1   0  -1  -1   2   0  -1    8   5   5   6   0   8  19   3   0   5   3  11   3   3   4   4   4   3   3   3  0.16 0.19
   58 A     0   0   1   0   2   1   0  -3   2  -2  -1   0   1   1  -3   0   0   4   1   0    6   6   6   6   6   6   6   0   6   0   6   6   6   6   0   6   6   6   6   6  0.13 0.17
   59 F    -5  -6  -4  -7  -3  -5  -6  -7  -1  -4  -1  -6  -4   7  -7  -6  -6   0   8  -5    1   0   1   0   1   1   0   0   1   1   5   0   0  45   0   0   0   1  42   0  2.19 0.83
   60 T    -3  -2   5   3  -5   1   0  -1  -1  -2  -4  -1  -4  -5  -4   1   3  -5  -4  -3    1   2  25  19   0   7   4   5   1   2   1   2   0   0   0   8  20   0   1   2  0.64 0.39
   61 R    -1   4  -3  -2  -2   5   1  -4  -2  -4  -3   4  -3  -5  -4  -1  -1   3  -3  -4    5  19   1   2   1  23   7   1   1   1   2  26   1   0   0   3   3   4   1   1  0.76 0.44
   62 S     6  -6  -5  -6  -2  -5  -4  -4  -6  -1  -5  -5  -5  -4  -5   2   0  -7  -6   0   65   0   0   0   1   0   1   0   0   4   0   0   0   1   0  17   6   0   0   5  1.32 0.69
   63 I    -5   1  -7  -7  -5  -6  -6  -7  -7   7   2  -4  -1  -4  -6  -4   0  -6  -5   2    0   7   0   0   0   0   0   0   0  55  18   1   1   0   0   1   5   0   0  12  1.33 0.60
   64 N     0   2   1   0  -3   2   3   0   0  -4  -3   2  -2  -5  -1   0   1  -5  -3  -3    6  11   8   3   0   8  19   8   2   1   1  11   1   0   3   7   8   0   0   1  0.32 0.24
   65 R    -3   0  -4  -4   0  -2  -3  -6  -3   3   4   1   0  -1   1  -3  -3  -5  -1  -2    1   5   1   1   2   2   1   0   1  17  45  11   1   2   7   1   1   0   2   1  0.63 0.39
   66 D    -4  -3   5   7  -7  -2  -1  -5  -5  -6  -8   0  -7  -8  -1  -1  -4  -8  -4  -7    2   1  25  56   0   2   2   0   0   0   0   5   0   0   3   3   1   0   1   0  1.66 0.74
   67 K    -3  -2  -1   0  -4   2   0  -4  -3  -6  -6   1  -4  -7   7   0  -2  -4  -6  -5    2   2   3   5   0   9   5   1   1   0   0  10   0   0  52   7   3   0   0   0  1.33 0.64
   68 H    -3   0   4   1   2   2  -1  -3   4  -5  -4   1  -3  -1  -5  -2   0  -4   4  -4    2   6  20   8   4   8   4   1  11   0   2   8   0   2   0   2   6   0  16   1  0.57 0.37
   69 L    -1  -3   1   1  -3  -3  -4  -5  -1  -2   3  -3   2   3  -6  -1  -4  -1   5  -3    6   1   7   9   0   1   1   0   2   1  32   1   5  12   0   5   0   1  18   0  0.63 0.40
   70 A     6  -5  -5  -4  -1  -4  -3  -3  -1  -1  -4  -3  -2  -3   1   1  -1  -6  -2   0   62   0   0   1   1   0   2   2   1   3   1   1   1   1   7   8   3   0   1   6  1.02 0.58
   71 V    -1   1  -1   2  -2   0   2  -4  -2   1  -1  -1  -1  -1  -2  -1  -1  -1   0   3    3   7   3  10   1   3  18   1   1   9   4   3   1   2   2   4   2   1   3  22  0.22 0.21
   72 A     6  -6  -5  -6  -5  -5  -4   2  -6  -4  -2  -5  -5  -3  -3  -1  -1  -7  -1  -1   66   0   0   0   0   0   1  13   0   1   3   0   0   1   1   4   4   0   2   5  1.26 0.66
   73 Y    -7  -3  -4  -8  -8  -7  -7  -2   2  -4  -3  -7  -6   4  -8  -7  -7   2   9  -6    0   1   1   0   0   0   0   3   4   1   2   0   0  15   0   0   0   2  70   0  2.58 1.01
   74 F    -4  -4   3  -4  -3  -4  -4  -2   0  -2  -1  -4  -2   6  -1  -2  -3   4   6  -2    1   1  12   1   0   1   1   3   2   2   6   0   1  29   3   3   1   5  24   2  0.93 0.49
   75 Q    -3   0   7  -2  -3   5  -3  -2  -1  -4  -4  -2   0  -6  -5  -1  -3  -6  -1  -6    2   4  47   1   1  24   0   2   1   1   2   1   3   0   0   4   1   0   3   0  1.29 0.64
   76 R    -2   8  -5  -5   0  -1  -3  -6  -5  -2   0  -1  -1  -3  -6  -3  -5  -6  -5  -5    3  71   0   0   2   2   1   0   0   2  10   2   1   1   0   2   0   0   0   0  1.75 0.75
   77 G     1  -6  -5  -5   1  -5  -6   7  -6  -7  -7  -5  -6  -6  -1  -2  -5  -6  -6  -6   10   0   0   0   3   0   0  78   0   0   0   0   0   0   3   3   0   0   0   0  1.93 0.77
   78 M    -1  -2   2  -1  -3  -2  -2  -3  -1   2   1  -2   2   1  -4  -1   0   0   1   2    5   2  12   4   0   1   1   2   1  14  11   2   5   6   0   3   5   1   5  19  0.20 0.20
   79 L     3  -4  -2  -4   2  -3  -2  -2  -4   1   1  -3  -2  -1  -4   2   1  -4  -4   2   28   0   2   0   4   0   2   2   0   7  12   0   0   2   0  14   8   0   0  18  0.41 0.34
   80 Y    -2   0   2  -5  -1  -2  -3  -5   4  -4  -1   0  -1   2  -5  -2  -4   1   7  -4    3   6   9   0   1   2   2   0   8   0   6   6   2   8   0   3   0   2  40   0  1.01 0.56
   81 Y    -1   0  -1  -1  -1  -1  -2  -3   2  -1   0  -2   0   4  -4  -1  -2   0   6  -2    5   5   3   3   1   2   2   2   6   3   8   3   2  18   0   6   2   1  27   3  0.54 0.36
   82 Q    -1   1   1   1  -2   3   2  -2   3  -2   0   2   0  -2  -3  -1  -2  -1   0  -2    4   7   7   6   1  14  11   2   7   1  13  12   2   1   0   5   1   1   3   2  0.22 0.22
   83 T    -1   0   0  -1   1   1  -1  -2   1   0   2   1   3  -2  -3  -1   0  -3  -2  -1    3   5   3   3   3   7   4   3   4   4  26   9  10   0   0   4   7   0   0   3  0.13 0.19
   84 E     0   1   1   1  -3   1   0   0   2  -2  -1   0   1  -3   1   0   0  -3  -2   0    7   7   7   7   0   7   7   7   6   0   7   7   6   0   7   7   7   0   0   7  0.09 0.10
   85 K    -4   4   2   4  -3   2   2  -4   0  -5  -3   3  -1  -5  -5  -3  -4  -3  -4  -5    1  20  11  24   1   9  10   0   2   0   3  16   1   0   0   1   0   0   1   0  0.77 0.48
   86 Y    -5  -3  -3  -4  -6  -2  -5  -7   2  -3  -1  -3  -2   5  -3  -3  -3   0   8  -4    1   2   2   1   0   2   1   0   4   1   5   2   1  21   2   2   2   1  50   1  1.61 0.77
   87 D    -3  -1   1   4  -6   4   5  -4  -2  -5  -4   0  -5  -5  -1  -1  -2  -3  -3  -4    1   3   6  20   0  16  32   1   1   1   1   6   0   0   3   5   2   0   1   1  0.80 0.51
   88 L     0   1   0   0  -2   1   4   0   0  -4   0   1  -2  -3  -1   0  -2  -5  -3  -3    8   6   4   4   1   7  28   7   2   0  10   9   0   1   2   7   1   0   0   1  0.31 0.28
   89 A     7  -3  -6  -6  -2  -5  -5  -2  -6  -6  -6  -5  -6  -7  -5  -1  -3  -7  -6  -5   88   1   0   0   1   0   0   2   0   0   0   0   0   0   0   5   1   0   0   0  2.11 1.01
   90 I    -2  -2  -6  -6  -3  -4  -2  -6  -2   6   3  -4   0  -1  -3  -3  -3  -5  -1   0    2   2   0   0   1   0   3   0   1  43  32   1   2   2   1   2   1   0   2   4  0.97 0.52
   91 K     3  -1   0   0  -1   0   1  -2  -1  -3  -3   3  -3  -5  -3   1   0  -5  -2  -2   29   3   4   4   2   4  11   2   1   1   2  16   0   0   1  11   4   0   1   3  0.36 0.32
   92 D    -3  -6   1   8  -2  -3  -2  -4  -1  -7  -4  -5  -2  -7  -3  -1  -3  -7   0  -7    2   0   6  72   1   1   1   1   1   0   2   0   1   0   2   4   1   0   3   0  1.85 0.88
   93 L    -4  -4  -7  -7   2  -6  -7  -6  -3  -4   0  -6  -4   7  -3  -5  -5   0   7  -5    1   1   0   0   4   0   0   1   0   0  10   0   0  44   2   1   0   1  34   0  1.89 0.85
   94 K    -2  -1   5   3  -3   2   1  -3  -1  -4  -5   1  -3  -6  -5   1   2  -2  -5  -4    2   3  28  16   1   8   7   1   1   1   1   9   0   0   0   9  11   1   0   1  0.68 0.46
   95 E    -2   2   0   0  -4   4   2  -4  -1  -2  -1   4   0  -3  -4  -1  -1  -1  -3  -4    3  10   3   4   0  19  13   0   2   2   5  25   2   1   0   3   4   1   0   1  0.53 0.39
   96 A     7  -6  -5  -4   0  -5  -4  -2  -4  -4  -5  -5  -3  -6  -5  -1   0  -6  -6  -2   77   0   0   1   2   0   1   3   1   1   1   0   1   0   0   5   6   0   0   3  1.59 0.83
   97 L    -3  -5  -6  -6  -5  -3  -3  -6  -2   5   4  -4  -2   1  -6  -4  -4  -5   0   0    2   0   0   0   0   1   2   0   1  38  39   1   0   6   0   1   0   0   3   4  1.05 0.55
   98 I     1   1  -1  -1  -3   0   2  -1  -2  -1   0   2   0  -2  -2   0   0  -3   0  -1   12   6   3   2   0   4  16   3   0   3  11  15   2   1   1   7   5   0   4   4  0.13 0.14
   99 Q    -2   0   0  -2   0   2   2  -4   1   0   2  -1   0   1  -3  -1  -2   0   3  -2    1   6   4   2   2  12  15   1   3   5  21   2   2   5   1   5   1   1  11   1  0.26 0.24
  100 L    -2  -3   3   0  -4  -2  -2  -3  -4   1   4  -2   2  -2  -4  -2  -1  -4  -1  -1    2   1  13   6   0   2   2   2   0   9  44   3   4   1   0   2   3   0   2   4  0.51 0.35
  101 R    -3   5   3   1  -5  -1  -1  -2   0  -3  -4   0  -3  -3   4  -1  -3  -5  -3  -4    1  33  13   7   0   2   3   3   3   1   2   5   1   1  19   3   1   0   1   1  0.76 0.46
  102 G    -2  -2   2   3  -4  -1   0   4  -2  -4  -5  -1  -4  -5   4  -1  -2  -5  -1  -4    3   2  10  14   0   2   6  27   1   1   1   4   0   0  20   4   2   0   2   1  0.61 0.37
  103 N    -4   0   8   1  -5  -2  -2  -3   1  -6  -5  -1  -3  -3  -2  -1  -3  -6  -1  -5    1   4  63   6   0   1   2   2   3   0   1   4   1   1   2   4   1   0   3   1  1.52 0.73
  104 Q     1  -1   0   0  -3   2   0  -2   1  -1   0  -1   0   0   1   0   0  -3   2  -1   11   2   5   6   0  12   6   3   3   3   9   2   2   4   8   6   6   0   9   3  0.11 0.14
  105 L     2  -1  -1   1   1  -2  -1  -2  -1  -1   0   0  -1   0  -1   0   0   1   2   0   24   4   3   8   3   1   3   2   2   3   8   6   1   4   2   7   5   2   7   5  0.11 0.15
  106 I     0  -4  -2   1  -1  -2  -2  -3   1   4   0  -2   0   1  -2   0  -1  -4  -1   1    9   0   2   8   1   1   3   2   3  31   7   3   3   5   2   7   3   0   2   9  0.31 0.24
  107 D     4  -2   0   4  -4  -2  -1  -1  -1  -3  -5  -2  -2   0  -1  -1   0   0   0  -3   30   2   5  26   0   1   3   4   2   1   1   1   1   4   3   3   5   1   4   2  0.54 0.38
  108 Y    -6  -1  -4  -7  -1  -2  -3  -7   2  -2  -2  -3  -5  -1  -2  -6  -6   0   9  -4    0   4   1   0   1   2   2   0   3   3   5   2   0   2   3   0   0   1  68   1  2.17 0.98
  109 K     0   0   3  -1  -1   2   0  -1   0  -1  -1   1  -1  -1  -2   0   1  -1   2  -2    6   5  16   3   1   9   6   4   2   4   5   9   2   3   2   6   8   1   8   1  0.15 0.17
  110 I    -3  -2   5  -3  -5   4   1  -2  -3   0  -2   2   0  -2  -2  -2  -2  -5   0  -3    2   2  26   1   0  21   9   3   0   5   5  10   2   1   2   3   2   0   4   2  0.60 0.41
  111 L     1   4  -1  -2  -4  -1  -3  -4  -4   0   3   0   0  -3  -2  -3  -3  -4   1  -2   12  26   4   2   0   2   2   1   0   4  29   5   2   0   2   1   1   0   5   2  0.52 0.36
  112 G    -1  -2  -2   1  -5  -1  -2   6  -4  -2  -5  -2  -4  -5  -4  -2  -2  -5  -5  -3    4   2   2   7   0   2   3  62   0   3   1   3   0   1   1   3   3   0   0   2  1.20 0.56
  113 L    -3  -4   0  -4  -4  -4  -1  -3  -4   3   5  -2   1   0  -3  -4  -2  -4  -2   1    1   1   6   1   0   1   4   2   0  16  48   3   3   3   1   1   2   0   1   7  0.70 0.39
  114 Q     2   2   0   0  -3   2   1  -2  -1  -1  -1   1  -2  -2  -1   0  -1  -3   0  -1   19  12   5   5   0  10  10   2   1   4   5   8   1   1   3   5   3   0   3   5  0.17 0.18
  115 F    -3  -2  -4  -5   0  -4  -4  -3   1   2   2  -2   0   5  -5  -2  -2   0   5  -2    2   2   1   1   2   0   1   3   4  10  17   2   2  22   1   4   2   1  22   2  0.72 0.40
  116 K    -1   1   2   1   1   1   0  -2   1  -3  -3   3  -2  -3  -2   0   0  -4  -1  -3    5   7  12   8   4   7   5   3   4   2   2  23   1   1   2   5   6   0   3   1  0.31 0.24
  117 L    -3  -2  -2   2  -2  -1  -2  -4   0  -2   3  -1   1  -3   5  -2  -3  -4  -2  -3    1   2   1  12   1   3   2   1   3   1  28   4   4   1  28   3   1   0   1   1  0.67 0.42
  118 F    -2   1   3   1  -1   2   0  -2   2  -3  -2   0  -2   2  -4  -1  -1  -1   4  -4    3   6  13   9   1  10   6   2   6   1   4   5   1   9   1   4   3   1  16   1  0.35 0.27
  119 A     2  -1   1   0  -2  -1  -1  -2   1  -2  -1  -1  -2   0  -1   2  -2   1   4  -2   22   4   6   5   1   2   3   2   3   1   7   3   1   3   3  15   1   2  13   2  0.24 0.24
  120 C     3  -4  -2  -2   5  -4  -3  -2  -2   1  -1  -3  -3  -2  -2   0  -1   5   1  -1   29   0   2   3  13   0   1   3   1  10   5   1   0   2   2   8   4   8   4   4  0.53 0.36
  121 E    -1  -1   0   3  -5   1   5  -4   0  -3  -4   2  -4  -4  -3  -2  -3  -5  -3  -4    6   3   5  15   0   6  40   1   2   1   2  11   0   1   1   2   1   0   1   1  0.79 0.48
  122 V     5  -4  -5  -3  -4  -3  -5  -3  -5   3  -1  -4  -3  -3  -3  -2  -2  -5  -5   4   42   1   0   1   0   1   0   1   0  15   6   0   0   1   1   3   2   0   0  25  0.88 0.53
  123 L    -2  -1   1  -3  -5  -3  -4  -6   0  -3   3  -3  -2   1  -6  -5  -4   2   7  -3    3   3   7   2   0   1   1   0   2   1  25   2   1   4   0   0   1   2  43   1  1.19 0.64
  124 Y    -3  -2   2  -3  -2  -5  -4  -3   2  -2  -2  -4  -4   5  -1  -2  -4  -3   7  -3    2   2   9   1   1   0   1   2   5   2   4   1   0  23   4   4   1   0  37   1  1.17 0.62
  125 N    -3  -5   8   0  -7  -1  -2  -3  -3  -7  -5  -3  -4  -4  -6  -1  -5  -7  -4  -7    2   0  76   4   0   3   2   2   1   0   1   2   0   1   0   5   0   0   1   0  2.18 1.02
  126 I    -4   7  -3  -3  -4  -3  -4  -5  -3   0   0   0   1  -4  -6  -5  -3  -6   1  -1    1  60   1   2   0   0   1   1   1   5   9   5   4   1   0   0   2   0   4   4  1.36 0.73
  127 A     4  -4  -3  -5  -5  -5  -5   6  -6  -6  -6  -5  -6  -6  -5  -2  -5  -6  -6  -6   35   1   1   0   0   0   0  58   0   0   0   0   0   0   0   2   0   0   0   0  1.68 0.81
  128 F     0  -2   1  -2  -2  -1  -2  -4   0   1   3  -3   1   0  -4  -1  -1  -2  -1   1   10   2   8   2   1   2   2   1   2   9  36   1   3   4   0   3   3   0   2   8  0.31 0.26
  129 M     4  -5  -5  -4   4  -4  -5  -3  -5   0  -1  -4   0  -2  -3   1   1  -5  -3   2   39   0   0   1   9   0   0   1   0   4   6   0   3   2   1   9   9   0   1  16  0.69 0.47
  130 Y    -3   2  -4  -5  -2   1  -1  -6   4  -3   0   1  -2   0  -6  -4  -4  -1   7  -3    2   9   1   0   1   7   4   0   9   1  10   7   1   4   0   0   0   1  39   2  1.05 0.60
  131 A     1  -1   1  -2   4  -1  -1  -1  -1   1   0  -1  -1   1  -4   1  -1  -2   3   0   12   3   7   2   9   2   4   5   1   8   8   3   1   6   0  10   2   0  12   5  0.15 0.18
  132 K    -1   1   3   1   0   3   1  -2   1  -3  -3   2  -1  -2  -4  -1  -2  -2   2  -4    6   7  16   7   2  14   8   2   3   1   2  14   2   2   0   4   1   0   8   0  0.38 0.32
  133 K    -2   1  -2  -3  -3   2  -3  -6  -5  -1   4   1   3  -4  -5  -2  -3  -2  -3  -2    4   9   3   1   0   8   1   0   0   3  47   9   8   0   0   3   1   1   1   2  0.66 0.46
  134 E    -3  -3   0  -1  -6   1   0   6  -3  -7  -6   1  -4  -7  -6  -3  -4  -6  -6  -6    1   1   4   4   0   6   7  60   1   0   1  10   0   0   0   2   1   0   0   0  1.29 0.68
  135 E    -4   1   4   4  -6   3   2  -4  -1  -4   0   0  -2  -5  -5  -2  -3  -2  -2  -3    1   8  18  21   0  15  11   1   1   1  10   6   1   0   0   2   0   1   2   2  0.59 0.43
  136 W    -2  -1  -2  -3  -5  -2  -3  -4   1   0   0   0   1   2  -2  -2  -1   7   6  -1    3   4   2   1   0   2   2   1   3   5   8   5   3   8   2   3   3  14  27   3  0.73 0.46
  137 K     0  -1   0   3  -6   4   4  -3  -2  -5  -4   1  -4  -5  -2  -1  -1  -5   1  -3    8   3   4  14   0  16  26   2   1   0   2   9   0   0   2   3   3   0   5   1  0.56 0.43
  138 K     1   1   0   0  -3   1   3   0  -1  -4  -1   3  -2  -4  -2   0  -3  -5  -1  -3   10   9   4   4   0   5  21   8   1   0   6  18   1   0   1   5   1   0   2   2  0.32 0.29
  139 A     6  -6  -3  -3  -4  -4  -4   2  -6  -6  -5  -4  -5  -2  -5  -1  -4  -6  -2  -4   72   0   1   2   0   1   1  12   0   0   1   1   0   2   0   3   1   0   1   1  1.50 0.83
  140 E    -1  -1  -4  -5  -3   1   1  -5  -5   5   2  -2   3  -2  -5  -4  -1  -2  -3   0    6   4   0   0   0   7   8   0   0  37  17   3   7   1   0   0   3   1   0   5  0.63 0.42
  141 E     2   0   0   0  -3   2   4  -1  -1  -3  -4   1  -3  -4  -1   0  -2  -5  -3  -2   18   6   4   5   1  11  26   5   1   2   1   9   1   1   3   5   2   0   1   2  0.40 0.33
  142 Q    -3  -3   0   7  -5   0  -2  -4   1  -3  -3  -1  -2  -3  -5   0  -1  -2  -3  -5    2   1   4  59   0   5   2   1   3   2   4   3   1   1   0   6   3   1   1   1  1.25 0.68
  143 L    -5  -6  -5  -7  -2  -2  -6  -7  -3  -2   4  -4   1   4  -5  -5  -5   1   7  -3    0   0   1   0   1   2   0   0   0   2  34   1   3  17   1   1   0   1  34   1  1.40 0.71
  144 A    -1   1   3   3  -4   2   2  -2  -2  -3  -2   0  -2  -3  -1   1   1  -5  -2  -2    5   7  15  14   0  10  11   2   0   1   5   5   1   1   2   9  10   0   1   2  0.31 0.27
  145 L    -1   1  -1  -1  -3   4   2  -3  -2  -2   0   4  -2  -2  -4  -2  -1  -5   0  -3    5   6   2   3   1  17  14   2   1   2  10  24   1   1   0   3   4   0   4   1  0.41 0.35
  146 A     7  -6  -6  -6  -2  -6  -6  -5  -6  -6  -4  -5  -6  -5  -6  -2  -3  -7  -6  -2   88   0   0   0   1   0   0   0   0   0   1   0   0   1   0   3   1   0   0   3  2.13 1.03
  147 T     1  -1  -5  -4  -4  -1  -3  -5  -5   5   3  -2   2  -3  -5  -2  -1  -5  -3   0   12   4   0   1   0   4   2   1   0  31  26   2   4   0   0   3   3   0   1   6  0.58 0.38
  148 S     0   2   0   1  -3   2   3  -2  -2  -3  -3   3  -3  -4  -4   1  -1  -5  -2  -3    6  11   5   6   1  11  17   2   1   1   2  16   1   1   0  12   3   0   1   2  0.37 0.31
  149 M    -2  -2  -2   0   0   0   1  -4  -2   1   3   0   2   0  -1  -3  -2   1   2  -1    3   1   1   5   2   5   8   1   1  10  32   7   5   3   3   1   2   2   6   2  0.27 0.25
  150 K    -2   1   3   0  -5   1   0  -1   1  -5  -4   4  -3   1  -1  -1  -2   3   2  -4    3   6  15   6   0   5   4   4   3   0   1  26   1   5   3   3   1   4   8   1  0.46 0.35
  151 S    -1  -1  -2  -2  -5   1   0  -3  -2  -2  -3  -2   0  -4   6   0   0  -3  -2  -1    5   3   2   2   0   6   7   2   1   2   2   2   2   1  43   8   6   1   2   5  0.86 0.52
  152 E    -2   0   1   2  -5   2   4  -2  -3  -3  -3   2  -4  -5  -3  -1   1  -5  -3  -2    2   5   8  11   0  10  24   2   0   1   2  14   0   0   1   4  10   0   1   3  0.50 0.37
  153 P     1  -2   1   4  -5   2   0   2  -3  -4  -3  -2  -2  -3   3  -1  -3  -3  -2  -3   11   1   7  20   0  10   6  15   0   1   2   2   1   1  14   4   1   0   2   2  0.46 0.34
  154 R     3   2   0   1  -4   0   1  -1  -1  -1  -2   1  -2  -4  -3   0  -1  -1  -3  -2   24  12   5  10   0   3   9   5   2   3   3   9   1   0   1   7   3   1   1   2  0.24 0.22
  155 H    -2   0   3   1  -5   1  -1  -2   7  -3  -1  -1  -2  -2  -3  -2   0  -4   2  -4    4   5  12   8   0   7   3   2  25   2   6   3   1   2   1   2   7   0   8   1  0.56 0.37
  156 S     3  -2   2   2  -3   0   0   0  -2  -2  -3  -1  -1  -3   1   2   0  -2  -3  -3   24   2  12  10   0   3   4   7   1   2   2   3   2   1   6  13   5   1   1   1  0.29 0.27
  157 K    -1  -1   1   2  -3   1   0  -1   1   0  -2   1  -1  -2  -2  -1  -1  -2   3   1    6   2   9  11   0   6   6   4   3   5   3  11   1   1   1   4   2   0  11  14  0.15 0.18
  158 I     0  -2  -4  -5   0  -4  -4  -5  -3   5   3  -4  -1   1  -3  -3  -1  -3   2   0    8   3   1   1   2   1   1   1   0  35  23   0   1   5   1   2   4   0   8   3  0.66 0.40
  159 D    -1  -3   3   5  -2   1   1  -4   0  -4  -3  -2  -4  -1  -3  -2  -3  -2   3  -4    5   1  12  37   1   6   9   1   2   1   4   2   0   3   1   3   1   0  11   1  0.76 0.47
  160 K    -1   4   0   1  -2   1   2  -3  -1  -1  -2   2  -2  -4  -2  -1  -1  -3  -2  -2    4  20   4   9   1   6  15   1   1   4   5  14   1   1   1   4   4   0   2   2  0.35 0.28
  161 A     6  -4   1  -3  -1  -1  -5  -1  -2  -4  -3  -3  -5  -2  -5  -2  -4  -6  -5  -3   70   1   7   2   1   2   0   4   1   1   3   2   0   2   0   2   1   0   0   2  1.35 0.74
  162 M    -2   1  -4  -5  -3  -1  -3  -5  -5   4   4  -3   3  -1  -5  -3  -2  -5  -3   1    3   7   1   0   0   3   2   1   0  22  39   2   7   2   0   1   2   0   1   7  0.69 0.41
  163 E     1   2   0   2  -5   2   3   1  -3  -4  -4   1  -1  -5  -4  -1  -2  -5   0  -4   14   9   5  10   0   8  23  10   0   1   1   7   2   0   0   3   2   0   3   1  0.41 0.32
  164 C     0   1   2   3   1   3  -1  -2  -1  -2  -1   0  -1  -3  -3   0  -1   0   1  -2    9   8   9  16   3  17   3   3   1   2   6   3   2   0   0   7   3   1   5   3  0.25 0.24
  165 V    -1  -2  -3  -3  -1  -1  -2  -3  -2   4   1  -2   0   1  -3  -2  -1  -1   2   3    6   1   1   2   1   3   3   1   1  22  14   2   2   7   1   2   3   1   7  20  0.33 0.22
  166 W    -1   1   2   0  -4   4   1   0  -1  -2   1   0  -1  -2  -2  -1  -2   2   0  -3    5   6  10   4   0  22  10   6   1   2  13   5   1   1   2   3   2   3   4   1  0.27 0.25
  167 K    -3   4   1   0  -6   3   0   0   1  -5  -5   5  -3  -6  -5  -1  -3  -6  -3  -4    1  18   5   4   0  11   6   6   3   0   1  36   1   0   0   4   1   0   1   1  0.82 0.51
  168 Q     3   2  -1  -2  -3   5  -1   2   2  -4  -4  -1  -4  -6  -2  -1  -3  -6  -5  -3   22   9   3   2   0  27   3  15   5   1   1   3   0   0   2   4   1   0   0   2  0.62 0.46
  169 K     0   1   0   0  -4   1   1  -2  -3   1   1   2  -1  -3  -2  -1  -2  -4  -2   0    9   6   4   5   0   6  12   2   0  10  16  18   0   0   1   3   1   0   1   8  0.18 0.20
  170 L    -1  -2  -1  -1  -4  -1   0   4  -2  -2   2  -2  -2   0   0  -1  -2  -4  -3  -1    3   2   3   4   0   2   7  29   1   1  27   2   0   4   5   5   2   0   1   3  0.32 0.29
  171 Y    -4  -4  -4  -6  -1  -6  -3  -6  -3  -1   4  -6  -3   5  -5  -5  -4   0   7  -3    1   1   1   0   1   0   2   0   0   3  36   0   0  19   0   1   1   1  32   1  1.27 0.66
  172 E    -1  -1   1   2  -5   4   3  -4  -1  -4  -5   1  -1  -6   0   0   3  -6  -3  -4    3   2   5  10   0  17  22   0   2   1   0   7   1   0   4   5  20   0   0   1  0.59 0.43
  173 P    -2  -3  -4  -2  -5  -5  -4  -6  -6  -1   2  -5  -4  -5   7  -2  -2  -6  -5   3    3   1   0   3   0   0   1   0   0   3  18   0   0   0  47   2   2   0   0  20  1.25 0.64
  174 V    -2   3  -3  -4  -2   1  -4  -4  -3   0   0  -1   2   5  -5  -4  -2  -3   1   2    4  21   1   0   1   6   0   1   0   5   8   3   4  25   0   0   2   0   4  15  0.52 0.36
  175 V     0  -1  -2  -2  -4   3   1  -2  -2  -3  -2  -2  -3  -4  -2   4   0  -3   0   1    8   2   1   1   0  16  10   3   1   0   3   1   0   0   1  33   4   0   4  12  0.42 0.37
  176 I    -2  -4  -5  -5  -4  -1  -5  -5  -5   5   1  -5   2  -1  -3  -3  -2  -5  -4   5    3   1   0   0   0   4   0   1   0  36   8   0   4   2   1   1   1   0   0  37  0.93 0.47
  177 P    -3  -4   0  -5  -7  -2  -5  -5  -1  -7  -7  -4  -6  -7   8  -1  -5  -7  -7  -6    2   1   4   0   0   2   0   1   2   0   0   0   0   0  85   4   0   0   0   0  2.60 0.93
  178 V     0   2  -1  -3  -3  -2   0  -1  -3  -1   0   0   0  -3   2   0  -1  -4  -2   3    5  15   2   0   0   0   7   5   0   2   8   5   2   0  12   8   2   0   1  25  0.23 0.22
  179 G    -3  -4   1  -1  -6  -4  -3   7  -5  -7  -7   0  -6  -2  -5  -1  -4  -6  -6  -5    0   0   7   3   0   0   1  76   0   0   0   6   0   2   0   5   0   0   0   0  1.61 0.65
  180 K     0   0  -2  -1   0  -1   3  -4  -3   1   0   1   0  -3  -4  -2   0  -4  -3   3    7   6   1   3   2   2  20   0   0   9   8   7   2   0   0   0   5   0   0  28  0.29 0.25
  181 L    -4  -5  -6  -6  -4  -5  -6  -6  -6   3   4  -5   0   1  -6  -5  -3  -5  -3   4    0   0   0   0   0   0   0   0   0  13  45   0   1   6   0   0   0   0   0  36  1.08 0.48
  182 F    -6  -6  -7  -7  -6  -6  -7  -7  -4  -4  -4  -7  -4   8  -7  -6  -6  -2   6  -5    0   0   0   0   0   0   0   0   0   0   0   0   0  71   0   0   0   0  29   0  2.58 0.84
  183 R    -5   8  -4  -5   1   1  -3  -6  -4  -7  -6   1  -5  -6  -6  -4  -5  -6  -5  -6    0  84   0   0   3   6   0   0   0   0   0   7   0   0   0   0   0   0   0   0  2.17 0.76
  184 P    -5  -6  -6  -5  -7  -5  -5  -6  -6  -7  -7  -5  -6  -8   9  -5  -5  -8  -7  -6    0   0   0   0   0   0   0   0   0   0   0   0   0   0 100   0   0   0   0   0  3.29 0.88
  185 N    -2  -2   6  -1  -4  -2  -2  -3   6  -5  -5  -2  -4  -4  -4   3  -2  -5  -3  -5    0   0  51   0   0   0   0   0  22   0   0   0   0   0   0  27   0   0   0   0  1.22 0.40

                      K         Lambda
Standard Ungapped    0.1350     0.3214
Standard Gapped      0.0484     0.2670
PSI Ungapped         0.1581     0.3112
PSI Gapped           0.0484     0.2670
