
Last position-specific scoring matrix computed, weighted observed percentages rounded down, information per position, and relative weight of gapless real matches to pseudocounts
            A   R   N   D   C   Q   E   G   H   I   L   K   M   F   P   S   T   W   Y   V   A   R   N   D   C   Q   E   G   H   I   L   K   M   F   P   S   T   W   Y   V
    1 G     2  -3   1  -2  -3  -2  -2   5  -3  -4  -4  -2  -3  -4  -3   3  -1  -4  -4  -4   15   0   8   0   0   0   0  51   0   0   0   0   0   0   0  26   0   0   0   0  0.83 0.24
    2 S     0  -3  -1  -2  -4  -1   3  -3  -3  -3  -3  -2  -4  -5   4   4   0  -5  -3  -3    5   0   2   0   0   1  24   0   0   1   2   0   0   0  21  40   3   0   1   1  0.76 0.34
    3 L     0  -3  -5  -5  -3  -4  -4  -5  -4   1   4  -2   0   2   0  -3  -2  -4  -2   2   10   1   0   0   0   0   1   0   0   8  54   3   0   8   4   0   1   0   0  11  0.61 0.29
    4 V    -3  -5  -5  -5  -4  -5  -3  -6  -5   4   2  -5  -1   4   3  -4  -2  -4  -2   3    0   0   0   0   0   0   1   0   0  23  21   0   0  21  13   0   2   0   0  18  0.75 0.34
    5 P    -1   2  -4  -2  -5   0  -2  -4  -3  -2  -4   2  -4  -6   7  -1   1  -6  -5  -3    5   9   0   2   0   4   2   0   0   2   1  12   0   0  49   5   8   0   0   1  1.13 0.45
    6 E    -1  -1  -1   1  -2   0   3  -3  -1  -3  -3   0  -2  -5   5   0   0  -5  -4  -2    4   3   2   7   1   4  18   1   1   1   3   5   1   0  34   7   5   0   0   2  0.66 0.31
    7 L    -4  -5  -6  -7  -4  -5  -6  -6  -2   2   6  -6   0  -2  -6  -3  -4  -5  -2   0    0   0   0   0   0   0   0   0   1  10  77   0   1   1   0   2   0   0   1   6  1.38 0.55
    8 N    -2  -3  -1  -1  -4  -3  -3  -3  -4  -4  -5  -1  -3  -6   3   3   6  -6  -5  -3    2   1   2   3   0   0   1   2   0   1   0   3   1   0  13  24  47   0   0   1  1.00 0.52
    9 E     1   0  -1   3  -5   0   3  -3  -1  -5  -4   2  -4  -4   3   0  -2  -5  -2  -4   11   4   2  20   0   2  21   1   1   0   1  12   0   0  15   5   1   0   1   0  0.54 0.30
   10 K     0  -1  -1   3  -6   1   6  -2  -3  -6  -5   1  -5  -6  -2  -1  -3  -6  -2  -4    8   2   2  15   0   4  50   3   0   0   1   7   0   0   2   4   1   0   1   1  0.90 0.45
   11 D    -1  -2  -3   3  -5   4   3  -5   2  -2  -2  -2   5  -4  -4  -2  -2   4  -2  -1    5   2   0  15   0  17  18   0   5   2   2   2  20   0   0   1   1   6   1   4  0.65 0.39
   12 D    -1  -2  -1   2  -4   1   4  -3   1  -1   1   1   0  -4  -4  -1  -2  -5  -3   0    4   1   3   9   0   5  34   1   3   2  18   7   2   0   0   3   1   0   0   6  0.40 0.28
   13 D     2   2   1   1  -4   2   2  -2  -2  -2  -3   2  -1  -4  -3   0   0  -4  -3  -2   20  12   6   8   0   8  13   2   0   2   1  11   2   0   0   7   4   0   0   3  0.28 0.21
   14 Q    -1   2  -2  -1  -3   1   4  -4  -1  -1  -1   3   0  -2  -4  -1  -2  -5  -3   0    5  11   0   1   1   7  29   0   1   4   7  17   3   2   0   2   2   0   0   8  0.39 0.27
   15 V    -2  -5  -4  -3  -1  -5  -5  -6  -4   4   1  -5  -2  -1  -5  -5  -3  -5  -1   6    2   0   1   1   1   0   0   0   1  26  12   0   0   2   0   0   1   0   2  52  1.12 0.48
   16 Q     0   1   2   2  -3   2   2  -2   1  -4  -3   2  -1  -4  -3   1  -1  -4  -2  -3    7   7   9   9   1  10  15   2   4   0   3  16   2   0   0  11   2   0   1   1  0.33 0.22
   17 K     0   2   2   2  -3   1   2  -2   0  -2  -3   1  -1  -4  -3   0   0  -4  -3  -2   10  15  13  12   0   6  12   1   2   3   1  10   1   0   0   7   4   0   1   2  0.29 0.19
   18 A     4  -4  -4  -3   0  -3  -3  -2  -3   2   1  -3   1   0  -4  -1   0  -2  -1   1   45   0   0   1   2   1   0   2   1  15  11   0   3   3   0   2   5   0   2   7  0.50 0.32
   19 L    -4  -5  -3  -6  -2  -4  -4  -6  -2  -1   4  -4   3   5  -6  -4  -3   6  -1  -1    0   0   2   0   1   0   1   0   1   2  48   1   6  22   0   1   1  11   1   3  1.07 0.46
   20 A     0   3   2  -1  -1   2   0   0   0  -3  -3   1  -3  -2  -2   2   0  -4  -1  -3    8  18   9   2   1  10   4   8   2   1   1   8   0   1   1  18   4   0   2   1  0.28 0.21
   21 S     0   1   0  -1   0   1   0   2   2  -4  -3   2  -2  -4   1   2  -1  -4  -2  -3    5   6   5   1   2   6   4  16   5   0   2  18   1   0   6  19   2   0   1   1  0.29 0.21
   22 R    -1   3   1   0  -4   0   0   2  -1  -4  -3   0  -3  -4   2   1   0  -5  -3  -3    4  19   7   5   0   3   5  19   1   0   2   5   0   0  12  11   4   0   0   0  0.36 0.22
   23 E    -1  -1   2   3  -3   0   1   1  -2  -3  -3   0  -4  -3   4   0  -2  -3  -2  -3    4   2  10  16   1   4   9  11   0   1   2   4   0   1  25   5   1   0   1   1  0.50 0.25
   24 N    -1   1   3   2  -2   2   0   0   1  -2  -3   0  -2  -2   0   1  -1  -1  -1  -1    3  10  17  11   1  11   4   5   3   2   1   5   1   1   5   9   3   1   2   5  0.21 0.15
   25 T     0   1   1   2  -3   0   2   0   0  -1  -2   1  -2  -2  -3   1   0  -4  -2  -1    6   9   8  12   0   3  16   8   2   4   4   7   1   1   0   9   6   0   0   4  0.17 0.12
   26 Q     0  -1  -3  -2  -3   0   2  -3  -3   2   0   0  -1  -3   1  -1   0  -4  -2   3    6   2   0   1   0   5  15   1   0  11   6   7   1   0   7   3   4   0   1  28  0.25 0.21
   27 L    -2  -4  -3  -4  -2  -3  -3  -5  -5   3   4  -1   1   0  -5  -3  -2  -4  -2   3    3   0   1   1   1   1   1   0   0  17  43   5   2   2   0   1   1   0   1  21  0.65 0.32
   28 M     0  -2  -1  -4   1  -3  -3  -4   1   3   1  -3   2  -1  -3   1   0  -4  -1   3    8   2   3   0   3   0   0   0   4  15  15   0   4   2   1  11   3   0   2  26  0.29 0.21
   29 N     0   1   1   1  -2   0   2  -2  -2  -4  -4   1  -3  -3  -2   3   1  -5  -2  -2    6   9   8   6   1   3  16   2   1   0   0  10   0   1   1  23  11   0   1   2  0.35 0.24
   30 R     0   2   0  -2   1   0   0   1   0  -1  -2   3  -2  -3   0   0   0  -4  -2  -1    7  11   5   0   3   4   4  11   2   3   3  24   1   1   4   7   4   0   1   3  0.20 0.16
   31 D    -3  -2  -1  -1  -4  -3   1   1  -1  -2  -2  -2  -3   6  -1   1  -2  -1   3  -3    1   1   3   4   0   0   9  10   1   1   2   2   0  38   3  13   1   0   8   1  0.61 0.34
   32 N    -1   2   5  -1  -4  -1  -2   2  -1  -4  -4   2  -3  -4  -4   1  -2  -5  -2  -2    3  11  31   2   0   2   1  18   1   0   1  14   0   0   0  10   2   0   1   3  0.57 0.30
   33 I    -1  -3  -3  -1   0  -1  -1  -3  -1   4   3  -3   1   0  -3  -3  -2  -3   0   1    6   1   1   4   2   2   3   2   2  27  30   0   2   2   1   0   1   0   3   9  0.34 0.21
   34 E    -1   1   0   2  -4   2   3  -2  -1  -3  -4   0  -2  -5   2   1   2  -5  -4  -3    4   8   3  13   0   9  21   2   1   1   0   5   1   0   9   8  13   0   0   1  0.38 0.24
   35 I    -3  -5  -6  -6  -1  -5  -4  -6  -6   6   3  -5   0  -3  -5  -5  -3  -5  -4   4    1   0   0   0   1   0   1   0   0  47  23   0   2   0   0   0   0   0   0  25  1.17 0.46
   36 T    -2   0  -1  -2   1  -1  -2  -3   0  -2  -1  -1   1  -3  -3   1   6  -5   0  -2    1   4   2   2   3   2   1   1   2   2   5   3   3   1   1  11  52   0   3   1  0.70 0.40
   37 V     0   4  -1   0  -4   0  -2   1  -1  -2  -1   2   1  -2  -1  -1  -1  -4   0   0    6  32   3   5   0   3   1  10   1   2   5  10   4   1   3   3   3   0   4   7  0.28 0.21
   38 R    -1   3   0   1  -2   1   2   0   0  -3  -4   3  -2  -4  -3   1  -2  -4  -2  -3    5  20   3   7   1   4  16   7   3   1   1  21   1   0   0   9   1   0   1   1  0.40 0.24
   39 D    -3  -4   0   7  -6   0  -1  -4  -1  -2  -4   0  -4  -6  -5  -1  -2  -7  -6  -5    1   0   3  73   0   3   1   1   1   3   2   4   0   0   0   4   2   0   0   1  1.56 0.59
   40 F    -4  -4  -6  -6  -4  -5  -6  -6  -5   5   5  -5   2   2  -6  -5  -4  -4  -2   0    1   1   0   0   0   0   0   0   0  31  51   0   4   8   0   0   0   0   1   3  1.11 0.45
   41 K     0   3  -1  -3   0   4   0  -2   2  -2  -1   2   0  -3  -3   0  -2  -3  -3  -3    9  16   2   0   2  25   3   3   5   2   6  14   2   1   0   8   1   0   0   1  0.41 0.27
   42 T    -4   3  -4  -5   6  -4  -4  -5  -3  -3  -2  -1  -4  -6  -5  -2   6  -6  -5  -4    0  14   0   0  18   0   0   0   0   1   3   3   0   0   0   1  60   0   0   0  1.49 0.63
   43 L    -5  -6  -7  -7   2  -6  -6  -7  -6  -1   6  -6   1  -2  -6  -6  -5  -5  -3  -3    0   0   0   0   5   0   0   0   0   0  91   0   3   1   0   0   0   0   0   0  1.80 0.66
   44 A     1   3   0  -1  -2   1   0  -1   0  -1  -1   2  -1  -2  -2   0   1  -3   0  -1   11  18   4   2   0   5   4   3   2   5   4  16   2   1   1   6   9   0   4   2  0.16 0.14
   45 P    -3  -3   2   2  -5  -2   0   3  -1  -6  -5  -2  -5  -6   6  -1  -2  -6  -5  -5    0   1  12  14   0   1   6  23   1   0   1   2   0   0  36   3   1   0   0   0  1.00 0.42
   46 R    -1   1   0  -3  -1   1  -2   3   0  -3   1  -1  -1  -2  -1   0   0  -3   0  -2    2  10   4   0   1   8   1  26   3   0  18   3   1   0   3   7   7   0   4   0  0.22 0.19
   47 R     0   2   4  -1   0   3   1  -1   2  -4  -4   0  -3  -4  -3   0   1  -5  -3  -4    7  14  22   1   2  16   7   5   6   0   0   5   0   0   0   7   7   0   0   0  0.46 0.28
   48 W    -7  -4  -8  -9  -7  -4  -7  -7  -7  -7  -4  -7  -6  -4  -8  -7  -7  13  -2  -7    0   1   0   0   0   1   0   0   0   0   1   0   0   0   0   0   0  96   0   0  4.76 1.23
   49 L    -5  -5  -7  -7  -5  -5  -6  -7  -6  -1   7  -6  -1  -1  -6  -6  -4  -5  -4  -1    0   0   0   0   0   0   0   0   0   1  94   0   1   1   0   0   0   0   0   2  1.82 0.66
   50 N    -6  -5   9  -1  -7  -4  -4  -4  -3  -7  -7  -4  -6  -7  -6  -2  -3  -8  -6  -6    0   0  95   2   0   0   0   1   0   0   0   0   0   0   0   1   1   0   0   0  2.75 0.91
   51 D    -5  -6  -3   8  -8  -4  -2  -3  -5  -7  -8  -5  -7  -8  -6  -4  -5  -8  -7  -7    0   0   0  98   0   0   0   1   0   0   0   0   0   0   0   0   0   0   0   0  2.80 0.90
   52 T    -2  -3   1  -1  -3   2   7  -5  -3  -4  -6  -1  -2  -6  -4  -3   1  -6  -5  -3    2   0   7   1   1   7  66   0   0   1   0   2   1   0   0   1   8   0   0   2  1.30 0.59
   53 I    -4  -6  -6  -5  -3  -6  -6  -7  -4   5  -2  -6  -1  -2  -6  -5  -4  -6  -4   6    0   0   0   0   0   0   0   0   0  37   1   0   1   1   0   0   0   0   0  59  1.59 0.61
   54 I    -3  -6  -6  -6  -2  -5  -6  -6  -6   7  -1  -5   3  -3  -6  -5  -3  -2  -4   2    1   0   0   0   1   0   0   0   0  78   1   0   6   0   0   0   1   1   0  10  1.77 0.64
   55 E    -5  -4   8   1  -6  -3   0  -4  -2  -6  -6  -4  -5  -6  -5  -3  -3  -7  -5  -6    0   0  83   7   0   0   6   0   1   0   1   0   0   0   0   0   1   0   0   0  2.21 0.77
   56 F    -1  -3  -5  -5  -3  -5  -4  -3  -3  -2   0  -4   2   7  -5  -2  -3  -2   2  -1    6   1   0   0   0   0   1   2   0   2   9   1   6  56   0   3   1   0   6   5  1.19 0.48
   57 F    -4  -5  -6  -6  -6  -5  -6  -6  -1  -5  -4  -5  -5   2  -6  -5  -3   0  10  -4    1   0   0   0   0   0   0   0   1   0   1   0   0   7   0   0   1   1  85   1  2.74 0.87
   58 M    -2  -4  -5  -5  -1  -4  -5   2  -3   0   3  -4   7   2  -5  -4  -4  -4  -3  -1    2   0   0   0   1   0   0  19   0   3  26   0  35   9   0   0   0   0   0   2  0.99 0.47
   59 K     1  -2   5   1  -3   2   3  -1  -1  -4  -4   0  -2  -4  -3   1  -1  -5  -4  -3   11   0  28   5   0  10  19   4   1   1   1   5   1   0   0   9   2   0   0   2  0.52 0.31
   60 Y    -4  -5  -5  -6  -2  -2  -5  -6  -4  -1   5  -4   6  -2  -5  -4  -3  -4  -2  -2    1   0   0   0   1   1   0   0   0   1  67   1  21   1   0   1   1   0   1   1  1.33 0.55
   61 I    -3  -4  -5  -6  -1  -5  -5  -5  -5   5   4  -5   1  -2  -4  -4  -3  -5  -4   1    1   1   0   0   1   0   0   1   0  40  44   0   2   0   0   1   0   0   0   7  1.10 0.45
   62 E    -1   0  -1  -3   1   2   1  -3  -3  -1  -1   1   5  -3  -3   0   0  -4  -3   1    5   5   3   0   3  10   8   1   0   2   3  10  21   0   0   7   6   0   0  13  0.28 0.24
   63 K    -1   1   0   3  -1   1   5  -3   2  -4  -3   2  -4  -5  -3  -1  -2  -5  -4  -4    5   6   4  13   2   5  39   1   6   1   2  12   0   0   0   3   1   0   0   0  0.66 0.35
   64 S    -2   7  -1  -1  -6  -1  -2  -4   1  -5  -5   0  -4  -5  -5  -1  -2  -5   0  -4    4  70   2   3   0   1   1   1   3   0   0   4   0   0   0   4   2   0   4   1  1.46 0.59
   65 T     0  -2   3   0  -3   0   1  -2  -2  -3  -2   0  -3  -3  -3   4   1  -2   0  -2    7   1  16   3   0   3   9   1   0   0   3   4   0   1   0  35   7   1   3   3  0.41 0.29
   66 P    -2  -1  -1  -1  -5  -1   2  -4   0  -5  -3   1  -4  -5   7  -1  -1  -5  -5  -5    3   3   3   3   0   3  13   0   2   0   2   8   0   0  53   3   3   0   0   0  1.24 0.48
   67 N     0   3   2   1  -4  -1  -1  -2   0  -4  -4   5  -2  -5  -3   1   0  -5  -4  -3    7  13   9   6   0   2   1   1   3   1   1  40   1   0   1   8   4   0   0   1  0.58 0.32
   68 T    -1  -4  -3  -5   5  -4  -4  -4  -3   2   0  -3   0  -1  -4   0   0  -4  -1   5    4   1   1   0  14   0   0   1   1   9   5   1   1   2   0   7   5   0   3  44  0.66 0.34
   69 V    -4  -4  -3  -5   1  -3  -4  -4   9   0  -4  -4  -2   2  -6  -4  -4   0   6   0    1   0   1   0   3   1   0   1  45   6   1   0   1   6   0   0   0   1  27   6  1.60 0.61
   70 A     3  -4  -4  -4   2  -3  -4  -2  -1   0  -1  -1  -2   4  -4  -1  -1  -3   2   0   34   0   0   0   5   0   0   2   1   5   4   3   0  23   0   4   4   0   7   8  0.49 0.31
   71 F    -5  -6  -2  -5  -6  -6  -6  -6  -2  -3  -2  -5   4   8  -7  -4  -4   4  -1  -3    0   0   2   1   0   0   0   0   1   1   3   1  11  73   0   1   1   5   0   1  2.06 0.71
   72 N    -4  -4   8  -1  -5  -3  -4  -2  -3  -6  -6  -4  -5  -6  -4   3   0  -7  -5  -4    0   0  64   1   0   0   0   2   0   0   0   0   0   0   1  25   5   0   0   1  1.67 0.67
   73 S    -3  -4  -3  -4  -4  -4  -4  -5  -5  -4  -4  -4  -3  -6  -1   4   7  -6  -5  -3    0   0   0   0   0   0   0   0   0   0   1   0   0   0   2  31  63   0   0   1  1.57 0.68
   74 F    -4  -6  -6  -4  -6  -1  -6  -6   2  -3  -2  -6  -2   9  -7  -5  -3  -3   2  -3    1   0   0   1   0   3   0   0   5   1   1   0   0  80   0   1   2   0   4   1  2.17 0.73
   75 F    -6  -6  -5  -7  -6  -7  -7  -7  -3  -4  -2  -7  -4   9  -7  -5  -6  -3   0  -5    0   0   1   0   0   0   0   0   1   0   2   0   0  94   0   1   0   0   1   0  2.86 0.88
   76 Y    -5  -5  -6  -6  -3  -5  -5  -6   1  -1   0  -5  -1   4  -6  -5  -5   5   8  -1    0   0   0   0   1   0   0   0   3   3   9   0   2  18   0   0   0   7  52   5  1.64 0.60
   77 T    -1  -1   0  -1  -4   0   0  -3   0  -3  -3   1  -3  -5   4   2   3  -5  -4  -3    3   3   3   3   0   3   4   1   2   1   2  11   0   0  21  16  25   0   0   1  0.53 0.31
   78 N    -2   1   2  -3   0   1  -2  -4  -3  -4  -4   6  -2  -3  -4   0   1  -5   0  -4    1   7   9   0   2   6   0   0   0   0   1  52   1   1   0   5  10   0   3   1  0.84 0.44
   79 L    -4  -5  -6  -7  -4  -5  -6  -7  -6   0   6  -5   2   0  -6  -5  -4  -4   0   0    0   0   0   0   0   0   0   0   0   3  82   0   4   3   0   0   0   0   3   4  1.46 0.57
   80 S     0   2  -1  -2   1   1   0  -2  -2   0   0   1   1   1  -3   1   1  -3  -1   0    5  12   1   1   4   6   4   2   0   5   7  12   6   6   0  14   8   0   1   6  0.11 0.13
   81 E    -1   0   1   2  -2   1   2   1  -1  -3  -4   1  -2  -4  -3   2   2  -5  -4  -3    4   4   7  13   1   6  12   9   1   1   0   7   1   0   0  21  12   0   0   1  0.34 0.23
   82 R    -1   2   1   0  -2   1   1   1   1  -3  -4   3  -1  -2  -3   1  -1  -3   3  -3    5  13   7   3   1   4   7  11   3   1   0  19   1   0   0   9   1   0  13   1  0.28 0.21
   83 G    -2  -5   1   1  -5  -4  -4   7  -5  -6  -6  -4  -6  -6  -5  -2  -4  -6  -6  -6    1   0   7   7   0   1   0  80   0   0   0   0   0   0   0   2   1   0   0   0  1.78 0.62
   84 Y    -5  -5  -4  -6  -6  -3  -5  -5   4  -5  -5  -5  -5   1  -4  -5  -5  -2   9  -4    0   0   1   0   0   1   0   1   8   0   0   0   0   4   1   0   0   0  82   1  2.62 0.85
   85 Q     1  -1   1   2  -3   3   2  -1  -1  -4  -3   2  -3  -4  -2   2  -1  -4  -3  -4   13   2   7  11   0  16  15   3   1   0   1  12   0   0   1  15   1   0   0   0  0.39 0.25
   86 G     2  -1   1  -2  -3  -2  -1   4  -2  -4  -4   1  -3  -4  -3   3  -2  -1  -4  -4   21   3   7   1   0   1   3  28   1   0   0  11   1   0   0  22   0   1   0   0  0.54 0.31
   87 V    -1  -5  -5  -6  -4  -5  -5  -2  -6   0  -1  -5  -2  -4  -5  -2  -3  -6  -4   7    4   0   0   0   0   0   0   4   0   1   4   0   0   0   0   3   0   0   0  82  1.55 0.62
   88 R     0   6  -2  -4  -2   0  -1  -4  -2  -5  -5   4  -3  -5  -4   0  -3  -5  -4  -5    8  43   1   0   1   4   2   0   1   0   0  29   0   0   0   8   0   0   0   0  1.06 0.47
   89 R    -5   8  -4  -3  -2  -2  -3  -4  -4  -6  -2   1  -4  -6  -5  -4  -4  -6  -5  -5    0  83   0   1   1   1   0   1   0   0   4   6   0   0   0   0   0   0   0   0  2.06 0.72
   90 W    -2  -6  -7  -7  -6  -6  -6  -6  -6  -5  -5  -6  -5  -3  -7  -6  -6  13  -1  -6    4   0   0   0   0   0   0   0   0   1   1   0   0   1   0   0   0  90   1   0  4.35 1.14
   91 M     1  -4  -3  -4  -4  -3  -4  -4  -4  -4  -3  -1   1  -5  -4   0   7  -5  -4  -2   11   0   0   0   0   0   0   1   0   0   2   4   4   0   0   4  71   0   0   1  1.37 0.59
   92 K    -3   4  -2  -4  -5  -1  -2  -4  -1  -5  -4   6  -3  -5  -4   0   1   2  -4  -5    1  21   1   0   0   2   0   1   1   0   1  54   0   0   0   6   8   3   0   0  1.14 0.50
   93 R    -1   4  -1  -1  -2   2   0  -2   0  -2  -2   2  -1  -2   0  -1   1  -2  -2  -2    5  31   2   3   1   9   3   3   2   3   3  12   1   2   4   4   9   0   1   2  0.32 0.14
   94 K     1   2  -1   0  -1   1   0  -1   0  -1  -1   3  -1  -1  -1   0  -1  -1  -1  -1   16  10   3   4   1   5   3   4   2   3   7  24   1   3   2   3   3   1   1   4  0.13 0.07
   95 K    -3  -1   1  -1  -4   1  -1   1  -1  -4  -4   6  -3  -4  -3  -2  -3  -4  -3  -4    1   1   7   2   0   5   1  11   1   1   2  61   0   1   1   2   1   0   1   1  1.01 0.41
   96 T    -1  -4  -4  -4  -2  -4  -4  -5  -5   4   1  -3   0   0  -4  -4  -1  -4  -1   5    3   0   1   1   0   0   0   0   0  23  11   1   2   4   1   0   2   0   2  48  0.83 0.37
   97 Q    -4  -4   3   7  -6  -1  -2   1  -2  -2  -6  -1  -5  -3  -5  -2  -2  -6  -3  -5    0   0  14  59   0   3   1  11   1   2   0   3   0   1   0   1   2   0   1   0  1.27 0.52
   98 I    -4  -5  -6  -6  -4  -5  -6  -6  -6   6   4  -3   0  -2  -4  -5  -3  -5  -2   2    0   0   0   0   0   0   0   0   0  44  41   2   1   1   1   0   0   0   1   9  1.14 0.47
   99 D    -4  -6  -5  -4  -4  -5  -4  -5  -3  -1   1  -3  -2   8  -6  -2  -2  -1  -1  -3    1   0   0   1   0   0   1   1   1   4  12   2   0  70   0   3   3   0   0   1  1.66 0.62
  100 K     1  -1   1   3  -3   1   2  -1  -3  -4  -3   1  -3  -5  -3   3  -1  -5  -4  -4   11   1   5  16   0   5  16   3   0   0   3   7   0   0   0  30   3   0   0   0  0.47 0.30
  101 L    -3  -1  -2  -4   4   1  -1  -4   1  -2   1   4   1   1  -4  -2  -3  -3   2   0    1   1   2   0  10   6   3   0   3   1  12  32   4   5   0   1   0   0   9   9  0.44 0.31
  102 D    -4  -2  -1   7  -7  -2   2  -4  -1  -4  -7  -1  -6  -7  -5  -2  -3  -3  -6  -6    0   1   2  72   0   1  13   1   1   1   0   4   0   0   0   3   1   1   0   0  1.70 0.64
  103 K    -3  -2  -4  -4  -3  -2  -3  -4  -4   4   3   3   2   0  -4  -3  -1  -4   0   0    1   1   0   0   0   0   0   1   0  26  27  23   5   4   0   1   4   0   4   4  0.52 0.32
  104 I    -4  -6  -6  -6  -4  -5  -6  -7  -6   6   2  -5   1  -1  -6  -5  -3  -5  -4   4    0   0   0   0   0   0   0   0   0  46  20   0   2   2   0   0   0   0   0  30  1.22 0.49
  105 F    -4  -5  -6  -6  -2  -2  -5  -6  -5   3   4  -5   0   5  -2  -5  -4  -3   0   0    0   0   0   0   1   2   0   0   0  14  48   0   1  25   2   0   0   0   2   4  0.97 0.42
  106 T    -3  -5  -6  -6  -1  -5  -2  -6  -6   5  -1  -5   1   1  -5  -5  -2  -5  -3   5    1   0   0   0   1   0   2   0   0  32   3   0   2   6   0   0   1   0   0  50  1.15 0.48
  107 P    -4  -6  -6  -6  -7  -5  -5  -6  -6  -7  -7  -5  -7  -8   9  -5  -5  -8  -7  -5    1   0   0   0   0   0   0   0   0   0   0   0   0   0  98   0   0   0   0   1  3.28 1.00
  108 I    -4  -6  -6  -6  -3  -5  -5  -7  -6   6   1  -5   0  -1  -3  -5  -3  -5  -4   5    0   0   0   0   0   0   0   0   0  48   8   0   1   2   1   0   0   0   0  38  1.32 0.52
  109 N    -5  -4   6  -4  -7  -4  -4  -5  10  -4  -7  -4  -6  -6  -6  -4  -5  -7  -2  -7    0   0  34   0   0   0   0   0  64   1   0   0   0   0   0   0   0   0   0   0  2.66 0.87
  110 L    -2  -1  -3  -2   1  -1  -2  -3   3   2   3  -2   1   1  -3  -2  -2  -2   0   1    1   3   1   2   4   3   2   1  10  12  35   1   3   4   1   2   2   0   2  12  0.30 0.17
  111 N    -2   1   4   1  -2   0  -1   3   0  -3  -3   1  -1  -4  -3   0  -2  -4  -3  -4    1   8  22   7   1   4   3  28   2   2   2   8   2   0   1   8   1   0   0   1  0.46 0.24
  112 Q    -1   0   4   1  -3   2   2   2  -1  -3  -2   0   1  -3  -2   0  -1  -3  -3  -3    2   3  26   6   0   9  13  14   1   1   3   5   4   1   2   6   3   0   0   1  0.35 0.20
  113 S     0  -2   1  -2  -1  -2  -3  -2  -3   2  -1  -3   2  -2  -3   1   1  -4  -2   3    9   1   9   2   1   1   1   1   0   9   3   0   7   1   0  14   8   0   1  31  0.31 0.23
  114 H    -6  -3  -4  -6  -8  -4  -5  -7  11  -8  -7  -5  -6  -6  -7  -2  -6  -7  -2  -8    0   1   0   0   0   0   0   0  96   0   0   0   0   0   0   2   0   0   1   0  3.73 1.10
  115 W    -8  -8  -9  -9  -7  -7  -8  -3  -7  -8  -7  -8  -6  -4  -9  -8  -7  13  -3  -8    0   0   0   0   0   0   0   2   0   0   0   0   0   0   0   0   0  98   0   0  4.96 1.31
  116 A     1  -3  -4  -5   9  -4  -5  -4  -5  -2  -4  -5  -2  -3  -5   1   4  -5  -4   0   12   1   0   0  39   0   0   0   0   2   1   0   1   1   0  11  27   0   0   5  1.33 0.55
  117 L    -1  -5  -6  -6   5  -5  -6  -4  -6  -1   5  -5   5  -2  -6  -3  -3  -5  -4  -2    5   0   0   0  10   0   0   1   0   1  66   0  13   1   0   1   1   0   0   1  1.24 0.53
  118 G     5  -4  -4  -5   1  -4  -4   2  -5   1  -2  -4   1  -4  -4  -1  -2  -5  -4   1   51   0   0   0   2   0   0  17   0  10   1   0   4   0   0   4   1   0   0  10  0.76 0.41
  119 I     2  -5  -5  -5   3  -4  -3  -4  -5   3  -1  -4   0  -2  -4  -1   0  -5  -2   5   16   0   0   0   7   0   1   0   0  15   3   0   2   1   0   4   5   0   1  43  0.70 0.37
  120 I    -2  -6  -6  -6  -4  -6  -6  -7  -6   7  -1  -6  -1  -2  -6  -5  -3  -6  -4   4    3   0   0   0   0   0   0   0   0  69   3   0   1   1   0   0   1   0   0  23  1.62 0.60
  121 D    -4  -2   6   6  -1  -3  -2  -4   2  -6  -6  -2  -5  -3  -5  -2  -2  -3  -3  -6    0   2  34  48   1   0   1   0   5   0   0   2   0   1   0   2   1   1   1   0  1.42 0.57
  122 L    -4  -4   1  -5  -4  -3  -4  -5  -4   2   2  -1   5   5   0  -4  -3  -1  -2   1    0   0   7   0   0   0   0   0   0  13  19   4  16  26   5   0   0   1   0   8  0.66 0.35
  123 K    -1   6  -3  -3  -1   0  -1  -3  -3  -3  -3   4  -2  -5  -1  -1  -1  -5  -4  -2    5  42   0   0   1   3   4   2   0   1   1  26   1   0   3   3   2   0   0   4  0.82 0.40
  124 K     0   2   2   2  -5   1   2  -3  -2  -4  -3   4  -2  -4  -3  -1  -1  -5  -2  -3    6   9   9  12   0   7  16   1   0   0   3  28   1   0   0   3   2   0   1   1  0.46 0.27
  125 K    -3   4  -2  -4  -3   1  -1  -4   0  -6  -6   7  -2  -5  -4  -2  -4  -6  -5  -5    1  18   1   0   1   6   2   0   2   0   0  66   1   0   0   1   0   0   0   0  1.49 0.61
  126 T    -2   4  -1  -3   2   0  -1  -4   1  -2  -3   2  -1  -4  -4   1   4  -5  -2  -2    1  26   3   0   5   4   2   0   3   2   1  13   1   0   0   8  27   0   1   3  0.56 0.34
  127 I    -5  -6  -6  -7  -5  -6  -6  -7  -6   7   1  -6  -1   4  -6  -6  -4  -5  -2   1    0   0   0   0   0   0   0   0   0  62  10   0   0  20   0   0   0   0   0   7  1.50 0.57
  128 G    -2   1  -1  -1  -1   3   4  -3  -1  -1  -2   2   0  -1  -3   0   1  -4  -2  -1    2   7   1   1   2  12  28   1   1   3   4  13   2   3   0   8   9   0   1   4  0.34 0.25
  129 Y    -4  -5  -4  -6  -3  -4  -5  -6   2  -4  -1  -5  -2   2  -6   0  -4   1   9  -4    1   0   0   0   1   1   0   0   4   0   7   0   1   7   0   8   0   1  68   1  1.92 0.71
  130 V    -3  -5  -6  -7  -3  -5  -6  -5   0  -2   2  -5   0   4  -6  -5  -5   1   8  -2    2   0   0   0   0   0   0   1   1   1  16   0   2  15   0   0   0   2  57   2  1.65 0.63
  131 D    -6  -6   0   8  -3  -4  -2  -5  -5  -7  -8  -5  -7  -8  -6  -4  -5  -8  -7  -7    0   0   3  96   1   0   0   0   0   0   0   0   0   0   0   0   0   0   0   0  2.75 0.90
  132 S    -3  -5  -3  -4  -5  -4  -4  -4  -5  -7  -7  -4  -6  -7  -3   8  -3  -7  -6  -6    0   0   0   0   0   0   0   0   0   0   0   0   0   0   1  99   0   0   0   0  2.33 0.91
  133 L    -4  -3  -5  -6  -4   0  -5  -6  -5  -1   5  -4   8   0  -5  -5  -4  -4  -4  -2    0   1   0   0   0   4   0   0   0   2  51   1  35   3   0   0   0   0   0   1  1.39 0.57
  134 S     0  -1  -1  -2  -2  -1  -3   6  -1  -3  -2  -1  -3  -3  -3   0  -2  -3  -1  -3    6   3   2   1   1   3   1  58   2   1   5   4   0   1   1   6   2   0   2   2  0.81 0.30
  135 N     0  -1   1   0  -3   1  -1   4   0  -1  -2  -1  -1  -2  -2   0  -1  -2  -1  -2    5   4   7   4   0   8   2  37   3   4   3   4   2   2   1   8   4   0   2   2  0.33 0.16
  136 G     0   1   1  -1  -2   0   0   1   1  -1  -2   1  -1  -2   1   1   0  -2  -1  -1    5  10   6   3   1   2   5  12   3   4   4  12   1   2   8  14   4   0   2   3  0.12 0.06
  137 P    -1   0   3   1  -1   0  -1   1   2  -2  -2  -1  -1  -1   1   0  -1   0  -1  -2    4   4  18   7   2   5   3  14   6   2   5   3   1   3   7   7   3   2   1   2  0.16 0.08
  138 N    -1   0   4   3  -2   1  -1   0   2  -3  -2   1  -2  -2  -1   1  -1  -2  -2  -2    2   5  22  16   1   6   2   7   6   2   3   9   1   1   3   8   3   0   1   2  0.29 0.14
  139 A     0   0   0   0  -1   0   0   1   0  -1  -1   0   1  -1   1   1   0  -1  -1  -1    9   5   3   7   1   2   7  11   2   4   5   5   6   3   7   9   7   1   2   4  0.05 0.03
  140 M     0   0   0   1   0   0   0  -1   0   0   0   0   1   0   1   0   0   0   0   0    7   6   3   9   3   3   5   5   2   8   9   4   6   3   6   5   5   2   3   7  0.01 0.01
  141 S     0   0   3   1   2   0   0   0   1  -2  -2  -1  -1  -1  -1   1  -1  -1  -1  -1    5   6  20   7   6   3   3   8   3   2   4   2   1   3   3  13   2   1   2   4  0.15 0.09
  142 F     0   2  -1  -1  -1   0   0  -1   1  -1  -1   0   0   1   2   0   1  -1   0  -1    7  13   2   2   1   2   6   3   5   4   5   6   3   8  10   5  10   1   4   3  0.09 0.06
  143 A     1   2   1   0  -3   1   1  -2   1  -1  -1   2  -1  -2  -1   0   0  -3  -2  -2   12  13   7   6   0   8   8   2   4   4   5  15   1   1   1   3   6   0   1   2  0.16 0.11
  144 I     0  -3  -3  -4   6  -4  -4  -4   0   3   0  -3  -2   1  -3  -3  -2  -4  -2   4    8   1   1   0  18   0   0   1   2  19   7   1   0   7   1   1   2   0   1  29  0.62 0.30
  145 L    -2  -3  -4  -5   3  -3  -4  -5  -4   0   4  -2   1   4  -1  -3  -2  -3   2   0    2   1   0   0   7   1   0   0   0   3  46   3   3  16   3   1   1   0   7   6  0.62 0.31
  146 T    -1   2   1   2  -2   2   3  -1   1  -2  -3   2  -2  -4  -2   0  -1  -4  -2  -3    4  10   8  12   1   9  19   3   3   2   2  15   1   0   2   6   3   0   1   1  0.32 0.19
  147 D     1   0   1   0  -2  -1  -1  -2   1   1   0   0   0  -1  -2  -1   0   1   1   1   15   5  10   5   0   1   2   1   5  12  12   4   1   0   1   2   6   2   7   8  0.08 0.11
  148 L    -4  -5  -5  -6  -4  -4  -5  -5  -5   3   6  -5   3  -1  -5  -5  -3  -4  -4   0    1   0   0   0   0   0   0   1   0  13  69   0   7   2   0   0   1   0   0   3  1.21 0.48
  149 Q     1   4  -2  -3  -2   2  -1  -3  -2  -2   1   2   0   0  -3  -1  -2  -2  -2  -2   11  30   1   1   1   8   3   1   1   1  14  15   2   4   0   3   1   0   1   2  0.39 0.26
  150 K    -2   3   1   1  -4   3   1  -1   1  -3  -3   3  -1  -3  -3   0  -1  -4  -3  -2    2  19   7   8   0  15   7   5   3   1   2  17   2   1   0   5   4   0   0   2  0.38 0.24
  151 Y    -6  -6  -6  -7  -2  -6  -1  -7  -2  -6  -5  -6  -5   1  -7  -6  -6   5   9  -6    0   0   0   0   1   0   5   0   0   0   0   0   0   5   0   0   0   8  80   0  2.84 0.97
  152 V    -3  -5  -6  -6  -4  -5  -6  -6  -5   3   5  -5   3  -1  -6  -4  -4  -5   0   1    2   0   0   0   0   0   0   0   0  16  60   0   8   2   0   1   0   0   3   8  1.14 0.49
  153 M     0   1   0   1   0   3   1  -1  -1   1  -1   1   1  -3  -3  -1  -2  -2  -2   1    8   7   5   8   2  16   7   4   1   8   4  10   4   0   0   2   1   0   1  12  0.15 0.16
  154 E     1  -2   1   5  -2   2   3  -1  -2  -5  -3  -1  -2  -4  -3  -1  -1  -5  -4  -4   13   1   5  33   1   9  19   4   0   0   3   4   1   1   0   4   2   0   0   0  0.61 0.35
  155 E    -4  -4  -4  -2  -7  -2   8  -6  -4  -7  -5  -1  -6  -7  -5  -3  -4  -7  -6  -6    1   0   0   0   0   1  92   0   0   0   1   2   0   0   0   1   1   0   0   0  2.40 0.91
  156 S     2  -4  -3  -3  -3  -3  -3  -3   6  -1  -1  -3   2  -3  -4   4  -1   1   1   1   14   0   0   0   0   0   0   1  19   3   5   1   5   0   0  32   3   2   5   9  0.62 0.39
  157 K    -2   3   0  -2  -5   1   0  -1  -1  -1   0   4   0  -3  -4  -2  -2  -4  -2  -2    2  16   4   1   0   5   5   6   1   3  12  35   2   1   0   2   1   0   1   3  0.45 0.29
  158 H    -1   1   2   6  -4  -1   1  -2   2  -4  -3   0  -4  -3  -3  -1   0  -6  -4  -4    5   8   9  42   0   2   8   3   5   0   2   4   0   1   0   2   7   0   0   1  0.71 0.37
  159 T    -3   1  -4  -4  -6  -2  -2  -5  -4  -3  -3   7  -2  -3  -5  -3  -2  -6  -1  -4    2   4   0   0   0   1   1   1   0   2   3  78   1   1   0   1   2   0   2   1  1.67 0.70
  160 I    -3   3   0  -2  -2   0  -1  -2   1  -1   0   5   0  -1  -3   0  -1  -4  -1  -1    1  17   3   2   1   2   1   2   3   4   8  37   2   3   1   6   3   0   2   4  0.44 0.29
  161 G    -2   1   3   0  -5   2   0   3   0  -4  -4   3  -3  -4  -2  -1  -2  -5  -4  -4    1   6  15   5   0  10   5  26   3   0   1  21   0   0   2   3   1   0   0   1  0.54 0.32
  162 E    -1   1  -2   0  -1   2   2  -3   0   1  -2   3   0  -4  -1   0   0  -4  -2  -1    4   5   1   4   1   9  15   1   2   8   4  26   2   0   2   5   5   0   1   5  0.26 0.21
  163 D    -1  -2   0   4  -2   1   4  -2  -1  -5  -5  -1  -5  -5   4  -2  -2   1  -4  -3    5   1   4  24   1   5  24   2   1   0   1   3   0   0  19   2   1   2   0   2  0.70 0.38
  164 F    -5  -6  -6  -6  -5  -6  -5  -6  -5   2   2  -6   0   6  -6  -6  -4   7   3  -1    0   0   0   0   0   0   1   0   0  13  22   0   2  35   0   0   0  15   7   4  1.31 0.52
  165 D    -4   0   2   6  -5   0   1  -3   0  -6  -5  -1  -4  -6  -3   0   0  -7  -5  -4    0   4   9  53   0   4   8   1   2   0   1   3   0   0   1   6   6   0   0   1  1.09 0.50
  166 L    -1  -3  -4  -3  -1  -3  -2  -4  -2   1   1  -3   1   4  -1  -1   1   2   2   2    3   1   0   1   1   0   3   1   1   9  15   1   4  18   4   3  12   2   8  14  0.30 0.21
  167 I    -1  -2   0  -1  -1  -1   0  -2  -1   0   0  -1  -1   1  -1   3   2  -2  -1   0    2   0   5   3   1   1   5   1   1   7  12   3   1   6   3  27  13   0   1   5  0.17 0.19
  168 H    -2  -1   1   1  -4  -1   2   2   3  -4  -4   0  -3  -4   3   1  -1  -5  -1  -3    2   2   7   9   0   2  13  19   8   1   0   6   0   0  13  12   3   0   2   1  0.39 0.25
  169 L    -4  -2  -6  -3  -3  -3  -1  -4  -3  -2  -3   0   2   1  -3  -1   0  11  -1  -3    1   2   0   2   1   1   5   1   1   2   3   7   5   4   1   6   5  51   1   2  1.88 0.71
  170 D    -3  -1   4   4   0   0   3  -1  -2  -3  -5   1  -4  -6  -2  -1  -1  -6  -4  -3    1   2  19  27   2   4  22   4   0   2   0   7   0   0   1   3   3   0   0   2  0.67 0.36
  171 C    -1  -4  -4  -5   3  -4  -5  -4  -5   5   1  -4   0  -2  -4   0   1  -5  -2   2    5   0   0   0   7   0   0   1   0  41  10   0   1   1   0   9  10   0   2  12  0.68 0.36
  172 P    -3  -7  -7  -6  -7  -6  -6  -5  -7  -7  -7  -6  -7  -8   9  -4  -6  -8  -8  -7    2   0   0   0   0   0   0   1   0   0   0   0   0   0  95   1   0   0   0   0  3.23 1.06
  173 Q    -4   3  -4  -4   0   7   0  -5  -1  -4   0  -1   0  -6  -5  -3  -2  -6  -5  -3    1  15   0   0   2  55   5   0   1   1  10   3   2   0   0   1   2   0   0   2  1.26 0.61
  174 Q    -6  -4  -5  -5  -8   9  -3  -7  -4  -8  -7  -4  -5  -8  -6  -5  -6  -7  -6  -7    0   0   0   0   0 100   0   0   0   0   0   0   0   0   0   0   0   0   0   0  3.28 1.17
  175 P    -2   0   1   1  -4   2   2  -1   0  -3   0   1   3  -2   0  -1   0  -4  -2  -3    2   5   8   9   0  11  15   4   2   0   8  10  10   1   4   4   7   0   1   0  0.22 0.20
  176 N    -6  -5   9  -2  -8  -5  -5  -5  -4  -8  -8  -5  -7  -8  -7  -4  -3  -9  -7  -8    0   0  98   1   0   0   0   0   0   0   0   0   0   0   0   0   1   0   0   0  3.15 1.06
  177 G    -2  -5  -1   1  -3  -5  -2   7  -4  -4  -6  -4  -1  -5  -5  -1  -1  -4  -6  -5    2   0   3   7   1   0   3  71   0   1   0   0   2   0   0   5   4   0   0   1  1.45 0.58
  178 Y    -3  -4   1  -3   1  -4  -4  -4   0  -4  -4  -3  -4   3  -5   5  -2   4   5  -4    0   0   6   1   3   0   0   1   2   0   1   1   0  13   0  47   1   5  19   1  1.07 0.56
  179 D    -6  -6  -2   9  -8  -5  -3  -6  -6  -8  -8  -5  -8  -8  -6  -5  -6  -9  -8  -8    0   0   1  99   0   0   0   0   0   0   0   0   0   0   0   0   0   0   0   0  3.03 0.98
  180 C    -5  -9  -8  -9  12  -8  -9  -8  -8  -6  -6  -8  -7  -7  -8  -5  -6  -7  -5  -6    0   0   0   0  99   0   0   0   0   0   0   0   0   0   0   0   0   0   0   0  4.43 1.20
  181 G    -4  -7  -5  -6  -7  -6  -7   8  -6  -8  -8  -6  -7  -8  -7  -5  -6  -7  -8  -8    0   0   0   0   0   0   0 100   0   0   0   0   0   0   0   0   0   0   0   0  2.77 0.89
  182 I    -1  -6  -7  -7  -3  -5  -6  -7  -7   1  -2  -6   6  -4  -6  -5  -4  -6  -5   7    4   0   0   0   0   0   0   0   0   7   0   0  21   0   0   0   0   0   0  68  1.73 0.68
  183 Y    -7  -7  -8  -8  -7  -8  -8  -8  -6  -5  -4  -8  -5   9  -8  -7  -7  -3   2  -5    0   0   0   0   0   0   0   0   0   0   0   0   0  95   0   0   0   0   5   0  3.20 0.97
  184 V     2  -4  -4  -5  -1  -4  -4  -4  -5  -1   0  -4   4  -4  -4   1   4  -5  -4   2   18   0   0   0   1   0   0   0   0   1  10   0  13   0   0  11  28   0   0  18  0.66 0.40
  185 C    -3  -7  -7  -8  10  -7  -7  -7  -7  -1   3  -7  -3  -6  -7  -2  -4  -6  -6  -3    2   0   0   0  67   0   0   0   0   4  23   0   0   0   0   3   0   0   0   1  2.59 0.82
  186 M    -3  -2  -3  -4  -2   4  -1  -5  -3  -3  -2   5   5  -4  -5  -2   2  -5  -5  -3    2   1   0   0   1  20   2   0   0   1   4  35  18   0   0   2  12   0   0   1  0.91 0.49
  187 N    -2  -5   1  -6  -1  -5  -5  -4  -3  -2  -4  -5  -2   6  -6  -3   2  -2   7  -2    3   0   8   0   1   0   0   1   0   3   0   0   1  34   0   1  11   0  36   2  1.38 0.57
  188 T     6  -5  -5  -5   3  -4  -5  -2  -5   0  -1  -4   3  -5  -4  -1  -1  -3  -5  -2   64   0   0   0   6   0   0   2   0   6   6   0   8   0   0   3   3   0   0   1  1.09 0.53
  189 L    -4   0  -1   5  -6  -1   5  -5  -1  -5  -2   2  -5  -3  -4  -3  -4  -6  -3  -5    1   5   1  31   0   1  38   0   1   0   4  15   0   1   0   0   0   0   1   0  1.03 0.48
  190 Y     0  -1  -4  -6   6  -4  -5  -5   1  -4  -2  -5  -2   4  -6  -2  -2   2   7  -3    7   3   1   0  18   0   0   0   4   0   3   0   1  17   0   3   3   2  37   2  1.24 0.52
  191 G    -1  -3  -5  -6  -2  -5  -4  -4   0   5   4  -4   0  -2  -5  -3  -3  -4   1   2    5   2   0   0   0   0   1   1   3  32  37   0   2   0   0   1   0   0   6  10  0.78 0.37
  192 S     3  -4  -3  -4   2  -4  -3  -3  -5  -5  -4  -4  -4  -6  -4   5   3  -6  -5  -2   23   0   0   0   4   0   1   1   0   0   1   0   0   0   0  52  16   0   0   3  1.12 0.56
  193 A    -3   7  -2  -1  -1   0  -1  -4  -2  -2   0   1  -2  -1  -5  -2  -3  -5  -4  -3    2  55   2   3   2   4   3   1   1   2  10   8   0   3   0   2   1   0   0   1  0.97 0.46
  194 D    -3  -1   3   5  -4  -2   0   4  -2  -6  -6  -2  -3  -6  -5  -1  -3  -4  -6  -6    1   4  15  30   0   1   6  36   1   0   0   1   1   0   0   3   1   0   0   0  0.98 0.44
  195 A     2   2  -2  -2  -1   2   1  -2  -2  -1   0   3  -1  -4  -3  -1  -2   0  -2  -1   19  12   0   1   1   9   7   2   0   3  12  19   1   0   0   4   1   1   1   4  0.24 0.21
  196 P     0   0  -2   0  -2  -2   2  -1  -2  -4  -5   0  -3  -6   6   0  -1  -6  -5  -3    6   5   1   5   1   1  12   5   1   1   0   6   1   0  42   8   3   0   0   1  0.89 0.40
  197 L    -4  -5  -6  -6  -5  -4  -4  -6  -5   4   4  -5   0   5   0  -5  -3  -4  -2   0    0   0   0   0   0   0   1   0   0  21  40   0   1  26   6   0   1   0   0   3  1.02 0.44
  198 D    -1  -1   3   3   2  -1  -1  -3  -1  -2  -3  -2  -3  -4  -3   2   4   0  -3  -2    5   3  15  15   5   3   2   1   1   2   2   1   0   0   0  14  26   1   1   2  0.46 0.31
  199 F    -7  -7  -7  -8  -7  -7  -8  -8  -5  -3  -3  -7  -4   9  -8  -7  -6  -3   4  -4    0   0   0   0   0   0   0   0   0   1   1   0   0  87   0   0   0   0  10   1  2.86 0.89
  200 D    -2  -2   1   1  -2  -2  -1   1  -1  -5  -5  -1  -4  -5  -4   4   4  -6  -5  -3    2   1   5   7   1   1   3  10   1   0   0   3   0   0   0  36  30   0   0   1  0.75 0.43
  201 Y     0  -3  -3  -5  -7   8  -2  -6   0  -7  -6  -1  -5  -7  -1  -2  -4  -6  -3  -6    7   0   0   0   0  80   1   0   2   0   0   2   0   0   4   2   0   0   1   0  2.19 0.86
  202 K     0   2   0   1  -1   3   3  -2   1  -4  -4   3  -3  -4  -3   1  -1  -5  -3  -4    7  11   5   6   1  12  19   1   4   1   1  18   0   0   1   9   3   0   1   0  0.42 0.26
  203 D    -5  -4   3   7  -7   1  -1  -5   7  -6  -6  -4  -4  -6  -5  -3  -3  -7  -2  -7    0   0  13  53   0   5   2   0  23   0   0   0   0   0   0   0   1   0   1   0  1.69 0.64
  204 A    -1  -6  -7  -7  -6  -5  -6  -7  -6   4  -2  -6  10  -4  -7  -4  -3  -6  -5  -1    6   0   0   0   0   0   0   0   0  21   0   0  68   0   0   1   1   0   0   2  2.38 0.85
  205 I    -1  -3  -2  -2  -4  -2  -1  -4   0  -2  -3   1  -2  -6   7  -1  -2  -6  -4  -1    4   1   2   2   0   2   5   1   2   2   2   9   1   0  56   4   2   0   0   4  1.26 0.51
  206 R    -3   1   0  -2  -5  -1   0  -3   1  -2   0   0  -2   0  -5  -2  -2  -2   7  -2    2   9   5   2   0   2   7   2   2   2  12   6   0   3   0   2   2   0  40   2  0.72 0.38
  207 M    -5  -6  -6  -7  -2  -6  -6  -7  -4   3   3  -5   3   7  -6  -5  -5  -3   1  -1    0   0   0   0   1   0   0   0   0  17  24   0   8  44   0   0   0   0   3   3  1.29 0.50
  208 R    -6   9  -5  -6  -8  -3  -5  -7  -2  -8  -7  -2  -6  -8  -7  -5  -6  -7  -6  -7    0  99   0   0   0   0   0   0   1   0   0   0   0   0   0   0   0   0   0   0  3.01 0.98
  209 R    -3   5   0  -2  -3   2  -1  -5   0  -2   0   4  -1  -5  -4  -2  -2  -2  -1  -3    1  30   3   1   1   8   3   0   2   2   9  32   2   0   0   1   2   1   2   1  0.71 0.38
  210 F    -3   6  -3  -5  -4   1  -3  -5  -1  -4  -1   4   1  -4  -5  -2  -4  -5   1  -3    1  48   0   0   0   5   0   0   1   1   5  26   3   1   0   2   0   0   5   1  1.18 0.52
  211 I    -4  -6  -6  -7  -5  -5  -6  -7  -6   4  -1  -6   9  -4  -7  -5   1  -6  -5  -1    1   0   0   0   0   0   0   0   0  25   3   0  61   0   0   0   8   0   0   2  2.18 0.79
  212 A     3  -4  -5  -4  -2  -2  -4  -1  -4   2  -1  -2   2  -3  -4  -3  -1  -4   2   4   26   0   0   1   1   1   0   4   0  12   4   2   4   0   0   0   3   0   7  35  0.59 0.35
  213 H     0  -2  -3  -5  -2  -2  -4  -5   3  -3   1   2  -3  -1  -5  -3  -4   8   5  -1    7   1   1   0   1   1   0   0   8   1  15  15   0   2   0   1   0  20  23   4  0.95 0.44
  214 L    -4  -3  -3  -1  -7   0   7  -5  -4  -7  -2  -3  -1  -7  -5  -2  -4  -7  -6  -6    1   1   1   3   0   2  83   1   0   0   5   0   1   0   0   2   0   0   0   0  1.92 0.75
  215 I    -5  -7  -7  -7  -2  -6  -7  -8  -7   8   2  -6   0  -4  -7  -6  -5  -6  -5  -1    0   0   0   0   1   0   0   0   0  78  18   0   1   0   0   0   0   0   0   1  1.96 0.68
  216 L    -2  -4  -4  -5   4  -4  -5  -1  -5   2   4  -3   4  -2  -5  -1  -1  -4  -3   1    3   0   0   0   9   0   0   6   0  10  45   1  10   1   0   4   3   0   1   7  0.64 0.33
  217 T    -2   0   3   1  -5   2   1  -2   6  -4  -4   1  -3  -4  -4   1   2  -5  -2  -4    1   5  15   6   0   9   7   1  22   0   1   9   0   0   0  10  12   0   1   0  0.60 0.32
  218 D     0   1   0  -1   3   2  -1   4  -1  -4  -3   2  -1  -5  -4   0  -2  -4  -3  -3    7   6   4   4   7  11   1  30   1   0   2  15   1   0   0   7   1   0   0   1  0.43 0.25
  219 A    -2   3  -1  -1   0   3   1   1   1  -5  -5   5  -4  -5  -4   0  -2  -5  -4  -5    2  13   2   3   2  14   7  10   3   0   0  35   0   0   0   6   2   0   0   0  0.63 0.33
  220 L    -5  -5  -7  -7  -5  -5  -6  -7  -6   1   6  -4   0   1  -6  -4  -4  -5  -4  -2    0   0   0   0   0   0   0   0   0   6  85   1   2   4   0   1   0   0   0   1  1.57 0.57
  221 K    -2   4  -1  -1  -5   2   4  -3  -1  -4  -4   3  -3  -4  -2  -1  -2  -4  -3  -4    0  24   0   0   0   5  44   0   0   0   0  27   0   0   0   0   0   0   0   0  0.77 0.18

                      K         Lambda
Standard Ungapped    0.1373     0.3210
Standard Gapped      0.0562     0.2670
PSI Ungapped         0.1834     0.3139
PSI Gapped           0.0562     0.2670
