
Last position-specific scoring matrix computed, weighted observed percentages rounded down, information per position, and relative weight of gapless real matches to pseudocounts
            A   R   N   D   C   Q   E   G   H   I   L   K   M   F   P   S   T   W   Y   V   A   R   N   D   C   Q   E   G   H   I   L   K   M   F   P   S   T   W   Y   V
    1 P    -2  -3  -3  -2  -4  -2  -2  -3  -3  -4  -4  -2  -3  -5   8  -2  -2  -5  -4  -3    0   0   0   0   0   0   0   0   0   0   0   0   0   0 100   0   0   0   0   0  2.33 0.12
    2 A     1  -3  -3  -4  -2  -3  -3  -3  -4   4   0  -3   0  -2  -3   0  -1  -4  -2   4   15   0   0   0   0   0   0   0   0  44   0   0   0   0   1   7   0   0   0  33  0.50 0.15
    3 A     5  -3  -3  -3  -2  -1  -2   1  -3  -2  -3  -2  -2  -4  -2   0   0  -4  -3  -1   82   0   0   0   0   1   0   8   0   0   0   0   0   0   0   3   3   0   0   4  0.79 0.22
    4 K    -2   1  -2  -2  -5   0  -1  -3  -2  -5  -4   7  -3  -5  -3  -2  -2  -5  -4  -4    0   1   0   0   0   0   0   0   0   0   0  99   0   0   0   0   0   0   0   0  1.47 0.31
    5 S     0  -3  -1  -2  -3  -2  -2  -2  -3  -4  -4  -2  -3  -4  -3   6   1  -5  -3  -3    0   0   0   0   0   0   0   0   0   0   0   0   0   0   0  96   4   0   0   0  1.26 0.32
    6 I     0  -2   2  -2  -1  -2  -2  -2  -2   2   0  -2   1  -3  -3   4   0  -4  -3   1    1   0  13   0   1   0   0   0   0  14   5   0   4   0   0  46   2   0   0  13  0.34 0.16
    7 V    -2  -4  -4  -5  -2  -4  -4  -5  -5   5   0  -4   0  -2  -4  -3  -1  -4  -3   5    0   0   0   0   0   0   0   0   0  46   3   0   0   0   0   0   1   0   0  50  0.87 0.22
    8 T    -2  -3  -3  -4  -2  -3  -3  -4  -4   3   3  -3   0  -1  -3  -2   3  -3  -2   2    0   0   0   0   0   0   0   0   0  23  36   0   1   0   0   0  31   0   0   9  0.49 0.16
    9 L    -3  -4  -5  -5  -3  -3  -4  -5  -4   1   5  -4   3   2  -2  -4  -2  -3  -2   0    0   0   0   0   0   0   0   0   0   4  78   0   9   7   2   0   0   0   0   0  0.85 0.21
   10 D    -3  -3   0   7  -5  -1   2  -3  -3  -5  -5  -2  -5  -5  -3  -2  -3  -6  -5  -5    0   0   1  87   0   1  11   0   0   0   0   0   0   0   0   0   0   0   0   0  1.61 0.30
   11 V    -2  -4  -5  -5  -1  -4  -4  -5  -5   3  -1  -4   0  -2  -4  -3  -2  -4  -3   6    0   0   0   0   1   0   0   0   0  10   0   0   2   0   0   0   0   0   0  87  1.09 0.27
   12 K    -3   1  -2  -2  -5   0   0  -3  -2  -5  -4   7  -3  -5  -3  -2  -2  -5  -4  -4    0   0   0   0   0   0   2   0   0   0   0  98   0   0   0   0   0   0   0   0  1.50 0.34
   13 P    -3  -4  -4  -4  -5  -3  -3  -4  -4  -5  -4  -3  -4  -6   9  -2  -3  -6  -5  -4    0   0   0   0   0   0   0   0   0   0   1   0   0   0  98   1   0   0   0   0  2.68 0.38
   14 W    -5  -4  -6  -7  -5  -5  -6  -5  -5  -5  -4  -6  -4  -2  -6  -5  -5  13   0  -6    0   1   0   0   0   0   0   0   0   0   0   0   0   0   0   0   0  99   0   0  4.11 0.56
   15 D    -4  -4  -1   8  -5  -2   0  -2  -3  -5  -6  -3  -5  -6  -3  -2  -3  -6  -5  -5    0   0   0  96   0   0   1   2   0   0   0   0   0   0   0   1   0   0   0   0  1.87 0.36
   16 D    -4  -4   1   8  -6  -2   0  -3  -3  -5  -6  -3  -5  -6  -3  -2  -3  -6  -5  -5    0   0   3  97   0   0   0   0   0   0   0   0   0   0   0   0   0   0   0   0  1.93 0.36
   17 E    -3  -2  -2   0  -5   0   7  -4  -2  -5  -5   0  -4  -5  -3  -1   0  -5  -4  -4    0   0   0   2   0   1  88   0   0   0   0   1   0   0   0   2   6   0   0   0  1.39 0.32
   18 T    -2  -3  -2  -3  -3  -3  -3  -4  -4  -2  -3  -3  -1  -4  -3   0   7  -4  -4  -1    1   0   0   0   0   0   0   0   0   1   0   0   1   0   0   0  94   0   0   3  1.42 0.36
   19 N    -3  -3   3   7  -5  -2   0  -3  -3  -5  -6  -2  -5  -5  -1  -2  -3  -6  -5  -5    0   0  12  84   0   0   1   0   0   0   0   0   0   0   2   0   0   0   0   0  1.60 0.32
   20 L    -3  -4  -4  -5  -3  -3  -4  -5  -2   0   3  -4   9  -2  -5  -4  -3  -3  -3  -1    0   0   0   0   0   0   0   0   1   1  20   0  77   0   0   0   0   0   0   0  1.60 0.37
   21 E     2  -1  -1   1  -2   1   2  -1  -2  -2  -2   3  -2  -4  -2   0   0  -4  -3   0   30   0   1   8   0   3  15   1   0   0   1  29   0   0   0   2   3   0   0   7  0.32 0.14
   22 E     2  -1  -1   0  -3   2   4  -2  -1  -3  -3   3  -2  -4  -2  -1  -1  -4  -3  -2   21   0   0   3   0  11  36   1   0   1   1  23   1   0   0   0   0   0   0   2  0.50 0.17
   23 M    -3  -3  -5  -5  -3  -3  -4  -5  -4   1   5  -4   6  -1  -4  -4  -2  -3  -3   0    0   0   0   0   0   0   0   0   0   3  65   0  28   0   0   0   0   0   0   4  0.95 0.24
   24 V    -2  -2  -2   0  -5   0   6  -4  -2  -3  -1  -1  -3  -4  -3  -2  -1  -5  -4  -2    2   0   0   0   0   0  83   0   0   1   7   1   0   0   0   0   4   0   0   2  1.13 0.29
   25 A     3   0  -1   0  -3   0   3  -2  -2  -3  -3   3  -2  -3  -2   0  -1  -4  -3  -2   32   2   2   1   0   1  29   0   0   0   0  24   0   1   0   4   2   0   0   1  0.45 0.16
   26 N     2  -2   3  -2   6   0   0   0  -1  -2  -1   0  -1  -2  -3   1  -1  -4  -3  -2   24   1  18   0  22   3   5   4   1   1   5   6   1   1   0   7   0   0   0   1  0.33 0.13
   27 V    -1  -4  -4  -5  -1  -4  -4  -5  -5   2   0  -4   0  -1  -4  -3  -1  -4  -3   6    4   0   0   0   1   0   0   0   0   4   2   0   1   1   0   0   1   0   0  86  1.02 0.27
   28 K    -3   7  -2  -3  -5  -1  -2  -4   0  -4  -2   2  -3  -4  -4  -2  -3  -5  -3  -4    0  83   0   0   0   0   0   0   2   0   4  11   0   0   0   0   0   0   0   0  1.41 0.31
   29 A     2  -1  -1  -1  -2  -1  -1   1  -2  -3  -3   0  -2  -4  -2   4   1  -4  -3  -2   23   1   1   1   0   1   2   8   0   0   0   7   0   0   0  47   8   0   0   0  0.48 0.17
   30 I    -3  -5  -5  -5  -3  -4  -5  -5  -5   7   0  -4   0  -2  -4  -4  -2  -4  -3   3    0   0   0   0   0   0   0   0   0  83   2   0   0   0   0   0   0   0   0  16  1.21 0.29
   31 E    -1  -1  -1   0  -4   5   5  -3   0  -4  -4   0  -3  -4  -3  -1   0  -4  -3  -3    4   0   0   0   0  31  48   0   1   0   0   3   0   0   0   3   7   0   0   1  0.82 0.23
   32 M     1  -1  -3  -3   0   1  -2  -3  -2   0   1   2   6  -2  -3  -1  -1   0  -2  -1   15   2   0   0   2   6   0   0   1   3  11  15  38   0   0   1   3   1   0   1  0.40 0.18
   33 E    -3  -3   0   7  -5  -2   2  -3  -3  -5  -5  -2  -5  -5  -1  -2  -3  -6  -5  -5    0   0   1  83   0   0  13   0   0   0   0   0   0   0   3   0   0   0   0   0  1.57 0.32
   34 G    -2  -1  -2  -2  -4  -3  -4   7  -4  -6  -5  -3  -4  -5  -4  -2  -3  -4  -5  -5    0   4   0   1   0   0   0  94   0   0   0   0   0   0   0   0   0   0   0   0  1.70 0.31
   35 L    -3  -4  -5  -5  -3  -4  -5  -5  -5   0   6  -4   1   0  -5  -4  -3  -3  -3  -1    0   0   0   0   0   0   0   0   0   0  98   0   0   2   0   0   0   0   0   0  1.24 0.29
   36 T    -2  -3  -3  -4  -2  -3  -3  -4  -2   1   3  -3   0   0  -4  -2   1  -3  -2   4    0   0   1   0   0   1   1   0   1   3  28   1   0   3   0   0   9   0   0  52  0.50 0.17
   37 W    -5  -5  -6  -7  -5  -5  -5  -5  -5  -5  -3  -6  -4  -2  -6  -4  -5  13   0  -5    0   0   0   0   0   0   0   0   0   0   1   0   0   0   0   1   0  97   1   0  3.97 0.54
   38 G    -1  -4  -2  -2  -4  -3  -4   7  -4  -6  -6  -2  -5  -5  -4  -2  -3  -4  -5  -5    1   0   0   1   0   0   0  96   0   0   0   1   0   0   0   1   0   0   0   0  1.76 0.32
   39 A     5  -3  -2  -1  -2  -1  -2   1  -3  -3  -2  -2  -2  -4  -2   2   0  -4  -3  -1   66   0   0   3   0   2   0   9   0   0   2   0   0   0   1  12   4   0   0   1  0.60 0.20
   40 H     1  -2  -1  -1  -2  -2  -2  -1   4  -4  -4  -2  -3  -3  -3   6   0  -4  -2  -3    7   0   0   1   0   0   0   2  10   0   0   0   0   1   0  77   0   0   1   0  0.92 0.28
   41 Q    -2   1  -2  -2  -5   2  -1  -3  -2  -5  -4   7  -3  -5  -3  -2  -1  -5  -4  -4    0   2   0   0   0   8   0   0   0   0   0  88   0   0   0   0   2   0   0   0  1.32 0.32
   42 F    -3  -4  -4  -5  -3  -4  -4  -5  -4   0   5  -4   1   2  -5  -4  -3   3  -2   0    0   0   1   0   0   0   0   0   0   1  85   0   0   8   0   0   0   4   0   1  0.98 0.25
   43 I    -1  -4  -4  -5  -2  -3  -4  -5  -5   3   0  -3   1  -2  -4  -3  -1  -4  -3   6    3   0   0   0   0   1   0   0   0  11   4   0   2   0   0   0   1   0   0  78  0.90 0.25
   44 P     1  -4  -4  -3  -4  -3  -2  -3  -4  -4  -3  -3  -4  -5   8  -2  -3  -5  -5  -4   15   0   0   0   0   0   1   0   0   0   2   0   0   0  80   1   0   0   0   0  2.01 0.33
   45 I    -2  -4  -4  -4  -2  -3  -3  -5  -4   3   1  -4   1  -2  -4  -3  -2  -4  -3   5    0   0   0   0   0   1   1   0   0  20  13   0   4   0   0   0   0   0   0  62  0.75 0.21
   46 G     2  -4  -2  -3  -3  -3  -3   6  -4  -4  -4  -3  -4  -3  -3  -1  -3  -4  -4  -3   20   0   0   0   0   0   0  76   0   0   0   0   0   1   0   1   0   0   0   2  1.25 0.26
   47 F    -4  -4  -4  -5  -4  -2  -4  -5   0  -3  -2  -4  -2   5  -5  -3  -4   0   8  -3    0   0   0   0   0   2   0   0   1   0   0   0   0  29   0   2   0   0  67   0  1.67 0.33
   48 G    -1  -3  -1  -3  -4  -3  -4   7  -4  -6  -6  -3  -5  -5  -4  -2  -3  -4  -5  -5    0   1   1   1   0   0   0  96   0   0   0   1   0   0   0   0   0   0   0   0  1.76 0.32
   49 I    -3  -5  -5  -5  -3  -5  -5  -6  -5   7   0  -4   0  -1  -5  -4  -2  -4  -3   2    0   0   0   0   0   0   0   0   0  89   1   0   0   1   0   0   0   0   0   9  1.29 0.30
   50 K    -2   2   1  -2  -4   2  -1  -3   2  -4  -4   6  -2  -3  -3  -1  -2  -4  -3  -4    0   8   8   0   0   6   0   0   6   0   1  67   1   1   0   3   0   0   0   0  0.86 0.24
   51 K    -3   0  -2  -3  -5  -1  -1  -4  -3  -5  -4   7  -2  -5  -3  -2  -3  -5  -4  -3    0   0   0   0   0   0   0   0   0   0   0  98   1   0   0   0   0   0   0   1  1.55 0.36
   52 L    -3  -4  -5  -5  -3  -4  -5  -5  -4   0   6  -4   2   0  -5  -4  -3  -3  -2  -1    0   0   0   0   0   0   0   0   0   1  93   0   3   3   0   0   0   0   0   0  1.13 0.27
   53 Q    -3   0  -2  -2  -5   8   0  -4  -2  -5  -4  -1  -2  -5  -3  -1  -1  -4  -3  -3    0   3   0   0   0  90   1   0   0   0   0   0   0   0   0   2   3   0   0   1  1.63 0.38
   54 I    -3  -5  -5  -5  -2  -2  -5  -6  -5   7   0  -4   1  -2  -5  -4  -2  -4  -3   2    0   0   0   0   0   2   0   0   0  90   1   0   2   0   0   0   0   0   0   4  1.26 0.30
   55 N    -1  -1   4  -1   1   2  -1  -1  -1  -1  -1  -1   4  -3  -3   1   1  -4  -3  -1    2   1  26   0   4  16   0   2   0   3   2   0  17   0   0  13  12   0   0   2  0.33 0.16
   56 C    -2  -4  -4  -5   9  -4  -5  -4  -4  -1   3  -4   1  -2  -4  -2  -2  -4  -3  -1    2   0   0   0  56   0   0   0   0   1  32   0   3   1   0   1   1   0   1   3  1.36 0.28
   57 V    -1  -4  -4  -4  -2  -4  -4  -5  -3   1  -1  -4  -1  -2  -4  -2   1  -4  -3   6    2   0   0   0   0   0   0   0   1   3   1   0   0   0   0   0  10   0   0  83  0.97 0.27
   58 V    -2  -4  -5  -5  -2  -4  -4  -5  -5   4   0  -4   0  -2  -4  -3  -2  -4  -3   6    1   0   0   0   0   0   0   0   0  30   0   0   1   0   0   0   0   0   0  68  1.00 0.26
   59 E    -3  -2  -2   0  -5   0   7  -4  -2  -2  -4  -1  -3  -5  -3  -2  -3  -5  -4   0    0   0   0   0   0   0  90   0   0   2   0   0   0   0   0   0   0   0   0   8  1.37 0.33
   60 D    -4  -4   0   8  -6  -2   0  -3  -3  -5  -6  -3  -5  -6  -3  -2  -3  -6  -5  -5    0   0   1  98   0   0   1   0   0   0   0   0   0   0   0   0   0   0   0   0  1.96 0.37
   61 D    -1  -3  -1   7  -5  -1   4  -3  -2  -5  -4  -2  -4  -5  -3  -2  -2  -5  -4  -4    6   0   0  67   0   0  26   0   0   0   1   0   0   0   0   0   0   0   0   0  1.24 0.27
   62 K    -3   0  -2  -3  -5  -1  -1  -4  -3  -4   0   7  -2  -4  -3  -2  -2  -5  -4  -3    0   0   0   0   0   0   0   0   0   0  12  88   0   0   0   0   0   0   0   0  1.23 0.32
   63 V    -2  -4  -5  -5  -2  -4  -4  -5  -5   3   0  -4  -1  -2  -4  -3  -2  -4  -3   6    0   0   0   0   0   0   0   0   0  11   4   0   0   0   0   0   0   0   0  85  1.09 0.28
   64 S    -1  -3  -1  -2  -3  -2  -2   3  -3  -4  -4  -2  -3  -3  -2   5  -1  -4  -3  -3    0   0   0   0   0   0   1  28   0   0   0   0   0   1   0  68   0   0   1   1  0.90 0.27
   65 L    -1  -3  -3  -3  -2  -3  -3  -3  -3   2   2  -3   1  -2  -3  -1   4  -3  -2   3    0   0   0   0   0   0   0   2   0  12  24   0   3   0   0   2  34   0   0  22  0.42 0.16
   66 D    -3  -3   0   7  -5  -2   1  -3  -3  -4  -5  -2  -5  -5  -3  -1  -2  -6  -5  -4    0   0   1  86   0   0   6   0   0   1   0   0   0   0   0   3   1   0   0   0  1.57 0.31
   67 D    -2  -2  -1   4  -4  -1   3  -3  -2  -1   0  -2   2   2  -3  -1  -1   5  -1  -2    1   0   1  28   0   1  25   0   0   2  11   0   7  10   0   2   3   9   0   0  0.41 0.15
   68 L    -3  -4  -5  -5  -3  -4  -5  -5  -5   1   6  -4   1  -1  -5  -4  -3  -3  -3   0    0   0   0   0   0   0   0   0   0   2  95   0   1   0   0   0   0   0   0   1  1.18 0.28
   69 Q    -1  -1  -1  -1  -2   5   4  -3  -2   1  -3   0  -1  -4  -3  -1   0  -4  -3  -1    2   0   1   0   1  35  34   0   0  13   0   1   0   0   0   3   7   0   0   3  0.57 0.20
   70 Q    -1  -2  -2   2  -5   2   6  -2  -2  -5  -4  -1  -3  -5  -3  -1  -2  -4  -4  -4    3   0   0   8   0   9  77   1   0   0   1   0   0   0   0   1   0   0   0   0  1.16 0.28
   71 S     0   0   0  -1  -4   4   4  -3  -1  -3  -2   2   0  -4  -2   0   0  -4  -3  -3    6   3   2   0   0  21  35   0   0   0   2  18   2   0   1   3   5   0   0   0  0.50 0.16
   72 I    -2  -4  -5  -5  -3  -4  -4  -5  -5   7   1  -4   0  -2  -4  -4  -2  -4  -3   2    2   0   0   0   0   0   1   0   0  81   4   0   1   0   0   0   1   0   0  11  1.08 0.27
   73 E     0  -2  -1  -1  -1   2   4  -3  -2  -2  -2  -1   0  -4  -1   0   3  -4  -3  -1    9   0   0   0   1  11  37   0   0   0   3   1   3   0   1   2  29   0   0   2  0.45 0.17
   74 E     2  -1  -1   1  -3   0   4   0  -2  -4  -4   2  -3  -4   2   0  -1  -4  -3  -3   21   0   2   6   0   1  35   7   0   0   0  17   0   0   8   3   0   0   0   0  0.44 0.14
   75 D    -3  -3  -2   2   1  -3  -3  -4  -3   2   1  -4  -1   6  -4  -3  -2  -1   1  -1    1   0   2  15   3   0   0   0   0  13   9   0   0  52   0   1   1   0   1   2  0.68 0.20
   76 E    -2  -2   1   2  -5   0   6  -3  -2  -5  -5  -1  -4  -5  -3  -1  -2  -5  -4  -4    1   0   8   8   0   0  79   0   0   0   0   0   0   0   0   3   1   0   0   0  1.21 0.29
   77 D    -3  -3  -1   7  -5  -1   3  -3  -2  -5  -5  -2  -4  -5  -3  -1  -3  -6  -5  -5    1   0   0  74   0   1  23   0   0   0   0   1   0   0   0   1   0   0   0   0  1.42 0.29
   78 H    -3  -2  -2  -2  -4  -2  -3  -4   6  -3   0  -3  -2   3  -4  -3  -3   1   7  -3    0   1   0   2   0   0   0   0  28   0  11   0   0  12   0   0   1   1  44   0  1.08 0.26
   79 V    -2  -4  -5  -5  -1  -4  -4  -5  -5   2  -1  -4   0  -3  -4  -3  -2  -5  -3   6    0   0   0   0   1   0   0   0   0   4   0   0   2   0   0   0   0   0   0  93  1.24 0.31
   80 Q    -3  -1  -2  -2  -5   8   0  -4  -2  -5  -4   0  -2  -5  -3  -2  -3  -4  -4  -4    0   0   0   0   0  98   0   0   0   0   0   1   0   0   0   1   0   0   0   0  1.89 0.41
   81 S    -1  -3  -1  -2  -3  -2  -2  -2  -2  -4  -4  -2  -3  -3  -1   6   0  -5  -3  -3    0   0   0   0   0   0   0   0   1   0   0   0   0   1   2  94   3   0   0   0  1.23 0.33
   82 T    -1  -3  -3  -3   4  -3  -3  -4  -4   0  -1  -3   3  -2  -3   0   3  -4  -3   4    0   0   0   0   9   0   1   0   0   0   0   0  12   0   0   7  25   0   0  45  0.52 0.19
   83 D    -4  -3   1   8  -5  -2   0  -3  -3  -5  -6  -2  -5  -5  -3  -2  -3  -6  -5  -5    0   0   5  95   0   0   0   0   0   0   0   0   0   0   0   0   0   0   0   0  1.84 0.34
   84 I    -2  -4  -5  -5  -2  -4  -4  -5  -5   6   0  -4   0  -2  -4  -3  -1  -4  -3   4    0   0   0   0   0   0   0   0   0  63   0   0   1   0   0   0   1   0   0  35  0.97 0.24
   85 A     5  -3  -3  -3  -2  -1  -2  -2  -3  -1  -2  -2  -2  -3  -1   0   0  -4  -3   3   63   0   0   0   0   1   1   0   0   0   0   0   0   0   1   1   6   0   0  27  0.59 0.20
   86 A     6  -3  -3  -3  -2  -2  -2  -1  -3  -3  -3  -2  -2  -4  -2   1  -1  -4  -3  -1   91   0   0   0   0   0   0   1   0   0   0   0   0   0   0   6   2   0   0   1  1.03 0.27
   87 M    -3  -4  -4  -5  -4  -3  -4  -5  -3  -1   0  -4   6   7  -5  -3  -3   1   1  -2    0   0   0   0   0   0   0   0   0   0   3   0  35  60   0   1   0   2   0   0  1.26 0.28
   88 Q    -2  -1   7  -1  -4   5  -1  -2  -1  -5  -5  -1  -3  -5  -3   0  -1  -5  -3  -4    1   0  63   0   0  31   0   0   0   0   0   0   0   0   0   4   1   0   0   0  1.14 0.27
   89 K    -2   1  -2  -2  -5   0  -1  -3  -2  -5  -4   7  -3  -5  -3  -2  -2  -5  -4  -4    0   1   0   0   0   0   0   0   0   0   0  98   0   0   0   0   0   0   0   0  1.46 0.32
   90 L    -2  -4  -5  -5  -2  -4  -4  -5  -4   5   4  -4   1  -1  -4  -4  -2  -3  -2   2    0   0   0   0   0   0   0   0   0  52  41   0   0   0   0   0   0   0   0   7  0.77 0.19

                      K         Lambda
Standard Ungapped    0.1316     0.3135
Standard Gapped      0.0609     0.2670
PSI Ungapped         0.1990     0.3161
PSI Gapped           0.0609     0.2670
