
Last position-specific scoring matrix computed, weighted observed percentages rounded down, information per position, and relative weight of gapless real matches to pseudocounts
            A   R   N   D   C   Q   E   G   H   I   L   K   M   F   P   S   T   W   Y   V   A   R   N   D   C   Q   E   G   H   I   L   K   M   F   P   S   T   W   Y   V
    1 C    -1  -4  -4  -4   4  -3  -4  -4  -4   2   0  -3   0  -2  -3  -3  -1  -4  -2   5    0   0   0   0  10   0   0   0   0   4   0   0   0   0   0   0   0   0   0  86  0.77 0.18
    2 A     4  -3  -2  -3  -3  -2  -2   3  -3  -3  -4  -1  -3  -4  -3   3   2  -4  -4  -1   38   0   0   0   0   0   1  20   0   0   0   2   0   0   0  24  13   0   0   2  0.63 0.31
    3 A     3  -2  -2  -1  -3  -1   2   3  -3  -4  -4  -1  -3  -4   1   1   0  -4  -4  -3   29   2   1   3   0   1  19  26   0   0   0   1   0   0   5   8   4   0   0   1  0.50 0.27
    4 A     2   1  -2  -3  -4  -1  -3  -1  -4  -3  -4  -2  -3  -2   5   2   1  -5  -4  -1   21   7   1   1   0   2   0   5   0   0   0   1   0   2  35  14  10   0   0   3  0.74 0.35
    5 T     0  -2  -2  -3  -4   0  -3  -1  -4  -2  -4  -3  -3  -4  -1   2   6  -5  -3  -2    6   2   0   1   0   4   1   5   0   3   0   0   0   0   2  12  62   0   0   1  0.99 0.50
    6 V    -1   1  -2  -3  -4  -1  -4   5  -1  -2  -2  -3  -2   0  -4  -1  -1  -2  -4   2    3   8   1   0   0   2   0  52   1   1   2   0   1   4   0   2   4   1   0  17  0.72 0.37
    7 R     1   4  -2  -3  -4   3   0  -4   3  -4  -3  -1  -2  -3   3  -1   1  -5  -3  -2   12  28   1   1   0  17   4   0   7   0   2   1   1   1  13   1   9   0   0   2  0.55 0.34
    8 I    -2  -6  -6  -6  -4  -3  -6  -5  -6   7   2  -5  -2  -2  -4  -5  -3  -5  -3   2    3   0   0   0   0   1   0   0   0  67  16   0   0   1   1   0   1   0   0  11  1.35 0.55
    9 A    -1   1  -2  -4  -3  -1  -3  -1  -3   1  -2   0  -1  -4  -4   1   2  -5  -3   4    4   8   1   0   0   1   0   4   0   6   0   7   1   0   0  13  17   0   0  36  0.42 0.32
   10 G    -1  -6  -1  -5  -6  -5  -5   7  -5  -7  -7  -4  -6  -7  -6  -2  -3  -6  -6  -4    3   0   2   0   0   0   0  90   0   0   0   0   0   0   0   2   1   0   0   1  2.13 0.74
   11 R    -1   3  -2  -2  -3   3  -2  -3  -2   1   1  -1   0  -2   1  -1   0   0   2   1    5  17   1   1   0  17   0   1   0   8  14   1   1   1   8   3   5   1   7   9  0.23 0.22
   12 D     1  -4   3   2  -4  -2  -2   3  -3  -5  -5  -3  -4  -4  -3   4  -2  -5  -1  -4   13   0  12  13   0   1   1  25   0   0   0   0   0   0   0  30   1   0   2   0  0.69 0.40
   13 G    -3  -5   1  -3  -6  -5  -5   7  -3  -7  -7  -5  -6  -6  -5  -2  -5  -6  -6  -6    1   0   8   1   0   0   0  86   0   0   0   0   0   0   0   2   0   0   0   0  2.07 0.74
   14 F    -4   5  -3  -4  -5  -1  -3  -5  -4  -3   2   5   1  -1  -5  -3  -3  -1  -4  -3    0  32   0   0   0   1   0   0   0   0  19  37   4   2   0   0   1   1   0   1  0.97 0.51
   15 C    -5  -8  -4  -8  12  -8  -8  -7  -8  -6  -6  -8  -6  -7  -8  -4  -2  -7  -7  -5    0   0   1   0  96   0   0   0   0   0   0   0   0   0   0   1   2   0   0   0  4.13 1.22
   16 A     0  -5  -6  -6  -4  -2  -5  -6  -5   2   4  -5   1  -2  -5  -4  -3  -5  -4   4    7   0   0   0   0   2   0   0   0   8  45   0   2   1   0   0   0   0   0  35  0.94 0.46
   17 D    -5  -5  -2   8  -7  -1   1  -3  -5  -7  -7  -4  -7  -7  -5  -3  -3  -8  -7  -7    0   0   1  86   0   2   6   2   0   0   0   0   0   0   0   1   1   0   0   0  2.31 0.85
   18 V     0  -3  -4  -2  -4  -4  -5  -5  -5   2  -1  -5   1  -2  -4  -3  -3  -5  -4   6    8   1   1   2   0   0   0   1   0   7   3   0   3   1   1   2   1   0   0  70  1.18 0.55
   19 N     2   0   3   2  -4  -1  -2  -2  -2  -4  -3   0  -3  -4   4   1  -1  -5  -3  -3   16   6  16  14   0   2   1   2   1   0   2   4   0   0  20  10   3   0   1   2  0.47 0.29
   20 G     0  -3   3   1  -5  -3  -3   6  -3  -5  -3  -3  -4  -5   0  -1  -2  -3  -5  -5    7   1  16   7   0   0   1  55   0   0   3   0   0   0   5   3   1   0   0   0  0.99 0.45
   21 E     3   0   1   0  -3   0   0   0  -1  -3  -2  -1  -3  -2  -3   3   1   0  -1  -2   25   4   8   4   0   5   5   5   1   1   3   3   0   1   0  24   7   1   1   1  0.28 0.23
   22 G     0  -3   0   0  -3  -2  -2   2  -3  -3  -3  -2  -3   1  -2   3   3  -3   1  -2    6   0   4   4   0   1   1  19   0   1   1   1   0   8   2  27  18   0   6   1  0.41 0.30
   23 Q     3  -1   1  -2  -3   1  -2  -1   1  -1  -3  -1  -3  -2  -3   0   4  -4   1  -1   24   3   5   1   0   7   1   3   3   2   1   3   0   2   0   4  30   0   4   5  0.38 0.31
   24 N    -2  -4   6   5  -6  -2  -2  -2  -2  -5  -6  -2  -5  -6  -1  -2   0  -7  -5  -4    3   0  46  33   0   1   1   2   1   1   0   1   0   0   3   2   5   0   0   1  1.32 0.60
   25 G    -2  -5  -2  -3  -6  -4  -3   7  -4  -7  -6  -4  -6  -2  -4  -2  -2  -6  -4  -6    3   0   1   1   0   0   1  83   0   0   1   0   0   2   1   3   2   0   1   0  1.84 0.71
   26 A     1  -4   3  -2  -3  -1  -3  -2  -4  -3  -4  -3  -4  -5  -1   0   6  -6  -5  -1   11   0  16   1   0   2   0   3   0   1   0   1   0   0   3   5  52   0   0   4  0.93 0.53
   27 A     2   1  -1  -2  -4   5  -2  -3  -1  -3  -3   0  -3  -5   4  -2  -1  -5  -2  -1   17   6   2   2   0  26   1   1   1   1   2   4   0   0  24   2   4   0   2   4  0.64 0.40
   28 I     0  -3  -5  -5  -4  -3  -5  -5  -5   4   2  -4   1  -3  -2  -4  -1  -5  -4   5    7   1   0   0   0   1   0   0   0  23  16   0   2   0   3   0   3   0   0  44  0.85 0.43
   29 I    -1  -1  -2  -1  -6   8   0  -4  -1   1  -3  -2  -4  -5  -5  -4  -2   2  -3  -2    4   2   1   3   0  65   3   1   1   7   3   1   0   0   0   0   2   2   1   2  1.39 0.69
   30 L    -3  -5  -6  -6  -4  -3  -6  -6  -6   4   5  -5   2  -2  -6  -3  -2  -5  -4   1    1   0   0   0   0   1   0   0   0  20  63   0   5   1   0   2   2   0   0   7  1.16 0.53
   31 K    -2  -2  -4  -7  -6  -1  -2  -4  -1  -6  -4  -4  -5   0  -3  -1  -4  11   5  -5    3   2   1   0   0   3   2   1   1   0   1   1   0   3   1   5   1  51  22   1  2.29 0.84
   32 K    -1  -3   0   6  -1  -2  -2  -1  -1  -5  -6  -2  -5  -6   3   0   2  -4  -5  -5    4   1   3  52   1   1   1   4   1   0   0   1   0   0  13   5  12   0   0   0  1.07 0.53
   33 C    -3  -8  -7  -4  12  -8  -8  -7  -8  -6  -6  -8  -6  -7  -8  -4  -6  -1  -7  -6    2   0   0   1  95   0   0   0   0   0   0   0   0   0   0   1   0   1   0   0  4.07 1.24
   34 A    -1  -3   6   0  -5   0  -2   0   3  -4  -5   1  -4  -5  -4   1   1   0  -4  -5    5   0  44   5   0   3   1   7   7   1   0  11   0   0   0   8   7   1   0   0  0.83 0.47
   35 E    -1  -2   1  -1  -5  -1  -2   5  -3  -5  -6  -3  -5  -6  -3   3   1  -6  -5  -5    4   1   7   4   0   2   2  50   0   0   0   1   0   0   1  20   7   0   0   0  0.95 0.49
   36 N     0  -1   2   1  -4   2   0   3  -3  -4  -3  -1  -3  -2  -3   1   2  -2  -3  -3    9   2  11   7   0  10   4  22   0   0   2   2   0   2   0  11  18   0   0   1  0.38 0.29
   37 D     3  -1   1  -1  -2  -1   0  -1  -3  -3  -3  -1  -3  -4   0   1   3   1  -3  -2   33   3   8   3   1   2   5   4   0   0   1   4   0   0   5  10  18   2   0   2  0.38 0.31
   38 N     3  -2   6   0  -5   0  -3  -1  -2  -5  -6  -3  -4  -6  -3   0  -1  -2  -5  -5   28   2  46   5   0   5   0   4   1   0   0   1   0   0   1   5   3   1   0   0  1.05 0.56
   39 Q    -5  -4  -5  -5  -7   9  -2  -6  -4  -7  -7  -3  -3  -7  -6  -5  -5   1  -6  -7    0   0   0   0   0  96   1   0   0   0   0   0   1   0   0   0   0   2   0   0  2.98 1.17
   40 L    -2   2   1  -2  -5   5  -2  -4   1  -3   1   1  -3  -4  -4   0   0  -2  -3  -2    3  12   6   2   0  33   1   0   3   0  16   9   0   0   0   6   6   1   1   1  0.54 0.39
   41 W    -7  -8  -9  -9  -7  -7  -8  -8  -7  -4  -6  -8  -4   0  -9  -8  -7  13  -1  -4    0   0   0   0   0   0   0   0   0   1   0   0   0   4   0   0   0  92   1   1  4.61 1.41
   42 T     0  -3  -2  -2  -4  -1  -2  -4  -1  -2  -4  -2  -4  -3  -4   2   7  -2  -3  -3    6   1   1   2   0   2   2   0   1   2   0   1   0   1   0  12  65   1   1   1  1.23 0.65
   43 L    -1   0  -2  -4  -3  -2  -3  -4   2   1   2  -3   0   3  -1  -2  -1   0   3   2    6   7   2   0   0   1   0   0   5   9  23   0   1  13   3   2   4   1   9  14  0.27 0.22
   44 K     1   1   1  -2  -1   0  -1   1   0  -3  -1   1  -1  -2  -1   0   3  -1   1  -1   11   7   7   1   1   3   1  10   3   0   7   9   1   1   3   4  24   1   5   3  0.17 0.19
   45 R     2   2  -1   0  -4  -1  -2   2  -3  -4  -4   0  -3  -4   1   3   1  -5  -4  -3   21  11   1   6   0   2   1  14   0   0   1   4   0   0   7  23   8   0   0   0  0.41 0.31
   46 E     1  -3   2   6  -5  -1  -1   1  -4  -5  -4  -2  -5  -6  -4   1   0  -6  -4  -5   10   0  11  47   0   2   1   9   0   0   1   1   0   0   0  11   5   0   0   0  0.93 0.48
   47 A    -1   0   1  -1  -5  -2  -3   6  -1  -6  -4   1  -5  -4  -4  -1  -3  -5  -5  -4    3   6   7   3   0   2   1  60   2   0   1   9   0   1   0   3   1   0   0   1  1.06 0.50
   48 T    -1  -3  -2  -4  -5   3   1  -5  -4  -5  -4  -3  -4  -3  -4   1   6  -6  -3  -4    4   1   2   0   0  12   9   0   0   0   1   0   0   1   0  11  57   0   1   0  1.14 0.64
   49 I    -3  -5  -2  -4  -4  -5  -5  -5  -5   5   4  -4  -1  -1  -5  -4  -3  -3  -3   3    1   0   3   1   0   0   0   1   0  31  42   1   0   1   0   0   1   0   0  17  0.93 0.45
   50 R    -2   7  -2  -4  -5   2  -2  -3  -2  -5  -5   0  -2  -4  -4  -1   1  -5  -1  -2    3  57   1   0   0   9   1   2   1   0   0   5   1   1   1   4  11   0   2   3  1.14 0.57
   51 S     3  -3   1  -2  -2  -1  -3   0  -3  -2  -3  -3  -2  -4  -3   3   0   1  -1   3   26   0   8   1   0   2   0   7   0   1   1   0   0   0   0  22   5   2   2  21  0.42 0.34
   52 N    -2  -1   2  -1  -4   0  -2   0   0  -2   3  -1   1   1  -3   0  -1  -3   3  -2    1   3  12   3   0   4   2   6   2   1  30   2   4   5   0   6   4   0  13   0  0.25 0.24
   53 G    -2  -3   0   0  -5  -4  -4   7  -5  -6  -6  -2  -5  -6  -4  -1  -1  -1  -6  -6    2   1   3   5   0   1   0  75   0   0   0   2   0   0   0   5   4   1   0   0  1.57 0.64
   54 G    -3   3   0  -2  -5  -1  -2  -3  -3  -4  -2   6  -1  -2  -4  -2  -1  -5  -1  -4    1  13   3   1   0   1   1   2   0   1   5  61   2   2   0   2   3   0   2   1  1.10 0.56
   55 C    -3  -7  -6  -7  11  -6  -7  -6  -7  -5  -5  -6  -2  -6  -6  -3  -3  -6  -6  -1    2   0   0   0  87   0   0   0   0   0   0   0   1   0   0   1   2   0   0   4  3.52 1.09
   56 L    -3  -5  -6  -7  -5  -5  -6  -6  -6  -1   6  -5   5  -1  -6  -5  -3  -5  -4  -1    1   0   0   0   0   0   0   0   0   1  80   0  12   2   0   0   1   0   0   2  1.59 0.68
   57 T    -1  -3   0   7  -6  -4  -2  -2  -4  -4  -6  -4  -5  -6  -5  -2   3  -7  -6  -4    6   1   4  62   0   0   1   2   0   1   0   0   0   0   0   2  21   0   0   1  1.47 0.67
   58 T     3  -2  -1  -4  -3  -3  -4  -3  -4   2  -1  -3  -2  -1  -1   0   1  -5  -3   4   24   2   4   0   0   0   0   0   0  11   3   1   0   2   3   6  10   0   0  34  0.50 0.35
   59 A     3  -1   2   0  -3  -1  -1   1  -2  -3  -4  -2  -3  -3  -2   2   0   2   2  -1   25   2  11   4   0   2   2  12   0   0   0   1   0   0   1  17   7   3   8   4  0.32 0.27
   60 A    -1  -3  -1  -4  -4  -4  -4   5   0  -4  -4  -3  -4  -4  -4   1   3   0  -5  -2    4   2   2   0   0   0   0  52   3   1   1   1   0   1   0   8  21   1   0   3  0.97 0.49
   61 A     4  -4  -1  -3  -3  -3  -3   2  -3  -3  -3  -3  -3   0  -3   2   2  -1   1  -2   40   0   2   1   0   1   1  13   0   1   1   0   0   3   0  15  14   1   5   2  0.57 0.39
   62 E     0  -2   6   3  -4  -2  -2  -1  -3  -3  -5  -1  -4  -5   2   0   0  -5  -2  -2    8   1  38  15   0   1   1   4   0   2   0   2   0   0  10   6   6   0   1   4  0.67 0.39
   63 Q     1  -2  -1  -4  -5  -2  -4   6  -4  -3  -5  -4  -5  -4  -1  -1  -1  -5  -3  -4   10   2   3   0   0   1   1  67   0   2   1   0   0   1   3   3   4   0   1   1  1.24 0.54
   64 A     3  -4  -1  -2  -3  -2  -2   0  -4  -3  -2  -3  -3  -2  -3   1   5  -5  -3  -1   22   0   3   2   0   1   2   6   0   0   3   1   0   2   0   9  43   0   1   4  0.67 0.43
   65 K     1   2   1  -2  -3   1  -1  -1  -1  -2  -2   3  -2  -3   1  -1   0  -3   1  -1   14  10   7   2   0   6   1   4   1   1   4  22   1   0   8   2   6   0   6   4  0.23 0.21
   66 A     0  -5  -5  -5  -2  -4  -5  -1  -5   2   0  -5  -2  -3  -3  -3   0  -5  -2   6    9   0   0   0   1   0   0   5   0  10   7   0   0   0   1   1   5   0   1  60  0.97 0.49
   67 G    -2  -2  -1  -2  -4   6   0  -1   0   1  -2  -2   3  -3  -4  -2  -1  -1  -4   2    3   1   3   1   0  37   5   6   2  10   1   1   9   1   0   1   3   1   0  16  0.61 0.42
   68 I    -2  -2  -5  -3  -4  -4  -3  -3  -5   5   4  -3   0  -1  -5  -3   0  -4  -3   1    2   2   0   2   0   0   1   2   0  35  39   1   1   1   0   1   6   0   0   5  0.74 0.40
   69 Y     0  -3  -1  -4  -5   0  -4  -2  -3  -3  -5  -5  -4   0  -6   0  -2  10   6  -2    8   1   3   1   0   4   1   3   0   1   0   0   0   3   0   6   2  39  24   3  1.66 0.68
   70 D     0  -2   1   5  -4   0   0  -2   1  -3  -3  -2  -4  -5   0   1   2  -5  -3  -4    7   2   6  40   0   3   4   2   3   1   3   0   0   0   4   9  14   0   1   0  0.63 0.37
   71 C    -4  -7  -4  -7  11  -3  -7  -6  -6  -5  -3  -6  -5  -6  -6  -2  -1   1   0  -5    0   0   1   0  83   1   0   0   0   0   2   0   0   0   0   3   3   2   3   0  3.23 1.05
   72 T    -2  -2   6   1  -1   0  -2  -1   1  -2  -2  -2  -3  -3  -2   1   1  -3  -1  -1    3   1  42   6   1   3   0   4   4   2   5   1   0   1   1  10   9   0   2   5  0.60 0.37
   73 Q     0  -2  -1  -1  -4  -3  -3   6  -4  -3  -4  -1  -4  -4  -4   0   1  -4  -2  -4    8   2   3   4   0   1   1  56   0   1   1   4   0   0   0   6   9   0   2   1  0.90 0.43
   74 A     1  -2   1  -1  -2   1  -2   2  -2  -2  -1  -2  -2  -2  -1   2   2   1  -2   0   13   1   6   2   1   7   1  16   1   1   7   0   0   1   2  15  15   2   1   9  0.19 0.19
   75 T     2  -2  -1   0  -3  -2  -2   3  -3  -2  -2  -2  -2  -4   2   1   1  -4  -3   0   20   1   3   4   0   0   1  24   0   1   3   2   1   0  11   8  11   0   1   9  0.34 0.26
   76 A     3   0   3   0  -3   0  -1   0  -1  -3  -3  -2   0  -2  -1   0   0   1  -1  -2   30   6  18   4   0   3   3   8   1   1   2   1   2   1   2   5   7   2   2   1  0.31 0.28
   77 E    -2  -3   2   2  -5   7   1   1  -3  -5  -5  -2  -4  -6  -2   0  -2  -1  -5  -4    3   0   9   9   0  48   6  11   0   0   0   0   0   0   2   7   2   1   0   1  0.97 0.58
   78 L     1   0   3   0  -2   0  -1   1  -1   0  -1  -1   0  -2  -1   0   0  -2  -2   0   17   4  20   4   1   3   2   9   1   5   5   3   2   1   2   5   5   0   1   8  0.13 0.10
   79 S    -1  -1  -1   0  -2   3   0  -1  -1  -1  -1   0   0   0  -1   0   3   1  -1  -1    4   3   2   4   1  16   5   4   1   4   6   5   3   4   2   5  24   2   1   4  0.16 0.12
   80 A    -2   3  -1  -3  -4   4  -1  -2  -2  -1  -2   3  -2  -4  -3  -1   0  -4  -1   1    3  20   2   1   0  25   1   2   0   3   2  19   0   0   1   3   6   0   2  10  0.50 0.34
   81 W    -6  -2  -7  -7  -6  -6  -6  -4  -6  -2  -3  -6  -5   1  -7  -6  -6  12  -1  -6    0   3   0   0   0   0   0   2   0   2   3   0   0   5   0   0   0  81   1   0  3.79 1.23
   82 E     0   0   1   0  -3   2   0   0  -1  -1  -2   0  -1  -3  -3   1   3  -4  -2   0    5   6   7   6   0  13   6   6   1   3   1   3   1   0   0   7  23   0   1   9  0.23 0.23
   83 I     0  -2  -4  -4  -3  -1  -3  -4   0   2   1  -3   0   2   0  -2  -1  -1   2   3   10   2   0   0   0   3   0   0   3  10  12   0   1  10   4   2   3   1   7  31  0.33 0.26
   84 A    -2   2   4  -2  -4   1  -2  -1  -2  -4  -3  -1  -3  -2  -2   2   2   6   1  -2    2  11  21   1   0   7   1   4   0   0   1   2   0   1   2  14  12  13   4   2  0.51 0.37
   85 D     3  -3   1   2  -3  -1  -1   1  -3  -1  -2  -2   0  -4   0   2   0  -4  -3  -1   26   0   6  15   0   2   2  11   0   3   3   1   2   0   5  16   3   0   0   3  0.31 0.27
   86 N     1  -2   4   4  -4  -1  -2   0  -3  -4  -3  -1  -2  -4  -3   1   0  -5  -3  -3   14   1  23  27   0   2   1   7   0   0   2   2   1   1   1  10   6   0   1   1  0.57 0.38
   87 G    -2   0   0   0  -5  -1  -3   6   1  -5  -5  -2  -4  -5  -4   1   0  -1  -2  -5    2   5   4   6   0   2   0  58   3   0   0   2   0   0   0   9   5   1   1   0  0.97 0.50
   88 T     0  -2   0   2  -3   0  -1  -2  -1  -1  -1  -2   0  -4  -3   2   4  -5  -4  -2    5   2   3  14   0   5   2   3   1   3   5   0   3   0   0  19  32   0   0   2  0.46 0.37
   89 I    -2  -1  -4  -3  -3  -3  -4  -4  -4   4   3  -2   0  -1  -4  -1  -2   5   0   2    3   4   0   1   0   1   0   1   0  34  25   2   1   1   0   5   2   7   3  11  0.56 0.36
   90 I    -1   3  -3  -3  -3  -2  -3  -1  -3   1   0  -1   1  -1  -3   0   2  -4  -2   3    4  18   0   0   0   1   0   4   0   9   6   3   3   2   0   6  14   0   1  27  0.30 0.28
   91 N    -1  -1   6  -1  -4  -3  -3   1   0  -5  -3  -1  -4  -5  -1   1  -1  -5  -2  -3    5   3  50   2   0   0   0  12   1   0   3   3   0   0   3   9   3   0   2   1  0.86 0.50
   92 P     0  -1  -2  -2  -3   0  -1   0   0  -1  -1  -2  -2  -2   5   0   0  -1  -1   1    7   3   1   1   0   5   3   9   2   2   6   2   0   2  29   5   7   1   2  14  0.41 0.27
   93 A     1   0   1   1  -3   4   0   1   0  -3  -3   0  -1  -2  -2   0  -1   0  -2  -2   13   5   8  10   0  23   2  10   2   1   1   5   1   2   1   7   3   2   1   3  0.26 0.24
   94 S     2   0  -1  -2  -3  -1  -1  -2  -3  -4  -1   0  -3  -3  -1   5   1  -4  -2  -3   15   4   1   2   0   2   2   2   0   0   6   6   0   1   3  46   9   0   1   1  0.54 0.41
   95 S    -1  -1   2   1   2  -3  -3   5  -2  -4  -5  -2  -2  -5   1   0  -2  -5  -4  -2    2   4  11  10   5   0   0  44   1   1   0   1   1   0   8   8   1   0   0   3  0.69 0.40
   96 L    -2   2  -1  -3  -1  -1  -2  -4  -3   0   3   3   1  -1  -4  -1  -1  -4  -1  -1    2  10   2   0   1   1   1   0   0   5  35  24   4   3   0   4   2   0   2   1  0.38 0.31
   97 V     0  -5  -4   1   9  -4  -4  -4  -5  -1   0  -5  -3  -4  -5  -3   0  -5  -1   3    6   0   0   7  43   0   0   1   0   3   7   0   0   0   0   1   5   0   2  22  1.26 0.59
   98 L    -2  -5  -3  -4  -4  -5  -5  -6  -5   0   5  -5   2   2  -3  -5  -2   1  -3   1    4   0   2   1   0   0   0   0   0   3  61   0   5   7   2   0   2   2   0  10  0.99 0.55
   99 S     0  -3   1   6  -5  -2  -2  -2  -2  -4  -5  -4  -5  -5  -4   1   3  -6  -1  -1    8   1   5  43   0   2   1   3   1   1   0   0   0   0   0   8  19   0   2   5  0.88 0.55
  100 S     4  -3   1  -1  -4  -4  -4   2  -4  -1  -3  -4  -3  -5  -2   1   0  -5  -4   2   36   1   6   4   0   0   0  16   0   2   2   0   0   0   2   9   5   0   0  17  0.51 0.41
  101 G    -1  -2   3   0  -4  -1   0   1  -1  -3  -3  -1  -2  -2   2   1   2  -1   0  -1    5   1  16   6   0   2   4  13   1   1   2   4   1   1  12  10  13   1   4   4  0.28 0.25
  102 A     0  -2   1   0  -4   1  -2   4  -2  -5  -3  -2  -4  -5  -2   3   0  -5   0  -3    7   1   5   5   0   6   2  36   1   0   2   1   0   0   2  22   6   0   3   1  0.57 0.41
  103 A     2  -1   1  -1  -1  -2  -3   3  -3  -2  -3  -2  -4  -5   0   3   2  -2  -3  -3   15   3   8   3   1   1   1  21   0   2   2   1   0   0   5  20  16   0   1   1  0.42 0.35
  104 N     3  -2   2  -1  -3  -2  -1   2  -2  -2  -3   0  -3  -4  -3   2   1  -2  -1  -1   24   1  11   3   0   1   3  18   1   2   1   6   0   0   0  15   7   0   3   3  0.34 0.30
  105 S    -2  -1   4   2  -4   0  -1  -2  -1  -3  -2   0  -1  -4  -2   2   2  -5  -1  -3    2   3  26  11   0   3   2   1   1   1   5   6   2   0   2  18  13   0   2   2  0.44 0.36
  106 L     2  -2  -1  -3  -5  -2  -4   6  -2  -4  -2  -4  -2  -2  -2   0  -1   0  -2  -4   15   3   3   1   0   1   0  53   1   1   4   0   1   2   2   6   3   1   2   1  0.86 0.50
  107 L     2  -3   2  -2  -4  -1  -2   0  -4  -2  -2  -3  -2  -2  -3   0   5  -5  -3  -1   14   1   8   2   0   2   2   7   0   2   4   0   1   2   1   6  45   0   1   3  0.66 0.49
  108 D     0   2   0  -1  -3   1  -1   1   1  -2  -1   0  -2  -2   1   0   2  -3   1  -2    6  14   5   2   0   8   3  10   3   2   6   6   0   1   7   6  13   0   7   2  0.16 0.19
  109 L    -1  -4  -2  -3  -4  -1  -4  -3  -4   1   4  -4   0  -1  -1  -2   2   2  -2   2    6   0   2   1   0   3   0   1   0   5  40   0   1   1   3   2  14   3   1  16  0.48 0.37
  110 G     1  -1  -2   0  -4   5   0  -1   0   0  -1  -1  -2  -3  -1   0   2  -4  -4  -1   10   3   1   4   0  27   4   5   2   5   5   1   0   1   3   7  16   0   0   5  0.33 0.33
  111 V    -1  -4  -4  -5  -4  -1  -4  -3  -5   4   3  -3   1  -1  -2  -2  -2  -4  -3   3    5   0   1   0   0   4   0   2   0  21  30   1   2   2   2   4   2   0   0  24  0.58 0.38
  112 Q    -2  -1  -3  -1  -2   4   0  -2  -1  -2  -2  -1  -4  -1  -5  -3  -1   9   2  -3    3   3   1   4   1  22   6   3   2   2   5   4   0   2   0   2   3  29   6   2  1.08 0.59
  113 T     1  -2   2   2  -3  -1  -1  -1  -3   0  -2  -1  -2  -2  -1   1   3   0  -3  -1   11   1  10  14   0   2   2   3   0   7   2   4   1   1   2  10  25   1   0   2  0.30 0.29
  114 N    -1  -3   4  -2   8   0  -5  -3  -1  -2  -2  -4  -1  -3  -1  -2  -3   5  -1  -3    5   2  20   2  37   5   0   1   2   2   4   0   1   1   4   3   1   7   2   1  1.18 0.62
  115 S     0  -1   2   1  -3  -1  -1  -1   2   0   0  -1  -1  -1  -3   1   2  -2  -2  -1   10   2  13   9   0   2   3   4   6   8   8   4   1   2   0  11  15   1   1   2  0.15 0.19
  116 Y    -1  -2   1  -1   4  -2  -4   4   1  -2  -3  -3  -4  -2  -3  -1   0  -4   4  -1    4   2   7   4   9   1   0  35   4   2   2   0   0   1   1   3   6   0  14   4  0.57 0.40
  117 A     3  -1   1  -3   0  -1  -3   3  -2  -3  -2  -3  -1  -2  -3   1   1   0  -1  -2   28   3   6   0   2   3   0  20   1   1   4   1   2   2   1  11  11   1   2   2  0.36 0.33
  118 S     4  -3   0   0  -3  -3  -2   2  -4  -3  -1  -3   0  -3   1   1   1  -5  -4  -1   34   1   4   5   0   0   1  13   0   0   7   1   2   1   8  10   8   0   0   5  0.38 0.34
  119 A     0   0   5  -1  -5  -1  -2   2  -2  -4  -5  -2  -4  -5  -2   2   0   0  -4  -1    7   6  32   2   0   2   2  16   1   1   0   2   0   0   2  18   4   1   0   5  0.61 0.44
  120 Q    -1  -3  -2  -2  -6   8  -1  -2  -4  -1  -3  -3  -4  -5  -1  -1  -2  -2   0  -3    5   0   2   2   0  63   2   3   0   3   3   1   0   0   3   4   2   1   3   2  1.40 0.81
  121 G     0   1   0  -1  -3   1  -2   3  -2  -3  -3   3  -3  -4  -3   0   0  -4  -2  -1    9   8   4   3   0   6   1  25   1   1   1  19   0   0   1   7   5   0   1   6  0.34 0.28
  122 W    -3  -1  -4  -4  -6   1  -5  -2  -6  -4  -3  -5  -5  -1   0  -3   0  11  -1  -4    3   3   1   1   0   7   1   4   0   1   2   0   0   2   5   2   5  59   1   2  2.38 1.01
  123 R     0   0   0   0  -3   0   0   0   2   0  -1   0  -1   0   1   0   0   3   1   0    6   6   5   6   0   5   6   6   5   6   6   6   0   5   6   6   6   5   5   6  0.06 0.08
  124 T     0   1   0  -1  -3   0  -1  -1   0   0   1  -1   0   0   2  -1   0   3   0   0    7   7   4   3   0   3   4   5   3   3  14   4   3   5  10   4   6   5   3   8  0.08 0.10
  125 G     0   0   0   0  -2   1   0   0   1   0   0   0   1   0   1   0   0  -3  -1   0    6   6   6   6   0   6   6   6   6   6   6   6   6   6   6   6   6   0   0   6  0.04 0.07
  126 N     0  -1   3   1  -3  -1  -1   2  -1  -2  -2  -1  -3  -2   2   1   0  -4  -1   0    7   3  17   7   0   3   3  15   2   2   3   2   0   2  12  10   6   0   2   7  0.23 0.23
  127 E     1  -1   1   1  -3   0  -1   1   0  -1  -1  -1  -2  -1   1   0   0   2   1  -1   11   3   7  11   0   3   3   9   3   3   7   3   0   3   8   8   6   3   5   4  0.08 0.11
  128 T     0   0   1   0  -3   1   0   0   2   0  -1   0   1  -2   1   0   0  -2   1   0    6   6   6   6   0   6   6   6   6   6   6   6   6   0   6   6   6   0   6   6  0.05 0.08
  129 S     0   0   0   0  -2   1   0   0   1   0  -1   0   1   0   1   0   0  -2   1   0    6   6   5   6   0   5   6   6   5   6   6   6   5   5   6   6   6   0   5   6  0.03 0.06
  130 A     0   0   0   0  -2   1   0   0   1   0  -1   0   1   0   1   0   0  -2   1   0    6   6   5   6   0   5   6   6   5   6   6   6   5   5   6   6   6   0   5   6  0.03 0.06
  131 S     0   0   0  -1   0   0  -1   0  -2   0   0  -1   0   0   2   0   0   1   0   0    8   7   3   2   2   5   3   9   0   8   8   2   2   5   9   9   7   2   4   5  0.05 0.07
  132 V     0   0  -1  -1   0   0  -1  -1   0   1   0   0  -2  -1   0  -1   1  -3  -1   3    7   7   2   3   2   3   3   6   2   6   8   5   0   2   4   4  11   0   2  24  0.09 0.15
  133 T     0   0   0   0  -3   0   0   3   1  -1  -1   0  -2  -3   0   0   2  -3  -3   0    8   4   4   4   0   5   4  23   4   4   5   4   0   0   4   6  14   0   0   6  0.16 0.16
  134 Q     0   0   0  -2  -2   1   0   0   2   0  -1   0  -1   1   1   0   0  -2   1   0    6   6   6   0   0   6   6   6   6   6   6   6   0   6   6   6   6   0   6   6  0.05 0.08
  135 I     0  -2  -3  -4  -2   1  -2  -2  -4   5   0  -3  -1  -2   1  -3  -2  -4  -2   2    6   2   1   1   1   7   2   3   0  46   5   1   1   1   8   1   2   0   1  12  0.60 0.35
  136 S     1   0   0  -2  -3  -1  -2   0  -3   0  -2  -1   0  -3  -2   2   1  -4   0   3    9   5   4   1   0   1   1   6   0   4   2   4   2   0   1  22  11   0   3  23  0.21 0.22
  137 G     1  -3  -1  -3  -5  -1  -4   6  -4  -5  -5  -3  -5  -5  -4  -1  -4   1  -5  -4    9   1   3   1   0   2   0  72   0   1   1   1   0   0   1   4   1   2   0   1  1.45 0.60
  138 S    -1   3  -1  -3  -3   0  -2   0  -2   0   1  -1  -1   2  -2  -1  -1  -1   2   0    6  19   3   0   0   4   1   6   0   6  17   2   1   9   1   3   2   0  10   8  0.16 0.17
  139 A     1   0   3  -1   5  -1  -2   2  -3  -4  -3   0  -2  -3  -2   1  -1   1  -1  -3   13   6  14   3  15   3   2  17   0   0   1   5   1   1   1  11   1   2   2   0  0.38 0.26
  140 Q    -1  -2   2   2   1   0  -1   5  -2  -3  -1  -2  -3  -4  -1  -1  -2  -4  -2  -1    3   1   9  12   3   4   3  43   1   1   6   2   0   0   3   2   1   0   1   5  0.54 0.31
  141 L    -3   2  -2   2  -2  -2  -2  -4  -2  -2   2   4   3  -3  -4  -3  -2  -4   0  -1    1  11   1  12   1   1   0   1   0   1  24  30   9   0   0   0   2   0   4   3  0.49 0.36
  142 C    -3  -7  -5  -1  11  -6  -5  -6  -7  -3  -3  -7  -5  -5  -5  -5  -5  -6  -5   1    2   0   0   4  76   0   1   0   0   1   3   0   0   0   0   0   0   0   0  12  2.86 0.97
  143 M     0  -4  -4  -2  -3  -4  -4  -4  -5   1   4  -4   3  -2   1  -3  -3  -1  -1   3    7   0   0   2   0   0   0   1   0   6  42   0   8   0   7   1   0   1   2  21  0.62 0.37
  144 Q    -3  -2   0   6  -6   4   2   0  -1  -6  -5  -2  -5  -6  -2  -1  -3  -6  -5  -5    1   1   4  51   0  17  11   6   1   0   0   1   0   0   1   3   1   0   0   0  1.16 0.56
  145 A     4  -3  -2  -1  -3  -3  -3   0  -4  -1  -3  -3  -3  -2  -3   1   0  -4  -4   4   34   1   1   3   0   0   1   6   0   2   0   0   0   2   0  11   6   0   0  30  0.54 0.39
  146 G     0  -1   5   2  -4   0  -2   0   0  -4  -4  -1  -4  -4   1   1   2   1  -4  -3   10   3  29  11   0   3   1   6   2   0   0   2   0   0   7   7  17   2   0   0  0.50 0.35
  147 N     0  -3   3   0  -4  -3  -3   5  -3  -5  -5  -2  -4  -5  -3   1   2  -5  -4  -5    6   1  14   5   0   1   1  47   0   0   0   2   0   0   1   9  13   0   0   0  0.87 0.45
  148 G     1  -2   3   2  -4  -1  -1   3  -3  -3  -4  -2  -3  -2  -2  -1   2  -4  -1  -3   15   1  18  13   0   2   4  25   0   1   0   0   0   1   1   3  12   0   2   1  0.48 0.31
  149 P     0  -2   3  -1  -3   1  -2   3  -2  -3  -3  -1  -3  -4   2   2   0  -4  -2  -1    6   1  16   2   0   7   2  25   0   0   2   3   0   0   9  14   5   0   2   4  0.36 0.24
  150 A     2  -3   2  -3  -3  -2  -3  -2  -3   0  -2  -3  -2  -4   1   0   5  -4  -4   0   18   0  12   0   0   1   1   2   0   5   3   1   0   0   7   5  39   0   0   5  0.60 0.39
  151 N     1   1   2  -1  -4   5  -1  -1   0  -3  -4   1  -3  -3   2   0  -1  -4  -2  -3   11   7  10   2   0  29   2   5   2   1   1   8   0   1  12   5   2   0   1   2  0.45 0.32
  152 L    -2  -5  -4  -5  -3  -4  -5  -4  -5   3   3  -4   2  -3  -4  -4  -2  -5  -4   5    2   0   0   0   0   0   0   1   0  15  25   0   5   0   1   0   2   0   0  47  0.94 0.45
  153 W    -4  -3  -4  -2  -5   7  -2  -3  -2  -3  -4  -3  -4  -3  -5  -2  -4   9  -3  -2    1   0   0   2   0  47   2   2   1   2   1   0   0   1   0   3   1  32   0   3  1.90 0.79
  154 M    -2  -3  -3  -3  -3  -3  -3  -4  -3   3   4  -3   2  -1   0  -2  -1  -3  -2   1    2   1   1   1   0   1   1   1   0  17  45   1   6   1   4   2   4   0   1  10  0.55 0.27
  155 S     0  -2  -1  -2   2  -1   1  -2  -1  -3  -2  -2  -3   0  -1  -2  -2   8   5  -2    9   2   3   3   4   3  10   2   1   1   3   1   0   2   3   3   2  23  21   3  0.77 0.35
  156 E    -2  -3   0   6  -5  -2   0  -1  -1  -5  -5  -1  -5  -5  -2   0   2  -2  -4  -4    3   0   4  52   0   0   4   4   1   0   0   4   0   0   2   6  16   1   0   1  0.99 0.50
  157 C    -5  -7  -7  -7  12  -7  -8  -7  -7  -6  -4  -7  -6  -7  -7  -2  -2  -7  -7  -5    0   0   0   0  92   0   0   0   0   0   1   0   0   0   0   3   2   0   0   0  3.85 1.18
  158 R    -1  -1   6   0  -2   0  -1  -1   3  -2  -4  -1  -3  -4  -3   0   0   0  -2   1    5   2  43   4   1   3   3   3   7   2   1   2   0   0   0   4   6   2   1  11  0.63 0.36
  159 A     0  -2   0  -1  -2  -1  -2   3  -2  -2  -2   0   0  -3  -1   2   2  -3  -3  -2    7   2   3   4   0   3   2  27   0   2   4   5   3   1   2  22  12   0   1   3  0.32 0.20
  160 G    -2  -3   3   0  -4  -3  -1   5  -3  -5  -5  -3  -4  -4  -4   0   1   0  -2  -5    2   1  17   5   0   1   3  48   0   0   0   1   0   1   0   7  11   1   2   0  0.90 0.44
  161 K     1   0   2  -1  -3   1  -1  -2  -2  -3  -3   2  -2  -3  -1   2   2   3  -2  -1   12   5  10   3   0   8   2   2   0   1   2  13   0   1   2  15  15   4   1   4  0.24 0.19
  162 A     4  -2  -2  -2  -1   0  -1   0  -3  -2  -2   0  -2  -4   0   0   3  -4  -3  -1   43   2   1   2   1   3   2   5   0   1   3   4   0   0   4   3  19   0   0   4  0.47 0.32
  163 E     1  -2   5   1  -3   1   2   1  -1  -4  -4  -2  -3  -3  -2  -1  -2  -2  -2  -3   14   2  36   6   0   5  13   9   1   1   2   1   0   1   1   3   1   1   2   2  0.56 0.31
  164 Q    -5  -3  -4  -3  -6   9  -2  -6  -4  -6  -6  -3  -3  -7  -5  -4  -5  -6  -5  -2    0   0   0   1   0  92   0   0   0   0   0   0   1   0   0   0   0   0   0   3  2.68 1.05
  165 Q    -1   3  -1  -2  -4   5  -1  -4   1  -4  -1   3  -2  -4  -4   0   0   0  -2  -3    4  17   3   1   0  29   1   0   3   0   7  16   1   0   0   7   7   1   1   1  0.56 0.37
  166 W    -7  -7  -8  -8  -7  -7  -7  -7  -7  -5  -6  -7  -4   0  -8  -7  -7  13  -2  -4    0   0   0   0   0   0   0   0   0   1   0   0   0   3   0   0   0  92   1   1  4.62 1.37
  167 A     2  -3  -1  -2  -4  -1  -2  -4  -1  -3  -4  -3  -4  -1  -4   1   6  -5   0  -2   20   1   3   1   0   2   2   0   1   1   0   1   0   3   0   8  51   0   3   2  0.86 0.51
  168 L    -1   1  -2  -3  -3  -2  -3  -4   1   0   3  -3  -1   2  -2  -1  -1   0   1   2    5   8   1   1   0   2   1   1   4   3  36   0   0   9   1   4   2   1   6  15  0.31 0.23
  169 L     1   0   1  -2  -3  -2  -2   1  -1  -3  -1  -2  -2   1  -1  -1   3   0   5  -2   10   5   6   1   0   1   1  10   1   0   6   2   1   4   2   3  20   1  23   2  0.34 0.27
  170 T     2  -1  -2   0  -3  -2  -2   3  -3  -4  -4  -1  -3  -4   2   3   2  -1  -4  -3   19   2   1   5   0   1   1  19   0   0   1   4   0   0  10  22  12   1   0   1  0.44 0.31
  171 D     1  -3   3   6  -5  -2  -2   0  -2  -5  -5  -3  -5  -5  -3   0  -1  -6  -4  -5   10   1  13  54   0   1   0   5   1   0   0   1   0   0   1   8   4   0   1   0  1.11 0.52
  172 K    -2   0   0  -2  -5  -2  -4   6  -3  -5  -5   0  -5  -5  -4  -2  -1  -5  -5  -4    1   5   3   2   0   2   0  71   1   0   1   5   0   0   0   2   4   0   0   1  1.36 0.55
  173 S    -1  -2  -1  -3  -4   2   1  -3  -3  -4  -4  -1  -3  -2  -3   3   5  -5  -1  -3    3   1   2   0   0   9   9   1   0   0   1   2   0   2   1  25  42   0   2   0  0.77 0.48
  174 I    -2  -4  -3  -4   0  -3  -3  -2  -4   5   3  -3  -1  -1  -4  -3  -2  -3  -3   2    3   0   1   0   2   1   1   3   0  38  32   1   0   1   0   1   2   0   0  11  0.69 0.36
  175 R    -3   7   0  -4  -5   2  -2  -4  -3  -5  -4   0  -1  -3  -4  -2   1  -5  -4  -2    1  62   4   0   0   8   1   1   0   0   1   4   1   1   0   2   9   0   0   3  1.26 0.57
  176 S     2  -3  -3  -3  -3  -1  -3  -2  -3  -1   0  -2  -2  -3   3   1   0  -4   0   3   19   1   1   0   0   3   1   2   0   1   8   1   0   0  17  10   6   0   4  26  0.38 0.29
  177 E    -3  -2   2   0  -3   2  -1  -3   1  -1   2  -1   0  -1  -1  -2  -1  -2   3   0    0   0  12   5   0  12   4   1   4   1  25   3   2   1   4   2   4   0  15   5  0.25 0.24
  178 T     0  -1   0  -1  -2   3  -1   2  -1  -1  -1  -1  -1  -2  -1   1   0   1  -1   0    8   3   4   4   1  16   2  17   1   2   5   3   1   1   2  12   7   2   2   9  0.14 0.12
  179 N     0  -1   4   1  -2  -1  -1   0  -1  -1  -1  -1  -2  -1  -1   0   0  -2   1  -1    7   2  28   9   1   1   2   7   1   3   5   3   1   2   2   8   6   0   5   5  0.24 0.14
  180 S    -1   2  -1  -1  -2   1  -1   1   0  -1   0   1  -1  -1   0   0   0  -2  -1  -1    4  15   2   3   1   8   2  14   2   2  10   8   1   4   4   7   7   0   2   3  0.10 0.08
  181 D    -1  -4   2   2   2  -3  -2   5  -3  -5  -5  -3  -4  -4  -3   1  -1   1  -2  -4    3   0  11  13   5   1   1  46   0   0   1   1   0   0   1   9   3   2   2   0  0.82 0.41
  182 N    -3   2   1  -2  -5   1  -2  -3  -3  -3   1   6   1  -2  -4  -1  -3  -5  -1  -3    1   8   6   2   0   6   0   1   0   1  14  50   3   2   0   3   0   0   3   1  0.75 0.46
  183 C    -3  -8  -7  -1  12  -7  -5  -7  -8  -6  -6  -8  -6  -7  -4  -5  -5  -7  -7  -5    2   0   0   4  93   0   1   0   0   0   0   0   0   0   1   0   0   0   0   0  3.89 1.22
  184 L    -3  -5  -6  -7  -4  -5  -4  -7  -6  -1   6  -5   4   0  -6  -5  -4  -5  -4   1    2   0   0   0   0   0   1   0   0   1  72   0  10   4   0   0   0   0   0  11  1.35 0.62
  185 T    -1  -4  -1   6  -1  -4  -2  -3  -5  -5  -5  -3  -5  -6  -3  -1   5  -6  -5  -5    6   0   2  46   1   0   1   1   0   0   0   1   0   0   1   2  38   0   0   0  1.32 0.65
  186 S     3  -4   0  -1   1  -3  -3   2  -4  -2  -4  -3  -3  -4  -2   3   0  -3  -4   2   27   0   5   2   3   0   0  16   0   1   0   0   0   0   1  22   6   0   0  15  0.46 0.35
  187 A     2  -2   3   1  -4   0  -1   3  -3  -4  -4  -1  -4  -4  -1   1   0  -5  -2  -3   16   1  15   9   0   5   3  24   0   0   0   3   0   0   3  13   5   0   2   1  0.41 0.28
  188 A     1  -2  -1  -1  -5  -1  -3   6  -2  -5  -5  -3  -5  -5  -3   2   0  -5  -3  -2    9   2   2   4   0   3   1  55   1   0   0   1   0   0   1  14   5   0   1   2  0.93 0.47
  189 D    -1  -2   2   1  -1  -2  -2  -1   3  -2  -3  -2  -3  -2  -2   0   5  -5   0  -1    4   2   9   8   1   0   1   3   7   1   2   2   0   1   1   6  44   0   3   4  0.58 0.40
  190 A     4  -2  -2  -2  -3   0  -2   1  -1  -2  -4  -1  -3  -2  -3   2   2  -5  -3  -1   39   1   1   2   0   4   2  12   1   3   0   4   0   2   0  14  12   0   1   3  0.45 0.34
  191 G     1  -1   5   3  -4   1  -2   0  -2  -5  -5   0  -4  -5   0   1  -1  -5  -3  -2   11   2  35  14   0   6   1   5   0   0   0   4   0   0   5   9   4   0   1   3  0.60 0.37
  192 P    -1  -1  -2  -3  -5  -4  -3   7  -4  -6  -4  -1  -5  -5  -3  -1  -1  -6  -5  -6    3   4   1   1   0   0   2  74   0   0   2   3   0   0   1   5   4   0   0   0  1.45 0.62
  193 K     2  -2  -1   0  -3  -2  -3   0  -4  -2  -3  -2  -3  -4  -3   1   5  -5  -4  -1   21   2   2   4   0   1   1   6   0   2   1   1   0   0   0  10  44   0   0   4  0.67 0.42
  194 T     1   2  -1  -2  -3   1  -1  -2  -1   0  -1   3  -2  -1   2  -1   0  -3  -1   1   11  11   1   2   0   5   1   2   2   4   7  21   0   2   9   3   6   0   2  11  0.18 0.17
  195 I    -1  -5  -3  -5  -3  -4  -5  -5  -5   4   0  -4   0  -2  -3  -4  -2  -5  -4   6    6   0   1   0   0   0   0   0   0  22   8   0   2   1   1   0   1   0   0  56  1.06 0.49
  196 L    -1  -1   0  -2  -4   5   0  -3   0   2  -2   0   0  -4  -4  -2  -1  -3  -3   2    4   2   3   2   0  34   6   1   3  15   3   6   2   0   0   1   3   0   0  15  0.52 0.37
  197 L    -4  -5  -3  -5  -4  -3  -5  -6  -5   5   4  -5   1  -2  -5  -3  -1  -4  -1   1    0   0   1   0   0   1   0   0   0  40  40   0   2   0   0   2   3   0   2   8  0.97 0.46
  198 A     0  -3  -4  -3   0  -3  -4  -4  -3  -3   0  -5   0   0  -5   0  -3  10   4  -1    8   2   1   1   2   1   1   1   0   1   8   0   3   3   0   7   2  40  16   4  1.47 0.61
  199 L    -1  -2   0   5   0  -1  -1  -1  -1  -4  -4   0  -4  -4   0   2   2  -5  -3  -3    4   2   3  38   2   2   2   3   1   0   1   6   0   0   4  15  15   0   1   1  0.61 0.37
  200 C    -4  -7  -6  -7  11  -6  -7  -3  -7  -5  -5  -7  -5  -6  -6  -2  -5   0  -6  -5    0   0   0   0  91   0   0   2   0   0   0   0   0   0   0   3   0   1   0   0  3.72 1.14
  201 S     0  -3   6   1  -2   0  -1  -1   1  -4  -4  -1  -4  -4  -1   1   1   1  -3  -4    7   0  41   7   1   3   2   4   3   1   1   3   0   0   3  12   8   2   1   1  0.66 0.39
  202 G     0  -4  -1   0  -5  -4  -4   7  -5  -6  -6  -4  -5  -4  -3  -2  -1  -5  -5  -4    6   1   2   5   0   0   0  76   0   0   0   1   0   1   1   3   3   0   0   1  1.57 0.64
  203 P     0  -2   1  -2  -3   2  -2   3  -3  -4  -1  -1  -1  -4  -2   3   2   2  -3  -2    7   1   6   1   0  11   0  20   0   0   6   2   1   0   1  27  12   3   0   2  0.41 0.32
  204 A     3  -2   1  -1  -3  -1  -2   2  -3  -3  -3  -2  -3  -4   3   1   1  -4  -2  -2   31   1   6   3   0   2   1  16   0   1   1   1   0   0  12  12  10   0   1   1  0.45 0.31
  205 S     3  -3   5  -1   0  -1  -3   2  -1  -5  -5  -3  -4  -5  -4   1  -1  -5  -3  -3   23   1  36   2   2   3   1  15   1   0   0   0   0   0   0  10   3   0   0   1  0.75 0.43
  206 Q    -5  -2  -4  -2  -6   9   0  -5  -4  -6  -6  -3  -1  -7  -3  -3  -3  -6  -5  -6    0   1   0   2   0  86   4   1   0   0   0   0   1   0   1   1   1   0   0   0  2.39 0.98
  207 R    -3   5   0  -3  -5   5  -2  -4  -2  -3  -4   3  -2  -4  -4  -2  -1  -5  -3  -1    1  36   4   0   0  28   0   0   0   1   1  16   1   1   0   2   3   0   1   4  0.98 0.51
  208 W    -7  -6  -8  -9  -7  -7  -7  -7  -7  -7  -5  -8  -6   1  -8  -7  -7  13  -2  -7    0   0   0   0   0   0   0   0   0   0   1   0   0   5   0   0   0  93   0   0  4.65 1.35
  209 V    -1   1   1  -2  -3   3  -2  -3  -2  -1  -2  -1   0  -2  -4   0   3  -4  -1   2    5  10   8   1   0  14   1   1   0   2   1   2   3   2   0   6  22   0   2  21  0.31 0.29
  210 F     0  -3  -4  -5  -4  -2  -4  -5  -1   1   2  -4  -1   5   0  -3  -2  -2   2   2    8   1   0   0   0   2   0   0   1   7  17   0   0  28   4   1   2   0   8  20  0.54 0.32
  211 D    -2   2   5   0  -4   1  -1   0   0  -4  -3   0  -1  -4  -2   0   2   2  -1  -3    1  11  29   5   0   7   3   7   2   0   1   6   1   0   1   6  14   4   2   2  0.45 0.31
  212 D     3  -3   3   1  -3  -2  -2   1  -3  -4  -4  -2  -4  -5   1   3   0  -5  -4  -3   28   0  15   8   0   1   0   8   0   0   1   1   0   0   6  25   6   0   0   0  0.54 0.36
  213 D     1  -3   4   6  -5  -2  -1  -2  -2  -5  -5  -2  -5  -5  -3   0  -1  -5  -1  -5   13   0  22  45   0   1   3   3   0   0   0   2   0   0   0   5   3   0   2   0  0.98 0.47
  214 G    -2   1  -1  -3  -6  -2  -4   7   1  -6  -6  -2  -5  -5  -5  -2  -4  -5  -3  -6    1   8   3   1   0   1   0  75   4   0   0   2   0   0   0   2   0   0   1   0  1.57 0.63
  215 S     0  -2  -2   2  -4  -1  -1  -1   0  -4  -4  -3  -2  -5  -3   2   5  -5  -4  -4    7   2   1  14   0   3   3   5   2   0   0   0   1   0   0  15  47   0   0   0  0.81 0.49
  216 I    -4  -6  -6  -6  -4  -5  -6  -7  -6   6   3  -4   0  -1  -6  -5  -4  -5  -2   2    0   0   0   0   0   0   0   0   0  56  28   1   1   2   0   0   0   0   1   9  1.30 0.56
  217 L    -2   2  -3  -3  -3  -2  -3  -4  -4   1   1  -2  -1   0  -4  -1   2   0   0   4    2  13   1   1   0   1   0   0   0   6  11   1   1   4   0   5  16   1   3  32  0.37 0.29
  218 S    -2  -4   7  -2  -6  -4  -4   2   1  -6  -5  -4  -5  -6  -5   0  -2  -7  -5  -4    4   0  65   0   0   0   0  17   3   0   1   0   0   0   0   8   1   0   0   1  1.60 0.70
  219 L     0  -2  -4  -3  -4   0  -3  -3  -5  -1   1  -3  -3  -3   6  -3   0  -5  -4   3    7   2   0   1   0   4   1   1   0   2  16   1   0   0  36   0   7   0   0  21  0.77 0.41
  220 Y     1   0   2  -2  -4   5   0   0   0  -1  -3   0  -2  -3  -3   0  -2  -4   1  -3   11   4  12   1   0  33   3   9   2   4   2   5   0   0   1   5   1   0   6   1  0.47 0.35
  221 D     2  -4   2  -1  -4  -2  -3  -2  -2  -5  -5  -3  -4  -5  -4   5   1  -5  -1  -3   16   0   9   3   0   1   1   2   0   0   0   0   0   0   0  56   8   0   3   1  0.94 0.54
  222 D    -2  -3   3   2  -5  -1  -3   6  -4  -6  -6  -2  -5  -6  -4  -2  -2  -6  -6  -6    2   1  13  11   0   3   1  63   0   0   0   2   0   0   1   2   2   0   0   0  1.30 0.56
  223 K    -3   3  -4  -5  -5  -1  -3  -5  -3  -3   4   4   4  -4  -5  -4  -2  -5  -3  -3    1  14   0   0   0   1   0   0   0   0  40  33   9   0   0   0   1   0   0   0  0.91 0.51
  224 Q    -2  -7  -7  -7  10  -4  -7  -7  -7  -4  -5  -7  -5  -6  -7  -4  -5  -6  -2   4    3   0   0   0  67   1   0   0   0   0   0   0   0   0   0   1   0   0   2  27  2.70 0.92
  225 M    -2  -5  -6  -7  -4  -5  -6  -6  -6   0   6  -5   5  -2  -6  -5  -4  -5  -4   0    3   0   0   0   0   0   0   0   0   3  71   0  17   0   0   0   0   0   0   6  1.42 0.61
  226 D    -4  -5  -3   8  -7  -3   0  -4  -3  -7  -7  -4  -7  -7  -5  -3  -3  -8  -5  -4    1   0   0  88   0   0   5   1   1   0   0   0   0   0   0   0   1   0   0   2  2.32 0.85
  227 S     3  -5  -3   0  -3  -4  -4  -4  -5   0  -1  -4  -2  -4  -3  -1  -2  -5  -4   5   28   0   1   6   0   0   0   0   0   3   3   0   0   0   1   4   2   0   0  52  0.87 0.49
  228 E     1   1   0  -1  -3  -1  -1  -1  -3  -3  -2   2  -3  -3   1   2   3  -1  -2  -1   11   8   4   3   0   1   4   3   0   0   2  13   0   0   8  15  23   1   1   3  0.29 0.24
  229 G     0  -1   1   1  -5   1  -2   5  -2  -5  -5  -2  -4  -5  -4   0  -2  -2  -1  -5    5   4   6   8   0   7   2  54   0   0   0   2   0   0   0   6   1   1   2   0  0.86 0.42
  230 A     2  -3   2  -3  -4  -2  -3   3  -2  -4  -5  -3  -4  -4  -4   4  -1  -1  -3  -2   20   1   9   0   0   2   0  24   1   1   0   0   0   0   0  36   2   1   0   2  0.71 0.42
  231 A    -1  -2   4   3  -4  -2  -2   1  -3  -2  -4  -2  -4  -4  -4   2   4  -3  -4  -3    3   2  20  15   0   1   0  11   0   3   1   1   0   0   0  14  30   0   0   0  0.63 0.40
  232 A     3  -3  -2  -2  -3  -2  -2  -1  -3  -3  -2  -3  -3  -4   3   1   3  -1  -4   0   33   1   1   2   0   1   2   4   0   1   3   0   0   0  14  12  19   1   0   7  0.49 0.33
  233 A     1  -3   6   2  -5  -3  -2  -2  -3  -4  -4  -3  -5  -5  -2   2  -2  -6  -3  -4   12   0  48  12   0   0   1   2   0   1   1   0   0   0   1  18   2   0   1   1  1.03 0.53
  234 A    -1  -4   0  -3  -5  -4  -5   6  -3  -4   1  -4  -4  -5  -1  -2  -3  -5  -5  -5    3   1   4   1   0   0   0  67   0   1  17   0   0   0   3   2   1   0   0   0  1.25 0.55
  235 K     1   1  -1  -2  -4   0  -2   0  -1  -3  -3   0  -3  -2  -4   0   5  -5  -4  -3   11   6   2   1   0   5   1   6   2   0   2   6   0   2   0   6  50   0   0   0  0.68 0.44
  236 Q     0   4  -2  -2  -5   4   0  -3  -3  -4  -1   2  -3  -4   1  -2   0  -5  -3  -3    9  22   1   1   0  25   5   1   0   0   6  14   0   0   8   0   5   0   0   1  0.58 0.37
  237 I    -2  -5  -6  -6  -4  -5  -5  -6  -6   4   4  -5  -1  -3  -4  -5  -1  -5  -4   3    2   0   0   0   0   0   0   0   0  29  43   0   0   0   0   0   3   0   0  23  1.02 0.47
  238 I    -3  -2  -3  -3  -5   6  -1  -3   2   4  -2  -3  -2  -3  -5  -3  -2  -5  -4   1    2   1   0   1   0  44   3   2   5  25   2   0   0   1   0   1   1   0   0  10  0.93 0.54
  239 L    -2  -5  -6  -6  -4  -1  -5  -6  -5   5   4  -5   1  -3  -5  -4  -1  -5  -4   1    2   0   0   0   0   3   0   0   0  39  42   0   2   0   0   1   3   0   0   8  1.03 0.48
  240 W    -3  -3  -4  -6  -2  -3  -6  -6   1  -6  -6  -6  -5   1  -7  -2  -5  12   4  -5    2   2   1   0   1   1   0   0   4   0   0   0   0   4   0   4   0  65  15   1  2.94 0.95
  241 W    -1  -2  -1   3  -4  -1   0  -3   0  -4  -5  -1  -3  -5   3   2   4  -1  -4  -3    5   1   1  20   0   2   6   0   2   0   0   2   0   0  13  13  32   1   0   0  0.64 0.40
  242 N    -1  -2  -2  -7  10  -6  -7  -5  -6  -5  -4  -6  -5   1  -1  -2  -4  -1   0  -2    6   3   2   0  70   0   0   0   0   0   1   0   0   5   3   3   0   1   3   2  2.38 0.82
  243 A     0  -3   5   0  -4  -2  -2  -1   4  -3  -3  -1  -4  -3  -4   1   4   1  -2  -3    7   0  27   4   0   1   1   5  13   1   2   2   0   1   0   8  26   2   1   1  0.62 0.39
  244 A    -1  -2   0  -2  -4  -4  -5   7  -3  -6  -6  -4  -5  -4  -5  -2  -1  -6  -4  -6    4   2   5   2   0   0   0  77   1   0   0   0   0   1   0   3   4   0   1   0  1.61 0.63
  245 E     1  -3   3  -1  -4   1  -2   4  -2  -4  -3  -1  -3  -4  -3   1   1  -2  -2  -3   14   0  13   2   0   6   1  34   0   0   2   4   0   0   0  10  10   1   1   1  0.51 0.31
  246 P     4  -2   0   0  -3  -3  -2  -1  -4  -4  -2  -2  -3  -3   4   2   1  -5  -4  -1   36   1   4   5   0   0   2   4   0   0   3   1   0   1  19  14   7   0   0   3  0.55 0.35
  247 N     0  -4   8  -1  -6  -3  -3  -2  -2  -6  -6  -3  -5  -6  -5  -1   0  -1  -4  -5    9   0  75   1   0   1   0   2   0   0   0   1   0   0   0   4   5   1   0   1  1.78 0.73
  248 Q    -5  -3  -4  -5  -7   9  -2  -6  -2  -7  -7  -3  -5  -8  -6  -4  -5  -6  -6  -7    0   0   0   0   0  99   1   0   1   0   0   0   0   0   0   0   0   0   0   0  3.01 1.12
  249 I    -2   3  -2  -3  -5   4  -2  -3  -1   0  -2   5   1  -5  -4  -2  -2  -5  -4  -1    2  17   0   0   0  18   0   1   1   6   4  38   4   0   0   1   2   0   0   4  0.75 0.43
  250 W    -8  -8  -9  -9  -7  -7  -8  -8  -7  -5  -7  -8  -6  -3  -9  -8  -7  13  -3  -8    0   0   0   0   0   0   0   0   0   1   0   0   0   1   0   0   0  99   0   0  5.04 1.39
  251 L    -1  -3  -2  -4  -3  -2  -3  -4  -4   1   2  -3   1  -1  -4  -1   5  -4  -2   3    3   1   1   0   0   2   0   0   0   7  18   0   2   3   0   3  39   0   1  21  0.55 0.33
  252 A     1  -4  -4  -4  -3  -3  -3  -1  -4  -1   1  -2  -2  -3   4  -2   2  -5  -4   3   11   0   0   0   0   0   0   4   0   0  13   1   0   0  24   0  15   0   0  31  0.61 0.32
  253 L    -2  -3  -4  -2  -3  -3  -3  -5  -4   1   4  -3   3   1  -4  -3  -1  -3  -2   2    0   0   0   2   0   0   2   0   0   0  62   0  11   6   0   0   2   0   0  16  0.62 0.21
  254 F    -3  -3  -4  -4  -3  -3  -4  -4  -2   0   2  -4   0   6  -4  -3  -3   0   4  -1    0   0   0   0   0   0   0   0   0   5  26   0   0  56   0   0   0   0  14   0  0.79 0.14

                      K         Lambda
Standard Ungapped    0.1253     0.3131
Standard Gapped      0.0439     0.2670
PSI Ungapped         0.1432     0.3109
PSI Gapped           0.0439     0.2670
