
Last position-specific scoring matrix computed, weighted observed percentages rounded down, information per position, and relative weight of gapless real matches to pseudocounts
            A   R   N   D   C   Q   E   G   H   I   L   K   M   F   P   S   T   W   Y   V   A   R   N   D   C   Q   E   G   H   I   L   K   M   F   P   S   T   W   Y   V
    1 S     5  -4  -3  -4   0  -3  -3  -3  -4  -4  -4  -3  -3  -5  -3   3   3  -5  -4  -3   55   0   0   0   2   0   0   0   0   0   0   0   0   0   0  20  23   0   0   0  1.01 0.48
    2 T    -2  -1  -1  -2  -4  -4  -4  -4  -5  -4  -5  -2  -4  -5  -4   2   7  -6  -5  -2    1   3   2   2   0   0   0   1   0   0   0   1   0   0   0  13  75   0   0   2  1.52 0.68
    3 D     2   0  -1  -2  -3   1   0   2  -2   0  -3   1  -3  -4   1   2  -1  -2  -2  -1   18   6   1   1   0   8   6  18   0   6   0   9   0   0   6  16   0   0   1   3  0.25 0.21
    4 A     1   0   0   3  -4   3   1  -1  -2  -3  -3   1  -3  -4  -3   1   0  -4  -1  -3   12   4   4  20   0  14  10   4   0   1   2  10   0   0   0  13   5   0   2   0  0.37 0.26
    5 S    -1  -1   1   1  -4   0   0   0  -3  -3  -4   1  -3  -5  -1   3   3  -5  -4  -2    2   1   8   6   0   4   5   6   0   1   0  11   0   0   2  30  20   0   0   3  0.45 0.34
    6 Y    -7  -6  -3  -8  -7  -6  -7  -8  -3  -6  -6  -7  -6   1  -8  -6  -6  -2  10  -6    0   0   1   0   0   0   0   0   0   0   0   0   0   5   0   0   0   0  94   0  3.38 1.19
    7 N     0   2   1  -1  -3   0  -1   1  -2   0  -2   1  -1  -1  -1   1   1  -4  -3   0    8  12   6   1   0   4   1  10   0   5   2  11   1   2   2  15  12   0   0   8  0.16 0.17
    8 A     1   1   2   2  -4   1  -1  -2  -1  -3  -3   0  -2  -4  -2   2   3  -5  -4  -1   13   7   9  12   0   7   2   1   1   0   1   5   1   0   1  15  20   0   0   3  0.34 0.28
    9 D    -3  -6  -4  -4  -6  -6  -4  -6  -5  -3   0  -6   1   8  -7   0  -3  -3   0  -1    2   0   1   1   0   0   1   0   0   1   7   0   3  71   0   7   2   0   1   3  1.84 0.76
   10 I    -5  -6  -6  -6  -5  -3  -3  -7  -6   7   3  -6   3  -3  -6  -6  -4  -6  -5   1    0   0   0   0   0   1   2   0   0  60  23   0   7   0   0   0   0   0   0   8  1.46 0.64
   11 K     1   1   3   0  -4   2   1  -1  -3  -3  -4   1  -3  -5  -3   1   2  -5  -4  -2   12   6  17   5   0  11   8   4   0   1   0   9   0   0   0  11  15   0   0   1  0.39 0.30
   12 E     0   0   2   1  -4   1   1   0   0  -3  -2   1  -3  -3  -3   3  -1  -5  -4  -2    9   5  11   9   0   8   7   7   2   1   3  10   0   1   0  25   2   0   0   2  0.30 0.26
   13 E    -4  -5  -6  -6  -4  -5  -4  -6  -6   4   5  -5   1   0  -6  -5  -3  -1  -4   2    0   0   0   0   0   0   1   0   0  22  55   0   2   3   0   0   1   1   0  14  1.12 0.53
   14 R    -6   8  -5  -6  -7  -2  -4  -4  -1  -7  -6  -1  -6  -7  -6  -4  -5  -7  -4  -7    0  92   0   0   0   1   0   1   1   0   0   1   0   0   0   1   0   0   1   0  2.61 1.02
   15 D    -1   0   3   3  -4   1   2  -1   1  -4  -5   1  -4  -5  -3   1   1  -5  -2  -3    4   5  16  21   0   6  13   3   3   1   0   7   0   0   0  10   7   0   1   2  0.45 0.31
   16 A     3   2   0  -2  -4   2   2  -2  -3  -2  -1   1  -2  -3  -3  -1  -1  -1  -2   0   27  14   4   1   0   9  15   2   0   2   5   7   1   1   0   3   4   1   1   6  0.29 0.28
   17 A     2  -3  -4  -5  -2  -2  -4  -2  -2   1   4  -3   0  -2  -4   0  -1  -4  -2   2   16   0   0   0   1   1   0   2   1   8  40   1   1   1   0   7   2   0   1  17  0.48 0.34
   18 E     2   0  -1  -1  -4  -1  -1   2   0  -3  -4   2  -3  -5   0   3   1  -5  -4  -3   16   4   1   3   0   2   3  17   2   1   0  15   0   0   5  22   8   0   0   1  0.38 0.30
   19 G    -1  -1   2   3  -3   0   0   3   1  -2  -4  -1  -2  -3  -3   1   1  -4  -1  -3    3   4  10  16   0   5   4  26   3   3   0   2   1   1   0  11   9   0   2   1  0.39 0.28
   20 P     0  -1   0   0   0  -2   1   0   2  -4  -2  -1  -3  -4   5   0   1   0   0  -3    8   3   3   5   2   1   8   8   5   0   3   2   0   0  27   7  10   2   4   1  0.44 0.30
   21 M    -2   2   0  -2  -2  -2  -1  -4  -3  -1   1   0   3   1  -2   0   2  -3   1   1    2  13   4   2   1   1   4   0   0   1  13   5   8   6   2   6  18   0   5  10  0.18 0.22
   22 A     0   0  -1  -1   2  -1   0  -2  -1   1  -2   0  -2  -2  -2   2  -1  -4   0   2    9   6   2   2   6   1   5   2   1   8   3   6   0   1   1  24   2   0   3  18  0.18 0.22
   23 H    -1  -3   3  -1   2  -1   0  -2   7  -4  -4  -3  -4  -1  -3  -2  -3  -3   5  -3    7   0  13   2   5   2   7   2  31   1   1   1   0   2   1   2   1   0  21   1  0.95 0.51
   24 G    -2  -4   3   3  -2  -1   0   5  -3  -5  -5  -2  -5  -5  -3   0  -2  -5  -5  -5    2   0  16  16   1   2   6  44   0   0   1   2   0   0   1   8   2   0   0   0  0.89 0.46
   25 I    -2  -1  -2  -4  -1  -4  -4  -4  -1   6   2  -2  -1  -1  -4  -3   0  -4  -3   2    1   4   2   0   1   0   1   1   1  47  15   2   1   2   0   1   5   0   0  14  0.74 0.38
   26 P    -2  -1  -2  -2  -5  -1  -3  -2  -3  -4  -3  -3  -4  -4   7   0  -1  -5  -3  -2    3   3   2   2   0   3   1   3   1   0   3   1   0   1  61   6   4   0   1   4  1.44 0.60
   27 A    -2  -2  -3  -5  -3  -3  -4  -5  -5   1   2  -3   4  -2  -3  -3  -2  -4  -2   5    3   2   2   0   0   1   1   0   0   4  18   1  11   1   1   1   1   0   1  51  0.86 0.46
   28 L    -4  -4  -5  -4   1  -4  -4  -6  -5   3   5  -3   1  -1  -3  -4  -1  -4  -2  -1    0   1   0   1   3   0   1   0   0  14  65   2   2   2   1   0   5   0   1   2  1.00 0.51
   29 N    -1   3   1   1  -5  -1  -2  -2  -1  -4  -2   0   2  -5   5  -1  -2  -5  -3  -3    5  21   7   7   0   2   1   3   1   0   3   6   5   0  31   3   2   0   1   1  0.68 0.39
   30 A     0   1   0  -1  -3   1  -1  -3   3  -2  -2   0  -3  -3   4   0   0  -4  -1   0   10   7   4   3   0   8   3   1   7   2   3   7   0   0  24   7   6   0   2   6  0.36 0.24
   31 G    -1  -2  -1  -2  -1   2   0  -1   1  -2  -2  -1  -1  -3   3   2   2  -4   0  -1    3   0   2   2   1  12   7   4   4   1   4   2   2   1  15  17  17   0   3   5  0.31 0.27
   32 A     0   0   2   0  -1  -1  -1   1  -3  -2  -3  -1  -3  -4   1   2   3  -4  -3  -1    9   5   9   4   1   2   2   9   0   2   2   4   0   0   8  16  23   0   0   4  0.28 0.25
   33 L     0  -1   0  -1  -2   0  -1   0  -1   0   1   0   0  -2   1   0   1  -3  -2   1    8   2   4   3   0   4   4   6   2   4  18   4   2   1   7   6   9   0   0  16  0.07 0.10
   34 D    -2  -1   0   1  -4   1   0   0  -3  -3  -3  -2  -2  -4   5   1   2  -5  -4  -1    2   3   4   9   0   7   5   6   0   1   2   2   1   0  31   9  12   0   0   6  0.56 0.33
   35 E     0  -1   0   1  -4  -1   1   1  -3  -1  -2   0  -3  -2   5   0  -1  -4  -3  -1    7   2   5  10   0   2   8  10   0   5   3   5   0   2  26   6   2   0   0   6  0.39 0.24
   36 A     1   0   1   1  -2   0   1  -1  -2  -3  -3   1  -3  -2   1   2   1  -3  -1  -2   14   4   5   7   1   4   7   4   0   0   2  10   0   2   8  18   9   0   2   2  0.21 0.18
   37 R    -1   2   2   1  -3   3   0  -2   0  -2  -1   1  -2  -2   0  -1  -1   3   2  -2    3  10  11   8   0  19   4   3   2   2   6   6   0   1   5   3   3   4   7   2  0.24 0.20
   38 A    -2   5   0  -1  -2   0  -2  -1  -2   0   0   0  -1   0  -2  -2  -2   7  -2  -1    2  31   4   3   1   3   2   5   1   7   9   5   1   3   2   1   1  15   0   4  0.53 0.30
   39 Y    -4  -5  -5  -3  -5  -5  -5  -4  -3   0   1  -5   0   6  -3  -5  -4   5   6  -1    0   0   0   2   0   0   0   1   0   6  11   0   2  37   2   0   0   7  26   4  1.22 0.53
   40 A     0  -1  -3   0  -3  -2  -3  -2   1   3   1  -2   0   1  -2  -2   0  -3   0   2    9   3   0   5   0   2   0   2   5  17  17   2   1   7   1   2   4   0   2  20  0.18 0.17
   41 T    -1   0  -2  -1  -3  -1   0  -3   2   0   3  -1   0  -1   0  -1   0  -1   0   1    3   5   1   4   0   1   6   1   6   5  32   2   1   2   5   5   7   1   4   9  0.15 0.16
   42 V    -1  -3  -3  -3  -3  -4  -4  -5  -1   3   2  -3   0  -1  -2  -3   0  -1  -3   5    3   1   1   2   0   0   0   0   2  14  18   1   2   2   2   1   5   1   0  44  0.64 0.36
   43 D    -1   1   2   2  -2   1   2  -2   2  -1   0   0  -2  -3  -1  -1  -1  -4  -2  -2    3   7  14  14   1   7  14   3   6   4  13   5   0   0   2   3   3   0   1   2  0.21 0.18
   44 S    -1  -1  -2  -1  -1  -3  -3   0  -4   1   4  -1   0   0  -4  -1  -1  -1  -3   1    3   4   1   3   1   0   0   7   0   7  48   5   2   3   0   4   2   1   0   8  0.39 0.27
   45 A     0   1  -2  -1  -1   0   0   0   0   0  -2   0  -2  -1  -3   1   3   0  -2   0    7   8   0   3   1   3   5   8   3   6   2   6   0   3   0  11  26   2   1   6  0.18 0.20
   46 N    -1  -1   5   0  -4  -1  -1   2   1  -4  -3  -1  -4  -1  -4   2   1  -1  -3  -4    4   3  31   3   0   2   3  19   3   0   2   4   0   3   0  13   8   1   1   0  0.53 0.32
   47 T     0   0   1   0  -3   0   0   1   0  -1  -1   0  -2  -1   0   1   0   1   2  -2    5   4   6   6   0   5   6  12   2   4   6   5   0   1   5  13   5   2  12   2  0.10 0.11
   48 D     1  -1   2   3  -2   0   0   2  -1  -3  -3  -1  -3  -4  -2  -1   1  -4  -3  -2   13   4  13  21   1   4   3  15   1   0   1   4   0   0   1   2  11   0   1   3  0.32 0.21
   49 E    -1   2   2   3  -4   1   2   1   1  -3  -3   1  -2  -3  -1   0  -1  -4  -3  -3    3  11   8  18   0   6  12  10   4   1   2  10   1   1   2   7   4   0   0   0  0.29 0.19
   50 E     0   0  -1  -1  -3   0   1  -2   1   0  -2   0  -1  -3  -1   2   3   0  -1   0    7   4   2   1   0   2   8   1   3   7   3   6   1   0   3  16  27   2   2   5  0.23 0.20
   51 V     0  -4  -4  -4  -3   0  -3  -3  -4   4   1  -3   1  -1  -3  -3   1  -4  -3   4    7   0   0   0   0   6   0   2   0  31   8   0   2   1   1   0  10   0   0  30  0.54 0.30
   52 S    -1   1  -1  -3  -3   0   0  -3   0  -1  -2  -1  -1  -4  -2   1   5  -4  -3  -1    3  10   2   0   0   3   5   1   2   2   2   2   1   0   1  11  44   0   0   4  0.50 0.35
   53 V    -1  -2  -5  -5  -3  -4  -4  -5  -4   1   5  -4   1   1  -4  -3  -1  -1  -3   1    5   2   0   0   0   0   0   0   0   4  61   0   3   5   0   1   3   1   0  11  0.71 0.37
   54 A     4   1  -3  -3  -1  -2  -3   1  -1   1  -1  -1   0  -3  -3  -1  -2   1  -1   0   39  11   0   0   1   0   0  10   1   8   5   3   2   0   0   2   0   2   2   7  0.27 0.26
   55 V    -2  -4  -3  -5  -3  -4  -4  -5  -4   5   2  -4   2   2  -4  -4  -1  -3  -1   2    3   0   1   0   0   0   0   0   0  36  23   0   5   8   0   0   2   0   2  13  0.58 0.32
   56 D    -1   4   2   4  -1   0   0  -3  -1  -4  -3   0  -3  -4  -3   0  -2   0  -2  -2    3  25   9  29   1   4   4   0   1   0   3   3   0   0   0   7   1   1   1   3  0.47 0.30
   57 V     1   2   0   0  -3  -1  -1  -2  -3   0  -1   0   0  -3   0  -1  -1  -4  -1   3   11  15   4   5   0   2   3   2   0   2   5   5   2   0   4   3   2   0   1  28  0.13 0.17
   58 T    -1   0   2   4  -3  -1   1  -2   1  -1  -3  -1  -3  -2  -2   1   2  -4  -2  -1    5   4   8  26   0   1   7   1   3   5   1   2   0   1   1   9  14   0   1   6  0.26 0.19
   59 N    -3  -2   6   4  -5  -2  -2  -1   0  -5  -5  -2  -4  -5  -4   0   0  -6  -4  -5    0   2  52  26   0   0   0   3   1   0   0   0   0   0   0   5   6   0   0   0  1.11 0.44
   60 L     2  -2  -3  -4  -3  -3  -4  -2  -4   0   4  -3   3  -1  -4  -3  -2  -3  -3   1   18   2   1   0   0   0   0   3   0   2  48   0   9   2   0   0   1   0   0  10  0.45 0.27
   61 A    -3  -1  -1  -5  -1  -4  -5  -2  -1  -4  -4  -4  -4   0  -6  -2  -4  -1   9  -2    1   3   3   0   2   0   0   3   0   0   0   0   0   0   0   2   0   0  79   3  1.91 0.65
   62 V    -2  -4  -5  -5  -3  -4  -4  -5  -4   3   3  -4   0   0  -4  -4  -2   2   0   4    2   0   0   0   0   0   0   0   0  18  26   0   1   4   0   0   0   3   2  38  0.61 0.29
   63 V     0  -1  -3  -3  -1   0  -1  -4  -2   1   1  -3   3  -2  -4  -2  -1   1  -2   4    7   2   0   1   1   4   4   0   1   5   9   0  11   1   0   1   3   2   0  46  0.42 0.25
   64 A     3   0   1  -4  -5  -4  -5   6  -5  -6  -6  -4  -5  -6  -5   0  -4  -6  -6  -5   23   7   6   0   0   0   0  60   0   0   0   0   0   0   0   5   0   0   0   0  1.35 0.47
   65 Y    -6  -6  -6  -7   3  -6  -6  -7  -3  -4  -4  -6  -4   6  -7  -6  -6   4   8   0    0   0   0   0   5   0   0   0   0   0   0   0   0  35   0   0   0   5  48   6  2.13 0.63
   66 R     0   3   0  -3  -4   3  -1  -2  -2  -1  -1   1   0  -1  -3   1   0  -3   1  -1    6  22   3   0   0  14   3   2   0   4   6  10   2   2   0   9   7   0   7   4  0.26 0.18
   67 A     2  -1   1   0  -3  -1  -1  -2  -1  -1  -2  -1   0   1  -2   0   0  -3  -1   2   24   4  10   6   0   2   2   2   1   1   2   4   2   8   1   6   6   0   2  18  0.15 0.15
   68 G    -1   1   2  -1  -4   1   0   3  -2  -3  -3   0   0  -4   1   0   1  -5  -4  -3    4   9  10   3   0   5   6  27   1   1   3   6   3   1   8   5   7   0   0   1  0.36 0.28
   69 S     0  -1   4   3  -5  -2  -1   1  -3  -5  -5   0  -4  -1  -4   1   2  -5   2  -4    7   2  19  18   0   1   3  11   0   0   0   4   0   3   0  10  12   0   7   1  0.48 0.38
   70 N    -2   2   3   1  -3   0  -1   3   1  -3  -3  -1  -3  -3  -3   0   1   0  -2  -1    2  11  17   6   1   5   2  21   3   1   3   3   0   1   1   5  12   2   1   4  0.32 0.28
   71 S     1   0   1  -2   0  -1  -2  -1   3  -4  -3  -2  -3   0  -3   3   2  -2   2  -1   12   5   5   1   2   2   2   4   8   0   2   2   0   3   1  27  12   1   7   5  0.34 0.32
   72 Y    -4   0  -2  -4   0  -3  -3  -4   1  -3  -3  -3  -5   0  -6  -5  -1   8   8  -3    1   5   2   1   2   1   2   1   3   2   2   2   0   3   0   1   3  23  44   2  1.73 0.80
   73 F    -2  -1  -4  -5  -3  -3  -2  -6   2   0   0  -5   0   7  -3  -5  -5   6   3  -2    3   3   1   0   1   1   3   0   4   5   8   0   2  44   2   0   0   9  10   2  1.16 0.57
   74 H    -3  -1  -2  -4  -2  -2   0  -4   2  -2   1  -1  -3   6  -3  -3  -2   2   2  -2    2   4   2   0   1   1   8   1   6   1  14   4   0  38   1   2   2   2   7   2  0.72 0.41
   75 A    -1   2   3  -2  -4  -1  -1   0   1  -3  -1   2   0   2  -1   1  -1   1  -2  -3    4  13  15   1   0   2   4   6   3   0   7  12   3  11   4   9   3   2   0   0  0.23 0.23
   76 A    -3  -1   1   5  -5   1   2   1   0  -3  -1  -2  -4   2  -2  -1  -2  -4  -3  -4    2   3   5  33   0   5  12  11   2   1   6   2   0  10   2   3   1   0   0   1  0.54 0.37
   77 A     2  -1  -1  -1  -2  -1   0   0   0   1  -2   0  -2   0  -1   1   0  -1  -2   0   22   3   1   4   1   3   7   7   2  10   2   4   0   5   2  13   5   1   0   6  0.12 0.16
   78 P    -1  -1   0   3  -4  -1  -1  -1  -3  -2  -2  -2  -3  -2   4   1   2  -4  -2  -2    4   4   4  19   0   2   3   4   0   2   4   2   0   2  22  13  12   0   2   3  0.44 0.30
   79 G     2   0   0   1  -3   0   0   2  -1  -1  -3   0  -3   0   1   1   0  -3  -3  -2   17   4   4   9   0   4   6  15   2   4   1   6   0   4   7   9   5   0   0   1  0.17 0.16
   80 S     0   0   0   2  -3   1   2   0   0  -1  -1   0  -1  -3  -1   0   1  -2  -2   0    9   4   4  14   0   6  14   7   3   4   6   4   1   1   3   7   9   1   1   6  0.12 0.12
   81 S     3  -1  -2  -1   0   0   1   0   2  -1  -1  -1  -2  -2   1   0   0  -4  -2  -1   32   4   1   3   2   3  10   6   5   3   5   3   1   1   6   5   4   0   1   4  0.21 0.21
   82 L     0   1  -1  -2  -3   0  -1  -2  -1   1   1   0   0   1  -2   0   0  -1   1   0    9  11   3   1   0   5   3   3   1  12  12   7   1   8   1   6   5   1   7   5  0.06 0.10
   83 S    -1   0   1   1  -2  -1   0  -1   0  -3  -3   1  -3  -3   1   2   3  -4   0  -2    4   5   6   8   1   2   6   4   2   0   2  10   0   1   8  17  18   0   3   2  0.26 0.24
   84 H    -1   0   2  -1  -3   0  -1  -1   4  -1  -2   0  -3  -2   1   0   1  -3   3  -2    5   6  11   2   0   3   4   6  13   4   4   4   0   1   8   8   8   0  10   2  0.24 0.21
   85 L    -2  -4  -1  -2  -3  -1  -3  -3  -2   2   4  -4   0  -2  -2  -2  -2  -4  -3   2    2   1   3   2   0   3   2   2   1   9  46   1   2   1   2   3   2   0   0  17  0.56 0.34
   86 F    -1  -1  -3  -1   1   0  -3  -4   1   1   0  -3  -2   5   0  -1   0  -2   1   0    4   5   0   4   4   4   0   0   4   9   9   0   0  31   4   5   8   0   4   5  0.39 0.31
   87 S     0   0   0   0   2   0   0   0  -1   0  -1   0  -1   0   1   0   0  -2   1   0    6   6   5   6   5   5   6   6   0   6   6   6   0   5   6   6   6   0   5   6  0.00 0.06
   88 R    -1   0   1   4  -4   0   1   4   0  -3  -3  -1  -4  -4  -2   0  -1  -4  -1  -4    3   4   7  21   0   4   9  29   2   2   3   3   0   0   2   5   3   0   2   0  0.47 0.35
   89 S     2   0   0   0  -3  -1  -2   0  -3   0  -2  -1   0  -2  -1   1   3  -4  -3   1   16   5   5   4   0   2   2   6   0   5   2   3   3   2   2  11  23   0   0   9  0.20 0.24
   90 S    -1   0   3   0   0   1  -1  -1   0  -1  -2   0  -1  -4   1   1   3  -4  -1  -1    3   4  16   5   2   5   2   3   2   4   3   7   1   0   6  12  19   0   2   3  0.23 0.26
   91 Q     0   2   0  -1  -3   3   0  -2   2  -1  -2   1  -1  -1   1   0   0  -3   0  -1    8  12   4   2   0  14   5   2   5   4   3   7   1   2   6   8   7   0   4   3  0.14 0.19
   92 H    -1   0   0  -1  -3   1   1  -3   1   0  -1   1   0   1   0  -1   0  -3   1   0    5   6   6   4   0   6   8   1   5   7   5   9   3   8   4   4   7   0   6   9  0.07 0.10
   93 T    -1   0   0   0  -3   0   0  -1   2   0  -1   0   1   0   0   0   0   3   1   0    5   5   5   5   0   5   5   5   5   5   5   5   5   5   5   5   5   5   5   5  0.06 0.08
   94 L    -3  -4  -3  -5  -4  -2  -5  -2  -5   2   5  -4   3   0  -5  -4  -2   2   0  -1    1   0   1   0   0   2   0   4   0  14  58   1   6   3   0   0   2   3   2   1  0.83 0.44
   95 G    -1  -1   1  -1  -4  -1   0   2   0  -2  -2   0  -3  -3   4   1   0  -4  -2  -3    3   3   8   3   0   2   5  19   2   2   3   4   0   1  26  10   7   0   1   1  0.44 0.25
   96 F    -3  -5  -5  -5   0  -4  -5  -1  -1  -1   0  -3  -2   7  -5  -4  -1   3   5  -2    1   0   0   0   2   0   0   6   1   2   6   1   1  46   0   0   5   4  20   3  1.15 0.51
   97 D    -1  -1   1   3  -4  -2  -1   3  -2  -4  -4  -1  -3  -4   0   1   2  -4  -3  -2    4   3   7  18   0   0   2  27   1   0   0   3   0   0   4   9  17   0   1   2  0.45 0.29
   98 N    -1  -3   0  -1  -4  -1   1   5  -1  -4  -3  -2  -4  -3  -1   2  -1  -4  -4  -3    2   0   3   3   0   2   8  48   1   0   2   2   0   1   3  18   3   0   0   2  0.71 0.38
   99 T    -2   0   5   1  -4  -2  -3  -1   0  -5  -4  -2  -4  -5  -4   4   1  -6  -4  -4    2   4  26   8   0   1   0   5   2   0   1   1   0   0   0  40   9   0   0   0  0.81 0.49
  100 Y    -6  -2  -6  -7  -6  -6  -6  -2  -3  -5  -5  -6  -5   1  -7  -2  -6  -2   9  -2    0   2   0   0   0   0   0   4   0   0   0   0   0   3   0   3   0   0  85   3  2.68 1.01
  101 G     0   1   2   0  -3   2   0   1  -1  -2  -2   0  -1  -4   2   0   2  -4  -3  -1    8   7  10   6   0  10   5  11   1   1   2   5   1   0   9   6  14   0   0   4  0.20 0.17
  102 D    -1   0   2   4  -4   0   0  -1  -3  -5  -5  -1  -2  -4  -1   2   1  -5   0  -4    4   5  12  27   0   3   5   5   0   0   0   2   1   0   2  21  11   0   4   0  0.51 0.34
  103 M    -4  -3  -6  -6  -4  -5  -6  -2  -6   2   5  -5   3  -1  -6  -5  -3  -5  -4   1    0   1   0   0   0   0   0   4   0   9  69   0   7   2   0   0   1   0   0   6  1.14 0.55
  104 A     0  -1  -1   0  -4   3   4  -1   0  -1  -1  -1  -2  -3  -3  -1   0  -4  -2  -1    6   2   3   3   0  13  39   5   2   5   7   2   0   1   1   4   4   0   1   3  0.42 0.29
  105 Q    -1   3   1  -1  -2   0  -1   1   0  -1  -2   2  -1  -3   0   1   0  -3  -2   0    3  19   8   2   1   4   1  13   2   5   1  12   2   0   3   9   7   0   1   6  0.18 0.16
  106 A     1   1   1  -1  -2   0  -1   0   0  -1  -1   1  -1  -1   1   0   0   1   0   1   16   7   7   3   0   4   2   8   2   2   6  10   0   1   7   4   3   2   4  12  0.07 0.09
  107 A     5  -3  -1  -3  -3  -1   0   2  -3  -3  -2  -1   1  -3  -2  -1  -1  -4  -3  -1   52   0   2   0   0   2   5  16   0   1   2   3   4   1   2   1   3   0   0   4  0.61 0.37
  108 G     0  -2   1   2  -4   0  -1   5   3  -4  -4   0  -3  -4  -2  -1  -2  -4  -4  -1    8   1   6  10   0   4   2  43   8   1   1   5   1   0   2   2   1   0   0   4  0.62 0.35
  109 S     1   0   0  -2  -2   1   0   1  -2   0   0   1   0  -1  -1   0   1  -1  -2   1   11   3   3   1   0   7   4  10   0   3  12  12   2   2   2   4   9   1   0  14  0.07 0.12
  110 N     0   1   2   2  -3   0   1   0   0  -2  -2   0  -2   0  -1   1   1  -3  -1  -1    6   8  13  12   0   3   9   7   2   2   4   3   1   5   2  12   8   0   1   3  0.14 0.13
  111 R    -3   7  -3  -3  -5  -2  -3  -2  -3  -2   0  -1  -1  -3  -4  -2  -2   2  -4  -2    2  63   0   2   0   1   1   3   0   2  10   2   2   1   1   2   3   3   0   3  1.20 0.57
  112 K    -1   0  -1   1  -4   0   3  -1  -2  -2  -2   1  -1  -4   1   1   1   0  -1  -1    2   5   2   9   0   3  27   4   0   2   5   7   1   0   6  13   8   2   2   3  0.26 0.23
  113 A    -1   0   2   2  -4   2   1   1  -2  -4  -3   1  -2  -4  -2   1   1  -4  -1  -3    3   4  12  14   0   9   8  12   0   0   2  10   1   0   1  12   7   0   2   1  0.28 0.22
  114 I    -2  -3  -4  -3  -3  -4  -2  -5  -5   4   2  -4   3   0  -2  -2   0  -4  -3   3    3   1   1   1   0   0   2   0   0  27  16   0   9   3   2   2   6   0   0  26  0.60 0.35
  115 P    -1   0   0   2  -4   2   1   0  -2  -3  -2  -2  -3  -2   4   0   1  -4  -2  -2    3   5   4  12   0   9   9   7   1   1   3   1   0   1  25   5   9   0   1   2  0.45 0.29
  116 L    -4  -5  -5  -6  -1  -3  -5  -6  -3   3   5  -5   1   0  -2  -3  -4  -4   0   0    0   0   0   0   1   1   0   0   1  13  64   0   2   4   2   1   0   0   4   4  1.04 0.51
  117 G    -2  -1   0  -1  -5  -3  -5   7  -5  -6  -6  -4  -5  -6  -5   1  -2  -5  -6  -6    1   3   4   3   0   1   0  73   0   0   0   0   0   0   0   9   3   0   0   0  1.57 0.68
  118 A    -1   2  -1  -3  -3   0  -1  -2   0   2   0   1   1   1   1  -1  -1   2   1   0    5  12   3   0   0   5   2   3   2  15   8  10   4   6   7   3   3   3   5   6  0.13 0.17
  119 A     0   0   1   1  -3   2   0   0   1  -1  -2   0   0  -1   0   1   0   1   0  -1   10   6   8   6   0  10   7   7   4   3   3   4   3   3   4   9   4   2   3   6  0.07 0.10
  120 A     2   0   1   0  -3   1   0  -2   1  -1  -2   0   0  -1   3   1   0   1  -3  -1   17   5   6   5   0   6   6   2   3   3   3   4   2   3  13   9   6   3   0   5  0.17 0.20
  121 L     0  -6  -6  -6  -5  -5  -3  -6  -6   1   5  -6   4   0  -6  -4  -2  -5  -5  -1    8   0   0   0   0   0   2   0   0   6  64   0  10   3   0   1   3   0   0   2  1.22 0.60
  122 E     0   1   1   2  -3   0   2  -1   1   1  -1   0  -1  -3  -2   0   1  -4  -2   0    7   7   7  11   0   3  13   4   3  10   7   5   1   0   1   7   7   0   1   6  0.12 0.14
  123 S     0   1   2   1  -2   1   2  -1   3  -3  -4  -1  -4  -2  -4   2   2  -1   0  -4    8   6   9   7   1   7  12   3   6   1   1   3   0   1   0  16  13   1   4   0  0.31 0.27
  124 G     5  -1   0   0  -5  -2  -4  -1   0  -3  -2  -4  -2  -2  -5   3  -2  -6   0  -3   49   3   4   5   0   2   0   3   2   1   4   0   1   2   0  18   2   0   3   1  0.77 0.52
  125 I    -1  -2  -6  -6  -2  -2  -5  -6  -5   5   1  -5   3  -1  -5  -5  -1  -5   2   4    6   2   0   0   1   2   0   0   0  35   9   0   7   2   0   0   4   0   6  25  0.87 0.46
  126 A     0   1   1   1  -2   0   0   1   2  -2  -1   0   0   0  -1   1   1  -4  -1  -2    5   7   8   8   1   4   4  14   5   1   5   5   3   4   2  11   9   0   2   2  0.11 0.12
  127 S     1   0   2   1  -3   1  -1  -2  -1  -1  -2   1   0  -1  -2   1   1   0  -1   0   12   5  10   7   0   6   3   2   1   3   2  10   2   3   1  11  11   1   2   7  0.14 0.16
  128 L    -3  -6  -7  -7  -5  -6  -6  -4  -6   2   6  -6   1   0  -6  -6  -2  -6  -5   1    2   0   0   0   0   0   0   1   0  10  69   0   2   3   0   0   2   0   0   9  1.39 0.65
  129 N     1   2   1  -2  -4  -1  -2  -2   3  -4  -2  -1   1   2  -2   1  -1   3   3  -2   13  10   9   2   0   2   2   2   7   0   3   2   5   9   2  10   2   4  13   3  0.29 0.28
  130 S     1   0   1   0  -4   1   0   1   2  -4  -2   1  -4  -4  -4   1   2  -5   1  -1   10   5   7   4   0   5   7  10   5   0   4  11   0   0   0   8  15   0   5   4  0.23 0.23
  131 K    -2   0   1  -1   1   0  -1  -2   1  -2  -2   1  -4   0  -1   0   1   3   5  -2    3   6   8   4   3   4   5   3   3   3   3   7   0   3   3   6   9   4  21   3  0.29 0.25
  132 N     0   2   3   2  -4   2   0  -1   0  -4  -4   2  -3  -4  -3   1   0  -5  -1  -2    6  10  14  14   0  11   5   4   2   0   0  14   0   0   0   9   6   0   2   2  0.37 0.27
  133 P     1  -1   1   3  -4   1   1  -1  -3  -4  -4  -1  -3  -4   2   2   1  -5  -1  -2   11   3   8  16   0   5  10   4   0   0   0   3   0   0  12  14  10   0   2   3  0.33 0.25
  134 L     0   0  -2  -3  -1   1   0  -3  -1   2   1  -1   0   0  -2  -1   1  -3   0   2    8   5   1   0   1   7   8   1   1  13  17   3   1   5   1   2  10   0   4  14  0.13 0.14
  135 A     5   1  -1  -4  -4  -1  -4  -1  -4  -5  -5   2  -4  -6   0   1  -3  -6  -5  -3   54   7   2   0   0   2   0   4   0   0   0  14   0   0   5   9   0   0   0   2  0.90 0.49
  136 R    -1   5  -3   0  -5  -1   0  -2   0  -3  -3   3  -4  -3  -2   1  -1  -5  -2  -2    4  38   0   4   0   1   7   2   2   1   2  17   0   1   2  10   3   0   1   3  0.64 0.36
  137 T     3  -2  -1  -2  -2  -1  -3   0   0  -4  -2  -2  -2   2  -2   3   0   1  -1  -3   30   1   2   2   1   2   0   7   2   0   3   2   1  10   2  27   4   2   2   1  0.43 0.32
  138 L    -2  -5  -6  -7  -5  -5  -6  -6  -6   0   5  -6   4   3  -6  -3  -4  -4  -3   1    4   0   0   0   0   0   0   0   0   4  61   0   9  13   0   2   0   0   0   7  1.19 0.51
  139 M     2  -2  -5  -5  -4  -4  -3  -5  -5   3   4  -4   2  -3  -5  -3  -1  -5  -4   2   19   2   0   0   0   0   2   0   0  15  42   0   4   0   0   1   3   0   0  12  0.70 0.37
  140 V     0   2  -3  -3  -1  -2  -3  -2  -3   2  -1   0   0  -2  -2  -2   1  -4  -1   4    9  13   1   1   1   1   0   3   0  12   2   4   2   1   1   1  10   0   2  37  0.33 0.24
  141 I     0  -4  -4  -5   4  -4  -4  -3  -4   2   3  -4   1   2  -4  -3  -2  -3   0   2   10   0   0   0   9   0   0   2   0  14  30   0   3  10   0   1   1   0   2  17  0.46 0.23
  142 I    -1  -4  -4   0   0  -4  -4  -5  -5   6   0  -3   0  -2  -4  -1   0  -4  -3   3    5   0   0   6   2   0   0   0   0  51   6   2   1   1   0   4   5   0   0  16  0.73 0.34
  143 Q    -2  -2  -3  -3  -4   6   0  -2  -2   0   0  -2   1  -2  -3  -3   0  -4  -2   3    2   0   0   0   0  45   3   3   1   3   7   0   4   1   1   0   6   0   1  21  0.72 0.40
  144 M     0  -3  -4  -4   0  -2  -4  -3  -3   0   0  -3   8  -2  -2  -1   0  -4  -3   0    8   0   0   0   2   0   0   2   0   2   4   0  65   0   2   3   7   0   0   6  1.07 0.37
  145 L    -1  -3  -3  -4  -2  -3  -3  -3  -4   3   1  -2   1   2  -3  -2   1  -3  -2   4    2   0   0   0   0   0   0   2   0  25   8   2   3   9   0   2   9   0   0  38  0.43 0.18
  146 V     3  -3  -1  -3   5  -2  -2  -1  -1  -2  -1  -2   0  -1   2   3   0  -4  -3  -1   28   0   2   0  18   0   0   1   1   2   5   0   2   3   9  26   2   0   0   1  0.43 0.19
  147 E    -1  -2  -2   1  -5   0   7  -4  -2  -5  -5  -1  -4  -5  -3   0  -1  -5  -4  -4    4   0   0   3   0   0  85   0   0   0   0   0   0   0   0   5   4   0   0   0  1.36 0.40
  148 A     5  -3  -2  -3   1  -2  -2   2  -3  -3  -3  -2  -3  -3  -3   1   0  -3   1  -1   64   0   0   0   2   0   0  12   0   0   0   0   0   0   0  11   3   0   5   2  0.67 0.27
  149 A     4  -3  -2  -3  -2  -1  -2  -1  -1   0   0  -2   0   0  -2   1   0  -3  -2   0   51   0   0   0   0   3   0   1   2   6  10   0   3   5   0   7   6   0   0   6  0.33 0.18
  150 R    -3   7  -2  -3  -5  -1  -2  -4  -2  -4  -4   1  -3  -5  -4   0   1  -5  -4  -4    0  75   0   0   0   0   0   0   0   0   0   6   0   0   0   7  12   0   0   0  1.28 0.37
  151 F    -4   0  -5  -5  -4  -4  -5  -5  -3  -1   0  -4   1   8  -5  -3  -4  -1   3  -2    0   6   0   0   0   0   0   0   0   3   8   0   4  70   0   2   0   0   6   1  1.36 0.39
  152 R    -1   3   0   1  -4   1   0  -1   0  -2  -1   3  -2  -1   3  -1  -1  -4  -2  -2    2  24   4   7   0   4   2   3   2   2   5  22   0   3  14   1   3   0   0   2  0.34 0.16
  153 Y     0  -2  -2  -1  -3   0  -1  -3  -1  -1  -2  -2  -1   2   3   0   0   1   5  -1    7   2   1   3   0   3   3   0   1   2   1   1   2   9  16   5   8   1  30   5  0.44 0.22
  154 I    -1  -4  -4  -5  -3  -4  -4  -5  -1   5   2  -4   0   0  -4  -3  -1  -4  -3   4    3   0   0   0   0   0   0   0   2  48  14   0   1   3   0   0   2   0   0  27  0.79 0.29
  155 Q     0   2   0  -1   1   2   4  -1  -2  -3  -2  -1  -2  -1  -2   1  -1  -3  -1  -3    9  15   4   0   4   8  31   4   0   0   3   0   0   4   1  11   2   0   2   0  0.32 0.19
  156 N     0   3   2   2  -3   2   1   0  -1  -3  -3   0  -2  -3  -2  -1  -1   1  -1  -3    7  18  14  16   0  10  10   7   1   0   2   4   0   0   0   2   3   2   2   0  0.31 0.16
  157 N     0   3   0  -1  -3   1   0  -1   2  -2  -1   1  -1   0  -2  -1   1   0   0  -1    8  25   3   2   0   7   5   3   7   0   6   6   2   6   1   2  10   1   2   3  0.19 0.14
  158 V     0  -2  -2  -2  -2   1  -1  -2  -1   1   1  -1   2   2  -2  -1  -1  -1   2   1   12   1   0   1   0  12   1   1   0  12  12   1  11  12   1   1   1   0  11  12  0.13 0.08
  159 D     1   2  -1  -1   0   0  -1   0  -2   1   0   0  -1   0  -1   0  -1   1   0   1   11  16   3   4   2   3   4   6   0  11   8   4   0   3   2   7   3   2   3  10  0.07 0.10
  160 V     0   1   0   1  -3   1   1  -1   1  -1  -1   0   0  -1   0   0   1   1   0  -1    7   8   4  10   0   8   7   4   4   2   7   5   2   2   4   6  10   2   3   4  0.08 0.08
  161 S     0   0   3  -1  -3   0   0   1   0  -1  -2   0   0  -1  -3   1   0  -3   1  -2    8   6  15   2   0   4   5  13   3   3   4   4   2   2   0  13   7   0   5   3  0.16 0.16
  162 I    -2  -4  -2  -4  -4  -4  -2  -2  -4   3   1  -4   3   3  -4  -2   0   7   0   0    2   1   2   1   0   0   2   3   0  17  15   1   8  13   1   2   6  18   2   6  0.73 0.37
  163 E     0   1   1   1  -1   0   1   0   1  -1  -1   0   0  -1   0   1   0   3  -1  -2    8   8   5  10   1   2   9   6   3   4   5   5   2   2   4  11   6   5   2   2  0.09 0.09
  164 T    -1   0   2   2  -1   0   1  -1   0  -3  -3   1  -1  -3   1   1   1  -3   1  -2    5   5  10  11   2   4   9   4   2   0   2   8   1   0   6  11  11   0   5   3  0.19 0.18
  165 Q     0   0   3  -1  -4   0   1   2  -1  -1  -3   0  -2  -3  -1   0  -1   0   2  -2    8   4  13   3   0   4   9  17   1   4   2   6   1   0   3   6   4   1  10   2  0.21 0.21
  166 S     1   2   1   1  -3   0   1   1   0  -2  -2   0  -1  -3  -1   0   1  -3   0  -1   12  11   5   8   0   3  12  10   2   2   2   4   1   0   2   6  12   0   4   3  0.15 0.16
  167 A     1   1   0   0  -3  -1   0   2   0  -2  -2  -2  -2  -3   1   1   2  -4  -3  -1   13   7   4   5   0   2   5  14   3   2   3   1   1   1   6  13  16   0   0   3  0.21 0.21
  168 F    -2  -2  -2  -4  -4  -2  -2  -1  -3  -1   0  -1   1   6  -1  -1   0  -3   2   1    3   2   2   0   0   2   3   5   0   3  10   4   3  34   3   5   6   0   6   9  0.51 0.34
  169 A     0   2   0  -1  -3   0  -1  -2  -2   0   0   2  -1  -2  -1  -1   3  -1   1   0    6  11   5   2   0   4   2   2   0   4  11  12   1   1   2   4  19   1   5   8  0.15 0.18
  170 A    -2  -3  -1  -4  -3  -2  -3  -2  -2  -1   0  -2   0  -3   7   0  -1  -5  -3  -1    3   1   3   0   1   1   2   3   1   3   8   2   3   1  49   7   4   0   1   5  1.05 0.58
  171 D    -2  -1   2   5  -5  -1   1   1  -2  -4  -3   1  -1  -5  -1   0   0  -5  -4  -3    3   2   8  31   0   2   8  12   1   0   2   8   2   0   4   8   6   0   0   1  0.51 0.36
  172 A     0  -1   0   0  -1   0   0   1   1  -2   0  -1  -1  -1   3  -1  -1   3   0  -1    9   3   4   6   2   4   6   9   4   1  12   3   1   3  16   3   3   5   3   5  0.16 0.15
  173 A     2   0  -2   1  -3   0  -1  -1   1  -3  -1   2   1  -1  -3   0   1  -1   2  -1   20   5   1   8   0   4   3   4   3   0   6  13   4   3   0   6   9   1   7   4  0.16 0.20
  174 M     0  -2  -1   0  -4   1  -3  -2   0   3   0  -4   7  -2  -5  -3   0  -5  -1   1    7   2   2   5   0   7   1   3   2  14   9   0  28   1   0   1   5   0   2  10  0.57 0.42
  175 I    -1  -1  -2  -3  -1  -2  -2  -3  -4   4   3  -1  -2  -3  -3  -2   1  -1  -2   3    5   4   2   1   1   2   2   1   0  22  25   3   0   0   1   1   8   1   1  18  0.41 0.31
  176 S     0   0   1   2  -2  -1   2  -2  -1  -3  -4   0  -4  -5  -2   4   1  -2  -2  -3    7   4   6  14   1   2  11   3   1   1   1   6   0   0   1  31   7   1   1   1  0.45 0.39
  177 L    -5  -3  -6  -6  -2   1  -4  -7  -5  -1   6  -3   2   1  -6  -6  -5   0   2  -2    0   2   0   0   1   7   1   0   0   2  66   1   5   5   0   0   0   1   7   1  1.24 0.67
  178 E    -4  -2  -4  -3  -5   3   6  -4  -4   1  -2  -3  -2  -5  -4  -4   0  -5  -5   1    1   2   0   0   0  14  48   1   0   9   3   0   1   0   0   0   7   0   0  11  1.02 0.62
  179 N    -2   1   6   0  -5   1   1  -4   0  -4  -1   1  -2  -5  -4  -3   2   0  -4   1    3   6  35   5   0   5   7   0   2   0   5   7   1   0   0   0  11   2   0  10  0.61 0.42
  180 N    -2  -1   6   0  -6  -1  -1   0   2  -6  -6   2  -5  -6  -5   2  -2  -6  -3  -4    3   3  41   5   0   2   3   7   5   0   0  12   0   0   0  14   2   0   1   1  0.92 0.53
  181 W    -9  -4 -10 -11  -9  -8  -9  -9  -9  -9  -5  -9  -8  -1 -10  -9  -9  13  -2  -9    0   1   0   0   0   0   0   0   0   0   1   0   0   2   0   0   0  94   1   0  5.07 1.75
  182 A     0  -1  -2   2  -5   1  -1   4  -4  -6  -4  -1  -5  -6  -1   3  -2  -6  -3  -3    7   3   1  12   0   5   4  36   0   0   1   3   0   0   3  22   1   0   1   1  0.68 0.45
  183 N     1   3  -1   3  -4   1   0  -2  -1  -4  -2   2  -2  -4  -2   1   1  -1  -2  -1   10  15   2  19   0   6   3   3   1   0   5  11   1   0   2   9   8   1   1   4  0.28 0.26
  184 L    -5  -6  -6  -7  -5  -2  -6  -7  -6   5   5  -6   5   0  -6  -6  -2  -5  -2  -1    0   0   0   0   0   2   0   0   0  28  47   0  13   4   0   0   2   0   1   2  1.26 0.60
  185 S    -4  -6  -4  -5   0  -5  -5  -3  -6  -7  -7  -5  -6  -7  -6   7  -2  -7  -6  -6    0   0   0   0   2   0   0   1   0   0   0   0   0   0   0  94   1   0   0   0  2.44 1.10
  186 A     0   2   1   0   2   0   1  -3  -3  -3  -2   3  -2  -1  -4  -1   2   0  -1  -3    8  14   8   4   5   4  10   1   0   1   3  18   0   3   0   4  12   1   3   1  0.29 0.25
  187 L     4  -2  -1  -3  -1   3   1   0  -4  -4  -3  -2  -2  -5  -3  -1  -2   2  -1   0   44   1   3   1   1  13  10   5   0   0   2   1   1   0   0   4   1   3   2   7  0.60 0.43
  188 V    -2  -6  -6  -6  -4  -5  -6  -6  -6   6   2  -6  -1  -3  -6  -5  -1   0  -1   4    3   0   0   0   0   0   0   0   0  42  18   0   1   0   0   0   3   1   2  30  1.18 0.54
  189 Q    -4   3  -4  -4  -6   7  -1  -5   4  -4   0   0  -4  -2   0  -4  -4  -5   1  -5    0  13   0   0   0  47   2   0  10   1   9   5   0   1   5   0   0   0   5   0  1.18 0.61
  190 G    -1   3   2   0  -4   2   1   1   1  -1  -2   1  -1  -3  -3  -1   0   1  -3  -1    5  16  12   3   0  10   9   9   3   4   4   9   1   1   0   1   4   2   0   6  0.21 0.18
  191 S     4  -2  -2  -1  -2   0  -1  -1  -3  -4  -3  -2  -3  -3  -2   4   0  -4   1  -1   33   2   1   3   1   5   2   3   0   0   2   2   0   1   1  31   5   0   5   3  0.52 0.36
  192 S     0   1   1   0  -2   2   0  -1  -1  -1  -1   1  -2  -1  -1   0   2  -3   0   1    5  10   7   5   0  10   3   3   1   2   4   9   0   2   2   8  13   0   3  13  0.11 0.12
  193 G     0  -1   1   1  -1   1   0   1  -1  -2  -1   0  -2  -1   1   1   0  -2  -1  -2    8   3   8  10   1   8   5  12   0   2   6   4   0   4   6  13   4   0   2   2  0.12 0.09
  194 G    -1   0   3   1  -3  -1   1   2  -2  -3  -2   1  -2  -3   1  -1   0   0  -1  -3    3   5  18   6   0   2   8  19   0   1   4  11   0   1   7   3   6   1   2   1  0.26 0.17
  195 Q    -1   1   4   2   1   3   1   1   0  -3  -3   0  -3  -3  -1  -1  -1  -3  -1  -2    3   6  20  14   4  15   6  10   2   1   1   5   0   1   3   3   3   0   2   2  0.34 0.21
  196 G    -2  -1  -3   0  -4   0  -1   6  -2  -3  -4  -1  -4  -2  -2  -1   0   2  -4  -4    2   4   0   5   0   4   3  57   1   2   1   3   0   2   2   4   6   3   0   1  0.89 0.41
  197 T     1   0  -1  -3  -3   0  -2  -2  -3   0  -1   0  -1  -3   1  -1   3  -4  -3   3   12   4   3   0   0   5   2   2   0   5   4   7   1   0   7   1  19   0   0  26  0.27 0.24
  198 F    -3  -5  -2  -5  -5  -2  -5  -5  -4   1  -1  -3  -3   8  -1  -4  -3   3   1  -2    1   0   2   0   0   2   0   0   0  10   3   2   0  62   4   0   1   4   4   2  1.41 0.57
  199 A     1  -1   2  -1  -3   0  -1  -1  -2  -2  -1  -1   0  -3   3   1   2  -4  -3  -2   10   2  14   2   0   4   3   3   0   2   7   2   2   0  17  11  17   0   0   2  0.31 0.22
  200 S    -1   0   2   0  -3   0   0   0   1  -2  -1   1  -2  -3   2   0   2   1  -3  -2    4   3  13   4   0   4   6   6   3   1   5  11   0   0  10   7  17   2   0   1  0.22 0.18
  201 S     0  -1  -2  -1  -4  -2  -2  -4  -4  -4  -1  -2  -1  -5   7   0   2  -5  -5  -1    6   3   1   3   0   1   1   0   0   0   5   2   1   0  52   6  12   0   0   5  1.13 0.50
  202 A    -1  -3  -5  -5  -3  -2  -4  -3  -5   4   2  -2  -1  -2  -4  -4  -1  -4  -3   5    3   1   0   0   0   2   0   2   0  23  19   3   0   1   0   0   2   0   0  41  0.73 0.38
  203 T    -1   2  -1  -1  -4   3   2   0  -2  -2  -2   0  -2  -4   2  -1   1  -4  -3   1    5  13   3   2   0  15  13   8   0   1   2   5   0   0   9   2  10   0   0  12  0.25 0.22
  204 L    -1  -4  -2  -5  -4  -4  -5  -5  -5   1   5  -2  -1  -2  -5  -4  -2  -4  -4   1    4   0   3   0   0   0   0   0   0   5  73   3   0   0   0   1   2   0   0   8  1.06 0.48
  205 Q     0   2   0  -1  -1   4   0  -2   0   1  -1   1  -2  -3  -2  -1  -1  -4   0   0    7  11   4   3   1  28   2   2   2   9   4   9   0   0   1   4   3   0   4   6  0.29 0.25
  206 N     0   2   4   4  -4  -1   0  -3  -2  -1  -3  -1  -3  -4  -3   0   0  -1   0  -1    9  11  20  27   0   2   4   0   0   3   1   2   0   0   1   5   4   1   4   4  0.46 0.30
  207 A     1   0   1   0  -1   0   1  -1  -2  -1  -1  -1  -2  -2   3   1   0  -4  -1   0   10   4   7   4   1   2  13   2   0   4   6   2   0   2  15  15   4   0   1   8  0.19 0.16
  208 E    -1   0   5   2  -3   0   1   0  -2  -3  -4   1  -2  -5   0   1   0  -5  -4  -3    3   4  32  11   0   2   8   7   0   2   0   8   1   0   5  11   5   0   0   1  0.49 0.30
  209 D    -2  -2   4   1   0   0  -2   4   1  -2  -4  -2  -3  -1   0  -1   0  -3   2  -4    0   1  20  10   2   5   1  30   3   3   1   1   0   2   5   2   5   0  10   0  0.47 0.30
  210 E    -1   0   3   1  -4   3   2  -2  -1  -3  -4   2  -3  -4  -2   1   1  -4  -3  -2    5   4  17   6   0  14  13   1   1   1   1  14   0   0   1   9   9   0   0   3  0.37 0.24
  211 P     0   2  -1  -1  -3  -2   0  -2  -2  -2  -1   1  -2   0   4  -1   1   1  -2  -1    7  13   3   3   0   0   6   2   1   1   7   9   1   5  22   3  13   2   1   4  0.31 0.21
  212 I    -2   0  -3  -3  -3  -1  -2  -1  -3   1   0  -2   1   2  -4  -3  -1   7   1   3    3   6   1   1   0   2   3   5   0   8   5   1   3  11   0   0   4  18   4  24  0.52 0.29
  213 I    -2   0   2   0  -2   0   1  -2  -1   2  -1  -1  -1  -1  -1  -1   1   2   1   1    1   4  13   4   1   2  11   2   1  16   5   3   0   1   2   3  13   3   6   8  0.11 0.15
  214 V    -1  -5  -5  -2  -4  -5  -5  -5  -5   4   0  -5  -2  -1  -5  -4  -3  -1  -4   6    4   0   0   2   0   0   0   0   0  27   8   0   0   2   0   0   0   1   0  54  1.11 0.49
  215 D    -2   1   2   3  -4  -2  -1  -3  -1  -4  -2  -2  -3  -2  -4   2   3   4   0  -3    2   7  12  20   0   0   2   1   1   0   5   1   0   1   0  16  22   5   4   0  0.47 0.33
  216 A     0   1   5   0   0   0  -2  -3  -3  -4  -2  -1  -2  -5  -2   2   2  -5  -4  -4    8   8  34   4   2   3   1   0   0   0   4   2   1   0   1  19  13   0   0   0  0.59 0.37
  217 V    -1  -3  -5  -3  -3  -2  -4  -5  -5   2  -1  -4   0   2  -5  -3   0   0  -3   6    3   2   0   2   0   2   0   0   0   7   4   0   2   7   0   1   6   1   0  61  0.89 0.45
  218 Y    -1   2   1   2  -3   0   0   0  -2  -2  -3  -1   1  -3  -2   2   1  -3   1  -2    3  13   5  16   0   3   6   7   0   2   1   2   4   0   0  17  10   0   7   2  0.23 0.19
  219 H     0   1   1   3  -3   3   2  -2   3  -3  -3   0  -3  -1  -2   1  -1  -3   1  -3    6   7   5  18   0  13  13   1   7   1   2   3   0   2   2  12   3   0   5   1  0.33 0.21
  220 P     2  -1   0   0  -2  -1   0   0  -2  -1   0   0  -1  -2   3  -1  -1  -2  -2  -1   25   2   6   5   1   2   8   5   1   4  10   6   1   1  16   3   2   0   1   5  0.20 0.12
  221 T    -1   0  -2  -2  -2  -1   0  -2  -2   2   1  -1   1   0  -2   0   1  -2   0   2    4   4   1   1   1   1   8   3   1  13  12   3   3   5   1   8   9   0   3  20  0.08 0.08
  222 V     0  -2  -4  -4  -3   0  -3  -2  -4   3   1  -1   1  -2  -1  -3  -1  -4  -3   4    8   2   0   0   0   4   1   3   0  20   9   5   2   0   2   0   3   0   0  38  0.45 0.28
  223 A     1   1   0  -1  -2   0   0  -2  -1   1   0   2   0  -1  -2   0   1  -3  -1   0   15   9   5   3   0   5   4   1   1  13   7  16   2   2   0   3   9   0   2   3  0.10 0.12
  224 A     2  -2   1   0   0  -2  -1   1  -3  -3   0  -1  -1  -4   4   1   1  -4  -3  -2   20   1   7   5   3   1   2   9   0   0  10   3   1   0  19   9   8   0   0   2  0.31 0.21
  225 V    -1  -1   2   2  -3  -2  -2   2  -2   1  -1   0   0  -2  -3   0  -1  -3   0   1    4   3  12  14   0   0   0  18   0   9   7   5   4   0   0   8   2   0   4  11  0.16 0.16
  226 L    -2  -4  -5  -6  -4  -4  -5  -6  -5   4   3  -3   5  -2  -5  -3  -3  -4  -4   3    3   0   0   0   0   0   0   0   0  28  32   2  17   0   0   2   0   0   0  16  0.88 0.42
  227 A     4  -4  -3  -4  -3   0  -2   3  -4  -3   0  -1   1  -4  -4   0  -3  -4  -1  -2   46   0   0   0   0   4   2  24   0   0  10   2   4   0   0   4   0   0   2   2  0.64 0.39
  228 L    -4  -5  -3  -6  -4  -5  -5  -6  -1   3   5  -3  -1   1  -5  -5  -4  -4  -3   1    0   0   1   0   0   0   0   0   2  17  66   1   0   4   0   0   0   0   0   8  1.09 0.48
  229 M    -4  -5  -6  -6  -4  -1  -5  -6  -5  -1   5  -5   6  -2  -6  -5  -4  -4   2  -1    0   0   0   0   0   4   0   0   0   0  64   0  23   0   0   0   0   0   7   2  1.35 0.57
  230 L    -3  -3  -3  -4  -3  -3  -2  -5  -4   0   5   1  -1  -2  -4  -3   0  -4   0   1    0   0   1   0   0   0   2   0   0   4  57  12   0   0   0   1   6   0   4  12  0.65 0.36
  231 R    -1   0   3  -1  -5  -2  -3  -3   3  -4  -3  -2  -3   5   0  -3  -3  -2   6  -4    5   7  14   3   0   1   0   2   7   0   0   1   0  26   5   0   0   0  30   0  0.85 0.40
  232 K    -1   4  -3  -3  -4   0  -2   1   1  -1  -2   2  -2  -2  -4  -2  -2  -4  -3   3    2  27   0   0   0   4   0  11   3   2   2  16   0   2   0   1   0   0   0  31  0.43 0.28
  233 A    -1  -4  -3  -4   9  -4  -4  -4  -4  -4  -4  -4  -4  -5  -4   2   3  -5  -4  -3    3   0   0   0  56   0   0   0   0   0   0   0   0   0   0  20  20   0   0   0  1.70 0.50
  234 C    -1  -4  -3  -4  10  -4  -4  -3  -4  -2  -2  -4  -2  -3  -3  -1  -1  -3  -3  -1    0   0   0   0 100   0   0   0   0   0   0   0   0   0   0   0   0   0   0   0  1.71 0.11

                      K         Lambda
Standard Ungapped    0.1241     0.3124
Standard Gapped      0.0465     0.2670
PSI Ungapped         0.1499     0.3099
PSI Gapped           0.0465     0.2670
