
Last position-specific scoring matrix computed, weighted observed percentages rounded down, information per position, and relative weight of gapless real matches to pseudocounts
            A   R   N   D   C   Q   E   G   H   I   L   K   M   F   P   S   T   W   Y   V   A   R   N   D   C   Q   E   G   H   I   L   K   M   F   P   S   T   W   Y   V
    1 T    -2  -4  -2  -3  -4  -3  -3  -4  -4  -4  -4  -3  -4  -5  -4   5   6  -5  -4  -3    0   0   0   0   0   0   0   0   0   0   0   0   0   0   0  43  57   0   0   0  1.47 0.56
    2 C    -5  -8  -7  -8  12  -8  -8  -7  -8  -6  -6  -8  -6  -7  -8  -5  -5  -7  -7  -5    0   0   0   0 100   0   0   0   0   0   0   0   0   0   0   0   0   0   0   0  4.37 1.10
    3 A     3  -1  -2  -3  -4   0   1   4  -2  -4  -3  -2  -4  -4  -4   0  -2  -5  -4  -3   33   3   1   0   0   3  11  35   1   1   2   1   0   1   0   6   2   0   0   1  0.69 0.36
    4 N     0   1   2   1  -4   3   1   2   1  -3  -3  -1  -1  -4  -3   0   0  -3  -3  -3    8   9  10   7   0  16   9  18   4   1   2   1   1   0   0   6   5   0   0   2  0.31 0.22
    5 N    -2  -3   3  -2  -2  -2  -1   5   2  -4  -5  -3  -5  -3  -4   2  -3  -5  -4  -3    2   1  17   2   1   1   3  50   5   1   1   0   0   1   0  13   0   0   0   2  0.93 0.43
    6 R     0   3  -2  -2  -4   2   0   1   3   0  -2   1  -1  -4  -1   0   0  -4  -2  -2    6  22   0   1   0  11   6   9   9   8   2  10   1   0   2   5   7   0   1   2  0.29 0.22
    7 H    -2   2  -1  -1  -4   2   1  -1   6  -4  -4  -1  -1  -2  -2  -1   3  -4  -1  -2    3  11   2   3   0   8   7   5  23   0   1   3   1   1   1   3  22   0   1   3  0.53 0.32
    8 Q    -2   5   0  -1  -5   3   1  -3  -1  -4  -4   1  -2  -4   0  -2  -1  -5  -2  -4    3  40   4   3   0  16   8   1   1   0   1   8   1   1   5   2   4   0   1   1  0.73 0.37
    9 C    -4  -2  -3  -6  10  -3  -2  -4  -6  -1  -3  -1  -4  -6  -6   0   2  -6  -5  -2    0   2   1   0  62   1   2   1   0   3   2   5   0   0   0   6  12   0   0   3  1.94 0.65
   10 S    -3   5  -1  -1  -5  -2   1  -4   6  -6  -5  -2  -4  -5  -3   3  -2  -6  -3  -5    1  36   2   3   0   0   8   0  20   0   0   0   0   0   1  28   1   0   0   0  1.08 0.50
   11 V     0   0  -2  -2  -3   1   0   0   0  -1   1  -1  -1  -2   1   1   1  -3  -2   1    7   6   1   1   0   7   6   8   2   2  21   3   0   1   7  11   9   0   0  10  0.09 0.12
   12 H    -3  -1   3  -2   8  -1  -2  -5   7  -5  -4  -1  -4   0  -5  -2  -4  -5   0  -5    1   3  15   2  35   2   1   0  27   0   1   5   0   4   0   2   0   0   3   0  1.45 0.55
   13 A     5  -4   2   0  -3  -3  -3  -1  -1  -4  -4  -3  -4  -2  -4   2   0  -5  -4  -3   57   0  12   5   0   0   0   3   1   0   0   0   0   2   0  13   6   0   0   0  0.88 0.44
   14 E    -2   0   4   0  -4   0   3  -3   0  -1  -3  -1  -1   2  -3   0   0  -4  -1   0    1   4  23   4   0   3  21   0   2   3   1   2   1  10   0   8   7   0   1  10  0.34 0.24
   15 C    -4  -6  -6  -6  10  -6  -6  -6  -6  -5  -3  -6  -5  -6   5  -4  -5  -6  -6  -5    0   0   0   0  64   0   0   0   0   0   3   0   0   0  31   0   0   0   0   0  2.81 0.82
   16 R     0   2  -1  -2  -3   0  -1  -3   0   0  -1   0  -2  -1   1   0   2  -3   2   1    9  13   2   1   0   3   3   0   2   5   5   4   0   2   6   6  17   0  10  12  0.15 0.16
   17 D    -3   0   3   5  -6  -3  -2  -4  -4  -5  -5  -3  -5  -6   6  -3  -3  -7  -6  -3    2   5  13  38   0   0   1   0   0   0   1   0   0   0  37   0   1   0   0   2  1.38 0.55
   18 Y     1  -2  -1  -1  -3   1  -1  -1  -1  -3  -2  -1  -3   1   1   2   1  -2   4  -2   11   1   2   3   0   8   2   4   1   1   4   3   0   5   8  16  10   0  20   2  0.29 0.23
   19 A     2  -1   2  -1  -3   0   0   0   2  -3  -3   0  -1  -1   1   0   0  -3   1  -2   19   3  15   3   0   3   7   8   7   0   1   6   2   3   6   4   7   0   5   1  0.19 0.16
   20 T    -1  -2   1  -1  -4  -2  -1   4  -2  -3  -4  -2  -3  -5  -2   3   3  -2  -2  -3    2   2   7   3   0   1   3  34   1   1   1   1   0   0   2  22  19   1   1   1  0.59 0.34
   21 G    -2  -5  -4  -5  -6  -5  -5   7  -1  -3  -7  -5  -6  -6  -5   1  -2  -6  -6  -6    2   0   0   0   0   0   0  83   1   2   0   0   0   0   0  10   3   0   0   0  1.89 0.67
   22 F    -3   4  -3  -4  -4   0  -3  -4   0  -2  -1  -1  -1   5  -2  -2  -3  -2   4  -2    1  27   0   0   0   5   1   1   2   1   4   2   1  29   2   3   0   0  17   2  0.81 0.37
   23 C     0  -2  -2  -3   8  -2  -1  -4  -4  -4  -2  -2  -3  -4   4   2  -1  -1   0  -3    7   2   1   1  34   1   4   1   0   0   3   2   0   0  18  15   4   1   4   1  0.95 0.39
   24 C    -4  -6  -5  -6  11  -5  -6  -5  -5  -4  -4  -6  -5   0  -5  -4  -4  -5  -5  -4    1   0   0   0  88   0   1   1   0   0   1   0   0   4   0   1   0   0   0   1  3.49 0.91
   25 R     0   1  -1   0  -3   1   0  -2   4  -1  -2   1  -2  -3   3   1  -1  -3  -1   0    5   7   2   5   0   6   6   3  15   3   2   7   0   0  15  12   3   0   1   8  0.28 0.17
   26 C     0  -5  -4  -4   9  -4  -4   5  -4  -4  -4  -4  -4  -5  -4  -3  -3  -4  -5  -4    6   0   0   1  45   0   1  40   0   0   1   1   0   0   0   1   1   0   0   1  1.79 0.57
   27 V    -1   1   1   3  -3   2   0  -2   2  -1  -2   1  -1  -2   2  -1  -2  -4  -2  -1    5   6   7  22   0  11   4   1   6   4   3   9   2   2   9   1   0   0   0   6  0.26 0.19
   28 A     2  -1   1   1  -3   0   1  -2  -1  -3  -2  -1  -2  -2   2   2   0  -4  -3  -2   23   3   7   6   0   3  12   1   1   0   4   2   0   1  10  20   4   0   0   1  0.29 0.22
   29 N     0   0   0  -1  -2  -1   0   2  -2  -1  -1   0  -2  -3  -1   1   3   1  -3   0    8   4   3   1   0   1   5  21   0   3   4   6   0   0   3  10  21   2   0   7  0.20 0.16
   30 Y    -2  -2  -2   1  -4   4   1  -3   1  -2   0  -2  -2   4  -3  -1  -1  -2   4  -1    2   0   0   7   0  23   9   0   3   0  10   0   0  19   0   5   2   0  14   3  0.43 0.29
   31 T    -1   0  -1  -2   1  -2  -2  -2  -1   2   0  -1   1   0  -2   1   1  -2   3   1    1   7   3   2   3   0   2   2   1  13   8   2   3   3   1  11  10   0  13  14  0.12 0.13
   32 G    -1   0  -2   0  -3   1   0   5  -3  -2  -3   0  -3  -4  -3   2  -1  -4  -4  -3    3   6   0   4   0   6   6  43   0   4   2   4   0   0   0  18   2   0   0   0  0.55 0.29
   33 N    -1   3   5   1  -4   0  -2  -2  -2  -2  -2   1   0  -3  -3   1  -2  -4  -1  -2    3  16  34   7   0   4   0   2   0   2   3   9   3   0   0   9   0   0   3   3  0.46 0.28
   34 G    -1  -5   0  -4   9  -4  -5   4  -5  -5  -3  -4  -4  -5  -5   1   0  -5  -5  -4    4   0   4   0  42   0   0  33   0   0   3   0   0   0   0  10   5   0   0   0  1.44 0.57
   35 R    -2   2   4  -2  -4   2  -1  -3   3   0  -1   2  -2   0  -3  -1  -1  -4   1  -1    1  10  24   0   0  10   2   0  10   7   6  13   0   3   0   4   1   0   4   5  0.33 0.26
   36 Q     0  -1   0   1  -2   1   0  -2   2   0   0   0   0  -1   0   0   1  -3  -2   1    6   0   4   7   0   9   6   0   9   7   8   7   2   2   4   7  10   0   0  12  0.09 0.11
   37 C    -3   0  -3  -2   9   4  -1   0  -3  -1  -4  -3  -3  -4   0  -1  -1  -4  -4  -3    1   6   0   2  43  19   3   9   0   3   1   0   0   0   5   3   4   0   0   1  1.14 0.48
   38 V     0  -2  -2  -2  -2   1   0   0   2   0   0  -1   1   1   1   0   0  -2   1   0    7   0   0   0   0   7   7   7   7   7   7   0   7   7   7   7   7   0   7   7  0.07 0.12
   39 A     1   0   0   1   5   0   0  -2   1  -2  -2   1  -2  -3   3   0   0  -4  -3  -1   13   4   4  10  16   4   4   0   4   0   4   9   0   0  15   6   4   0   0   5  0.30 0.22
   40 E     0   1   1   1  -2   1   0  -2   2   0   0   0   1  -2   1   0   0  -3  -2   0    7   7   7   7   0   7   7   0   6   7   7   7   6   0   7   7   7   0   0   7  0.09 0.10
   41 G    -1   0   1   3  -4  -2   0   4   1  -1  -3  -1  -3  -4   0   0   0  -4  -3  -1    4   4   5  16   0   0   4  32   4   5   1   4   0   0   5   5   5   0   0   4  0.36 0.25
   42 S     0   0  -1   0  -2   1   0   0   2   0   0   0   1   1  -2   0   0  -2   1   0    6   6   0   6   0   6   6   6   6   6   6   6   6   6   0   6   6   0   6   6  0.04 0.08
   43 P     0  -2   1   1   3  -1  -1  -2  -1  -1   0  -1  -1  -1   2   1   1  -2   1   0   10   0   9  10   9   0   1   1   0   0  10   1   0   0  10  10  10   0   9  10  0.13 0.11
   44 Q     0   0   0   0   2   0  -2  -1   2   0  -1  -2   1   1   0   0   0   3   1   0    6   6   5   6   5   5   0   6   5   6   6   0   5   5   6   6   6   5   5   6  0.08 0.13
   45 R    -1   1   1   1  -3   1   1   0   2   0  -2   1  -2  -3   1   0   1  -3  -2  -2    1   8   8   8   0   8   8   8   8   8   1   8   0   0   8   8   8   0   0   0  0.17 0.12
   46 V     1  -2  -2  -1   2  -2  -2   0  -2   0   1  -2   1   0   0   0   0  -2   0   1   19   0   0   4   6   0   0   6   0   4  16   0   4   4   4   8   5   0   4  14  0.09 0.12
   47 N    -1   4   3  -1  -3   0   0  -1   0   0  -2   1  -2  -2   0   0   0   1  -2  -1    2  25  21   1   0   2   4   3   2   6   2   8   0   2   5   6   5   3   0   4  0.29 0.16
   48 G     0  -3  -2  -3  -3  -3  -3   6   2  -4  -4  -3  -3  -4  -3  -2  -3  -3  -3  -4    6   1   1   1   0   1   1  75   5   1   2   1   0   1   1   1   1   0   1   1  1.33 0.32
   49 K    -1   1   0  -2  -2   0  -1  -1  -2   0  -2   3  -2  -3  -1   3   1  -3  -1   0    3   7   3   1   0   2   2   4   0   7   1  21   0   1   2  28   7   0   2   8  0.23 0.14
   50 V    -1  -3  -3  -4  -2  -3  -3  -4  -3   3   3  -3   3   1  -3  -3  -2  -3  -2   4    4   1   1   1   0   1   1   1   0  15  27   1   8   5   1   1   1   0   0  32  0.50 0.18
   51 K    -1   1   0  -2  -2   0   0  -2   0   2   0   1   0   0  -2   1   0  -3  -1   0    3   7   5   1   0   2   5   1   2  18  10  13   2   5   1  16   6   0   0   4  0.09 0.08
   52 G    -2  -4  -2   1  -4  -3  -3   7  -3  -5  -4  -3  -4  -4  -3  -2  -3  -4  -4  -4    1   1   1   8   0   1   1  81   0   1   1   1   0   0   1   1   1   0   0   1  1.56 0.38
   53 R     0   1   1   1  -3   1   0   0   2   0  -2   0   1  -2  -2   0   0  -2   1   0    7   7   7   7   0   7   7   7   6   7   1   7   6   0   0   7   7   0   6   7  0.08 0.11
   54 I    -2   1  -3   0  -2  -2  -3  -3  -3   4   2  -2   2  -2  -3   0   0  -3  -2   2    1   9   0   6   0   0   1   1   0  29  17   1   6   0   1   8   6   0   0  12  0.31 0.20
   55 F    -1   1   5   0  -2  -1  -1  -1   0   0  -1  -1  -1   2  -2   0  -1  -2   0  -1    4   8  33   4   1   2   2   3   2   7   7   2   1  10   2   7   2   0   2   3  0.28 0.18
   56 V    -1  -1   0   0   1  -1  -1   3  -1   0  -1  -1  -1  -2  -1  -1  -1  -2  -2   2    3   3   4   5   3   3   2  23   2   4   4   4   1   1   2   5   2   0   1  27  0.15 0.12
   57 G    -2   1   5  -1  -3   2  -1   3  -1  -3  -3  -1  -3  -3  -3  -1  -2   0  -3  -2    2  10  32   1   0  12   2  23   1   1   3   3   0   1   1   2   1   2   1   3  0.56 0.32
   58 S     0   0   2   2   0   0   0   1   0  -2  -2   0  -2  -2   0   0   1  -2  -2  -1    6   4  12  17   2   3   5  14   3   1   4   4   1   1   3   7   9   0   1   3  0.16 0.10
   59 S    -1   0   0  -1  -2   1   0  -1   1   1   0   0   0   0   0   1   0  -2  -1   1    3   7   4   2   1   8   3   4   4  14   9   4   1   3   3  11   4   0   1  13  0.03 0.06
   60 Q    -2   0  -1   2  -3   1   4  -1   3  -3  -1   1  -2  -1   1  -1  -2  -3  -2  -3    2   3   1  12   0   7  30   4   7   1   6   9   0   2   8   4   1   0   1   1  0.37 0.22
   61 V     0  -2   0   0  -2  -2  -1  -2  -2   0   0  -1   1   4  -2  -1   0  -1   0   0   10   2   5   4   0   1   4   2   1   6   8   5   4  29   1   4   7   0   1   6  0.20 0.16
   62 P    -1  -2   1   0  -4   0  -1   5  -3  -4  -4  -1  -3  -3   3   0  -2  -4  -4  -4    2   1   6   4   0   4   3  44   0   1   1   4   0   1  18   8   1   0   0   1  0.72 0.35
   63 V    -1  -2  -4  -4  -3  -3  -2  -4   0   4   0  -1   2  -2  -4  -3  -2   0   1   4    3   2   0   0   0   0   3   1   2  23   6   4   4   0   0   1   1   2   4  42  0.56 0.34
   64 V     3   0   0   0  -2   0   1  -2   1  -1  -2   0  -2  -2  -1   2  -1  -3  -1   1   31   4   3   6   0   3   9   1   3   4   1   4   0   1   2  16   2   0   2  10  0.22 0.22
   65 F    -1  -2  -2  -3  -3  -3  -3  -1   0   2   0  -3   0   4  -2   0   2  -2   1   0    5   2   1   1   0   0   0   4   2  16   8   0   1  27   1   7  14   0   4   4  0.31 0.25
   66 E    -2  -2  -1   0  -1   0   1  -3  -3   0   3  -2  -1  -2   0   0   0  -1  -3   0    1   1   2   6   2   5  13   2   0   4  41   0   0   1   5   6   8   1   0   4  0.25 0.26
   67 N    -2  -1   6   2  -4  -1   1   0   0  -4  -4  -1  -4  -4  -3   0  -2  -5  -1  -1    3   3  45  13   0   1  10   5   2   0   0   2   0   0   1   6   1   0   2   5  0.74 0.43
   68 T     3  -1   0  -1  -3  -2  -2  -3  -3   0  -2  -2  -2  -2  -1   1   3  -4  -3   1   32   3   5   2   0   0   1   0   0   6   2   1   0   2   3   7  24   0   0  13  0.37 0.32
   69 D    -2   0   2   4  -4  -1   0  -3   1  -4  -4  -1  -3  -4  -3   2   3   1  -3  -3    0   4  10  28   0   2   4   0   3   0   1   3   0   0   0  19  20   3   0   1  0.57 0.37
   70 L    -2  -4  -4  -4  -3  -3  -2  -2  -4   3   3  -3   2  -1  -4  -2  -1  -3  -1   3    1   0   0   0   0   1   2   3   0  19  33   0   4   2   0   3   3   0   2  25  0.51 0.31
   71 H    -1  -1   0  -3  -4   3  -1  -4   6  -2  -1  -2   0  -3   0  -1   3  -4   0  -2    3   3   5   0   0  17   2   0  27   1   6   1   2   0   4   2  21   0   3   1  0.64 0.42
   72 S     1  -1  -1   2   1   2   0   0  -2  -3  -1  -1   0  -3  -3   2   1   1  -3  -3   10   3   1  16   3  10   5   8   1   0   5   2   3   0   0  19  12   2   0   0  0.24 0.23
   73 Y    -2  -1   0   0  -4   0   2  -2   1  -3  -3  -1  -3   1  -3   2  -2  -2   6  -2    0   3   5   5   0   5  13   2   2   0   2   2   0   4   0  20   0   0  33   2  0.60 0.41
   74 V     1  -1  -3  -2  -3  -2  -1   0  -2   2  -1  -1   1  -3   4  -1  -1  -4  -3   3   13   3   0   2   0   0   3   8   1  12   1   2   4   0  19   3   2   0   0  25  0.34 0.26
   75 V    -1   1   0   0  -3   1   0  -2   0   0  -1  -1   0  -1  -2   0   1  -3  -2   3    1  10   4   6   0   6   5   3   3   4   2   3   3   3   1   7   9   0   1  29  0.14 0.19
   76 M     0  -2  -1   0  -3   0   1   0  -2  -2  -1  -2   2  -2  -1   3   2  -4  -3   0    6   0   2   5   0   4   8   7   0   0   4   0   7   2   2  32  14   0   0   7  0.26 0.26
   77 N    -1  -1   3   1  -3  -1   0   3   1  -3  -4  -1  -3  -3  -1   0   1  -3   0  -2    3   2  16   9   0   2   5  29   3   0   0   3   0   0   2   6  13   0   4   2  0.36 0.23
   78 H     0  -2  -1   4  -3  -1   1  -1   1  -1  -2  -1  -1  -3  -2   1   2  -4  -1   0    7   0   0  30   0   2   6   4   4   3   3   2   2   0   0  14  13   0   2   7  0.31 0.24
   79 G     0   1  -1  -1  -3  -2  -2   4  -2  -2  -2   0  -2  -2   0   0   2  -3  -3  -2    9  11   2   4   0   0   0  35   0   2   3   5   0   2   3   7  15   0   0   0  0.36 0.24
   80 R    -1   5   0  -3  -3  -1  -1  -3   0   0  -2   0  -2  -1  -3   0   3  -4  -3   0    2  35   3   0   0   0   4   0   2   8   2   4   0   2   0   4  24   0   0   8  0.46 0.33
   81 S     1  -3  -1  -3   0  -3  -3  -2  -3   4   1  -3  -1  -1  -3   1   1  -4  -2   2   11   0   2   0   2   0   0   2   0  33   9   0   0   2   0  11  10   0   0  15  0.34 0.25
   82 Y    -1   2  -2  -3  -1   3   0  -4   3  -2  -2   0  -2   1  -3  -2  -2   3   5  -1    4  11   0   0   2  14   4   0   9   2   3   4   0   3   0   1   2   5  30   6  0.54 0.33
   83 T     3  -2  -2  -3  -2  -2  -2  -1  -3  -1  -2  -1  -1  -1  -2   3   3  -4  -3   0   28   0   0   0   0   0   0   3   0   4   3   4   1   2   0  23  24   0   0   6  0.41 0.30
   84 A     3   2   0  -1  -3  -1  -1  -2  -1  -3  -3   1  -2  -4  -2   2   1  -4  -3   0   37  11   4   2   0   1   3   1   1   0   0   7   0   0   0  18   9   0   0   6  0.38 0.26
   85 I    -3  -5  -5  -1  -3  -4  -5  -5  -5   6   1  -4   2   1  -5  -4  -3  -4   0   1    0   0   0   4   0   0   0   0   0  65  12   0   4   4   0   0   0   0   2   6  1.04 0.44
   86 S    -1  -2   2   0  -3   0   0  -1  -2  -3  -4   0  -3  -4  -3   4   2  -4  -1  -3    2   1   8   4   0   4   5   4   1   2   0   6   0   0   0  47  14   0   2   0  0.55 0.34
   87 T    -1   1   4   1  -4   0  -1  -2   4  -4  -4   0  -3  -4   1   0   0   2  -2  -4    3  10  30   8   0   2   2   2  14   0   0   5   0   0   8   6   5   4   0   0  0.54 0.29
   88 I    -3  -4  -5  -2  -3  -4  -4  -5  -5   5   1  -4   1   1  -4  -4  -2  -4  -3   4    0   0   0   3   0   0   0   0   0  36  13   0   3   5   0   0   1   0   0  38  0.81 0.35
   89 P    -3  -4   0  -2  -5  -1  -1  -3   1  -5  -5  -3  -5  -6   8   0  -2  -6  -5  -5    1   0   6   1   0   3   4   1   3   0   0   0   0   0  73   6   2   0   0   0  1.91 0.60
   90 E     1   2  -2   0  -3   1   2  -2  -1  -3  -2   0  -2  -4   4   0  -1   0  -3  -1   12  12   0   4   0   7  19   2   1   1   3   4   1   0  22   5   3   2   0   4  0.39 0.20
   91 T     0   1   1   1  -3   1   2  -1   0  -3  -2  -1   0  -1   2   2   1  -3  -2  -2    6   7   8   5   0   6  18   4   1   0   2   1   3   3  10  18   8   0   0   1  0.23 0.15
   92 V     0  -3  -3  -4  -2  -1  -3  -4   0   3   3  -3   0  -2  -3  -2   0  -3  -2   3   10   0   0   0   0   3   0   0   4  15  32   0   0   0   0   0   6   0   0  26  0.43 0.24
   93 G     2  -1  -2  -3  -4  -3  -3   6  -1  -2  -4  -1  -4  -4  -4  -1  -3  -4  -4  -3   16   3   0   0   0   0   0  65   2   3   0   3   0   0   0   4   0   0   0   1  1.08 0.40
   94 Y     0   1   0  -2  -3   1  -2  -3   0  -2  -1  -1  -2   0   4   0   0   2   2  -1    9  11   6   2   0   6   0   0   2   0   4   0   1   3  25   7   6   4  11   4  0.37 0.20
   95 S     2  -1   0   0   1   0  -1  -2  -1  -1   1  -2   0  -2  -1   2   0  -1  -2  -1   25   2   3   5   3   5   3   1   2   3  16   0   1   0   2  22   4   1   0   1  0.17 0.17
   96 L    -3  -3  -4  -4  -3  -3  -2  -5  -4   1   4  -3   6   2   0  -3  -3  -3  -2  -1    0   0   0   0   0   0   3   0   0   5  47   0  25   9   4   0   0   0   0   2  0.79 0.36
   97 L    -3   4  -1  -3  -4   4  -1  -4  -2  -2   1   0   1   0  -1  -2  -2  -3  -2  -1    0  29   3   0   0  25   2   0   0   0  17   3   4   4   3   0   1   0   0   4  0.49 0.29
   98 P     0  -2  -2  -3  -3  -2  -2  -3   0   0   2   0   1  -1   4  -1  -1   2  -2   1    7   0   1   0   0   0   0   1   3   5  23   8   4   2  23   3   2   3   0  14  0.35 0.19
   99 L    -2  -4  -4  -5  -3  -2  -4  -5  -4   2   5  -4   1  -2  -4  -4  -2  -3  -3   1    3   0   0   0   0   1   0   0   0  12  68   0   2   0   0   0   2   0   0   8  0.87 0.36
  100 A     1  -2   0  -1  -2   0  -2  -1  -2   1   0  -2   0   0  -2   1   1  -2   0   2   11   0   6   3   0   5   0   4   0   6   8   0   1   5   1  14   8   0   4  22  0.10 0.12
  101 P    -1  -3   0  -2  -3  -2   0  -3  -3  -1  -3  -2  -1  -4   5   3   1  -4  -3   1    4   0   3   0   0   0   6   0   0   4   1   0   1   0  34  24   8   0   0  12  0.68 0.31
  102 I     0  -2  -2  -3  -2  -2  -2  -3  -3   3   2  -2   2   0  -2  -1   1  -2  -1   2    6   0   0   0   0   0   1   1   0  22  28   0  10   4   0   4   9   0   0  13  0.24 0.12
  103 G     0  -2  -2  -2  -2  -2  -2   3  -2   2   1  -2   1   0  -2   0   0  -2  -2   0    6   0   0   0   0   0   1  32   0  18  16   0   4   5   0   7   4   0   0   5  0.21 0.11
  104 G     2  -2   1   0  -2  -1   0   2   0  -2  -1  -1  -2  -1  -2   2   1  -3  -2  -1   25   1   7   5   0   0   4  16   3   1   4   1   0   4   1  17  11   0   0   1  0.19 0.10
  105 I    -1  -3  -3  -3  -3  -3  -3  -2  -3   2   1  -3  -1  -2   5  -2   0  -3   0   2    3   0   0   0   0   0   1   2   0  13  16   0   0   1  32   2   8   0   4  16  0.56 0.22
  106 I    -2  -3  -4  -4  -2  -3  -4  -4  -3   5   1  -3   3   3  -3  -3  -1  -3  -1   2    2   0   0   0   0   0   1   1   0  44  10   0   8  14   0   1   3   0   1  13  0.59 0.25
  107 G    -1  -3   0  -2  -4  -3  -2   5   0  -4  -4  -3  -3   0   0  -2  -3  -2   5  -4    3   0   4   1   0   0   1  50   1   0   1   0   0   3   5   1   0   0  26   1  0.92 0.36
  108 W    -5  -5  -5  -2  -5  -4  -5  -5  -4  -5  -4  -5  -4   1  -5  -2  -5  12   0  -5    1   0   0   3   0   0   0   1   0   0   1   0   0   6   0   4   0  80   2   0  3.33 0.79
  109 M     1  -3  -2  -3   1  -2  -3  -3  -3   0   3  -3   3  -1  -1   0   1  -3   1   0   11   0   1   0   3   0   0   1   0   2  42   0   8   0   3   7  11   0   5   3  0.31 0.21
  110 F    -1  -4  -4  -4   1  -4  -4  -4  -3   0   1  -4  -1   7  -4  -2   1  -2   1  -2    4   0   0   0   4   0   0   1   0   4  12   0   1  55   0   1  12   0   2   1  0.93 0.36
  111 A     5  -1  -3  -3  -2  -3  -3   0  -3  -3  -3  -2  -3  -4   1   0  -1  -4  -3  -1   72   3   0   0   0   0   0   4   0   0   1   0   0   0   7   5   1   0   0   4  0.90 0.40
  112 V    -1   1  -2  -1   1  -1  -1  -1   2  -1   2   3   0  -2  -3  -2  -1  -1  -1   1    3   6   0   2   4   2   2   6   6   0  24  25   1   1   0   1   3   1   2  11  0.15 0.16
  113 E    -1  -2  -2   0  -4   2   5  -3  -2  -4  -4  -1  -2  -4   3   0   1  -4  -4  -3    3   1   0   2   0  11  48   1   0   0   1   0   1   0  17   5   8   0   0   1  0.82 0.37
  114 Q    -1   0   0  -1  -2   2  -1  -2  -1   2   0   1  -1  -2   0   1   1  -3  -2   1    4   5   4   1   0  11   2   1   1  15   7  10   0   0   4  15  10   0   0  10  0.12 0.13
  115 D    -1  -1   1   1  -4   0   0   4  -2  -4  -4   0  -3  -4   4   1  -2  -4  -4  -4    2   2   6   8   0   5   6  31   0   0   1   4   0   0  22   9   1   0   0   0  0.58 0.25
  116 G     0   0   2   2  -3  -1   2   3  -2  -4  -4   0  -3  -4   0   1   0  -4  -3  -3    4   4   9  14   0   1  13  29   0   0   1   3   0   0   5  12   5   0   0   0  0.41 0.20
  117 F     3  -3  -2  -3  -2  -2  -2  -1   0  -1  -1  -2  -2   2  -3   1   1   3   1   1   35   0   0   0   0   0   0   4   2   2   3   0   0  10   0  11  12   5   5   9  0.33 0.23
  118 K     0   0  -1  -2  -3   1   1  -1   0   0   0   2   0   0   1  -1  -1  -2   1   0    5   5   1   0   0   8  14   3   2   5  11  15   2   3   6   4   1   0   7   9  0.09 0.10
  119 N    -2  -3   8   0  -5  -3  -3  -2  -1  -5  -5  -3  -4  -5  -4   0  -3  -5  -4  -5    3   0  83   2   0   0   0   2   1   0   1   0   0   0   0   6   0   0   0   0  1.88 0.63
  120 G    -2  -4  -3  -3  -4  -4  -4   7  -4  -2  -5  -4  -4  -5  -4  -1  -4  -4  -5  -5    1   0   0   0   0   0   0  89   0   3   1   0   0   0   0   3   0   0   0   0  1.84 0.54
  121 F    -4  -4  -4  -4  -4  -3  -2  -4   3  -2  -1  -2  -2   7  -4  -4  -3  -1   5  -1    1   0   0   0   0   1   3   1   7   1   5   2   0  52   0   1   0   0  21   3  1.21 0.42
  122 S    -1  -1   0  -2  -3   3   0  -2  -1  -3  -2  -1   0  -3  -1   4   1  -4   0  -3    1   2   4   0   0  14   6   1   1   0   4   2   2   0   3  44  10   0   3   0  0.48 0.30
  123 I    -3  -1  -4  -4   2  -2  -4  -4  -3   2   4  -3   1   2  -3  -3  -2  -3   0   1    0   3   0   0   4   1   0   0   0  15  51   0   3   7   1   1   1   0   3   6  0.56 0.26
  124 T     0  -3  -2  -2  -3  -3  -3  -4  -4  -1  -2  -3  -3  -4  -1   1   7  -4  -4  -1    6   0   0   2   0   0   0   0   0   3   2   0   0   0   2   7  72   0   0   3  1.17 0.49
  125 G    -1  -1   1  -2  -4  -1  -2   6  -1  -5  -5  -2  -4  -5  -4  -1  -1  -4  -4  -4    4   3   6   2   0   3   1  71   1   0   0   2   0   0   0   2   3   0   0   0  1.21 0.41
  126 G     3  -4   0  -1  -4  -3  -3   5  -4  -4  -4  -3  -4  -4  -3   0  -3  -4  -4  -2   23   0   4   3   0   0   0  57   0   0   1   0   0   0   0   5   0   0   0   4  1.01 0.40
  127 E     0   0   1   0  -2   0   2  -1   0  -1  -1   1  -1  -3  -1   1   1  -3  -2   1    5   3   6   5   0   3  16   3   2   3   6  10   1   0   1  13   8   0   0  14  0.11 0.11
  128 F    -4  -4  -5  -5  -5  -5  -5  -5  -3  -3  -1  -2  -3   8  -5  -2  -4  -2   3  -2    0   0   0   0   0   0   0   0   0   0   4   4   0  73   0   4   0   0   9   3  1.76 0.57
  129 T    -1   1   3  -2  -3   1   0  -3   1  -1  -1   0   0  -1  -3   1   3   0  -2  -1    1   7  16   0   0   8   4   0   4   4   7   5   3   3   0  12  21   1   0   4  0.21 0.18
  130 R    -3   4  -1  -3  -4   3  -2  -1   6  -4  -3  -1  -3  -1  -1  -1  -3   2   1  -3    1  28   2   1   0  16   1   4  23   1   2   1   0   2   3   4   1   3   6   2  0.68 0.32
  131 Q    -2  -1   1   1  -3   2   2  -3   2  -1  -2   0  -2  -2  -2   1   3  -3  -1  -1    1   2   5   7   0  11  18   1   6   4   2   3   0   1   1   9  23   0   1   3  0.31 0.20
  132 A     2  -2   0  -2  -2  -2  -2  -2  -2  -1   0  -2   2  -2  -2   3   2  -3   0   1   18   1   3   1   0   0   1   1   0   2   9   1   6   0   1  27  15   0   4  12  0.30 0.22
  133 E    -1   1   0   1  -3   2   3  -3   2  -2  -1   0  -1  -3  -2   0   0  -3   0  -2    5  10   4   6   0  11  26   1   6   2   8   2   1   0   1   5   7   0   3   2  0.26 0.17
  134 V    -1  -3  -3  -4  -2  -3  -3  -2  -4   3   2  -3   2  -2  -3  -3  -2  -3  -2   5    4   1   1   1   0   1   1   4   0  18  17   1   5   1   1   1   1   0   0  44  0.60 0.27
  135 T    -2   1  -1  -1  -3   2   3  -3   1  -1  -2   0  -2  -3  -2   0   4  -3  -1   0    1   7   2   3   0  10  19   1   4   3   1   3   0   1   1   3  32   0   1   6  0.38 0.23
  136 F    -2  -5  -5  -5  -5  -5  -5  -5   3  -3  -3  -5  -3   8  -5  -4  -4  -2   2  -4    4   0   0   0   0   0   0   0   6   0   1   0   0  79   0   0   0   0   5   0  2.05 0.66
  137 L     1  -1  -1  -1  -2   0   0  -1   0   0   0  -1   0   0   1   0  -1   1   2   1   18   2   3   2   0   5   5   3   2   7   7   2   2   2   7   6   2   2  11  13  0.08 0.11
  138 G     0  -3   1  -1  -3   0  -1   3  -3  -3  -3  -2  -3  -1   4   0   3  -4  -3  -2    5   0   7   2   0   3   2  23   0   0   2   0   0   3  20   6  21   0   0   2  0.49 0.29
  139 H    -1  -3   0   0  -4  -1  -1   5   3  -4  -2  -3  -3  -4  -3   1   1  -1  -1  -4    3   0   3   6   0   3   3  43  10   0   3   0   0   0   0  10  10   1   2   0  0.60 0.32
  140 P    -1   1   2   0  -2   1   1   2   0  -2  -2   0  -2  -2   2   0  -1   2  -2  -2    4   6  13   5   1   6  11  16   3   1   3   6   1   1  13   4   2   3   1   2  0.23 0.11
  141 G    -2  -1  -1   2  -4   2   5   1   2  -4  -3   0  -3  -3  -3   0  -2  -3   2  -4    1   2   2   9   0   9  41  10   5   0   2   3   0   0   0   8   1   0   7   1  0.56 0.31
  142 K     0   2   0  -2  -3   1   1  -1  -1   0   0   2  -1  -2  -2   0   0  -1  -1  -1    6  16   6   0   0   4   8   3   1   6   8  20   0   1   0   4   8   1   2   5  0.15 0.13
  143 L    -3  -4  -4  -5  -3  -4  -4  -5  -4   1   4  -4   1   2  -4  -4  -3  -3  -2   4    1   0   0   0   0   0   0   1   0   3  48   0   3   8   0   1   0   0   0  32  0.81 0.37
  144 V    -1   3  -1  -2  -3   0  -2  -1   2  -1  -2   0  -1  -2  -1   0   3  -1  -1   1    1  23   2   2   0   4   0   4   6   3   3   3   1   1   3   7  21   1   1  15  0.25 0.21
  145 L    -1  -4  -4  -4  -3  -3  -4  -4  -4   5   1  -4   5  -2  -4  -3  -2  -4  -3   2    4   0   0   0   0   0   0   1   0  45  12   0  16   0   0   1   0   0   0  13  0.81 0.39
  146 K    -2   1   0   1  -3  -1   0  -2   0  -1  -2   2  -2  -3  -3  -1   4  -3   1  -2    1  10   4   7   0   2   4   2   2   3   2  17   0   0   0   2  30   0   6   1  0.28 0.25
  147 Q    -3  -2  -3  -3  -5   7   0  -4   4  -4  -2  -2   0  -4  -1  -1  -3  -4   0  -4    1   0   0   0   0  59   3   1  12   0   4   0   2   0   3   4   0   0   3   0  1.19 0.58
  148 Q    -2   1   0  -1  -3   1   1  -3   2   0  -2   1  -1  -2  -2   0   2  -3   0   0    1   7   4   2   0   7  12   1   6   6   2  11   1   0   0   5  17   0   2  10  0.14 0.16
  149 F     3  -3  -3  -4  -3  -3  -3  -1  -2  -2  -1  -3   0   5  -3   0  -2  -2   3  -2   32   0   0   0   0   0   0   3   0   2   3   0   3  28   0   6   1   0  13   2  0.58 0.36
  150 S    -2   4   1   0  -3   2   1  -3   2  -3  -1   0  -2  -2  -3   1   0  -1  -2  -1    0  25   6   3   0   9  11   0   5   0   8   3   0   1   0  12   4   1   0   5  0.25 0.22
  151 G    -3  -1  -3  -1  -5  -4  -4   7  -4  -6  -6  -4  -5  -6   1  -3  -2  -5  -5  -5    0   4   0   4   0   0   0  82   0   0   0   0   0   0   6   0   2   0   0   0  1.70 0.58
  152 I    -2   0  -2  -4  -3  -2  -3  -4   0   2   3  -3   1   0  -3  -3   0  -3  -2   2    2   7   1   0   0   1   1   1   3  12  41   0   2   3   0   1   7   0   0  17  0.40 0.22
  153 D    -3  -3   2   7  -4  -2   1  -1  -3  -4  -5  -1  -4  -5  -3  -1  -2  -5  -4  -4    1   1   9  66   0   0   6   4   0   1   1   2   0   0   1   4   2   0   0   1  1.33 0.47
  154 E     0  -1  -1   0  -3  -1   2  -1  -2   0  -2  -1  -1   0   3   1  -1  -3   1   0    9   2   3   6   0   2  17   4   0   5   3   1   1   4  15  12   2   0   5  11  0.18 0.14
  155 H    -2  -1   1   2  -3   0   2  -2   5  -3  -1  -1  -2   2  -3   0  -2   3   1  -3    3   2   8  12   0   2  17   2  18   0   5   1   0  10   0   9   1   5   4   1  0.38 0.22
  156 G    -2  -1   4   3  -4  -2  -2   5   1  -4  -4  -1  -4  -4  -3  -2  -1  -4  -4  -3    1   3  22  15   0   0   1  43   4   0   1   2   0   0   0   1   4   0   0   2  0.79 0.34
  157 H     0  -2   2  -3  -3   2  -1  -3   5  -2  -1   0  -1  -1  -3   0  -1  -2   4   0    6   0  10   0   0  12   1   1  17   1   6   5   2   1   0   5   4   0  20   8  0.40 0.26
  158 L    -2  -3  -4  -4  -3  -3  -3  -4  -3   2   4  -3   4   2   1  -3  -2  -3  -2   1    1   0   0   1   0   0   1   1   0  12  44   1  12  10   8   1   1   0   0   8  0.58 0.24
  159 T     0   2   0  -2  -2   0  -1   0  -1   0   0   1   1  -1  -2   0   0   2   0   0    6  15   5   1   0   5   1   6   0   5  13  11   4   0   1   6   7   4   5   8  0.08 0.08
  160 I     0  -3  -3  -3   0  -2  -3  -1  -3   2   3  -3   3   0  -3  -1  -1  -2  -1   2    8   1   1   1   2   0   1   4   0  14  30   1  11   3   1   4   2   0   2  17  0.28 0.15
  161 S    -1   0   1   4  -3   0   1  -2   2  -3   0   2  -2  -3  -2   0   0  -3  -1  -3    2   3   8  30   0   3   7   2   6   1  10  13   0   0   1   8   4   0   2   1  0.33 0.17
  162 T     0  -3  -2  -3  -2  -2  -3  -3  -3   2   0  -2   2  -1   2   0   4  -3  -2   2    6   1   1   1   0   0   1   1   0  16   5   1   5   2   9   5  29   0   0  16  0.36 0.20
  163 E    -1   1   1   0  -3   0   2  -2   1  -1  -1   0   0   0  -2  -1   0  -3  -1   1    2  11  10   4   0   4  18   1   5   2   3   5   3   6   1   2   7   0   1  16  0.14 0.11
  164 L    -2  -3  -4  -4  -2  -3  -3  -4  -4   4   3  -3   2   1  -3  -3  -1  -3  -2   3    1   1   1   1   0   0   1   1   0  32  26   1   4   5   1   1   3   0   0  22  0.59 0.23
  165 E    -1   1   2   1  -3   2   2  -2   0  -2  -3   0  -2  -2  -2   2   2  -3  -1  -2    2   6  10   8   0   9  13   1   3   2   1   4   0   2   1  20  12   0   2   3  0.25 0.14
  166 G    -2  -4  -2  -3  -4  -3  -3   7  -4  -4  -4  -3  -4  -4   2  -2  -3  -4  -4  -4    1   1   1   1   0   1   1  79   0   1   1   1   0   1  10   1   1   0   0   1  1.55 0.43
  167 R    -1   1   1   1  -3   2   1  -2   2  -1  -1   0   0   0  -2   1   1  -3   1  -1    3   8   5   7   0  15   8   1   6   3   4   2   2   6   0  13   8   0   5   4  0.15 0.14
  168 V    -2  -4  -4  -4  -1  -3  -4  -4  -4   3   2  -4   1   1  -4  -3  -1  -3  -2   5    2   1   1   1   1   0   1   1   0  14  15   1   3   6   1   1   2   0   0  51  0.73 0.32
  169 P    -3  -3  -4  -1  -5  -4  -4  -5  -4  -4   0  -4  -4  -5   8  -4  -3  -5  -5  -4    1   1   0   3   0   0   0   1   0   0  11   0   0   0  77   1   1   0   0   1  2.13 0.65
  170 Q    -1   1   0   1  -3   3   3  -2   1  -2  -2   0  -2   0   0   0  -1  -3   1  -2    5   6   3   8   0  18  20   2   3   2   2   2   0   6   4   8   3   0   6   1  0.26 0.18
  171 I    -1  -2  -3  -3  -3  -3  -3  -3  -3   4   2  -1   1  -1  -3   1  -1  -1  -2   2    2   1   0   0   0   0   0   1   0  28  25   4   3   1   0  15   1   1   0  16  0.41 0.24
  172 P    -1  -3   0  -1  -3   0  -1  -2  -1  -1   1  -2  -2  -1   6   0  -1  -4  -3  -2    5   1   4   2   0   6   4   3   1   3  15   1   1   3  39   7   4   0   0   1  0.64 0.27
  173 Y     3  -1  -2  -2  -3   0   1  -1  -1  -2  -1  -2  -2   0   3   2  -1  -3  -1  -2   28   3   0   1   0   5   8   3   1   2   5   1   0   5  16  16   2   0   1   2  0.33 0.21
  174 G    -1  -1   2   3  -3   0   0   3   1  -3  -1  -1  -3  -3   0   0  -1  -3  -3  -2    2   2  12  18   0   4   5  27   3   1   6   2   0   0   5   7   2   0   0   2  0.34 0.18
  175 A     4  -1  -1   0  -2  -2  -1  -1  -3  -3  -2  -2  -2   0  -2   2   1  -3  -3  -1   40   2   2   4   0   0   3   4   0   1   2   1   1   5   1  19   9   0   0   4  0.40 0.26
  176 S    -1   0   1   3  -3   0   1  -2   1  -2  -2   1  -1  -3   0   1   2  -3  -3  -1    4   3   7  18   0   3  11   1   4   2   2  11   1   0   4   9  15   0   0   4  0.24 0.15
  177 V     0  -3  -1  -4  -2  -3  -3  -3  -3   3   2  -3   0  -2  -3  -3  -2  -3  -2   4    7   1   3   1   0   1   1   1   0  14  25   1   1   1   1   1   1   0   0  40  0.56 0.27
  178 H    -1  -1   0   0  -3   3   0  -2   6   0  -2  -1  -2   0  -3   1   1  -3   0  -2    5   2   4   5   0  14   5   2  23   6   4   3   0   3   1  11   9   0   2   2  0.33 0.21
  179 I    -1  -3  -3  -2  -2  -2  -2  -3   0   3   1  -2   2   1  -1  -2   0  -2   1   3    2   1   0   2   0   0   2   1   3  20  15   1   5   7   2   2   7   0   5  24  0.25 0.14
  180 E     0   0  -1   1  -3   3   2   0  -2  -3  -2   1  -1  -3   2   1  -1  -3  -3  -2    8   4   0  10   0  20  13   5   0   1   2  10   1   0   9  10   3   0   0   2  0.29 0.16
  181 P    -3  -1   1   5  -4  -2   1  -1  -3  -4  -4  -2  -4  -4   5  -1  -2  -5  -4  -4    1   3   7  44   0   0   7   3   0   0   1   1   0   0  27   3   1   0   0   1  1.01 0.35
  182 Y    -2  -3  -3  -4  -4   0  -3  -4   3  -1  -2  -3  -2   5  -4  -2  -1  -1   7  -3    3   0   0   0   0   4   1   1   6   3   1   1   0  23   0   3   4   0  49   1  1.20 0.41
  183 T    -1   1   0   0  -3   1   2  -2  -2  -1  -2   1  -1  -3  -2   1   3  -3  -1  -1    2   7   4   6   0   8  13   2   0   2   2  11   1   0   0  13  22   0   3   5  0.23 0.16
  184 E    -3  -2   0   2  -5   1   6  -4  -2   0  -4  -2  -3  -4  -3  -2  -3  -5  -4   0    0   0   3   8   0   4  68   0   0   6   1   0   0   0   0   0   0   0   0   6  1.12 0.44
  185 L    -1   1  -1   1  -3   1   2  -3   0   0   1   0  -1  -1  -2   0   0  -3  -2   0    2   8   2  11   0   8  15   0   2   7  20   3   0   1   0   5   5   0   0   9  0.13 0.12
  186 Y    -4  -4  -4  -5  -4  -4  -4  -5   1  -2  -2  -1  -3   3  -5  -4  -4  -1   9  -2    0   0   0   0   0   0   0   0   2   2   3   4   0  11   0   0   0   0  72   2  1.83 0.59
  187 H    -2   2  -2  -2  -4   6   0  -3   5  -2  -3   0  -2  -4  -3   0   1  -4  -1  -1    0  14   0   0   0  40   2   0  16   2   1   4   0   0   0   5   8   0   1   6  0.74 0.37
  188 Y    -3   1  -3  -3  -4   0  -1  -4   2   0  -1   0   1   2  -4  -1   0   3   5   0    0  11   0   0   0   4   5   0   4   4   4   5   4   9   0   4   8   4  28   9  0.42 0.30
  189 S     0   1   1  -1  -2   1   0   0   2  -1   0  -1   1  -1  -2   0   0  -2   1   0    8   8   7   0   0   7   8   8   7   0   8   0   7   0   0   8   8   0   7   8  0.08 0.12
  190 S    -1   1   1   2  -3   0   0   1   1   0  -2   0  -2  -3   3   1   0  -4  -3  -1    4  10   6  13   0   3   2  10   4   7   2   4   0   0  16   9   4   0   0   5  0.22 0.15
  191 S     0  -2   1   0  -3   0  -2   3  -3  -4  -2   0  -3  -4   1   3   0  -4  -4  -3    5   0   7   4   0   4   0  27   0   0   5   6   0   0   6  32   4   0   0   0  0.46 0.30
  192 V     1   0  -1   1  -3   1  -1   0  -1   0   0  -1   0  -1  -3  -1  -1  -3  -1   2   17   5   1   8   0   8   3   9   1   2   8   3   2   2   0   2   2   0   2  24  0.11 0.16
  193 I    -1   0  -1  -4  -3  -1  -1  -4  -4   4   2  -3   1  -1  -4  -2  -2  -4  -3   3    4   7   4   0   0   3   4   0   0  26  24   0   3   2   0   2   0   0   0  22  0.42 0.27
  194 T    -3   1  -3  -2  -2   0   0  -4   1  -2   0   0  -2   2  -4  -1   4   0   3  -2    0   7   0   2   1   4   6   0   4   1   8   5   0  10   0   2  33   1  12   2  0.43 0.33
  195 S     2  -2  -2  -3  -3  -3   0  -1  -3  -3  -3  -1  -1  -4  -3   5  -1  -4  -1   1   16   2   0   0   0   0   6   4   0   0   2   2   1   0   0  51   2   0   2  10  0.66 0.43
  196 S     0   0  -1  -1   0   0  -1   1   2  -2  -2  -1  -1   0  -3   3   2   2   0  -1    4   6   1   2   2   3   2  10   7   1   3   3   2   4   0  28  13   3   3   4  0.22 0.21
  197 S     1  -2  -1  -1  -3  -1  -2  -2  -3  -4  -2  -2  -3  -1  -3   6   0  -4   1  -2    8   1   1   3   0   3   1   3   0   0   3   1   0   2   0  61   3   0   5   2  0.82 0.47
  198 T     0  -3  -2  -2  -3   0   1  -2   0   0  -2  -2  -1  -2  -2   3   4  -4   0   0    5   0   0   1   0   3   8   1   2   4   2   0   1   1   1  26  31   0   3   8  0.45 0.33
  199 R    -3   6  -1  -3  -5   4  -2  -4   3  -4  -3  -1  -3  -1  -2  -3  -3  -4  -3  -4    1  53   2   1   0  22   1   1   8   1   3   1   0   3   2   1   1   0   0   1  1.23 0.53
  200 E    -1   1   0   2  -3   1   2  -1   0  -1  -1   0   0  -1  -1   1   1  -3  -2  -2    2   7   2  10   0   8  16   3   3   3   7   2   3   3   2  14  11   0   1   1  0.17 0.17
  201 Y    -2  -4  -2  -5   1  -4  -4  -5   3  -2  -1  -4  -1   5  -5  -4  -4  -2   7  -1    3   0   2   0   3   0   0   0   7   2   6   0   1  27   0   0   0   0  40   4  1.29 0.56
  202 T    -1   0  -1  -2  -3  -1  -1  -2  -1   0   0   1   0   0  -3   2   3  -3  -2   1    2   4   2   0   0   2   3   1   1   4  11  12   3   4   0  18  20   0   1  11  0.19 0.20
  203 V    -2  -1  -2  -3  -2  -2  -3  -2  -2   2   3  -3   2  -1  -3  -1  -1  -3  -1   4    1   3   2   1   0   2   1   4   1  11  26   1   5   2   1   4   3   0   1  32  0.38 0.24
  204 M     0   1   1  -1  -2   0   0  -1   0   0   0   0   1  -1  -2   0   1  -2  -2   0    9   8   8   2   0   4   8   5   2   7   6   4   5   2   1   4  14   0   1   8  0.05 0.07
  205 E    -1  -1  -1   2  -2  -1   2   0   0   0  -1  -1  -1  -1   0   1   0  -2  -1   0    4   3   1  11   1   1  17   6   2   7   6   2   1   3   4  17   4   0   3   6  0.10 0.09
  206 P     0  -1   0   0  -1   0   0   1  -1  -1  -1  -1  -1   0   3   0   0   1  -1   0    8   2   4   4   1   3   8  10   2   4   6   3   1   6  18   5   4   2   1   8  0.15 0.07
  207 D     0   0   1   1  -1   1   1   0   0  -1  -1   0  -1  -1   0   1   0  -1  -1  -1    6   3   6  10   1   8  12   8   2   4   7   5   1   2   4  10   5   1   2   3  0.08 0.04
  208 Q     0   1   0   0  -1   1   1   0   0  -1   0   0  -1  -1   0   0   0  -1  -1   0    4  11   5   3   1  10   9   7   3   4  11   5   1   2   3   9   4   1   2   5  0.05 0.03
  209 D    -1   0   0   3  -1   0   1   1   0  -1   0   0  -1  -1  -1   0   0   0  -1  -1    5   7   4  21   1   3   7  10   3   3  10   3   1   2   3   6   4   1   2   3  0.10 0.06
  210 G     0   0  -1   0  -1  -1   0   3  -1  -1  -1  -1  -1   0   0   0   0  -1  -1  -1   10   5   2   4   1   2   8  24   1   5   4   3   1   7   5   8   4   1   2   3  0.11 0.06
  211 A     1  -1  -1  -1  -1   0  -1   3   0   0  -1  -1  -1  -1  -1   0   0  -1  -1   0   11   4   2   3   1   4   3  27   2   8   7   2   1   2   2   5   7   1   2   5  0.12 0.07
  212 A     1   0   0  -1  -1   0   0   1   0  -1  -1  -1   0  -2   0   1   0  -2  -1  -1   16   5   3   2   1   3   5  14   2   4   6   3   3   1   5  16   5   1   2   4  0.10 0.07
  213 P     0  -1   0   1  -2   0   0  -1  -1   1   0   0   0  -1   2   0   0  -2  -1   0    6   3   5  10   1   3   6   5   1  12   9   4   2   1  13   8   5   0   1   7  0.09 0.05
  214 S     0   0   3   0  -2   0   0   0   0  -2  -2  -1  -2  -2   1   2   1  -2  -2  -1    6   5  19   2   1   4   5   8   2   1   4   2   1   1   7  15   9   0   1   4  0.18 0.13
  215 H    -1   2   0   0   2   3   1  -2   3  -2  -1   0  -1   0  -2   0  -1  -2   0  -1    2  14   4   6   5  17   6   2  11   2   5   3   1   5   1   5   2   0   2   4  0.20 0.14
  216 T    -1  -1   2  -1  -2  -1   0  -2  -2  -1   0  -1  -1  -2  -1   2   3  -3  -2   0    3   2  11   3   0   1   7   2   0   4   8   4   1   2   3  14  28   0   1   7  0.22 0.17
  217 H    -1   0  -1  -3  -2  -1  -1  -2   4   2   2  -2   1   1  -3  -2  -2   1   2   0    5   7   2   1   0   2   3   2  13  14  20   1   4   4   1   2   1   2   9   7  0.18 0.15
  218 I     0   1  -1  -1   2  -2  -1  -1  -1  -1  -2  -1   0  -3   3   3   1  -3  -3  -1    5  10   2   2   6   1   3   3   1   5   3   1   2   0  18  26   9   0   0   3  0.31 0.22
  219 Y    -1  -3   0  -4  -1  -2  -3  -2  -1   0   0  -3   1   3  -4  -2  -2  -1   7  -1    5   1   5   1   1   2   1   2   0   6   7   1   3  12   1   3   2   0  45   4  0.77 0.36
  220 Q    -2   3   0   0  -3   3  -1  -1   2  -2  -1   0  -1   1  -3   0   2  -3  -1  -2    2  24   3   4   0  15   0   5   6   2   4   2   2   7   0   5  14   0   2   0  0.29 0.22
  221 W    -2  -3  -4  -4   3  -1  -3  -4  -3   2   2  -3   0  -1  -4  -1   0   7   1   2    1   0   0   0   7   3   1   0   0  10  22   0   1   1   0   5   5  20   5  17  0.60 0.29
  222 R    -2   4   4   3  -4   0   0  -3   2  -1  -3   0  -3  -4  -3  -1   0  -4  -1  -3    2  24  21  21   0   2   5   0   6   4   1   2   0   0   0   3   4   0   2   1  0.54 0.31
  223 Q    -3   0  -1  -3   5   6   1  -3   5  -5  -5  -2  -3  -5  -4  -1  -3  -5  -3  -4    0   5   2   0  11  47  10   2  18   0   0   0   0   0   0   4   0   0   0   0  1.16 0.54
  224 T    -2  -1   5   0  -3   0   0  -3  -2  -2  -2  -2  -2   0  -3   0   4  -4  -3  -1    1   3  31   3   0   3   5   1   0   2   2   0   0   5   0   5  33   0   0   5  0.57 0.34
  225 I    -3   0  -3  -4  -3  -3  -4  -4   4   6   0  -3   0   0  -4  -3  -3  -4  -1   1    1   6   0   0   0   0   1   1  13  56   4   0   2   4   0   1   1   0   2   8  0.85 0.40
  226 T    -1  -1  -1  -2  -2   0  -1   0   0  -1  -1  -1  -1  -1  -2   2   4  -3   1  -1    3   3   1   0   0   5   3   6   3   2   4   2   1   3   0  19  33   0   7   5  0.29 0.23
  227 F    -3  -4  -4  -4  -4  -3  -4  -4   2   2  -1  -4  -2   5  -1  -3  -1  -1   7   0    1   0   0   0   0   0   1   1   4  13   4   1   0  22   3   1   3   0  40   5  0.97 0.40
  228 Q    -1   1   1   1  -3   4   2  -2   0  -3  -2   0  -1  -3  -2   1   0  -3  -2  -2    3   7   6   8   0  28  14   1   2   1   3   4   2   1   1   9   7   0   1   2  0.37 0.21
  229 E     0  -1  -2   0  -3   0   3   1  -2  -3  -3  -1  -3  -2   1   1   0  -2   3  -2    9   3   1   5   0   5  23  10   0   1   1   1   0   1   8  11   4   0  14   3  0.30 0.23
  230 C    -1  -3  -1   0  10  -3  -2  -2  -3  -3  -3  -2  -3  -3  -3  -1  -1  -3  -3  -2    5   1   3   7  58   1   2   4   1   1   2   2   1   1   1   5   3   0   1   2  1.61 0.51
  231 A     1   2  -2  -2  -2   0   0  -1  -2  -1  -1   0  -1  -2   4   0  -1  -2  -2   0   12  12   1   1   0   4   4   3   1   3   8   7   1   1  22   8   3   0   1   6  0.27 0.14
  232 H     1   1   0  -2  -1  -1  -2   0   6  -3  -2  -2  -2   1  -1  -1  -1  -2   3  -2   14   7   3   2   1   1   2   7  28   1   3   1   1   7   3   4   3   0   9   1  0.47 0.25
  233 D     2   2   0   4  -3   1   0  -1  -1  -3  -1  -1  -2  -3  -2  -1  -1  -4  -3  -2   19  11   2  30   0   7   4   4   2   1   8   3   0   0   1   3   4   0   0   2  0.36 0.25
  234 D     0   0   0   2  -3   1   2   2   0  -2  -3  -1  -3  -3   4  -1  -1  -3  -2  -2    6   5   5  11   0   8  14  17   2   2   1   1   0   0  19   2   4   0   1   2  0.38 0.22
  235 A     1   2  -1  -1  -3  -1   0  -1   0  -2  -2   0  -1   2   3   0   0  -3  -1  -1   13  16   2   4   0   2   5   3   3   2   3   3   2  10  15   7   6   0   1   4  0.20 0.16
  236 R    -1   2  -1   1  -3   3   0  -1   4  -3  -1   0  -1  -2   0   0  -1   3  -1  -3    5  12   2   9   0  19   5   4  12   1   6   3   2   1   5   6   2   4   1   1  0.29 0.22
  237 P    -1   2  -2   0  -3   0  -1   2   1  -3  -1  -1  -3  -3   5  -1  -2   0  -3  -3    5  15   1   6   0   4   3  15   3   2   6   2   0   1  29   3   2   1   0   1  0.52 0.28
  238 A     2   1  -1   0  -3   3   1  -2  -1  -2  -2   0  -1  -2   1   0   0   0  -2  -2   22   9   2   6   0  19   6   2   1   2   2   3   1   2   7   5   6   1   0   3  0.25 0.21
  239 L     0  -1  -1  -2  -2   0  -2   0  -2   1   2  -2   3  -1   0   0   1   0  -1   1    6   2   2   1   0   3   2   6   0   5  24   2  10   2   6   6   8   1   1  11  0.13 0.13
  240 P    -1  -2   0   1  -3   1  -1   0  -2  -3  -3   0  -3  -2   6   0  -2  -3  -3  -3    3   1   4   9   0   7   3   8   1   2   3   5   0   2  40   6   2   0   1   2  0.73 0.32
  241 S     0   0  -1   1  -2   0   0  -2   0  -1   2   0  -1  -1   0   0   1  -3  -2   0   10   6   2   8   0   2   7   2   2   2  24   4   0   2   5   7   9   0   0   6  0.07 0.11
  242 T    -2   0  -2  -4  -3  -2  -2  -4  -4  -1  -1  -2  -1  -1  -2   1   4  -5  -3   4    2   5   1   0   0   1   3   0   0   1   5   1   1   2   1  12  27   0   0  37  0.55 0.41
  243 Q    -2  -1  -2  -3  -5   7   1  -4  -2  -4  -1  -2   1  -4  -4  -1  -1   1  -2   1    2   2   1   0   0  56   8   0   1   0   6   0   4   0   0   3   3   2   1  10  1.03 0.58
  244 Q    -3   3  -1  -3  -4   4  -1  -4   6  -2   0   0   1  -2  -4  -2   1  -2  -2  -2    1  15   2   0   0  24   1   0  20   2   9   5   3   2   0   0  11   1   0   2  0.63 0.42
  245 L    -3  -5  -6  -6  -4   0  -4  -6  -5   1   6  -5   0  -3  -4  -2  -4  -5  -4   1    1   0   0   0   0   5   1   0   0   5  77   0   1   0   1   3   0   0   0   7  1.22 0.59
  246 S    -2   3   1  -2  -4   2  -1  -3   4  -3  -3   3  -3  -2  -3   2   1  -2  -2  -4    1  18   5   1   0   8   1   0  11   2   1  21   0   2   0  19   9   1   1   0  0.50 0.34
  247 V     3  -4  -4  -2  -3  -3  -4  -4  -5   1  -1  -4   0   0  -4  -3   0  -5  -3   5   29   0   0   2   0   1   0   0   0   6   4   0   2   4   0   0   4   0   0  47  0.76 0.45
  248 D    -1   0  -1   4  -4  -2   0  -1  -3  -3  -4  -1  -4  -2  -3   4   1  -5  -3  -2    4   4   1  24   0   0   5   3   0   1   0   4   0   2   0  41   8   0   1   2  0.64 0.41
  249 S     1   5  -1   0  -4   0  -1   0   1  -4  -4   2  -2  -4  -2   2  -2  -4   0  -4   13  33   2   4   0   3   3   8   3   0   0  10   1   0   1  15   1   0   3   0  0.49 0.32
  250 V     0  -2   0  -5  -3  -4  -4  -1  -2   5   0  -4   0  -3  -3  -2  -2  -5  -4   4    6   2   6   0   0   0   0   4   1  37   6   0   1   0   1   2   1   0   0  34  0.71 0.40
  251 F    -1  -2   1  -2  -4  -1   0  -3   1  -2  -1  -2   0   5  -4   2   0  -2   2  -1    4   1   6   1   0   3   5   1   3   2   3   2   2  33   0  17   7   0   5   4  0.43 0.31
  252 V     2  -4  -2  -4  -3  -3  -3  -2  -4   0   1  -3  -2   0  -3   2   2  -4  -3   3   21   0   1   0   0   0   0   1   0   5  11   0   0   4   0  20  12   0   0  25  0.41 0.32
  253 L     1  -2  -2   1  -3  -2   0   0  -2   0   2  -2   2  -2  -3   0   1  -2  -3   0   15   1   1  12   0   1   5   6   1   3  22   1   8   1   0   8  10   0   0   7  0.15 0.18
  254 Y    -5  -3  -5  -6  -6  -5  -5  -6  -2  -4  -3  -5  -4   5  -6  -2  -3  -2   9  -3    0   1   0   0   0   0   0   0   0   0   2   0   0  22   0   3   1   0  68   2  2.19 0.81
  255 N    -2  -3   4   5  -5  -2   2  -3  -1  -3  -4  -2  -4  -1  -4   0  -1   0  -4  -1    2   1  21  39   0   0  13   0   1   1   1   1   0   3   0   8   2   1   0   6  0.79 0.42
  256 K     1  -1  -1   0  -4   1   1  -2  -3  -4  -4  -1   0  -5   6   0   0  -5  -4  -2   10   3   2   4   0   7   9   2   0   0   1   3   3   0  41   7   5   0   0   2  0.80 0.40
  257 E     0   2   0   1  -4   1   3  -1   0  -3  -1   0  -2  -1  -2   0   0  -4  -2  -2    8  11   3   8   0   5  26   4   3   0   8   5   0   2   1   3   8   0   1   3  0.21 0.18
  258 E     1   0  -1   2  -5   0   5  -1  -3  -5  -4  -1  -4  -5  -4   0   0  -5  -4  -4   15   5   2  10   0   2  48   4   0   0   1   2   0   0   0   6   5   0   0   0  0.76 0.44
  259 R    -2   2   0  -1  -5   4   4   1   2  -5  -2   1  -3  -3  -3  -2  -3  -4  -3  -4    3  10   4   2   0  23  27  13   4   0   4   7   0   1   0   1   0   0   0   0  0.56 0.36
  260 I     3  -4  -2  -4  -3  -2  -1  -3  -4   3  -1  -3   1  -3  -4  -1   1   0  -3   3   25   0   2   0   0   1   4   0   0  24   4   0   4   0   0   4  10   1   0  20  0.42 0.31
  261 L    -4  -5  -6  -6  -4  -5  -6  -6  -6   2   5  -5   2  -3  -6  -5  -4  -5  -4   3    0   0   0   0   0   0   0   0   0  12  67   0   3   0   0   0   0   0   0  18  1.25 0.55
  262 R    -2   7  -2  -1  -6   1  -1  -2   0  -3  -4  -1  -4  -6  -5  -1  -2  -6  -3  -5    2  69   2   3   0   5   3   3   2   1   2   1   0   0   0   4   3   0   1   0  1.36 0.62
  263 Y    -5  -3  -6  -6  -3  -5  -6  -6  -3  -1  -2  -6   0   7  -6  -4  -2  -2   6  -3    0   1   0   0   0   0   0   0   0   2   3   0   2  55   0   1   3   0  31   1  1.84 0.71
  264 A     4  -1  -3  -2  -4   4  -2   1   1  -3  -4   1  -3  -5  -3   1   0  -5  -4  -3   40   2   0   2   0  20   1   9   3   1   0   7   0   0   0  10   6   0   0   0  0.59 0.40
  265 L     0  -4  -4  -5  -3  -1  -4  -4  -4   3   3  -4   5  -1  -4  -2  -2  -4  -3   2    9   0   0   0   0   3   0   1   0  19  33   0  16   1   0   3   1   0   0  13  0.61 0.35
  266 S     0  -1   2  -1  -3  -1  -2  -2   3  -2  -1  -2  -1  -2  -3   2   4  -5  -3  -2    5   3   9   2   0   2   1   1   8   2   7   1   1   1   0  16  37   0   0   2  0.49 0.35
  267 N     2  -4   5  -3  -4  -3  -3  -3  -3  -4  -5  -3  -4  -5  -4   2   4  -6  -5  -3   20   0  35   0   0   0   0   1   0   0   0   0   0   0   0  17  26   0   0   1  0.99 0.53
  268 S     2   1  -1  -2  -4   2  -2  -3   0  -4  -4   4  -3  -4  -3   3   0  -4  -1  -3   18   5   1   1   0  11   0   0   2   0   1  26   0   0   0  26   5   0   2   1  0.54 0.37
  269 I    -2  -5  -5  -6  -4  -5  -5  -6  -6   6   3  -5   0  -3  -5  -2  -2  -5  -4   3    2   0   0   0   0   0   0   0   0  54  23   0   1   0   0   3   1   0   0  18  1.13 0.48
  270 G     1  -4  -2  -3  -4  -3  -2   5  -4  -5  -5  -2  -1  -5  -4   3   0  -5  -5  -3   13   0   0   0   0   0   2  54   0   0   0   2   1   0   0  22   5   0   0   1  0.99 0.41
  271 P    -3  -4  -3   2  -5  -3  -3  -4  -3  -5  -4   0  -5  -6   8   0  -3  -6  -5  -5    0   0   0  14   0   0   0   0   1   0   1   6   0   0  72   6   0   0   0   0  1.90 0.50
  272 V     0  -4  -4  -4  -2  -3  -4  -4  -4   2   2  -3   1  -2  -4  -2  -2  -4  -3   5    9   0   0   0   0   0   0   0   0  11  19   1   2   0   0   2   0   0   0  57  0.68 0.26
  273 R    -2   4  -1  -1  -5   3   5  -3  -1  -4  -4   1  -3  -4  -3  -1  -2  -4  -3  -4    0  32   0   0   0  13  52   0   0   0   0   3   0   0   0   0   0   0   0   0  0.90 0.22

                      K         Lambda
Standard Ungapped    0.1344     0.3189
Standard Gapped      0.0445     0.2670
PSI Ungapped         0.1442     0.3088
PSI Gapped           0.0445     0.2670
