
Last position-specific scoring matrix computed, weighted observed percentages rounded down, information per position, and relative weight of gapless real matches to pseudocounts
            A   R   N   D   C   Q   E   G   H   I   L   K   M   F   P   S   T   W   Y   V   A   R   N   D   C   Q   E   G   H   I   L   K   M   F   P   S   T   W   Y   V
    1 P    -5  -6  -6  -5  -7  -5  -5  -6  -6  -7  -7  -5  -7  -8   9  -5  -5  -8  -7  -6    0   0   0   0   0   0   0   0   0   0   0   0   0   0 100   0   0   0   0   0  3.35 0.88
    2 I    -1  -2  -5  -5  -5   0  -4  -5  -4   3  -4  -2  -2  -5   7  -4  -4  -6  -5   0    6   2   0   0   0   5   0   0   0  20   0   2   1   0  58   0   0   0   0   5  1.54 0.54
    3 M    -1   3  -1  -2  -4   1  -1  -4   0   2  -2   2   1  -1  -3   0   0  -4  -2   1    4  20   2   1   0   7   3   0   2  17   1  17   3   2   0   5   5   0   1  10  0.26 0.19
    4 V    -2  -5  -5  -6  -4  -5  -5  -6  -6   5   2  -5  -1  -3  -5  -4   0  -5  -4   5    2   0   0   0   0   0   0   0   0  31  16   0   1   0   0   1   6   0   0  44  1.04 0.41
    5 T    -2   1  -2  -3  -3   3   0  -4   1   1  -1   1   2   0  -3   1   3  -4  -1  -1    1   7   0   0   0  14   4   0   4   7   5   7   6   5   0   8  26   0   1   4  0.29 0.23
    6 V    -3  -4  -3  -3  -3   1  -4  -5  -3   4   1  -1  -1  -3   1  -3  -2  -5  -3   4    1   0   1   1   0   8   0   0   1  30  12   4   0   0   7   0   2   0   0  32  0.63 0.31
    7 E    -2   2   0   2  -4   2   2  -3   1  -2  -2  -1   0  -2  -1   2   0  -4   1  -1    0  13   3  13   0   9  16   0   3   1   3   1   2   1   2  19   4   0   5   4  0.28 0.20
    8 E    -1   0  -1   1  -4   0   3  -2  -2  -2  -2   1  -2  -4   4   0  -1  -4  -3   1    4   3   2   7   0   3  24   2   0   1   2  11   1   0  20   5   2   0   0  11  0.41 0.21
    9 Q    -2   1   0   0  -5   2  -1  -4  -2  -5  -2  -1  -2  -5   6   1   0  -6  -5  -3    1   9   5   4   0  10   3   0   0   0   4   3   1   0  41  10   6   0   0   1  0.88 0.37
   10 R    -1   3  -2   0  -4   2   3  -3   0  -3  -3   2  -3  -1   1  -1   1  -4  -3  -3    5  19   0   5   0   8  18   1   2   0   1  16   0   4   8   3   8   0   0   1  0.39 0.21
   11 S    -1  -2   3   0  -3  -1   0  -3  -1  -2   0  -2  -1  -3   0   2   2  -4  -1   0    4   1  20   5   0   2   6   0   1   1  10   0   1   0   5  20  13   0   2   7  0.28 0.21
   12 Q    -1  -3  -1  -4  -4   6  -2  -5  -3   2   0  -2  -1  -3  -4  -3   0  -5  -3   3    5   0   2   0   0  40   1   0   0  13  10   1   1   1   0   0   5   0   0  19  0.74 0.39
   13 S    -2   2  -2  -2  -1   0  -1  -3   3  -2  -2  -1  -2  -3  -3   3   3  -4  -3   1    0  11   0   1   1   4   4   0   9   0   3   1   0   1   0  26  22   0   0  13  0.45 0.30
   14 V     0  -5  -5  -6  -4  -5  -4  -5  -5   1   1  -3   0   3  -5  -4  -2  -4  -2   6    8   0   0   0   0   0   1   0   0   6   9   1   2  13   0   0   1   0   0  58  0.98 0.42
   15 R    -2   2   2   0  -4   1   2  -3  -2  -3  -2   0  -1  -4   2   1   2  -5  -4  -2    1  12  13   5   0   6  12   0   0   1   4   5   2   0  10  12  15   0   0   2  0.33 0.21
   16 P     2   0  -3  -3  -4   2   3  -2  -3   0  -2  -2  -3  -3   4  -2  -2  -5  -4   1   16   5   0   0   0  11  22   3   0   7   4   0   0   1  19   0   1   0   0  11  0.46 0.28
   17 G    -3  -5  -2  -2  -6  -5   0   7  -5  -7  -7  -5  -6  -7  -5  -3  -5  -6  -6  -6    1   0   1   2   0   0   6  88   0   0   0   0   0   0   0   1   0   0   0   0  2.10 0.64
   18 A    -1  -1   0   1  -4   4   3  -1   0  -3  -3  -1   0  -5  -3   2   1  -5  -4  -1    3   3   3   6   0  18  23   5   2   0   2   1   2   0   0  19   7   0   0   5  0.42 0.27
   19 D     0  -1   2   3  -4  -1   3  -2  -3  -4  -5   0  -4  -5   0   2   2  -5  -4  -4    7   2   8  18   0   2  21   1   0   0   0   3   0   0   5  18  14   0   0   0  0.51 0.28
   20 V     2  -6  -6  -6  -4  -5  -5  -6  -6   3  -2  -5   1  -4  -5  -4  -2  -6  -4   6   14   0   0   0   0   0   0   0   0  12   0   0   3   0   0   0   2   0   0  69  1.39 0.53
   21 T    -2   3   0  -1  -4   0   1  -4   0  -1  -2   0  -2  -3  -3   2   4  -2  -3   0    1  16   3   3   0   4   7   0   3   3   3   3   1   0   0  15  29   0   0   9  0.38 0.26
   22 F    -4  -5  -6  -6  -4  -5  -6  -6  -5   3   3  -6   2   6  -6  -5  -4   1  -1   1    0   0   0   0   0   0   0   0   0  19  27   0   5  40   0   0   0   2   0   7  1.17 0.43
   23 I    -1   2  -1  -1  -3   1   0  -3   2   0  -1  -1   1  -1   3   1   0  -4  -2   1    2  12   2   2   0   6   5   0   7   4   5   1   4   3  13  13   5   0   1  14  0.19 0.16
   24 C    -5  -8  -7  -8  12  -8  -8  -7  -8  -6  -6  -8  -6  -7  -8  -6  -6  -7  -7  -5    0   0   0   0 100   0   0   0   0   0   0   0   0   0   0   0   0   0   0   0  4.35 1.06
   25 T    -2   4   0  -2  -4   1   1  -3  -1  -2  -3   0  -1  -3  -3   3   2  -4   0  -1    0  25   4   1   0   6  10   1   1   2   1   2   1   0   0  24  12   0   3   5  0.43 0.27
   26 A     6  -4  -4  -5  -3  -4  -4  -3  -5  -2  -2  -4  -3  -5  -3  -1   0  -5  -5   2   71   0   0   0   0   0   0   1   0   2   3   0   0   0   0   4   5   0   0  13  1.18 0.50
   27 K    -1   1  -1   0  -3   1   1  -2  -1   0  -2   2  -1  -2  -2   0   3  -3  -2  -1    2   6   2   6   0   6   9   3   1   5   2  14   1   2   1   6  28   0   1   4  0.25 0.16
   28 S     1  -5  -3  -4  -5  -4  -3   6  -5  -6  -6  -4  -5  -6  -5   4  -1  -6  -6  -5   11   0   0   0   0   0   1  57   0   0   0   0   0   0   0  29   3   0   0   0  1.34 0.51
   29 K     0  -1  -1  -1  -3   1   1   4  -2  -3  -3   2  -2  -3  -2  -1  -2  -2  -1  -2    6   3   1   2   1   5  12  38   1   2   3  15   1   1   2   3   2   0   2   2  0.45 0.17
   30 S     0  -1   2   2  -3  -1   0  -2   1  -1  -1  -2  -1   0  -2   1   0  -2   4  -1    6   3  11  11   0   2   7   1   3   3   4   1   1   3   1  13   4   0  20   4  0.24 0.15
   31 P    -4  -6  -2  -5  -7  -5  -5  -6  -6  -7  -7  -5  -6  -7   9  -3  -3  -7  -2  -6    1   0   2   0   0   0   0   0   0   0   0   0   0   0  92   2   1   0   1   0  2.94 0.83
   32 A     3  -1  -2  -2  -3   0   1  -3  -2  -3  -2   1  -2  -2   2   1   2  -4  -1  -1   26   2   0   1   0   4   9   0   0   0   4  10   1   1  10   9  18   0   2   4  0.32 0.22
   33 Y    -5  -6  -6  -5  -6  -5  -5  -6  -5  -3  -6  -5  -6  -6   8  -5  -5  -6   3  -6    0   0   0   0   0   0   0   0   0   2   0   0   0   0  87   0   0   0   9   0  2.78 0.79
   34 T    -1   1  -1  -2  -3   1  -1  -2   3  -1  -2   1  -1   0  -1   1   4  -4  -2  -1    4   7   2   1   0   6   3   1   8   3   2   7   2   5   2   9  32   0   0   3  0.32 0.23
   35 L    -2  -5  -6  -6  -4  -5  -6  -6  -6   6   3  -5  -1  -3  -5  -5  -2  -5  -4   4    2   0   0   0   0   0   0   0   0  46  25   0   0   0   0   0   2   0   0  25  1.18 0.43
   36 V     1   2  -2  -2  -3  -1  -1  -3   0  -2  -2   0  -2  -2  -3   2   3  -4  -1   1    9  12   0   2   0   2   3   0   2   1   2   7   1   1   0  20  23   0   2  13  0.33 0.24
   37 W    -8  -8  -9  -9  -7  -7  -8  -8  -7  -8  -7  -8  -6  -4  -9  -8  -8  13  -3  -8    0   0   0   0   0   0   0   0   0   0   0   0   0   0   0   0   0 100   0   0  5.16 1.22
   38 T    -2   1  -1  -4  -3  -3  -3  -4  -4   1  -2  -3   0  -3  -4   3   4  -5  -1   2    2   7   2   0   0   0   1   0   0   7   2   0   2   1   0  28  30   0   3  17  0.57 0.34
   39 R    -4   6  -3  -4  -5  -1  -3  -3   1  -3  -1   4  -1  -4  -4  -1  -2  -5  -4  -2    0  49   0   0   0   1   0   1   3   1   6  27   2   1   0   4   1   0   0   2  1.08 0.43
   40 L     0  -1   1  -2  -2   1   0   0   0   0   1  -1   0   0   1   0  -1  -1  -1   1    6   2   8   1   0   6   7   9   3   2  15   3   1   3   6   6   3   1   1  17  0.05 0.08
   41 H    -1  -1   0   4  -4   0   0   1   3  -2  -3  -2  -3  -3  -2   2  -1  -4   0  -2    2   3   4  30   0   5   4  12   8   2   2   0   0   1   2  15   3   0   3   3  0.39 0.21
   42 N    -1   0   3  -1  -3  -1  -2   3   1  -2  -3  -1   1  -3   0   1   2  -4  -3  -2    4   6  17   2   0   2   1  21   3   1   1   3   6   1   5   8  18   0   0   1  0.34 0.20
   43 G     0   0  -1  -2  -4  -1  -1   5  -3  -2  -1  -2   0   1  -4  -1   1  -4  -3  -3    9   6   2   2   0   3   3  44   0   2   8   1   3   6   0   2   8   0   1   1  0.49 0.25
   44 K     1  -1   0  -1  -3   2   0  -2  -2   0  -2   1   0  -4   3   0   1  -4  -2  -1   13   2   3   3   0  13   5   2   0   6   2  12   3   0  17   7   7   0   1   5  0.27 0.17
   45 L    -3  -4  -5  -4  -4  -3  -1  -4  -5   2   5  -2   4  -2  -3  -1  -2  -4  -4   1    1   0   0   0   0   0   6   1   0  11  55   2  10   1   1   5   1   0   0   6  0.73 0.34
   46 P    -2  -3  -1   1  -5  -3  -3   0   0  -1  -5  -3  -3   0   7   0  -1  -5  -4  -3    3   1   3   7   0   1   1   7   2   4   0   0   1   4  53   8   4   0   0   1  1.17 0.42
   47 S     0  -1   0   0  -4  -1   1   0  -3  -4  -2  -2  -3  -4   3   4   0   0  -4  -2    4   3   5   5   0   2   8   7   0   0   4   1   0   0  13  37   5   2   0   2  0.43 0.27
   48 R    -3   5   2   0  -5   2   0  -1   4  -5  -5   2  -4  -4  -4  -1   0  -5  -3  -5    1  31  11   4   0   9   6   5  11   0   0  12   0   1   0   4   6   0   0   0  0.63 0.30
   49 A     3   1   0  -3  -3  -2  -2  -1  -1   1  -2  -2  -2   1  -1   2   0  -4  -1   1   26  11   4   0   0   0   1   3   1   8   1   0   0   8   3  19   4   0   2  10  0.25 0.21
   50 M    -2   1  -3  -2  -3   2  -1  -4  -2   1   0  -1   4  -3  -3  -2   1  -4  -2   4    1   9   1   1   0  11   4   0   1   5   7   3  11   0   1   2  10   0   1  32  0.36 0.25
   51 D    -2   0  -1   3  -3   1   0  -3  -1   1   1   0  -1   0  -3   0   0  -4  -2   1    1   5   3  20   0   7   3   0   1   6  18   4   0   5   0   7   8   0   0  12  0.18 0.16
   52 F     0   2   0  -1  -4   0   0  -1   0  -3  -2   1  -2   2   2   0  -1  -2   2  -2    7  14   5   2   0   4   6   4   2   0   2   9   1  11  11   7   1   0  10   3  0.20 0.15
   53 N    -3  -3   6   2  -5   2   0   3  -2  -6  -6  -3  -2  -6  -3   0  -1  -6  -5  -5    0   0  40  11   0   9   7  21   0   0   0   0   1   0   1   6   4   0   0   0  0.92 0.40
   54 G    -1  -6  -1  -5  -6  -4  -5   7  -5  -5  -4  -5  -6  -6  -3  -2  -1  -6  -6  -6    4   0   2   0   0   1   0  85   0   1   2   0   0   0   1   2   4   0   0   0  1.89 0.60
   55 I    -1  -1  -1  -3  -4  -1   0  -3  -4   1  -2  -3   1  -4  -4  -1   6  -5  -4   1    4   3   3   1   0   2   8   2   0   8   3   0   3   0   0   1  52   0   0  10  0.74 0.39
   56 L    -5  -6  -7  -7  -5  -6  -6  -7  -6  -1   6  -6  -1   1  -6  -6  -5   2  -4  -2    0   0   0   0   0   0   0   0   0   2  91   0   0   4   0   0   0   2   0   1  1.81 0.61
   57 T    -2   0  -2  -3  -4  -1   1  -4  -2   2  -2  -2  -1   1  -4   0   4  -4   2   1    0   7   1   0   0   2   9   0   1  15   2   1   1   5   0   5  33   0   8  12  0.43 0.28
   58 I    -5  -6  -7  -7  -5  -6  -7  -7  -7   7   2  -6  -2  -1  -6  -6  -4  -6  -4   1    0   0   0   0   0   0   0   0   0  76  17   0   0   2   0   0   0   0   0   5  1.79 0.58
   59 R    -3   5   1  -2  -5   2  -1  -4  -1  -2  -3   1  -3  -4   3   0  -1   1  -4  -3    1  34   6   2   0  10   2   0   1   3   2   8   0   0  17   6   4   2   0   2  0.64 0.32
   60 N     1   0   5   1  -4   0  -1   1   0  -5  -5   0  -4  -1  -2   0  -2  -5   0  -4   14   4  37   5   0   4   4  11   2   0   0   4   0   3   2   5   1   0   4   1  0.55 0.29
   61 V     3  -5  -5  -6  -3  -4  -5  -5  -5   3   1  -5   1  -3  -5  -3  -2  -5  -4   5   23   0   0   0   0   0   0   0   0  16   9   0   2   0   0   0   2   0   0  47  0.93 0.40
   62 Q     1   3  -2  -3  -4   4  -1  -2  -2  -1  -3  -1  -2  -2  -4   1   2   3  -3  -1   12  15   0   0   0  25   1   2   0   4   1   2   1   2   0   9  17   4   0   5  0.44 0.29
   63 P     0   0  -1  -2  -4  -1  -1  -4  -4  -2   0  -1   0  -4   6  -1  -2  -5  -4   1    8   6   3   2   0   2   4   0   0   0  11   3   2   0  41   4   1   0   0  12  0.78 0.33
   64 S    -1  -1   1   1  -5   4   4  -3  -1  -3  -5   2  -4  -5  -3   2  -2  -5  -3  -4    4   1   5   5   0  22  28   0   1   1   0  10   0   0   0  19   1   0   0   0  0.70 0.35
   65 D    -6  -5   0   8  -7  -4  -1  -5  -1  -7  -5  -5  -7  -7  -5  -4  -5  -8  -7  -7    0   0   3  92   0   0   3   0   2   0   1   0   0   0   0   0   0   0   0   0  2.54 0.77
   66 A     4   1  -3  -3  -4  -1   0   0  -2  -4  -4  -1  -4  -5  -4   3  -1  -2  -4  -4   44   9   0   0   0   3   5   6   0   0   1   3   0   0   0  25   3   1   0   0  0.69 0.37
   67 G    -1  -6  -4  -5  -6  -6  -6   7  -6  -8  -8  -5  -7  -7  -6  -4  -5  -6  -7  -7    3   0   0   0   0   0   0  97   0   0   0   0   0   0   0   0   0   0   0   0  2.51 0.73
   68 T    -2  -1   2  -2  -4   3   0  -4   0   1  -2  -1  -2  -2  -1  -1   4  -4   0   0    2   2  10   1   0  18   7   0   2  11   2   1   0   2   2   3  29   0   3   5  0.38 0.27
   69 Y    -6  -6  -7  -8  -7  -6  -7  -8  -3  -6  -6  -6  -5  -1  -8  -6  -6  -2  10  -6    0   0   0   0   0   0   0   0   0   0   0   0   0   0   0   0   0   0 100   0  3.56 0.99
   70 V    -2   0   0  -2  -3  -1   1  -1  -3   2  -1   0   1  -2  -3   1   2  -4  -3   2    0   5   5   0   0   1   9   5   0  13   4   5   3   1   0  14  14   0   0  20  0.19 0.18
   71 C    -5  -8  -7  -8  12  -8  -8  -7  -8  -6  -6  -8  -6  -7  -8  -6  -6  -7  -7  -5    0   0   0   0 100   0   0   0   0   0   0   0   0   0   0   0   0   0   0   0  4.35 1.06
   72 T    -2   1  -2  -3  -3   1   0  -4  -4   2   0  -2  -1  -4  -4  -1   4  -3  -4   3    1   7   2   0   0   6   7   0   0  12   8   1   1   0   0   2  32   0   0  20  0.46 0.29
   73 G     7  -5  -5  -5  -4  -4  -5   2  -5  -5  -5  -4  -5  -6  -5  -2  -4  -6  -6  -3   82   0   0   0   0   0   0  16   0   0   0   0   0   0   0   1   0   0   0   1  1.70 0.63
   74 S     1  -1   0  -2  -4  -1   1  -3  -2  -2  -3  -1  -3  -4  -3   4   3  -5  -4   0   10   3   4   1   0   2  10   0   1   1   1   3   0   0   0  42  16   0   0   7  0.56 0.33
   75 N    -5  -4   9  -1  -7  -4  -4  -4   2  -7  -7  -4  -6  -7  -6  -2  -4  -8  -6  -4    0   0  91   2   0   0   0   0   4   0   0   0   0   0   0   2   0   0   0   2  2.59 0.80
   76 M     1  -1   3  -1  -3   2   1  -2  -1  -2   0   0   2  -3   0   1  -1  -4  -3  -1   12   3  17   2   0  12   9   1   1   2   8   7   8   0   4   9   1   0   0   4  0.20 0.17
   77 F     2  -2  -4  -4  -3  -2  -3   1   2   0   0  -3  -1   2  -4  -3  -2  -4   1   4   20   2   0   0   0   2   1  10   6   3   7   0   1  11   0   0   1   0   4  32  0.39 0.26
   78 A    -1  -3  -4  -1  -6  -5  -5   7  -6  -7  -7  -5  -6  -7  -6  -2  -4  -6  -7  -6    5   2   0   3   0   0   0  87   0   0   0   0   0   0   0   2   1   0   0   0  2.06 0.64
   79 M     0   0   4  -2  -3  -1   0  -3  -1  -1  -2   0   1  -4  -3   1   3  -4  -1   0    6   5  21   0   0   2   6   0   1   3   2   6   5   0   0  12  22   0   3   6  0.33 0.23
   80 D     2  -3  -2   6  -5  -3   0  -4  -2   1  -4  -4  -4  -5  -3  -1  -1  -6  -5   0   20   1   0  52   0   0   3   0   1   9   0   0   0   0   1   3   3   0   0   9  0.99 0.43
   81 Q    -2   3  -2  -1  -5   3   3  -4  -1  -4  -4   3  -3  -5  -4   0   2  -5  -2  -3    1  19   1   2   0  11  21   0   1   1   1  19   0   0   0   6  14   0   2   2  0.59 0.31
   82 G     1   1  -1  -1  -4   1   1   0  -1  -3  -2   3   2  -3  -3   0  -1  -3   2  -3   16   8   1   2   0   7   9   7   1   0   3  22   6   0   0   7   3   0   8   1  0.27 0.20
   83 T    -2   0  -1  -3  -4   2   0  -3  -1  -2  -3  -2  -1   2  -4   2   5  -4  -1   0    1   4   3   0   0   9   7   1   1   2   1   1   1  11   0  14  37   0   2   7  0.48 0.30
   84 A     4  -4  -3  -5  -3  -4  -4  -4  -5   1  -3  -4  -3  -4  -4   0   2  -5  -4   4   40   0   1   0   0   0   0   0   0   5   0   0   0   0   0   7  11   0   0  35  0.84 0.40
   85 T    -3  -2   1  -2  -4   2  -1  -4  -1   0  -1  -2   1   0  -4   0   5  -2  -3   0    0   1   8   1   0   9   4   0   2   6   5   1   3   5   0   4  44   0   0   6  0.55 0.33
   86 L    -4  -5  -7  -7  -4  -5  -6  -7  -6   3   6  -6   0  -2  -6  -6  -4  -5  -4   1    0   0   0   0   0   0   0   0   0  14  77   0   1   1   0   0   0   0   0   7  1.48 0.52
   87 H    -1   0   0  -2  -3   1   0  -3   2   1   0  -1  -1  -2  -3   0   2  -2   4   0    3   6   5   2   0   8   6   1   5  10   7   3   1   0   0   5  19   0  16   4  0.22 0.19
   88 V    -4  -6  -7  -7  -5  -6  -6  -7  -7   0  -2  -6  -3  -5  -6  -6  -4  -7  -5   8    0   0   0   0   0   0   0   0   0   3   1   0   0   0   0   0   0   0   0  97  2.28 0.73
   89 Q    -4   4  -3  -3  -6   6   2  -5   3  -6  -5   2  -4  -6  -5  -3  -4  -6  -4  -6    0  26   0   0   0  41  13   0   7   0   0  12   0   0   0   0   0   0   0   0  1.32 0.51

                      K         Lambda
Standard Ungapped    0.1297     0.3187
Standard Gapped      0.0505     0.2670
PSI Ungapped         0.1652     0.3137
PSI Gapped           0.0505     0.2670
