
Last position-specific scoring matrix computed, weighted observed percentages rounded down, information per position, and relative weight of gapless real matches to pseudocounts
            A   R   N   D   C   Q   E   G   H   I   L   K   M   F   P   S   T   W   Y   V   A   R   N   D   C   Q   E   G   H   I   L   K   M   F   P   S   T   W   Y   V
    1 A     5  -2  -2  -3  -1  -2  -2  -1  -3  -2  -2  -2  -2  -3  -2   1  -1  -4  -3  -1   93   0   0   0   0   0   0   0   0   0   0   0   0   0   0   7   0   0   0   0  0.78 0.18
    2 E    -2  -1  -1   3  -5   1   6  -3  -1  -4  -4   1  -3  -5  -2   0  -2  -4  -3  -4    0   0   0  19   0   3  66   0   0   0   0   6   0   0   0   6   0   0   0   0  0.94 0.22
    3 V    -2  -1  -4  -4  -2  -3  -4  -4  -4   3   3  -3   0  -1  -4  -3   0  -3  -2   3    0   3   0   0   0   0   0   0   0  20  36   0   0   0   0   0   7   0   0  34  0.52 0.18
    4 A     3   0  -2  -2  -2  -1   0  -2  -3  -1   0   0  -1  -3  -2   1   1  -4  -3   2   42   4   0   1   0   0   6   0   0   0   9   5   1   0   0   6   9   0   0  18  0.25 0.14
    5 P    -1  -4  -2  -4  -5  -3  -3  -4  -4  -5  -5  -3  -2  -6   8  -2  -2  -6  -5  -4    3   0   1   0   0   0   0   0   0   0   0   0   1   0  91   2   2   0   0   0  2.48 0.49
    6 G     0  -2   0   3  -3  -1   0   1  -1  -1  -2   0   0  -1  -2   0   1  -2   2  -2    6   0   3  21   0   2   4  13   1   3   1   8   4   3   1   7  14   0  10   0  0.18 0.11
    7 D     1  -1   2   3  -3   0   1  -1  -2  -2  -3   0  -1   0  -2   0   1  -3  -2  -1   16   3  10  23   0   1  11   2   0   0   1   6   2   5   0   6  10   0   0   4  0.23 0.12
    8 V    -1  -3  -4  -4  -2  -3  -3  -4  -4   3   2  -3   0  -1  -3  -3  -1  -3  -1   5    3   0   0   0   0   0   0   1   0  16  19   0   0   1   0   1   3   0   2  52  0.61 0.23
    9 A     3   0  -1  -1  -2   2   1  -2  -2  -1  -1   1  -1  -2  -1   1   0  -3  -2   1   30   3   3   1   0   9  11   1   0   1   4   7   1   1   2  11   5   0   0  11  0.19 0.14
   10 I    -1  -3  -3  -4   0  -3  -3   1   0   1   1  -3   1   5  -3  -2  -2  -1   4   0    5   0   0   0   2   0   0  11   3  10  12   0   3  29   0   0   2   0  16   5  0.40 0.18
   11 D     0  -2   0   5  -3  -1   2   0  -2  -2  -3  -1   1  -3  -2   0   0  -4  -1   0    7   0   2  38   0   0  14   6   0   1   1   3   4   0   0   5   7   0   2   8  0.43 0.20
   12 G     0  -2  -1   1  -3   1   3   3  -2  -2  -2   0  -1  -2  -2  -1  -2  -3  -1  -2    9   1   0   9   0   5  30  26   0   3   3   4   2   2   1   1   1   0   3   1  0.37 0.18
   13 Q     0   0   0   2  -1   1   0  -2  -1  -2  -1   0   1  -1   2  -1   0   3   2  -1    6   4   4  18   2   6   5   2   0   1   8   4   4   1  11   2   4   6   8   3  0.17 0.10
   14 G     2  -1  -1   1  -2  -1  -1   3   0  -2  -2  -1  -2  -1  -1   0  -1  -1  -1  -1   18   4   1  12   1   1   2  29   3   1   2   2   0   4   3   6   3   1   2   7  0.24 0.13
   15 H     3  -1  -2   0  -2   0   1   0  -1  -2  -2   0  -2  -3  -1   1   1  -3  -3  -1   39   3   1   6   0   2   9   7   1   1   3   6   0   0   2   8   7   0   0   3  0.26 0.16
   16 V    -1  -1  -3  -3  -3  -1  -3  -3  -3   4   1  -2   1  -1  -2  -3  -1  -3   0   4    3   3   0   1   0   4   0   2   0  31  10   1   3   1   2   0   3   0   3  32  0.45 0.23
   17 A     2  -1  -1  -1  -3   0   1  -1  -2  -2  -2   1   0  -3   4   0   0  -4  -3  -1   23   3   2   2   0   5  10   3   0   1   3   8   3   0  20   6   7   0   0   4  0.32 0.17
   18 R     2  -1   0   0  -3   2   2  -1  -2  -2  -2   1   1  -2  -1   0   0  -3  -1  -1   24   2   3   6   0  14  14   3   0   0   3   7   5   2   2   6   4   0   2   3  0.20 0.15
   19 P    -1  -3  -3  -2  -4  -3  -2  -4  -4  -3  -5  -3  -4  -5   6   4   0  -6  -4  -4    3   0   0   2   0   0   1   0   0   2   0   0   0   0  47  39   5   0   1   0  1.38 0.51
   20 L    -1  -3  -4  -3  -2   0  -2  -4  -4   0   4  -3   2  -1   0  -2  -1  -4  -3   0    5   0   0   1   1   5   2   1   0   4  58   1   4   1   6   2   3   0   0   6  0.55 0.29
   21 T     3  -3   0  -2  -1  -2  -3  -1  -3  -2  -2  -2  -3  -2  -2   1   5   0  -1  -2   25   1   3   1   1   1   0   4   0   1   4   1   0   1   2   8  41   2   2   1  0.53 0.31
   22 D     2  -2  -1   1  -3  -1  -1   4  -1  -2  -2  -2  -2  -4  -1   0  -1   1  -3  -1   16   1   1  10   0   2   3  41   2   3   3   1   1   0   2   4   3   2   0   4  0.46 0.22
   23 A     2  -1  -1  -2  -2   1  -1  -1  -2  -1   1   2  -1  -2  -2   0   2  -3  -2   1   22   2   1   1   0   7   3   2   0   2  14  14   1   1   0   5  13   0   0  11  0.15 0.15
   24 P     2  -2   1  -1  -4   2  -1  -1  -3  -4  -4  -1  -1  -4   6  -1  -1  -4  -4  -2   18   1   7   3   0  10   3   3   0   0   0   3   2   0  37   3   4   0   0   3  0.71 0.30
   25 G     1  -4  -3  -3  -5  -2  -3   6  -4  -5  -5  -4  -5  -5  -3   0  -2  -4   1  -5   10   0   0   1   0   2   1  71   0   0   0   0   0   0   1   7   1   0   5   0  1.37 0.48
   26 D    -2  -2   2   7  -6  -2   0  -3  -4  -5  -6  -2  -5  -6  -4  -1  -4  -7  -6  -6    4   1  10  73   0   1   4   1   0   1   0   2   0   0   0   3   0   0   0   0  1.62 0.56
   27 P     3  -4  -4  -4  -4  -3  -2  -2  -4   0  -2  -3  -2  -4   5  -1  -2   5  -3   1   29   0   0   0   0   1   2   2   0   5   2   0   1   0  33   3   1   9   1  10  0.87 0.38
   28 V     3   0  -2   0  -3  -1   3  -2  -3  -1  -1   1  -3  -4  -2  -1   0  -5  -4   0   30   4   0   4   0   1  24   2   0   2   5   9   0   0   1   2   6   0   0   9  0.34 0.25
   29 E     2   5   1  -1  -4   1   2  -3  -3  -4  -3   2  -2  -5  -4  -1  -2  -5  -4  -3   17  34   8   3   0   4  11   0   0   0   2  15   1   0   0   3   1   0   0   2  0.61 0.32
   30 G    -3  -6  -4  -5  -6  -6  -6   8  -6  -8  -8  -5  -7  -7  -6  -4  -5  -6  -7  -7    0   0   0   0   0   0   0 100   0   0   0   0   0   0   0   0   0   0   0   0  2.60 0.78
   31 R     0   5  -3  -2  -5   2   2  -2  -1  -5  -4   4  -1  -5  -4  -3  -3  -5  -3  -4    8  34   0   1   0   9  13   3   1   0   1  28   2   0   0   0   0   0   1   0  0.85 0.40
   32 R     2   4  -1  -1  -4   2   2  -3  -1  -3  -3   3  -2  -5  -3  -2  -1  -5  -4  -2   21  22   2   3   0   8  13   1   1   1   2  20   0   0   0   1   2   0   0   2  0.52 0.31
   33 L     2  -5  -5  -5  -3  -4  -4  -5  -5   4   3  -4   0  -1  -5  -3  -2  -2  -3   3   19   0   0   0   0   0   0   0   0  26  32   0   1   1   0   0   2   1   0  19  0.72 0.36
   34 M     2  -4  -4  -4  -4  -3   3  -4  -4  -1  -1  -3   1   5  -4  -1  -2  -3   0   1   23   0   0   0   0   0  20   0   0   2   3   0   3  29   0   3   1   0   2  12  0.61 0.37
   35 T     1  -2   1  -3  -3  -2  -2  -2  -1  -1   0  -1   1   3  -3  -1   3   0   0   1   13   1   8   1   0   1   1   3   1   1   8   2   5  15   0   2  24   1   2  10  0.24 0.22
   36 D    -1  -1   3   4  -4   0   3  -1  -2  -4  -3  -1  -3  -4  -3   0   1  -5  -2  -4    5   2  12  29   0   2  23   3   0   0   2   3   0   0   0   5  10   0   1   0  0.59 0.31
   37 R    -2   7  -1  -4  -5  -2  -3  -2   2  -5  -3   2  -2  -4   0  -2  -2  -5  -4  -3    3  61   3   0   0   0   0   3   4   0   2   9   1   1   6   2   2   0   0   2  1.12 0.48
   38 S     0   1   1  -1  -4   1   0   0  -1  -3  -3   1  -2  -2  -2   1   0  -2   5  -3    9   7   6   2   0   7   5   7   1   1   0  10   0   0   2  14   6   0  23   0  0.32 0.24
   39 V    -2   3  -2  -2  -4   1  -2   3  -1  -2   0   3  -2  -4  -3  -2   0  -1  -2  -1    2  15   0   1   0   6   1  24   1   1  10  25   1   0   0   1   5   1   1   5  0.39 0.25
   40 G     0  -4  -3  -4  -5  -3  -3   6   6  -5  -5  -4  -4  -5  -1   0  -3  -5  -2  -3    8   0   0   0   0   0   1  56  20   0   1   0   0   0   3   6   1   0   1   2  1.22 0.48
   41 N    -3  -3   6  -2  -5   0  -3  -1   0  -4  -2  -3  -4  -1  -2  -1  -1  -3   5  -4    2   1  48   1   0   4   0   3   2   0   5   0   0   2   2   4   4   0  22   0  1.06 0.49
   42 C    -4  -7  -4  -7  11  -6  -7  -5  -7  -6  -6  -6  -6  -7  -6   3  -3  -7  -7  -5    0   0   1   0  77   0   0   1   0   0   0   0   0   0   0  21   1   0   0   0  3.10 0.93
   43 I    -2  -3  -5  -5  -3  -4  -4  -3  -4   3   3  -4   0   1  -5  -2  -1  -3   2   3    1   1   0   0   0   0   0   2   0  16  36   0   1   5   0   2   4   0   8  24  0.61 0.32
   44 A     6  -1  -4  -5  -4  -4  -4  -2  -5  -3   0  -4  -2  -5  -4   2   0  -5  -5  -2   63   4   0   0   0   0   0   2   0   0  10   0   1   0   0  12   6   0   0   1  0.98 0.51
   45 C    -3  -7  -4  -7  11  -5  -5   2  -7  -6  -6  -7  -6  -7  -7  -3  -4  -7  -7  -4    2   0   1   0  79   0   1  14   0   0   0   0   0   0   0   2   0   0   0   1  3.06 0.92
   46 H    -6  -4  -4  -5  -8  -3   3  -6  10  -8  -7  -5  -6  -6  -6  -5  -6  -7  -3  -7    0   0   0   0   0   0  21   0  79   0   0   0   0   0   0   0   0   0   0   0  3.07 0.98
   47 E     2  -2  -3  -3   0   2  -1  -2  -2  -1  -1  -2   3   0  -3   3  -1   0  -1   0   22   1   0   1   2  10   3   1   1   3   3   1  11   5   0  24   1   1   2   8  0.30 0.28
   48 V    -1  -4  -2  -5  -4  -4  -5  -1  -5   3   1  -4   4   2  -5  -4  -2  -4  -1   4    4   0   2   0   0   0   0   7   0  21   9   1  10   8   0   0   2   0   2  36  0.64 0.35
   49 T     0  -2  -1   1  -4  -1   0  -1  -2  -4  -4   0  -4  -2   5   0  -2   4   3  -4    8   1   3   8   0   3   7   4   1   1   1   5   0   1  30   8   2   6  12   1  0.61 0.33
   50 E    -2  -4   0   5  -6  -3   3   4  -4  -6  -6  -2  -5  -6   0  -2  -3  -6  -5  -5    3   0   3  34   0   0  18  32   0   0   0   1   0   0   5   2   1   0   0   0  1.00 0.47
   51 M     2   0  -2  -2  -3   0   0   3   5  -1  -2  -1  -1  -3  -2  -1   0  -4  -2   1   17   5   1   1   0   3   7  21  15   3   3   2   1   0   1   1   5   0   1  12  0.28 0.23
   52 Q    -1   1   1   1  -4   0   2  -1   1  -3  -4   0  -4  -5   5   0   0  -5  -4  -2    4   8   8   6   0   4  14   4   4   1   0   5   0   0  28   7   6   0   0   3  0.52 0.28
   53 F     0  -3  -3  -3  -4   0  -3  -1  -4  -2   1  -3   3   6  -3   0  -2   2  -1  -2    7   1   1   1   0   5   2   5   0   1  14   1   7  41   1   8   1   3   0   1  0.65 0.37
   54 P     0  -2  -3  -3  -3   4  -2   0   4  -5  -4  -2  -3  -5   5   1   0  -5  -1  -4    7   2   0   0   1  23   1   8   9   0   1   0   0   0  30  10   5   0   3   0  0.81 0.41
   55 G    -2  -4  -3  -4  -5  -4  -4   7  -4  -6  -6   3  -5  -6  -4  -1  -3  -5  -5  -5    2   0   0   0   0   0   0  73   0   0   0  19   0   0   0   3   1   0   0   0  1.59 0.58
   56 T    -2   3   5   2  -5  -1   1  -2  -2  -3  -3  -2  -3  -5  -3   0   2  -5  -4  -2    3  20  31   9   0   1   8   2   0   1   1   0   1   0   1   6  13   0   0   2  0.62 0.36
   57 V    -1  -3  -4  -5  -3  -2  -4  -4  -5   4   1  -3   1  -2  -4  -3   3  -5  -2   3    4   1   0   0   0   2   0   1   0  32  11   1   4   1   0   0  19   0   1  24  0.64 0.35
   58 G     1  -6  -4  -5  -6  -5  -6   7  -6  -7  -7  -5  -6  -7  -6  -4  -5  -6  -7  -6   11   0   0   0   0   0   0  89   0   0   0   0   0   0   0   0   0   0   0   0  2.21 0.76
   59 P    -5  -6  -6  -6  -7  -6  -5  -6  -6  -7  -7  -5  -7  -3   9  -5  -3  -8  -7  -7    0   0   0   0   0   0   0   0   0   0   0   0   0   2  97   0   2   0   0   0  3.22 1.02
   60 S     1  -2   2   5  -4  -2   0  -3  -3  -3  -4  -1  -1  -5   3   2  -2  -6  -4  -2   15   1   9  32   0   0   3   0   0   1   0   3   2   0  13  16   1   0   0   3  0.63 0.36
   61 L    -5  -6  -7  -7  -5  -6  -6  -7  -6  -1   7  -6   1  -1  -6  -6  -3  -5  -4  -2    0   0   0   0   0   0   0   0   0   1  94   0   2   1   0   0   1   0   0   1  1.85 0.70
   62 D     2  -1   0   2  -3  -1   0  -2  -1   1  -2  -1  -1  -3  -1   1   1  -2  -2   0   24   3   3  13   0   2   6   2   1   9   1   3   1   0   2  11  11   0   1   5  0.18 0.18
   63 G     1   3   0   0  -4   0  -2   4   0  -4  -4  -1   0  -4  -4  -2  -1  -4  -1  -2   12  20   5   5   0   3   1  37   2   0   1   1   3   0   0   1   5   0   2   2  0.55 0.31
   64 V     0  -4  -3  -5  -3  -2  -3  -5  -4   2   1  -3   4   0  -5  -2  -2  -3   3   4    6   0   1   0   0   1   1   0   0  10  12   1  15   4   0   2   1   0  12  34  0.61 0.37
   65 A     2  -3  -2  -4  -5   0  -2   5  -4  -5  -5   2  -4  -5  -2  -1  -3   1  -5  -3   20   1   1   0   0   4   2  51   0   0   0  12   0   0   2   3   1   2   0   1  0.93 0.47
   66 A     1   0   1   1  -3   0   0   3  -2  -2  -1  -1   0  -3  -3   1   0  -4  -3  -2   16   6   6   9   0   5   5  22   1   2   6   3   2   0   0  10   7   0   0   2  0.21 0.17
   67 R    -4   8  -4  -5  -6  -1  -3  -2  -4  -6  -5   2  -2  -5  -5  -3  -1   1  -1  -5    0  75   0   0   0   1   0   4   0   0   1   8   1   0   0   1   3   2   2   0  1.73 0.72
   68 Y    -2   0  -2  -4  -4   0  -4  -3   1  -2   0  -2  -1   3  -4  -1  -3   6   6  -3    3   6   1   0   0   5   0   2   2   2   9   2   1  11   0   6   1  12  35   0  0.85 0.42
   69 P    -2  -3   0   1  -4  -2  -2  -2  -3  -4  -4  -2  -4  -5   4   4   3  -5  -4  -4    1   0   4   9   0   1   2   3   0   0   0   1   0   0  21  38  18   0   0   0  0.79 0.45
   70 E    -1  -1   0   5  -5   0   3  -4  -2  -2  -4   0  -4  -4   2  -1  -2  -5  -4  -2    5   3   2  39   0   3  21   0   1   3   1   5   0   1   8   3   2   0   0   3  0.71 0.38
   71 A     3   1  -2   1  -4   0   3   0  -2  -4  -4   2  -3  -5  -1  -1  -2  -5  -4  -3   31   8   1   9   0   4  19   7   1   0   0  13   0   0   2   3   1   0   0   1  0.45 0.32
   72 M    -1  -2  -2   0  -5   4   2  -3   0  -2  -1   0  -1  -2  -3  -2  -2   8   2  -1    4   1   1   4   0  20  12   1   3   1   6   7   1   1   1   2   1  23   7   5  0.72 0.40
   73 I    -2  -4  -4  -5  -4   0  -4  -5   5   2   4  -4   0   0  -5  -4   0  -4   0  -1    3   0   0   0   0   6   0   0  17  11  46   0   1   3   0   0   7   0   3   3  0.69 0.40
   74 R     0   6  -1  -1  -5  -1  -2  -5  -1  -3  -2   1  -3  -1  -5  -3  -2  -4   3   0    9  49   2   3   0   1   1   0   1   1   3   6   0   3   0   0   2   0  11   6  0.80 0.46
   75 G     2  -1  -1   0  -3   2   1   1  -2  -1   0   0  -1  -2  -3  -1  -1  -1   0   0   24   2   2   5   0  11  11  12   0   3  10   6   1   1   0   0   2   1   4   5  0.15 0.19
   76 I    -1   3  -3  -4  -4   2  -2  -4   6   3  -2   1  -1  -1  -4  -2  -2   3  -1   0    3  16   0   0   0  12   0   0  20  19   1   9   2   3   0   2   1   4   2   5  0.54 0.36
   77 L    -4  -5  -5  -6  -4  -5  -5  -4  -5   5   4  -5   0  -1  -5  -5  -3   2  -3   2    0   0   0   0   0   0   0   1   0  32  43   0   1   2   0   0   0   3   0  16  0.98 0.45
   78 V     0   0  -1  -3  -3  -1  -2  -1   0   0  -1  -1   0   2   0  -2  -1   5   4   2   10   5   4   1   0   2   1   5   2   5   4   2   3   7   5   1   2   9  17  16  0.26 0.21
   79 N    -4  -3   6   6  -6  -3  -1  -3  -2  -6  -6  -2  -6  -6  -3  -2  -2  -7  -2  -6    1   1  36  51   0   1   3   1   1   0   0   2   0   0   1   1   2   0   1   0  1.53 0.65
   80 S     3  -4  -2  -4  -4  -1   0  -2  -4  -5  -4  -3  -1  -5   6   1  -1  -6  -5  -3   29   0   1   0   0   2   5   2   0   0   1   0   2   0  44   8   3   0   0   1  1.14 0.53
   81 K    -1   5  -1  -2  -4   1   0  -3  -1  -4  -4   2  -3  -4   0   1   1   4  -1  -4    5  32   2   2   0   5   5   0   1   0   0  12   0   0   4  10  11   7   2   0  0.56 0.34
   82 N     1   1   0   2  -3   1   1  -1   0   0  -1   1   0  -3  -2   0  -1  -1  -2   1   12   9   3  13   0   6   7   3   2   4   4  11   4   0   0   3   3   1   1  14  0.11 0.12
   83 V    -1   0  -1  -2  -3  -2  -2  -3  -1   1   1   0   1   1  -3  -1   0  -2   2   3    5   5   2   2   0   1   1   1   1   4  15   6   4   6   1   2   7   0  10  27  0.18 0.18
   84 F    -1  -3   4  -2  -3  -3  -2  -3  -1   0   1  -1  -2   3  -4  -2  -1  -1  -1   2    4   0  26   1   0   0   2   0   1   5  16   5   0  13   0   2   2   1   1  20  0.37 0.28
   85 P     0  -3  -4  -2  -5  -2   0  -2   1  -4  -5  -3  -4  -5   7  -2  -2  -6  -5   0    9   1   0   1   0   1   6   3   4   0   0   1   0   0  61   2   2   0   0   7  1.48 0.58
   86 E    -1   0   0   2   3   2   3   1   0  -2  -2   0  -2  -3  -3   0   0  -4  -1  -3    2   5   4  11   6   9  22  12   2   2   5   6   1   0   0   6   4   0   2   1  0.25 0.18
   87 T     0  -3  -1  -3  -3  -3  -2  -3  -3  -2  -4  -3  -3   1  -3   4   5   2  -3  -1    5   0   2   0   0   0   2   1   0   2   1   0   0   6   0  36  38   3   0   3  0.81 0.46
   88 V    -1  -2   2  -2  -3  -2  -1  -3   0   3   1  -1   1  -2  -2  -1  -1  -1  -2   2    5   1  14   0   0   0   5   1   2  19  13   3   5   1   2   4   3   1   0  20  0.22 0.19
   89 M    -4   0  -4  -5  -4   0  -4  -5  -4  -2  -2  -4  10  -3  -5  -4   0  -4  -4  -1    1   5   0   0   0   4   1   1   0   0   1   1  74   0   0   1   6   0   0   4  2.17 0.79
   90 P    -3  -4  -4   2  -5  -3  -3  -4  -4  -2  -5  -1  -4  -1   8  -3  -4  -5  -1  -4    1   1   0  14   0   0   1   1   0   3   1   4   0   2  67   1   1   0   3   1  1.78 0.62
   91 A     3  -1  -1   0  -3  -1  -2   0  -1  -3  -3  -1  -3  -4   5   1   0  -4  -3  -2   26   4   2   5   0   3   2   7   1   1   1   2   0   0  26  11   6   0   0   2  0.53 0.28
   92 Y    -1  -4  -1  -2  -4  -4  -4  -4  -1  -2  -2  -4  -1   7   0  -1  -3   2   5  -2    4   1   4   3   0   0   1   1   1   1   2   1   1  44   5   4   1   2  22   2  1.00 0.42
   93 Y     1  -2  -1  -3  -4  -2  -2   4   0  -3  -1   0  -3  -1   0  -1  -2  -1   4  -2   14   2   2   1   0   2   1  31   2   0   6   5   0   2   6   3   2   1  18   3  0.45 0.29
   94 R    -1   3  -2  -1  -3  -1  -1  -3   2  -1  -1   4  -2  -1  -2  -1   0   2  -2  -2    4  20   1   3   0   2   2   1   6   4   6  30   1   3   2   4   5   3   0   3  0.40 0.26
   95 V    -2  -2   1  -1  -2  -2  -2  -2   2   0   2  -2   4  -1  -2   0   1  -3  -1   2    2   1   9   3   0   1   2   2   7   2  20   2  16   2   2   7   8   0   1  14  0.24 0.19
   96 E    -1   1   0   2  -3   0   2  -1  -1  -3  -2   2  -2  -2   2   0   0   2  -2  -1    6   9   3  11   0   4  16   3   1   1   3  15   0   1   8   4   5   3   1   4  0.22 0.14
   97 G     2   0   0   1  -2  -1  -1   3  -1  -1  -1  -1  -1  -2  -1  -1   0  -2  -2   0   17   5   3   7   1   2   3  27   2   2   4   3   1   2   3   3   5   0   1   8  0.20 0.12
   98 F    -1  -1  -1  -1  -2  -1  -1   1  -2  -1   2   0   1   2  -1  -1   0  -2   0  -1    3   3   3   3   0   2   2  14   1   1  29   7   4   9   3   3   8   0   3   3  0.14 0.14
   99 N     0   2   1   1  -2   0   0   0   0   0  -1   0  -1  -1  -1   0   0  -2  -1   0    8  16   9   9   0   5   3   6   3   6   5   6   1   3   2   4   5   0   2   7  0.08 0.07
  100 R    -1   4   1   0  -3   1  -1  -2  -1  -2  -2   1   2  -2  -1  -1   1  -1  -2  -2    5  30   6   4   0   6   4   3   1   2   3  10   7   2   2   4   8   1   1   2  0.32 0.21
  101 P    -1  -2  -1  -2  -2   1  -2  -1  -1   0   1  -1  -1   1   3  -2   0  -2  -1   3    3   2   2   2   0   7   1   4   1   4  16   2   1   7  14   2   6   0   1  23  0.22 0.17
  102 G     1   0   0   0  -3  -1  -2   5  -1  -2  -2  -2  -1  -3  -3  -1  -2  -3  -3  -3   12   6   5   6   0   2   3  46   2   2   5   2   2   1   1   3   2   0   1   1  0.59 0.28
  103 I    -1  -1   0   1  -2  -1   0  -3  -1   1  -1   1  -1  -2   1  -1  -1  -3  -1   3    5   3   4   8   0   1   6   2   2   8   4   9   1   1   7   2   4   0   2  31  0.19 0.17
  104 A     1  -2  -1   0  -3  -1   0   0  -3  -2  -1   0   0  -3   5  -1  -1  -3  -3  -2   14   2   3   4   0   1   6   8   1   2   6   7   3   1  33   3   4   0   1   1  0.53 0.26
  105 F    -3  -2  -1  -3  -3  -3  -3  -3   0  -1  -2  -2  -1   4  -3  -2  -2   5   7  -1    2   2   3   1   1   1   2   2   2   3   4   2   2  15   1   2   2   7  41   5  0.97 0.38
  106 T     0   0  -1  -1  -2   1  -1  -2  -1  -1  -2  -1  -2  -3  -2   2   4  -3  -1   0    8   5   2   3   0   6   3   3   1   3   4   3   1   1   1  13  35   0   2   5  0.34 0.24
  107 S    -1  -1   0   4  -3  -1   0   4  -1  -3  -3   0   0  -3  -1  -1  -2  -3  -3  -3    3   3   3  29   0   2   5  31   1   1   2   5   3   1   2   2   2   0   1   1  0.55 0.28
  108 K     1   0  -1   1  -3   1   3  -1  -2  -2  -2   3   0  -3  -1  -1  -1  -3  -2  -2   11   4   1   7   0   4  24   5   1   3   2  23   3   1   2   2   3   0   1   3  0.33 0.21
  109 P     0  -2  -1   3  -2   2   2  -2  -2  -2  -2  -1   0  -3   3   0   1  -3  -2  -2   10   1   2  17   1  12  12   2   1   1   4   2   3   1  13   8   8   0   1   2  0.30 0.19
  110 I     0  -2  -2  -2  -2  -1  -1  -1  -1   4   0  -2   0  -1   0  -1   0  -1   0   1    8   2   2   2   1   2   3   6   1  36   6   2   1   2   5   4   6   1   3   6  0.22 0.14
  111 E     2   0   0   1  -1   0   1  -1  -1  -1  -1   0   1  -1   0   0   0  -2  -1   0   27   4   3   7   1   4   9   3   1   2   4   5   5   3   5   4   4   1   1   6  0.11 0.09
  112 G     0  -1   1   0  -2   1   0   3  -1  -2  -2   1  -1  -2   1   0   0  -2  -1  -2    9   3   7   4   1   7   6  23   1   2   4   9   1   2   7   6   4   1   2   3  0.17 0.09
  113 E     4  -1  -1  -1  -2  -1   1   0  -2  -2  -1   0  -1  -2   1   0  -1   2  -2  -1   37   4   2   3   1   2   9   5   1   2   5   5   1   2   8   4   4   3   1   3  0.26 0.15
  114 I     1   0  -1  -1  -2   0   0  -1  -1   0   0   0   2  -1   2   0   0  -2   0   0   13   4   2   2   1   5   4   4   1   5   7   8  10   2  11   5   6   0   3   7  0.09 0.07
  115 R     1   0   1   2  -2   1   1   1   2  -2  -2   1  -2  -2   0   0   0  -2  -2  -2   13   4   6  11   1   5  10   9   6   2   3  11   1   1   4   3   6   0   1   2  0.14 0.09
  116 P     2  -1  -1   1  -2   0   1   2  -1  -2  -1  -1  -1  -2   2   0  -1  -2   1  -1   18   2   1   8   1   4   9  14   1   2   5   3   2   1  11   6   3   0   5   3  0.16 0.12
  117 L    -2  -4  -2  -4  -3  -2  -4  -3  -3   4   2  -4   0  -2  -3  -4  -2  -1  -3   4    3   0   2   1   0   2   1   2   1  30  21   1   1   1   1   1   1   1   1  31  0.71 0.38
  118 M    -2  -1  -4  -3  -4  -1   1  -4  -4  -2   5   2   0  -1  -5  -3  -3  -3  -2  -2    4   3   1   2   0   3   9   1   0   0  58  13   2   2   0   1   0   0   1   1  0.72 0.47
  119 T    -2  -4   0   0  -5  -3  -1   4  -4  -5  -5  -1  -5  -6  -4   3   4  -6  -5  -5    1   0   4   4   0   1   3  33   0   0   0   4   0   0   0  19  30   0   0   0  0.88 0.54
  120 A     3  -2  -1   2  -5  -1   1  -3  -2  -4  -5   5  -3  -6   1  -2  -3  -6  -4  -3   27   1   2  11   0   2   9   1   1   0   0  36   0   0   8   0   1   0   0   2  0.70 0.48
  121 G     0   0  -2  -1  -5   5   2  -3  -1  -4  -5   0  -4  -4  -3   0   4  -5  -2  -4    7   4   1   2   0  33  11   2   1   0   0   5   0   1   1   4  27   0   1   0  0.78 0.53
  122 Q    -5  -4  -4   1  -8   4   7  -5  -4  -7  -7  -2  -6  -7  -5  -4  -5  -7  -6  -7    0   0   0   6   0  17  76   1   0   0   0   1   0   0   0   0   0   0   0   0  2.03 0.92
  123 I    -1  -5  -6  -6  -4  -3  -2  -6  -5   6   1  -5   6  -2  -4  -5  -2  -5  -4   3    4   0   0   0   0   1   3   0   0  42  12   0  19   1   0   0   2   0   0  16  1.04 0.53
  124 E     0   1   0   5  -1   0   5  -4  -2  -4  -5  -1  -3  -6  -4  -2  -2  -6  -5  -3    8   9   3  34   2   3  34   0   1   0   1   2   1   0   0   1   1   0   0   2  0.92 0.51
  125 D     4  -4  -3   6  -5  -1  -2  -4   0  -5  -3  -1  -5  -6  -5  -3  -4  -4  -6  -4   41   0   0  46   0   3   0   0   2   0   3   3   0   0   0   0   0   0   0   1  1.28 0.67
  126 V    -4  -6  -6  -6  -4  -5  -6  -7  -6   4   3  -6   0  -3  -6  -5  -3  -5  -4   5    0   0   0   0   0   0   0   0   0  20  32   0   2   0   0   0   1   0   0  44  1.23 0.54
  127 V    -1  -6  -6  -6  -4  -3  -6  -6  -6   4  -1  -5   1  -4  -6  -5  -1  -6  -5   6    4   0   0   0   0   2   0   0   0  23   2   0   3   0   0   0   4   0   0  62  1.37 0.61
  128 A     6  -5  -4   2  -4  -3  -1  -3  -5  -5  -5  -3  -5  -6  -4   0  -3  -6  -5  -2   77   0   0  10   0   0   3   0   0   0   0   1   0   0   0   5   1   0   0   2  1.46 0.70
  129 Y    -6  -6  -7  -8  -7  -6  -7  -8  -2  -5  -4  -6  -5   5  -8  -6  -6   0   9  -6    0   0   0   0   0   0   0   0   1   0   1   0   0  19   0   0   0   1  79   0  2.92 1.01
  130 L    -5  -6  -7  -7  -5  -6  -7  -7  -7   1   6  -6   0  -3  -7  -6  -5  -5  -5  -1    0   0   0   0   0   0   0   0   0   8  88   0   1   0   0   0   0   0   0   2  1.82 0.73
  131 M     0  -2  -2  -2  -5   6  -2  -4   0  -4   0   0   2  -4  -5   0  -2   3   3  -2    7   0   2   1   0  42   1   1   2   0  10   4   6   0   0   6   2   4   9   3  0.75 0.48
  132 T    -1  -4  -1  -4  -4   1  -3   1  -2  -3  -4  -3  -2  -4  -4   3   5  -5  -4   1    3   0   2   0   0   8   1  10   1   0   0   0   1   0   0  26  40   0   0   9  0.81 0.50
  133 L    -5  -4  -7  -7  -5  -6  -7  -7  -6  -1   7  -6   1  -2  -4  -5  -5  -5  -5  -3    0   1   0   0   0   0   0   0   0   1  94   0   2   0   1   0   0   0   0   0  1.91 0.74
  134 T    -3   3  -2  -3  -5   0  -1  -4  -2  -5  -5   6  -3  -5  -3  -2   1  -5  -4  -4    0  14   1   0   0   2   1   0   1   0   0  70   0   0   0   0  12   0   0   0  1.23 0.45
  135 Q    -2  -1  -1   3  -5   2   6  -3  -2  -5  -4   1  -3  -5  -3  -1  -2  -4  -4  -4    0   0   0  19   0   9  64   0   0   0   0   8   0   0   0   0   0   0   0   0  1.00 0.25

                      K         Lambda
Standard Ungapped    0.1377     0.3187
Standard Gapped      0.0458     0.2670
PSI Ungapped         0.1498     0.3115
PSI Gapped           0.0458     0.2670
