
Last position-specific scoring matrix computed, weighted observed percentages rounded down, information per position, and relative weight of gapless real matches to pseudocounts
            A   R   N   D   C   Q   E   G   H   I   L   K   M   F   P   S   T   W   Y   V   A   R   N   D   C   Q   E   G   H   I   L   K   M   F   P   S   T   W   Y   V
    1 G     0  -3  -1  -2  -3  -2  -3   6  -2  -4  -4  -2  -3  -4  -3  -1  -2  -3  -4  -4    0   0   0   0   0   0   0 100   0   0   0   0   0   0   0   0   0   0   0   0  1.18 0.05
    2 P     0  -2  -2  -1  -3  -1   2  -3  -2  -3  -3  -1  -3  -4   7  -1  -2  -4  -3  -3   11   0   0   0   0   0  25   0   0   0   0   0   0   0  64   0   0   0   0   0  1.35 0.13
    3 D    -3  -2   1   6  -4   1   2  -3  -1  -4  -4  -1  -3  -3  -3  -1  -2  -3   2  -4    0   0   2  72   0   8   9   0   0   0   0   0   0   0   0   0   0   0   9   0  1.01 0.18
    4 D     3  -2   0   5  -3  -1   1  -2  -2  -3  -4  -2  -3  -4  -2   0  -1  -5  -4  -1   31   1   2  52   0   0   6   0   0   0   0   0   0   0   0   3   1   0   0   4  0.72 0.21
    5 P     1   0   0   2  -2   0   1   0  -2  -2  -3   1  -2  -3  -1   1   2  -4  -3  -1   12   4   4  13   0   2  12   6   0   0   0   7   0   0   2  14  22   0   0   2  0.24 0.09
    6 L    -2  -3  -2  -4  -3  -3  -4  -3  -4   2   5  -4   2  -1  -4  -3  -1  -3  -2   0    0   0   2   0   0   0   0   2   0  12  74   0   4   0   0   0   3   0   0   3  0.72 0.22
    7 V     1  -3  -2  -3  -2  -3  -2  -3  -4   2   0  -3  -1  -2  -1   0   2  -4  -2   4   12   0   1   0   0   0   1   0   0  11   5   0   0   0   3   5  13   0   0  49  0.40 0.18
    8 I    -2  -3  -4  -4  -2  -3   0  -4  -4   5   1  -3   2   1  -4  -2  -1  -3  -2   2    2   0   0   0   0   0   7   0   0  50  11   0   7   5   0   2   2   0   0  15  0.52 0.20
    9 N     2  -1   4   2  -3  -1   2  -2  -2  -3  -2  -1   1  -4  -3   0   0  -4  -3  -3   20   3  27  14   0   0  19   0   0   0   2   0   6   0   0   5   4   0   0   0  0.43 0.21
   10 G     0  -3   0   2  -4  -2   0   5  -3  -4  -3  -2  -1  -4  -1  -2  -2  -4  -4  -3    6   0   2  14   0   0   5  59   0   0   3   1   2   0   2   0   2   0   0   2  0.78 0.26
   11 E     1   0  -1   1   2   2   4  -1  -2  -3  -2  -1  -2  -2  -1  -1  -1  -3  -3  -3   16   3   1   7   5  11  40   4   0   0   2   0   0   1   2   2   3   0   0   0  0.44 0.20
   12 I     2  -2  -2  -1  -2   0  -1  -1  -2   2   0  -2   1  -1  -1   0   1  -3  -2   1   20   0   0   2   0   6   2   5   0  22   6   1   3   3   2   8  12   0   0   8  0.12 0.11
   13 E     1  -1   0  -1  -3   2   4  -2  -2  -3  -3   0  -2  -2   1   0   2  -4  -3  -2   16   2   3   1   0   9  37   2   0   1   2   3   0   1   7   2  14   0   0   0  0.41 0.21
   14 I     0  -2  -3  -3  -2   0  -2  -4  -3   4   1  -3   4   0  -3  -2  -1  -3  -2   2    9   2   0   1   0   4   1   0   0  35  10   0  16   3   0   2   4   0   0  12  0.42 0.22
   15 V     1  -3  -3  -3  -2   0  -2  -2  -3   2   1  -2   0  -2  -1   0   1  -4  -3   3   17   0   0   1   0   6   0   1   0  13  11   1   1   0   2   5   9   0   0  31  0.27 0.18
   16 T     0  -3  -1  -2  -3  -3   0  -3  -1  -1  -3  -3  -3  -4  -2   1   6  -5  -4   0    5   0   1   2   0   0   5   1   2   3   1   0   0   0   1   8  65   0   0   5  0.88 0.40
   17 R     2   3  -2  -2   0   2   1  -1  -2  -2  -2   2  -1  -4  -3   0  -1  -2  -3   0   22  19   0   1   2  13   7   2   0   0   4  13   1   0   0   6   1   0   0   7  0.29 0.20
   18 A     4  -2  -3  -3  -3   1  -2  -3  -1  -1  -1   0  -1  -1  -1   0   3  -1  -3   0   41   1   0   0   0   9   0   0   2   2   4   7   1   2   2   3  19   1   0   6  0.40 0.28
   19 P     3  -3  -1  -1  -1   1  -1   0  -3  -3  -2  -1  -3  -1   5   0   0  -4  -3  -1   30   0   2   3   1   6   3   5   0   0   3   2   0   2  27   7   4   0   0   5  0.49 0.26
   20 T     4  -2  -2   1  -3   0  -1  -1  -3  -2  -2  -1  -3  -4  -1   1   1  -4  -4   0   48   1   1  10   0   3   1   4   0   2   3   3   0   0   2   7  10   0   0   5  0.44 0.28
   21 P    -1  -4  -4  -3  -5  -2  -4   0  -4  -3  -1  -1  -1  -5   7  -3  -1  -5  -5  -3    5   0   0   1   0   2   0   7   0   2   7   3   2   0  67   1   3   0   0   1  1.59 0.52
   22 A     4  -2  -1  -1  -3  -1   2  -1  -3  -1  -3   0  -3  -2  -1   1  -1  -4  -3  -2   47   0   2   3   0   2  18   2   0   4   1   5   0   1   3   7   3   0   0   2  0.47 0.30
   23 H     1   0  -1   2  -3   0   0  -2   5  -2  -1   0   0   0   0  -1  -1  -3   1  -1   13   5   0  14   0   3   4   2  20   2   5   5   2   3   5   4   3   0   6   3  0.24 0.17
   24 L     2  -2   0  -1  -2  -1  -2  -2  -2   0   1  -1   2  -2   2   0  -1   0  -2   1   20   2   4   4   0   2   1   2   1   1  20   3   7   0  12   4   2   2   0  12  0.17 0.14
   25 A     2  -1   0   1  -2   0   1   1  -2  -2  -1   0  -1  -3   1   1  -1  -3  -2  -1   25   2   3   8   0   4  12  11   0   1   6   6   1   1   7   9   2   0   0   2  0.18 0.13
   26 D    -1   0   1   3  -3   1   2   0   2  -2  -2   0  -2  -3   1   1  -1  -3  -2  -3    1   3   5  23   0   7  12   9   6   4   3   6   0   1   7   9   3   0   1   1  0.27 0.16
   27 R     1   0   0  -1  -3   0   0  -1   0  -1  -2   0  -1  -3   4   1   0  -3  -1   0   12   4   6   2   0   4   4   3   3   5   1   6   1   0  25   9   5   0   2   6  0.33 0.17
   28 F     0  -2  -2  -3  -2  -1   0  -3  -2   1   2  -1   1   3   0  -1  -1   0  -1   1    9   1   2   0   0   2   7   1   0   9  21   4   3  19   5   5   1   1   0  10  0.16 0.14
   29 D     0  -2   0   5  -4   1   2  -1  -1  -3  -2  -1  -2  -2  -1   0  -1  -4  -3  -3   10   1   3  40   0   6  12   3   1   1   4   3   1   2   3   7   2   0   1   1  0.52 0.27
   30 E     0  -2  -1   3  -4   2   4  -2  -1  -4  -2   0  -2  -4   3  -1   1  -4  -2  -3    7   0   1  15   0   7  32   2   1   0   3   4   0   0  13   3   9   0   1   1  0.51 0.28
   31 I     0   2  -2  -3  -2   0  -1  -2  -1   2   0   0  -1   0  -2  -1  -1   3   2   2    9  12   1   1   0   3   2   1   1  13   8   7   0   4   1   1   3   4   9  18  0.15 0.14
   32 R     0   3  -1  -2  -3   1  -1  -3  -2   1   0   2   1  -1   0  -1  -1  -3   1   0    8  18   1   1   0   8   3   1   0   9   6  14   5   2   5   3   1   0   7   8  0.16 0.15
   33 S     0  -3   1   1  -3  -1   0  -2  -1  -3  -1  -2  -3  -2   1   4   1  -4  -1  -3    6   0   5  10   0   1   5   1   1   1   6   1   0   1   6  45   7   0   3   1  0.47 0.30
   34 G     0  -3   0   0  -4  -1  -2   6  -3  -4  -4  -2  -3   0  -3  -1  -2  -4  -2  -4    7   1   5   5   0   2   2  59   0   1   2   3   1   4   1   4   1   0   1   1  0.91 0.38
   35 W     1  -2  -2  -2  -3  -1   0  -3  -2  -1  -2  -2  -1   1  -1   0  -1   8   4  -2   14   1   1   2   0   2   8   1   1   3   3   2   2   4   3   7   4  21  17   2  0.59 0.29
   36 T     1   1   0   1  -3   1   1  -2   2  -1   0   1  -1  -2  -1   0   0  -3   1  -1   12   7   3   9   0   6   7   1   7   4   9  11   1   0   2   6   7   0   6   3  0.09 0.10
   37 F     0  -4  -3  -1  -4  -1  -4  -3  -1  -1   0  -4  -3   7  -2  -3  -3  -2   5  -3    7   0   1   4   0   3   0   2   1   3   7   1   0  46   2   1   1   0  20   0  1.04 0.46
   38 R    -1   3  -2  -2  -3   0  -1  -3  -3   0   1  -1   5   1  -3  -1  -1  -3  -2   0    6  20   1   2   0   5   3   2   0   4  12   3  21   7   1   4   4   0   1   4  0.32 0.25
   39 T     0  -2   0   1  -3  -1  -1   0  -1  -1  -2   0  -3  -2   2   2   3  -4  -2  -2    6   1   3   8   0   2   3   6   2   4   4   4   0   1  12  21  21   0   1   1  0.28 0.23
   40 D    -1  -3  -1   4  -5   2   1  -2  -3  -2  -5  -1  -4  -4   5  -1  -1  -5  -4  -3    6   1   1  29   0   8   6   2   0   2   1   4   0   1  31   3   3   0   0   2  0.85 0.42
   41 D     1   0  -1   3  -4   1   4  -2  -2  -3  -3   1  -3  -3  -1   1  -1  -4  -1  -3   11   4   1  16   0   6  30   2   0   1   2   7   0   1   3   9   3   0   2   1  0.41 0.27
   42 T    -1  -2  -1   2  -3   0   1  -2  -2  -1  -1  -2  -2   2  -2  -1   3   3   2  -1    5   1   2  11   0   3  10   3   0   3   5   0   1  10   1   3  27   4   9   2  0.30 0.26
   43 Q    -1   5  -2  -2  -5   5  -1  -3  -3  -5  -4   2  -1  -4   2   0  -1  -5  -4  -4    4  30   1   2   0  28   3   1   0   0   1  10   1   0   9   7   2   0   0   1  0.78 0.44
   44 A     4  -1   1   0  -3   0   1  -2  -1  -2  -2   1  -3  -3  -1   0  -1   5  -1  -2   36   3   6   6   0   4   7   1   1   2   3   9   0   0   2   5   2   8   2   1  0.38 0.29
   45 L    -2  -2  -4  -4  -3   0  -1  -3  -2   2   3  -2   6  -2  -1  -2  -1  -2  -2   1    2   2   0   1   0   4   5   2   1  13  24   2  28   0   3   2   2   1   1   7  0.55 0.34
   46 E    -1  -1  -2  -1  -5   5   3  -4  -2  -1  -1   0   1  -4   2  -2  -2  -3   2  -4    4   2   2   2   0  27  22   1   0   3   6   3   4   0  11   2   1   0   9   0  0.55 0.38
   47 M     1  -1  -1   2  -3  -1   0  -3  -1   0   0  -1   4   2  -3  -1  -1  -2  -2  -1   16   3   2  16   0   2   6   1   1   5  10   3  17   9   1   3   3   0   1   3  0.23 0.23
   48 D    -1  -3   0   6  -5  -1   3  -2  -2  -4  -1  -2   1  -5  -1  -1  -3  -5  -5  -4    4   0   3  44   0   1  22   3   1   1   6   2   4   0   2   4   1   0   0   0  0.87 0.45
   49 D    -1  -1  -2   5  -5   0   2  -4  -3  -3  -2  -2   2  -5   2  -1  -1  -5  -4  -3    6   3   0  38   0   4  16   0   0   1   4   2   7   0  11   3   3   0   0   1  0.69 0.39
   50 F    -1  -4  -3  -1  -4  -2  -2  -1  -3  -2   0  -3   2   6  -2  -2  -1   2   2  -2    6   0   1   4   0   2   3   5   0   1  10   2   5  40   2   3   5   3   7   1  0.61 0.34
   51 E     0  -3  -1   3  -3   0   2   2  -3   0  -2  -1  -2  -2   2   0  -1  -4  -3  -1    8   0   2  19   0   4  13  17   0   6   2   1   1   1  10   5   4   0   0   6  0.27 0.20
   52 N    -2  -3   7  -1  -4   0  -1  -3   2  -3  -3  -1  -3  -3   0  -2  -2  -4  -4  -4    2   1  61   2   0   4   3   1   5   1   3   3   1   1   6   2   1   0   0   1  1.23 0.52
   53 S    -1  -4  -1  -4  -5  -2  -2   0  -4  -4  -4  -3  -4  -4   8  -2  -2  -5   0  -4    4   1   3   1   0   2   2   9   0   1   1   1   0   1  67   2   2   0   3   1  1.71 0.65
   54 G     3  -3  -2  -3  -3  -2  -2   4  -2  -4  -3  -3  -2   1   0  -1  -1  -3   3  -2   27   0   1   1   0   1   2  35   1   0   1   1   1   5   4   3   3   0  11   3  0.61 0.35
   55 M    -3  -2  -2   2  -4  -1   3  -2   0  -2  -1  -2   6   1  -3  -3  -3  -2   3  -3    1   1   1  13   0   2  23   4   2   2   6   1  22   5   1   1   1   0  12   1  0.59 0.38
   56 V    -1  -1  -2   0  -3  -1   0  -2  -3   2   3   0   1   1  -3  -1  -2   2  -2   0    6   3   1   5   0   2   8   2   0  11  33   6   2   5   1   4   1   3   1   6  0.19 0.18
   57 F     2  -4  -2  -2  -3  -2  -3  -2  -3   0   1  -3   2   3  -4  -1   0   5   2   0   20   0   2   2   0   1   1   3   0   4  12   0   6  16   0   4   4  10   8   7  0.38 0.27
   58 V     0  -4  -2  -4  -4  -4   0  -5  -3   3   0  -4   0  -3  -5  -3  -2  -5  -3   6    9   1   2   1   0   0   6   0   1  15   7   0   1   0   0   1   1   0   1  53  0.86 0.47
   59 E     1   1  -1   4  -5   1   4  -2  -2  -4  -1   0   1  -4  -3  -1  -2  -2  -3  -3   12   7   3  21   0   5  29   2   0   0   5   4   4   1   0   4   1   1   1   1  0.49 0.33
   60 E     0   2   0   3  -5   3   3  -3  -2  -4  -2   1  -1  -4  -4  -2  -1  -4   0  -4    7  13   4  16   0  17  18   1   1   0   4   9   2   0   0   1   3   0   4   0  0.47 0.32
   61 A     1  -6  -4  -4  -6  -5  -6   7  -6  -7  -7  -4  -3  -7  -6  -2  -1  -6  -7  -6    9   0   0   0   0   0   0  82   0   0   0   0   1   0   0   2   4   0   0   0  1.97 0.78
   62 R     0   3  -2  -1  -5   0   4  -1   1  -2  -3   3  -1  -4  -3  -2  -3  -5  -2  -3    7  19   1   1   0   3  34   4   3   3   3  16   1   1   1   1   0   0   1   1  0.59 0.38
   63 A     2   0  -1   3  -5   2   4  -3  -1  -3  -3   1  -3  -4  -2  -1   0  -5  -4  -2   16   4   2  14   0   8  31   1   2   1   1  10   0   0   1   2   4   0   0   2  0.50 0.34
   64 V    -1  -4  -5  -3  -4   0  -2  -5  -3   2   5  -4   3  -1  -4  -3  -2  -4  -1   0    6   0   0   1   0   4   2   0   1  12  55   1   7   1   0   1   2   0   2   3  0.74 0.41
   65 W    -4  -6  -5  -7  -6  -6  -4  -6  -3  -3  -1  -6  -2   7  -7  -6  -5  10   3  -4    1   0   1   0   0   0   1   0   0   1   6   0   1  42   0   0   0  37   7   1  2.28 0.81
   66 D    -1  -1   3   2  -4   0   2  -1   2  -3  -2   1  -2  -2   0   0   0  -4  -1  -3    5   3  18   9   0   4  15   4   6   1   3   9   1   2   4   7   7   0   2   1  0.26 0.20
   67 R     0   1  -1  -1  -4   2   2  -2  -1  -4  -3   3  -3  -5  -3   0   4  -5  -3  -3    7   6   2   2   0  10  16   2   1   0   1  19   0   0   0   4  28   0   1   0  0.53 0.37
   68 P     2  -1  -1  -2  -4  -1  -1  -3  -2  -3  -2   2   0  -2   5  -1  -1  -4   0   0   17   3   3   1   0   2   3   1   1   1   4  16   2   1  29   2   2   0   4   7  0.51 0.31
   69 E     0   2   0   0  -1   0   1  -2  -2  -1  -1   0   1   3  -1  -2  -1  -1   0   0    7  14   3   6   1   2  11   3   0   1   6   5   5  17   2   1   4   1   2   8  0.13 0.16
   70 G     0  -3  -2  -3  -4  -3  -1   6  -2  -3  -2  -2  -3  -1  -3  -2  -3  -3   0  -2    9   1   2   1   0   1   4  59   1   2   5   1   0   3   1   2   1   0   3   3  0.90 0.39
   71 T     2  -2   1  -1  -3  -1  -1   1  -3  -3  -3   1  -3  -4   4   1   1  -4  -4  -2   16   1   6   2   0   3   3  13   0   1   2  10   0   1  21  10  10   0   0   2  0.39 0.25
   72 E     1   0   6   1  -5  -2   0   0  -3  -5  -4   2  -4  -5  -3   0  -1  -5  -3  -3   12   3  40   7   0   0   7   6   0   0   1  11   0   0   0   7   3   0   1   1  0.70 0.41
   73 G    -2  -3   4   0  -2  -1  -1   5  -1  -5  -4  -2  -3  -5  -4  -2  -3  -5  -5  -4    2   1  21   6   1   2   5  52   1   0   1   2   1   0   0   2   1   0   0   1  1.02 0.47
   74 K     1   0  -1  -3  -4   0  -1  -3  -3  -1   2   4   2  -3  -2  -2  -2  -4  -3   1   11   3   4   0   0   3   3   1   0   1  21  33   5   1   2   1   1   0   0  10  0.39 0.30
   75 A     2  -2   2  -3  -4  -2  -1  -1  -2  -4  -4  -2  -4  -5  -3   5   2  -5  -4  -4   19   2  11   1   0   1   2   3   1   0   0   1   0   0   1  42  14   0   0   0  0.75 0.46
   76 C    -5  -7  -7  -7  10  -7  -7  -7  -6  -5   2  -7   0   0  -7  -5  -5  -5   4  -5    0   0   0   0  63   0   0   0   0   0  17   0   2   4   0   0   0   0  12   0  2.53 0.91
   77 A     4  -2   0  -2  -4   1   1  -2  -4  -3  -2  -1  -1  -5  -4   1   1  -5  -4  -1   44   2   4   1   0   6  11   2   0   1   4   2   2   0   0  10   9   0   0   3  0.54 0.39
   78 D    -1  -2   3   3  -5   1  -1  -1  -3  -5  -5   1  -3  -6  -4   5   0  -6  -5  -5    4   1  14  15   0   5   2   3   0   0   0   9   1   0   0  41   4   0   0   0  0.77 0.48
   79 C    -5  -8  -8  -8  12  -8  -8  -7  -8  -6  -6  -8  -2   0  -8  -6  -6  -7  -3  -6    0   0   0   0  93   0   0   0   0   0   0   0   1   4   0   0   0   0   1   0  4.07 1.28
   80 H    -5  -5  -3   2  -6  -4  -4  -3  10  -4  -1  -5  -3   2  -6  -4  -5  -6  -3  -5    0   0   0  13   0   0   0   2  63   1   7   0   0  10   0   1   0   0   0   1  2.14 0.84
   81 G     0  -2  -1  -2  -3  -1  -1   3  -3  -1   3  -3   1   1   1  -2  -2  -3  -2  -1    7   1   3   2   0   2   5  21   0   3  32   1   3   7   6   2   1   0   0   2  0.27 0.22
   82 A     0  -3   3   4  -4   0   1   3  -3  -3  -3  -2  -3  -4  -2  -1  -2  -2  -4  -2    7   0  14  27   0   5   7  22   0   1   3   2   0   0   1   3   1   1   0   4  0.52 0.30
   83 V     3  -1  -1   0  -2   0   0   1  -1  -2   0   1  -2  -3  -1   1  -1  -3  -2  -1   27   2   2   4   1   4   4  11   1   2  11  10   0   0   2  11   1   0   1   5  0.17 0.18
   84 D     0  -2  -3   0  -1  -3   2   5  -4  -5  -5  -2  -5  -5   2  -2  -3  -5  -5  -5    6   2   1   6   2   1  14  52   0   1   1   2   0   0   9   2   1   0   0   0  0.95 0.47
   85 D     1   0   1   1  -3   0   1  -1  -1  -3  -3   1  -2  -3   3   0   3  -4  -3  -2   11   5   8   8   0   2   9   3   1   1   2   8   0   1  13   6  18   0   0   3  0.28 0.22
   86 G     0  -1  -1  -1  -4  -1  -1   3  -3  -4  -3   2  -3  -3   3   2   0  -4  -2  -2    6   2   2   4   0   2   4  24   0   1   2  13   0   1  15  18   5   0   1   2  0.42 0.28
   87 M    -2  -4  -4  -4  -4  -4  -3   0   1   0   3  -3   5   3   0  -4  -3  -2   0   1    3   0   0   1   0   0   1   7   3   3  32   2  19  11   5   0   0   1   3  10  0.55 0.35
   88 Y     0   0  -2  -2  -4  -2   1  -3  -3   0  -1   3  -1  -1   1  -2  -2   6  -1   2    9   5   2   1   0   0   9   1   0   7   4  20   2   2   7   2   2  11   2  16  0.34 0.27
   89 G     1  -4  -1  -2  -5  -3  -4   6  -3  -6  -6  -1  -3  -6  -3  -2  -2  -6  -6  -5   12   1   3   2   0   1   1  69   0   0   0   5   1   0   1   2   2   0   0   1  1.42 0.62
   90 L     4  -3  -3  -5  -2  -4  -4  -4  -3   2   0  -4  -1  -3  -4  -2  -1   0   0   4   32   1   1   0   1   0   1   0   0  10   9   0   1   1   0   2   2   1   3  33  0.63 0.40
   91 R     3   3  -2  -4  -4  -2  -3  -1  -1   0  -2  -2  -2   1  -2   0  -1   1   5  -1   26  16   2   0   0   1   0   4   1   6   2   2   1   5   1   5   4   1  19   3  0.41 0.32
   92 A     4  -2  -1  -3  -4   0  -1   1  -1  -2  -3  -2  -3  -4   0   0   0  -3  -3   1   46   2   3   1   0   5   3  10   1   2   1   2   0   0   5   4   7   0   0  10  0.51 0.38
   93 V     0   2   1  -1  -3   1   0  -1   1  -2  -2   1   0  -1  -3   0   2  -4  -2   0    6  14   9   2   0   8   6   5   3   1   3   8   3   3   0   7  14   0   1   7  0.18 0.18
   94 Y    -6  -6  -6  -7  -6  -6  -6  -7   1  -3   2  -6   3   5  -7  -5  -5   0   8  -3    0   0   0   0   0   0   0   0   3   1  17   0   7  21   0   0   0   1  50   1  1.79 0.77
   95 P    -6  -7  -7  -6  -7  -6  -6  -7  -7  -7  -7  -6  -7  -8   9  -6  -6  -8  -7  -7    0   0   0   0   0   0   0   0   0   0   0   0   0   0  98   0   0   0   0   0  3.44 1.23
   96 K     2   5  -2  -2  -5   2  -2  -3   1  -3  -4   3   0  -4  -4  -1  -3  -4   2  -4   15  29   1   1   0   8   1   1   3   2   1  22   3   0   0   3   0   0   9   1  0.66 0.42
   97 Y    -6  -6  -7  -8  -6  -6  -7  -5  -2  -3  -4  -5  -2   5  -7  -6  -6   7   8  -1    0   0   0   0   0   0   0   1   0   1   1   1   1  25   0   0   0  14  51   5  2.21 0.88
   98 V    -2   3   3   4  -5  -1  -1  -4  -2  -1  -3  -2   1   3  -4   0  -2  -4  -1  -2    3  18  15  22   0   3   2   0   0   3   2   0   3  14   0   8   1   0   2   2  0.50 0.36
   99 E     2  -1  -1   1  -4  -1   3   0  -3  -4  -4   3  -2  -5   3   0  -1  -5  -4  -4   19   3   2   6   0   1  21   6   0   0   1  18   1   0  14   5   3   0   0   0  0.48 0.34
  100 S     1   4  -2   3  -5   0   1  -3  -1  -2  -4   3  -2  -5  -2  -2  -2  -6  -5  -4   11  27   0  19   0   4   7   2   1   3   0  19   1   0   1   2   2   0   0   0  0.64 0.40
  101 A     2   0   1  -1  -3  -1   1  -1  -1  -1   0   0   0  -2  -2   1   2  -4  -2  -1   17   4   9   1   0   2   8   2   1   2  11   6   2   1   1  12  17   0   1   3  0.16 0.19
  102 G    -2  -2   2   2  -6   0  -2   6  -1  -7  -7   1  -6  -6  -5  -2  -4  -2  -6  -6    2   1   9  12   0   5   1  56   2   0   0   9   0   0   0   2   0   1   0   0  1.15 0.56
  103 K     0   4  -1  -1  -5   2   1  -2   1  -5  -4   5   1  -5  -4  -1   0  -5  -3  -4    7  21   2   3   0   9   7   2   4   0   0  33   4   0   0   3   5   0   1   0  0.68 0.42
  104 V    -3  -6  -4  -5  -5  -4  -2  -7  -6   2   0  -5   0  -4   1  -4  -1  -6  -5   6    0   0   1   1   0   0   4   0   0   7   7   0   2   0   8   0   3   0   0  67  1.29 0.64
  105 R    -1  -1   1  -2  -4   1   0  -3  -2   3  -1  -2   3  -2  -4  -2  -2   0  -2   4    5   3   8   1   0   6   7   2   1  15   3   1  10   1   0   2   1   1   1  31  0.40 0.32
  106 T    -3  -4   1   4  -5  -2  -4  -1  -5  -4  -5  -4  -5  -6  -3   1   6  -6  -6  -4    1   0   7  23   0   1   0   4   0   1   0   0   0   0   1  10  52   0   0   0  1.21 0.66
  107 V    -3  -6  -5  -7  -5  -4  -6  -7  -6   3   5  -6   2   1  -6  -6  -4  -5  -1   0    2   0   0   0   0   1   0   0   0  14  66   0   4   6   0   0   0   0   2   5  1.26 0.59
  108 E     1  -3  -2   2  -6   2   6  -3  -3  -4  -5  -2  -5  -4   1  -3  -2  -1  -4  -3   13   1   1   9   0   8  53   1   0   1   1   1   0   1   6   0   2   1   0   2  0.99 0.57
  109 Q    -2  -1  -1   3  -5   3   3   0  -1  -4  -1  -1   3  -5  -4   1   0  -5  -4  -3    2   2   2  16   0  15  19   6   1   0   6   3   9   0   0  11   6   0   0   1  0.43 0.34
  110 M     1   7  -4  -3  -6   2  -3  -5  -3  -5  -3  -1   2  -1  -5  -3  -4  -6  -3  -3   13  59   0   2   0   8   1   0   0   0   3   1   5   3   0   1   1   0   1   2  1.28 0.65
  111 I    -4  -6  -6  -6  -4  -6  -6  -7  -6   7   2  -6   0  -2  -6  -5  -3  -6  -4   3    1   0   0   0   0   0   0   0   0  56  19   0   1   1   0   0   1   0   0  20  1.45 0.62
  112 N    -2  -1   7  -2  -5   3  -1  -3  -2  -3  -1  -1   0  -5  -5  -3  -2  -6  -2   0    3   3  52   1   0  13   2   1   1   1   5   4   2   0   0   1   2   0   1   7  1.05 0.57
  113 A     0   0   1   2  -4   0   0   3   2  -3  -2  -1  -2  -3  -3   0   0   3   0  -3    7   4   6  11   0   5   7  25   6   1   4   3   1   0   0   5   5   5   4   1  0.29 0.22
  114 C    -5  -7  -7  -7  12  -7  -7  -7   0  -6  -4  -7  -6  -3  -7  -4  -5  -6  -6  -4    0   0   0   0  91   0   0   0   2   0   1   0   0   1   0   1   0   0   0   1  3.87 1.23
  115 R    -1   4  -5  -5  -5  -2  -4  -5  -4  -1   0  -3   6   5  -5  -4  -3  -4   1  -2    5  27   0   0   0   2   0   0   0   4   7   1  26  22   0   0   1   0   4   2  1.03 0.56
  116 T    -1   1  -2  -2  -4   3   3  -3  -2  -2  -2   1   2  -4  -3  -1   3  -5  -3   0    5   8   0   1   0  16  18   1   1   2   2   9   7   0   0   3  18   0   1   9  0.39 0.33
  117 S     1   4   2   0  -4   1   2  -2  -1  -3  -3   1  -2   0  -3  -1   1  -4   0  -3   11  26   9   4   0   4  13   2   1   1   1   6   0   4   0   1  10   0   4   1  0.38 0.29
  118 R    -1   1   3  -2  -4   1  -1  -3   3  -1   0  -2  -2  -3  -1   3  -1  -4   0  -1    3   8  14   1   0   6   2   1   7   4  12   1   0   0   3  29   2   0   4   4  0.32 0.31
  119 M    -1  -2  -4  -2  -3   5  -2  -2  -1  -2   1  -3   7  -4  -4  -3  -1  -4  -4  -3    5   1   0   2   1  32   1   4   2   1  10   0  33   0   0   1   4   0   0   1  1.07 0.58
  120 G    -2  -3   5  -1  -5   0   0   5  -1  -6  -5  -2  -5  -6  -5  -2  -2  -5  -5  -5    1   1  27   2   0   5   7  49   1   0   1   1   0   0   0   2   2   0   0   0  1.15 0.56
  121 A     2  -3  -2  -2  -4  -2   0   4  -1  -2  -1  -1  -1   2  -4  -2  -2  -1  -1  -1   22   1   1   1   0   1   8  33   1   2   7   3   2   9   0   1   2   1   2   4  0.41 0.29
  122 P    -1   0  -1   1  -5   0   3  -2  -3  -3  -5   5  -2  -5   2  -1   1  -5  -4  -3    4   3   2   6   0   3  18   2   0   1   0  38   1   0   8   2   9   0   0   1  0.65 0.42
  123 E     2   0  -1  -3  -4  -2  -1  -3  -4  -3  -4   0  -3   0   6  -2  -1  -5  -1  -3   19   6   3   1   0   1   4   1   0   1   1   7   0   4  43   2   4   0   2   1  0.92 0.48
  124 W    -1  -3  -3  -1  -4  -2   0  -3  -3  -1   3   0   0   2   2  -3  -2   5   2  -1    4   0   1   4   0   1   6   2   0   3  31   7   2   7  12   0   1  10   7   3  0.39 0.30
  125 D     1  -2  -1   2  -5   0   1   0  -1  -3  -3   3  -4  -5   4  -1  -2  -5  -4  -3   13   1   2  14   0   4   7   6   1   1   2  20   0   0  24   3   1   0   0   1  0.56 0.34
  126 Y     0  -2  -1  -2  -2  -1  -1  -2   1   0   0  -1  -1   1   1   0   0   5   4   0   10   1   3   2   0   2   2   3   3   5   7   3   1   5   6   6   4   9  18   8  0.24 0.19
  127 I    -1  -1   1   4  -4   0   1   1  -2  -3  -3   2  -2  -3  -3   0   0  -5  -3  -3    3   2   5  30   0   3  10  12   1   1   2  13   1   1   1   8   5   0   1   2  0.43 0.28
  128 G     0   1  -1   0  -4  -1  -2   1  -1  -5  -4   2   0  -5  -2   5   0  -5  -4  -4    6   7   1   5   0   1   1  12   1   0   1  13   2   0   1  44   3   0   0   0  0.60 0.40
  129 P     0   0  -1   2  -4   0   1   2   0  -4  -3   2  -3  -4   3   1  -1  -4  -2  -3    7   6   2  11   0   4   7  16   2   0   2  12   0   0  14  11   3   0   1   1  0.32 0.22
  130 D    -1  -2   0   4  -5   1   4  -3  -3  -2  -4   1  -4  -5   0  -1   0  -5  -2  -1    5   1   4  24   0   4  32   1   0   2   1   7   0   0   5   2   6   0   1   5  0.58 0.36
  131 M    -2  -3   0  -5  -5  -1  -5  -6  -1   3   2  -4   8  -1  -4  -3  -4  -1  -2   0    2   1   6   0   0   3   0   0   2  14  16   0  44   2   1   1   0   1   1   5  1.12 0.56
  132 T     1   0  -1  -1  -3   1   1  -1  -2   0   0   1   1  -2  -3  -1   1  -4  -3   1   12   5   3   2   0   5  11   4   0   5  12  12   3   1   0   3   9   0   0  14  0.10 0.13
  133 A     5   0   0   0  -4  -1  -1  -1  -1  -4  -3  -1  -4  -3  -1   1  -2  -5  -3  -2   54   5   5   6   0   3   2   4   1   0   2   4   0   1   2   7   1   0   1   2  0.60 0.40
  134 M    -3  -5  -6  -6  -4  -5  -6  -6  -5   4   4  -5   6   0  -6  -5  -4  -5  -2   0    2   0   0   0   0   0   0   0   0  20  46   0  24   3   0   0   0   0   1   4  1.21 0.55
  135 V     1  -3  -1  -2  -3   0   1  -2  -2   0   0  -2   0  -3  -3   1   3  -4  -2   2   14   0   2   1   0   5   8   2   1   3   8   1   2   0   0  13  20   0   1  19  0.27 0.26
  136 A     5  -4  -4  -3  -4  -4  -3  -2  -5  -2  -3  -4   0  -1  -4   1   3  -5  -4  -1   59   0   0   1   0   0   1   2   0   2   1   0   2   3   0   9  17   0   0   4  0.95 0.54
  137 L    -3  -6  -6  -7  -6  -6  -6  -7  -3  -5   0  -6  -1   2  -7  -6  -6   3   9  -3    2   0   0   0   0   0   0   0   0   0   9   0   1   8   0   0   0   4  75   1  2.42 0.91
  138 I     0  -5  -5  -6  -4  -4  -5  -5  -2   5   1  -5   5   1  -5  -2  -3  -5  -2   3    7   0   0   0   0   0   0   0   1  32  12   0  17   7   0   3   1   0   1  19  0.83 0.44
  139 A     4   1  -1  -1  -3   0  -1  -1   1  -3  -3   1  -2  -2  -3   1   1  -2   2  -2   35   6   2   4   0   3   2   4   3   0   0  11   0   2   0  10   7   1   7   1  0.35 0.29
  140 S    -1  -3   0  -1  -5  -2  -4  -2   2  -4  -2  -3   0   1  -5   2   1   9   3  -2    4   1   4   3   0   1   0   2   5   0   5   1   2   6   0  19   7  27  10   2  0.93 0.48
  141 V    -1  -2  -3  -4  -4   4   1  -5  -1   1   3  -1   2  -2  -3  -3  -1  -4  -2   0    4   1   1   0   0  21   9   0   2   6  36   4   5   1   1   1   3   0   1   6  0.47 0.35
  142 S     2  -1  -2  -3  -4  -3  -3   0  -4  -6  -6  -2  -5  -6  -4   6  -2  -6  -3  -4   18   3   1   1   0   0   1   6   0   0   0   1   0   0   0  66   1   0   1   1  1.29 0.69
  143 R    -1   5   3   0  -5   1  -1  -3  -1  -4  -3   1  -2  -4  -3   1   1  -5  -3  -3    5  35  12   5   0   6   3   2   1   1   2   8   1   0   1   8   8   0   1   1  0.57 0.36
  144 G    -1  -1   0   1  -5  -1  -1   6   0  -5  -5  -1  -4  -1  -1  -1  -2  -4  -4  -5    3   3   3   8   0   3   5  57   3   0   0   4   0   3   3   3   3   0   0   0  0.86 0.46
  145 M     1  -1  -1  -1  -3   2   1  -2   0   0  -1   0   3  -1  -3   0   1  -3   0   1   12   2   2   2   0  10   9   2   2   5   4   6  10   2   0   5  12   0   3  10  0.10 0.16
  146 P    -1  -1  -3  -1  -4  -1  -1  -2  -3  -1  -2   2   0  -4   6  -1  -1  -5  -4  -1    6   3   0   3   0   3   4   3   0   3   4  16   2   0  41   4   3   0   0   4  0.79 0.43
  147 V    -1  -2  -2  -2  -3   0  -1  -4  -3   3   0  -1   2   0   0  -1   0   3  -1   3    2   2   2   2   0   3   5   0   0  18   7   5   7   4   4   3   7   4   2  22  0.23 0.21
  148 S     0   0   3   3  -4   1   0   2   0  -1  -3   0  -3  -4  -2  -1  -1  -4  -1  -2    7   4  18  15   0   7   5  19   2   4   2   4   0   0   2   3   3   0   2   2  0.31 0.25
  149 V     1  -2  -2  -1  -3   0  -1   0  -1   1  -1  -2   1  -3   2  -1   0  -4  -2   3   14   1   2   3   0   4   3   7   1   9   4   2   3   0   9   2   4   0   1  30  0.24 0.25
  150 A     0   1   0   2  -5   0   1   0  -1  -4  -4   4  -2  -5   3  -1  -1  -5  -3  -3    7   6   5  11   0   3   8   6   1   0   0  28   1   0  13   4   2   0   1   2  0.45 0.34
  151 I    -1  -3  -2  -1  -3   0  -1  -4  -2   3   2  -2   0   0   1  -2   0  -4  -2   2    4   1   2   4   0   6   3   1   1  23  21   1   2   3   6   1   6   0   1  15  0.28 0.26
  152 D    -1  -2   1   4  -4  -1   3  -2  -3  -4  -1   1  -2  -3   1   0   0  -5  -3  -3    5   1   5  27   0   2  17   3   0   0   6  10   1   1   6   7   7   0   1   1  0.43 0.33
  153 G    -1   0  -3  -1  -5  -1  -2   4   4  -3  -3   0  -4  -1   4   0  -1   2  -2  -2    5   4   0   3   0   2   2  30  10   1   2   5   0   2  19   5   3   3   1   3  0.53 0.37
  154 P     0   0   1   0  -2   1   0   0   2   0  -1   0  -1  -2   1   0   0  -2   1   0    6   6   6   6   0   6   6   6   6   6   6   6   0   0   6   6   6   0   6   6  0.06 0.07
  155 A     3  -2  -2  -3  -3   0   1   2  -2  -1   1  -2   2  -3  -3  -1  -2  -4  -2   0   26   1   1   1   0   4  12  18   1   3  13   2   7   0   1   4   2   0   1   5  0.28 0.24
  156 Q     1   0  -2  -1  -4   3   2  -2  -2  -1   0   3   0  -1  -2  -1  -1  -4   1  -1   15   3   1   3   0  13  12   2   0   2   8  19   3   2   2   3   3   0   6   4  0.22 0.21
  157 S     3   0  -2   0  -4  -1   2  -1  -3  -4  -3   1  -4  -5   5   0  -2  -5  -5  -3   22   6   2   4   0   2  12   4   0   1   2   8   0   0  30   5   2   0   0   2  0.65 0.36
  158 T     3  -3   1   2  -4  -1  -1  -3  -2  -2  -2  -2   4   1  -2   0   0   2   0  -2   29   0   6  15   0   2   3   1   1   1   3   2  12   7   1   5   6   3   3   1  0.35 0.28
  159 W    -1   0  -4  -5  -3  -3  -4  -4  -2   1   0  -3   1   2   0  -3  -2   4   6   2    6   6   0   0   0   0   0   1   0   9  10   1   3   6   6   1   2   6  28  15  0.58 0.33
  160 E     2  -1   0   2  -4   0   4  -2  -1  -3  -2   1  -2  -3   0  -2  -2  -5  -3  -2   18   2   3  13   0   2  33   2   1   1   3   9   1   1   4   1   2   0   1   3  0.45 0.28
  161 K     0   3   2  -1  -4   2  -1  -3   1   0   1   2   0  -3  -3  -1  -2  -4  -2  -1    9  21   9   3   0   8   3   0   3   5  13  14   3   1   0   2   1   0   1   3  0.27 0.20
  162 G    -2  -6  -4  -2  -6  -5  -6   7  -6  -7  -7  -5  -1  -7   0  -4  -5  -6  -7  -7    2   0   0   2   0   0   0  88   0   0   0   0   2   0   6   0   0   0   0   0  2.18 0.75
  163 R    -1   3  -1  -1  -5   1   3  -4  -2  -5  -5   5  -2  -6  -4  -2  -3  -5  -4  -5    6  17   2   2   0   5  22   1   1   0   0  39   1   0   0   2   0   0   0   0  0.92 0.44
  164 E     1   1  -2   0  -4   2   2  -1  -1  -2  -3   2  -1  -4  -1   0   0  -4  -1  -1   15   9   1   4   0  11  18   5   1   1   2  15   1   0   3   4   4   0   2   4  0.26 0.19
  165 I     0  -3  -4  -5  -3  -4  -4  -1  -2   3   3  -3   1   1  -3  -3  -1  -4   0   2    7   1   0   0   0   0   1   4   1  14  36   1   3   6   1   1   3   0   3  17  0.46 0.26
  166 Y    -3  -6  -6  -1  -6  -2  -4  -7  -3  -3  -4  -6  -3   7  -7  -5  -4   3   7  -3    2   0   0   3   0   2   1   0   0   1   0   0   1  40   0   0   1   3  44   2  1.90 0.69
  167 Y     1  -2   0   0  -4   0   0  -3   3  -1  -1  -2   1   2  -1  -2  -1   0   5  -1   15   2   5   5   0   5   6   1   6   2   4   2   4   9   4   1   2   1  22   3  0.31 0.22
  168 T     2   2  -1  -1  -3   3   1  -1  -1  -2  -1   0  -1   0  -3   0   2  -2   0  -1   18  12   2   2   0  14   8   4   1   1   5   3   2   4   0   5  14   1   3   3  0.19 0.18
  169 R    -1   6  -1  -2  -4   2  -1  -2   0  -4  -3   2  -2  -4   0  -2  -1  -4  -2  -3    4  47   2   2   0   9   2   3   2   1   1  14   1   0   4   2   3   0   1   1  0.78 0.30
  170 Y     1   2   0  -1  -2   0   0   1   0  -1  -1   0   0  -1  -1   1   0  -2   0   0   11  18   3   2   1   4   4  10   3   4   5   3   3   3   2   9   7   0   4   5  0.08 0.06
  171 G     0  -3  -2  -2  -3  -2  -2   6  -3  -3  -3  -2  -3  -3  -2   0  -2  -3  -3  -3    6   1   1   2   1   1   2  67   1   1   3   2   1   1   1   6   2   0   1   2  1.07 0.29
  172 Q     1  -1  -1  -2  -2   4   0  -1  -1   0  -1   0   0  -2   2   0  -1  -2   0  -1   10   2   2   1   1  29   3   5   1   6   5   5   2   1   9   6   4   0   3   3  0.26 0.14
  173 L    -1   1   0  -2  -2  -1  -2  -2   1  -1   2  -1   2   1  -2  -1  -1   0   3  -1    3  11   6   2   1   3   2   2   4   2  27   3   6   5   1   3   4   1  12   3  0.15 0.10
  174 D    -1   0   3   3  -2   0   0   0   0  -1  -2   0  -2  -2  -2   0  -1  -2  -1  -1    4   4  20  23   1   3   6   9   3   3   3   5   1   1   2   4   3   0   2   4  0.28 0.10
  175 L    -1  -2  -1  -1  -2   0  -1  -2   0   0   2  -1   2   3  -2  -1  -1  -1   1   0    5   2   3   3   1   5   4   2   2   4  24   3   7  17   2   4   2   0   3   7  0.14 0.08
  176 S     2   0   2  -1  -2   1  -1   0  -2  -2  -2  -1  -2  -2  -2   3   0  -3  -1  -1   18   4   9   2   0   8   2   4   0   2   2   2   0   2   1  33   3   0   2   3  0.30 0.15
  177 C    -3  -6  -6  -6  11  -6  -7  -5  -6  -4  -4  -6  -4  -5  -6  -4  -4  -5  -5  -4    0   0   0   0 100   0   0   0   0   0   0   0   0   0   0   0   0   0   0   0  3.41 0.52
  178 A     5  -1  -1  -2  -2   0  -1  -1  -3  -1  -2  -1   0  -3  -2   1   0  -4  -1  -1   63   2   3   1   0   4   2   2   0   3   2   2   2   0   0   6   4   0   2   3  0.50 0.19
  179 S     1  -1   1   0  -2   0   0  -1   0   0  -1  -1   0  -2  -1   2   1  -3  -1   1   10   1  10   4   0   4   3   2   3   5   5   1   2   1   1  21  13   0   1  11  0.10 0.07
  180 C    -3  -6  -6  -6  11  -6  -7  -5  -6  -4  -4  -6  -4  -5  -6  -4  -4  -5  -5  -4    0   0   0   0 100   0   0   0   0   0   0   0   0   0   0   0   0   0   0   0  3.41 0.52
  181 H    -4  -3  -2  -4  -6  -2  -3  -5  11  -6  -6  -3  -4  -4  -5  -4  -4  -5  -1  -6    0   0   0   0   0   0   0   0 100   0   0   0   0   0   0   0   0   0   0   0  3.02 0.52
  182 E     0  -3  -1   1  -4  -1   1   4  -1  -1  -2  -3   1  -2  -1   0  -1  -4  -4   0    7   0   2   7   0   2  10  37   1   3   3   0   4   1   3   6   3   0   0   9  0.38 0.15
  183 Q     1  -1   1   4  -4   2   2  -1  -1  -2  -3  -1  -1  -2  -1   0   0  -4   0  -2   15   3   5  24   0  11  11   4   1   1   2   3   2   1   2   5   4   0   4   3  0.29 0.15
  184 Y    -1  -1   5   3  -4  -1  -1   0   2  -2  -2  -3  -2  -3  -4  -1  -1  -4   1  -2    5   4  35  15   0   2   3   8   4   3   3   0   1   1   0   4   3   0   6   3  0.54 0.27
  185 F     2  -2  -1  -1  -3  -2  -2   4  -1  -2  -3  -2   0   0   0   0  -2   2   1   0   19   1   3   2   0   2   2  29   1   2   2   2   3   4   5   7   2   3   5   7  0.31 0.17
  186 D    -2  -2   0   0  -5   0   0   6  -4  -5  -4  -2  -2  -5  -5  -2  -2  -5  -5  -4    1   2   4   5   0   4   6  66   0   0   2   2   1   0   0   2   3   0   0   1  1.23 0.44
  187 H    -2   2   1  -2  -4   3   0   1   1  -3  -2   3   0  -4  -3  -1   0  -4  -2  -3    2  12   7   1   0  14   6  13   3   2   3  23   3   0   0   4   5   0   1   1  0.35 0.22
  188 Y    -2   4  -1  -2  -4   1  -1  -1   1  -1  -1   2   2  -1  -1  -2  -1   1   1   0    3  26   2   2   0   5   2   4   4   2   4  13   8   3   3   2   4   2   6   6  0.29 0.20
  189 I     0  -2  -2  -3  -3  -2  -2  -3  -3   4   2  -1   1   0  -1  -2  -2  -3   0   2    9   2   2   1   0   2   3   1   0  26  24   4   4   3   3   2   1   0   3  11  0.32 0.20
  190 R     1   7   0  -1  -5  -1  -2   1  -2  -4  -4   0  -3  -3  -3  -2  -4  -2  -2  -5   11  54   5   3   0   2   1   9   1   1   1   3   1   1   1   2   0   1   2   0  1.01 0.47
  191 A     4  -3  -1  -3  -3  -3  -3   3  -1  -3   0  -3   0  -3  -2   1   0  -4  -3  -3   36   1   3   1   0   1   1  21   1   1  11   1   3   1   2   9   6   0   1   1  0.48 0.32
  192 D     1  -2   0   4  -2   4   2  -1  -1  -5  -4  -2  -4  -4   0   2  -1  -5  -4  -4   10   1   3  23   1  17  13   5   1   0   1   1   0   1   4  15   2   0   0   0  0.55 0.34
  193 H    -1  -1  -1  -1  -3  -1  -1  -1   2   0  -1  -1  -1   0   3   0   0   1   2   0    5   3   2   4   0   2   2   5   7   7   7   3   1   5  17   5   7   2   7   7  0.17 0.14
  194 L    -2  -4  -4  -4  -4  -3  -4  -4  -4   2   5  -4   1   0  -1  -3  -2  -2   0   1    3   0   1   1   0   1   1   2   0  12  51   1   2   4   4   1   2   1   3  11  0.70 0.35
  195 S     0  -2  -1  -2  -3  -2  -1   0  -2  -2  -3  -1   2  -1   4   3   1  -1  -2   0    8   1   2   1   0   1   3   6   1   1   2   3   5   3  20  24   7   1   1   7  0.37 0.23
  196 Q    -1  -2   1   0  -3   4  -1  -3  -1  -2  -1  -1  -1  -3   3  -1  -1   5  -1  -1    6   2   8   5   0  22   3   2   1   2   6   2   2   1  16   3   4   8   2   4  0.42 0.27
  197 G     1  -4  -2  -3  -5  -4  -4   6  -3  -3  -3  -2  -5  -3  -4  -2  -2  -6  -5  -3   13   1   2   1   0   1   1  66   1   1   3   3   0   1   1   2   3   0   0   2  1.30 0.59
  198 Q     2  -2  -1   0  -4   3  -2  -2   4   0  -1   0   0  -3  -3  -1   0  -2  -1   1   20   1   3   5   0  14   1   3  13   6   5   6   2   1   0   2   5   1   1  11  0.28 0.26
  199 I     2  -3  -2  -3  -4  -3  -3   0  -2   0  -2  -2   1  -1   2   0   2   1   4   1   17   1   2   1   0   0   0   7   0   4   3   2   4   2   9   7  13   2  14  10  0.30 0.27
  200 N     2  -4   3  -2  -4  -3  -2   0  -1  -2  -3  -2  -2  -3   1   0   3  -1   1   1   22   0  15   2   0   0   1   8   1   1   1   2   1   0   6   4  19   1   4  10  0.37 0.31
  201 G     1  -1   0  -1  -4  -1  -1   3   5  -2  -2  -2   2  -2  -4   1   1  -4  -3   0   10   3   4   2   0   2   2  20  15   1   4   1   6   2   0  10  10   0   0   6  0.33 0.26
  202 F    -7  -7  -7  -8  -7  -7  -5  -7  -1  -4  -3  -7   1   7  -8  -6  -6   9   7  -4    0   0   0   0   0   0   1   0   1   1   2   0   3  37   0   1   0  23  30   1  2.30 0.91
  203 P    -6  -7  -7  -6  -7  -6  -6  -4  -7  -7  -8  -6  -7  -8   9  -6  -6  -8  -3  -7    0   0   0   0   0   0   0   2   0   0   0   0   0   0  95   0   0   0   1   0  3.32 1.21
  204 S     4  -1  -2  -2  -4   2  -1  -2  -1   0  -1   0   0  -4  -4  -1   2  -5  -2   1   35   4   1   2   0  11   2   3   1   5   4   5   2   0   0   3  11   0   1   9  0.35 0.30
  205 Y    -6  -6  -7  -8  -7  -4  -7  -5   0  -6  -5  -7  -6   3  -8  -6  -6   2   9  -4    0   0   0   0   0   1   0   1   2   0   1   0   0  12   0   0   0   2  80   1  2.91 1.07
  206 R    -2   8   1  -4  -7  -1  -4  -6  -3  -2  -4  -2  -1  -5  -2  -1  -5  -7  -6  -4    3  71   6   1   0   2   0   0   1   3   1   1   2   1   3   5   0   0   0   1  1.71 0.76
  207 L     1  -2  -2  -1  -3  -2  -2   0  -3  -1   1   0   1  -1   2   1   0  -4  -1   1   12   0   1   3   0   1   2   9   0   2  16   7   5   3  12  12   4   0   2  10  0.14 0.16
  208 K    -2   5  -1  -3  -5  -1   1  -1  -3  -5  -3   4  -4  -6  -1   1   0  -6  -5  -5    3  31   2   1   0   2   8   5   0   0   2  27   0   0   3  13   5   0   0   0  0.76 0.45
  209 N     0  -2   4   0  -5   2   1  -2   1  -4  -4  -1  -3  -4  -3   0  -1   8  -2  -4    9   2  19   5   0  10  10   2   3   1   1   3   1   0   1   7   3  20   1   1  0.73 0.42
  210 A     0  -3   1   3  -5   2  -2   5   1  -6  -6  -1  -5  -6  -5   0  -2  -2  -2  -5    6   0   5  17   0  10   2  42   3   0   0   3   0   0   0   8   2   1   1   0  0.81 0.45
  211 R     1   2   0  -1  -4   2   1   0   3  -4  -4   3  -2  -5  -3   0   0  -5  -3  -2   11  11   3   3   0   9  10   8   7   0   1  23   1   0   0   5   6   0   0   2  0.37 0.28
  212 L    -2  -5  -4  -5  -4  -4  -3  -6  -5   2   2  -5   4  -2  -2  -4  -2  -5  -2   5    2   0   1   1   0   1   2   0   0   9  22   0  11   1   2   1   1   0   1  46  0.94 0.49
  213 N    -2   2   3  -2  -4  -2  -2   3  -3   2  -3  -3  -1  -1  -5  -1  -2   4  -1   1    2  11  18   1   0   1   2  20   0  15   1   0   1   2   0   3   1   7   2  12  0.42 0.32
  214 A    -3  -5  -1   0  -5  -3  -4  -1  -5  -5  -6  -3  -5  -6  -2   4   6  -7  -6  -5    1   0   3   5   0   1   0   4   0   0   0   1   0   0   2  28  55   0   0   0  1.38 0.73
  215 V    -3  -5  -5  -6  -5  -2  -6  -6  -3   2   5  -5   5   2  -5  -3  -2  -4   0   0    1   0   0   0   0   2   0   0   0  12  51   0  15   8   0   2   2   0   3   4  0.99 0.50
  216 H     1  -1  -1  -1  -6   5   4  -4   5  -6  -5  -1  -4  -6  -4  -2  -3  -2  -4  -4   13   3   3   2   0  26  27   1  17   0   1   2   0   0   0   2   1   1   0   1  0.95 0.54
  217 D    -2   3   0   3  -6   1   4  -3   3  -5  -4   0  -1  -5  -4  -2  -3   2   0  -4    2  19   3  19   0   4  27   2   8   0   1   4   1   0   0   2   1   3   3   1  0.71 0.41
  218 R    -6   8  -5  -6  -8  -1  -5  -7  -5  -8  -7  -3  -1  -7  -7  -6  -6  -7  -1  -7    0  93   0   0   0   3   0   0   0   0   0   0   2   0   0   0   0   0   2   0  2.82 1.05
  219 F    -4  -6  -4  -6  -5  -6  -6  -7  -5   5   2  -6   2   4  -6  -5  -3  -4   2   2    0   0   1   0   0   0   0   0   0  40  17   0   5  19   0   0   1   0   6  12  1.09 0.49
  220 R    -1   3   5  -2  -5   4  -1  -2  -1  -4  -3   0  -2  -5  -5  -1  -2   2  -1  -2    4  18  32   1   0  17   3   3   1   1   2   5   1   0   0   2   2   2   2   3  0.72 0.43
  221 G    -1  -3   1   2   1  -1  -1   5  -2  -6  -5  -4  -2  -3  -5   0  -2   3  -5  -5    4   1   5  12   3   2   3  53   1   0   1   0   1   1   0   7   2   4   0   0  0.96 0.46
  222 I    -5  -8  -7  -8  12  -7  -8  -7  -8  -5  -5  -8   0  -7  -7  -6  -6  -7  -7  -6    0   0   0   0  94   0   0   0   0   1   1   0   3   0   0   0   0   0   0   0  4.19 1.27
  223 R    -4   5   1  -4  -6  -1  -3  -4  -1  -1  -2   1   2   4  -5  -4  -1   1   4  -3    0  34   8   0   0   2   0   1   1   3   2   7   6  16   0   0   4   2  13   2  0.78 0.45
  224 D    -2   1   1   1  -5   5  -1   0  -3  -4  -4   0  -4  -6  -3   3  -2  -1  -5  -5    2   6   7   9   0  31   2   8   0   1   2   4   0   0   1  25   2   1   0   0  0.70 0.46
  225 T    -1  -4   1  -5  -5   2  -4  -4  -5   0  -1  -3   8  -4  -4  -1   1  -6  -5   2    4   0   7   0   0  11   1   1   0   5   4   1  43   0   1   4   7   0   0  11  1.11 0.60
  226 R    -3   6   6  -3  -6   0  -2  -1  -3  -2  -3  -2  -1  -6  -6  -3  -4  -1  -5  -3    2  43  34   1   0   3   1   4   0   2   3   1   2   0   0   1   0   1   0   2  1.24 0.62
  227 G     3  -1  -4  -4  -5  -2  -4   5   0  -5  -2  -4   0  -1  -2  -2  -2   2  -4  -3   22   3   0   0   0   2   1  49   2   0   4   0   2   3   2   2   3   3   0   2  0.86 0.46
  228 V     0   1  -1  -2  -5   1   2  -3   0  -2  -3   4  -1  -2   2  -2   1  -5  -2   0    6   5   2   1   0   7  12   1   2   2   1  32   1   1   9   0   8   0   2   6  0.41 0.31
  229 P     2  -2  -3  -2  -5  -1   0  -2  -5  -5  -4  -1  -2  -4   7  -2   0  -6  -6  -2   14   2   1   2   0   3   7   4   0   0   1   4   1   1  51   1   6   0   0   2  1.18 0.57
  230 F    -4  -5  -6  -5  -5  -2  -5  -5  -3   1   3  -4   0   3   5  -4  -4   0   2  -2    1   0   0   0   0   2   0   1   1   7  31   0   2  14  32   0   0   1   6   2  0.98 0.50
  231 A     2  -1  -2   1  -5  -2   2  -2  -4  -3  -2   2  -3  -6   5  -2  -3  -6  -5  -3   17   2   2   9   0   1  13   2   0   1   3  12   0   0  33   2   1   0   0   2  0.75 0.43
  232 V     1  -2  -3  -2  -4  -2   0  -3  -1  -1   1  -1   0   2   3  -2  -2   0   4   0   14   1   1   2   0   1   6   1   1   2  13   3   3   7  18   1   1   1  17   7  0.38 0.28
  233 G    -2  -4   1   4  -5   1  -1   4  -1  -6  -4  -3  -5  -2  -5  -2  -1  -5   0  -5    3   0   7  27   0   8   3  36   1   0   1   1   0   2   0   2   3   0   4   0  0.78 0.44
  234 S     1  -5  -3   1  -5  -4  -4   1  -1  -5  -7  -4  -6  -7  -5   7  -1  -7  -6  -6    9   0   0   6   0   0   0   8   1   0   0   0   0   0   0  73   2   0   0   0  1.54 0.78
  235 P    -1  -1  -2   4  -6   0   3  -4  -2  -5  -4   2  -3  -6   4  -2  -2  -2  -5  -4    6   3   1  24   0   3  19   0   1   0   1  14   1   0  23   1   2   1   0   1  0.78 0.44
  236 E     1  -3  -3   1  -5   0   5  -4  -4  -1  -3  -2  -3  -5   0  -2  -1  -2  -4   1   11   0   1   7   0   3  48   1   0   3   2   1   1   0   6   1   4   1   0  11  0.75 0.47
  237 F    -3  -5  -1  -4  -5  -3  -5  -5  -2   1   1  -5   7   2  -4  -1   0  -2   4  -1    1   0   3   1   0   1   0   1   1   7  12   0  35   8   1   5   6   0  15   3  0.95 0.52
  238 V    -1   3   0  -3  -3   0  -2  -3  -4   2   0   2   0  -4  -4  -2   1  -5  -4   3    4  17   4   1   0   4   2   1   0  15   6  11   2   0   0   1  11   0   0  22  0.36 0.29
  239 A     6  -4   1   2  -5  -2  -1  -3  -5  -5  -5  -4  -5  -6  -5  -2  -4  -7  -4  -4   72   0   8  12   0   1   3   1   0   0   0   0   0   0   0   1   0   0   1   0  1.41 0.71
  240 L    -5  -6  -7  -7  -5  -6  -6  -7  -6   2   6  -6   5   0  -7  -6  -5  -5  -4  -1    0   0   0   0   0   0   0   0   0  11  69   0  14   3   0   0   0   0   0   2  1.55 0.65
  241 E    -1  -4  -2  -2  -5   0   5  -4  -4   2   0  -3  -1  -5  -4   0   1  -5  -4   2    4   0   1   1   0   3  42   1   0  12   7   0   2   0   0   7   8   0   0  13  0.64 0.42
  242 L     3  -4  -4  -4  -3  -3  -3  -3  -4  -2   2  -4   0   0  -4   1   2  -4   2   1   27   0   0   1   0   0   1   0   0   1  18   0   3   4   0  11  15   0   9  11  0.43 0.33
  243 Y    -7  -7  -7  -8  -7  -6  -7  -8  -2  -6  -5  -7  -5   5  -8  -7  -6  -1   9  -6    0   0   0   0   0   0   0   0   0   0   0   0   0  25   0   0   0   1  74   0  2.96 1.04
  244 V    -1  -4  -5  -5  -4  -1  -3  -5   2   2   3  -4   6   1  -5  -1  -3   3  -2   1    6   0   0   0   0   3   1   0   6  11  30   0  22   5   0   4   0   4   1   9  0.69 0.39
  245 A     2  -2   1  -1  -3   1  -1  -1   1  -2  -2   1   1  -1  -3   1   3  -2   2  -2   19   0   6   3   0   7   2   4   3   1   2   9   5   2   0   8  19   0   9   1  0.26 0.25
  246 S    -1  -3  -4  -1  -5  -1  -3  -3   0  -3  -5  -1  -4   1  -6   1  -2  10   5   0    6   1   0   4   0   2   2   2   3   1   0   5   0   4   0  11   2  35  16   7  1.32 0.59
  247 R    -2   2   0  -4  -4   0   0  -5  -3   1   3  -1   5  -3  -5  -2  -2  -5  -4  -1    3  15   6   0   0   4   5   0   0   8  34   2  15   0   0   2   2   0   0   4  0.51 0.34
  248 G     4  -2   0  -3  -4  -2  -4   1  -4  -5  -6  -3  -5  -6  -4   5  -2  -6  -3  -5   37   2   3   1   0   1   0  11   0   0   0   1   0   0   0  43   0   0   1   0  1.07 0.58
  249 N    -1   2   5  -2  -5   2   0  -3  -1  -4  -4   2  -2  -4  -4  -1   1  -5  -1  -4    5  13  31   1   0  10   6   1   1   1   1  13   1   0   0   4  11   0   2   0  0.65 0.39
  250 G    -3  -6  -3   0  -6  -4  -5   7  -6  -7  -7  -1  -6  -7  -5  -4  -4  -6  -7  -7    1   0   1   6   0   0   0  85   0   0   0   5   0   0   0   1   1   0   0   0  2.07 0.77
  251 L     2  -3  -2  -3  -3   0  -1   0  -3   1   3  -2   1  -1  -4  -2  -1  -4   0   1   21   1   1   1   0   4   4   9   0   7  29   2   4   1   0   0   4   0   3  10  0.24 0.22
  252 S    -2  -2  -3  -3  -6  -3   2  -5  -5  -4  -4   1  -4  -6   7   0   0  -7  -6  -1    2   2   1   1   0   1  13   0   0   1   1   9   0   0  52   6   6   0   0   5  1.28 0.58
  253 V    -1  -5  -3  -5  -4  -4  -5  -5  -5   4   1  -4   4  -1  -4  -2  -1  -3   0   4    5   0   1   0   0   0   0   0   0  26  11   0  10   1   1   3   2   0   3  35  0.78 0.40
  254 E     0  -2   3   1  -4   0   4  -1  -1   0  -3   1  -3  -4  -2   0  -1  -5  -4  -2    8   1  17   8   0   3  29   4   1   6   2   7   0   0   1   8   3   0   0   2  0.40 0.27
  255 G     2  -4  -3  -4  -3  -3  -4   3  -4   0   1  -3  -1  -3  -4  -1   2   0  -2   2   20   0   0   0   0   0   0  27   0   4  12   1   1   0   0   3  14   2   1  15  0.43 0.29
  256 P    -4  -3  -6  -3  -7   0  -5  -6  -6  -7  -6  -5  -7  -8   9  -3  -4  -8  -7  -5    0   1   0   2   0   4   0   0   0   0   0   0   0   0  90   2   0   0   0   1  2.85 0.93
  257 S     2  -3  -3   1  -4  -4  -4   5  -4  -5  -5  -4  -4  -5  -4   2  -1  -5  -5  -2   20   1   0   7   0   0   0  47   0   0   0   0   0   0   0  19   3   0   0   3  0.94 0.43
  258 V     0  -4  -5  -5  -3  -4  -4  -5  -4   3   2  -3   1   2  -4  -2  -2  -3   2   4    9   0   0   0   0   0   0   0   0  17  18   1   3   9   0   2   1   0   8  31  0.54 0.28
  259 R    -4   7  -3  -4  -7  -2  -3  -5  -4  -6  -6   5  -5  -6  -5  -4  -4  -6  -5  -6    0  63   0   0   0   0   0   0   0   0   0  37   0   0   0   0   0   0   0   0  1.90 0.64
  260 N    -3   6   2  -1  -5   2  -2  -4   2  -5  -5   4  -4  -5  -4  -2  -3  -5  -4  -5    0  44  12   2   0   7   0   0   4   0   0  32   0   0   0   0   0   0   0   0  1.11 0.40

                      K         Lambda
Standard Ungapped    0.1361     0.3191
Standard Gapped      0.0536     0.2670
PSI Ungapped         0.1730     0.3092
PSI Gapped           0.0536     0.2670
