
Last position-specific scoring matrix computed, weighted observed percentages rounded down, information per position, and relative weight of gapless real matches to pseudocounts
           A  R  N  D  C  Q  E  G  H  I  L  K  M  F  P  S  T  W  Y  V   A   R   N   D   C   Q   E   G   H   I   L   K   M   F   P   S   T   W   Y   V
    1 G    0 -2  0 -1 -3 -2 -2  6 -2 -4 -4 -2 -3 -3 -2  0 -2 -3 -3 -3    0   0   0   0   0   0   0 100   0   0   0   0   0   0   0   0   0   0   0   0  1.04 0.00
    2 N   -2 -1  6  0 -3  0 -1 -1  3 -4 -4  1 -3 -3 -2  1 -1 -4 -2 -3    0   0  66   0   0   0   0   0   8   0   0  12   0   0   0  14   0   0   0   0  0.74 0.13
    3 S    1 -1  4 -1  1 -1 -1 -1 -1 -3 -3  0 -2 -4 -2  4  0 -4 -3 -3   12   0  32   0   4   0   0   0   0   0   0   5   0   0   0  47   0   0   0   0  0.56 0.18
    4 P    1 -3 -1 -3 -3 -2 -2 -3 -3 -3 -1 -2  1 -4  7 -1 -1 -5 -4 -3   12   0   2   0   0   0   0   0   0   0   5   0   6   0  70   2   2   0   0   0  1.52 0.28
    5 Q    0 -2 -1  3 -4  0  5 -3 -2 -3 -4 -1 -3 -4 -1 -1 -1 -4 -3 -1    8   0   0  20   0   1  60   0   0   0   0   0   0   0   2   0   3   0   0   7  0.81 0.28
    6 E   -1  0 -2  3 -5  1  6 -3 -2 -1 -4 -1 -3 -4 -3 -2 -1 -5 -4 -3    4   4   0  17   0   4  62   0   0   6   0   0   0   0   0   0   4   0   0   0  0.89 0.32
    7 E    0 -2 -1  5 -5  0  5 -3 -2 -5 -5 -1 -4 -5 -3 -2 -1 -5 -4 -4    7   0   0  33   0   1  55   0   0   0   0   0   0   0   0   0   4   0   0   0  1.08 0.35
    8 V    2 -2 -2  1 -3  1  2 -3 -2  0 -2  1 -2 -3  1 -1 -1 -4 -3  3   21   0   0   8   0   5  16   0   0   1   1  10   0   0   6   1   1   0   0  29  0.24 0.18
    9 E    1 -2  1 -1  2  0  4  1  1 -1 -3  0  0 -4  1  0 -2 -4 -3 -2   11   0   6   0   5   0  39  10   4   5   0   6   4   0   7   3   0   0   0   0  0.35 0.20
   10 L   -3 -3 -1 -4 -3 -3 -4 -4 -3  1  4 -1  4  3 -4 -3 -2  3  1  0    0   0   3   0   0   0   0   0   0   6  49   5  13  13   0   0   0   4   3   3  0.55 0.24
   11 K   -2  1  0 -2 -4  1 -1 -1  1 -3 -2  5  0 -3 -3  0 -2 -4  0 -1    0   4   4   0   0   7   0   3   4   0   4  57   3   0   0   5   0   0   3   6  0.59 0.29
   12 K   -1  1  0 -2 -4  2  0 -3 -2 -3 -1  5  1 -4 -3 -1 -1 -4 -3 -1    3   3   4   0   0   8   3   0   0   0   5  58   6   0   0   3   3   0   0   4  0.64 0.30
   13 L   -1 -4 -5 -5 -3 -4 -4 -5 -4  2  5 -4  3 -1 -4 -4 -2 -3 -3  0    6   0   0   0   0   0   0   0   0  14  70   0   7   0   0   0   0   0   0   3  0.86 0.32
   14 K   -1  3 -2 -2 -4  0  1 -3  0  0 -1  4  1 -3 -3 -2 -2 -4 -3  1    5  16   0   0   0   1   7   0   3   7   3  42   6   0   0   0   0   0   0  11  0.44 0.24
   15 H   -1 -2  1  4 -4  1  2 -2 -1 -2 -3  0  0  0  0  0 -2 -4 -1 -1    4   0   8  33   0   9  11   0   1   1   0   6   4   4   5   6   0   0   2   4  0.36 0.17
   16 L   -1 -3 -3 -4 -2 -3 -3 -4 -3  3  2  0  0  1 -3 -2  0  2  1  3    3   0   0   0   0   0   0   0   0  17  27   7   0   7   0   0   7   4   6  24  0.33 0.17
   17 E   -1  0  0  1  1  0  5  0  2 -5 -4  0 -3 -5 -3  0 -2 -4 -3 -4    4   5   3   6   3   0  58   7   5   0   0   3   0   0   0   6   0   0   0   0  0.74 0.30
   18 K   -1  1 -1  1 -4  1  2 -3 -2 -2 -4  5 -3 -4 -3 -1 -1 -4 -3 -2    3   3   1   8   0   6  11   0   0   3   0  58   0   0   0   3   1   0   0   3  0.69 0.30
   19 S    1 -2 -1  2 -3  0 -1 -2  4 -4 -4  0  0 -4 -2  4  1 -4 -3 -3   12   0   0  12   0   3   0   0  11   0   0   6   3   0   0  46   7   0   0   0  0.53 0.28
   20 V    0 -3  0 -4  1 -1 -3 -4 -3  2  1 -3 -1  2 -4 -2 -1 -3 -2  4    7   0   6   0   3   3   0   0   0   8  12   0   0   9   0   0   3   0   0  51  0.45 0.24
   21 E   -1  0  0  3 -4  2  3 -1 -2 -3 -1  1  0 -4 -2  0  0 -4 -3 -2    2   4   3  22   0   8  30   3   0   0   6  10   3   0   0   3   4   0   0   3  0.40 0.18
   22 K   -1  1  1  0 -3  2  2 -1 -1 -3 -2  3 -2 -4 -2  2  0 -4 -3 -2    3   4   8   3   0  12  13   3   0   0   5  28   0   0   0  18   3   0   0   1  0.35 0.18
   23 I   -2 -2  0 -2 -2  0 -1 -1  2  2  1  0  2 -1 -3 -2  0 -2  0  1    1   0   6   0   0   4   3   4   8  21  14   5  10   0   0   0   8   0   3  12  0.13 0.11
   24 A    3 -2  0 -1 -2 -1  2 -1 -2 -2  0  0  1 -3 -2  1  0 -3 -2  0   32   0   4   0   0   0  18   1   0   0  10   3   4   0   0  14   5   0   0   6  0.22 0.16
   25 D    0  1  3  2 -3  2  1 -1 -1 -3 -3  3 -1 -3 -2  0  0 -4 -3 -3    6   4  18  12   0   8   7   2   1   0   1  29   2   0   0   4   5   0   0   0  0.37 0.17
   26 Q   -2  1 -2 -1 -4  4  1 -3  1 -4 -4  5 -3 -5  1 -2  1 -4 -3 -4    0   4   0   1   0  24   5   0   4   0   0  45   0   0   7   0   9   0   0   0  0.75 0.32
   27 L   -2 -3 -4 -5 -3 -1 -4 -5 -3  1  4 -3  3  2 -4 -3 -1 -2  1  0    2   0   0   0   0   3   0   0   0   5  62   0   7   7   0   0   4   0   5   4  0.64 0.26
   28 E    0 -1  0  3 -3  1  3 -2 -1 -3 -3  0 -3 -3 -2  2  0 -3  1 -2    8   0   4  16   0   5  30   2   0   0   0   4   0   0   0  18   6   0   6   1  0.41 0.20
   29 E    0  0 -1  3 -4  2  3  1 -2 -4 -4  0 -2 -4 -2  0  0 -4 -3 -3    7   3   0  19   0  11  30  14   0   0   0   4   1   0   0   3   7   0   0   0  0.47 0.21
   30 L   -2 -3  0 -4 -2 -3 -3 -4  1  3  3 -3  2  1 -4 -1 -2 -3 -2  2    0   0   5   0   0   0   0   0   5  19  37   0   6   6   0   5   0   0   0  16  0.40 0.19
   31 N    0  1  4  0 -3 -1  1  0  1 -3 -2  0  0 -3 -2  1  1 -4 -3 -2    9   7  25   4   0   0  13   8   4   1   3   4   3   0   0   9  11   0   0   0  0.28 0.15
   32 K   -1  1  1  2 -3  1  2 -1  0 -3 -3  3 -2 -3 -2  1 -1 -4 -1 -1    3   7   5  10   0   3  13   5   2   0   0  31   0   0   0  12   1   0   3   5  0.31 0.17
   33 E   -2 -2 -1  3 -4  2  5 -3 -2 -3 -4  1 -3 -4 -3  0  0 -4 -3 -1    1   0   0  19   0  11  46   0   0   0   0   6   0   0   0   5   5   0   0   7  0.71 0.29
   34 L   -1 -4 -4 -5 -3 -3 -4 -4 -4  2  4 -4  3  2 -4 -3 -2  3 -1  1    4   0   0   0   0   0   0   0   0  13  48   0  10   9   0   0   0   5   0  11  0.60 0.24
   35 T    1 -1  0  2 -3  1  1 -2  0 -2  0  0 -2 -3 -2  1  3 -4 -3 -2   14   1   3  17   0   7   8   0   3   1  11   5   0   0   0   6  25   0   0   0  0.24 0.16
   36 G   -2 -2  1  2 -4  1  0  5 -3  0 -4 -2 -3 -4 -3  0 -1 -4 -4 -3    0   1   5  11   0  10   4  51   0   9   0   0   0   0   0   4   4   0   0   0  0.63 0.25
   37 I   -3 -4 -4 -5 -3 -4 -4 -1 -4  5  3 -4  2 -1 -4 -3 -2 -3  1  1    0   0   0   0   0   0   0   7   0  47  29   0   6   0   0   0   0   0   5   6  0.66 0.27
   38 Q   -1  0  0  2 -3  3  2 -2  2 -2  0  1  1 -2 -2  1 -1 -3 -2 -2    0   0   0  13   0  17  13   0   7   0  13  14   7   0   0  15   0   0   0   0  0.23 0.10
   39 Q   -1  2  2  0 -3  2  2 -2 -1 -2 -2  2  2 -3 -2  1 -1 -3 -2 -2    0  14  14   0   0  14  14   0   0   0   0  14  14   0   0  14   0   0   0   0  0.29 0.10
   40 G   -1 -2  0 -1 -3  0 -1  6 -2 -4 -4 -2 -3 -4 -3 -1 -2 -3 -3 -3    1   1   5   2   0   6   5  75   0   1   1   1   0   0   1   1   1   0   0   1  1.02 0.23
   41 F   -2 -3 -3 -3 -3 -3 -1 -3 -2 -1 -1 -3 -1  7 -3 -1 -2  0  2 -2    1   1   1   1   0   1   5   1   0   1   1   1   0  72   1   6   1   0   4   1  1.03 0.25
   42 L   -1 -2 -3  0 -2 -2 -2 -3 -3  1  4 -2  1 -1 -3 -2 -2 -2 -2  1    4   1   1   6   0   1   1   1   0   1  67   1   0   1   1   1   1   0   1  11  0.46 0.16
   43 P    2 -1  0  1 -2  2  2  0  1 -2 -2  0 -2 -2  0  1 -1 -2 -1 -1   29   1   2   8   0  11  13   5   4   1   1   5   0   1   5   9   1   0   1   3  0.20 0.08
   44 K   -1  0  0  2 -3  1  2 -2 -1 -2 -3  4 -2 -3 -1  0 -1 -3 -2 -2    4   1   3  13   0   4  14   1   0   4   1  46   0   1   1   5   1   0   1   1  0.41 0.14
   45 D   -1 -1  0  4 -3  0  3 -2 -1 -3 -3  0 -3 -3  2  1 -1 -3 -3 -3    1   1   3  31   0   1  29   1   0   1   1   4   0   1  12  10   1   0   1   1  0.54 0.14
   46 L   -2 -2 -2 -2 -2 -1 -1 -3  1  0  4  0  1  0  0 -2 -1 -2 -1  0    1   1   2   1   0   1   6   1   5   2  61   6   2   1   5   1   1   0   1   2  0.32 0.13
   47 Q   -1  1 -1 -1 -2  4  2 -2  1  0 -1  1  0 -2 -1 -1 -1 -2 -1  0    2   8   1   1   0  32  15   2   4   7   4   8   3   1   1   2   1   0   1   8  0.27 0.11
   48 A    2  1  0  0 -2 -1 -1  0 -2  0 -1  0 -1 -1  1  1  0 -2 -2  1   28   7   5   5   0   1   1   4   0   4   1   7   0   4   7   8   4   0   0  12  0.11 0.06
   49 E   -1 -1  0  1 -3  2  4  0 -1 -3 -3  1 -2 -3  2 -1  0 -3 -2 -3    1   1   4   7   0   7  44   5   0   1   1   9   0   1  10   1   6   0   0   1  0.46 0.14
   50 A    4 -2  0 -2 -1 -1 -1 -1 -2 -1 -1 -1  2 -2 -2  1  0 -2  0  0   49   1   4   1   0   1   1   1   0   1   5   1   7   1   1  13   6   0   5   4  0.29 0.13
   51 L   -2 -2 -2 -3  3 -2 -2 -1  1  1  3 -1  0  1 -2 -2 -1 -2 -1  1    1   1   1   1   8   1   1   6   5   5  52   5   0   5   1   1   1   0   0   6  0.27 0.12
   52 C   -1  0  0 -1  3  1 -1 -1 -1 -1 -2  2 -2 -2  2  2  0 -3 -1 -1    1   4   5   1  11   6   1   4   0   4   1  21   0   0   9  20   3   0   2   6  0.20 0.09
   53 K   -1  1 -1 -1 -3  2  1  0  2 -3 -3  5 -2 -3  0  0 -1 -3 -2 -3    1   3   1   1   0  10   5   9   5   1   1  53   0   0   3   4   1   0   0   1  0.51 0.17
   54 L   -2 -2 -3 -3 -2 -2 -3 -3 -3  1  4 -2  2 -1 -3  0 -1 -2 -2  2    1   1   1   1   0   1   1   1   0   5  60   1   5   0   1   8   1   0   0  13  0.44 0.15
   55 D   -1  0  0  4 -3  1  2 -1  0 -2 -3  1 -2 -3 -2  0  1 -3 -2 -1    4   3   2  32   0   4  16   4   3   1   1  11   0   0   1   2  10   0   0   4  0.34 0.11
   56 R   -2  3 -1 -2 -3  1 -1 -2  1 -1 -2  5 -2 -3 -2 -1 -2 -3 -2 -1    1  15   1   1   0   3   1   2   3   6   1  60   0   0   1   1   1   0   0   5  0.60 0.20
   57 R   -2  5 -1  1 -3  3  0 -2  1 -3 -3  3 -2 -3 -2 -1 -2 -3 -2 -3    1  37   1   9   0  20   1   1   4   1   1  21   0   0   1   1   1   0   0   1  0.59 0.18
   58 V   -1 -3 -3 -3  3 -3 -3 -3 -3  3  2 -3  0 -1 -3 -2  0 -3 -2  3    1   1   1   1   8   1   1   1   0  26  17   1   0   0   1   1   4   0   0  37  0.41 0.14
   59 K    0  0  0 -2 -2  0 -1  0 -2  0  0  4  2 -2 -2 -1 -1 -3 -2  0    9   1   4   1   0   1   1   6   0   4  12  43   9   0   1   1   3   0   0   4  0.22 0.13
   60 A    2 -2  0 -2  1 -1 -1  2  0  0 -1 -1 -1  0 -1  1  0 -2  0  0   22   1   4   1   3   1   1  18   3   4   7   1   0   6   1   9   8   0   4   7  0.10 0.05
   61 T    0 -2 -1 -2  3 -1 -2 -2 -2  0  0 -2  0  1 -2  1  3 -1  2  0    9   1   1   1  10   1   1   1   0   2  11   1   1   5   1  10  28   0   9   7  0.17 0.09
   62 I    1 -2  1 -1 -1 -1 -1  0  0  2 -1 -1  0 -2 -2  1  1 -2 -2  0   15   1  11   1   0   1   1   5   4  23   2   1   3   1   1  13  14   0   1   4  0.12 0.08
   63 E   -2 -1 -1  0 -4  1  6 -3  2 -4 -3 -1 -3 -4 -2 -1 -2 -3 -3 -3    1   1   1   1   0   4  81   1   5   1   1   1   0   0   1   1   1   0   0   1  1.11 0.29
   64 Q   -1  0  1  0 -3  5  2 -2  0 -2 -1  0  0  0 -2 -1 -1 -2 -2 -2    4   5   9   4   0  41  16   1   1   1   5   1   3   7   1   1   1   0   0   1  0.43 0.17
   65 F   -1 -3 -1 -3  5 -3 -3 -3 -2 -1  2 -3  0  4 -3 -2 -2 -1  2 -1    6   1   3   1  17   1   1   1   0   1  29   1   0  31   1   1   1   0   6   1  0.47 0.16
   66 M   -1 -2 -2 -2 -2 -1  0 -2 -2  0  1 -2  7 -1 -2 -1 -1 -2 -2  1    2   1   1   1   0   1   6   1   0   1   2   1  67   1   1   5   1   0   1   6  0.62 0.17
   67 K   -1  3 -1 -1 -3  2  0 -2 -1 -2 -2  4 -1 -3 -1 -1  0 -2 -2 -2    2  19   1   1   0   7   1   1   0   1   2  52   0   1   1   1   7   0   1   1  0.45 0.10
   68 I   -1 -1  0 -1 -1  0 -1 -2  1  2  1 -1  1  0 -2  0  0 -2 -1  1    2   1   4   4   0   6   4   1   6  29  17   1   4   3   1   8   8   0   1   1  0.07 0.04
   69 L   -2 -2 -3 -3 -2 -2 -2 -3 -2  1  4 -2  1  1 -2 -2 -1 -2 -1  0    2   1   1   1   0   1   1   1   0   1  77   1   0   6   1   1   1   0   1   1  0.47 0.11
   70 E   -1 -1 -1  1 -3  1  5 -2 -1 -1 -1  0 -2 -3 -1 -1 -1 -3 -2 -2    2   1   1   4   0   1  70   1   0   4   7   1   0   1   1   1   1   0   1   1  0.61 0.13
   71 E    0  0 -1 -1 -2  3  2 -2 -1  0  0  1 -1 -2 -1  0  2 -2 -2 -1    3   5   1   1   0  20  16   1   0   6   9   7   0   1   1   7  18   0   1   1  0.17 0.05
   72 I   -1 -2 -3 -3 -1 -2 -2 -3 -2  3  3 -2  3  0 -2 -2 -1 -2 -1  1    2   1   1   1   0   1   1   1   0  26  47   1   9   1   1   1   1   0   1   4  0.32 0.08
   73 D   -2 -2  0  6 -3 -1  1 -2 -2 -3 -3 -1 -3 -3 -2 -1 -1 -3 -3 -3    2   1   1  81   0   1   1   1   0   1   2   1   0   1   1   1   1   0   1   1  1.02 0.16
   74 T    2 -1 -1 -1 -1  0 -1  2 -1 -2 -2 -1 -1 -2 -1  2  2 -2 -2 -1   31   1   1   1   0   5   1  14   0   1   2   1   0   1   1  23  14   0   1   1  0.25 0.07
   75 L   -1 -2 -2 -3 -1 -2 -2 -3 -2  2  3 -2  4  0 -2 -2  0 -2 -1  1    2   1   1   1   0   1   1   1   0  13  44   1  19   1   1   1   5   0   1   5  0.29 0.08
   76 I    0  1  1  0 -1 -1 -1 -2 -2  3  0 -1  0 -2 -1  0  0 -3 -2  1    6   9  11   5   1   2   0   0   0  32   0   0   2   0   3  11   3   0   0  13  0.10 0.07
   77 L   -2 -3 -3 -3 -2 -3 -3 -4 -3  3  4 -3  1  2 -3 -2 -1 -2 -1  1    1   0   0   1   0   0   1   1   0  22  50   1   1   8   0   1   4   0   0   9  0.44 0.14
   78 P    0 -2 -1  0 -3  0  0  1  1 -3 -3  0 -3 -4  6 -1 -2 -4 -3 -3    7   0   2   6   0   3   5  15   4   0   1   5   0   0  48   1   1   0   0   1  0.89 0.18
   79 E   -1 -1 -1  0 -4  1  5  0 -1 -3 -3  1 -2 -3  1 -1 -2 -3  0 -2    3   0   2   2   0   5  56   6   0   0   1   6   0   0   8   1   1   0   4   3  0.57 0.18
   80 N    0 -2  5  3  3  0  0 -1 -1 -3 -3 -1 -2 -3 -2  1  0 -3 -3 -3    7   0  37  16   8   4   4   1   0   0   1   1   0   0   0  15   4   0   0   1  0.47 0.15
   81 F    0 -2  1 -2  1  0 -1 -2  1 -1  0 -2  2  5 -3  0 -1 -1  1 -2    7   0  11   1   4   6   4   1   3   0   6   1   7  39   0   9   1   0   0   1  0.31 0.14
   82 K   -1  0  1 -1 -3  2  1 -2 -1 -1 -2  4 -2 -2 -2  1  1 -3 -2 -1    1   2   6   1   0  10  10   1   0   3   1  36   0   2   0  14  10   0   0   3  0.30 0.13
   83 D   -1  1  1  4 -3  1  2 -1 -1 -3 -2  1 -2 -3 -2  0 -1 -3 -3 -2    3   6   8  39   0   4  12   3   0   0   4   9   0   0   0   5   1   0   0   3  0.42 0.12
   84 S    1 -2  1 -2  4 -1 -1 -1 -2  0  0 -1 -1  0 -2  2  0 -2 -2  1   18   0   8   1  11   0   5   3   0   6  10   1   0   4   0  21   1   0   0  10  0.13 0.08
   85 R   -2  7 -2 -2 -4  1 -1 -3 -2 -1 -3  2 -2 -3 -3 -2 -2 -3 -3 -3    1  74   0   1   0   4   1   1   0   5   1  10   0   0   0   1   1   0   0   1  1.05 0.26
   86 L    0  0 -2 -2 -2  0  0 -1 -2  0  2  0  2  0  0  0  0 -2 -1  0    9   3   0   1   0   4   8   4   0   0  26   4   8   5   4   9   8   0   0   6  0.07 0.05
   87 K   -2  0  0 -2  1  0 -1 -2 -2 -1 -2  5 -2 -1 -2 -1  0 -3  0 -2    1   0   3   1   4   0   1   1   0   3   4  66   0   4   0   1   7   0   3   1  0.57 0.21
   88 R   -2  7 -2 -2 -4  0 -1 -1 -2 -4 -3  2 -2 -4 -3 -2 -2 -3 -3 -3    1  75   0   1   0   0   1   6   0   0   1  11   0   0   0   1   1   0   0   1  1.12 0.27
   89 K   -2  2 -1 -2 -4  0 -1 -3 -2 -4 -3  7 -3 -4 -2 -2 -2 -4 -3 -3    1   5   0   1   0   0   1   1   0   0   1  87   0   0   0   1   1   0   0   1  1.16 0.30
   90 G    0  0  1 -1  1  0 -1  3 -2 -2 -2  1 -2 -1 -2  2  1 -3 -2 -2    1   3   6   1   3   4   1  26   0   0   5  11   0   4   0  24  10   0   0   1  0.24 0.10
   91 L   -1 -2 -3 -3 -2 -1 -2 -3  1  1  4 -1  2 -1 -3 -2 -1 -2 -2  1    4   0   0   1   0   4   1   1   4   3  58   3   6   0   0   1   4   0   0  10  0.37 0.14
   92 V    0 -3 -3 -3 -2 -3 -3 -3 -3  3  0 -3  0 -2 -3 -2  0 -3 -2  5    5   0   0   1   0   0   1   1   0  19   1   1   2   0   0   1   5   0   0  63  0.60 0.20
   93 K   -1  0  2  3 -3  1  0 -2 -1 -3 -3  4 -2 -3 -2  0  0 -3 -3 -1    5   0  13  19   0   5   1   1   0   0   1  40   0   0   0   6   4   0   0   4  0.39 0.15
   94 K   -1  3  0  0 -3  1  1  0 -1 -2 -3  4 -2 -3 -2 -1  1 -3 -2 -2    1  16   2   3   0   6  11   8   0   3   1  36   0   0   0   1  11   0   0   1  0.35 0.13
   95 V   -2 -3  0 -3 -2 -3 -3 -4 -3  5  1 -3  0 -1 -3 -2 -1 -3 -2  3    1   0   5   1   0   0   1   1   0  46  12   1   0   0   0   1   1   0   0  29  0.51 0.17
   96 Q   -2 -1  2 -1 -4  7  1 -3  2 -4 -3  0  0 -4 -2 -1 -2 -3 -2 -3    1   0  10   1   0  70   5   1   5   0   1   1   3   0   0   1   1   0   0   1  1.03 0.29
   97 A    2 -1  0  1 -2 -1  0  1 -2 -1 -2 -1 -1 -3 -2  1  2 -3 -2  0   28   3   2   9   0   0   5  13   0   0   0   0   1   0   0  12  16   0   0  10  0.21 0.10
   98 F   -1 -3 -4 -4  2  0 -3 -4 -2  0  2 -3  0  5 -4 -3 -2 -1  2 -1    7   0   0   0   6   6   0   0   0   3  28   0   0  44   0   0   0   0   6   0  0.55 0.18
   99 L   -2 -3 -4 -5 -2 -3 -4 -5  0  2  5 -3  2 -1 -4 -3 -2 -3 -2  0    0   0   0   0   0   0   0   0   4   7  85   0   3   0   0   1   0   0   0   0  0.82 0.22
  100 A    3 -1  1  2 -2  0 -1 -1 -2 -2 -3  0 -2 -3 -2  1  1 -4 -3 -1   46   0   9  17   0   5   0   0   0   0   0   7   0   0   0   5   8   0   0   4  0.33 0.14
  101 E   -1  2 -1  1 -4  4  3 -3  0 -4 -3  2 -2 -4 -2  0  0 -3 -3 -3    1  11   0   8   0  27  28   0   1   0   0  16   0   0   0   3   4   0   0   1  0.54 0.15
  102 C    1 -4  2 -3  9 -3 -4 -3 -3 -1 -2 -3 -2 -4 -4 -2 -2 -4 -3  0   15   0  16   0  61   0   0   0   0   4   0   0   0   0   0   0   0   0   0   5  1.27 0.28
  103 D   -3 -3  0  7 -5 -2  0 -3 -3 -5 -5 -2 -5 -5 -3 -2 -3 -6 -5 -5    0   0   0 100   0   0   0   0   0   0   0   0   0   0   0   0   0   0   0   0  1.80 0.34
  104 T    1  0 -1  0 -2  1  0 -1 -2 -1 -2  2  0 -3 -2  1  3 -3 -2 -1   11   3   0   3   0   8   4   2   0   3   0  21   4   0   0  11  28   0   0   0  0.24 0.10
  105 V   -1 -3 -3 -4 -2 -3 -3 -4  0  2  3 -3  2 -1 -3 -1 -1 -3 -2  4    2   0   0   0   0   0   0   0   4  12  31   0   4   0   0   4   0   0   0  43  0.43 0.14
  106 E   -1  0 -1  0 -3  2  5 -3 -1 -1 -1  1 -2 -3 -2  0 -1 -3 -3 -1    3   4   0   0   0   7  59   0   0   4   6   6   0   0   0   5   0   0   0   5  0.50 0.14
  107 Q    1  1 -1 -1 -3  4  2  1 -1 -3 -3  1 -2 -4 -2  0  1 -3 -2 -2   16   7   0   0   0  30  17  12   1   0   0   8   0   0   0   0   9   0   0   0  0.36 0.11
  108 N   -1  2  4  1  1 -1 -1  1 -1 -3 -3  0 -2 -2 -2  2  1 -3  1 -3    0  15  30   6   4   0   0   8   0   0   0   4   0   0   0  21   6   0   6   0  0.32 0.10
  109 I   -2 -4 -4 -4 -2 -4 -4 -5 -4  5  2 -4  0 -1 -4 -3 -2 -3 -2  2    0   0   0   0   0   0   0   0   0  73  16   0   0   0   0   0   0   0   0  11  0.76 0.18
  110 C   -1 -2 -1  1  6 -1  1  2 -2 -3 -3  0 -2 -3 -2  1 -1 -3 -3 -2    0   0   0  12  35   0  10  22   0   0   0   9   0   0   0  12   0   0   0   0  0.48 0.09
  111 Q   -2  1 -1 -1 -4  7  1 -3  0 -3 -2  2 -1 -4 -2 -1 -1 -3 -2 -3    0   1   0   0   0  87   0   0   0   0   1  10   0   0   0   0   0   0   0   0  0.94 0.16
  112 E   -1  0 -1  1 -4  2  6 -2  0 -4 -3  1 -2 -4 -1  0 -1 -3 -2 -3    0   0   0   0   0   0  97   0   0   0   0   3   0   0   0   0   0   0   0   0  0.84 0.06

                      K         Lambda
Standard Ungapped    0.1334     0.3140
Standard Gapped      0.0398     0.2670
PSI Ungapped         0.1293     0.3056
PSI Gapped           0.0398     0.2670
