
Last position-specific scoring matrix computed, weighted observed percentages rounded down, information per position, and relative weight of gapless real matches to pseudocounts
            A   R   N   D   C   Q   E   G   H   I   L   K   M   F   P   S   T   W   Y   V   A   R   N   D   C   Q   E   G   H   I   L   K   M   F   P   S   T   W   Y   V
    1 C    -4  -7  -6  -7  12  -6  -7  -6  -7  -5  -5  -7  -5  -6  -6  -4  -4  -6  -6  -4    0   0   0   0 100   0   0   0   0   0   0   0   0   0   0   0   0   0   0   0  3.81 0.84
    2 K    -2   0  -2  -2  -4   3   3  -3  -1   0  -3   3  -1  -4  -2   0   2  -4  -3  -1    1   1   0   0   0  17  19   0   1   5   0  27   1   0   1   7  15   0   0   5  0.47 0.27
    3 E    -2  -2  -1   4  -5   0   4  -4   4  -2  -3  -2  -3   2  -3   1  -2  -4  -1  -3    1   1   1  22   0   3  35   0  10   2   1   1   0  10   0  10   0   0   1   2  0.62 0.31
    4 R    -1   6  -2  -3  -4  -2  -2  -4   3  -1  -3   0  -3   0  -3   0  -2  -4   2   0    6  47   1   0   0   0   1   0   7   4   0   3   0   4   1   9   1   0   8   8  0.67 0.35
    5 E    -2  -2   1   1  -4  -1   4   1   0  -4  -4   0  -4  -3   2   1   0  -5  -3  -4    1   1   5   6   0   0  36  13   2   1   0   5   0   1  10  14   4   0   1   0  0.50 0.28
    6 E    -2  -1   0   1  -4   2   4  -2   2  -2  -2   1   4  -4   1  -1  -2  -4  -3  -2    2   1   3   6   0   7  32   3   6   1   2   9  14   0   6   2   1   0   0   3  0.44 0.28
    7 K    -1   0   0  -1   0   3   2  -2   4  -3  -2   2  -2  -2  -1   0  -1  -3   2  -2    3   3   2   2   2  14  14   2  14   1   2  17   0   1   2   6   4   0   8   1  0.32 0.19
    8 I    -1  -2   0  -2  -3   1  -2  -3   2   3   0  -1   0   5  -2  -1  -2  -2   1   1    4   2   5   1   0   8   1   1   5  20   4   3   2  27   1   3   1   0   3   8  0.31 0.19
    9 I    -3  -2  -3  -3  -4  -1   1  -5   0   5  -1  -1   0  -1  -4  -2   0   2  -3   2    0   2   0   1   0   2  10   0   2  48   1   4   1   2   0   3   6   3   0  15  0.62 0.35
   10 L    -2  -2  -2  -2  -3   0  -2  -4   1   0   2  -2   0   2  -4   0   2  -2   4  -1    2   2   1   1   0   6   2   0   3   5  26   1   1   9   0   6  17   0  15   3  0.32 0.24
   11 V     0  -1  -4  -3  -3  -4  -4  -5  -4   2  -1  -4   2   4  -3  -3  -1  -1  -1   4   10   5   0   1   0   0   1   0   0  11   4   0   5  20   1   0   3   1   1  37  0.61 0.35
   12 S     2  -1  -3  -3   3  -3  -3  -1  -3  -1   0  -2  -2  -1   0   3  -1  -4   0   2   19   3   0   0   8   0   0   4   0   1   8   2   0   2   5  25   1   0   4  16  0.31 0.27
   13 S    -1  -2  -1   2  -4  -2   3  -4  -3   0   0  -2   4  -2  -3   1  -1  -4  -2   1    3   1   1  12   0   0  25   0   0   5  11   0  11   1   1  14   2   0   1   9  0.34 0.28
   14 A     2  -3  -2  -2  -5  -2   5   4  -4  -4  -2  -2  -4  -5  -2  -2  -4  -5  -5  -1   16   0   1   2   0   0  37  27   0   1   5   1   0   0   2   2   0   0   0   4  0.74 0.45
   15 N    -3  -3   4   2  -5   1   3   4  -1  -5  -5  -2  -5  -5  -1  -2  -4  -5  -1  -5    0   1  21   9   0   7  18  33   1   1   1   1   0   0   3   2   0   0   2   0  0.78 0.44
   16 E    -4  -4  -3  -2  -7   1   7  -6  -4  -7  -7  -3  -6  -6   4  -3  -5  -7  -2  -6    0   0   1   1   0   6  64   0   0   0   0   0   0   0  23   2   0   0   2   0  1.76 0.81
   17 I     3  -5  -5  -5  -5  -4  -2  -5  -5   1  -1  -4  -2   4   6  -2  -2  -5  -1  -2   22   0   0   0   0   0   3   0   0   9   4   0   1  19  35   1   2   0   1   3  0.98 0.51
   18 D     1  -3  -4   0  -2  -1  -3  -1  -2  -1   2  -3  -2   3  -4  -2  -1  -3   3   2   15   1   0   8   0   3   1   4   0   1  19   1   0  14   0   1   3   0  13  16  0.32 0.28
   19 V     1   1  -5  -5  -2  -4  -4  -4  -5   3   2  -2   0   0  -4  -3  -3   0  -2   4   12  10   0   0   1   0   0   1   0  18  18   3   1   4   1   1   0   2   1  28  0.50 0.33
   20 R    -3   1  -2  -4  -1  -2  -3  -4  -2   2   2   2   0   1  -3  -1  -2  -4  -2   2    0   9   2   0   1   1   1   1   1  13  21  17   1   5   1   5   1   0   0  19  0.32 0.25
   21 P    -2   3   2  -1   2   0  -2  -4   2  -4  -3   3  -3  -2   0   1  -1  -4   2  -4    1  20   9   3   4   4   1   0   5   1   2  19   0   1   5  11   3   0   9   0  0.44 0.31
   22 C    -4  -8  -7  -8  11  -4  -8  -6  -8  -5  -4  -5  -6   0  -8  -3  -3  -7  -7  -5    1   0   0   0  87   1   0   1   0   1   1   1   0   4   0   2   2   0   0   0  3.63 1.20
   23 P    -1  -5  -2  -3  -6  -4  -4  -3  -5  -4  -4  -4  -5  -4   7   2   0  -7  -4  -3    4   0   2   1   0   0   0   2   0   1   2   0   0   1  62  15   7   0   1   2  1.65 0.73
   24 L    -2   0  -2  -3   3   2  -2  -4  -2   0   3  -1  -1   1  -2   1  -2  -3   2  -1    2   5   1   1   8   9   1   1   1   4  33   3   1   7   2  13   1   0   7   2  0.32 0.26
   25 N    -1   2   2   0  -3  -1   0  -2   0  -2  -3  -1  -1  -1   2   2   2  -1  -3  -1    5  11  11   4   0   1   5   2   2   2   1   3   1   3  11  18  14   1   0   5  0.26 0.23
   26 P     1  -1  -2  -1  -2   1   0   1   1  -3  -2   0  -2   0   4   1  -1   2  -1  -2   10   2   0   3   1   7   4  10   3   1   4   6   1   4  23  11   2   3   2   2  0.31 0.22
   27 N     0  -1   2  -1  -4   1   1   0   3  -2  -3   0  -2  -2  -2   2   2   0   0  -2    8   2   9   1   0   5  10   6   8   2   2   4   1   2   1  19  13   1   3   2  0.23 0.22
   28 E    -2   0   2   0  -3   0   1  -3   3  -4  -4   2  -2  -1  -1   3   0   0  -1  -2    2   5  10   3   0   4  11   0   7   0   1  11   1   3   2  27   4   2   1   3  0.37 0.30
   29 H     0  -1   1   1  -4  -1   2   1   3  -3  -2   0  -2  -3   2   1  -1  -4  -1  -2    8   3   7   9   0   1  14  10   9   1   4   5   0   0   9  13   3   0   2   2  0.23 0.19
   30 K    -1   1   2   1  -4   0   0   0   2  -1   0   2  -2  -3   0   0  -1  -4  -2  -3    5   6  10   7   0   4   5   8   5   3  12  19   0   0   5   7   3   0   1   0  0.16 0.17
   31 G     0  -3  -2  -1  -1  -3  -2   0   0  -1   0  -2  -2   0  -2   1  -1  -3   5   2    8   0   2   3   1   0   3   8   2   2  11   1   0   3   2  14   3   0  22  15  0.28 0.26
   32 T    -2  -1   5   2  -3  -2  -3  -3  -1  -4  -4  -1  -3  -5   2   1   4  -6  -3  -4    2   3  25  10   0   1   1   1   1   1   1   4   1   0   9  11  29   0   1   0  0.71 0.45
   33 I    -2  -3  -6  -6  -4  -5  -6  -6  -6   4   3  -5   0  -2  -4  -4  -1   1  -4   5    2   1   0   0   0   0   0   0   0  23  28   0   2   1   1   1   4   2   0  35  0.95 0.48
   34 T    -3   1  -1   0  -4   1  -1  -5  -2   2  -2   0   2   0  -4  -1   5  -5  -2  -1    1   7   3   5   0   8   3   0   1  12   2   7   6   3   0   2  36   0   1   3  0.50 0.39
   35 W    -9  -6 -10 -10  -2  -8  -9  -9  -8  -9  -8  -9  -7  -5 -10  -9  -8  13  -4  -9    0   0   0   0   1   0   0   0   0   0   0   0   0   0   0   0   0  99   0   0  5.29 1.65
   36 Y    -6  -1  -6  -8  -3  -4  -6  -8   4  -4  -6  -5  -6   1  -8  -4  -3  -3   9  -5    0   4   0   0   1   0   0   0   8   1   0   0   0   5   0   1   2   0  77   0  2.68 1.04
   37 K    -4   3   0   0  -6   0  -2  -3   2  -5  -2   6  -3  -4  -5  -3  -4  -2   2  -5    0  17   3   6   0   3   1   2   5   0   4  48   1   1   0   0   0   1   7   0  1.00 0.54
   38 D    -2   1   5  -2  -5   2  -1  -2   1  -4  -3  -1  -1  -2  -2   3   0  -4   0  -2    2   6  31   1   0  10   2   2   3   0   2   3   2   1   2  20   5   0   4   3  0.56 0.38
   39 D    -2  -3   2   5  -5  -1   0   1  -3  -5  -5   0  -5  -5   3   1  -2  -6  -5  -3    1   1   8  36   0   3   5  11   0   0   1   6   0   0  12  11   1   0   0   2  0.71 0.41
   40 S     0  -2   1  -2  -4   0  -3   1  -3  -3   0  -2  -3  -1  -3   4   2  -5  -4  -4    5   2   6   1   0   4   1   9   0   1  11   2   0   3   1  39  14   0   0   0  0.50 0.39
   41 K     0   0   3   0  -5   1   3   0   2  -4  -3   3  -3  -5  -3   1  -2  -5  -3  -4    6   5  18   5   0   5  21   6   4   1   2  17   0   0   0   8   1   0   0   0  0.46 0.31
   42 T    -2   1  -3  -3  -5   2   3   1  -3   1  -3   1  -1  -5  -3  -2   3  -5  -3  -1    2   8   0   0   0  10  21   9   0  11   0   9   2   0   1   1  21   0   1   3  0.42 0.35
   43 P    -2  -1  -2   0   0  -1   2  -3  -4  -1  -1  -3   2  -5   6   0  -2  -6  -5  -3    3   3   2   4   2   2  14   1   0   3   7   1   5   0  41   7   2   0   0   1  0.85 0.47
   44 V    -4  -3  -5  -6  -5  -3  -4  -7  -6   6   2  -2   0  -3   0  -5  -3  -6  -3   3    0   2   0   0   0   1   1   0   0  51  15   2   2   0   6   0   1   0   0  18  1.12 0.54
   45 S     0  -3   3  -2  -2  -2  -2  -4  -1   0  -1  -3  -4  -5   4   3   2  -4  -4  -3    6   1  14   2   1   1   2   0   2   5   5   0   0   0  22  25  12   0   0   1  0.61 0.41
   46 T    -1   0  -2  -3  -4  -2  -1   1  -3   0  -1   1   1   3   0   0   3  -3  -1  -2    3   6   1   0   0   1   5  10   0   7   4  11   4  14   5   7  21   0   2   2  0.21 0.23
   47 E    -3   2   2   3  -5   3   3  -2  -1  -4  -5   0  -2  -4  -2   1  -2  -5  -4  -4    1  10  11  17   0  12  21   3   1   1   0   6   1   0   1  11   1   0   0   1  0.56 0.35
   48 Q    -2   2   1  -2  -4   1   3  -3  -3   0  -3   2  -3  -4   2   1   0   1  -4  -2    2  10   8   0   0   4  23   1   0   8   1  11   0   0  10  13   4   2   0   2  0.38 0.29
   49 A    -1   1   0   2  -4   2   1   2   1  -4  -3  -1  -3  -2  -3   2   0  -4  -1  -3    4  10   4  11   0   8   8  15   4   1   3   1   0   1   1  20   6   0   2   1  0.28 0.24
   50 S    -1  -3   3  -3  -2  -2  -3  -2   2  -4  -3  -2  -3  -5   4   4   0  -2  -4  -2    5   1  15   1   1   1   0   2   5   0   2   1   1   0  22  34   5   1   0   3  0.76 0.47
   51 R    -6   8  -2  -4  -8  -2  -5  -5   4  -6  -7  -2  -6  -7  -7  -3  -6  -4  -4  -6    0  83   2   1   0   1   0   1   8   0   0   0   0   0   0   2   0   0   0   0  2.38 0.96
   52 I    -5  -6  -4  -7  -5  -6  -7  -7  -2   7   0  -6   4  -2  -5  -6  -4  -6  -5   3    0   0   1   0   0   0   0   0   1  60   5   0  10   1   0   0   1   0   0  21  1.61 0.68
   53 H    -2  -2  -3  -4  -5  -1  -4  -4   7   1  -1  -4  -1   2  -4   2   0   5   0   0    3   2   0   1   0   2   0   1  26   9   5   0   2  10   1  16   7   8   2   5  0.71 0.43
   54 Q     1  -2  -4  -4  -5   5  -2  -5  -4  -2   0   3  -2   1  -3   1  -2  -5  -4   1   11   1   0   0   0  33   0   0   0   1  11  16   0   6   1   9   2   0   0   9  0.62 0.45
   55 H    -3   1   0   2  -6   4   3  -4   4  -4  -3   1  -3  -3  -4   1  -3  -2   1  -4    0   6   4  12   0  17  21   0  12   1   2   8   0   1   0  10   0   1   5   1  0.60 0.39
   56 K    -3   1   0   3  -6   2   2   3   0  -6  -5   4  -1  -4  -4  -3  -4  -6  -4  -5    0   8   3  18   0   8  12  19   2   0   0  26   1   1   0   1   0   0   0   0  0.71 0.42
   57 E    -3  -1   3   5   0  -2   2   0   0  -5  -5  -2  -5  -3  -4   0   0  -5   2  -4    1   3  16  30   3   1  13   7   2   0   0   2   0   1   0   7   6   0   8   0  0.64 0.39
   58 K     2   0  -2  -2  -3  -2  -3  -3  -2  -1  -1   0  -1   2  -4   1   2   6  -1   1   18   6   2   2   0   1   0   0   1   2   7   7   1   8   0   9  13  11   2  12  0.31 0.26
   59 L    -6  -6  -8  -8  -5  -6  -7  -8  -7   3   6  -7  -1  -4  -7  -7  -5  -6  -5  -2    0   0   0   0   0   0   0   0   0  18  81   0   1   0   0   0   0   0   0   1  1.88 0.78
   60 W    -6  -2  -7  -6  -4  -4   2  -7   2  -6   1   1  -5  -3  -7  -5  -6  11  -2  -5    0   2   0   0   0   0  15   0   5   0  12  10   0   1   0   1   0  54   0   1  2.39 0.93
   61 F    -7  -8  -8  -8  -7  -8  -8  -8  -6   2  -1  -8  -3   9  -8  -7  -7  -4  -2  -3    0   0   0   0   0   0   0   0   0  11   5   0   0  82   0   0   0   0   0   1  2.69 0.98
   62 V    -4   2  -5  -6  -5  -1  -5  -6   0   0   4  -2  -1  -1  -4  -3  -3   7  -3   1    1  12   0   0   0   3   0   0   2   3  45   2   1   1   1   2   1  16   0  10  0.95 0.50
   63 P    -3  -7  -3  -6  -7  -5  -4  -7  -7  -7  -8  -4  -7  -8   8  -1   1  -8  -8  -7    2   0   2   0   0   0   1   0   0   0   0   1   0   0  84   4   7   0   0   0  2.71 1.05
   64 A     4  -5  -4  -5  -4  -4  -5  -4  -5   0   0  -4  -1  -4  -1  -2   3  -6  -5   3   43   0   0   0   0   0   0   0   0   5   8   0   1   0   3   2  16   0   0  22  0.80 0.50
   65 K    -1   1  -2  -2  -4   0   3  -1  -1  -1   1   2   1  -4  -4   1   1  -2  -4  -1    5   6   1   1   0   2  22   5   1   2  14  14   4   0   0   9  10   0   0   3  0.26 0.26
   66 V    -2   0  -4  -2  -4   1  -2  -3  -4   0   4  -2   3  -2  -4  -3  -3   2  -2   3    3   5   0   2   0   7   2   2   0   4  38   2   7   1   1   1   1   3   1  19  0.47 0.34
   67 E    -2  -2   4   2  -6   2   5   0   0  -5  -6  -2  -4  -6  -4   0  -3  -6  -5  -6    3   1  22  10   0   7  39   7   2   1   0   1   0   0   0   7   1   0   0   0  0.95 0.54
   68 D    -4  -6   0   8  -8  -5  -3  -6  -1  -8  -9  -5  -8  -8  -6  -4  -5  -9  -8  -8    2   0   4  91   0   0   1   0   2   0   0   0   0   0   0   1   0   0   0   0  2.74 1.07
   69 S     0  -4  -2  -5  -5  -2  -2  -3  -5  -5  -6  -3  -5  -7  -5   6   3  -7  -6  -3    8   1   1   0   0   2   2   1   0   0   0   1   0   0   0  69  14   0   0   2  1.49 0.79
   70 G    -5  -7  -5  -5  -7  -7  -6   8  -7  -9  -9  -6  -8  -8  -4  -5  -6  -7  -8  -8    0   0   0   0   0   0   0  98   0   0   0   0   0   0   1   0   0   0   0   0  2.79 1.06
   71 H    -2  -3   3  -1  -4  -1  -2  -4   2   2   0  -3   1   0  -3   2   2  -4   0   0    0   1  14   3   0   3   2   0   5  13   9   1   3   4   0  18  13   0   4   7  0.26 0.26
   72 Y    -7  -7  -7  -8  -3  -6  -7  -8  -3  -6  -6  -7  -6  -1  -8  -7  -7  -3  10  -6    0   0   0   0   1   0   0   0   0   0   0   0   0   1   0   0   0   0  97   0  3.68 1.31
   73 Y    -2  -3  -2  -4  -4   2   0  -5  -1   4  -2  -3  -3   1  -4   0   4  -4   2   0    3   1   1   0   0   9   8   0   1  24   1   1   0   7   0   7  24   0   8   6  0.49 0.38
   74 C    -5  -6  -7  -8  11  -8  -8  -7  -8  -4  -4  -8  -6   2  -8  -3  -3  -7  -3  -3    1   0   0   0  81   0   0   0   0   1   2   0   0   8   0   2   2   0   1   2  3.40 1.20
   75 V    -2   1  -2  -3  -4   2  -3  -5  -2   3  -2  -1   4  -3  -5  -3   2  -5  -4   4    2   9   2   1   0   8   1   0   1  14   1   3  12   1   0   1  14   0   0  30  0.58 0.42
   76 V    -3  -2  -5  -5  -4  -3  -4  -6  -1   4   2  -3   4  -2   0  -3   1  -5  -2   3    1   3   0   0   0   1   1   0   2  26  22   1   9   1   6   1   7   0   1  19  0.63 0.39
   77 R    -5   7   1  -5  -2  -1  -2   1  -1  -7  -6   1  -3  -7  -6  -2  -3   1  -5  -6    0  61   6   0   1   2   2  12   1   0   0   7   0   0   0   3   1   2   0   0  1.46 0.72
   78 N    -5  -2   7   3  -6  -4  -1  -2  -1  -7  -7  -3  -6  -4  -6   1  -1  -7  -1  -7    0   1  61  13   0   0   3   3   1   0   0   1   0   1   0  11   3   0   2   0  1.62 0.78
   79 S     1  -1   0   2  -4  -3  -1  -2  -2  -3  -1   0  -2  -3   2   3   2  -5  -2  -2   12   2   3  10   0   0   3   2   1   1   5   4   0   1  11  25  14   0   1   3  0.33 0.30
   80 S     0  -2   2   0  -5  -3  -3  -4  -1  -2  -5  -2  -4  -6  -5   3   6  -6  -5  -4    6   2  10   5   0   1   1   1   1   2   0   3   0   0   0  19  48   0   0   0  1.01 0.61
   81 Y    -3   1  -2  -3   3   1  -4  -2   4  -2  -3  -2  -2   0  -1   2  -2   0   6  -3    0   7   2   1   6   6   0   3  10   2   2   2   1   3   3  17   2   1  31   1  0.73 0.47
   82 C    -4  -5   3  -2  10  -5  -1  -5  -4  -5  -5  -4  -6  -5  -6  -1  -3  -7  -7  -4    0   1  13   2  66   0   5   0   0   0   1   1   0   0   0   5   2   0   0   1  2.53 0.98
   83 L    -1  -1  -1   0  -2  -1  -1  -3   2   0   0   1   3   0  -2   1  -1   6   2   0    4   4   2   6   1   1   3   0   5   4   9  10   9   4   2  10   2  13   6   6  0.27 0.23
   84 R    -4   3  -2  -3  -6   1   1  -5  -4  -2  -4   6  -3  -6  -4  -2   2  -6  -5  -4    0  15   1   1   0   4   9   0   0   2   1  48   0   0   1   1  14   0   0   1  1.07 0.59
   85 I    -2  -1  -2  -4  -2  -1  -2   0  -2   3  -1  -1   5  -2  -4  -2  -1  -4  -1   3    2   4   2   1   1   3   2   8   1  20   4   4  16   1   1   1   4   0   2  24  0.44 0.29
   86 K     2  -2   1  -2  -1  -1  -2  -1   2   0  -3   1  -3  -1  -2   3  -1  -2   3  -1   16   1   7   1   1   2   1   3   6   5   2  10   0   2   1  23   3   0  10   5  0.26 0.24
   87 I    -2  -4  -4  -4  -3  -3  -4  -4  -4   3   1  -3   4   2  -4  -2   0   2  -2   4    3   1   1   1   0   1   1   1   0  20  10   1  11  10   1   2   5   3   0  27  0.57 0.31
   88 S    -2   0   4  -1  -4   0   2  -2   1  -3  -4   0  -2  -4   2   1   1  -4  -3  -3    2   4  26   3   0   4  14   2   4   1   1   5   1   0  10  12  10   0   0   2  0.47 0.31
   89 A    -2  -5  -6  -6  -4  -5  -5  -6  -5   1   5  -5   0  -3  -4  -5  -3  -5  -4   3    3   0   0   0   0   0   0   0   0   7  64   0   1   0   1   0   1   0   0  20  1.23 0.58
   90 K    -2   1   2  -3  -4   1   2  -4  -2  -2  -4   2  -1  -3  -4  -1   5  -5  -4  -2    2   6  12   0   0   6  15   1   1   3   1  11   2   1   0   2  35   0   0   2  0.62 0.43
   91 F    -3  -6  -6  -6  -5  -6  -6  -6  -6   3  -3  -6  -3   1  -4  -5  -2  -6  -4   7    1   0   0   0   0   0   0   0   0  13   0   0   0   6   1   0   3   0   0  72  1.67 0.74
   92 V    -1  -3  -4  -3  -4  -3  -2  -3   1   2   1   0  -1   5  -5  -3  -3  -3   3   3    5   0   0   2   0   1   2   2   4  10  12   6   1  23   0   1   1   0   9  21  0.49 0.33
   93 E    -2   2   0  -2  -6   3   4  -3  -4  -6  -5   4  -5  -6   1  -2  -4  -6  -5  -5    3  11   3   2   0  11  32   2   0   0   1  25   0   0   8   2   0   0   0   0  0.88 0.52
   94 N    -2   4   4  -2  -6  -1  -3  -4   1  -5  -5   5  -5  -5   0  -2  -3  -6   0  -4    3  21  20   1   0   2   0   0   3   0   1  35   0   0   4   2   1   0   4   1  0.92 0.53
   95 E    -1  -2   2   4  -4   2   2  -3  -1  -2  -4   0  -3  -5   0   1   1  -2  -2  -3    4   1  11  21   0   9  15   1   1   3   1   4   0   0   4  12  10   1   1   1  0.44 0.32
   96 P     1   0   1   0   0   1   1  -2  -2  -3  -3   2  -3  -4   4   0   1  -4  -2  -2   11   4   8   5   2   5   8   2   0   1   1  14   0   0  19   6  10   0   1   2  0.35 0.25
   97 N     0  -4   3   2   0  -2  -2   4   5  -5  -5  -2  -3  -4  -3   1  -2  -5  -3  -4    8   0  14  11   2   1   2  31  13   0   1   1   0   1   1  10   1   0   0   1  0.66 0.39
   98 L    -2  -1  -1  -3   5  -3  -2  -3  -1  -1   3  -2   1  -3  -3   3  -1   2  -3  -2    1   3   2   1  11   0   3   1   2   3  28   2   3   1   1  29   2   3   0   2  0.49 0.37
   99 C    -3  -3   0  -5  10  -1  -6  -3  -1  -4  -2  -3  -5  -6   0   0  -3  -3  -6  -5    1   1   4   1  64   3   0   2   1   1   4   1   0   0   6   6   2   0   0   0  2.19 0.85
  100 Y    -4  -3  -4  -3   1  -2  -4  -1   0   1   0  -3  -1   6  -3  -3  -3  -2   5   0    1   1   1   2   3   2   1   5   2   8   7   1   2  36   1   2   1   0  19   7  0.82 0.42
  101 N    -1  -1   6   0  -3  -2  -1  -3  -3  -1  -4  -2  -4  -5   3   1   1  -3  -4  -2    4   3  38   4   1   1   3   1   0   4   1   1   0   0  15  10   9   0   0   3  0.74 0.44
  102 A    -1  -1   0   1  -4  -1   3  -1   0  -4  -2  -1  -3  -4   1   4   0  -5  -3  -2    4   3   3   7   0   2  19   4   3   0   4   4   0   1   6  32   6   0   1   3  0.42 0.34
  103 Q    -1   1   2   0  -4   2   1  -3   1  -4  -1   3  -1  -1   0   1  -2  -4   0  -3    4   7   9   3   0  10   9   1   3   0   5  21   1   2   4  13   1   0   4   0  0.30 0.25
  104 A     0  -1  -2   0  -3   1  -2  -3   1   2   1  -1   3   1  -3  -2   0  -3  -1   1    9   2   1   5   0   8   1   1   5  16  14   3  11   5   1   2   5   0   2  10  0.20 0.19
  105 I     1   1  -2  -2  -3  -1   0  -3  -1   1   0   1   1  -1  -2   1   0  -3  -1   2   11  10   1   2   0   1   7   0   2   7  10  11   5   3   1  10   4   0   1  16  0.11 0.14
  106 F    -5  -2  -3  -5  -5  -2  -4  -6   3   0  -1  -2  -1   3  -1  -4   1  -2   8  -1    0   2   1   0   0   2   1   0   6   4   5   2   2  10   4   1  10   0  46   4  1.16 0.58
  107 K    -1  -2   0  -2  -4   0   1  -2  -2  -1  -1   2   0  -1   4   2   1  -4  -2  -2    2   1   4   1   0   3   9   3   0   4   6  12   3   3  19  19   8   0   1   1  0.32 0.27
  108 Q    -4   0  -1  -3  -6   6   3  -5  -1  -3  -5   2   0  -6  -2  -3   1  -6  -4  -4    0   4   3   0   0  42  21   0   1   2   0  12   2   0   2   1   8   0   0   1  1.10 0.63
  109 K    -2   0  -1   0  -4  -1   0  -4  -1   3  -1   3  -1  -3  -2  -1   2  -3  -1   1    2   5   3   5   0   1   6   0   1  20   5  22   1   1   1   4  13   0   2  10  0.27 0.26
  110 L     0  -4  -3  -4  -3  -2  -3  -4  -4   2   4  -2   0  -2  -5   0  -1  -5  -2   3    8   1   1   0   0   1   1   1   0  10  42   2   2   1   0   7   3   0   1  20  0.56 0.36
  111 P    -2  -2  -1  -2  -4  -1   3   1   2  -2   0  -2  -2   2   3  -1   1  -4   2  -2    1   2   2   1   0   2  21  10   5   2  11   0   1   9  13   3   8   0   7   2  0.30 0.27
  112 V    -1  -3  -3  -4  -3  -4  -2  -5  -4   2   3  -2   0  -1  -3   0   1  -4  -1   3    5   1   1   0   0   0   2   0   0  10  26   2   2   2   1   9   9   0   2  27  0.43 0.31
  113 A     0  -2  -1  -1  -4   0   2   3   2  -5  -3   1  -3  -1  -2   2   1  -5  -2  -4    6   1   2   2   0   4  13  24   6   0   2   8   0   3   1  18   7   0   1   1  0.38 0.30
  114 G     0   0   0  -3  -5   0  -1   0   1  -3  -5   5  -4  -5  -2   2   2  -5  -2  -2    6   4   3   1   0   3   3   7   3   2   0  34   0   0   2  14  16   0   1   2  0.52 0.38
  115 D    -1   0   3   2  -3  -1  -2   0  -1   0  -4  -2  -1  -2  -2   3   1  -5  -3  -2    4   4  16  12   0   2   1   8   1   5   0   1   1   2   2  26  10   0   1   3  0.37 0.32
  116 G     0  -2  -1   1  -1   1   0   3   0  -3   1   1  -3  -3  -2   1  -2  -5  -3  -4    6   1   2   9   1   6   5  28   3   0  15  10   0   1   1   9   2   0   0   0  0.30 0.26
  117 G    -2   1   0  -1  -5   2   1  -3   1  -2  -1   4   2  -3  -2   2   0   0  -2  -2    1   7   4   2   0  10   7   1   3   3   5  26   5   1   1  16   6   1   1   2  0.36 0.31
  118 L    -4  -7  -7  -7  -5  -6  -7  -8  -7   7   4  -7  -1  -4  -7  -6  -5  -6  -5   1    1   0   0   0   0   0   0   0   0  55  36   0   1   0   0   0   0   0   0   8  1.66 0.72
  119 V    -1  -1  -1  -2  -2  -2  -2  -4  -1   1  -2  -1   0  -1  -2   1   3  -4   2   3    4   3   3   2   1   1   2   0   1   5   2   4   2   2   2  10  22   0   8  26  0.34 0.31
  120 C    -6  -9  -9  -9  12  -9 -10  -8  -9  -7  -7  -9  -7  -8  -9  -7  -7  -8  -8  -7    0   0   0   0 100   0   0   0   0   0   0   0   0   0   0   0   0   0   0   0  4.70 1.52
  121 P    -3  -3  -1  -3  -6  -4   1  -4   0  -5  -6  -2  -5  -6   8  -2  -3  -6  -5  -5    2   1   4   1   0   1   8   2   2   1   1   2   0   0  71   3   1   0   0   0  1.98 0.80
  122 Y    -4  -2   4   5  -2  -2   0  -1   5  -4  -3  -2  -4  -4  -4  -1   1  -5   1  -5    0   2  17  29   1   1   4   4  14   1   3   2   0   0   0   4  10   0   5   0  0.74 0.43
  123 M    -3  -3  -2  -3  -3  -2  -4  -4  -1   3   4  -3   2  -1  -1  -1   0  -4  -2   1    0   1   2   2   0   2   0   1   1  21  40   1   5   1   3   6   6   0   1   6  0.50 0.32
  124 E    -3  -2   2   4  -5   1   2  -2   3  -5  -4   0  -4  -3  -4   1  -2   2   3  -4    1   2  10  25   0   5  15   2   8   0   2   4   0   1   0  13   1   3  10   0  0.57 0.37
  125 F    -3  -3   0   3   2  -2   1   1   2  -3  -1  -3  -2   3  -2  -2  -3  -1   5  -3    1   1   5  19   5   1  10  10   4   1   6   0   1  12   1   2   0   0  20   1  0.49 0.34
  126 F    -1  -3  -3  -3  -3   1  -2  -3  -1  -2  -1  -3  -1   6  -3  -2  -3  -2   5  -3    4   1   1   1   0   8   2   2   1   2   4   2   2  41   2   2   1   0  22   1  0.99 0.42
  127 K    -1   1  -1  -1  -2   0   0  -1  -1   0   0   2  -1   1  -1   0   1  -2   1  -1    3   9   2   2   1   2   5   4   1   8   8  16   1   9   2   7  11   0   4   4  0.08 0.09
  128 N    -1   0   1   2  -3   1  -1  -2   1  -2   0   0  -2  -2   4  -1  -1  -3  -2  -2    3   6   9  13   0   8   3   3   4   2  10   5   1   2  23   3   3   0   2   1  0.35 0.20
  129 E     0  -1   1   1  -2   0   2  -1  -2  -1  -1   0   1  -2   2   1  -1   0  -1   0   10   2   6   7   0   2  15   3   1   4   4   6   4   1  12  11   3   2   2   6  0.15 0.11
  130 N    -1  -1   4   0  -3  -1   0  -1  -1  -3  -3   2  -2  -2  -2   2   0  -3   1  -2    4   2  21   5   0   2   4   4   1   1   2  14   1   1   1  21   6   0   5   3  0.32 0.24
  131 N    -1   1   5   0   2  -1   0  -1  -1  -3  -3   1  -1  -1  -3   0   0  -1  -2  -1    5   9  30   6   5   2   4   4   1   1   1  10   1   2   1   5   6   1   1   6  0.35 0.24
  132 E    -1  -1  -1   1  -3   1   2  -1  -1   0  -1   1  -2  -2  -2   0   1   5  -1   0    4   3   1   7   0   7  13   3   1   7   4   8   0   1   1   7  12  10   1   8  0.21 0.17
  133 L    -1  -1  -1   0  -1   0  -1  -2  -1   0   2  -1   1   0  -1   0   2   0   0   0    4   2   3   6   1   4   3   3   1   6  22   3   5   3   2   8  14   1   2   6  0.08 0.09
  134 P     0  -3  -1   1  -3  -1  -1  -1   2  -2  -1  -2  -3  -2   6   0  -2  -2  -2  -1    9   1   2   9   0   3   3   4   5   2   5   2   0   1  38   5   2   1   1   4  0.67 0.30
  135 K    -1   1   1   0  -3   0   2  -2   0  -2  -2   2  -2  -3   2   1   1  -3  -3  -2    2   9   6   5   0   4  16   2   2   3   3  13   1   1  10  14   9   0   0   2  0.27 0.20
  136 L    -3  -5  -5  -3  -4  -4  -5  -5  -5   5   1  -4   1  -2  -5  -2   2  -5  -4   5    0   0   0   1   0   0   0   0   0  31  10   0   3   2   0   2  11   0   0  36  0.90 0.46
  137 Q    -2   0  -1  -2  -4   4   1  -4   2  -3  -2   3  -2  -4  -3   1   3   0  -2  -1    2   5   3   1   0  21   8   0   4   1   3  16   1   0   0   9  20   1   1   3  0.48 0.35
  138 W    -7  -7  -8  -8  -7  -7  -7  -7  -7  -3   1  -7  -5  -2  -8  -7  -7  12  -3  -6    0   0   0   0   0   0   0   0   0   1  12   0   0   1   0   0   0  83   0   0  4.08 1.34
  139 Y    -6  -6  -6  -5  -6  -4  -6  -7   0  -5  -3  -6  -1   3  -7  -4  -6  -2  10  -5    0   0   0   1   0   1   0   0   2   0   2   0   1   8   0   1   0   0  82   0  2.82 1.07
  140 K    -5   0  -4  -5  -6   1  -2  -5  -2  -6  -4   7   1  -2  -5  -2  -4  -6  -2  -6    0   3   0   0   0   5   1   0   1   0   1  79   4   2   0   2   0   0   1   0  1.85 0.83
  141 D    -3  -2   5   5  -6  -3   2   1  -3  -4  -5  -2  -5  -6  -5  -3  -3  -6  -4  -4    2   2  27  36   0   0  14  12   0   1   1   1   0   0   0   1   1   0   1   1  1.06 0.55
  142 C    -2  -7  -6  -4  11  -6  -7   0  -6  -6  -6  -6  -6  -4  -3   1  -4  -6  -4  -4    2   0   0   1  73   0   0   7   0   0   0   0   0   1   2  10   1   0   1   1  2.81 1.01
  143 K    -2   1   0  -1  -5   1   2  -4   2  -2  -2   4  -1  -4  -4  -2  -1  -5  -2   1    2   7   5   3   0   6  14   1   6   2   4  34   2   0   0   1   2   0   1  10  0.48 0.34
  144 P     0  -1  -2  -3  -4   0   2  -4  -3  -2   2   2  -2  -2   5  -2  -2   0  -4  -1    7   2   1   0   0   5  13   0   0   1  22  13   0   1  25   3   2   1   0   3  0.49 0.33
  145 L    -4  -4  -5  -4  -4  -3  -4  -3  -2   4   4   0   0  -1  -5  -4  -3  -1   0   1    0   1   0   1   0   1   1   2   1  28  43   6   1   2   0   0   1   1   3   7  0.79 0.41
  146 L    -1  -1   0   2  -3   3   2  -1   0  -2   0   0   0  -2   1   0   0  -3  -3  -2    4   1   4  10   0  19  13   4   2   2  10   6   2   2   7   7   5   0   0   2  0.23 0.19
  147 L    -1  -1   1   0  -2   1   1   0   0  -1   0   0   0   2  -2  -1  -1   5   1  -1    3   3   8   5   1   6   9   8   2   3  13   4   2  11   2   3   2   8   4   3  0.13 0.10
  148 D    -2   2   2   3  -3   0   2  -1   1  -3  -3   1  -3   0  -1  -1  -1   1  -1  -3    3  13   9  19   0   2  14   5   4   1   2   7   0   4   3   4   3   2   2   1  0.28 0.18
  149 N    -2   0   4   1  -4   0  -1   3   0  -3  -4   0  -4  -2  -3   1  -1  -4  -2  -4    1   5  26   9   0   3   3  26   2   1   1   6   0   2   1   8   4   0   1   1  0.55 0.31
  150 I    -1  -1   1   0  -3   0   2  -1  -2   0  -2   1  -2  -2   1   2   0  -1  -2   0    3   3   6   3   0   4  18   5   0   7   3  10   0   2   6  16   3   1   1   9  0.15 0.15
  151 H    -3   5   1  -1  -3   0  -2  -3   1   0  -2   3  -2  -3  -1   0  -2  -4  -2  -1    1  35   7   4   1   3   1   1   3   5   4  18   0   1   3   5   2   0   1   4  0.53 0.30
  152 F    -3   0  -4  -4  -4  -3  -3  -4  -2   1  -2  -4  -3   6   2  -3  -2  -2   5  -3    1   5   1   1   0   1   1   1   1   9   3   1   0  38  10   2   2   0  22   1  1.07 0.46
  153 S    -1   0  -1  -1  -2   0   1  -2   1   1   1   0   0   0  -2   0   0   0   0   1    5   5   1   3   0   5  12   1   4  10  13   6   1   4   1   6   7   1   4   9  0.06 0.08
  154 G     1   0   1  -2  -3   0  -1   2  -2   0  -1   0   0   0   1   1   0  -3   0  -1   11   4   6   1   0   4   2  16   0   5   4   8   2   5   7  13   4   0   3   5  0.11 0.11
  155 V    -1   1   0  -2  -3   0  -1  -1   3  -1   0   1   2  -1  -1   0  -1   2  -1   1    3   7   3   2   0   4   3   4  11   3  11  10   7   3   2   9   2   4   1  13  0.12 0.13
  156 K    -2   2   2  -1  -4   0   2   3  -2  -4  -4   4  -3  -4  -3  -1   0  -4  -3  -4    2  11  10   2   0   3  12  20   0   1   1  24   0   0   1   3   6   0   1   1  0.48 0.29
  157 D    -2  -1   4   2  -3  -2  -1   0   0  -3  -1   0   0  -3   0   2   1  -4  -3  -3    2   3  21  13   0   1   3   8   2   1   8   7   2   1   4  14  10   0   1   1  0.30 0.23
  158 R    -1   2   0   0  -2  -1   0  -3   1  -2  -3   2  -2   1   1   1   0  -3   3  -3    3  14   4   4   1   1   6   1   4   2   1  15   1   7   8  12   7   0  10   1  0.26 0.21
  159 L    -4  -4  -5  -5  -4  -4  -3  -5  -5   1   6  -5   0   2  -5  -3  -3  -4  -3  -1    1   1   0   0   0   0   2   1   0   7  68   0   2   9   0   2   1   0   0   4  1.15 0.52
  160 I    -2  -2  -3  -2  -3  -2  -3  -4  -2   3   3  -2   0   2  -3  -1  -1   0   0   2    1   1   1   3   0   1   1   0   1  20  30   2   1  10   1   5   3   1   3  13  0.40 0.25
  161 V    -4  -4  -5  -5  -4  -1  -5  -6  -5   6   0  -3   0   2  -5  -5  -4  -3  -1   3    0   1   0   0   0   3   0   0   0  55   5   2   2   7   1   0   0   0   2  20  1.20 0.53
  162 M    -1   0   2   2  -3   1  -1  -1   2  -3  -2   3   0  -2   0   0   0  -4   0  -2    5   5   9  14   0   6   2   3   5   1   3  20   3   1   4   5   7   0   4   2  0.23 0.20
  163 N    -3  -3   7   2  -4  -3   2  -3  -1   0  -2  -2  -3  -4  -3  -1  -1  -6  -2  -3    1   1  49  10   0   0  12   1   1   5   5   1   1   1   1   4   4   0   2   1  0.96 0.52
  164 V     2  -5  -6  -6  -4  -5  -5  -5  -6   2  -1  -5   2  -4   0  -4   0  -6  -5   6   18   0   0   0   0   0   0   0   0   7   4   0   5   0   4   1   5   0   0  55  1.09 0.56
  165 A    -1   1   0  -2  -4   0   2  -3  -3  -4  -1  -2   1  -3  -3   3   3  -4   2  -2    4  10   3   1   0   3  13   1   0   0   5   1   4   0   0  24  19   0   8   2  0.39 0.34
  166 E     0  -1  -1   1  -3  -1   2  -3  -2  -1  -1   0   1   2   0   0   0  -3  -1   1    8   2   2   8   0   1  17   1   0   2   6   8   4  11   4   8   7   0   2  10  0.13 0.15
  167 K    -1  -2   0   3  -5   2   4  -1   2  -3  -4   1  -3  -4  -2  -1  -1  -4   1  -2    5   1   3  14   0   8  32   4   4   1   1  10   1   0   1   2   4   0   4   2  0.48 0.32
  168 H    -6  -4   2   7  -7  -4  -2  -6   5  -6  -7  -5  -7  -4  -6  -4  -5  -7   2  -5    0   1   7  68   0   0   1   0  14   0   0   0   0   1   0   0   0   0   7   1  2.00 0.83
  169 R     2   1   1  -1  -4   3   2   1  -2  -1  -4   1  -1  -5  -4   0  -1  -5  -4  -3   19   8   7   2   0  16  11  10   1   4   0   8   2   0   0   7   4   0   0   1  0.35 0.28
  170 G    -3  -6  -5  -4  -6  -6  -6   8  -6  -7  -7  -6  -6  -7  -6  -4  -6  -6  -7  -5    1   0   0   1   0   0   0  95   0   0   0   0   0   0   0   0   0   0   0   1  2.56 0.94
  171 N    -4  -3   5   2  -5  -3  -3  -4   1   0  -2   0  -2  -2  -3  -1   1  -4   5  -4    0   1  32  10   0   0   0   0   3   5   4   5   1   1   1   4   8   0  24   0  0.83 0.48
  172 Y    -6  -6  -7  -7  -7  -6  -7  -7  -3  -6  -6  -6  -6  -1  -7  -6  -6  -3  10  -6    0   0   0   0   0   0   0   0   0   0   0   0   0   1   0   0   0   0  96   0  3.60 1.25
  173 T     0  -1  -4  -5  -4  -2  -3  -5  -2  -1  -4  -3  -2  -5  -5   1   7  -6  -3   1    6   4   0   0   0   1   1   0   1   4   1   1   1   0   0   9  61   0   1   8  1.17 0.63
  174 C    -5  -8  -7  -8  12  -7  -8  -7  -7  -6  -6  -8  -6  -7  -7  -6  -6  -7  -7  -6    0   0   0   0  97   0   0   0   0   0   0   0   0   0   0   0   0   0   0   0  4.41 1.35
  175 H    -1   1  -3   1  -4   1   2  -3   1   0  -2   2   0  -4  -4  -2   0  -5  -3   3    3   8   0   9   0   7  13   2   4   5   2  16   2   0   0   1   5   0   0  23  0.32 0.27
  176 A     1  -4  -4  -5  -4  -4  -4  -2   0   0   1  -4   3   4  -4  -3   0  -2   3   2   14   1   0   0   0   0   0   2   2   5  14   0   9  19   0   0   6   0   9  18  0.49 0.32
  177 S    -1   0  -1  -4  -4   0  -3  -4  -4   0  -2   1   1   1  -2   3   5  -5  -4  -1    3   5   3   0   0   4   1   0   0   5   2   7   4   6   2  19  36   0   0   3  0.55 0.40
  178 Y    -5  -4  -5  -5  -4   0  -5  -6   4  -1   2  -5  -3   5  -6  -5  -5  -3   7  -2    0   0   0   0   0   5   0   0   9   4  21   0   0  19   0   0   0   0  36   2  1.28 0.59
  179 T    -1  -1   1  -2  -3   0  -1  -3   3  -1  -1  -1  -1  -3   2   1   4  -4  -1  -1    5   3   8   1   0   3   2   1   8   3   5   3   2   0  10  12  28   0   2   4  0.34 0.26
  180 Y    -4  -1  -3   2  -5  -2   3  -4   8  -4  -3  -2  -4   0  -4  -2  -3  -3   5  -4    1   3   0  11   0   1  18   1  32   1   3   1   0   3   1   2   1   0  19   1  1.13 0.51
  181 L    -1  -1   6  -1  -4  -1   2   0   0  -3   0   0   2  -4  -3  -1  -1  -5  -3  -4    5   3  40   1   0   2  12   5   2   1   9   4   6   0   1   3   2   0   1   1  0.63 0.38
  182 G    -1  -3  -1  -4  -5  -4  -3   7  -5  -4  -6  -3  -5  -6  -5  -2  -2  -5  -5  -4    4   2   3   1   0   0   2  78   0   1   1   2   0   0   0   3   2   0   0   1  1.71 0.68
  183 K    -2   4   0  -3  -5   0  -2  -1   0  -1  -4   5  -2  -5  -4   0   1  -5  -4   0    2  20   3   0   0   3   1   5   2   3   1  35   1   0   0   7   8   0   0   8  0.60 0.38
  184 Q    -1   0   1  -2  -4   4   0  -2   1   0   0   1  -1  -3  -1   1   1  -2  -3  -1    3   5   6   1   0  22   5   2   3   4  12   7   1   0   3  10  11   0   0   4  0.25 0.24
  185 Y    -5  -5  -5  -6  -6  -5  -6  -3   1  -3  -2  -5  -4   5  -6  -5  -5   6   8  -3    0   0   0   0   0   0   0   2   3   1   4   0   0  26   0   0   0   9  50   2  1.92 0.75
  186 P    -3  -1   6  -1  -4  -2  -1  -3   4  -2  -4  -1  -1  -4  -1   0   3  -5  -3  -1    1   3  39   2   0   1   3   1  10   3   1   3   2   1   3   8  16   0   1   4  0.77 0.44
  187 I    -3  -5  -6  -6  -4  -5  -6  -6  -6   4   2  -5   0   1  -5  -3  -4  -5  -4   6    1   0   0   0   0   0   0   0   0  22  15   0   2   5   0   2   0   0   0  51  1.19 0.55
  188 T    -3   3  -4  -5  -5  -3  -4  -5  -5  -4  -1  -3  -4  -3  -5   2   6  -6  -5  -3    1  18   0   0   0   1   0   0   0   0   6   0   0   1   0  17  54   0   0   1  1.29 0.68
  189 R     2   7   2  -3  -6  -2  -2  -5  -3  -6  -5   2  -5  -6  -5  -2  -1  -6  -5  -5   17  53  10   1   0   1   2   0   0   0   0   9   0   0   0   2   3   0   0   0  1.26 0.61
  190 V    -2  -1   1  -1  -4  -3  -4  -4  -1  -3  -4  -4  -4  -4  -3   2   6  -6  -2   2    2   3   6   3   0   0   0   1   2   1   0   0   0   1   1  12  54   0   1  13  1.01 0.57
  191 I    -4   2  -5  -5  -4  -3  -5  -6  -5   6   0  -3   0   1  -5  -4   1  -5  -1   3    0  11   0   0   0   1   0   0   0  45   6   1   2   7   0   1   7   0   2  17  0.90 0.46
  192 E    -1   1   3  -1  -4   2   2  -3   0  -2  -3   1  -3  -4  -2   2   2  -3  -1  -4    3   7  17   2   0   8  16   1   2   3   1  10   0   0   1  14  12   0   2   0  0.39 0.29
  193 F    -2  -5  -6  -6  -4  -5  -5  -6  -5   2   3  -5   1   3  -5  -5  -3  -4  -3   5    2   0   0   0   0   0   0   0   0  10  32   0   3  13   0   0   1   0   0  37  0.98 0.47
  194 I    -2   3   0  -1  -4   0   0  -4  -2   1  -2   3  -1  -4  -4   0   4  -2  -2  -1    1  14   4   2   0   3   6   0   1   8   3  18   1   0   0   7  25   0   1   5  0.40 0.31
  195 T    -1  -5  -5  -5  -4  -4  -5  -4  -5   3  -2  -4  -2  -1  -2  -2   3  -5  -4   6    3   0   0   0   0   1   0   1   0  18   1   1   0   2   2   2  17   0   0  51  1.05 0.53
  196 L    -2  -1  -1  -1  -4  -2   0  -3  -2   3   0   2  -1  -2  -4  -2   2  -5  -2   3    2   2   3   3   0   1   7   1   1  15   8  12   1   1   0   1  17   0   1  23  0.31 0.27
  197 E     1  -2  -2   0  -5  -1   4   3  -2  -4  -4   1  -4  -5  -2  -2  -3  -5  -3   1   12   1   1   4   0   1  33  21   1   0   1   8   0   0   1   2   0   0   1  11  0.57 0.39
  198 E    -2   0  -1   2  -4   1   1   0  -3  -3  -2   3  -2  -5   3   1   0  -5  -4  -3    1   4   1  12   0   7   9   6   0   1   4  21   1   0  13  12   5   0   0   1  0.37 0.28
  199 N    -1   1   3   0  -4   0   1   0   1  -2  -1  -1  -3  -3   3   0  -1  -4   1  -2    4   7  16   5   0   4   9   8   4   2   8   3   0   0  13   5   3   0   7   2  0.22 0.19
  200 K    -1   1   0  -2  -4  -2   1   1  -2  -2  -2   2  -3   1   0   2   3  -4  -2  -2    2   6   3   1   0   0   8   9   1   1   2  16   0   7   4  15  20   0   1   2  0.27 0.26
  201 P     0   0   2   2  -4  -1   1   0  -2  -1  -3   1  -2  -2   2   1  -1  -4  -2  -2    5   6  10  12   0   2  10   8   0   4   2  11   1   2   9  11   3   0   2   1  0.21 0.17
  202 T    -1   2  -1  -2  -3  -1  -2  -3   0   2   2   2   1  -1  -2   0   1  -2  -3   0    3  11   2   2   0   2   1   0   3  11  18  15   5   2   2   6  12   0   0   5  0.19 0.20
  203 R    -2   1  -3  -4  -4  -2  -2  -4  -2   3  -1   1  -2   2   4  -1   0  -3  -2   1    1   7   1   0   0   1   2   0   1  20   4  10   1   9  24   4   5   0   1   9  0.49 0.32
  204 P    -3  -6  -4  -6  -7  -5  -3  -6  -6  -7  -5  -5  -6  -7   9  -4  -1  -7  -7  -5    2   0   1   0   0   0   1   0   0   0   1   0   0   0  88   1   4   0   0   1  2.83 1.05
  205 V    -1  -1   0   0  -4   2   2  -4  -2   0  -2   2  -1  -3  -2  -2  -2  -5  -4   4    5   2   5   5   0  12  11   0   1   3   3  14   1   0   2   2   1   0   0  31  0.37 0.31
  206 I    -5  -6  -5  -6  -5  -4  -2  -7  -6   7   1  -6   0   1  -2  -5  -3  -5  -4   1    0   0   0   0   0   1   3   0   0  69  11   0   2   5   2   0   1   0   0   5  1.52 0.65
  207 V    -3   0  -4  -5  -4  -2  -3  -5   2   4   3  -3   1   0  -4  -3   0  -2   0   1    0   5   0   0   0   1   1   1   5  23  34   1   2   3   0   2   7   0   4   9  0.51 0.31
  208 S     1  -3   0   0  -4  -3  -1   1   1  -4  -4  -3  -4   2  -3   3  -1  -3   5  -2   10   0   4   5   0   0   3  12   3   0   1   1   0   8   1  25   2   0  23   3  0.55 0.38
  209 P    -5  -4  -6  -6  -7  -6  -5  -3  -6  -7  -7  -5  -6  -7   9  -3  -5  -7  -7  -5    1   1   0   0   0   0   0   3   0   0   0   0   0   0  91   2   0   0   0   1  3.00 1.09
  210 A     1   2   2  -1  -3   1  -1  -3   0   0  -1   3   0  -3   0   0   0  -4  -3  -1   10  10  14   2   0   6   2   0   2   5   7  19   2   0   4   4   7   0   0   4  0.20 0.19
  211 N    -3  -3   6   2  -3   0   2  -2   3  -3  -1   0  -4   0  -4  -1  -3  -5  -4  -3    1   1  42  10   1   3  12   3   6   1   6   5   0   4   0   3   1   0   0   1  0.77 0.42
  212 E    -3   0   5   2  -5   1   3  -2   1  -3  -4   1  -3  -4  -4   0  -1  -5  -3  -2    1   4  27  12   0   5  23   2   4   1   2   9   0   1   0   5   3   0   1   2  0.63 0.38
  213 T    -3  -3  -3  -3  -4   0  -1  -5   1   0  -4  -1  -3  -4  -4   1   5  -5  -1   3    0   1   0   1   0   5   4   0   4   6   0   4   0   0   1  12  40   0   2  21  0.74 0.48
  214 M    -4  -3  -5  -5  -4  -3  -5  -6  -5   6   1   1   3  -2  -5  -4  -1  -5  -3   3    0   1   0   0   0   1   0   0   0  47  11   9   6   1   0   0   4   0   0  19  0.98 0.48
  215 E    -2  -3  -3   0  -6  -1   7  -3  -4  -6  -2   1  -5  -4  -1   0  -2  -6  -5  -5    2   0   1   5   0   1  64   2   0   0   4   8   0   1   4   6   2   0   0   0  1.26 0.64
  216 V     2  -5  -5  -5  -4  -3  -5  -5  -5  -1  -1   0  -1  -3  -5  -3   0  -6  -4   6   19   0   0   0   0   1   0   0   0   1   4   7   1   1   0   1   6   0   0  58  1.07 0.57
  217 D    -1  -1  -3   0  -6   3   6  -4  -2  -4  -4   1  -3  -5  -3   1  -2  -6  -5  -3    5   3   0   3   0  11  53   1   1   1   1   7   1   0   1   8   2   0   0   2  0.99 0.54
  218 L    -2  -4  -6  -6  -3  -3  -5  -6  -6   2   5  -5   0  -2   3  -4  -2  -5  -4  -1    3   1   0   0   0   1   0   0   0  12  61   0   2   1  13   1   2   0   0   2  1.07 0.53
  219 G    -4  -7  -5  -4  -3  -6  -6   8  -6  -8  -8  -6  -4  -7  -7  -3  -6  -7  -7  -7    0   0   0   1   1   0   0  96   0   0   0   0   1   0   0   1   0   0   0   0  2.64 0.98
  220 S    -2  -2  -2  -2  -5  -2   3  -3  -3  -4  -5   4  -1  -6  -4   5  -1  -6  -1  -4    3   1   1   2   0   1  16   1   0   1   1  25   2   0   0  44   3   0   2   1  0.91 0.56
  221 Q    -1   2   2   3  -5   1   2  -4   0  -4  -5   0  -1  -5   4  -1   1  -3  -3  -4    4  11   8  14   0   6  13   0   2   0   0   6   1   0  18   4  11   0   0   0  0.50 0.33
  222 I     0  -5  -5  -5  -4  -4  -2  -5  -5   1   4  -3   1   0  -5  -3  -1  -4  -2   3    8   0   0   0   0   0   3   0   0   6  46   1   3   4   0   1   4   0   1  22  0.71 0.40
  223 Q    -3  -1   3  -1  -4   2   1  -4  -1   2   0  -2  -2  -3  -4   1   3  -5  -3   0    0   2  15   2   0  12   7   0   1  14   9   0   0   1   0   8  20   0   0   6  0.36 0.31
  224 L    -4  -5  -6  -6  -4  -5  -6  -7  -6   4   5  -3   1  -3  -6  -5  -3  -5  -4   2    0   0   0   0   0   0   0   0   0  27  53   2   2   0   0   0   1   0   0  14  1.22 0.55
  225 I    -2  -2   4   2  -5  -3  -1  -4  -3   1  -3  -1  -3  -4   4  -1   2  -6  -4  -1    2   2  19  13   0   0   4   0   0   9   2   2   0   0  24   4  14   0   0   3  0.63 0.39
  226 C    -6  -8  -8  -8  12  -8  -8  -8  -8  -6  -6  -8  -7  -7  -8  -6  -6  -7  -7  -6    0   0   0   0  99   0   0   0   0   0   0   0   0   0   0   0   0   0   0   0  4.49 1.37
  227 N    -3   2   4  -3  -5  -1   0  -3  -1  -4  -3   3  -3  -4  -4   2   1  -5  -4  -3    0  12  22   0   0   2   5   1   1   0   3  22   0   0   0  19  10   0   0   1  0.64 0.41
  228 V     4  -5  -5  -6  -3  -5  -5  -2  -6   2  -3  -5  -3  -3  -5  -3  -2  -6  -5   5   38   0   0   0   0   0   0   2   0  11   0   0   0   1   0   1   2   0   0  44  1.14 0.58
  229 T    -3   0  -4  -4   4  -1  -4  -3  -2  -2   0  -3  -3   5  -4   2   2  -1   2  -2    0   6   0   0  10   3   0   2   1   2  11   1   0  23   0  15  17   1   7   2  0.53 0.36
  230 G    -2  -4  -3   2  -5  -4  -4   2  -4  -2   2  -3  -1   6  -5  -1  -3  -3  -1  -1    2   1   1  11   0   0   0  15   0   1  24   1   1  32   0   6   1   0   1   3  0.68 0.41
  231 Q    -1  -1   3   0  -5   3  -1   4   2  -4  -4  -1  -3  -3  -2   0   2  -1  -3  -4    4   2  13   6   0  16   3  28   5   0   1   3   0   1   1   5  12   1   1   0  0.49 0.34
  232 L    -2  -2   0  -1  -4  -2   1  -4  -3   0  -1   1  -2   5   0   0  -2   2   2  -1    2   2   6   2   0   1  10   0   0   5   6  11   1  27   4   6   2   3   7   5  0.34 0.27
  233 S    -2   1   2   1  -4  -1   0   0   0  -1   0   1   0  -2  -3   2   2  -1  -2  -2    1   8  11   8   0   1   4   7   3   3   8  10   3   1   0  14  14   1   1   1  0.18 0.19
  234 D     1  -1   3   3  -4  -3  -2  -2  -3  -4  -4  -2  -2  -2   3  -1   2  -5  -2  -3   13   3  17  19   0   0   1   2   0   1   0   1   1   2  17   3  16   0   1   2  0.56 0.37
  235 I     0  -2  -1   0  -3   0   2  -3  -1   1   2  -2   2   0  -2   0  -1  -2  -1   1    7   1   2   5   0   3  16   1   1   7  19   1   5   3   1   7   3   0   2  14  0.15 0.17
  236 A    -2   1  -6  -6  -4  -4  -5  -5  -6   4   1  -5   0   0  -3  -5  -2  -5  -4   5    2   9   0   0   0   0   0   0   0  25  12   0   1   3   2   0   1   0   0  44  0.96 0.49
  237 Y    -4   0  -4  -6   3  -1  -2  -5  -3  -3  -1  -2  -2   1  -6  -1  -1   8   6  -3    0   6   0   0   7   3   2   0   0   1   5   3   1   5   0   5   4  24  31   1  1.29 0.60
  238 W    -8  -8  -9  -9  -5  -7  -8  -8  -8  -8  -7  -8  -7  -5  -6  -8  -8  13  -3  -5    0   0   0   0   0   0   0   0   0   0   0   0   0   0   1   0   0  97   0   1  5.12 1.57
  239 K    -3   1  -1  -2  -2   2  -1  -4  -2  -2   0   2   4  -3  -4   0   3  -2   1  -3    0   9   2   2   1   9   2   1   1   2  10  14  13   0   0   5  21   1   6   0  0.38 0.32
  240 W     1  -1  -4  -3  -4  -3  -4  -3  -4   4  -1   1  -2   0  -4  -3  -2   5  -1   4   12   3   0   1   0   1   0   2   0  22   3   8   0   4   0   1   1   9   1  29  0.60 0.36
  241 N    -4  -1   7   3  -6  -4  -3   1  -2  -6  -6   0  -4  -4  -4  -3  -4  -6  -3  -6    1   4  60  17   0   0   0   9   1   0   0   4   0   1   1   0   0   0   1   0  1.58 0.70
  242 G    -3  -1   4   3  -5  -1   1   4  -2  -3  -5   0  -3  -2  -4  -1  -3  -5  -4  -4    0   3  19  15   0   2  10  34   1   1   1   5   0   2   0   4   1   0   0   1  0.71 0.40
  243 S    -2   0   0  -2  -3  -2   0  -3  -4  -2  -4   4  -2  -3  -3   3   4   2  -4  -2    1   3   3   1   1   1   7   2   0   2   0  24   1   1   0  21  27   3   0   2  0.61 0.42
  244 V    -2   0   2   1  -3  -1   0  -2   0  -2   0   2  -1   3  -2  -1   0   0   2  -2    3   4  10   8   0   2   5   2   2   2  12  15   1  15   1   3   5   1   6   2  0.17 0.17
  245 I    -1  -4  -2  -3  -3  -1  -1  -3  -4   5   0  -3  -2  -3   1  -3   0  -3  -4   4    4   1   2   1   0   3   4   2   0  31   5   1   0   0   6   1   4   0   0  31  0.60 0.35
  246 D    -1  -2   2   5  -4  -1   4  -3  -2  -3  -5   0  -4  -4  -1  -1  -1  -5  -4  -4    4   1   9  37   0   2  23   2   0   1   1   5   0   1   4   4   4   0   0   1  0.80 0.42
  247 E    -2  -2   2   4  -4   1   2  -1  -2  -2  -2  -1  -3  -2  -3   0  -1   3  -1  -1    1   2  11  27   0   6  14   4   1   3   4   3   0   1   1   8   3   4   3   4  0.40 0.27
  248 D     0  -2   1   1  -2  -1   1  -1  -1  -1   0  -1   0   2  -1   0   1  -2   2  -1    9   0   7   9   0   1  10   3   1   3  12   2   2  11   2   7   8   0   9   3  0.10 0.13
  249 D    -2  -1   1   4  -4  -2   1   0  -1  -3  -3  -1  -2   0  -1   0  -1  -2   4  -2    2   4   5  29   0   1   7   7   1   1   1   2   1   3   3   6   4   0  18   3  0.47 0.31
  250 P    -2  -1   1  -1  -4   0   2   0  -2  -2  -2   0  -1  -3   5   1  -2  -5  -4   0    2   3   6   2   0   4  14   7   1   3   3   6   2   1  28   9   1   0   0   8  0.46 0.30
  251 V     0   2   2   1  -1  -1   0  -1   1   0  -2  -1  -1  -2  -1   0   1  -3  -3   1    7  14  11   7   1   0   7   4   4   6   2   2   2   2   3   6  10   0   0  10  0.11 0.14
  252 L    -2   2  -2  -3  -3  -1   0   0   1   2   0  -1   0   1   0   0  -2  -3   0   1    1  13   1   0   0   2   6   6   4  17   9   1   2   8   4   9   1   0   3  13  0.13 0.17
  253 G    -1   2   0  -1   0   1   1   0   3   1  -2   2  -1  -2  -3  -1   0   0  -2   0    3  13   3   2   2   5  10   8   9  12   1  15   2   2   1   3   4   1   0   5  0.18 0.18
  254 E    -3   1  -2  -1  -5   2   5  -3  -1  -1  -2  -1  -3  -1  -2  -2  -2   0  -2   1    1   9   1   1   0  11  42   2   1   3   3   2   0   3   2   2   2   1   1  13  0.62 0.42
  255 D    -2   1   1   2  -4   1   3  -1  -2   0  -4   0  -2  -4  -2   1   2  -5  -4  -2    2   6   7  11   0   7  21   4   0   8   0   5   0   0   1  11  12   0   0   2  0.32 0.26
  256 Y    -3   1  -1   0  -2   3   4  -2  -2   0  -3  -1  -1   1  -3   0  -2  -1   2  -1    1   8   3   4   1  14  28   4   1   5   2   1   2   5   0   8   2   1   7   3  0.35 0.29
  257 Y    -2   0   0  -1  -4   1   3   0   0   1  -2   0  -1   0  -2   1   0  -3   1   0    1   5   3   1   0   5  21   7   2  11   3   6   1   4   2  11   5   0   5   6  0.15 0.18
  258 S    -2   1  -1  -2  -4   2   2   2  -1   0  -1   1  -1  -1   0   0   0  -3   0   0    0   9   2   0   0   8  15  16   1   5   5  10   1   3   4   5   5   0   3   7  0.15 0.17
  259 V    -2   0  -1  -2  -1   1   0  -2  -1   2   0   0   0   0  -2   0   1  -3  -1   2    1   6   3   2   1   8   7   2   1  18   6   5   2   5   1   6   9   0   2  16  0.12 0.14
  260 E    -2   1   2  -1  -4   1   4  -2   0  -2   0   1   0  -4  -1   0   0  -4  -3  -1    1   9   9   2   0   6  28   3   2   2   9   8   2   0   3   5   6   0   1   4  0.30 0.23
  261 N    -2   0   3   0  -2   3   2  -2   1  -1  -3   1  -2  -3  -3   1   2  -4  -1  -1    1   5  14   4   1  13  12   2   3   3   1   9   1   1   1  10  14   0   2   4  0.30 0.24
  262 P    -2   0   0  -1  -2  -1   1  -1   2  -2   0  -1  -1  -1   3   1   0   2   3  -2    2   4   5   3   1   2   9   4   4   2   9   2   1   2  13  13   7   3  11   1  0.19 0.18
  263 A    -1  -2  -2   0  -1  -1   1   0   3  -1  -2  -2  -2   1  -3   3   2  -4  -2   0    2   2   1   5   1   2   9   8   7   3   4   2   0   7   1  28  11   0   1   7  0.25 0.26
  264 N    -1  -1   2   0  -2  -1   1   1   1  -2  -1   0  -2  -2   0   2   1  -2  -1  -2    3   3   9   5   1   1   9  10   3   3   7   6   0   1   4  22   8   0   3   1  0.16 0.18
  265 K    -2  -1   3   2  -3  -1   1   0   0  -2   0   2  -2   2  -3  -1  -1  -3   0  -3    2   2  14  11   0   2  10   8   3   2   9  14   0  11   1   4   4   0   2   1  0.21 0.20
  266 R    -3   1   1  -1  -5   0   3   3  -1  -2  -4   3  -4  -1  -1  -2  -2   3  -2  -4    1   9   7   2   0   3  23  21   1   3   1  16   0   3   2   2   1   4   1   1  0.47 0.34
  267 R    -2   1  -1   3  -4   1   3   0  -2  -3   0   2   1  -2  -2  -2  -3  -3   1  -2    2   7   1  18   0   7  17   8   1   1  10  15   3   1   1   1   1   0   5   2  0.31 0.26
  268 S     1  -1   1  -1  -3  -1   2  -3   3  -1  -1  -1  -2  -2   0   0   1   2   1   0   11   2   9   3   0   1  19   1   9   3   7   2   1   2   4   6   8   3   5   7  0.18 0.19
  269 T    -2  -3  -1  -4   5  -3  -3  -4   1   2  -1  -2   0  -1  -1   0   3   2   3   2    1   1   3   1  11   0   1   0   4  12   3   2   2   2   4   6  21   3  12  12  0.43 0.32
  270 L     0   1  -3  -3  -3  -1  -1  -2   0   3   1  -2  -1   1  -3  -1  -1  -1  -1   1   10  10   1   0   0   3   4   2   3  22  17   1   1   6   0   6   2   1   2  10  0.20 0.18
  271 I    -2  -2   1  -2  -3  -1   3  -2  -1   2   0  -1  -1  -1  -3   1   2  -3   2  -1    1   2   6   1   0   1  20   3   1  15   8   2   1   2   0  12  12   0   9   3  0.25 0.25
  272 T     0   3  -1  -4   0   1  -3  -4   1  -2  -3   1  -1  -4  -4   1   3  -5  -4   2    6  19   2   0   2   6   0   0   3   2   2   8   1   0   0   9  23   0   0  15  0.45 0.34
  273 V    -2  -1  -1  -3  -3  -2  -2  -4  -2   3   0   0   2  -2   1  -1   1   0  -2   3    3   3   2   1   0   1   1   1   1  20   5   5   6   1   7   4   9   1   1  26  0.36 0.25
  274 L    -2  -5  -6  -5  -5  -5  -6  -5  -6   1   6  -5  -2   0  -5  -5  -4  -5  -4  -1    3   0   0   1   0   0   0   1   0   6  80   0   0   3   0   0   0   0   0   3  1.55 0.67
  275 N    -4   4   4  -4  -5  -2  -4  -5   0   3  -2  -1  -1  -1  -5   1   2  -5  -3  -2    0  23  23   0   0   1   0   0   2  17   2   3   1   2   0   9  13   0   1   2  0.65 0.43
  276 I    -6  -7  -7  -8  -6  -7  -7  -8  -7   7   1  -7  -3   5  -7  -7  -5  -6  -4   0    0   0   0   0   0   0   0   0   0  66   9   0   0  21   0   0   0   0   0   4  1.92 0.79
  277 S     0  -1  -1   3  -2  -1   2  -4  -4  -5  -3   3  -4  -6  -3   2   2  -6  -5  -4    7   2   2  17   1   2  12   0   0   0   3  20   0   0   1  18  15   0   0   1  0.55 0.40
  278 E    -1  -3   2   2  -6  -1   5  -4  -2  -6  -6   4  -5  -5   1   0  -3  -6  -5  -4    4   0  10  10   0   2  34   1   0   0   0  22   0   0   7   6   0   0   0   1  0.83 0.50
  279 I    -3  -7  -7  -8  -5  -7  -7  -8  -7   3  -1  -7  -3  -1  -7  -6  -4  -7  -5   7    2   0   0   0   0   0   0   0   0  11   5   0   0   2   0   0   0   0   0  79  1.95 0.84
  280 E    -3   1   2  -3  -5   1   2  -4  -3  -2  -4   4  -4  -6  -4  -1   4  -6  -5  -3    1   8  10   0   0   5  13   1   0   3   1  29   0   0   0   3  26   0   0   1  0.74 0.48
  281 S    -1   1  -1  -1  -5   2   5  -5   0  -5  -4   0   3  -5   0   2  -2  -3  -5  -3    4   8   2   3   0   7  38   0   2   0   1   5   7   0   5  15   1   0   0   1  0.68 0.45
  282 R    -2   1   1  -1  -6  -1   6  -3  -2  -5  -5   2  -3  -6  -4  -1  -2  -6  -5  -2    3   8   6   2   0   1  52   2   1   0   0  14   0   0   0   4   2   0   0   3  1.01 0.56
  283 F    -6  -6   3   8  -8  -5  -2  -6  -2  -7  -8  -5  -7   2  -6  -5  -6  -8  -3  -8    0   0  11  78   0   0   1   0   1   0   0   0   0   8   0   0   0   0   1   0  2.29 0.93
  284 Y    -6  -6  -7  -8  -6  -6  -7  -8  -5  -3   5  -6   0   3  -7  -6  -5  -4   6  -4    0   0   0   0   0   0   0   0   0   0  62   0   2  10   0   0   0   0  25   0  1.69 0.75
  285 K    -1   1   3  -1  -4   0  -1   2   3  -4   0   2  -3  -3  -4   1  -1  -3   1  -4    4   7  16   2   0   4   4  15   7   0  13  11   0   0   0   9   2   0   4   0  0.28 0.25
  286 H    -3   3  -3  -4  -4   0  -3  -3   4  -2   1   0  -1   2  -4   0   1  -2   2  -1    1  20   0   0   0   5   0   1  12   1  14   4   1   9   0   6  11   0   7   5  0.38 0.28
  287 P    -3   0   5   2  -6   0   0  -4   1  -4  -2   2  -5  -6   4   0  -2  -6  -5  -5    0   4  26  11   0   3   5   0   3   1   4  13   0   0  20   7   1   0   0   0  0.73 0.44
  288 F    -7  -7  -8  -8  -7  -7  -8  -8  -4  -5  -4  -7  -5   8  -8  -7  -7  -3   8  -6    0   0   0   0   0   0   0   0   0   0   1   0   0  56   0   0   0   0  43   0  2.80 1.04
  289 T    -3  -2   3   1  -4  -2  -1  -4  -4   1  -3   1  -1  -1  -4   0   4  -5  -1   2    0   1  12   8   0   1   2   0   0   8   1   8   2   3   0   6  30   0   2  16  0.48 0.37
  290 C    -6  -9  -9  -9  12  -9 -10  -8  -9  -7  -7  -9  -7  -8  -9  -7  -7  -8  -8  -7    0   0   0   0 100   0   0   0   0   0   0   0   0   0   0   0   0   0   0   0  4.71 1.48
  291 F    -3  -1  -3  -4  -4  -1  -2  -5   6   0   1  -3   0   3  -5  -1   2  -1   2   1    1   3   1   0   0   3   2   0  23   4  14   1   2  12   0   4  13   1   7  10  0.55 0.36
  292 A     6  -6  -6  -6  -5  -5  -5  -3  -6  -2  -2  -5  -4  -2  -5  -3  -4  -6  -5   4   65   0   0   0   0   0   0   1   0   1   3   0   0   2   0   0   0   0   0  27  1.48 0.73
  293 K     0   3  -2  -2  -3   3   1  -3   0  -1   1   1   1  -1  -3   0   0  -2  -1  -1    7  16   1   1   0  15  10   1   2   3  13   7   3   3   1   6   4   0   2   4  0.20 0.18
  294 N    -2  -4   8  -2  -5  -3  -4  -2  -1  -5  -5  -4  -5  -5  -4   2  -2  -5  -1  -5    3   1  70   1   0   0   1   3   1   1   1   1   0   0   1  12   1   0   2   1  1.80 0.73
  295 T     1   0  -1   0  -3  -1   1   0   0  -2  -1  -1  -2  -1   0   2   2  -1  -2  -2   13   6   1   6   0   1  12   8   3   1   8   3   1   2   4  16  13   1   1   1  0.14 0.15
  296 H    -1   2   1  -1  -2  -1   0   0   3   1  -1   1   1   0  -3  -1  -2  -3   2  -1    3  13   7   3   1   1   7   7  10  10   6   9   4   4   1   3   1   0   7   4  0.13 0.14
  297 G    -2  -4  -3  -3  -6  -2  -4   7  -4  -4  -7  -5  -6  -7  -4   0  -4  -7  -4  -5    3   1   1   1   0   2   1  80   0   1   0   0   0   0   1   6   1   0   1   1  1.85 0.77
  298 I    -3   1   2  -3  -4   1   1  -4   0   0   0  -1   1   1  -4  -1   1  -1  -1   1    0   9  12   0   0   6  12   0   3   5   8   3   3   8   0   4  11   1   2  14  0.20 0.22
  299 D     0   2   0   2  -4   2  -1  -3  -2   0  -3   0  -2  -2  -1   1   1  -5  -3   2    8  11   4  13   0   9   2   0   1   4   1   4   1   2   2  13  10   0   0  15  0.22 0.22
  300 A     2   1  -2  -4  -4   0   0  -4   3  -1  -3  -1  -1  -3  -3   0   5  -5  -3  -1   19   9   1   0   0   5   5   0   6   4   1   2   2   1   1   6  35   0   0   3  0.56 0.41
  301 A     4   2  -2  -4  -4   2  -2  -2   4  -2  -4   2  -4  -5  -4   0  -2  -3  -4  -2   39  11   1   0   0   9   1   2  12   2   1  12   0   0   0   6   2   0   0   2  0.68 0.44
  302 Y    -1  -2  -1  -5  -5  -4  -4  -5   0  -1  -4  -3  -2  -1  -4   3   3   0   6  -1    4   2   3   0   0   0   0   0   2   4   0   1   1   1   1  23  20   1  32   5  0.92 0.54
  303 I    -1  -6  -7  -7  -5  -6  -6  -7  -6   6  -2  -6  -2   5  -6  -5  -3  -5  -3   4    6   0   0   0   0   0   0   0   0  39   1   0   0  21   0   0   1   0   0  32  1.34 0.60
  304 Q    -1   3  -4  -4  -5   4  -3  -5  -3   3  -1   2   2  -3  -4  -1   1  -2  -4   0    4  15   0   0   0  22   0   0   0  19   4  13   6   0   0   3   8   0   0   6  0.53 0.38
  305 L    -5  -6  -7  -8  -5  -2  -7  -8  -7   0   6  -6   1  -2  -7  -6  -5  -6  -5  -1    0   0   0   0   0   2   0   0   0   3  88   0   2   1   0   0   0   0   0   3  1.87 0.77
  306 I    -3   3  -3  -3  -5   2   0  -4   0   2   0   5  -2  -3  -4  -3  -2  -5  -4   0    0  14   0   0   0  10   7   1   2  11   9  35   0   1   0   0   2   0   0   8  0.60 0.39
  307 Y    -3   4  -3  -4  -6   1  -1  -5   5  -4   1   4  -3  -3   2  -3  -4  -5   0  -4    1  23   0   0   0   5   3   0  14   0  13  27   0   1   9   0   0   0   3   1  0.78 0.45
  308 P    -4   3  -4  -4  -6  -3   0  -5  -4  -6  -6   4  -5  -7   7  -2  -4  -6  -6  -6    0  19   0   0   0   0   5   0   0   0   0  23   0   0  51   2   0   0   0   0  1.62 0.60
  309 V     4  -5  -5  -5  -3  -4  -5  -4  -5   1  -3  -4  -2  -4  -4  -3  -1  -6  -4   5   39   0   0   0   0   0   0   0   0   6   0   0   0   0   0   0   2   0   0  53  1.16 0.51
  310 T     3  -2  -1  -2  -2  -1  -1  -1  -2  -3  -3  -1  -2  -3  -2   4   2  -4  -3  -2   30   0   0   0   0   0   0   0   0   0   0   0   0   0   0  60  10   0   0   0  0.62 0.18

                      K         Lambda
Standard Ungapped    0.1355     0.3182
Standard Gapped      0.0471     0.2670
PSI Ungapped         0.1546     0.3134
PSI Gapped           0.0471     0.2670
