
Last position-specific scoring matrix computed, weighted observed percentages rounded down, information per position, and relative weight of gapless real matches to pseudocounts
            A   R   N   D   C   Q   E   G   H   I   L   K   M   F   P   S   T   W   Y   V   A   R   N   D   C   Q   E   G   H   I   L   K   M   F   P   S   T   W   Y   V
    1 S    -1  -3   1  -2  -3  -2  -2  -2  -3  -4  -5  -2  -4  -5  -3   6   0  -5  -4  -4    0   0   5   0   0   0   0   0   0   0   0   0   0   0   0  92   2   0   0   0  1.37 0.43
    2 S    -1  -3  -2  -3  -3  -3  -3  -3  -3  -5  -5  -3  -4  -5  -3   7  -1  -5  -4  -4    0   0   0   0   0   0   0   0   0   0   0   0   0   0   0 100   0   0   0   0  1.73 0.48
    3 L    -3  -4  -5  -5  -3   1  -4  -5  -4  -1   5  -4   0   2  -5  -4  -3  -3  -2  -1    0   0   0   0   0   8   0   0   0   0  85   0   0   8   0   0   0   0   0   0  1.13 0.33
    4 I    -1   3  -1  -2  -3  -1  -2  -4  -1   0   0   3   1  -2   0  -2  -2  -4  -3   3    2  21   2   1   0   0   0   0   1   4   6  22   5   1   5   0   0   0   0  30  0.35 0.19
    5 L    -3  -4  -5  -6  -3  -4  -5  -6  -5   1   6  -5   0  -2  -5  -4  -3  -4  -3   1    0   0   0   0   0   0   0   0   0   6  87   0   0   0   0   0   0   0   0   7  1.27 0.37
    6 L     1  -4  -4  -4  -4   0  -1  -4  -4  -4   0  -3  -3  -5   7  -3  -3  -5  -5  -4   15   0   0   0   0   4   5   0   0   0  11   0   0   0  66   0   0   0   0   0  1.60 0.42
    7 S     1  -2   1   2  -3  -1   2  -2   0  -4  -4  -1  -3  -4   0   4   3  -4  -2  -3    9   0   5  12   0   0  12   0   2   0   0   2   0   0   3  36  18   0   1   0  0.50 0.24
    8 A     4  -4  -3  -4  -3  -3  -3  -3  -4  -3  -4  -3  -3   0   6   0   1  -5  -3   0   37   0   0   0   0   0   0   0   0   0   0   0   0   5  39   4  10   0   0   6  1.00 0.34
    9 S     4  -1  -1  -1  -3   0   2  -1  -3  -4  -3  -1  -3  -4  -3   3   0  -4  -3  -3   41   2   2   2   0   4  16   3   0   0   1   2   0   0   0  24   3   0   0   0  0.54 0.27
   10 D     0  -2  -2   1  -4   4   4  -3   1  -4  -4   0  -3  -4  -3   2  -1  -4  -3  -2    7   0   0   8   0  22  28   0   3   0   0   3   0   0   0  23   3   0   0   3  0.59 0.27
   11 L    -4  -4  -5  -6  -4  -4  -5  -6  -5  -1   5  -2   2   1  -5  -4  -3  -4  -3   0    0   0   0   0   0   0   0   0   0   0  80   3   5   6   0   0   0   0   0   5  1.16 0.39
   12 A     5  -3  -3  -3  -3   0  -2  -2  -3  -3  -4   1  -3  -4  -3   3  -1  -5  -4  -1   61   0   0   0   0   5   0   0   0   0   0   8   0   0   0  20   1   0   0   4  0.85 0.36
   13 G    -1  -5  -3  -4  -5  -4  -5   7  -5  -6  -6  -4  -5  -6  -5  -3  -4  -5  -6  -6    3   0   0   0   0   0   0  97   0   0   0   0   0   0   0   0   0   0   0   0  2.19 0.55
   14 Q     0   0   0   0  -4   4   1  -3   3  -2  -2   2  -2  -4   0   1   0  -4  -2  -1    6   3   3   5   0  29   5   0  10   2   4  15   0   0   3   9   5   0   0   3  0.36 0.20
   15 W    -6  -6  -7  -8  -6  -6  -6  -6  -6  -5   0  -7  -4  -3  -7  -6  -6  12  -1  -6    0   0   0   0   0   0   0   0   0   0   9   0   0   0   0   0   0  91   0   0  4.15 0.84
   16 T     0   2  -2  -1  -4   5   0  -1   0  -3  -2   0  -2  -4  -3  -2   2  -4  -3   0    7  10   0   2   0  42   2   5   1   1   2   3   0   0   0   0  18   0   0   6  0.60 0.30
   17 L     0  -4  -5  -5  -3  -4  -4  -4  -4   2   4  -4   3   2  -4  -3  -2  -3  -2   2    9   0   0   0   0   0   0   0   0  12  46   0  11  11   0   0   0   0   0  12  0.64 0.25
   18 Q     1   0  -1  -2  -3   3   0  -2   2  -2  -3  -1  -1  -1  -3   2   2  -3   2   0   14   3   2   0   0  17   5   0   5   1   0   2   1   2   0  18  13   0   9   6  0.26 0.18
   19 Q     0   2   0   2  -3   4   1   0   0  -3  -2   0  -2  -4  -2   0  -1  -4  -3  -1    8  12   2  13   0  30   8   8   2   0   4   2   0   0   1   4   1   0   0   4  0.36 0.19
   20 D     1  -2   0   3  -3   2   0   2  -1  -3  -3   0  -3  -4   2   0   0  -4  -3  -3   15   0   4  19   0  13   3  16   1   1   1   5   0   0  12   3   7   0   0   0  0.34 0.16
   21 E     0  -1   0   4  -4   1   2   2   1  -4  -4   2  -3  -4  -3   0  -2  -5  -4  -3    6   1   2  31   0   4  14  18   4   0   0  14   0   0   0   4   0   0   0   1  0.53 0.22
   22 A     2   0  -2  -2  -3   4  -1   3  -2  -4  -3   0  -3  -4   2   0  -1  -4  -3  -2   17   4   0   0   0  28   0  22   0   0   1   6   0   0  12   4   3   0   0   2  0.50 0.23
   23 P     0  -1   0   0  -2   2   1   0   0  -3  -2   1  -2  -3   1   2   1  -3  -2  -2    4   2   3   4   0  10   9   6   3   1   3   7   0   1   7  25  12   0   0   2  0.24 0.14
   24 A     1   1   2   1   2   1   0   1   0  -2  -1   0  -1  -2   0   0  -1  -2  -2  -1   15   8  11   7   6   6   5  10   3   1   7   7   1   1   4   4   3   0   1   2  0.10 0.06
   25 I     1  -1  -1  -2  -2  -1  -1  -1  -2   1   1  -2   0  -2   1   0   0  -2  -2   3   11   3   2   1   0   2   3   4   0   5  11   1   2   1   8   5   6   0   1  31  0.16 0.11
   26 C    -3  -5  -5  -5  11  -5  -5  -5  -5   0  -3  -5  -4  -4  -5  -4  -3  -5  -5   0    1   0   0   0  80   0   0   1   0   5   1   0   0   0   0   1   0   0   0   8  2.74 0.66
   27 H     0   0   0   1  -2   1   2   1   0  -1  -1   0  -2  -3  -1   0   2  -3  -2   0    7   4   2  10   0   6  15  12   2   2   6   3   0   0   3   5  15   0   0   6  0.14 0.09
   28 L    -2  -3  -4  -4  -2  -3  -3  -4  -4   3   4  -3   1  -1  -3  -3  -2  -3  -2   3    1   1   1   1   0   1   1   1   0  20  43   1   3   0   1   1   1   0   0  25  0.65 0.24
   29 E    -2   1   0   2  -4   2   4  -3   1  -1  -3  -1  -2  -3  -3  -1   2  -4  -1  -2    2  10   2  10   0  11  30   0   3   5   0   1   0   0   0   2  16   0   3   2  0.42 0.23
   30 L     1  -3  -4  -4  -3   1  -4  -4  -4  -1   5  -3   0   2  -4  -3  -3  -3  -2  -2   13   0   0   0   0   8   0   0   0   0  68   0   0   7   0   0   0   0   0   0  0.85 0.36
   31 R    -1   0   1   1  -2   0   0  -1   0  -1   1   1  -1  -1  -2   0   1  -3  -2   0    2   4   7  11   0   4   6   3   3   2  17   9   0   2   1   5  14   0   0  10  0.07 0.08
   32 D     2  -2   2   2  -2  -1   0   0  -1  -2  -2  -1  -2  -3   2   0   0  -3  -3  -1   28   1  10  13   0   2   6   7   1   1   3   1   0   0  12   6   6   0   0   2  0.28 0.16
   33 S    -1  -1   2   3   2   2   1  -1   0  -3  -3  -1  -2  -3  -1   1   3  -3  -3  -3    2   1  11  17   4  12   9   3   2   0   1   1   0   0   2   9  23   0   0   1  0.36 0.21
   34 E     1   0  -1   0  -3   2   2  -1   0  -2  -2   1  -2  -3   2   0   0  -3  -2   0   13   5   1   3   0  11  16   2   1   0   4  10   0   0  11   5   6   0   0   9  0.22 0.14
   35 V    -1  -2   1   1  -2   1  -1  -1  -2   1   0  -2   0  -1  -2  -1   3  -3  -2   2    4   1   7   8   0   9   2   5   0   6   8   1   2   2   1   1  23   0   0  21  0.16 0.15
   36 A     1  -1  -1  -1  -2   0   0   0  -2  -1  -1   0  -1  -2   3   1   2  -2  -2   0   16   2   1   3   0   3   7   5   1   1   6   3   1   1  18   8  17   0   1   6  0.24 0.12
   37 E     0   0   2   3  -2   0   2   0  -1  -2  -2   0  -2  -3   1   1  -1  -3  -2  -2    9   4  11  19   0   3  20   5   1   1   2   3   1   1   6   9   3   0   1   2  0.27 0.12
   38 A     1  -1   0   0  -2  -1   0   3  -2  -1  -2   0  -2  -2   0   0   2  -2  -2  -1   10   2   3   6   1   1   4  28   1   5   3   6   1   1   4   5  17   0   1   2  0.22 0.10
   39 S    -1   0   4   1  -2   1   0   0   0  -2  -1   0  -2   1  -2   1   1  -2  -1  -2    5   3  29   5   1   5   4   6   2   1   5   6   1   7   1   9   7   0   1   2  0.21 0.12
   40 G     2  -2  -1   0  -2   1  -1   2  -2   0  -2  -1  -1  -1  -1   0   1  -2  -2  -1   24   1   1   6   0   7   2  21   1   8   2   1   1   3   1   3  12   0   1   4  0.18 0.12
   41 Y    -2   0  -1  -2  -2  -1  -2  -2  -1  -2   0  -1  -2   1   4  -1  -2   6   4  -2    2   6   4   1   1   3   2   3   1   1   9   4   1   5  19   3   2  14  19   2  0.52 0.19
   42 D     1   2  -1  -1  -2   1   0  -1   3  -2  -2   2  -1  -2   0   1   1  -2  -1  -1   18  11   1   3   1   9   2   2  10   1   4  13   1   1   3   8   9   0   1   3  0.17 0.10
   43 L    -2  -4  -5  -5  -3  -4  -5  -5  -4   0   5  -4   2   4  -5  -4  -3  -3  -2   0    3   0   0   0   0   0   0   0   0   1  64   0   4  21   0   0   0   0   0   4  0.99 0.41
   44 G     1  -1   0  -1  -2  -1  -1   3  -2  -2  -2   0  -2  -3  -1   2   2  -4  -3   0   11   3   3   3   0   1   2  22   0   1   3   4   0   0   1  24  15   0   0   6  0.28 0.19
   45 G     1  -3  -1   2  -3  -2  -1   4  -3  -1   0  -1  -2  -1   1  -1  -2  -4  -3  -2   16   0   1  12   0   0   3  36   0   4  11   4   0   3   6   3   0   0   0   1  0.36 0.21
   46 D    -1   0   0   5  -4   2   1   2  -2  -4  -3  -2  -3  -4  -2   1  -2  -4  -4  -4    2   5   2  37   0  12   7  15   0   0   3   0   0   0   1  14   0   0   0   0  0.58 0.29
   47 T     2  -2  -1  -2  -2   1  -1   0  -2   0  -1  -2   0  -3   2   1   1  -4  -3   2   18   1   2   0   0   7   3   8   0   2   6   0   2   0  11  11  10   0   0  18  0.18 0.16
   48 A     2  -1  -1   3  -3   3   2  -1   0  -3  -4   0  -3  -4   0   1  -1  -4  -3  -2   21   2   1  22   0  15  12   4   3   0   0   4   0   0   4   7   1   0   0   3  0.38 0.23
   49 C    -3  -6  -5  -6  11  -5  -6  -5  -5  -4  -4  -5  -4  -5  -5  -4  -4  -5  -5  -4    0   0   0   0  94   0   0   0   0   0   1   0   0   0   0   0   0   0   0   0  3.44 0.85
   50 L     3  -3  -3   0  -2  -3  -3  -3  -3  -1   3  -2  -1  -1   1  -2  -1  -3  -3   1   29   0   0   6   0   0   0   0   0   0  43   2   0   2   6   0   2   0   0   8  0.39 0.24
   51 T     2  -1  -1  -1  -3   2   1   1   0  -3  -3   1  -2  -3   1   1   1  -3  -3  -1   21   0   1   0   0  12  12  11   2   0   1  10   0   0   7   9   9   0   0   4  0.25 0.16
   52 R     1   1   2   0  -3   2   1  -1   0  -1  -2   1  -2  -3   0   0   0  -3  -2  -1   18   5  12   4   0  15   6   4   2   4   1  11   0   0   4   5   5   0   1   3  0.19 0.12
   53 W    -2  -4  -5  -5  -3  -4  -4  -4  -4   1   2  -4   0  -2  -2  -4  -3   9  -1   2    2   0   0   0   0   0   0   0   0   6  26   0   2   0   2   0   0  39   0  20  1.35 0.42
   54 L     1  -3  -4  -4  -3  -3  -2  -2  -4   1   4  -3   0   2  -4  -2  -2  -3  -2  -1   12   0   0   0   0   0   3   3   0   7  61   0   1   8   0   2   0   0   0   0  0.59 0.28
   55 P    -1   1   0   0  -3   0  -1   4   1  -4  -4   0  -3  -4   2   0   0  -4  -3  -3    4   9   4   6   0   5   3  35   5   0   1   3   0   0  13   4   8   0   0   0  0.44 0.19
   56 S     1   0  -1   2  -3   1   3  -2  -2  -2   1  -1  -2  -1  -2   0  -1  -3  -2  -2   11   3   2  16   0   8  27   1   0   0  16   2   0   4   0   5   3   0   0   0  0.28 0.18
   57 E     1   1  -1  -2  -3   1   1  -1  -2  -2  -1   3  -2  -3   1   0   1  -3  -2   0   15   5   0   0   0   5  12   3   0   0   6  23   0   0   5   4  12   0   0   8  0.20 0.15
   58 P     0  -4  -4  -4  -4  -3  -4  -4  -4   0   1  -3  -2  -1   7  -2  -1  -5  -4   1    8   0   0   0   0   0   0   0   0   6  13   0   0   3  55   1   3   0   0  11  1.19 0.40
   59 R     2  -1  -2  -1  -2   0   0  -1  -3   1  -1  -1  -1  -3  -3   0   2  -4  -3   2   20   2   0   3   0   4   6   4   0   9   5   2   0   0   0   5  16   0   0  24  0.20 0.17
   60 A     3  -2  -2  -3  -3  -3  -3   4  -1  -1  -1  -2  -2  -4  -3   1   1  -4  -3  -1   26   2   0   0   0   0   0  41   1   3   6   0   0   0   0   8   9   0   0   5  0.55 0.27
   61 W    -6  -6  -8  -8  -6  -6  -7  -6  -6  -6  -5  -7  -5  -3  -7  -7  -6  13  -1  -7    0   0   0   0   0   0   0   0   0   0   0   0   0   0   0   0   0 100   0   0  4.72 1.04
   62 R    -1   5  -2  -2  -4  -2  -2  -4   3  -3  -2  -1  -3   4  -4   1  -1  -3   0  -3    5  43   1   2   0   0   1   0   8   0   4   0   0  21   0  11   3   0   1   0  0.67 0.34
   63 P    -2  -5  -5  -4  -5  -4  -4  -5  -5   1  -2  -4  -1  -5   8  -3   0  -6  -5  -2    3   0   0   0   0   0   0   0   0  11   3   0   2   0  75   0   5   0   0   1  1.97 0.57
   64 T     2  -3  -2   2  -3  -2   3  -3  -3  -3  -4  -2  -3  -5  -3  -1   5  -5  -4  -3   22   0   0   9   0   0  25   0   0   0   0   0   0   0   0   1  42   0   0   0  0.77 0.39
   65 P    -3  -2  -4  -4  -5  -4  -4   2  -5  -5  -6  -3  -5  -6   8  -2  -4  -6  -5  -5    0   3   0   0   0   0   0  18   0   0   0   0   0   0  77   3   0   0   0   0  2.14 0.54
   66 A    -2  -4  -1   7  -5  -3  -1   0  -3  -5  -3  -3  -4   2  -4  -2  -3  -5  -4  -5    3   0   0  75   0   0   0   7   0   0   3   0   0  10   0   2   0   0   0   0  1.41 0.46
   67 G    -1  -4  -1  -2  -5  -4  -2   7  -4  -6  -6  -4  -5  -5  -4  -2  -2  -5  -5  -5    2   0   3   2   0   0   3  89   0   0   0   0   0   0   0   0   2   0   0   0  1.76 0.48
   68 I    -3  -5  -5  -5  -3  -4  -5  -6  -5   6   3  -5   2  -2  -5  -4  -3  -4  -3   0    0   0   0   0   0   0   0   0   0  61  34   0   4   0   0   0   0   0   0   1  1.17 0.39
   69 A     3  -3  -3  -1  -2  -2  -3  -2  -3  -2   0  -3  -1  -2  -3   1   3   6  -1   0   34   0   0   4   0   0   0   0   0   0  11   0   1   1   0   8  23  12   1   4  0.50 0.27
   70 L    -3  -4  -5  -5  -3  -4  -5  -5  -4   2   5  -4   1   3  -5  -4  -3  -3  -2   1    0   0   0   0   0   0   0   0   0   9  70   0   3  12   0   0   0   0   0   6  0.99 0.34
   71 L    -2  -1  -3  -4  -3  -3  -3  -4  -4   1   3  -3   5   0  -4  -2   4  -3  -1  -1    0   3   0   0   0   0   0   0   0   7  27   0  20   3   0   0  37   0   2   1  0.65 0.32
   72 E    -1  -1   3   3  -4   1   0   4  -2  -4  -4  -1  -3  -4  -3   1   0  -4  -4  -4    1   1  14  20   0   7   3  32   0   0   0   2   0   0   0  11   7   0   0   0  0.57 0.23
   73 R     3   1   0   0  -3   0   1   1   2  -3  -3   3  -2  -4  -1   0  -1  -4  -3  -3   35   7   4   5   0   2   7   8   6   0   2  21   0   0   1   2   1   0   0   0  0.34 0.20
   74 G    -2  -2  -1   6  -5   2   4  -2  -2  -5  -5  -1  -4  -5  -3  -1   0  -5  -4  -4    1   0   0  48   0  12  26   2   0   0   0   2   0   0   0   4   5   0   0   0  1.01 0.36
   75 G    -2  -5  -1  -1  -5  -4  -4   7  -4  -6  -6  -4  -5  -6  -5  -3  -4  -5  -6  -6    0   0   2   4   0   0   0  94   0   0   0   0   0   0   0   0   0   0   0   0  1.98 0.52
   76 L     0   0   2  -2  -3   0   0  -2  -2  -3  -1  -2  -1  -4  -3   4   2  -4  -3  -2    6   5  10   0   0   2   4   1   0   0   6   0   1   0   0  50  14   0   0   1  0.55 0.29
   77 T     1   2  -1  -2  -3   0  -2   2  -2  -3  -3   0   0  -4  -3   2   3  -4  -3  -2   10  15   0   1   0   3   0  15   0   0   0   6   3   0   0  21  26   0   0   0  0.41 0.23
   78 L    -2   0  -4  -4  -3  -2  -4  -5  -4   3   3  -3   0  -2  -4  -2  -1   1  -2   3    0   8   0   0   0   1   0   0   0  24  40   0   0   0   0   3   3   3   0  20  0.53 0.24
   79 M     2  -1  -2  -3  -2  -1  -2   0  -1   1   1  -2   0  -2  -2   0   1  -3   0   1   28   2   0   0   0   3   0   7   1  11  12   0   3   0   0   6   8   0   5  12  0.15 0.12
   80 L    -4  -1  -4  -5  -5  -4  -2  -5   6  -3  -1  -4  -3   7  -5  -4  -4  -2   0  -4    0   3   0   0   0   0   2   0  26   0   4   0   0  66   0   0   0   0   0   0  1.69 0.51
   81 L    -3  -4  -4   0  -4  -1  -4  -3  -3  -1   3  -4   1   6  -4  -4  -3  -2   0  -2    0   0   0   7   0   3   0   2   0   0  32   0   3  51   0   0   0   0   0   0  0.94 0.34
   82 G     1  -2   3   0  -3   0   0   0  -2  -3  -2  -2   3  -4  -3   4   0  -4  -3  -3   12   0  18   3   0   3   5   7   0   0   1   0  10   0   0  40   2   0   0   0  0.48 0.26
   83 R     0   6  -1  -3  -3   1  -1  -4   2  -4  -1   1   0  -4  -4  -2  -3  -4  -2  -4    7  63   3   0   1   4   2   0   4   0   8   3   3   0   0   0   0   0   1   0  0.96 0.37
   84 Q     0   0   0   2  -4   5   2  -1   0  -2  -3  -1   1  -4  -2  -1   1  -4  -2  -3    9   4   3  10   0  33  17   3   2   2   0   0   5   0   1   1   9   0   1   0  0.45 0.25
   85 G     1   1  -1   2  -3   1   2   2  -1  -4  -3   2  -3  -4   0   0  -2  -4  -2  -3   15  10   0  14   0   6  12  20   1   0   1  14   0   0   3   4   0   0   1   0  0.34 0.17
   86 E     0  -3   1   4  -5  -1   4   1  -2  -5  -5  -2  -4  -5   3  -1  -2  -5  -4  -4    7   0   5  27   0   1  31  13   0   0   0   0   0   0  15   1   0   0   0   0  0.73 0.29
   87 G    -1  -1   2  -1  -3   2  -2   5  -1  -4  -4   0  -3  -4  -3  -1  -2  -3  -3  -3    4   2  10   2   0  11   1  55   1   1   1   6   0   0   1   4   1   0   0   1  0.77 0.26
   88 D    -1   2  -1   0  -2   0   0  -1   3   0   1  -1   0   2  -2  -1  -1  -2   0   0    4  15   1   4   0   3   8   6  10   5  14   1   2  11   1   5   2   0   2   7  0.07 0.08
   89 Y    -5  -5  -4   1  -5  -4  -4  -6  -1  -4  -4  -5  -4   2  -6  -4  -4   7   9  -4    0   0   0  10   0   0   0   0   0   0   0   0   0   4   0   0   0  13  73   0  2.14 0.60
   90 R    -1   4  -2  -2  -4   3   3  -2  -2  -3  -2   3  -3  -2  -3  -2   0  -4  -3  -1    3  23   0   0   0  13  27   1   0   0   2  19   0   2   0   0   5   0   0   4  0.56 0.26
   91 V     3  -1   0  -2  -2  -2  -2   1   1  -2  -1  -2   0  -3  -3   2   0   2  -2   1   30   3   5   0   0   0   0  12   5   0   7   1   2   0   0  18   4   3   0  11  0.24 0.18
   92 Q    -1   3   0  -1  -3   2   0  -3  -2  -1  -2   1  -1  -3  -1   0   3  -3   0  -1    1  23   2   1   0  11   4   0   0   5   2   7   1   0   3   5  26   0   4   3  0.33 0.20
   93 K    -2  -1  -1   0  -3   0   0  -4  -3   1   3  -1   0  -1   1  -1   0  -3  -2   0    1   2   2   5   0   3   6   0   0  11  38   3   0   2   9   5   8   0   0   5  0.21 0.15
   94 G     0   0  -2   0  -4   0   2   1   0  -3  -3   2  -3  -4   3  -1  -2   5  -2  -1    7   2   0   3   0   3  20  10   2   0   1  19   0   0  18   1   0   9   0   4  0.46 0.22
   95 D     1  -1   1   3  -3  -1   0   2  -1  -4  -4  -2  -3  -4  -3   3   0  -4  -4  -3    9   3   7  21   0   1   2  19   1   0   0   0   0   0   0  32   4   0   0   0  0.51 0.24
   96 G     0  -4  -2   1  -4  -2   0   6  -4  -4  -5  -2  -4  -5  -4  -1  -2  -5  -5  -5    5   0   0   9   0   1   7  70   0   1   0   2   0   0   0   4   2   0   0   0  1.15 0.36
   97 G    -1   1   0   1  -3   0   1   1  -2  -2   0   2  -1  -3  -1   0   1  -3  -3  -2    4   9   3   7   0   2  12  13   0   1  16  17   0   0   2   5   9   0   0   0  0.15 0.11
   98 Q     0  -1  -2  -1  -3   0   1   1  -3   1  -1  -2  -1  -3   3  -1   1  -4  -3   2    5   2   0   2   0   4  12  10   0   8   2   0   1   0  17   2   9   0   0  24  0.26 0.16
   99 L    -3   1  -4  -4  -3  -3  -4  -5  -4   3   4   0   0  -1  -1  -3  -2  -3   0   1    0   8   0   0   0   0   0   0   0  18  53   6   0   0   3   0   0   0   3   9  0.57 0.25
  100 V    -2   0  -1  -3  -2  -2  -1  -3  -3   2   0  -2   2   1  -3   1   3  -3  -2   2    0   7   2   0   0   0   3   0   0  17   5   1   8   6   0  10  23   0   0  20  0.27 0.18
  101 L    -4  -4  -5  -6  -3  -4  -5  -6  -5   0   6  -4   5  -2  -5  -4  -3  -4  -3  -1    0   0   0   0   0   0   0   0   0   2  81   0  17   0   0   0   0   0   0   0  1.34 0.43
  102 R    -2   1   0  -2  -3   3   2  -1   1  -2  -2   3  -2  -4  -3  -1   0  -4  -3   1    1   7   3   0   0  15  14   5   4   0   1  26   0   0   0   0   6   0   0  18  0.32 0.19
  103 R    -3   7  -3  -4  -6  -1  -2  -4  -2  -5  -3   3  -3  -5  -4  -3  -3  -5  -4  -5    0  86   0   0   0   0   0   0   0   0   1  13   0   0   0   0   0   0   0   0  1.74 0.46
  104 A     2  -1   0  -2  -2   0  -1  -1  -1  -2  -2   3  -2  -3  -2   2   2  -3  -2   0   30   0   3   0   0   2   0   0   1   0   0  27   0   0   0  14  14   0   0   9  0.28 0.12
  105 T    -1  -1   4   0  -2  -1  -1  -1  -1  -1  -2  -1  -1  -3  -2   1   3  -4  -2   1    0   0  43   0   0   0   0   0   0   0   0   0   0   0   0  14  27   0   0  16  0.38 0.07

                      K         Lambda
Standard Ungapped    0.1360     0.3169
Standard Gapped      0.0458     0.2670
PSI Ungapped         0.1481     0.3093
PSI Gapped           0.0458     0.2670
