
Last position-specific scoring matrix computed, weighted observed percentages rounded down, information per position, and relative weight of gapless real matches to pseudocounts
            A   R   N   D   C   Q   E   G   H   I   L   K   M   F   P   S   T   W   Y   V   A   R   N   D   C   Q   E   G   H   I   L   K   M   F   P   S   T   W   Y   V
    1 S     0  -5  -4  -4  -5  -4  -4  -4  -5  -7  -7  -4  -6  -7  -5   7  -3  -7  -6  -6    6   0   0   0   0   0   0   0   0   0   0   0   0   0   0  94   0   0   0   0  2.19 0.85
    2 Q    -4   2   0  -2   3   6  -2  -5  -1  -6  -5   1  -4  -5   4  -2  -2  -6  -3  -4    0  12   4   1   6  43   0   0   1   0   0   7   0   0  18   2   2   0   1   0  1.10 0.52
    3 T    -4  -5  -4  -5   1  -5  -3  -6  -6  -3  -5  -5  -5  -6  -5  -1   8  -7  -6   0    0   0   0   0   3   0   2   0   0   1   0   0   0   0   0   4  84   0   0   7  2.00 0.79
    4 I    -4  -6  -6  -6  -3  -5  -6  -7  -6   5   4  -4  -1  -2  -6  -5  -4  -5  -4   3    0   0   0   0   0   0   0   0   0  38  39   1   1   1   0   0   0   0   0  20  1.22 0.49
    5 A    -1  -5  -6  -7  -3  -5  -6  -6  -6   1   5  -5   2  -3  -5  -5  -3  -5  -4   3    4   0   0   0   0   0   0   0   0   4  66   0   4   0   0   0   1   0   0  20  1.22 0.51
    6 L    -4  -5  -6  -6   1  -5  -6  -7  -6   5   4  -6   3   2  -6  -5  -4  -5  -3   1    0   0   0   0   3   0   0   0   0  29  43   0   8   9   0   0   0   0   0   9  1.08 0.45
    7 L    -1   3  -2  -3  -3   1  -2  -4   0  -2   0   3  -3  -3   4   1  -1  -5  -2  -3    5  15   1   0   0   6   1   0   2   2  11  19   0   1  22  10   3   0   1   0  0.50 0.31
    8 N    -4  -2   8  -3  -7  -4  -4   0   6  -7  -5  -3  -1  -5  -6  -1  -3  -7  -5  -7    1   1  63   0   0   0   0   7  19   0   1   1   2   0   0   4   1   0   0   0  1.88 0.74
    9 I    -5  -6  -6  -7  -5  -3  -5  -7  -6   1   3  -6   9   3  -7  -6  -4  -5  -4   0    0   0   0   0   0   1   1   0   0   7  24   0  51  12   0   0   0   0   0   5  1.75 0.69
   10 Y    -6  -6  -7  -8  -7  -6  -5  -8  -2  -4  -4  -7  -5   4  -8  -6  -6  -2  10  -4    0   0   0   0   0   0   1   0   1   1   1   0   0  15   0   0   0   0  81   1  2.93 0.97
   11 R    -2   3   1   1  -2   5   0  -3   3  -3  -2   0  -1  -3   1  -1   0  -4  -3  -3    1  16   7   7   1  27   3   1   6   1   4   4   2   1   8   4   6   0   0   2  0.46 0.29
   12 N    -3   1   7  -1  -5  -3  -3   0   4  -3  -5  -3  -5  -1  -1   0  -3  -5   0  -5    1   9  53   3   0   0   0   7   9   1   0   0   0   2   3   6   1   0   3   0  1.14 0.51
   13 P    -4  -5  -3  -2  -6  -2  -4  -5  -5  -4  -4  -4  -5   0   8  -1  -4  -6  -5  -4    1   0   2   2   0   2   1   0   0   1   2   1   0   5  77   4   0   0   0   1  2.22 0.76
   14 Q     1  -1  -1   4  -3   3   1  -3   1  -2  -1   0  -1  -4   2  -2  -2  -4  -1  -2   15   3   1  22   0  14   7   1   4   2   5   6   2   0  11   1   1   0   2   2  0.37 0.25
   15 D     0  -2   3   3  -4   0   0  -2   3  -1  -2  -1   0   0  -3   0   0  -3   1  -2    7   1  16  20   0   4   5   2   9   3   3   2   3   5   1   6   6   0   4   3  0.28 0.19
   16 G     1  -2   1   4  -4  -2   0   2  -3  -2  -4  -2  -3  -1  -1   0   0  -4  -2  -3   14   1   5  30   0   1   6  18   0   3   1   2   0   4   2   5   6   0   1   1  0.42 0.25
   17 L     1  -2  -1  -1  -3   1   1  -2  -2   1   1  -1   0  -2   2   0   0  -3  -2   1   11   1   2   3   0   7  11   1   0   7  13   2   3   0  13   8   4   0   1  12  0.16 0.13
   18 R     1   1   0   1  -1   1   1   2   3  -1  -2   1  -1  -3   0   0  -1  -3  -1  -2   11   6   5   7   1   8   7  15  10   4   2   7   1   1   4   7   2   0   1   2  0.16 0.11
   19 S     0  -2   1  -1   4   1  -1  -1  -1   1   1  -1   0  -1  -1   1   0  -3  -2   0    7   1   9   2  10   7   2   4   2  10  20   2   1   1   2  11   5   0   0   3  0.12 0.13
   20 A     2   0  -1  -1  -2   0   3  -2   2  -2  -2   1   0  -3   1   0   0  -4  -2  -1   22   3   2   2   1   3  19   1   7   2   2   8   2   1   8   5   7   0   1   3  0.26 0.19
   21 V    -2  -3  -1   1  -2  -1   0  -3  -1   2   2  -2   3   1  -2  -2  -2  -2   2   1    3   1   3  10   1   2   6   1   1  12  19   1  11   7   1   1   1   0  10  10  0.23 0.18
   22 S    -1  -2   1   3  -4  -2   1   1  -3  -4  -4  -1  -3  -5  -1   3   2  -5  -4  -4    4   2   6  19   0   0   9  11   0   0   0   3   0   0   3  28  14   0   0   0  0.49 0.29
   23 D    -1  -2   1   4  -5   2   3  -3  -2  -2  -3   0  -4  -4   3  -1  -2  -5  -3  -4    3   2   5  25   0  10  24   1   1   2   2   4   0   0  14   4   2   0   1   1  0.61 0.31
   24 V     0   2  -1   1  -4   1   3  -3   0  -2  -2   1  -2  -3  -1   1  -1   0  -2   0    6  10   2   8   0   5  26   1   3   1   2   7   0   1   3  10   3   1   1  11  0.26 0.19
   25 E    -2  -1   0   2  -1   4   5  -3  -1  -5  -4   2  -3  -3  -3  -1  -2  -5  -2  -3    2   1   4  11   1  16  44   1   1   0   1  10   0   1   0   3   1   0   1   2  0.80 0.38
   26 M     0  -3  -2  -2  -2  -1  -1  -2  -2   3   2  -1   2  -2  -3  -1   2  -3  -3   1   10   0   1   2   0   3   4   3   1  18  23   3   6   1   1   2  14   0   0  10  0.22 0.17
   27 Q    -1   2  -2  -1  -5   6   2  -4  -1  -3  -2   1  -1  -2  -4  -2  -2   0   2  -3    5   9   0   2   0  47  10   0   1   1   4   6   1   1   0   1   1   1   8   1  0.81 0.40
   28 E    -1   2   1   2  -4   3   3  -3   1  -2  -3   1   0  -4  -3   0  -2  -4  -3  -3    3  14   7   9   0  14  26   1   4   3   2   8   2   0   1   4   1   0   0   1  0.44 0.24
   29 H    -2  -2   0   3   0   2   0  -3   8  -3  -4  -2  -3  -2  -4  -1  -3  -1   2  -3    2   2   3  16   2   8   4   2  43   1   1   1   1   2   0   5   0   1   6   1  0.98 0.41
   30 Y    -3  -5  -5  -4  -2  -5  -5  -5  -3  -1  -1  -3  -3   8  -6  -2  -4   3   5  -3    2   0   0   1   1   0   0   0   0   3   3   2   0  59   0   3   0   4  21   1  1.58 0.53
   31 D    -3   0   0   6  -5  -1   4  -4  -2  -3  -1  -1  -4  -4  -4  -3  -1  -5  -3  -4    1   4   4  48   0   1  27   0   0   1   6   2   0   1   0   0   3   0   1   1  0.98 0.40
   32 E     1  -1   1   3  -4   0   4  -2   1  -2  -1  -1  -2  -2  -3   0  -1  -4  -3  -1   12   2   7  15   0   3  35   1   3   1   5   2   0   1   0   4   4   0   0   3  0.40 0.23
   33 F    -5  -5  -5  -3  -5  -5  -4  -6  -4  -2   0  -6  -3   9  -6  -4  -4  -2   0  -2    0   0   0   2   0   0   1   0   0   1   7   0   0  84   0   1   1   0   1   2  2.10 0.63
   34 F    -2  -4  -5  -5  -3  -4  -3  -5  -2  -4  -2  -5  -3   6  -5  -2  -4  -1   8  -3    4   1   0   0   1   0   2   0   0   0   2   0   0  28   0   3   0   0  58   1  1.73 0.56
   35 E    -2  -1   0   2  -3   2   6  -4   0  -4  -2   1  -2  -3  -3  -2  -2  -4  -2  -4    3   2   3   8   0   9  55   0   2   0   4   7   1   1   0   1   1   0   1   0  0.82 0.36
   36 E    -4  -4  -2   7  -5  -2   3  -4  -3  -5  -5  -2  -1  -3  -4  -2  -3  -6  -5  -5    0   0   0  70   0   1  20   0   0   0   0   1   2   1   0   1   0   0   0   0  1.60 0.52
   37 V     0  -4  -4  -4  -2  -3  -2  -4  -4   3   1  -4   2   0  -4  -3  -1   1  -3   5    6   0   0   0   0   0   2   0   0  18   9   0   5   3   0   0   2   2   0  49  0.69 0.30
   38 F    -3  -2  -4  -3  -4  -3  -4  -4   2   0   0  -2  -2   6  -4  -4  -3   5   3   0    2   2   0   2   0   1   0   0   6   6   8   3   0  46   0   0   1   8   9   5  0.91 0.34
   39 T    -1  -1  -1   1   2   0   1   0  -2   0  -1  -1   0  -1   2   0   2  -2  -2   0    2   4   2   8   5   3  11   6   1   5   7   2   2   2  10   5  19   0   0   7  0.12 0.10
   40 E    -3  -2  -2  -1  -5  -1   7  -3   2  -4  -4  -1  -4  -2  -3  -2  -1  -4  -3  -4    1   1   0   1   0   1  76   2   5   1   1   3   0   2   1   1   4   0   1   1  1.36 0.48
   41 M    -2  -4  -4  -4   3  -3  -3  -3  -4   1   4  -4   4   4  -4  -3  -3  -3  -1  -1    3   0   0   0   6   0   1   1   0   5  47   0  12  20   0   1   0   0   0   2  0.71 0.29
   42 E     1   1  -1  -1   3   1   2   0  -1  -1  -1   0   2  -2  -1   1  -1  -2  -2  -2   11   7   2   3   9   8  14   5   1   2   4   6   7   1   1  15   2   0   1   2  0.15 0.10
   43 E     0   0   0   0  -2   2   3  -2  -1  -1   0   0   0  -2  -1   0   0  -2  -1  -1    5   4   5   3   1   8  29   2   1   2  11   6   2   2   1   6   5   0   1   4  0.19 0.10
   44 K    -1   2   1  -2  -3  -1  -1  -3  -2  -3  -3   6  -3  -3  -2   0  -1  -3  -2  -3    4   7   5   2   0   1   2   1   0   1   2  56   0   1   1   6   2   0   2   2  0.68 0.29
   45 Y    -3  -3  -3  -4  -1  -3  -4  -2   1  -1  -1  -4   0   6  -4  -3  -3   1   7  -1    1   1   1   1   2   1   1   3   2   3   5   1   2  30   1   1   1   2  39   4  1.07 0.35
   46 G    -2  -2  -3  -3  -4  -3  -1   7  -4  -5  -5  -3  -4  -5  -4  -3  -4  -4  -5  -5    2   2   0   1   0   0   4  85   0   1   1   1   0   0   1   1   1   0   0   1  1.73 0.48
   47 E    -1   2  -1  -1  -4   1   5  -3   0  -4  -4   2  -3  -3   0  -1  -1  -4  -3  -3    5  11   2   2   0   5  43   0   2   1   1  15   0   1   5   2   3   0   1   1  0.62 0.28
   48 V    -3  -4  -5  -3  -3  -4  -4  -5  -5   6   1  -4   0  -2  -4  -4  -3  -4  -3   4    1   0   0   2   0   0   0   0   0  52  10   0   1   0   0   0   0   0   0  31  1.05 0.37
   49 E    -1   0  -1   1  -4   0   5  -3  -2  -1  -1   1  -2  -3  -3  -1  -2  -4  -1   1    3   6   1   5   0   2  43   1   0   4   6   9   0   0   0   4   1   0   2  12  0.45 0.25
   50 E     0  -1   2   3  -3   2   4  -2  -1  -4  -3   0   0  -4  -3   0   0  -4  -3  -3    6   3  10  17   0  10  29   2   1   0   2   3   3   0   0   8   4   0   0   1  0.44 0.22
   51 M    -3  -3  -4  -4  -3  -3  -4  -4  -3   2   3  -4   5   4  -4  -3  -3  -2  -1   0    0   0   0   0   0   0   0   0   0  10  35   0  22  20   0   0   0   0   0   2  0.69 0.29
   52 N    -1   1   3  -2  -3  -1  -1   0   2   0  -1   3  -2  -1  -3  -1  -1  -3  -1   1    3   9  21   0   0   1   1   6   7   4   6  22   0   2   0   1   1   0   1  13  0.23 0.16
   53 V    -1  -4  -4  -4   2  -4  -4  -4  -4   3   0  -4   0  -2  -4  -3  -1  -4  -1   6    3   0   0   0   4   0   0   1   0  14   3   0   1   0   0   0   3   0   2  66  0.88 0.33
   54 C     0  -4  -4  -4  10  -4  -4  -4  -4  -3  -2  -4  -3  -4  -4   0  -2  -4  -2   0    6   1   1   1  70   0   1   1   0   1   3   1   0   0   1   6   2   0   1   5  1.96 0.47
   55 D    -1   1   0   5   4  -1   2  -1  -2  -3  -3   0  -3  -4  -2   1  -2  -4  -3  -3    3  10   3  38  11   2  11   3   0   1   1   4   0   0   1  10   1   0   0   2  0.54 0.21
   56 N    -3  -3   8   0  -4  -2  -2  -3  -2  -4  -5  -2  -4  -4  -4  -1  -2  -5  -4  -4    1   1  85   2   0   0   1   1   0   1   1   1   0   0   1   4   1   0   0   1  1.81 0.49
   57 L    -1  -1  -1  -1  -1  -1  -1   0  -1   1   2  -1   0   0  -2   0   1  -1   0   0    2   3   3   2   1   1   4   8   2   7  29   3   1   4   1   6  14   1   2   5  0.07 0.07
   58 G     1  -1   2  -1   1  -1   2   3  -2  -3  -2  -1   0  -3  -3   1  -1  -3  -3  -2   10   2  11   2   4   1  17  30   0   0   4   1   3   1   0   9   3   0   0   2  0.31 0.16
   59 D    -2  -2   0   5  -4  -1   1  -3  -2  -2  -3   1  -3  -1   2  -1  -2  -4  -3  -2    3   0   4  47   0   1   9   1   0   2   3   8   0   4  11   3   1   0   0   4  0.63 0.24
   60 H    -4  -3  -2  -3   1   0   0  -4  10  -3  -5  -3  -4  -4  -4  -3  -4  -4   1  -5    0   0   0   0   3   3   6   0  79   2   1   0   0   0   0   0   0   0   3   0  2.26 0.58
   61 L    -3  -3  -4  -4  -3  -3  -4  -4  -4   0   5  -4   5  -2  -4  -2  -1  -1  -3  -1    0   0   0   0   0   0   0   0   0   3  65   0  15   0   0   4   2   1   0   0  0.83 0.34
   62 V    -1   3   0  -2  -2   0  -1  -3  -2   1   0   0   0  -1  -3  -1  -1  -3   1   2    2  27   5   0   1   4   3   1   0  12  11   3   2   1   0   5   2   0   6  16  0.20 0.14
   63 G    -2  -4  -2  -1  -4  -4  -4   7  -4  -5  -5  -3  -4  -4  -4  -2  -3   4  -4  -5    1   0   0   3   0   0   1  84   0   0   1   0   0   0   0   1   0   6   0   1  1.66 0.43
   64 N    -3  -2   7  -1  -4  -2   0  -3   3  -5  -5   0  -4  -4  -4  -1  -2  -5  -2  -4    1   0  72   0   0   0   6   1   7   0   1   6   0   0   0   2   0   0   1   1  1.40 0.43
   65 V    -2  -4  -4  -4  -3  -4  -4  -4  -4   3   1  -4   0   0  -4  -3  -1  -4  -2   6    2   0   0   0   0   0   1   1   0  11  10   0   1   3   0   1   2   0   0  65  0.85 0.31
   66 Y    -4  -4  -4  -5  -4  -4  -4  -5  -1  -3  -2  -4  -3   2  -4  -4  -4  -1   9  -3    1   0   0   0   0   0   1   1   0   0   2   0   0   6   0   1   1   0  79   1  1.97 0.55
   67 V     0  -4  -4  -4   0  -3  -4  -4  -4   3   1  -3  -1  -1  -3  -3  -2  -4  -3   5    8   0   0   0   2   0   1   1   0  15   8   1   0   1   0   1   1   0   0  59  0.74 0.28
   68 K    -2   2   1  -1  -4   3   2  -3   1  -3  -3   4   0  -1  -2  -1  -2  -3  -1  -3    1  13   7   1   0  15  16   1   4   0   2  28   3   3   0   3   1   0   1   1  0.43 0.19
   69 F    -5  -5  -5  -6  -5  -5  -5  -6  -3   0  -2  -5  -3   7  -6  -5  -5  -2   7  -2    0   0   0   0   0   0   0   0   0   5   3   0   0  50   0   0   0   0  36   2  1.88 0.59
   70 R     0   3  -1  -1  -4   1   2  -2   2  -3  -2   2  -1  -2  -2   0  -1   1   0  -2    9  17   2   2   0   6  18   1   6   1   4  12   1   1   1   5   4   2   4   2  0.26 0.17
   71 R    -1   2   1   2  -3   1   1  -2   1  -3  -2   0  -2  -2  -2   2   2   1   1  -3    3  10   6  10   0   7  10   1   3   0   2   4   1   1   1  15  13   2   5   0  0.21 0.18
   72 E    -2  -2  -3   0  -5  -1   6  -2  -2  -1  -1  -1  -2  -4  -1  -1  -2  -5  -2   0    2   1   0   4   0   1  60   2   1   3   7   2   1   0   3   4   1   0   2   6  0.86 0.40
   73 E    -1   2  -1   4  -5   0   5  -4  -2  -5  -4   0  -3  -5  -2   0  -2  -5  -3  -3    4  11   2  24   0   3  39   0   1   0   1   4   0   0   1   5   2   0   1   1  0.78 0.35
   74 D     0  -2   0   4   1   1   2  -2   1  -3  -4  -2  -2  -2  -3   2  -1  -4   1  -3    7   1   4  26   4   6  13   2   4   1   1   0   1   1   0  18   4   0   6   1  0.42 0.24
   75 A     7  -4  -4  -5   3  -4  -4  -3  -5  -4  -4  -2  -4  -5  -4  -1  -3  -5  -5  -3   85   0   0   0   5   0   0   1   0   0   0   2   0   0   0   1   1   0   0   0  1.63 0.61
   76 E     1   0  -1  -1  -2   3   3  -2  -2  -2   0   1  -1  -3  -3   0  -1  -4  -1  -1   15   4   1   2   1  15  26   2   0   2  11   7   2   0   0   5   1   0   2   4  0.30 0.21
   77 K     1   4   1  -1   0  -1   0  -2  -1  -3  -1   4   0  -3  -3  -1  -1  -5  -3  -3   12  24   6   3   2   1   6   3   1   0   5  27   2   1   0   3   3   0   0   1  0.41 0.25
   78 A     7  -5  -5  -5   3  -4  -4  -3  -5  -2  -5  -4  -4  -5  -4   0  -3  -6  -5  -2   84   0   0   0   5   0   0   1   0   2   0   0   0   0   0   4   0   0   0   2  1.61 0.62
   79 V    -2  -2  -1  -4   2  -2  -4  -4   0   2   2  -2   2   2  -4  -3  -2   2   2   3    3   2   4   0   5   1   0   0   2  11  18   2   6   9   0   1   0   3   9  26  0.38 0.21
   80 I     1   1   1   1  -3   1   1  -2   1  -1  -1   2  -1  -3  -3   0   0  -4  -3  -1   12   9   7  10   0   8   8   1   4   5   5  18   2   0   0   4   5   0   0   3  0.19 0.14
   81 D     2   0   2   1  -3   0   3   0  -1  -3  -2   0  -1  -2  -3   1  -1  -4  -3  -2   21   3  11   8   0   4  20   6   1   1   5   5   2   1   0  10   1   0   0   2  0.25 0.18
   82 L    -4  -5  -5  -6  -2  -5  -6  -6  -5   1   6  -5   2   3  -6  -5  -4  -4  -3  -1    1   0   1   0   1   0   0   0   0   6  74   0   4  11   0   0   0   0   0   3  1.32 0.49
   83 N    -4   0   7   0  -6   1  -3  -2   1  -5  -5   0  -3  -4  -5   0  -1  -6  -2  -5    0   5  60   3   0   7   0   2   3   0   1   6   0   1   0   5   4   0   1   0  1.23 0.51
   84 N    -1  -3   4  -1  -5   0  -3   5  -3  -6  -6   0  -5  -6  -5   0   0  -6  -4  -5    3   1  19   3   0   5   1  53   0   0   0   5   0   0   0   5   5   0   0   0  1.04 0.42
   85 R    -5   8  -4  -5   1   0   0  -6  -2  -6  -3   1  -5  -6  -6  -4  -5  -6  -3  -6    0  80   0   0   3   3   5   0   1   0   3   5   0   0   0   0   0   0   1   0  1.99 0.69
   86 W    -6  -6  -7  -7   0  -4  -6  -7  -4  -6  -5  -2  -3   5  -7  -4  -3  11   6  -6    0   0   0   0   2   1   0   0   0   0   0   3   0  20   0   1   1  49  22   0  2.59 0.77
   87 F    -6  -6  -6  -7  -6  -6  -6  -7   0  -5  -2  -6  -4   6  -7  -6  -6  -2   9  -5    0   0   0   0   0   0   0   0   1   0   4   0   0  31   0   0   0   0  63   0  2.42 0.74
   88 N     4  -3   4   0  -2  -3  -2   2  -1  -5  -5  -3   0  -3  -3   0  -2  -5  -4  -4   45   1  24   6   1   0   1  13   1   0   0   0   2   1   0   5   1   0   0   0  0.78 0.39
   89 G     0  -4  -1  -1  -5  -2  -1   6  -4  -6  -6  -2  -3  -6  -3  -1  -3  -5  -3  -6    6   0   2   3   0   1   5  73   0   0   0   2   1   0   1   4   0   0   1   0  1.40 0.50
   90 Q    -4   6  -3  -4  -6   3  -2  -5  -2  -2  -4   4  -3  -6  -3  -2  -4  -6  -5  -3    0  48   1   0   0  14   0   0   0   3   1  29   0   0   1   1   0   0   0   1  1.27 0.51
   91 P    -1   0  -4  -4  -5   5  -2  -4  -1  -1  -2  -1  -1  -5   6  -3  -4  -6  -5  -2    6   5   0   0   0  25   1   1   1   4   5   3   2   0  44   0   0   0   0   2  1.15 0.47
   92 I    -4  -5  -6  -6   1  -5  -6  -6  -6   5   3  -5   0  -3  -5  -5  -3  -5  -4   3    0   0   0   0   2   0   0   0   0  39  33   0   1   0   0   0   1   0   0  23  1.09 0.41
   93 H    -2  -1   1  -2  -3   2  -1  -4   6   1  -1  -1  -1   0  -4  -1   0  -1   4   0    1   2   7   1   0  12   3   0  21   8   7   3   1   2   0   5   7   0  14   5  0.39 0.24
   94 A     3  -5  -5  -5   8  -4  -5  -4  -5   0  -3  -4  -2  -5   2   0  -3  -5  -5   2   30   0   0   0  29   0   0   0   0   5   1   0   1   0  11   6   0   0   0  17  1.04 0.43
   95 E    -3  -2  -3   2  -6   0   7  -4  -3  -6  -5  -1  -5  -6  -4  -1  -2  -6  -5  -3    1   1   0  10   0   3  73   1   0   0   0   3   0   0   0   3   2   0   0   2  1.50 0.57
   96 L    -5  -4  -6  -6  -5  -5  -6  -6  -4  -1   4  -5  -1   6  -4  -5  -3  -3   4  -3    0   1   0   0   0   0   0   0   0   2  45   0   1  38   1   0   1   0  12   0  1.31 0.47
   97 S    -2  -4  -3  -4   5  -3  -3  -4  -4  -2  -5  -3  -4  -3  -4   6   2  -6  -4  -3    0   0   0   0  13   0   0   0   0   2   0   0   0   1   0  71  12   0   0   1  1.35 0.54
   98 P    -4  -6  -6  -5  -6  -5  -5  -6  -6  -6  -6  -4  -6  -7   9  -4  -5  -7  -7  -6    0   0   0   0   0   0   0   0   0   0   0   0   0   0 100   0   0   0   0   0  3.22 0.74

                      K         Lambda
Standard Ungapped    0.1346     0.3152
Standard Gapped      0.0531     0.2670
PSI Ungapped         0.1737     0.3168
PSI Gapped           0.0531     0.2670
