
Last position-specific scoring matrix computed, weighted observed percentages rounded down, information per position, and relative weight of gapless real matches to pseudocounts
            A   R   N   D   C   Q   E   G   H   I   L   K   M   F   P   S   T   W   Y   V   A   R   N   D   C   Q   E   G   H   I   L   K   M   F   P   S   T   W   Y   V
    1 V    -3  -4  -4  -5  -4  -4  -4  -5  -5   1   2  -4   3  -4  -5  -3   5  -5  -4   3    0   0   0   0   0   0   0   0   0   6  21   0   7   0   0   0  45   0   0  22  0.97 0.48
    2 A     4  -5  -4  -5  -5  -3  -4  -3  -5  -5  -6  -3  -5  -6  -5   5   3  -7  -6  -3   33   0   0   0   0   1   0   1   0   0   0   1   0   0   0  48  14   0   0   1  1.28 0.70
    3 A     0  -3   2   7  -7  -4  -2  -3  -2  -7  -7  -4  -6  -7  -4   2  -1  -5  -5  -6    8   1  10  59   0   0   1   2   1   0   0   0   0   0   1  13   4   0   0   0  1.45 0.69
    4 T    -3  -3  -1   2  -7  -4  -3   7  -5  -8  -7  -5  -7  -6  -6  -2  -2  -7  -7  -7    1   2   3  11   0   0   1  76   0   0   0   0   0   0   0   3   3   0   0   0  1.83 0.78
    5 S     0  -4  -2  -5  -2  -5  -3  -2  -5  -5  -6  -5  -5  -4  -4   2   7  -7  -6  -4    7   1   1   0   1   0   2   3   0   0   0   0   0   1   0  16  68   0   0   0  1.63 0.81
    6 V     0  -6  -7  -7  -2  -6  -6  -6  -7   2   2  -6  -1  -4  -6  -5  -3  -7  -3   6    6   0   0   0   1   0   0   0   0   8  18   0   1   0   0   0   1   0   1  65  1.48 0.68
    7 V    -3  -2  -6  -6  -6  -3  -5  -7  -4   0   2  -3  -1   0  -7  -4  -1  10   2   2    2   3   0   0   0   1   0   0   0   5  21   2   2   3   0   1   5  36   6  12  1.44 0.64
    8 A     6  -6  -5  -5   5  -4  -4  -1  -6  -5  -5  -5  -3  -6  -4   1   1  -7  -6  -2   60   0   0   0  12   1   1   5   0   0   0   0   1   0   0   9   8   0   0   3  1.30 0.67
    9 W    -5  -8  -9  -9  -2  -8  -8  -8  -8  -5  -5  -8  -2  -2  -9  -7   0  13  -3   0    1   0   0   0   1   0   0   0   0   0   1   0   1   1   0   0   6  81   0   7  4.00 1.37
   10 G    -4  -6  -5  -6  -8  -6  -7   8  -7  -9  -9  -7  -8  -8  -7  -5  -7  -8  -8  -8    1   0   0   0   0   0   0  98   0   0   0   0   0   0   0   0   0   0   0   0  2.86 1.07
   11 G     0   1   1   3  -2   0   0   2   0  -3  -3  -1  -2  -1  -3   1  -1   2   1  -3    7   7   6  18   1   4   5  17   3   1   3   2   1   2   0  12   2   3   5   1  0.27 0.21
   12 N    -5  -4   9   1  -7  -5  -4  -5  -4  -7  -7  -4  -6  -7  -6  -2  -3  -4  -2  -5    1   1  81   7   0   0   1   0   0   0   0   1   0   0   0   3   2   0   2   1  2.41 0.96
   13 N    -3  -2   4   2  -2  -3  -3   5  -1  -5  -5   0  -5  -5  -3   0  -2  -3  -2  -5    1   2  18  11   1   1   0  44   1   0   1   6   0   0   1   6   2   0   1   0  0.90 0.45
   14 D    -2  -1  -1   3  -4   6   1  -4   0  -5  -4  -3  -3  -2  -3   0   0  -5  -2  -4    3   3   2  17   0  43   8   1   2   0   1   1   0   2   1   6   6   0   1   1  0.97 0.54
   15 W    -2  -3  -3  -3  -4  -3  -2   0  -2  -1   5  -4  -1   0  -4  -2  -1   2   3  -2    3   1   1   2   0   1   3   7   1   2  52   1   0   3   1   3   4   2  12   1  0.67 0.40
   16 G    -2  -1  -2  -5  -3  -2  -4   7  -3  -6  -7  -2  -5  -6  -6  -2   0  -7  -4  -5    2   3   2   0   1   2   1  75   1   0   0   3   0   0   0   2   5   0   1   1  1.68 0.73
   17 E    -3  -3   3   6  -6   4   1  -4  -2  -3  -4  -3  -2  -6  -1  -1  -1  -7  -5  -5    1   1  12  45   0  16   8   1   1   2   1   1   1   0   3   3   3   0   0   1  1.07 0.57
   18 A     0  -2  -2  -4   5  -2  -4   5  -4  -3  -3  -3  -4  -5  -5   0   1  -4  -5  -1    6   2   1   1  12   2   1  47   0   1   2   1   0   0   0   8   9   0   0   6  0.90 0.48
   19 T    -1  -3   2   0  -5  -2  -2  -2  -5  -2  -3  -3  -4  -5   2   1   6  -6  -2  -2    5   1   9   5   0   2   2   2   0   2   2   1   0   0  12   9  44   0   1   2  0.79 0.50
   20 V    -3  -4  -2  -6  -1  -5  -4  -5  -6   2  -2  -3  -2  -4  -1  -3   3  -6  -4   6    2   1   2   0   1   0   1   1   0   8   3   1   1   0   3   2  18   0   0  55  1.09 0.58
   21 P    -1   0  -1   1  -4   2  -2  -3  -3  -4  -4   0  -2  -4   6   0   0  -5  -3  -2    4   4   3   8   0  11   2   2   0   1   2   5   1   1  39   8   7   0   1   3  0.80 0.43
   22 A     1  -3  -3  -3  -2  -3  -3  -2  -4   0   1  -3  -1  -3   0   0  -1  -4  -3   5   12   1   1   2   0   1   1   3   0   4  16   1   1   1   5   7   4   0   1  39  0.47 0.31
   23 E     0   1  -1  -1  -4   1  -1  -1  -3  -4  -1   0  -2  -3   4   2   0   0  -3  -3    8   7   3   4   0   8   4   5   0   1   6   6   1   1  24  16   5   2   0   1  0.39 0.28
   24 A     2  -2  -1   0  -2  -2  -1   3  -3  -1  -1  -3  -1  -3  -1   0  -1  -2  -4   2   18   2   3   5   1   2   3  28   0   3   7   0   1   1   4   5   4   1   0  15  0.29 0.23
   25 Q    -1  -3  -1   0  -3  -1  -3   1  -3  -1   3  -2   1  -1   0  -1  -1   5  -3  -2    4   1   3   5   0   3   1  13   0   3  35   2   3   1   6   4   4   8   0   2  0.34 0.27
   26 S    -1   0   0   0  -2  -1   0  -2  -1  -4  -4  -2  -3  -3  -1   3   5  -5  -2  -1    4   6   4   6   1   2   6   2   2   1   1   1   0   1   2  24  32   0   2   4  0.53 0.39
   27 G    -2  -1   3   4  -5  -2  -1   3  -1  -5  -4  -1  -4  -5  -2  -1   2  -6  -5  -4    2   3  16  21   0   1   3  25   2   0   1   4   0   0   2   4  15   0   0   1  0.64 0.40
   28 V     0  -4  -7  -7  -5  -5  -6  -6  -6   5  -2  -6  -1   0  -4  -4  -3   2  -1   6    7   1   0   0   0   0   0   0   0  26   1   0   1   4   1   1   1   3   2  52  1.25 0.60
   29 D    -1   0  -2  -2  -3  -1  -1  -4  -5   1  -2   1  -2  -5  -4   0   5  -4  -5   3    5   6   1   2   0   2   4   1   0   6   3   9   0   0   0   6  34   0   0  20  0.54 0.39
   30 A     5  -3  -4   0  -4   1  -2  -1  -2  -4  -4  -1   1  -6  -5   2  -1  -5  -3  -3   51   1   0   6   0   7   2   3   1   1   0   3   4   0   0  15   4   0   1   1  0.83 0.52
   31 I    -3  -7  -7  -7  -5  -7  -7  -8  -7   6   0  -7  -1  -4  -6  -5  -3  -7  -5   6    1   0   0   0   0   0   0   0   0  39   8   0   1   0   0   1   1   0   0  49  1.63 0.71
   32 A     5  -5  -4  -1  -5  -5  -4  -2  -4  -5  -6  -5  -5  -5  -5   4   0  -7  -4  -1   54   0   0   4   0   0   1   2   0   0   0   0   0   0   0  28   4   0   0   5  1.19 0.66
   33 G     6  -6  -5  -4  -2  -5  -4   2  -6  -4  -4  -5  -5  -5  -4   0   0  -7  -6  -2   65   0   0   1   1   0   0  14   0   0   2   0   0   0   0   7   7   0   0   3  1.28 0.67
   34 G    -3  -6  -4  -4  -7  -7  -5   8  -7  -8  -8  -6  -8  -8  -7  -2  -3  -5  -7  -5    1   0   0   1   0   0   1  92   0   0   0   0   0   0   0   3   1   0   0   1  2.49 0.98
   35 Y     0   1   1   1  -2   0   0   2   0  -2  -2  -1  -1  -1  -2   1   0   1   1  -2    7   9   8   9   1   3   5  20   2   2   3   1   1   3   1  11   5   2   6   3  0.18 0.17
   36 F     1   2   1   1  -2  -1  -1   1   0  -3  -2  -2  -2   1  -2   1  -1   1   2  -2   10  12   8   9   1   2   2  11   2   1   4   1   1   6   1  14   3   2   8   2  0.17 0.19
   37 H    -4  -5   1  -5  -3  -2  -5  -6  10  -8  -6  -6  -4   2  -7  -3  -1  -4   1  -5    2   0   6   0   1   2   0   0  72   0   0   0   0   7   0   2   3   0   4   1  2.67 1.03
   38 G     1  -5   0  -5  -2  -4  -4  -1  -3  -4  -5  -4  -2  -3  -5   5   4  -7  -4  -2    9   0   4   0   1   0   0   5   1   1   0   0   1   1   0  48  26   0   0   3  1.08 0.64
   39 L    -2  -6  -7  -7   5  -6  -6  -6  -6   1   5  -6   3  -1  -6  -5  -4  -5  -1   3    3   0   0   0  12   0   0   0   0   6  49   0   6   2   0   0   0   0   2  18  1.09 0.53
   40 A     6  -4  -6  -6  -5  -5  -5   0  -4   0  -3  -5  -4  -3  -5  -3  -4  -7  -5   0   74   1   0   0   0   0   0   8   0   5   3   0   0   1   0   0   1   0   0   6  1.50 0.75
   41 L    -5  -2  -7  -5  -3  -5  -7  -8  -7   3   6  -4  -1  -3  -7  -6  -5  -6  -4   2    0   2   0   1   0   0   0   0   0  12  69   1   1   1   0   0   0   0   0  12  1.43 0.65
   42 K    -1   3  -1   0  -5  -1  -1  -4  -4  -6  -5   5  -5  -6  -3   0   4  -6  -5  -4    4  14   2   5   0   2   3   1   0   0   0  37   0   0   1   7  24   0   0   1  0.89 0.53
   43 G    -2  -6   3   7  -7  -4  -2  -3  -5  -8  -8  -5  -7  -8  -6   2  -4  -5  -5  -7    3   0  11  64   0   0   2   2   0   0   0   0   0   0   0  17   1   0   0   0  1.78 0.80
   44 G    -4  -5  -2  -4  -8  -6  -7   8  -5  -9  -9  -4  -8  -8  -7  -4  -5  -8  -8  -8    1   1   2   1   0   0   0  92   0   0   0   1   0   0   0   1   1   0   0   0  2.53 0.99
   45 K     0  -1  -3  -3  -5  -2  -2  -2  -4  -4  -5   0  -4  -6  -5   2   7  -7  -5  -2    7   4   1   1   0   1   2   4   0   1   1   5   0   0   0  11  61   0   0   2  1.23 0.68
   46 V    -1  -7  -7  -8  -4  -6  -7  -7  -7   0   2  -7  -1  -5  -5  -5  -4  -7  -6   7    6   0   0   0   0   0   0   0   0   3  19   0   1   0   1   1   0   0   0  70  1.65 0.75
   47 L    -2  -2  -7  -6  -5  -2  -5  -7  -2  -1   2  -1  -1   1  -7  -4  -2  10   1   1    3   3   0   0   0   2   1   0   1   4  21   4   1   5   0   1   3  39   3  10  1.52 0.67
   48 G     6  -6  -5  -5   5  -4  -3   0  -6  -5  -6  -4  -4  -6  -5   0   2  -7  -6  -2   60   0   0   0  12   0   1   6   0   0   0   1   0   0   0   6  10   0   0   2  1.33 0.68
   49 W    -6  -8  -9 -10  -1  -8  -9  -8  -8  -4  -5  -9  -3  -2  -9  -5   0  13  -4   0    1   0   0   0   2   0   0   0   0   1   1   0   1   1   0   1   5  80   0   7  3.96 1.37
   50 G    -5  -7  -6  -5  -8  -7  -7   8  -7  -9  -9  -7  -8  -8  -5  -5  -5  -8  -8  -8    0   0   0   0   0   0   0  98   0   0   0   0   0   0   1   0   1   0   0   0  2.85 1.08
   51 A     0   2   2   3  -4  -1   0   0   1  -4  -2  -2  -3  -1  -4   1  -2   5   2  -4    8  12   9  20   0   2   4   6   3   0   3   1   0   3   0  10   1   8   7   1  0.38 0.29
   52 N    -5  -5   9  -1  -7  -5  -5  -2  -4  -5  -8  -5  -7  -8  -4  -2  -3  -8  -7  -6    1   0  87   2   0   0   0   4   0   1   0   0   0   0   1   2   1   0   0   0  2.67 1.06
   53 L     0   0   2   2  -3   1   0   0   0  -2  -2   0  -3  -1  -2   2   0   0   1  -2    7   5   9  10   0   6   6   6   2   2   4   6   0   3   1  17   6   2   6   1  0.16 0.16
   54 N     0   0   1   1  -2  -2  -1  -2   3  -4  -3  -1  -2   3  -4   2  -2   1   5  -2    6   6   6   8   1   1   4   2   6   0   2   2   1  11   0  17   1   1  21   3  0.41 0.32
   55 G    -4  -5  -2  -3  -4  -6  -5   7  -5  -8  -7  -5  -6  -6  -5  -3  -6  -7  -5  -8    0   1   1   2   0   0   1  90   0   0   0   1   0   0   1   1   0   0   0   0  2.39 0.94
   56 Q    -3  -3  -3  -3  -8   8   2  -3  -5  -7  -6  -3  -5  -8  -5  -4  -1  -7  -7  -4    2   1   1   1   0  74  12   2   0   0   0   1   0   0   1   0   4   0   0   1  2.18 1.00
   57 L    -2  -4  -4  -5   5  -4  -6  -6  -6  -1   6  -5  -2  -4  -4  -3  -1  -6  -5  -2    3   1   1   1  11   1   0   0   0   3  71   0   0   0   1   2   4   0   0   1  1.37 0.65
   58 T    -3  -3   1   0  -4  -4  -3   6  -5  -6  -6  -4  -6  -5  -2  -2   1  -6  -4  -5    1   1   5   6   0   0   2  67   0   0   1   0   0   0   2   3   9   0   1   0  1.42 0.65
   59 M    -2  -3   1   2  -4  -4  -4  -5   1   1  -2  -2  -2  -4  -2  -2   3  -6  -4   5    2   1   7  13   0   0   0   0   3   8   3   2   0   0   2   1  17   0   0  39  0.65 0.43
   60 P    -4  -2  -3  -1  -5   2  -3   3  -4  -5  -5  -3  -3  -6   7  -2  -4  -5  -5  -5    1   2   1   3   0   9   1  24   0   0   1   1   1   0  50   2   1   0   0   1  1.45 0.63
   61 A     1  -3  -3  -3  -3  -4  -2  -3  -4   0  -2  -3  -2  -3   1   0   3  -5  -2   5   10   1   1   2   0   0   2   1   0   4   2   1   0   0   6   7  18   0   1  42  0.63 0.39
   62 A     1   0   1  -1  -3   2   0   1  -2  -3  -3   1  -2  -3   1   1   2  -3  -3  -2   11   5   6   3   0   9   6  11   0   1   2   8   1   1   6  13  16   0   0   2  0.23 0.21
   63 T     0  -3  -1  -1  -3  -2  -2   2  -4   0   0  -3  -2  -4  -3  -1   3  -4  -3   3    6   1   3   4   0   1   2  18   0   5   8   1   1   0   1   4  24   0   0  22  0.38 0.30
   64 Q    -3  -3   1   0  -4  -1  -3  -1  -4  -3   3   1   1  -3   1   0   0   6  -3  -3    1   1   6   6   0   3   1   4   0   0  33   8   3   0   9   8   5  10   0   1  0.43 0.33
   65 S     0   1   0   0   0  -2  -1  -3   0  -4  -3  -2  -4  -5  -4   4   4  -6  -4  -2    6   7   4   4   2   1   3   2   2   1   2   2   0   0   0  32  31   0   0   2  0.70 0.46
   66 G    -2  -2   4   4  -5  -1  -1   3  -1  -5  -5   0  -5  -5  -3  -1   2  -6  -5  -5    2   2  18  22   0   2   3  26   2   0   1   5   0   0   1   4  12   0   0   1  0.70 0.42
   67 V     0  -7  -7  -7  -5  -6  -7  -6  -7   5  -3  -6  -2  -1  -4  -5  -3   3  -2   6    6   0   0   0   0   0   0   0   0  26   1   0   1   2   1   0   1   3   1  57  1.48 0.68
   68 D     0  -1  -3  -3  -4  -2  -2  -4  -3   1  -3   2  -3  -5  -2  -1   4  -6  -5   3    7   2   1   1   0   1   3   1   0   7   1  12   0   0   2   4  32   0   0  24  0.59 0.41
   69 A     5  -2  -4   0  -5   2  -1  -2  -3  -4  -4  -1   0  -4  -4   1  -1  -6  -5  -4   56   2   0   6   0   8   3   3   1   0   1   3   3   1   0  10   3   0   0   0  0.89 0.55
   70 I    -1  -6  -7  -7  -5  -7  -7  -7  -7   6  -1  -7   0  -3  -7  -6  -3  -7  -5   5    4   0   0   0   0   0   0   0   0  45   5   0   1   1   0   0   1   0   0  43  1.62 0.70
   71 A     6  -4  -4  -1  -4  -4  -4  -3  -6  -5  -6  -5  -5  -2  -5   3  -1  -7  -5  -2   62   1   1   3   0   0   1   1   0   0   0   0   0   2   0  24   3   0   0   2  1.33 0.71
   72 A     6  -6  -5  -6  -1  -5  -5   0  -6  -1  -4  -5  -5  -5  -4   0   0  -7  -6   0   70   0   0   0   1   0   0   6   0   3   2   0   0   0   0   6   6   0   0   6  1.34 0.70
   73 G    -2  -6  -4  -4  -5  -6  -7   7  -4  -8  -8  -5  -7  -6  -7  -2  -3  -7  -3  -7    2   0   1   1   0   0   0  89   0   0   0   0   0   0   0   3   1   0   1   0  2.34 0.93
   74 N     0  -1   2   3  -3  -2  -1   3   1  -3  -2  -1  -2   0  -3   0  -1   4   0  -3    7   2  12  15   0   1   4  20   4   1   3   3   1   4   1   8   4   6   4   1  0.32 0.24
   75 Y     0   1   2   1  -3  -1  -1   1   0  -3  -2  -2  -2   1  -4   1   0   4   2  -2    9   8  10  10   0   1   3  10   2   1   3   1   1   6   0  12   5   5   9   3  0.20 0.19
   76 H    -3  -2  -2  -4  -5  -4  -5  -6  11  -6  -5  -6  -6   1  -7  -4  -2  -7   2  -6    2   3   2   1   0   0   0   0  75   0   1   0   0   6   0   1   3   0   5   0  2.79 1.06
   77 S     0  -4   1  -4   3  -4  -3  -2  -5  -5  -5  -4  -3  -3  -5   5   5  -7  -5  -2    5   0   5   0   5   0   1   3   0   0   0   0   0   1   0  45  30   0   0   2  1.13 0.65
   78 L    -1  -6  -7  -7   5  -6  -7  -7  -6   1   5  -6   3  -2  -7  -6  -5  -5   0   1    4   0   0   0  12   0   0   0   0   8  57   0   8   1   0   0   0   0   3   7  1.23 0.58
   79 A     7  -6  -6  -6  -5  -6  -6   1  -6  -1  -4  -5  -5  -6  -6  -4  -4  -7  -6  -2   80   0   0   0   0   0   0  11   0   4   1   0   0   0   0   0   0   0   0   2  1.80 0.85
   80 L    -5  -3  -7  -8  -4  -6  -7  -8  -7   1   6  -6  -1  -4  -7  -6  -4  -6  -5   3    0   2   0   0   0   0   0   0   0   7  73   0   1   0   0   0   1   0   0  16  1.61 0.72
   81 K    -1   2  -2   0  -4  -2  -3  -5  -2  -5  -4   5  -3  -6  -4   0   4  -7  -5  -5    5  12   2   6   0   1   1   0   1   0   1  39   0   0   0   5  27   0   0   0  0.97 0.56
   82 D    -4  -6   2   7  -7  -4  -3  -3  -4  -8  -8  -5  -7  -8  -6   3  -2  -8  -7  -7    1   0   9  64   0   0   1   2   0   0   0   0   0   0   0  20   2   0   0   0  1.87 0.84
   83 G    -4  -5  -2  -5  -7  -5  -7   8  -5  -9  -8  -5  -8  -8  -6  -3  -4  -8  -8  -8    1   1   1   1   0   0   0  92   0   0   0   1   0   0   0   2   1   0   0   0  2.48 0.97
   84 E     0   0  -4  -3  -5  -1  -3  -1  -5  -4  -4  -2  -5  -6  -5   1   7  -7  -4  -3    6   6   0   1   0   3   1   4   0   1   1   2   0   0   0  11  62   0   0   1  1.26 0.69
   85 V     0  -6  -7  -7  -2  -6  -7  -7  -7   0   2  -6  -1  -5  -7  -6  -3  -7  -6   7    8   0   0   0   1   0   0   0   0   3  17   0   1   0   0   0   1   0   0  70  1.63 0.74
   86 I    -3  -2  -7  -7  -5  -4  -5  -7  -2   0   2  -3  -1   0  -7  -4  -4  10   3   2    3   3   0   0   0   1   0   0   1   6  17   2   2   3   0   1   1  39   9  12  1.63 0.70
   87 A     6  -5  -6  -6   5  -4  -5  -1  -6  -6  -5  -5  -5  -6  -5   0   1  -7  -6  -3   68   0   0   0  12   0   0   4   0   0   0   0   0   0   0   7   7   0   0   2  1.57 0.76
   88 W    -4  -9  -9 -10  -2  -8  -8  -7  -8  -5  -7  -9  -5  -2  -9  -7   0  13  -4  -1    2   0   0   0   1   0   0   0   0   1   0   0   0   1   0   0   6  82   0   6  4.12 1.41
   89 G    -5  -8  -6  -7  -8  -7  -7   8  -7  -9  -9  -7  -8  -9  -7  -5  -7  -8  -8  -9    0   0   0   0   0   0   0 100   0   0   0   0   0   0   0   0   0   0   0   0  2.96 1.11
   90 G     0   1   2   3  -2  -1   0   1   0  -3  -2  -1  -2  -1  -4   0  -2   5   2  -4    8  10  11  15   1   2   4   9   2   1   5   2   1   3   0   9   1   8   9   0  0.32 0.26
   91 N    -5  -5   9  -1  -8  -5  -4  -2  -5  -8  -9  -5  -7  -6  -7  -3  -4  -9  -6  -8    1   0  89   3   0   0   1   3   0   0   0   0   0   0   0   2   0   0   0   0  2.82 1.11
   92 E     0   0   1   2  -2   0   1   1  -1  -2  -2   0  -3   0  -3   2   1   1   0  -2    7   4   7  11   0   3   8   9   1   2   4   6   0   5   0  16   9   2   4   2  0.14 0.15
   93 D    -1  -1   0   1  -4   0   0  -3   4  -3  -3  -2  -3   3  -5   1  -1   0   6  -2    4   4   5   9   0   4   6   1   9   1   2   2   0  11   0  10   3   1  27   2  0.55 0.36
   94 G    -4  -6  -1  -1  -5  -5  -4   7  -5  -7  -7  -4  -7  -6  -5  -3  -6  -3  -7  -8    1   0   3   4   0   0   1  87   0   0   0   1   0   0   1   1   0   1   0   0  2.22 0.90
   95 Q    -3  -2  -5  -3  -8   9   1  -4  -3  -6  -5  -3  -5  -8  -4  -3  -4  -7  -5  -7    2   1   0   1   0  79   8   1   0   0   1   1   0   0   1   2   1   0   0   0  2.32 1.04
   96 T    -2   1  -3  -5   5  -4  -4  -5  -5  -2   3  -4  -2  -5  -5   0   4  -6  -5   1    3   7   1   0  14   0   0   0   0   1  25   0   0   0   0   7  31   0   0  10  0.80 0.49
   97 T    -2  -5   1   1  -6  -3  -2   2  -3  -5  -6  -5  -6  -7   6   0   2  -7  -5  -5    3   0   8   6   0   1   3  14   1   0   0   0   0   0  46   6  11   0   0   0  1.19 0.61
   98 V    -2  -3  -5  -4  -5  -3  -1  -4  -3   1  -1  -5  -2  -4  -4  -3   2  -7  -4   6    3   2   0   1   0   1   5   1   1   7   4   0   1   0   1   1  11   0   0  62  1.15 0.60
   99 P    -1   1   1   0  -5   4   0  -2  -3  -5  -3  -1  -2  -5   6  -1  -2  -6  -5  -4    6   7   7   4   0  18   5   3   0   1   2   3   1   1  35   4   3   0   0   1  0.82 0.46
  100 A     0  -4  -3  -1  -4  -3  -3  -4  -5   0   0  -4  -2  -3   0  -2  -1  -5  -4   6    9   1   1   4   0   1   2   1   0   4   8   0   0   1   6   3   3   0   0  55  0.84 0.46
  101 E     0   0  -1   0  -4   3   1  -1  -2  -3  -3   1  -3  -4   3   1  -1   4  -3  -2    6   4   3   5   0  12  11   5   1   1   2   7   0   0  16  13   4   7   0   2  0.36 0.27
  102 A     1   0  -1  -1  -4  -3  -2   4  -4  -1   0  -3  -3  -2  -1  -1   0  -4  -3   1   11   6   3   3   0   0   2  36   0   3   9   0   0   2   3   4   5   0   0  12  0.40 0.27
  103 R    -2  -2  -2  -2  -4  -2  -3   1  -3  -1   4   0   1  -2   1  -2  -1   2  -2  -1    3   2   2   3   0   2   1  10   0   3  43   6   4   1   8   3   3   3   1   3  0.38 0.28
  104 S    -1  -2   1   1  -3  -2  -1  -1   0  -4  -4  -2  -4  -5   0   4   5  -6  -5  -2    4   2   6   7   0   2   3   4   3   1   1   1   0   0   4  28  33   0   0   2  0.66 0.44
  105 G    -3  -2   4   4  -6  -2  -1   4  -3  -6  -5  -1  -5  -6  -4  -2   2  -6  -6  -5    1   1  20  23   0   2   3  29   1   0   1   3   0   0   1   2  13   0   0   0  0.88 0.49
  106 V     0  -7  -7  -7  -4  -6  -7  -6  -7   4  -3  -6  -2  -2  -5  -5  -3   3  -3   6    8   0   0   0   0   0   0   1   0  23   1   0   0   1   1   0   1   4   1  59  1.50 0.69
  107 D     0   1  -3  -2  -3  -1  -3  -5  -5   1  -2   2  -2  -5  -5  -1   4  -6  -5   3    7   7   1   2   0   3   1   0   0   7   2  11   0   0   0   3  31   0   0  24  0.60 0.42
  108 A     5  -2  -4   0  -5   2  -2  -2  -4  -3  -4  -2  -2  -5  -5   2  -1  -1  -3  -3   55   2   0   5   0  10   2   3   0   1   1   1   1   0   0  12   4   1   1   1  0.88 0.54
  109 I    -4  -7  -7  -7  -5  -7  -7  -8  -7   6  -1  -7  -2  -4  -7  -6  -3  -7  -5   6    1   0   0   0   0   0   0   0   0  48   5   0   1   0   0   0   1   0   0  44  1.80 0.75
  110 A     6  -4  -5  -3  -4  -4  -4  -2  -3  -5  -5  -4  -3  -4  -5   3   0  -4  -4  -3   61   0   0   2   0   0   1   2   0   0   0   0   0   1   0  24   6   0   0   1  1.31 0.70
  111 A     6  -6  -6  -6   1  -5  -5   0  -6  -4  -4  -5  -5  -6  -5  -1   1  -4  -6  -1   71   0   0   0   3   0   0   8   0   1   2   0   0   0   0   3   8   0   0   4  1.45 0.73
  112 G    -2  -5  -2  -4  -4  -6  -4   7  -7  -7  -8  -5  -7  -8  -6  -1  -4  -7  -4  -8    3   1   2   1   0   0   1  87   0   0   0   0   0   0   0   4   1   0   1   0  2.22 0.90
  113 A     0   0   1   1   0  -1  -1   2  -1  -2  -2  -2  -1   0  -2   0  -1   5   2  -2   10   6   7  10   2   2   4  20   1   2   2   1   2   4   1   6   2   7   8   2  0.24 0.20
  114 W     0   1   2   1  -1   0  -1   1   0  -2  -2  -2  -1   1  -4   0   0   3   3  -2    7   9  11   9   1   3   4  11   2   1   2   1   2   7   0   9   5   4  10   3  0.17 0.18
  115 A    -3   0  -1  -4  -5  -3  -4  -4  10  -7  -5  -5  -5   2  -6  -3  -2  -3   1  -5    2   6   2   1   0   1   0   1  66   0   1   0   0   9   0   2   3   0   5   1  2.32 0.93
  116 S     0  -5   1  -5   0  -4  -4  -1  -4  -5  -5  -5  -1  -3  -5   6   4  -2  -4  -4    5   0   7   0   2   0   0   4   0   0   0   0   1   1   0  52  25   1   1   1  1.18 0.68
  117 Y    -1  -6  -6  -7   5  -5  -6  -6  -6   1   4  -5   3   0  -6  -5  -4  -5   0   2    6   0   0   0  12   0   0   0   0   6  47   0   8   3   0   0   1   0   4  13  1.00 0.50
  118 A     6  -6  -6  -6  -5  -5  -6   1  -6  -1  -4  -5  -5  -5  -5  -2  -4  -7  -6   0   74   0   0   0   0   0   0  11   0   3   1   0   0   0   0   1   0   0   0   8  1.57 0.77
  119 L    -5  -5  -7  -8  -5  -6  -6  -8  -7   2   6  -5  -1  -4  -7  -5  -3  -3  -5   2    0   1   0   0   0   0   0   0   0   9  71   1   1   0   0   0   2   0   0  15  1.49 0.68
  120 K    -2   3  -1  -3  -6  -1  -1  -5  -4  -5  -6   6  -3  -7  -4   0   4  -7  -5  -5    4  12   2   1   0   2   2   0   0   0   0  42   0   0   0   5  27   0   0   0  1.08 0.60
  121 D    -3  -5   2   7  -7  -3  -1  -3  -5  -7  -8  -4  -7  -8  -6   2  -2  -8  -7  -7    2   0   9  64   0   0   4   2   0   0   0   0   0   0   0  15   3   0   0   0  1.76 0.79
  122 G    -4  -4  -4  -3  -8  -5  -7   8  -4  -9  -9  -5  -6  -8  -7  -5  -4  -8  -8  -8    1   1   1   1   0   0   0  94   0   0   0   1   0   0   0   0   1   0   0   0  2.59 1.00
  123 K     0  -2  -4  -2  -5  -2  -3  -2   1  -4  -6  -1  -5  -6  -5   2   7  -7  -4  -4    7   2   0   2   0   1   2   3   3   1   0   3   0   0   0  14  62   0   1   1  1.35 0.72
  124 V     0  -7  -7  -7  -3  -6  -7  -7  -7   0   2  -6  -1  -5  -7  -6  -3  -7  -5   7    9   0   0   0   0   0   0   0   0   3  20   0   1   0   0   0   1   0   0  65  1.54 0.71
  125 I    -3  -2  -7  -6  -4  -4  -7  -7   0  -1   1  -3   0   0  -7  -5  -2  10   2   2    2   3   0   0   0   1   0   0   2   4  14   2   2   4   0   1   3  44   5  13  1.77 0.74
  126 A     6  -5  -5  -6   5  -5  -4  -1  -6  -4  -5  -5  -3  -6  -5   0   2  -7  -6  -2   60   0   0   0  12   0   0   5   0   1   0   0   0   0   0   7  11   0   0   3  1.33 0.69
  127 W    -4  -7  -9 -10  -8  -8  -9  -8  -8  -6  -7  -9  -7  -3  -9  -6  -1  13  -4   0    2   0   0   0   0   0   0   0   0   0   0   0   0   1   0   0   5  84   0   7  4.24 1.45
  128 G    -5  -7  -5  -6  -8  -7  -7   8  -3  -9  -9  -7  -8  -8  -7  -5  -6  -8  -8  -8    0   0   0   0   0   0   0  98   1   0   0   0   0   0   0   0   0   0   0   0  2.87 1.08
  129 D     0   2   2   3  -3   0   0  -1   0  -3  -1  -1  -2  -1  -3   1  -2  -1   1  -3    8  13  11  16   1   4   5   5   2   1   7   3   1   3   1  12   1   1   6   0  0.22 0.21
  130 D    -4  -4   8   0  -7  -4  -4   0  -3  -3  -7  -5  -6  -7  -6  -2  -4  -8  -3  -7    2   1  79   4   0   0   1   6   0   2   0   0   0   0   0   2   1   0   1   0  2.28 0.94
  131 S     0   0   2   2  -3  -1  -1   0  -1  -2  -2   0  -2   0  -2   2   1   0   1  -1    7   6  10  10   0   2   4   7   1   2   3   5   0   4   1  20   8   1   5   4  0.16 0.17
  132 D    -1   0   1   1  -2   0   1  -2   1  -2  -2  -1  -2   2  -2   1  -1   1   4  -2    4   4   7   9   1   4   9   2   2   2   3   2   1   8   1  14   4   2  18   2  0.27 0.23
  133 G    -3  -4  -2  -3  -5  -5  -4   7  -6  -3  -6  -2  -3  -7  -3  -3  -4  -7  -5  -6    1   1   1   2   0   0   1  83   0   2   1   2   1   0   1   1   1   0   0   0  1.97 0.81
  134 Q    -4   0  -2  -4  -7   8   1  -3  -2  -7  -4  -1  -5  -8  -3  -1  -3  -7  -6  -6    1   4   2   0   0  72   7   2   1   0   1   3   0   0   1   4   2   0   0   0  1.95 0.92
  135 T    -1   1  -4  -5   4  -4  -3  -5  -5   0   2  -4  -3  -4  -4   1   4  -3  -2   2    3   7   0   0  10   0   1   0   0   4  20   0   0   0   0   9  31   0   1  12  0.64 0.43
  136 T    -1  -4   3   0  -4  -4  -2   0  -5  -5  -5  -3  -3  -5   6   1   2  -5  -5  -2    4   1  12   6   0   0   2   7   0   0   1   1   0   0  41   9  12   0   0   2  1.01 0.54
  137 V    -1  -2  -3  -3  -4  -3  -3  -4  -4   2  -1  -4  -2  -2  -1  -3   2  -6  -2   6    4   2   1   1   0   1   2   2   0   8   3   1   0   1   3   2  14   0   1  53  0.85 0.49
  138 P     0   1   0   0  -5   4  -2  -2  -3  -4  -3  -1  -2  -5   6   0  -1  -5  -5  -3    6   7   4   6   0  17   1   3   1   1   2   3   1   1  36   6   3   0   0   1  0.84 0.46
  139 A     1  -3  -4  -1  -4  -2  -3  -4  -5   2   0  -3  -1  -4  -3   0  -1  -5  -4   5   10   2   0   3   0   2   2   1   0   8   8   1   1   0   1   7   4   0   0  51  0.74 0.42
  140 E     0   0  -1   1  -4   2   0   1  -2  -3  -2   1  -3  -3   3   2  -1  -4  -3  -2    7   6   2   7   0  10   6   9   0   1   4   7   0   1  16  18   3   0   1   2  0.30 0.23
  141 A     0  -3  -1  -2  -2  -3  -3   4  -2   0   0  -1  -2  -2   0  -1   0  -3  -3   2    9   1   3   2   1   1   1  33   1   4   9   3   0   1   4   4   7   0   0  15  0.35 0.25
  142 Q    -2  -3  -4  -1  -5   0  -4   1  -4  -1   4  -3   2  -1   2  -3  -2   6  -3  -1    3   1   1   3   0   4   0  10   0   3  38   1   4   2  11   2   3  10   0   3  0.56 0.37
  143 S     0   1  -1   0  -4  -2  -1  -1  -1  -2  -4  -2  -4  -5   0   4   4  -6  -4  -1    5   7   3   5   0   1   3   5   1   2   0   2   0   0   4  28  29   0   0   4  0.57 0.42
  144 G    -2  -1   4   3  -6   0  -1   4  -1  -4  -5  -1  -3  -6  -2  -1   1  -6  -5  -5    2   2  21  19   0   3   3  27   1   1   0   3   0   0   2   3  10   0   0   0  0.71 0.42
  145 V    -1  -7  -7  -7  -5  -6  -7  -6  -7   4  -2  -5   0  -2  -5  -5  -2   3  -4   6    5   0   0   0   0   0   0   0   0  25   2   0   2   1   0   0   2   4   0  57  1.48 0.68
  146 T     0   0  -3  -3  -3  -2  -3  -4  -5   1  -3   1  -2  -5  -4   0   5  -6  -5   3    8   6   0   1   0   1   1   1   0   9   1   9   1   0   0   7  34   0   0  21  0.62 0.43
  147 A     5  -3  -3   0  -4   0  -1  -1  -3  -3  -2  -1   0  -4  -4   1  -1  -6  -5  -3   56   1   1   5   0   4   4   3   0   1   4   3   3   0   0  10   4   0   0   1  0.82 0.51
  148 L    -3  -6  -7  -7  -5  -6  -7  -6  -7   7   0  -6  -1  -2  -5  -5  -3  -6  -5   5    1   0   0   0   0   0   0   0   0  52   7   0   1   1   1   0   1   0   0  34  1.58 0.68
  149 D     5  -4  -2   0  -4  -4  -3  -2  -4  -5  -5  -3  -4  -3  -4   4   0  -6  -5  -3   54   0   1   5   0   0   1   3   0   0   0   1   0   1   0  25   6   0   0   1  1.09 0.62
  150 G     6  -5  -3  -5   2  -4  -4   2  -6  -4  -3  -5  -1  -6  -4  -1   0  -6  -5   0   61   0   1   0   4   0   0  14   0   1   2   0   1   0   0   4   5   0   0   6  1.10 0.61
  151 G    -2  -4  -1  -5  -7  -4  -5   7  -1  -8  -8  -4  -7  -8  -7  -1  -4  -4  -7  -8    3   1   3   0   0   1   1  85   1   0   0   1   0   0   0   4   1   0   0   0  2.16 0.88
  152 V     0  -1   0   2   1   0   0   2   0  -2  -3  -2  -3  -1  -3   1   0   1   3  -2    9   4   4  14   3   3   4  20   2   2   2   1   0   2   0  11   4   2  11   3  0.24 0.22
  153 Y     0  -1   1   1  -4  -1  -1  -1   2  -2  -1  -2  -2   2  -4   1  -1   5   3  -2    7   4   8  10   0   2   4   6   6   1   6   1   0   9   0  12   3   8  12   2  0.28 0.23
  154 T    -3  -4  -2  -6  -5  -3  -4  -5  10  -7  -6  -6  -4   1  -7  -1   0  -7   0  -4    2   1   1   0   0   1   1   1  70   0   1   0   0   6   0   5   7   0   3   1  2.53 1.00
  155 A     1  -5   1  -4   0  -4  -4  -1  -5  -5  -2  -4  -1  -3  -5   5   4  -6  -3  -1   11   0   7   0   2   0   0   4   0   0   4   0   1   1   0  42  25   0   1   3  0.89 0.57
  156 L     0  -6  -6  -7   5  -5  -6  -3  -5   1   4  -6   2  -1  -6  -5  -3  -5  -1   3    8   0   0   0  10   0   0   2   0   6  46   0   5   2   0   0   1   0   2  17  0.90 0.47
  157 A     6  -6  -6  -6  -5  -5  -5   1  -6  -1  -1  -5  -3  -2  -5  -3  -3  -7  -4   0   70   0   0   0   0   0   0   9   0   4   7   0   1   2   0   0   1   0   0   6  1.35 0.70
  158 V    -3  -2  -6  -7  -5  -4  -6  -7  -6   2   5  -2  -1  -3  -6  -5   0  -6  -5   3    1   2   0   0   0   0   0   0   0  11  57   3   1   0   0   0   5   0   0  20  1.10 0.55
  159 K     0   3  -3  -1  -4  -1  -1  -3  -4  -5  -5   5  -4  -6  -4   0   4  -6  -5  -4    7  14   0   3   0   1   4   1   0   0   1  37   0   0   0   6  24   0   0   1  0.90 0.53
  160 N    -2  -5   2   7  -7  -3  -1  -2  -4  -7  -7  -4  -7  -7  -6   2  -1  -8  -7  -6    4   0  10  58   0   0   2   2   0   0   0   0   0   0   0  18   4   0   0   0  1.55 0.73
  161 G    -3  -7  -3   2  -7  -5  -6   7  -5  -9  -9  -5  -8  -8  -7  -5  -5  -8  -8  -8    1   0   1  10   0   0   0  86   0   0   0   0   0   0   0   0   1   0   0   0  2.33 0.93
  162 G     0  -3  -1  -2  -5  -4  -3   1  -4  -5  -6  -2  -4  -5  -5   2   6  -7  -5  -4    7   1   3   2   0   0   1  12   0   0   0   2   0   0   0  15  54   0   0   0  1.16 0.65
  163 V     1  -6  -7  -7  -5  -6  -6  -6  -7   1   2  -6   1  -5  -5  -5   0  -6  -5   6   11   0   0   0   0   0   0   0   0   5  18   0   3   0   1   0   4   0   0  58  1.26 0.62
  164 I    -3  -1  -7  -4  -2  -4  -5  -7  -2  -1   2  -2  -2  -1  -7  -4  -2  10   2   2    2   4   0   1   1   1   0   0   1   3  17   3   1   2   0   1   3  40   5  14  1.56 0.68
  165 A     6  -6  -4  -4   5  -5  -4   0  -6  -3  -5  -5  -3  -6  -5   0   1  -7  -6  -2   61   0   0   1  12   0   1   6   0   1   0   0   0   0   0   6   8   0   0   3  1.28 0.66
  166 W    -2  -9  -9 -10  -5  -8  -9  -8  -8  -6  -7  -9  -4  -4  -9  -8  -1  13  -3   0    3   0   0   0   0   0   0   0   0   0   0   0   0   0   0   0   5  83   1   6  4.20 1.43
  167 G    -5  -8  -6  -7  -8  -7  -7   8  -7  -9  -7  -5  -8  -8  -7  -5  -5  -2  -8  -8    0   0   0   0   0   0   0  98   0   0   1   0   0   0   0   0   1   1   0   0  2.83 1.08
  168 D     0   0   4   2  -3   0  -1  -1  -1  -4  -1  -2  -3  -1  -4   1  -2   2   3  -3    8   6  23  11   0   3   3   5   1   0   7   1   0   2   0  13   1   2  11   1  0.36 0.30
  169 N    -4  -4   9   0  -7  -5  -4  -2  -4  -8  -8  -5  -5  -8  -6  -2  -4  -8  -4  -8    1   1  85   5   0   0   1   3   0   0   0   0   0   0   0   2   1   0   1   0  2.58 1.04
  170 Y     1   1   0   1  -3   0   0   1   0  -2  -2  -1  -2   0  -3   2   1   0   1  -2   11   7   5   8   0   3   7  10   2   2   3   3   0   6   0  17   7   1   5   2  0.14 0.15
  171 F    -1  -1   1   1  -2   0  -1  -3   1  -3  -2  -2  -3   3  -4   1  -1   1   6  -1    5   3   8   8   1   3   4   1   4   1   4   2   0  10   0  13   4   1  26   4  0.46 0.33
  172 G    -3  -4  -3  -3  -5  -5  -5   7  -3  -7  -6  -3  -6  -5  -4  -2  -4  -6  -3  -6    1   1   1   1   0   0   1  84   1   0   1   2   0   0   1   3   1   0   1   0  2.05 0.83
  173 Q    -4  -2  -2  -4  -7   9   1  -4  -4  -7  -5  -3  -4  -6  -3  -2  -4  -2  -3  -6    1   2   2   0   0  77   7   1   0   0   1   1   0   0   1   2   1   1   1   0  2.19 0.98
  174 T    -2   1  -3  -3   4  -4  -4  -4  -5   0   2  -3  -3  -4  -4   1   4  -3  -4   2    2  10   0   2  10   0   0   1   0   5  19   1   0   0   0  12  24   0   0  14  0.51 0.37
  175 T     0  -2   2   1  -5  -4  -2  -1  -2  -4  -3  -4  -5  -4   6   0   2  -4  -5  -4    8   2  10   6   0   0   2   5   1   0   3   0   0   1  40   8  13   0   0   1  0.92 0.51
  176 V    -1  -3  -5  -3  -4  -3  -3  -5  -6   2  -2  -3  -1  -3  -4  -3   3  -6  -3   6    5   2   0   2   0   1   2   0   0   8   3   2   1   1   1   2  17   0   1  54  0.99 0.54
  177 P     0   0  -1   0  -4   4  -2  -2  -4  -4  -3   0  -2  -5   6  -1  -2  -5  -4  -3    6   5   3   6   0  16   2   3   0   1   3   6   1   0  38   4   3   0   1   2  0.85 0.44
  178 A     0  -2  -2  -3  -3  -3  -3  -3  -4   1   1  -3   0  -3  -3  -2  -1  -4  -3   5    7   2   2   1   0   1   1   2   0   7  12   1   2   1   1   3   4   0   1  50  0.69 0.38
  179 E     0   0   0   0  -4   2   1   0  -1  -3  -3   1  -2  -4   3   2   0  -4  -3  -2    6   5   4   5   0  12   9   7   1   2   2   7   1   0  15  17   4   0   0   2  0.31 0.24
  180 A     1  -3   0   0  -4  -3  -2   4  -2  -1  -1  -3  -3  -3   0   0   0  -1  -4   2   11   1   4   5   0   0   3  33   1   4   6   0   0   1   4   5   7   1   0  14  0.37 0.27
  181 Q    -2  -4  -3  -3  -4  -2  -4   2  -5   0   4  -3   2  -2   1  -3  -2   6  -2  -1    3   1   1   2   0   2   1  14   0   5  40   1   4   1   6   2   3  10   1   4  0.57 0.36
  182 S     0   0   0   0  -3  -2  -1  -1   0  -3  -4  -1  -3  -4  -2   4   4  -6  -4  -2    6   6   4   5   0   1   3   5   2   1   1   3   0   1   2  28  29   0   0   2  0.56 0.41
  183 G    -1  -2   4   4  -5  -2   0   4   0  -6  -6  -2  -5  -6  -3  -1   2  -6  -5  -5    4   2  18  23   0   1   4  27   2   0   0   2   0   0   1   4  11   0   0   0  0.75 0.43
  184 V     0  -6  -7  -7  -5  -6  -6  -5  -7   4  -1  -6  -2   0  -4  -5  -3   3  -4   6    8   0   0   0   0   0   0   1   0  24   5   0   1   3   1   0   1   4   0  53  1.28 0.61
  185 D     0  -1  -4  -2  -3  -1  -2  -5  -4   1  -3   1  -2  -4  -5   0   5  -6  -5   3    8   3   0   2   0   2   2   0   0   7   1  10   1   0   0   6  35   0   0  23  0.66 0.45
  186 D     5  -2  -2   1  -3   1  -1  -2  -2  -4  -5  -2  -1  -5  -4   2   0  -6  -3  -4   52   1   2   9   0   7   3   3   1   1   0   1   2   0   0  13   5   0   1   0  0.82 0.52
  187 V    -4  -7  -7  -7  -4  -7  -7  -7  -7   6   0  -7  -2  -3  -7  -6  -4  -7  -5   5    1   0   0   0   0   0   0   0   0  46   9   0   0   1   0   0   0   0   0  42  1.67 0.71
  188 A     5  -3  -2  -2  -3  -4  -2  -2  -5  -3  -5  -3  -5  -2  -5   4   0  -6  -3  -2   51   1   1   2   0   0   2   2   0   1   0   1   0   2   0  26   6   0   1   3  0.98 0.58
  189 G     6  -5  -4  -6  -1  -5  -5   1  -6  -4  -3  -4  -3  -6  -5   0   0  -7  -6  -1   70   0   0   0   1   0   0  10   0   1   2   0   1   0   0   5   5   0   0   5  1.37 0.70
  190 G    -3  -6  -3  -4  -5  -5  -6   7  -3  -8  -8  -4  -7  -8  -7  -2  -3  -7  -7  -6    2   0   1   1   0   0   0  89   1   0   0   1   0   0   0   3   2   0   0   0  2.32 0.92
  191 I     0   0   0   1  -3  -1   0   2  -2  -1  -2  -2  -2   0  -3   1  -1   3   4  -2   10   6   4   8   0   2   5  16   0   3   3   2   1   3   1  10   4   4  15   3  0.21 0.20
  192 F    -1   0   1   1  -2   0  -1   0   1  -2   0  -1  -1   1  -3   1   0   3   3  -2    6   6   9   8   1   3   4   6   4   1  12   2   1   6   0  10   5   5  10   2  0.12 0.14
  193 H    -3  -4  -1  -3  -5  -4  -5  -5  11  -8  -6  -6  -6   0  -7  -2  -2  -4   1  -6    2   1   2   1   0   1   0   1  77   0   1   0   0   4   0   4   3   0   3   1  2.86 1.07
  194 S     0  -5   1  -5  -3  -4  -4  -2  -3  -4  -4  -4  -4  -3  -4   5   4  -6  -2  -3    7   0   5   0   1   0   0   3   1   1   1   0   0   1   0  48  28   0   1   2  1.12 0.65
  195 L    -1  -5  -6  -6   5  -5  -6  -6  -5   1   4  -5   3  -1  -6  -4  -1  -5   1   2    5   0   0   0  12   0   0   0   0   8  42   0   8   2   0   0   3   0   5  14  0.91 0.47
  196 A     6  -6  -6  -6  -5  -5  -5   2  -6   0  -4  -5  -4  -4  -5  -3  -4  -7  -4  -1   74   0   0   0   0   0   0  13   0   5   2   0   0   1   0   0   0   0   0   5  1.57 0.77
  197 L    -5  -4  -7  -7  -5  -4  -7  -8  -7   1   6  -4   1  -3  -7  -5  -2  -6  -5   2    0   1   0   0   0   1   0   0   0   6  71   1   3   0   0   0   2   0   0  15  1.46 0.67
  198 K    -1   2  -1  -2  -6  -1  -1  -4  -4  -5  -4   5  -2  -6  -5   0   4  -6  -5  -4    6  10   2   2   0   2   3   1   0   0   2  38   1   0   0   5  27   0   0   0  0.91 0.54
  199 D    -2  -5   2   7  -7  -5  -2  -3  -4  -7  -8  -5  -7  -8  -6   2  -2  -8  -7  -7    3   0   9  66   0   0   2   2   0   0   0   0   0   0   0  15   3   0   0   0  1.79 0.81
  200 G    -4  -5  -2  -3  -7  -6  -6   8  -4  -8  -8  -6  -7  -8  -7  -3  -4  -7  -6  -8    1   1   2   2   0   0   0  92   1   0   0   0   0   0   0   1   1   0   0   0  2.49 0.97
  201 K     0  -1  -2  -3  -5  -2  -1  -1  -2  -4  -5  -1  -3  -6  -5   2   7  -4  -5  -2    6   3   1   1   0   1   4   4   1   0   0   3   1   0   0  13  59   0   0   2  1.16 0.65
  202 V     1  -6  -7  -7  -3  -6  -6  -5  -7   0   2  -5   0  -4  -5  -5  -2  -6  -5   6   11   0   0   0   0   0   0   1   0   3  18   0   2   0   0   0   1   0   0  62  1.36 0.65
  203 I    -2  -1  -6  -5  -5  -4  -5  -6  -1  -2   2  -2  -1   0  -7  -4  -2  10   3   2    3   4   0   1   0   1   1   0   2   2  17   3   1   3   0   1   2  37  10  12  1.44 0.64
  204 A     6  -5  -5  -5   5  -5  -3   0  -6  -3  -4  -4  -3  -6  -5   0   1  -6  -6  -1   60   0   0   0  12   0   1   8   0   1   1   0   1   0   0   5   7   0   0   3  1.23 0.64
  205 W    -3  -8  -8  -9  -1  -7  -7  -8  -8  -5  -5  -7  -4  -4  -8  -7  -1  13  -3   0    2   0   0   0   1   0   0   0   0   1   1   0   0   0   0   0   5  81   0   6  4.00 1.36
  206 G    -5  -7  -5  -4  -7  -7  -7   8  -7  -8  -8  -6  -7  -8  -7  -4  -6  -7  -8  -8    0   0   0   1   0   0   0  97   0   0   0   0   0   0   0   0   0   0   0   0  2.80 1.05
  207 D     0   2   3   2  -3  -1   0  -1   0  -3  -1  -1  -2  -1  -3   1  -1   2   2  -3    6  11  14  15   0   2   6   5   2   1   7   2   1   2   1  11   2   3   8   1  0.23 0.22
  208 N    -6  -4   9   0  -7  -5  -5   0  -4  -6  -8  -4  -7  -5  -4  -1  -5  -8  -6  -8    0   0  81   5   0   0   0   6   0   0   0   1   0   1   1   4   0   0   0   0  2.40 0.99
  209 R     0  -1   2   1  -3   0   1   1  -1  -2  -3   0  -2  -1  -3   2   1   0   0  -2    7   3  10  10   0   4  10  11   1   1   2   5   1   2   0  18   7   1   4   2  0.20 0.19
  210 Y     0   0   1   1  -2   0   0  -2   3  -3  -2  -2  -2   2  -4   1  -1   2   5  -2    6   4   5   7   1   3   5   2   9   1   4   1   1   9   0  14   2   3  21   2  0.39 0.30
  211 K    -3  -3  -2  -3  -4  -3  -4   7  -2  -8  -8  -3  -7  -4  -6  -3  -3  -4  -4  -6    2   1   2   1   0   1   1  83   1   0   0   1   0   1   0   2   2   0   1   0  2.00 0.83
  212 Q    -3  -1  -2  -3  -8   8   0  -4  -5  -5  -6  -3  -5  -7   0  -1  -5  -7  -4  -7    2   3   1   1   0  73   4   1   0   1   0   1   0   0   6   5   0   0   1   0  2.02 0.95
  213 T    -1  -2  -3  -4   5  -2  -4  -4  -5  -1   2  -4  -3  -4  -4   1   4  -5  -3   3    4   3   0   1  10   2   1   1   0   2  20   0   0   0   0   9  28   0   1  19  0.64 0.43
  214 T     0  -5   1   2  -6  -4  -1  -1  -4  -4  -4  -2  -6  -7   7   0   1  -3  -4  -5    7   0   6  12   0   0   3   4   0   1   2   2   0   0  47   6   9   1   1   0  1.13 0.59
  215 V    -1  -3  -4  -4  -4  -2  -4  -5  -6   1  -1  -3   0  -3  -5  -3   1  -6  -4   6    6   1   1   1   0   2   1   1   0   6   4   1   2   1   0   2   9   0   0  62  1.14 0.59
  216 P    -1   1   1   0  -5   4  -1  -2  -1  -4  -3   0  -2  -5   5   1  -2  -5  -4  -3    4   6   6   6   0  20   3   2   1   1   2   5   1   0  28  10   2   0   0   2  0.65 0.39
  217 T     0  -3  -2  -3  -4  -2  -4  -4  -5   2   2  -4  -1  -3  -2  -1   0  -5  -4   5    6   1   2   1   0   2   1   1   0   9  16   0   1   0   2   4   5   0   0  48  0.74 0.40
  218 E    -1   0   0  -1  -4   2   0   0  -1  -3  -2   0  -3  -4   4   2   0  -5  -3  -2    4   4   4   3   0   9   6   8   2   1   4   5   0   0  23  17   6   0   1   3  0.40 0.28
  219 A     2  -2  -1   0  -4  -3  -1   4  -2  -1  -1  -3  -3  -3   0   0   1  -3  -3   0   16   2   3   6   0   0   5  32   1   3   5   0   0   1   4   6   7   0   0   7  0.35 0.26
  220 L    -2  -4  -4  -2  -4  -3  -4   2  -4   1   4  -4   2  -1  -1  -3  -2   6  -4  -2    3   0   1   3   0   1   1  16   0   7  41   1   4   2   3   1   2  10   0   2  0.64 0.40
  221 S     0   1   0  -1  -3  -1   0  -2  -1  -4  -3  -1  -2  -5  -2   3   5  -6  -4  -2    6   7   4   3   0   2   6   2   1   1   2   3   1   0   2  24  33   0   0   3  0.57 0.42
  222 G    -2  -2   3   4  -6  -1  -1   4  -1  -6  -6  -3  -5  -6  -3  -1   3  -6  -6  -5    2   2  15  23   0   3   2  29   1   0   0   1   0   0   1   3  17   0   0   0  0.84 0.48
  223 V     0  -6  -7  -6  -5  -6  -6  -5  -7   5  -1  -6  -2   0  -5  -5  -4   4  -4   6    8   0   0   0   0   0   0   1   0  28   4   0   1   4   0   0   0   5   0  48  1.30 0.62
  224 S     0  -1  -3  -4  -3  -1  -3  -4  -4   1  -2   1  -1  -5  -5   0   5  -6  -5   3    9   3   1   0   0   2   2   0   0   7   2   8   1   0   0   5  36   0   0  23  0.68 0.46
  225 A     5  -2  -3   0  -4   2  -2  -2  -1  -4  -4  -2  -1  -4  -4   1   0  -5  -4  -3   54   1   1   5   0   9   2   2   2   1   1   2   2   0   0  10   5   0   0   2  0.83 0.53
  226 I    -4  -7  -5  -6  -5  -7  -7  -7  -7   7   0  -7  -1  -3  -7  -6  -4  -7  -5   5    1   0   1   0   0   0   0   0   0  54   7   0   1   1   0   0   0   0   0  34  1.70 0.73
  227 A     5  -4  -3   0  -5  -3  -3  -1  -4  -4  -4  -4  -5  -2  -5   3   0  -6  -3  -3   51   0   1   6   0   0   1   4   0   1   1   1   0   2   0  25   5   0   1   2  0.98 0.59
  228 S     6  -5  -3  -6   3  -5  -5   1  -6  -3  -4  -5  -4  -5  -4   1   0  -7  -6  -1   63   0   1   0   6   0   0   9   0   2   2   0   0   0   0   9   5   0   0   3  1.21 0.66
  229 G    -2  -4  -1  -2  -7  -3  -6   7  -4  -7  -7  -3  -7  -5  -6  -2  -4  -5  -7  -5    3   1   2   3   0   1   0  83   0   0   0   1   0   1   0   3   1   0   0   1  2.03 0.85
  230 E     1   0   1   2   0  -1   0   2   0  -3  -3  -2  -2   0  -3   2   0   1   2  -2   10   5   6  10   2   1   6  16   2   1   2   1   1   3   0  18   4   2   8   2  0.21 0.21
  231 W     0   0   2   2  -1  -1   0   0   1  -3  -1  -2  -2   2  -4   1   0   0   3  -2    8   5   9  11   1   2   4   8   4   1   5   1   1   8   0   9   6   1  14   3  0.18 0.19
  232 Y    -4  -5   0  -5  -1  -2  -5  -4  10  -7  -6  -6  -4   1  -7  -3  -1  -7   2  -5    1   0   4   1   2   1   0   1  71   0   1   0   0   5   0   2   4   0   6   1  2.61 1.03
  233 S     0  -5   1  -4  -2  -4  -4   0  -3  -3  -4  -4  -4  -4  -5   5   4  -7  -5  -3    5   0   7   0   1   0   0   6   1   1   1   0   0   1   0  45  29   0   0   2  1.07 0.64
  234 L    -1  -6  -6  -7   5  -5  -6  -5  -4   1   4  -6   3  -1  -6  -5  -4  -5   0   3    4   0   0   0  12   0   0   0   0   7  41   0   7   2   0   0   0   0   4  21  0.97 0.49
  235 A     6  -6  -6  -6  -5  -5  -6   2  -6  -1  -4  -5  -5  -2  -6  -3  -4  -7  -6  -1   74   0   0   0   0   0   0  14   0   4   1   0   0   2   0   1   0   0   0   4  1.58 0.78
  236 L    -4  -3  -7  -7  -5  -4  -6  -6  -6   2   5  -5   2  -2  -7  -5  -3  -6  -3   3    1   2   0   0   0   1   0   1   0  10  63   0   4   1   0   0   1   0   1  16  1.25 0.59
  237 K     0   2  -1  -2  -5   0  -2  -3  -4  -4  -5   5  -4  -5  -3   0   4  -6  -4  -3    6  11   3   2   0   3   1   2   0   1   0  35   0   0   1   8  26   0   0   1  0.80 0.50
  238 N    -3  -5   3   7  -7  -5  -3  -1  -5  -7  -7  -5  -7  -8  -5   2  -1  -8  -7  -7    2   0  11  64   0   0   0   4   0   0   0   0   0   0   0  14   4   0   0   0  1.73 0.79
  239 G    -3  -5  -3  -1  -7  -5  -5   7  -7  -9  -9  -6  -8  -8  -7  -2  -4  -8  -8  -8    1   0   1   3   0   1   0  89   0   0   0   0   0   0   0   2   1   0   0   0  2.38 0.95
  240 K    -1   0  -1  -2  -5  -2  -3  -2  -1  -4  -5  -2  -4  -6  -4   2   6  -7  -3  -3    5   5   2   2   0   2   1   3   1   0   1   2   0   0   0  14  58   0   1   1  1.17 0.66
  241 V     1  -6  -7  -7  -4  -6  -6  -6  -7   2   2  -6   2  -3  -6  -5  -2  -6  -5   6   12   0   0   0   0   0   0   0   0   9  20   0   4   0   0   0   1   0   0  52  1.19 0.59
  242 I    -2   0  -6  -4  -5  -3  -5  -6  -2  -1   2  -2  -1   2  -6  -4  -3   9   2   2    3   5   0   1   0   1   1   0   1   4  18   2   1   8   0   1   1  33   6  13  1.26 0.58
  243 A     5  -5  -5  -5   5  -4  -4   1  -6  -4  -5  -5  -4  -4  -5   1   0  -6  -6  -1   56   0   0   0  12   0   0  10   0   1   0   0   0   0   0  10   7   0   0   3  1.20 0.63
  244 W    -4  -8  -9  -9  -2  -8  -8  -8  -8  -7  -7  -8  -6   0  -9  -7   0  12  -2   0    2   0   0   0   1   0   0   0   0   0   0   0   0   4   0   0   6  79   1   7  3.92 1.35
  245 G    -4  -7  -4  -5  -8  -7  -7   8  -7  -9  -9  -6  -8  -8  -7  -5  -6  -8  -8  -8    0   0   0   1   0   0   0  98   0   0   0   0   0   0   0   0   0   0   0   0  2.82 1.07
  246 S     0   2   2   3  -2  -1  -1  -1   0  -3  -2  -1  -2   0  -3   1   0   2   2  -3    7  12  11  15   1   1   3   4   2   0   4   3   1   5   0  14   5   3   7   1  0.24 0.22
  247 S    -5  -6   9   0  -8  -5  -5  -1  -3  -8  -8  -5  -7  -8  -4  -1  -4  -9  -6  -6    1   0  84   4   0   0   0   5   0   0   0   0   0   0   1   4   1   0   0   0  2.56 1.05
  248 R     0   2   1   1  -4   0   1   0  -2  -2  -2  -1  -3  -2  -2   2   1  -1   0  -2    8  15   6   9   0   3   9   6   0   2   3   2   0   2   1  17   9   1   4   3  0.20 0.20
  249 T    -1  -2   2   0  -3   0  -1  -3   4  -4  -2  -1  -3   2  -2   2   1  -2   4  -2    3   1   8   5   0   3   4   2  10   0   4   2   0  10   2  17   7   0  16   3  0.37 0.30
  250 A    -1  -3  -3  -4  -6  -3  -3   6  -2  -4  -4  -4  -6  -7  -5  -1   2  -2  -4  -3    4   2   1   0   0   1   2  68   1   1   2   1   0   0   0   3  11   1   1   2  1.43 0.67
  251 P    -5  -3  -5  -4  -8   8  -2  -6  -5  -8  -7  -4  -4  -8   5  -3  -5  -8  -7  -7    1   1   0   1   0  62   2   0   0   0   0   0   0   0  31   1   0   0   0   0  2.26 1.03
  252 S    -1  -3  -4  -4   5  -2  -4  -3  -5   1   2  -3   0  -3  -3  -1   1  -5  -4   4    4   1   1   1  11   1   1   2   0   5  20   1   2   1   1   6   8   0   0  35  0.60 0.37
  253 S     0   0   2   2  -5   3   0   3  -3  -3  -4   0  -3  -4   0   1   0  -5  -4  -3    6   4   8  11   0  14   6  21   0   1   1   6   0   0   5   9   5   0   0   1  0.36 0.27
  254 V    -1  -5  -2   2  -4  -5  -4   0  -5   2   0  -4  -1  -3  -2  -2   0  -4  -3   5    4   0   2  10   0   0   1   7   0   9   7   0   1   1   2   2   4   0   1  48  0.70 0.43
  255 Q    -2  -3  -1  -1  -3   0  -2   4  -2  -3   0  -2  -1  -4   4   1   0  -5  -4  -4    2   1   2   3   1   4   2  28   1   1  10   2   2   0  21  12   6   0   0   1  0.52 0.35
  256 S     0   0   0   1  -4  -2  -2  -1  -3  -3  -4  -2  -4  -4  -2   4   4  -6  -5  -1    6   4   4   8   0   1   2   4   0   2   1   2   0   1   2  31  30   0   0   3  0.66 0.46
  257 G    -2  -4   3   4  -6  -3  -2   4  -2  -5  -5  -3  -5  -4   0  -1   2  -6  -5  -5    3   1  15  20   0   1   2  32   1   1   1   1   0   1   4   4  16   0   0   1  0.80 0.47
  258 V     0  -6  -5  -4  -5  -6  -5  -5  -6   5  -1  -6  -2  -1  -5  -3   0   0  -4   5    6   0   0   1   0   0   1   1   0  28   5   0   1   3   0   2   5   1   0  47  1.09 0.55
  259 S     0   0  -2  -3  -4  -1  -3  -4  -2   1  -3   0  -2  -4  -3   0   5  -6  -3   3    7   4   2   1   0   3   1   0   1   6   1   7   1   0   1   7  33   0   1  24  0.57 0.41
  260 S     5  -1  -1   0  -3   1  -1  -1  -2  -3  -3  -2   0  -4  -3   2   0  -6  -4  -3   49   3   2   4   0   6   3   3   1   1   3   2   2   1   1  12   6   0   0   0  0.63 0.44
  261 I    -3  -7  -7  -7  -5  -6  -6  -7  -7   7   0  -7  -2  -4  -4  -5  -3  -7  -4   5    2   0   0   0   0   0   0   0   0  52   6   0   0   0   1   1   2   0   0  34  1.60 0.70
  262 E     5  -4  -2   0  -5  -4  -2  -2  -4  -4  -5  -3  -5  -2  -4   3   1  -6  -3  -2   52   1   1   5   0   0   2   2   0   1   0   1   0   2   0  23   7   0   1   2  0.97 0.58
  263 A     6  -5  -2  -6   2  -5  -5   1  -6  -3  -4  -5  -3  -5  -1   0  -1  -7  -6  -1   64   0   2   0   4   0   0   9   0   1   1   0   0   0   3   7   4   0   0   5  1.15 0.63
  264 G    -4  -4  -3  -5  -7  -6  -6   7  -7  -8  -7  -4  -7  -8  -6  -2  -3  -7  -8  -6    1   1   1   0   0   0   0  89   0   0   0   1   0   0   0   3   2   0   0   1  2.36 0.95
  265 P     0   0   0   2   3  -1   0   2   0  -3  -3  -2  -3  -1  -1   1   0   1   2  -3    8   6   4  14   6   2   5  17   2   1   1   1   0   3   3  10   5   2   8   1  0.21 0.20
  266 N     1   1   1   1  -1  -1  -1   1   1  -3  -1  -2  -1   1  -3   1   0  -1   3  -1   13   7   8   8   1   2   3   9   3   1   5   1   1   7   0   9   7   1  11   3  0.14 0.17
  267 A    -3  -4  -1  -4  -1  -2  -5  -5  10  -7  -5  -5  -5   1  -6  -2   0  -7   1  -5    2   1   3   1   1   2   0   1  69   0   1   0   0   5   0   3   6   0   4   1  2.48 0.99
  268 A     0  -4   1  -4  -2  -4  -4   0  -5  -4  -3  -3  -3  -3  -3   5   5  -3  -3  -2    5   0   6   0   1   0   0   6   0   1   2   1   1   1   1  40  33   0   1   2  0.96 0.60
  269 Y    -2  -6  -6  -7   5  -5  -6  -6  -3   1   5  -6   4  -1  -6  -4  -4  -5   0   2    3   0   0   0  12   0   0   0   1   6  47   0   8   2   0   0   1   0   3  15  1.04 0.52
  270 A     6  -6  -6  -6  -5  -5  -6   2  -6   0  -4  -5  -5  -2  -6  -3  -4  -7  -6  -1   73   0   0   0   0   0   0  12   0   6   1   0   0   2   0   1   0   0   0   5  1.55 0.77
  271 L    -5  -4  -7  -8  -5  -6  -7  -8  -7   3   6  -6  -1  -3  -7  -5  -4  -6  -5   3    0   1   0   0   0   0   0   0   0  13  64   0   1   0   0   0   0   0   0  20  1.47 0.66
  272 K    -3   4  -4  -4  -4   2  -3  -5  -2  -4  -4   7  -5  -5  -5  -3  -2  -7  -6  -4    2  23   0   1   0   7   1   1   1   1   2  58   0   0   0   1   2   0   0   1  1.46 0.69
  273 G    -3  -5   5  -3  -6  -4  -5   6  -4  -7  -7  -4  -6  -6  -5  -3  -4  -6  -6  -6    0   0  34   0   0   0   0  66   0   0   0   0   0   0   0   0   0   0   0   0  1.86 0.62

                      K         Lambda
Standard Ungapped    0.1285     0.3101
Standard Gapped      0.0582     0.2670
PSI Ungapped         0.1897     0.3143
PSI Gapped           0.0582     0.2670
