
Last position-specific scoring matrix computed, weighted observed percentages rounded down, information per position, and relative weight of gapless real matches to pseudocounts
            A   R   N   D   C   Q   E   G   H   I   L   K   M   F   P   S   T   W   Y   V   A   R   N   D   C   Q   E   G   H   I   L   K   M   F   P   S   T   W   Y   V
    1 S     3  -2  -1  -2  -1  -1  -1  -1  -2  -2  -2  -1  -1  -3  -1   3   4  -3  -2  -1   31   0   0   0   0   0   0   0   0   0   0   0   0   0   0  26  43   0   0   0  0.43 0.06
    2 L    -3  -4  -5  -5  -3  -4  -4  -5  -4   0   5  -4   1   3  -5  -4  -3  -3  -1   0    0   0   0   0   0   0   0   0   0   1  83   0   1  14   0   0   0   0   0   1  0.97 0.20
    3 A     4  -2  -2  -3  -2  -2  -2  -2  -3  -3  -3   1  -1  -3  -2   1   3  -4  -3  -2   55   0   0   0   0   0   0   0   0   0   0  11   1   0   0   3  28   0   0   0  0.61 0.18
    4 K    -1   1  -2  -3  -4   0  -1  -3  -3  -4  -4   7  -1  -5  -3  -1  -1  -5  -4  -2    5   3   0   0   0   0   0   0   0   0   0  83   1   0   0   1   4   0   0   4  1.09 0.25
    5 R    -4   8  -2  -4  -6  -1  -2  -5  -2  -5  -4   0  -3  -5  -4  -3  -3  -5  -4  -5    0 100   0   0   0   0   0   0   0   0   0   0   0   0   0   0   0   0   0   0  1.95 0.33
    6 I    -3  -5  -5  -5  -3  -5  -5  -6  -5   7   0  -5   0  -2  -5  -4  -2  -5  -3   2    0   0   0   0   0   0   0   0   0  89   1   0   0   0   0   0   0   0   0  10  1.33 0.26
    7 V    -3  -5  -5  -5  -3  -5  -5  -6  -5   7   1  -5   0  -2  -5  -4  -2  -4  -3   1    0   0   0   0   0   0   0   0   0  89  10   0   0   0   0   0   0   0   0   2  1.28 0.26
    8 P    -3  -4  -4  -4  -5  -4  -3  -4  -4  -5  -5  -3  -5  -6   9  -3  -3  -6  -5  -5    0   0   0   0   0   0   0   0   0   0   0   0   0   0  99   1   0   0   0   0  2.82 0.36
    9 C    -3  -6  -5  -6  11  -6  -6  -5  -6  -4  -4  -6  -4  -5  -5  -3  -3  -5  -5  -3    0   0   0   0 100   0   0   0   0   0   0   0   0   0   0   0   0   0   0   0  3.18 0.42
   10 L    -3  -4  -5  -6  -3  -4  -5  -6  -5   0   6  -4   1  -1  -5  -4  -3  -3  -3  -1    0   0   0   0   0   0   0   0   0   0 100   0   0   0   0   0   0   0   0   0  1.29 0.26
   11 D    -4  -4  -1   8  -6  -2   0  -3  -3  -5  -6  -3  -5  -6  -4  -2  -3  -7  -5  -5    0   0   0 100   0   0   0   0   0   0   0   0   0   0   0   0   0   0   0   0  2.05 0.33
   12 V    -2  -5  -5  -5   0  -4  -4  -5  -5   1  -1  -4  -1  -3  -4  -4  -2  -5  -3   7    0   0   0   0   1   0   0   0   0   1   1   0   0   0   0   0   0   0   0  97  1.33 0.28
   13 H    -1   0   3   3  -4   0   0  -2   3  -4  -4   4  -3  -4  -3  -1   1  -4  -3  -3    3   1  17  18   0   0   2   0  10   0   0  37   0   0   0   1  11   0   0   0  0.53 0.15
   14 A     2  -1   4   4  -3   0   0   0  -1  -4  -4   0  -1  -4  -2   0  -1  -4  -3  -3   26   3  22  27   0   2   5   7   0   0   0   5   2   0   0   1   0   0   0   0  0.44 0.13
   15 G    -2  -4  -1  -3  -5  -4  -4   7  -4  -6  -6  -3  -5  -5  -4  -2  -3  -5  -5  -5    0   0   1   0   0   0   0  99   0   0   0   0   0   0   0   0   0   0   0   0  1.88 0.29
   16 R    -4   8  -2  -4  -6  -1  -2  -4  -2  -5  -4   0  -3  -5  -4  -3  -3  -5  -4  -5    0  99   0   0   0   0   0   0   0   0   0   1   0   0   0   0   0   0   0   0  1.93 0.33
   17 V    -2  -5  -5  -5  -3  -4  -4  -5  -5   1  -1  -4  -1  -3  -4  -4  -2  -5  -3   7    0   0   0   0   0   0   0   0   0   0   0   0   0   0   0   0   0   0   0 100  1.41 0.29
   18 V    -2  -5  -5  -5  -3  -4  -4  -5  -5   1  -1  -4  -1  -3  -4  -4  -2  -5  -3   7    0   0   0   0   0   0   0   0   0   0   0   0   0   0   0   0   0   0   0 100  1.41 0.29
   19 K    -3   0  -2  -3  -5  -1  -1  -4  -3  -5  -5   7  -3  -5  -3  -2  -3  -5  -4  -4    0   0   0   0   0   0   0   0   0   0   0 100   0   0   0   0   0   0   0   0  1.64 0.32
   20 G    -2  -4  -2  -3  -5  -4  -4   7  -4  -6  -6  -3  -5  -5  -4  -2  -4  -5  -5  -5    0   0   0   0   0   0   0 100   0   0   0   0   0   0   0   0   0   0   0   0  1.92 0.29
   21 V    -2  -4  -4  -4  -2  -4  -4  -5  -5   3  -1  -4   0  -2  -4  -2   2  -4  -3   6    0   0   0   0   0   0   0   0   0  11   0   0   1   0   0   0  16   0   0  73  0.88 0.22
   22 N    -3  -1   8  -1  -5   2  -2  -2  -1  -5  -5   0  -4  -5  -4   0  -2  -5  -4  -5    0   2  81   0   0   8   0   0   0   0   0   6   0   0   0   2   0   0   0   0  1.43 0.28
   23 F    -4  -5  -5  -6  -5  -5  -6  -5  -3  -2  -2  -5  -2   9  -6  -5  -4  -1   1  -3    0   0   0   0   0   0   0   0   0   0   0   0   0 100   0   0   0   0   0   0  2.18 0.34
   24 V    -2  -4  -5  -5  -3  -3  -2  -5  -5   2   1  -4  -1  -2  -4  -3  -2  -4  -3   6    1   0   0   0   0   1   3   0   0   3   8   0   0   0   0   0   0   0   0  85  0.99 0.23
   25 N    -2  -2   5   5  -4  -1   1   1  -1  -5  -5  -2  -4  -5  -3  -1  -2  -5  -4  -4    0   0  41  35   0   2   8  12   0   0   0   0   0   0   0   2   0   0   0   0  0.89 0.19
   26 L    -3  -4  -5  -5  -3  -4  -5  -5  -5   3   5  -4   1  -1  -5  -4  -3  -3  -3   0    0   0   0   0   0   0   0   0   0  18  82   0   0   1   0   0   0   0   0   0  1.01 0.21
   27 R    -2   6  -2  -3  -4   1  -1  -4  -2   0  -3   3  -2  -4  -3  -2  -2  -4  -3   0    0  62   0   0   0   5   0   0   0   7   0  18   0   0   0   0   0   0   0   8  0.91 0.20
   28 D    -4  -4  -1   8  -6  -2   0  -3  -3  -5  -6  -3  -5  -6  -4  -2  -3  -7  -5  -5    0   0   0 100   0   0   0   0   0   0   0   0   0   0   0   0   0   0   0   0  2.05 0.33
   29 A     6  -3  -3  -4  -2  -3  -3  -2  -4  -3  -3  -3  -3  -4  -3  -1  -2  -5  -4  -1   98   0   0   0   0   0   0   0   0   0   0   0   0   0   0   0   0   0   0   2  1.27 0.28
   30 G    -2  -4  -2  -3  -5  -4  -4   7  -4  -6  -6  -3  -5  -5  -4  -2  -4  -5  -5  -5    0   0   0   0   0   0   0 100   0   0   0   0   0   0   0   0   0   0   0   0  1.92 0.29
   31 D    -4  -4   0   8  -6  -2   0  -3  -3  -5  -6  -3  -5  -6  -4  -2  -3  -7  -5  -5    0   0   0  99   0   0   0   0   0   0   0   0   0   0   0   1   0   0   0   0  1.99 0.32
   32 P    -3  -4  -4  -4  -5  -4  -3  -4  -4  -5  -5  -3  -5  -6   9  -3  -3  -6  -5  -5    0   0   0   0   0   0   0   0   0   0   0   0   0   0 100   0   0   0   0   0  2.83 0.36
   33 V    -2  -4  -5  -5  -3  -4  -4  -5  -5   1  -1  -4  -1  -3  -4  -3  -1  -5  -3   7    0   0   0   0   0   0   0   0   0   1   0   0   0   0   0   1   1   0   0  98  1.33 0.28
   34 E    -2  -2  -2   1  -5   1   7  -4  -2  -5  -4  -1  -4  -5  -3  -1  -3  -5  -4  -4    3   0   0   3   0   2  90   0   0   0   0   0   0   0   0   1   0   0   0   0  1.45 0.28
   35 A     1  -3  -3  -4   1  -1  -3  -4  -4   4   2  -3   1  -1  -3  -2  -1  -3  -2   3   14   0   1   0   4   4   0   0   0  32  25   0   1   0   0   1   0   0   0  20  0.37 0.11
   36 A     6  -3  -3  -4  -2  -3  -3   0  -4  -3  -3  -3  -3  -4  -3   0  -2  -4  -4  -2   96   0   0   0   0   0   0   4   0   0   0   0   0   0   0   0   0   0   0   0  1.24 0.28
   37 R     2   4  -2  -2  -3   1   1  -2  -1  -2  -3   3  -1  -4  -2   0  -1  -4  -3  -2   26  27   0   0   0   7   6   0   0   3   0  25   1   0   0   4   1   0   0   1  0.43 0.13
   38 A     3   4  -2  -3  -2  -1  -1  -2  -2   0   0   0  -1   0  -3  -1  -1  -3   0   1   35  31   0   0   0   1   3   0   0   4   7   1   1   4   0   1   0   0   2  10  0.29 0.12
   39 Y    -4  -4  -4  -6  -5  -4  -4  -6   0  -4  -3  -4  -3   1  -5  -4  -4   0  10  -4    0   0   0   0   0   0   0   0   0   0   0   0   0   0   0   0   0   0 100   0  2.46 0.39
   40 D    -3  -3   5   7  -5  -2   0  -2  -2  -5  -5  -2  -4  -5  -3  -1  -2  -6  -4  -5    0   0  28  65   0   0   3   1   0   0   0   0   0   0   0   3   0   0   0   0  1.32 0.24
   41 E     2   2  -1   1  -3   2   3  -2  -1  -3  -2   3  -2  -4  -2  -1  -2  -4  -3  -3   20  12   0   7   0   8  28   1   1   0   2  20   0   0   0   1   0   0   0   0  0.41 0.12
   42 A     4  -2  -2  -2  -3   4   3  -2  -2  -3  -3  -1  -2  -4  -2   0  -2  -4  -3  -2   45   0   0   0   0  28  23   0   0   0   1   0   1   0   0   2   0   0   0   0  0.66 0.19
   43 G    -2  -3  -2  -3  -4  -3  -4   7  -3  -6  -5  -3  -3  -4  -4  -2  -3  -4  -5  -5    0   2   0   0   0   0   0  95   0   0   1   0   0   0   0   0   0   0   0   0  1.73 0.27
   44 A     6  -3  -3  -4  -2  -3  -3  -2  -4  -3  -3  -3  -3  -4  -3  -1  -2  -5  -4  -2  100   0   0   0   0   0   0   0   0   0   0   0   0   0   0   0   0   0   0   0  1.35 0.29
   45 D    -4  -4  -1   8  -6  -2   0  -3  -3  -5  -6  -3  -5  -6  -4  -2  -3  -7  -5  -5    0   0   0 100   0   0   0   0   0   0   0   0   0   0   0   0   0   0   0   0  2.05 0.33
   46 E    -3  -2  -2   0  -6   0   7  -4  -2  -5  -5  -1  -4  -5  -3  -2  -3  -5  -4  -5    0   0   0   0   0   0 100   0   0   0   0   0   0   0   0   0   0   0   0   0  1.77 0.33
   47 L    -3  -4  -5  -5  -3  -4  -4  -5  -4   3   5  -4   1  -1  -4  -4  -2  -3  -3   1    0   0   0   0   0   0   0   0   0  20  74   0   0   0   0   0   0   0   0   5  0.90 0.19
   48 V    -1  -4  -3  -4   4  -3  -3  -4  -4   1  -1  -3  -1  -3  -3  -2   4  -4  -3   5    0   0   0   0   9   0   0   0   0   1   0   0   0   0   0   0  32   0   0  57  0.77 0.21
   49 F    -4  -5  -5  -6  -5  -5  -5  -5  -3  -2  -1  -5  -2   9  -6  -5  -4  -1   1  -3    0   0   0   0   0   0   0   0   0   0   2   0   0  98   0   0   0   0   0   0  2.09 0.33
   50 L    -3  -4  -5  -6  -3  -4  -5  -6  -5   0   6  -4   1  -1  -5  -4  -3  -3  -3  -1    0   0   0   0   0   0   0   0   0   0 100   0   0   0   0   0   0   0   0   0  1.29 0.26
   51 D    -4  -4  -1   8  -6  -2   0  -3  -3  -5  -6  -3  -5  -6  -4  -2  -3  -7  -5  -5    0   0   0 100   0   0   0   0   0   0   0   0   0   0   0   0   0   0   0   0  2.05 0.33
   52 I    -3  -5  -5  -5  -3  -5  -5  -6  -5   7   0  -5  -1  -2  -5  -4  -3  -5  -3   1    0   0   0   0   0   0   0   0   0  99   0   0   0   0   0   0   0   0   0   1  1.54 0.30
   53 S    -2  -3  -2  -3  -3  -3  -3  -3  -1  -3  -3  -3  -3  -4  -3   1   7  -5  -4  -2    0   0   0   0   0   0   0   0   1   0   0   0   0   0   0   5  93   0   0   0  1.42 0.30
   54 A     6  -3  -3  -4  -2  -3  -3  -2  -4  -3  -3  -3  -3  -4  -3  -1  -2  -5  -4  -2  100   0   0   0   0   0   0   0   0   0   0   0   0   0   0   0   0   0   0   0  1.35 0.29
   55 T    -1  -3  -1  -2  -3  -2  -2  -2  -3  -3  -4  -2  -3  -4  -3   5   4  -5  -3  -3    0   0   0   0   0   0   0   0   0   0   0   0   0   0   0  65  35   0   0   0  1.02 0.25
   56 H     0  -2   0  -2  -1  -1  -2  -3   7  -4  -3  -2  -3  -2  -3   4  -1  -4   1  -2    5   0   2   0   1   0   0   0  41   0   1   0   0   1   0  43   0   0   4   2  0.91 0.23
   57 E    -2  -2  -1   5  -5   0   5  -3  -1  -5  -5  -1  -4  -5  -3  -2  -3  -5  -4  -4    1   0   0  43   0   2  53   1   1   0   0   0   0   0   0   0   0   0   0   0  1.19 0.23
   58 E     1  -1   3   3  -3   1   2   3   0  -4  -4   0  -3  -4  -2   0  -2  -4  -3  -3   11   1  20  17   0   6  12  24   1   0   0   5   0   0   0   2   0   0   0   0  0.43 0.11
   59 R    -4   8  -2  -4  -6  -1  -2  -5  -2  -5  -4   0  -3  -5  -4  -3  -3  -5  -4  -5    0 100   0   0   0   0   0   0   0   0   0   0   0   0   0   0   0   0   0   0  1.95 0.33
   60 A     0  -1   2   4  -4   0   2   1  -2  -4  -4   1  -3  -4  -2   0  -2  -4  -3  -3   10   1  12  36   0   1  14  13   0   0   0   9   0   0   0   4   0   0   0   0  0.51 0.12
   61 I    -2  -3  -2  -3  -3  -3  -3  -4  -4   4   0  -3  -1  -3  -3  -1   6  -4  -3   0    0   0   0   0   0   0   0   0   0  27   7   0   0   0   0   0  64   0   0   0  0.85 0.23
   62 L    -2  -3  -4  -4  -3  -2  -4  -4  -4   4   1  -2   6  -2  -4  -3   1  -4  -3   2    0   0   0   0   0   1   0   0   0  36   6   2  31   0   0   0  10   0   0  14  0.65 0.18
   63 L    -1  -3  -4  -4  -2  -3  -3  -4  -2   3   3  -3   0   1  -4  -3  -1  -3   0   3    3   0   0   0   0   0   1   0   1  18  31   0   0   6   0   0   1   0   4  34  0.44 0.12
   64 D    -3  -2   0   6  -5   0   2  -3   5  -5  -5  -2  -4  -5  -1  -2  -3  -5  -3  -5    0   1   2  65   0   2  10   0  17   0   0   1   0   0   2   0   0   0   0   0  1.18 0.23
   65 V    -2  -4  -4  -5  -2  -3  -4  -5  -4   3   0  -3   5  -2  -4  -3   0  -2  -3   5    0   0   0   0   0   0   0   0   0  11   4   0  19   0   0   0   6   1   0  59  0.75 0.19
   66 V    -1  -4  -5  -5  -3  -4  -4  -5  -5   3  -1  -4  -1  -2  -4  -3  -2  -5  -3   6    3   0   0   0   0   0   0   0   0   9   0   0   0   0   0   0   0   0   0  88  1.15 0.25
   67 A     0   5  -1  -1  -4   1   3  -3  -1  -4  -3   1  -3  -3  -3   0  -1  -3   2  -3    6  36   0   0   0   2  30   1   0   0   0   6   0   0   0   6   2   0  10   0  0.56 0.15
   68 R     0   6  -1  -1  -4   2   0  -3  -1  -4  -4   2  -3  -4  -3  -1  -2  -4  -3  -4   10  58   1   2   0  11   3   0   0   0   0  13   0   0   0   1   0   0   0   0  0.86 0.19
   69 V    -2  -3  -3  -4   1  -3  -3  -4  -4   1  -1  -3   1  -3  -3  -1   5  -4  -3   4    0   0   0   0   3   0   0   0   0   5   0   0   4   0   0   0  46   0   0  41  0.70 0.20
   70 A     6  -3  -3  -4  -1  -3  -3  -1  -4  -3  -3  -3  -3  -4  -3   0  -2  -5  -4  -2   97   0   0   0   0   0   0   1   0   0   0   0   0   0   0   2   0   0   0   0  1.26 0.28
   71 E     0  -1  -1   0  -4   0   5  -1  -2  -4  -4   0  -3  -4  -2   2  -1  -4  -3  -3    8   2   1   3   0   1  59   4   0   0   0   2   0   0   0  18   1   0   0   0  0.72 0.18
   72 R    -1   1   0  -1   0   6   2  -3   0  -4  -3   2  -2  -4  -3   0   0  -4  -3  -3    4   5   3   0   2  46  15   0   1   0   0  12   0   0   0   3   7   0   0   1  0.64 0.17
   73 V    -2  -4  -5  -5   4  -4  -4  -5  -5   2  -1  -4   0  -3  -4  -3  -2  -5  -3   6    0   0   0   0  12   0   0   0   0   5   0   0   1   0   0   0   0   0   0  83  1.11 0.25
   74 F    -4  -5  -5  -6  -5  -5  -5  -5  -3  -2  -2  -5  -2   9  -6  -4  -3  -1   1  -3    0   0   0   0   0   0   0   0   0   0   0   0   0  97   0   1   1   0   0   0  2.05 0.33
   75 I    -3  -4  -5  -5  -3  -4  -5  -5  -5   7   0  -4   5  -2  -5  -4  -2  -4  -3   1    0   0   0   0   0   0   0   0   0  79   0   0  18   0   0   0   0   0   0   3  1.22 0.26
   76 P    -3  -4  -4  -4  -5  -4  -3  -4  -4  -5  -5  -3  -5  -6   9  -3  -3  -6  -5  -5    0   0   0   0   0   0   0   0   0   0   0   0   0   0 100   0   0   0   0   0  2.85 0.37
   77 L    -3  -4  -5  -5  -3  -4  -5  -5  -4   0   5  -4   0   5  -5  -4  -3  -2   0   0    0   0   0   0   0   0   0   0   0   0  62   0   0  34   0   0   0   0   0   3  0.95 0.20
   78 T    -2  -3  -2  -3  -3  -3  -3  -4  -4  -3  -3  -3  -3  -4  -3   0   7  -5  -4  -2    1   0   0   0   0   0   0   0   0   0   0   0   0   0   0   0  99   0   0   0  1.60 0.33
   79 V    -2  -5  -5  -5  -3  -4  -4  -5  -5   2  -1  -4  -1  -3  -4  -4  -2  -5  -3   7    0   0   0   0   0   0   0   0   0   3   0   0   0   0   0   0   0   0   0  97  1.33 0.28
   80 G    -2  -4  -2  -3  -5  -4  -4   7  -4  -6  -6  -3  -5  -5  -4  -2  -4  -5  -5  -5    0   0   0   0   0   0   0 100   0   0   0   0   0   0   0   0   0   0   0   0  1.92 0.29
   81 G    -2  -4  -2  -3  -5  -4  -4   7  -4  -6  -6  -3  -5  -5  -4  -2  -4  -5  -5  -5    0   0   0   0   0   0   0 100   0   0   0   0   0   0   0   0   0   0   0   0  1.92 0.29
   82 G    -2  -4  -2  -3  -5  -4  -4   7  -4  -6  -6  -3  -5  -5  -4  -2  -4  -5  -5  -5    0   0   0   0   0   0   0 100   0   0   0   0   0   0   0   0   0   0   0   0  1.92 0.29
   83 V    -2  -4  -5  -5  -3  -4  -5  -5  -5   6   0  -4   0  -2  -4  -4  -2  -4  -3   4    0   0   0   0   0   0   0   0   0  63   3   0   0   0   0   0   0   0   0  35  1.01 0.21
   84 R    -3   7  -1  -3  -4   2  -2  -3  -2  -5  -4   1  -3  -5  -4  -1  -3  -5  -4  -4    1  84   1   0   0   8   0   1   0   0   0   1   0   0   0   5   0   0   0   0  1.43 0.27
   85 S     0  -2   0  -1  -2   0   0  -2  -2  -3  -3   0  -2  -4  -2   3   5  -4  -3  -1    4   1   4   1   0   3   4   1   0   0   0   4   0   0   0  22  55   0   0   2  0.62 0.18
   86 L    -1  -4  -3  -4   0  -3  -3  -4  -3   2   3  -3   0  -1  -2  -3  -1  -4  -2   5    2   0   1   0   2   0   1   0   1   9  28   0   0   0   2   0   2   0   0  52  0.55 0.15
   87 E     0  -2  -1   5  -5   1   5  -3  -2  -5  -5  -1  -3  -5  -2  -1  -2  -5  -4  -4    7   0   1  32   0   3  56   0   0   0   0   0   0   0   0   1   0   0   0   0  0.99 0.21
   88 D    -4  -3   1   8  -5  -1   0  -3  -1  -5  -5  -2  -3  -5  -3  -2  -2  -6  -5  -5    0   0   6  89   0   1   0   0   1   0   0   0   1   0   0   0   2   0   0   0  1.68 0.29
   89 A    -1  -4  -4  -5  -3  -4  -4  -5  -4   5   0  -4   3   4  -4  -3  -2  -3  -1   3    3   0   0   0   0   0   0   0   0  45   0   0   9  23   0   0   0   0   0  20  0.69 0.17
   90 R    -3   6  -1  -2  -5   0  -1  -4  -1  -5  -4   4  -3  -4  -3  -2  -2  -4  -2  -4    0  64   1   1   0   2   0   0   1   0   0  28   0   0   0   0   2   0   1   0  1.13 0.23
   91 K     1   4   2  -1  -3   1   0  -2  -1  -2  -2   2   0  -3  -2   0   0  -4  -2  -1   16  27  12   1   0   4   6   1   1   1   4  13   3   0   0   1   7   0   0   4  0.26 0.09
   92 L    -3  -4  -5  -5  -3  -3  -4  -5  -4   2   5  -4   5  -1  -4  -3  -2  -3  -2   0    0   0   0   0   0   0   0   0   0  13  67   0  18   0   0   0   0   0   0   1  0.88 0.19
   93 L    -3  -4  -5  -6  -3  -4  -5  -6  -5   0   6  -4   1  -1  -5  -4  -3  -3  -3  -1    0   0   0   0   0   0   0   0   0   0 100   0   0   0   0   0   0   0   0   0  1.28 0.26
   94 L    -2   5   4  -2  -4   0  -1  -3  -1  -3   0   1  -2  -3  -3  -1  -1  -4  -3  -3    1  40  31   0   0   1   2   0   1   1  13   7   0   0   0   2   1   0   0   0  0.60 0.16
   95 S     6  -3  -2  -2  -1  -2   2  -2  -3  -3  -3  -2  -3  -4  -2   0  -2  -4  -3  -1   78   0   0   0   1   0  16   0   0   0   0   0   0   0   0   3   0   0   0   1  0.85 0.22
   96 G    -2  -4  -2  -3  -5  -4  -4   7  -4  -6  -6  -3  -5  -5  -4  -2  -4  -5  -5  -5    0   0   0   0   0   0   0 100   0   0   0   0   0   0   0   0   0   0   0   0  1.92 0.29
   97 A     6  -3  -3  -4   1  -3  -3  -2  -4  -3  -3  -3  -3  -4  -3   0  -2  -5  -4  -2   97   0   0   0   2   0   0   0   0   0   0   0   0   0   0   1   0   0   0   0  1.27 0.28
   98 D    -4  -4  -1   8  -6  -2   0  -3  -3  -5  -6  -3  -5  -6  -4  -2  -3  -7  -5  -5    0   0   0 100   0   0   0   0   0   0   0   0   0   0   0   0   0   0   0   0  2.05 0.33
   99 K    -3   0  -2  -3  -5  -1  -1  -4  -3  -5  -5   7  -3  -5  -3  -2  -3  -5  -4  -4    0   0   0   0   0   0   0   0   0   0   0 100   0   0   0   0   0   0   0   0  1.64 0.32
  100 V    -2  -4  -4  -5  -2  -4  -4  -5  -5   4   0  -4  -1  -2  -4  -3   0  -4  -3   6    1   0   0   0   0   0   0   0   0  24   0   0   0   0   0   0   3   0   0  71  0.96 0.22
  101 S     1  -3  -1  -2  -3  -2  -2   0  -3  -4  -4  -2  -3  -4  -3   6   0  -5  -4  -3    7   0   0   0   0   0   0   7   0   0   0   0   0   0   0  86   0   0   0   0  1.10 0.27
  102 V    -2  -4  -5  -5  -3  -4  -5  -5  -5   6   1  -4   2   1  -4  -4  -2  -4  -2   3    0   0   0   0   0   0   0   0   0  63   5   0   4   5   0   0   0   0   0  23  0.87 0.19
  103 N    -4  -3   8  -1  -5  -2  -2  -3  -1  -6  -6  -2  -3  -5  -4  -1  -2  -6  -4  -5    0   0 100   0   0   0   0   0   0   0   0   0   0   0   0   0   0   0   0   0  2.02 0.35
  104 S    -1  -3  -1  -2  -3  -2  -2  -2  -3  -3  -4  -2  -3  -4  -3   5   5  -4  -3  -3    0   0   0   0   0   0   0   0   0   0   0   0   0   0   0  61  39   0   0   0  1.00 0.25
  105 A     6  -3  -3  -3  -2  -2  -2  -1  -3  -3  -3  -2  -3  -4  -2   2  -1  -4  -3  -2   79   0   0   0   0   0   1   0   0   0   0   0   0   0   0  17   1   0   0   0  0.94 0.23
  106 A     6  -3  -3  -4  -2  -3  -3  -1  -4  -3  -3  -3  -3  -4  -3  -1  -2  -5  -4  -2   99   0   0   0   0   0   0   1   0   0   0   0   0   0   0   0   0   0   0   0  1.32 0.29
  107 V    -2  -4  -5  -5  -2  -4  -4  -5  -5   4   0  -4   0  -2  -4  -3  -2  -4  -3   6    0   0   0   0   1   0   0   0   0  28   3   0   0   0   0   0   0   0   0  69  0.98 0.22
  108 R     0   2   1   0  -3   1   0  -2   2  -2  -2   3   0   1  -2   0   0  -3  -1  -2   11  15  10   4   0   3   1   0   6   0   3  27   4   8   0   3   4   0   0   1  0.22 0.08
  109 R    -3   3   6   3  -4  -1  -1  -2   0  -5  -5  -1  -3  -5  -3  -1   0  -5  -3  -4    0  20  55  14   0   1   1   0   1   0   0   1   0   0   0   0   7   0   0   0  0.91 0.20
  110 P    -3  -1  -4  -4  -5  -3  -3  -4  -4  -5  -5  -3  -5  -6   9  -3  -3  -6  -5  -5    0   3   0   0   0   0   0   0   0   0   0   0   0   0  96   0   0   0   0   0  2.67 0.35
  111 E    -2   0   0   4  -4   2   5  -2  -1  -4  -4  -1  -3  -4  -3   0  -1  -4  -3  -4    2   3   3  26   0  11  43   2   0   0   0   1   0   0   0   4   3   0   0   0  0.70 0.16
  112 L    -3  -4  -5  -5  -3  -4  -4  -5  -4   1   4  -4   0   5  -5  -4  -3  -2   0   0    0   0   0   0   0   0   0   0   0   3  59   0   0  32   0   0   0   0   0   6  0.84 0.18
  113 I    -2  -4  -5  -5  -3  -4  -4  -5  -5   6   1  -4   0  -2  -4  -4  -2  -4  -3   5    0   0   0   0   0   0   0   0   0  54   4   0   0   0   0   0   0   0   0  42  0.95 0.21
  114 R     1   3   2  -1  -2   0   0  -1   0  -3  -3   1  -2  -3  -2   2   0  -3  -1  -3   16  26  13   2   0   3   2   4   2   0   0   9   0   0   0  17   4   0   2   0  0.31 0.10
  115 E    -1   1  -1   3  -5   2   6  -3  -1  -4  -4   0  -3  -5  -3  -1  -2  -4  -4  -4    4   9   1  14   0   8  61   0   0   0   0   1   0   0   0   0   1   0   0   0  0.88 0.19
  116 L     5  -3  -3  -3  -1  -2  -3   2  -3  -3  -2  -2  -2  -4  -3   0  -1  -4  -3  -2   77   0   0   0   1   0   0  13   0   0   3   0   1   0   0   4   0   0   0   1  0.83 0.21
  117 A     5  -3  -2  -3  -2  -2  -2  -1  -3  -3  -3  -2  -3  -4  -2   3  -1  -4  -3  -2   75   0   0   0   0   0   0   0   0   0   0   0   0   0   0  23   1   0   0   0  0.94 0.23
  118 D    -1   0   0   4  -4   1   3  -1   0  -3  -2   1  -2  -3  -2  -1  -2  -1  -1  -3    5   6   1  35   0   5  25   3   1   1   4   6   1   0   0   2   1   1   2   1  0.45 0.12
  119 H    -1   5  -2  -3  -4   0  -1  -3   2  -3  -3   5  -2  -4  -3  -2  -2  -3  -1  -3    3  41   0   0   0   1   0   0   5   2   1  43   0   0   0   0   0   0   1   1  0.84 0.19
  120 F    -4  -5  -5  -6  -4  -5  -5  -5  -2  -2  -1  -5  -2   8  -6  -4  -4  -1   3  -1    0   0   0   0   0   0   0   0   1   0   0   0   0  89   0   0   0   0   7   3  1.82 0.30
  121 G    -2  -4  -2  -3  -5  -4  -4   7  -4  -6  -6  -3  -5  -5  -4  -2  -4  -5  -5  -5    0   0   0   0   0   0   0 100   0   0   0   0   0   0   0   0   0   0   0   0  1.92 0.29
  122 A     1   0   3  -1  -1  -1  -1  -2  -2  -4  -4  -1  -3  -4  -2   5   0  -4  -3  -3    8   6  13   2   1   0   1   0   0   0   0   2   0   0   0  66   1   0   0   0  0.72 0.20
  123 Q    -3  -1  -2  -3  -5   8   0  -4  -2  -5  -5  -1  -3  -6  -4  -2  -3  -4  -4  -5    0   0   0   0   0  99   0   0   0   0   0   0   0   0   0   1   0   0   0   0  2.00 0.38
  124 A    -1  -6  -5  -6  11  -5  -6  -5  -5  -4  -4  -5  -4  -5  -5  -3  -3  -5  -5  -3    4   0   0   0  95   0   0   0   0   0   0   0   0   0   0   1   1   0   0   0  2.89 0.39
  125 V    -2  -5  -5  -5  -3  -4  -5  -5  -5   6   0  -4   0  -2  -4  -4  -1  -4  -3   4    0   0   0   0   0   0   0   0   0  67   0   0   0   0   0   0   1   0   0  32  1.05 0.22
  126 V    -2  -5  -5  -5  -3  -4  -4  -5  -5   1  -1  -4  -1  -3  -4  -4  -2  -5  -3   7    0   0   0   0   0   0   0   0   0   1   0   0   0   0   0   0   0   0   0  99  1.38 0.29
  127 L    -1  -4  -5  -5   0  -4  -4  -5  -5   1   1  -4  -1  -2  -4  -3  -1  -4  -3   6    2   0   0   0   2   0   0   0   0   2  11   0   0   0   0   0   1   0   0  84  1.00 0.23
  128 A     6  -3  -2  -3  -2  -3  -3  -2  -3  -3  -3  -2  -3  -4  -3   0  -2  -5  -4  -2   96   0   2   0   0   0   0   0   0   0   0   0   0   0   0   3   0   0   0   0  1.22 0.27
  129 I    -3  -5  -5  -5  -3  -5  -5  -6  -5   7   0  -5   0  -2  -5  -4  -2  -4  -3   2    0   0   0   0   0   0   0   0   0  90   1   0   1   0   0   0   0   0   0   8  1.34 0.27
  130 D    -4  -4  -1   8  -6  -2   0  -3  -3  -5  -6  -3  -5  -6  -4  -2  -3  -7  -5  -5    0   0   0 100   0   0   0   0   0   0   0   0   0   0   0   0   0   0   0   0  2.05 0.33
  131 A     6  -3  -3  -4  -2  -3  -3  -1  -4  -3  -3  -3  -3  -4  -1  -1  -2  -5  -4  -1   96   0   0   0   0   0   0   1   0   0   0   0   0   0   2   0   0   0   0   1  1.22 0.27
  132 R    -3   5  -2  -3  -4   0  -1  -4  -2  -5  -4   6  -3  -5  -3  -2  -2  -5  -4  -4    0  32   0   0   0   0   0   0   0   0   0  68   0   0   0   0   0   0   0   0  1.23 0.25
  133 W    -1   6  -2  -3  -4   3  -1  -3  -1  -4  -3   3  -2  -3  -3  -1  -1   0  -2  -4    3  57   0   0   0  12   0   1   1   0   1  15   0   1   0   3   3   2   1   0  0.83 0.19
  134 R    -1   5   0  -2  -2   0   1  -3  -1  -1  -2   1  -2  -3  -3  -1   0  -4  -3   2    2  39   5   0   1   2  11   0   1   0   0   5   0   0   0   3   7   0   0  24  0.39 0.13
  135 G     1  -2  -1  -1  -2   0   2   3  -2  -3  -3   0  -3  -4   3   1  -1  -4  -3  -2   16   0   2   2   0   2  15  25   0   0   1   4   0   0  17  11   1   0   0   1  0.40 0.09
  136 D    -2  -2   1   6  -4   0   2  -1  -2  -4  -5  -1  -4  -5   3   0  -1  -5  -4  -4    2   0   6  50   0   2  14   4   0   0   0   1   0   0  15   4   1   0   0   0  0.80 0.16
  137 F    -1   3   0  -2  -4  -2  -2   5   0  -4  -4   0  -3  -1  -2   0  -2   0  -3  -4    1  20   3   0   0   0   0  59   2   0   0   3   0   3   1   4   1   2   0   1  0.77 0.16
  138 P    -5  -5  -6  -7  -5  -5  -5  -5  -5  -5  -4  -6  -4   2  -3  -5  -5  12   1  -5    0   0   0   0   0   0   0   0   0   0   0   0   0   7   2   1   0  89   2   0  3.54 0.43
  139 E    -3  -2   3   3  -4   0   6  -3   0  -5  -5  -1  -4  -5  -3  -1  -1  -5  -4  -4    0   0  15  15   0   1  64   1   2   0   0   0   0   0   0   1   1   0   0   0  1.00 0.21
  140 V    -2  -4  -5  -5  -2  -4  -4  -5  -5   5   0  -4   0  -2  -4  -3  -2  -4  -3   5    0   0   0   0   0   0   0   0   0  36   1   0   0   0   0   0   0   0   0  63  0.99 0.22
  141 H    -4  -4  -4  -5  -3  -4  -4  -5   1  -2  -2  -4  -2   6  -5  -3  -3   0   7  -1    0   0   0   0   0   0   0   0   2   0   1   0   0  39   0   1   1   0  53   3  1.45 0.26
  142 V    -2  -2  -2  -3  -2  -2  -2  -3  -3   2  -1   2  -1  -3  -3  -1   5  -4  -3   2    0   0   0   0   0   0   0   0   0  18   4  15   0   0   0   1  46   0   0  15  0.47 0.16
  143 A    -1   2   4  -2  -5  -1  -2  -3   9  -5  -5  -1  -3  -3  -4  -2  -3  -5  -1  -5    5  10  27   0   0   1   1   0  55   0   0   1   0   0   0   0   0   0   0   0  1.29 0.25
  144 G    -2  -4  -2  -3  -5  -4  -4   7  -4  -6  -6  -3  -5  -5  -4  -2  -4  -5  -5  -5    0   0   0   0   0   0   0 100   0   0   0   0   0   0   0   0   0   0   0   0  1.92 0.29
  145 G    -2  -4  -2  -3  -5  -4  -4   7  -4  -6  -6  -3  -5  -5  -4  -2  -4  -5  -5  -5    0   0   0   0   0   0   0 100   0   0   0   0   0   0   0   0   0   0   0   0  1.92 0.29
  146 R    -4   8  -2  -4  -6  -1  -2  -4  -2  -5  -4   0  -3  -5  -4  -3  -3  -5  -4  -5    0  99   0   0   0   0   0   0   0   0   0   0   0   0   0   0   1   0   0   0  1.91 0.33
  147 V    -2   1   1  -1  -3   0   1  -3  -1   1  -1   3  -1  -3  -2  -1   2  -4  -3   1    0   6   8   0   0   2  10   0   0  13   1  29   0   0   0   0  15   0   0  13  0.24 0.10
  148 P     0  -2   3   3  -4  -2  -1  -1  -2  -4  -4  -2  -3  -4   6  -1  -2  -5  -4  -4   10   1  18  20   0   1   1   3   0   0   0   0   0   0  43   2   0   0   0   0  0.96 0.18
  149 T    -2  -3  -2  -3  -1  -3  -3  -4  -4  -2  -3  -3   2  -4  -3   0   7  -4  -3   0    0   0   0   0   1   0   0   0   0   0   0   0   7   0   0   0  86   0   0   5  1.24 0.28
  150 G    -2  -4  -2  -3  -5  -3  -4   7  -3  -6  -6  -3  -5  -5  -4  -2  -3  -4  -5  -5    0   0   0   0   0   0   0  98   1   0   0   0   0   0   0   0   0   0   0   0  1.84 0.28
  151 L    -3  -2  -4  -5  -3  -3  -4  -5  -4   5   4  -1   2  -1  -4  -4  -2  -3  -2   1    0   1   0   0   0   0   0   0   0  48  41   5   5   0   0   0   0   0   0   0  0.70 0.17
  152 H    -4  -2   1   8  -6  -1   1  -3  -1  -5  -6  -2  -5  -5  -3  -2  -3  -6  -5  -5    0   1   2  90   0   1   3   0   2   0   0   0   0   0   0   0   0   0   0   0  1.71 0.29
  153 A     6  -3  -3  -4   1  -3  -3  -2  -4  -2  -3  -3  -2  -4  -3  -1  -2  -4  -4   0   90   0   0   0   3   0   0   0   0   0   0   0   0   0   0   0   0   0   0   7  1.08 0.26
  154 V    -2  -4  -5  -5  -2  -4  -4  -5  -5   4   2  -4   0  -2  -4  -3  -2  -4  -3   5    0   0   0   0   0   0   0   0   0  20  16   0   0   0   0   0   0   0   0  63  0.82 0.19
  155 E     1  -1  -1   1  -4   1   6  -2  -2  -4  -3   0  -3  -4  -3  -1  -2   0  -3  -3   15   1   0   4   0   4  64   1   0   0   1   3   0   0   0   2   0   1   0   0  0.78 0.19
  156 W    -5  -5  -6  -7  -5  -5  -6  -5  -5  -5  -4  -6  -4   2  -6  -5  -5  13   2  -5    0   0   0   0   0   0   0   0   0   0   0   0   0   6   0   0   0  91   3   0  3.69 0.44
  157 A     6  -3  -3  -4  -1  -3  -3  -2  -4  -2  -3  -3  -3  -4  -3  -1  -2  -4  -4   0   94   0   0   0   0   0   0   0   0   0   0   0   0   0   0   0   0   0   0   5  1.18 0.27
  158 V    -1   3  -2  -2  -3   2   1  -3  -1  -1  -2   4   2  -3  -3  -1  -1  -4  -3   0    3  22   0   0   0  13   5   0   0   4   2  34   7   0   0   0   1   0   0   9  0.43 0.13
  159 K    -2   4  -1   0  -5   1   4  -3  -1  -4  -4   4  -3  -4  -3  -1  -1  -4  -3  -4    1  22   0   3   0   4  29   0   0   0   0  38   0   0   0   0   2   0   0   0  0.73 0.17
  160 G     2  -3  -4  -4  -1  -3  -3   0  -4   0   0  -3   6  -2  -3  -2  -2  -4  -3   4   23   0   0   0   1   0   0   7   0   1   1   0  30   0   0   0   0   0   0  38  0.56 0.18
  161 V     1  -2  -1   0  -1   1   4  -2  -2  -1  -2  -1  -2  -3  -3  -1   0  -4  -1   2   18   0   2   4   1   4  42   1   0   0   0   0   0   0   0   0   4   0   2  21  0.40 0.14
  162 E     1   2   0   2  -3   2   3  -1  -1  -3  -3   2  -2  -3  -2   1  -1  -4  -2  -3   15  10   1  10   0   8  24   2   1   0   1  14   1   0   0  13   1   0   0   0  0.33 0.09
  163 L    -3   3  -3  -4  -2  -2  -3  -4  -2   0   4  -1   1   1  -4  -3  -2  -2   2  -1    0  21   1   0   0   0   0   0   1   0  60   2   2   3   0   0   0   0  10   0  0.55 0.16
  164 G    -2  -4  -2  -3  -5  -4  -4   7  -4  -6  -6  -3  -5  -5  -4  -2  -4  -5  -5  -5    0   0   0   0   0   0   0 100   0   0   0   0   0   0   0   0   0   0   0   0  1.92 0.29
  165 A     6  -3  -3  -4   0  -3  -3  -1  -4  -3  -3  -3  -3  -4  -3   0  -2  -4  -4  -1   95   0   0   0   2   0   0   0   0   0   0   0   0   0   0   1   0   0   0   2  1.20 0.27
  166 G    -2  -4  -2  -3  -5  -4  -4   7  -4  -6  -6  -3  -5  -5  -4  -2  -4  -5  -5  -5    0   0   0   0   0   0   0 100   0   0   0   0   0   0   0   0   0   0   0   0  1.92 0.29
  167 E    -3  -2  -2   0  -6   0   7  -4  -2  -5  -5  -1  -4  -5  -3  -2  -3  -5  -4  -5    0   0   0   0   0   0 100   0   0   0   0   0   0   0   0   0   0   0   0   0  1.77 0.33
  168 I    -3  -5  -5  -5  -3  -5  -5  -6  -5   7   2  -4   0  -2  -5  -4  -2  -4  -3   1    0   0   0   0   0   0   0   0   0  85  15   0   0   0   0   0   0   0   0   1  1.22 0.25
  169 L    -3  -4  -5  -6  -3  -4  -5  -6  -5   0   6  -4   1  -1  -5  -4  -3  -3  -3   0    0   0   0   0   0   0   0   0   0   0  98   0   0   0   0   0   0   0   0   2  1.24 0.25
  170 L    -3  -4  -5  -5  -3  -4  -5  -5  -5   1   6  -4   1  -1  -5  -4  -3  -3  -3   1    0   0   0   0   0   0   0   0   0   2  88   0   0   0   0   0   0   0   0  10  1.05 0.22
  171 T    -2  -3  -1  -3  -3  -3  -3  -4  -4  -3  -3  -3  -3  -4  -3   0   7  -5  -4  -2    0   0   1   0   0   0   0   0   0   0   0   0   0   0   0   0  99   0   0   0  1.60 0.33
  172 S    -1  -3  -1  -2  -3  -2  -2  -2  -3  -5  -5  -2  -4  -5  -3   7   0  -5  -4  -4    0   0   0   0   0   0   0   0   0   0   0   0   0   0   0 100   0   0   0   0  1.45 0.32
  173 M    -3  -4  -5  -6  -4  -3  -5  -5  -4  -1   0  -4  10  -2  -5  -4  -3  -4  -3  -2    0   0   0   0   0   0   0   0   0   1   0   0  99   1   0   0   0   0   0   0  2.30 0.41
  174 D    -4  -4   0   8  -6  -2   0  -3  -3  -5  -6  -3  -5  -6  -4  -2  -3  -7  -5  -5    0   0   1  99   0   0   0   0   0   0   0   0   0   0   0   0   0   0   0   0  2.02 0.32
  175 R     2   5  -2  -3   6   0  -2  -1  -2  -3  -3   1  -2  -4  -3  -1  -1  -4  -3  -3   23  40   0   0  19   4   1   4   0   0   0   6   0   0   0   1   2   0   0   0  0.64 0.17
  176 D    -4  -4  -1   8  -6  -2   0  -3  -3  -5  -6  -3  -5  -6  -4  -2  -3  -7  -5  -5    0   0   0 100   0   0   0   0   0   0   0   0   0   0   0   0   0   0   0   0  2.05 0.33
  177 G    -2  -4  -2  -3  -5  -4  -4   7  -4  -6  -6  -3  -5  -5  -4  -2  -4  -5  -5  -5    0   0   0   0   0   0   0 100   0   0   0   0   0   0   0   0   0   0   0   0  1.92 0.29
  178 T    -1  -3  -2  -3  -3  -1  -3  -4  -4  -2  -3  -3  -1  -4  -3   0   7  -4  -4  -1    1   0   0   0   0   2   0   0   0   0   0   0   1   0   0   0  92   0   0   3  1.35 0.30
  179 K    -2   2  -2  -2  -3   3  -1  -3  -2  -5  -4   7  -3  -5  -3  -2  -2  -5  -4  -4    0   9   0   0   1  11   0   1   0   0   0  78   0   0   0   0   0   0   0   0  1.17 0.25
  180 E     3  -1   2   3  -2   1   1  -1  -2  -1  -3  -1  -2  -4  -2   1  -1  -4  -3  -2   33   1  13  18   0   5   7   0   0   5   0   2   0   0   0  13   1   0   0   1  0.33 0.11
  181 G    -2  -4  -2  -3  -5  -4  -4   7  -4  -6  -6  -3  -5  -5  -4  -2  -4  -5  -5  -5    0   0   0   0   0   0   0 100   0   0   0   0   0   0   0   0   0   0   0   0  1.92 0.29
  182 Y    -4  -4  -4  -5  -4  -4  -4  -5  -1  -3  -2  -4  -2   6  -5  -4  -4   0   8  -3    0   0   0   0   0   0   0   0   0   0   0   0   0  38   0   0   0   0  62   0  1.77 0.30
  183 D    -3  -3   1   8  -6  -2   0  -3  -3  -5  -6  -3  -5  -6  -3  -2  -3  -6  -5  -5    1   0   6  92   0   0   1   0   0   0   0   0   0   0   0   0   0   0   0   0  1.80 0.30
  184 L    -3  -4  -1  -4  -2  -4  -4  -5  -4   4   5  -4   1  -1  -4  -4  -2  -3  -3   1    0   0   4   1   0   0   0   0   0  31  61   0   0   0   0   0   0   0   0   2  0.76 0.18
  185 R     2  -1  -1   0  -4   0   5   0  -2  -4  -3  -1  -3  -4   3  -1  -1  -4  -3  -3   21   1   1   3   0   1  47   7   0   0   1   2   0   0  14   1   1   0   0   0  0.60 0.16
  186 L    -3  -4  -5  -5  -3  -4  -5  -5  -4   1   6  -4   2  -1  -5  -4  -3  -3  -3   1    0   0   0   0   0   0   0   0   0   2  89   0   3   1   0   0   0   0   0   5  1.05 0.22
  187 T    -2  -3   0  -3  -1  -3  -3  -4  -4  -2  -3  -3  -2  -4  -3   0   7  -5  -4  -2    0   0   3   0   1   0   0   0   0   1   1   0   1   0   0   0  92   0   0   1  1.37 0.30
  188 R    -2   7  -2  -2  -4   0  -1  -4  -1  -5  -4   2  -3  -5  -4  -1  -3  -3  -3  -4    3  79   0   1   0   2   2   0   1   0   0  10   0   0   0   2   0   0   0   0  1.29 0.25
  189 M     5  -2  -3  -3  -2  -1  -2  -2  -3  -1  -2  -2   0  -3  -2   0   2  -4  -3  -1   73   1   0   0   0   2   1   0   0   2   2   1   2   0   0   1  14   0   0   0  0.71 0.20
  190 V    -2  -4  -5  -5  -3  -4  -4  -5  -5   5   0  -4   0  -2  -4  -4  -2  -4  -3   5    0   0   0   0   0   0   0   0   0  49   0   0   1   0   0   0   0   0   0  50  0.99 0.21
  191 A     4  -2  -1  -2   1  -2  -2  -1  -3  -3  -3  -2  -3  -4  -2   4   0  -4  -3  -2   43   2   0   0   3   0   0   0   0   0   0   0   0   0   0  47   3   0   0   1  0.70 0.20
  192 E    -2   0   0   5  -5   1   5  -2  -2  -5  -5  -1  -4  -5  -3   0  -2  -5  -4  -4    1   4   2  40   0   4  42   1   0   0   0   1   0   0   0   4   1   0   0   0  0.91 0.19
  193 A     5   0   1  -2  -1   0  -1  -1  -1  -3  -2  -1  -1  -4  -2   1  -1  -4  -3  -2   63   4   9   0   1   4   1   0   2   0   2   2   1   0   0  11   1   0   0   1  0.52 0.16
  194 V    -2  -4  -5  -5  -3  -4  -4  -5  -5   1  -1  -4  -1  -3  -4  -3  -1  -5  -3   7    1   0   0   0   0   0   0   0   0   1   1   0   0   0   0   0   1   0   0  96  1.28 0.27
  195 G    -1   0   3   1  -2   0   1   1   1  -3  -4   0  -2  -4   2   2   0  -4  -3  -3    1   6  18   6   0   4   7   8   3   0   0   4   0   0  11  27   4   0   0   0  0.34 0.09
  196 V    -2  -4  -5  -5  -3  -4  -5  -5  -5   6   0  -4   0  -2  -4  -4  -2  -4  -3   4    1   0   0   0   0   0   0   0   0  60   2   0   0   0   0   0   0   0   0  37  0.99 0.21
  197 P    -3  -4  -4  -4  -5  -4  -3  -4  -4  -5  -5  -3  -5  -6   9  -3  -3  -6  -5  -5    0   0   0   0   0   0   0   0   0   0   0   0   0   0 100   0   0   0   0   0  2.85 0.37
  198 V    -2  -4  -5  -5  -3  -4  -4  -5  -5   1  -1  -4  -1  -3  -4  -4  -2  -5  -3   7    0   0   0   0   0   0   0   0   0   2   1   0   0   0   0   0   0   0   0  97  1.32 0.28
  199 I    -3  -5  -5  -5  -3  -5  -5  -6  -5   7   0  -5  -1  -2  -5  -4  -3  -5  -3   2    0   0   0   0   0   0   0   0   0  97   0   0   0   0   0   0   0   0   0   3  1.49 0.29
  200 A     6  -3  -3  -4  -2  -3  -3  -2  -4  -3  -3  -3  -3  -4  -3  -1  -2  -5  -4  -2  100   0   0   0   0   0   0   0   0   0   0   0   0   0   0   0   0   0   0   0  1.35 0.29
  201 S    -1  -3  -1  -2  -3  -2  -2  -2  -3  -5  -5  -2  -4  -5  -3   7   0  -5  -4  -4    0   0   0   0   0   0   0   0   0   0   0   0   0   0   0 100   0   0   0   0  1.45 0.32
  202 G    -2  -4  -2  -3  -5  -4  -4   7  -4  -6  -6  -3  -5  -5  -4  -2  -4  -5  -5  -5    0   0   0   0   0   0   0 100   0   0   0   0   0   0   0   0   0   0   0   0  1.92 0.29
  203 G    -2  -4  -2  -3  -5  -4  -4   7  -4  -6  -6  -3  -5  -5  -4  -2  -4  -5  -5  -5    0   0   0   0   0   0   0 100   0   0   0   0   0   0   0   0   0   0   0   0  1.92 0.29
  204 A     4  -3  -4  -4   2  -3  -3  -2  -4   0  -2  -3  -1  -3  -3  -1  -1  -4  -3   4   52   0   0   0   4   0   0   0   0   0   0   0   0   0   0   0   0   0   0  44  0.71 0.20
  205 G    -2  -4  -2  -3  -5  -4  -4   7  -4  -6  -6  -3  -5  -5  -4  -2  -4  -5  -5  -5    0   0   0   0   0   0   0 100   0   0   0   0   0   0   0   0   0   0   0   0  1.92 0.29
  206 R    -1   0   5  -1  -2  -1   0  -2  -1  -3  -3   2  -3  -4  -3   1   3  -4  -3  -3    3   4  34   1   1   1   4   1   0   0   0  14   0   0   0   7  30   0   0   0  0.52 0.15
  207 M    -2  -2  -4  -4   4  -3  -3  -4  -4   0   4   0   3  -1   0  -3  -2  -3  -2   0    1   1   0   0   9   0   0   0   0   0  60   9   9   0   5   0   1   0   0   2  0.52 0.15
  208 E    -2  -1  -1   4  -5   4   5  -3  -1  -4  -4   0  -3  -5  -3  -1  -2  -4  -3  -4    2   0   0  22   0  20  49   0   1   0   0   2   0   0   0   3   0   0   0   0  0.88 0.19
  209 H    -4  -3  -2   1  -5  -2  -2  -4  10  -6  -5  -3  -4  -4  -5  -3  -4  -5  -1  -6    0   0   0   7   0   0   0   0  93   0   0   0   0   0   0   0   0   0   0   0  2.47 0.38
  210 F    -3  -4  -5  -5  -3  -4  -4  -5  -3   2   4  -4   2   6  -5  -4  -3  -2   0   0    0   0   0   0   0   0   0   0   0  15  41   0   4  41   0   0   0   0   0   0  0.82 0.18
  211 L     2  -1  -3  -4  -2  -2  -2  -3   1  -1  -1  -1  -1   0  -3  -1  -1  -1   6   2   21   2   0   0   1   0   1   0   3   1   5   5   0   0   0   2   1   0  35  24  0.43 0.15
  212 E    -1  -2   0   5  -5   1   4  -3  -2  -4  -5  -1  -3  -5  -2  -1  -2  -5  -4  -4    5   0   1  46   0   5  39   0   0   0   0   0   0   0   1   1   1   0   0   0  0.95 0.20
  213 A     3  -3  -2  -3  -3  -3  -3   5  -3  -2  -3  -3  -2  -3  -3  -1  -2  -4  -3   1   38   0   0   0   0   0   0  45   0   0   0   0   0   1   0   0   1   0   0  15  0.72 0.17
  214 F    -2  -4  -4  -5  -2  -4  -4  -5  -4   3   3  -4   0   4  -4  -3  -2  -2  -1   3    0   0   0   0   0   0   0   0   0  17  39   0   0  23   0   0   0   0   0  21  0.58 0.14
  215 Q    -1   1  -1  -2  -2   1   1  -3  -1  -1  -1   0  -2  -3  -2   0   5  -4  -3   0    3   9   1   1   0   8   8   0   1   1   6   5   0   0   0   2  50   0   0   5  0.40 0.14
  216 A     0  -1  -1   2  -4   1   4   2  -1  -2  -2   0  -2  -3  -2  -1   0  -4  -2  -1    7   0   1  11   0   5  38  15   1   1   4   6   0   0   0   1   5   0   1   4  0.35 0.11
  217 G    -1  -4  -1  -3  -4  -3  -4   7  -3  -6  -6  -2  -4  -5  -4  -2  -3  -4  -5  -5    0   0   1   1   0   0   0  94   0   0   0   2   0   0   0   0   0   0   0   0  1.70 0.27
  218 A     6  -3  -3  -4   0  -3  -3  -2  -4  -3  -3  -3  -3  -4  -3  -1  -2  -5  -4  -2   97   0   0   0   2   0   0   0   0   0   0   0   0   0   0   0   0   0   0   1  1.26 0.28
  219 E    -2  -3   0   7  -5  -1   3  -3  -2  -5  -5  -2  -4  -5  -3   1   0  -5  -4  -4    1   0   0  68   0   1  15   0   0   0   0   0   0   0   0   8   6   0   0   0  1.14 0.22
  220 A     6  -3  -3  -4  -2  -3  -3  -1  -4  -3  -3  -3  -3  -4  -3  -1  -2  -5  -4  -2   99   0   0   0   0   0   0   1   0   0   0   0   0   0   0   0   0   0   0   0  1.32 0.29
  221 A     4  -4  -4  -4  -1  -3  -3  -2  -4   0  -1  -3  -1  -3  -3  -2  -1  -4  -3   5   42   0   0   0   1   0   0   1   0   0   1   0   0   0   0   0   0   0   0  55  0.70 0.20
  222 L    -3  -4  -5  -6  -3  -4  -5  -6  -5   0   6  -4   1  -1  -5  -4  -3  -3  -3  -1    0   0   0   0   0   0   0   0   0   0 100   0   0   0   0   0   0   0   0   0  1.29 0.26
  223 A     6  -3  -3  -4  -2  -3  -3  -2  -3  -3   0  -3  -2  -4  -3  -1  -2  -4  -3  -2   89   0   0   0   0   0   0   0   0   0  10   0   0   0   0   0   0   0   0   0  1.03 0.25
  224 A     6  -3  -3  -4  -2  -3  -3  -2  -4  -3  -3  -3  -3  -4  -3  -1  -2  -5  -4  -2  100   0   0   0   0   0   0   0   0   0   0   0   0   0   0   0   0   0   0   0  1.35 0.29
  225 S    -1  -3  -1  -2  -3  -2  -2  -2  -3  -4  -5  -2  -4  -5  -3   7   0  -5  -4  -4    0   0   0   0   0   0   0   0   0   0   0   0   0   0   0  99   1   0   0   0  1.41 0.32
  226 V    -3  -4  -5  -5  -3  -4  -4  -5  -5   5   3  -4   0  -1  -4  -4  -2  -4  -3   2    0   0   0   0   0   0   0   0   0  53  38   0   0   0   0   0   0   0   0   9  0.83 0.18
  227 F    -4  -5  -5  -6  -4  -5  -5  -5  -3  -2   1  -5  -2   8  -6  -4  -4  -1   1  -3    0   0   0   0   0   0   0   0   0   0  10   0   0  90   0   0   0   0   0   0  1.82 0.30
  228 H    -4  -3  -2  -4  -6  -2  -2  -5  11  -6  -5  -3  -4  -4  -5  -3  -4  -5   0  -6    0   0   0   0   0   0   0   0 100   0   0   0   0   0   0   0   0   0   0   0  2.78 0.41
  229 F    -4  -4  -5  -5  -4  -4  -5  -5  -1  -2  -2  -4  -2   7  -5  -4  -4   0   7  -3    0   0   0   0   0   0   0   0   0   0   0   0   0  55   0   0   0   0  45   0  1.69 0.28
  230 G    -1   1  -1  -2  -4  -1  -2   6  -3  -5  -5   3  -4  -5  -3  -1  -3  -4  -4  -4    2   9   2   0   0   1   0  62   0   0   0  24   0   0   0   0   0   0   0   0  0.96 0.19
  231 E    -2  -1  -2   0  -5   3   6  -4  -1  -4  -4   0  -2  -5  -3  -2   1  -4  -4  -4    0   0   0   1   0  14  71   0   0   0   0   1   1   0   0   0  10   0   0   0  1.08 0.24
  232 I    -3  -3  -4  -4  -3  -3  -4  -5   3   1   3  -3   1   3  -4  -3  -2  -1   6  -1    0   0   0   0   0   0   0   0   8  10  33   0   3  11   0   0   0   0  33   1  0.66 0.16
  233 P    -1  -2  -1  -1  -3  -1   2  -3  -2  -3  -3  -1  -2  -4   1   3   5  -4  -3  -2    1   0   0   2   0   0  18   0   0   0   1   1   0   0   5  23  48   0   0   0  0.63 0.18
  234 I    -3  -5  -5  -5  -3  -4  -5  -5  -5   6   0  -4   0  -2  -4  -4  -2  -4  -3   4    0   0   0   0   0   0   0   0   0  71   0   0   0   0   0   0   0   0   0  28  1.10 0.23
  235 P     1   2  -1  -1  -2   1   0   2  -1  -3  -2   1   0  -3   3   0  -1  -4  -3  -2   14  19   2   2   0   6   4  15   1   0   1   7   5   0  16   4   2   0   0   0  0.29 0.08
  236 K    -2  -1  -1   3  -5   4   6  -3  -1  -5  -4  -1  -3  -5  -2  -1  -2  -4  -4  -4    1   0   0  13   0  26  58   0   0   0   0   0   0   0   0   0   0   0   0   0  1.05 0.23
  237 L     3  -3  -3  -4   0  -3  -3  -2  -3   2   2  -3   0  -2  -3  -1   0  -4  -2   3   41   0   0   0   1   0   0   0   0   9  22   0   0   0   0   0   3   0   0  24  0.39 0.13
  238 K    -3   0  -2  -3  -5  -1  -1  -4  -3  -5  -5   7  -3  -5  -3  -2  -3  -5  -4  -4    0   0   0   0   0   0   0   0   0   0   0 100   0   0   0   0   0   0   0   0  1.64 0.32
  239 R     1   2   1   2  -3   2   3  -2   1  -3  -3   1  -2  -4  -2   0   0  -4  -3  -3   15  12   6   9   0  13  27   1   3   0   0   7   1   0   0   3   5   0   0   0  0.36 0.10
  240 Y    -2  -2  -3  -3  -4  -2  -3  -5   5  -3  -2  -3  -3   3  -5  -3  -3   0   8  -3    3   2   0   1   0   1   1   0  14   0   2   0   0  10   0   0   0   0  65   1  1.35 0.26
  241 L    -3  -4  -5  -5  -2  -3  -4  -5  -4   0   5  -4   7  -1  -5  -4  -3  -3  -3  -1    0   0   0   0   0   0   0   0   0   0  66   0  33   0   0   0   0   0   0   0  1.09 0.24
  242 A     3   3  -1  -2  -2   1   0  -2   1  -2  -2   2  -2  -3  -2   0  -1  -3  -2  -2   41  19   2   1   0   8   2   1   4   1   1  14   0   0   0   3   0   0   1   1  0.35 0.12
  243 E     1   0   0   3  -3   1   3   0   0  -4  -3   1  -3  -4  -2   1  -1  -4  -3  -3   16   3   3  16   0   7  27   7   1   0   0   6   0   0   0  11   1   0   0   0  0.36 0.09
  244 K     1   5   0  -2  -2   2   1  -3   3  -4  -3   3  -1  -4  -3  -1  -2  -4  -2  -3   14  38   5   0   1   9   6   0   8   0   0  17   1   0   0   1   0   0   0   0  0.53 0.14
  245 G    -1  -3   1  -1  -4   0  -2   6  -1  -5  -5  -1  -4  -5  -4  -1  -3  -4  -4  -5    0   1   6   3   0   4   1  79   1   0   0   2   0   0   0   2   0   0   0   0  1.21 0.21
  246 V    -2  -4  -5  -5  -2  -4  -4  -5  -5   6   1  -4   0  -1  -4  -4  -2  -4  -3   4    0   0   0   0   0   0   0   0   0  58   8   0   0   0   0   0   0   0   0  33  0.89 0.19
  247 H     0  -2  -1  -1  -3  -1   3  -3   0  -4  -4  -1  -3  -5   6   1  -1  -4  -4  -2    5   0   2   0   0   1  26   0   2   0   1   1   0   0  47  11   3   0   0   2  1.00 0.18
  248 V    -2  -4  -5  -5  -3  -4  -4  -5  -5   2   0  -4   4  -2  -4  -3  -1  -4  -3   6    1   0   0   0   0   0   0   0   0   5   0   0  14   0   0   0   1   0   0  79  1.03 0.24
  249 R    -4   8  -2  -4  -6  -1  -2  -5  -2  -5  -4   0  -3  -5  -4  -3  -3  -5  -4  -5    0 100   0   0   0   0   0   0   0   0   0   0   0   0   0   0   0   0   0   0  1.95 0.33
  250 L    -3  -4  -5  -5  -3  -3  -4  -5  -4   2   5  -4   3   1  -3  -4  -2  -3  -2   0    0   0   0   0   0   0   1   0   0  11  74   0   7   4   1   0   0   0   1   1  0.78 0.17
  251 D    -2  -2   3   6  -4   0   2  -2  -1  -4  -4  -1  -4  -4  -2  -1  -2  -5  -4  -4    0   0  12  74   0   0  14   0   0   0   0   0   0   0   0   0   0   0   0   0  0.97 0.08

                      K         Lambda
Standard Ungapped    0.1382     0.3210
Standard Gapped      0.0658     0.2670
PSI Ungapped         0.2152     0.3159
PSI Gapped           0.0658     0.2670
