
Last position-specific scoring matrix computed, weighted observed percentages rounded down, information per position, and relative weight of gapless real matches to pseudocounts
            A   R   N   D   C   Q   E   G   H   I   L   K   M   F   P   S   T   W   Y   V   A   R   N   D   C   Q   E   G   H   I   L   K   M   F   P   S   T   W   Y   V
    1 M    -3  -4  -5  -6  -4  -3  -4  -5  -4  -1   0  -4  10  -2  -5  -4  -3  -4  -3   2    0   0   0   0   0   0   0   0   0   0   0   0  88   0   0   0   0   0   0  12  1.95 0.42
    2 K    -1   5  -1  -2  -4   0  -1  -3  -3  -4  -4   4  -2  -5  -3   2   0  -5  -4  -3    4  34   1   0   0   1   0   0   0   0   0  35   1   0   0  18   4   0   0   1  0.83 0.29
    3 A    -3  -6  -7  -7  -5  -6  -6  -7  -7   7  -1  -6  -2  -4  -6  -5  -1  -6  -5   4    2   0   0   0   0   0   0   0   0  63   1   0   0   0   0   0   3   0   0  31  1.67 0.54
    4 L     5  -4  -4  -5  -4  -4  -4   1   3  -3  -2  -3  -3  -4  -4  -1   1  -5  -3   1   57   0   0   0   0   0   0   9   8   0   4   0   0   0   0   2   8   0   0  10  0.87 0.40
    5 L    -4  -6  -6  -7  -4  -6  -6  -7  -6   6   3  -6   0  -3  -6  -5  -4  -6  -4   4    0   0   0   0   0   0   0   0   0  45  21   0   1   0   0   0   0   0   0  32  1.35 0.46
    6 I    -4  -6  -6  -7  -4  -6  -6  -7  -6   6   3  -6  -1  -2  -6  -5  -4  -6  -4   4    0   0   0   0   0   0   0   0   0  51  24   0   0   1   0   0   0   0   0  23  1.36 0.46
    7 D    -6  -6  -2   9  -8  -5  -2  -6  -5  -8  -8  -5  -8  -8  -6  -4  -5  -9  -8  -8    0   0   1  98   0   0   0   0   0   0   0   0   0   0   0   1   0   0   0   0  2.90 0.81
    8 Y    -7  -6  -5  -8  -7  -6  -7  -8  -2  -6  -6  -7  -6  -1  -8  -6  -5  -2  10  -6    0   0   0   0   0   0   0   0   0   0   0   0   0   0   0   0   0   0  99   0  3.55 0.95
    9 G    -3  -5  -2   3  -6  -3  -3   6  -5  -6  -7  -3  -6  -7  -5  -4  -5  -6  -6   0    0   0   1  19   0   1   1  69   0   0   0   1   0   0   0   0   0   0   0   7  1.59 0.53
   10 S     4  -1  -5  -6  -4  -4  -5  -4  -5  -2  -2  -4   8  -4  -5   2  -3  -6  -5  -1   33   4   0   0   0   0   0   0   0   2   2   0  42   0   0  13   0   0   0   3  1.31 0.54
   11 G    -3  -7  -4  -6  -4  -6  -6   8  -6  -8  -8  -6  -7  -8  -6  -4  -6  -7  -7  -7    1   0   0   0   0   0   0  99   0   0   0   0   0   0   0   0   0   0   0   0  2.67 0.75
   12 N    -6  -5   9  -3  -7  -5  -5  -5  -4  -8  -8  -5  -7  -8  -7  -4  -5  -9  -7  -8    0   0 100   0   0   0   0   0   0   0   0   0   0   0   0   0   0   0   0   0  3.17 0.91
   13 L    -5  -5  -7  -7  -5  -6  -6  -7  -6   2   6  -6  -1  -3  -6  -6  -3  -5  -4   2    0   0   0   0   0   0   0   0   0  10  74   0   0   0   0   0   1   0   0  14  1.45 0.50
   14 R    -3   7  -3  -5  -7  -2  -4  -5   7  -6  -5   2  -3   1  -6  -4  -3  -6   0  -6    2  52   1   0   0   1   0   0  24   0   1  11   1   5   0   0   1   0   3   0  1.53 0.54
   15 S    -3  -5  -1  -5  -5  -4  -4  -5  -5  -7  -7  -5  -6  -7  -5   8  -3  -7  -6  -6    0   0   2   0   0   0   0   0   0   0   0   0   0   0   0  98   0   0   0   0  2.39 0.82
   16 A     3  -6  -6  -6  -4  -5  -6  -6  -6   1   0  -5  -3  -4  -5  -4  -3  -6  -5   6   22   0   0   0   0   0   0   0   0   4   9   0   0   0   0   0   0   0   0  65  1.36 0.51
   17 A     2   0  -2  -2   4   3   3  -2  -2  -2  -3  -1  -2  -4  -4   1  -1  -2  -1   1   17   4   1   0   8  13  22   2   1   1   1   2   1   0   0  12   2   0   2  11  0.37 0.24
   18 K    -4   3   4  -4  -7  -2  -3  -5  -4  -7  -5   7  -5  -7  -5  -3  -4  -7  -5  -6    0  12  17   0   0   1   0   0   0   0   1  68   0   0   0   1   0   0   0   0  1.71 0.60
   19 A     7  -5  -5  -6  -3  -5  -5   2  -6  -5  -6  -5  -5  -6  -5  -2  -3  -6  -6  -4   83   0   0   0   0   0   0  16   0   0   0   0   0   0   0   1   0   0   0   0  1.78 0.63
   20 L    -4  -5  -6  -7  -2  -5  -6  -7  -6   3   5  -6   1   4  -6  -5  -4  -4  -3   1    0   0   0   0   1   0   0   0   0  13  60   0   2  15   0   0   0   0   0   8  1.19 0.43
   21 E     0   0  -1   0  -6   2   6  -5   0  -4  -3   0  -3  -6  -4  -2  -2  -5  -5  -4    7   5   2   3   0   9  58   0   2   1   3   4   0   0   0   2   2   0   0   1  1.04 0.44
   22 A     1   4  -1  -4  -5  -1  -2  -4   5  -4  -3   3  -3   1  -4  -1  -2  -4   2  -3   13  24   2   0   0   1   0   0  13   0   1  22   0   7   0   3   2   0   8   1  0.65 0.32
   23 A     2  -5  -5  -6  -3  -4  -5  -5  -5   2   3  -5   0  -2  -5  -3  -1  -5  -3   4   20   0   0   0   0   0   0   0   0   9  34   0   1   1   0   1   3   0   0  31  0.75 0.33
   24 G    -2  -5  -2  -1  -7  -4  -3   7  -4  -8  -8  -5  -7  -7  -6  -4  -5  -7  -7  -7    3   0   1   3   0   0   2  90   0   0   0   0   0   0   0   0   0   0   0   0  2.21 0.66
   25 F     4  -2  -3  -4   1   0   0  -2   1  -2  -2  -2  -1   3  -3  -2  -2  -1   4   0   37   1   0   0   3   3   8   3   3   1   2   1   1  11   1   0   1   1  15   6  0.47 0.28
   26 S    -1   0   0   3  -5   1   4  -4  -1  -4  -4   0  -3  -5   0   0   2  -5  -3  -3    4   6   4  19   0   6  30   0   1   0   1   4   0   0   4   6  13   0   0   1  0.58 0.29
   27 V     2  -5  -4  -5   0  -4  -5  -3  -3   0  -2  -4  -3  -3   2  -1   0  -5   1   5   18   0   0   0   2   0   0   1   1   3   1   0   0   0  10   3   6   0   5  49  0.76 0.37
   28 A    -1   1  -2   0  -1   0   3  -4  -1   1  -1   1  -1  -1  -3  -1   1  -3  -3   2    3   8   1   4   2   2  20   0   1   9   6   9   1   3   0   2   9   0   0  20  0.21 0.17
   29 V    -4  -4  -6  -3  -4  -5  -4  -6  -6   5   1  -5  -2  -2  -6  -5  -3   5  -4   5    0   1   0   2   0   0   1   0   0  31  10   0   0   1   0   0   0   7   0  46  1.19 0.44
   30 A    -2  -5  -4  -5  -3  -4  -4  -4  -5   1  -4  -4  -2  -5  -5   2   7  -6  -5   1    2   0   0   0   0   0   1   1   0   6   1   0   1   0   0  15  63   0   0  11  1.32 0.54
   31 Q     1   3   1   2  -3   0   0   0  -1  -4  -5   0  -4  -4  -3   3  -1  -5  -3  -4   13  19   7  14   0   3   4   7   1   0   0   5   0   1   0  24   2   0   0   0  0.45 0.25
   32 D    -3  -1   0   7  -2  -2   0  -4  -1  -6  -6  -1  -6  -7  -5   2  -1  -7  -6  -5    1   3   4  61   1   1   5   0   1   0   0   3   0   0   0  14   4   0   0   0  1.35 0.49
   33 P     1   0  -5  -5  -5  -4  -2  -4   0  -5  -4   0  -5  -3   7  -2  -4  -7  -4  -4   12   6   0   0   0   0   2   1   2   0   2   6   0   1  63   3   0   0   0   1  1.63 0.55
   34 K     2   0  -1   2  -5   2   4  -2   1  -4  -4   3  -4  -5  -3   0  -2  -5  -2  -3   16   5   2  12   0   7  27   3   3   1   0  16   0   0   0   5   1   0   1   1  0.50 0.27
   35 A     1   0  -2   3  -4   0   4  -3  -3  -1  -2   0  -2  -4  -3  -2   0  -3  -4   1   12   6   0  18   0   4  28   1   0   2   4   4   0   0   0   1   5   0   0  13  0.40 0.25
   36 H     0  -5  -6  -6  -3  -5  -6  -6  -3   6   3  -5   0  -1  -6  -5  -4  -5  -3   3    7   0   0   0   0   0   0   0   1  47  24   0   1   1   0   0   0   0   0  19  1.09 0.40
   37 E     2   1  -2  -1  -3   0   1  -3  -2  -2   2   1   0  -2   0  -1  -2  -4  -3  -1   22   8   1   3   0   3   9   1   1   1  27  10   2   1   4   2   1   0   0   2  0.22 0.18
   38 E     2   1   2   1  -4   2   2  -1   0  -4  -4   2  -3  -5  -3   1  -1  -5  -4  -3   21   7   9   7   0  11  12   5   3   0   1  13   0   0   0   9   3   0   0   0  0.36 0.21
   39 A     7  -5  -5  -6  -2  -5  -5  -4  -4  -5  -5  -5  -3  -3  -5   0  -2  -6  -2  -2   88   0   0   0   1   0   0   0   0   0   0   0   1   1   0   4   2   0   2   2  1.77 0.64
   40 D    -3  -1  -2   7  -5  -2   3  -3  -4  -7  -7  -1  -5  -7  -2  -1  -3  -7  -6  -6    2   3   1  65   0   1  15   2   0   0   0   3   0   0   2   4   1   0   0   0  1.52 0.53
   41 L     2   3  -3  -4  -4  -3  -3   4   1  -5  -3   4  -4  -5  -4  -2  -3  -5  -4  -3   18  18   0   0   0   0   0  29   4   0   3  26   0   0   0   1   0   0   0   1  0.76 0.35
   42 L    -2  -6  -6  -6  -3  -5  -6  -6  -6   4   4  -5  -1  -3  -6  -5  -3  -5  -3   5    3   0   0   0   0   0   0   0   0  19  36   0   0   0   0   0   0   0   1  41  1.12 0.42
   43 V    -4  -6  -7  -7  -4  -6  -6  -7  -7   6   0  -6  -2  -3  -6  -6  -4  -6  -5   6    0   0   0   0   0   0   0   0   0  41   5   0   0   0   0   0   0   0   0  53  1.64 0.54
   44 L    -5  -6  -7  -7  -5  -6  -6  -7  -6   0   6  -6  -1   4  -6  -6  -4  -5  -3   2    0   0   0   0   0   0   0   0   0   2  71   0   0  14   0   0   0   0   0  12  1.44 0.50
   45 P    -6  -7  -7  -6  -8  -6  -6  -7  -7  -8  -8  -6  -7  -9   9  -6  -6  -9  -8  -7    0   0   0   0   0   0   0   0   0   0   0   0   0   0 100   0   0   0   0   0  3.50 0.94
   46 G    -4  -7  -5  -6  -7  -6  -6   8  -6  -8  -8  -6  -7  -8  -7  -5  -6  -7  -7  -8    0   0   0   0   0   0   0 100   0   0   0   0   0   0   0   0   0   0   0   0  2.74 0.77
   47 Q    -4  -6  -7  -4  -5   2  -6  -7  -7  -1  -3  -6  -3  -5  -6  -6  -4  -7  -5   7    0   0   0   1   0  10   0   0   0   0   0   0   0   0   0   0   0   0   0  89  2.10 0.70
   48 G    -4  -7  -5  -6  -7  -6  -6   8  -6  -8  -8  -6  -7  -8  -7  -5  -6  -7  -7  -8    0   0   0   0   0   0   0 100   0   0   0   0   0   0   0   0   0   0   0   0  2.74 0.77
   49 H     6  -5  -3  -5  -3  -4  -4  -4   5  -5  -5  -4  -5  -6  -5   2  -4  -6  -5  -4   73   0   1   0   0   0   0   0  12   0   0   0   0   0   0  13   0   0   0   0  1.59 0.60
   50 F    -3  -7  -7  -8  -6  -7  -7  -6  -5  -1  -3  -7   3   9  -8  -6  -5  -3   0  -4    2   0   0   0   0   0   0   0   0   3   0   0   8  84   0   0   0   0   2   0  2.57 0.73
   51 G     2   3  -3   1  -4  -3  -2   5  -3  -6  -6  -1  -4  -6   1  -1  -4  -6  -5  -5   15  15   0   9   0   0   2  44   0   0   0   4   0   0   8   2   0   0   0   0  0.83 0.35
   52 Q     1  -4  -2   7  -6   1  -1  -4   3  -6  -6  -2  -5  -6   2  -1  -3  -7  -5  -5   13   0   1  55   0   6   2   0   8   0   0   1   0   0   9   4   1   0   0   0  1.23 0.47
   53 V     5  -6  -6  -6   9  -5  -5  -2  -6  -4  -5  -5  -3  -5  -5  -3  -2  -6  -6   0   52   0   0   0  36   0   0   2   0   0   0   0   0   0   0   1   2   0   0   7  1.76 0.59
   54 M    -3  -4  -6  -7  -5  -5  -6  -7  -6   1   0  -6  10  -4  -7  -5  -4  -6  -4   1    2   1   0   0   0   0   0   0   0   7   6   0  74   0   0   0   0   0   0   9  2.42 0.75
   55 R     2   2   0   1  -4   3   3  -1   0  -4  -4   1  -3  -4  -3   1  -1  -5  -3  -2   17  10   4   8   0  13  20   3   3   0   0   6   0   0   0   9   4   0   0   2  0.38 0.22
   56 A     1   0   3  -2  -1   3   1   1   4  -2  -4   1  -3  -5  -4   0  -1  -5  -3  -2   11   5  19   0   1  12   9   9  12   2   0   8   0   0   0   6   3   0   0   2  0.40 0.23
   57 F    -5  -5  -7  -7  -5  -5  -6  -7  -6   2   6  -6   3   1  -6  -6  -4  -5  -4  -1    0   0   0   0   0   0   0   0   0  10  77   0   6   5   0   0   0   0   0   1  1.49 0.50
   58 Q    -1   5   1   0  -4   1   1  -2   3  -3  -4   2  -4  -5  -4   0  -2  -5  -3  -4    3  33   7   6   0   5  10   2   7   1   1  13   0   0   0   6   2   0   0   0  0.59 0.28
   59 E     2   2  -1   0  -4   2   3  -1   0  -4  -4   1  -3  -4  -2   1  -2  -5  -3  -4   19  13   2   5   0   9  22   3   2   0   1  10   0   0   1  11   1   0   0   0  0.43 0.24
   60 S     1   3  -2  -3  -3   0  -2   0   0  -2   0   0  -1  -1  -3   1   1  -3   3  -1   12  19   1   0   0   5   1   6   3   0  10   3   1   2   0  11   9   0  11   5  0.20 0.17
   61 G    -3  -2   1   1  -6  -2  -1   6   2  -6  -6  -2  -5  -6  -3  -2  -4  -6  -5  -6    0   2   8   6   0   2   5  66   5   0   0   2   0   0   2   1   0   0   0   0  1.32 0.45
   62 F    -3  -5  -6  -6  -1  -5  -6  -1  -5   1   5  -5   2   3  -6  -5  -4   1   2  -2    2   0   0   0   2   0   0   6   0   5  59   0   5  12   0   0   0   2   7   1  0.96 0.38
   63 V    -1   0  -2   3  -2  -2   1  -2  -1   2   0  -1  -2  -3  -2  -2  -1   2  -2   2    6   6   1  21   0   1  10   2   2  11   8   2   0   0   1   1   4   3   1  18  0.21 0.17
   64 E     0   1  -1   3  -4   2   4  -2  -3  -5  -5   0  -4  -5   2  -1  -2  -6  -4  -4    6   7   2  18   0   7  34   3   0   0   1   6   0   0  11   3   2   0   0   0  0.67 0.31
   65 R     3  -2  -4  -5  -4  -3  -3  -3  -4   0  -1  -3  -1   0   4  -2   0  -4  -4   3   24   2   0   0   0   0   1   1   0   5   5   0   1   4  24   1   6   0   0  25  0.63 0.31
   66 V    -3  -6  -6  -7  -3  -6  -6  -7  -6   7   2  -6  -1  -3  -6  -5  -3  -6  -4   3    1   0   0   0   0   0   0   0   0  58  18   0   1   1   0   0   1   0   0  21  1.42 0.48
   67 R    -2   5  -2  -2  -2   1  -1  -1   3  -1   0   3  -1  -3  -3  -2  -2  -4   0  -2    2  30   1   1   1   5   1   4   8   4   9  23   1   0   0   1   2   0   3   3  0.49 0.26
   68 R     0   2  -1   3  -5   2   5  -2  -1  -4  -5   1  -4  -4  -4  -1  -1  -5  -4  -4    9  11   2  13   0  11  36   2   1   0   0   8   0   0   0   3   3   0   0   0  0.66 0.31
   69 H     3   1  -3  -4  -2  -1  -2  -3   5   0  -3  -3  -2   1  -4  -1  -1   2   3   2   26   9   1   0   1   2   2   0  15   4   1   0   0   5   0   2   2   2   9  17  0.43 0.26
   70 L     2  -5  -4  -5   0  -4  -5  -4  -5   5   1  -4  -1  -3  -5  -3  -2  -5  -4   4   22   0   0   0   2   0   0   0   0  33  12   0   0   0   0   0   2   0   0  27  0.81 0.34
   71 E     4   0   0   2  -3   1   2  -2  -1  -4  -4   0  -4  -5  -3  -1  -2  -5  -4  -3   41   5   4  11   0   7  16   2   1   0   1   6   0   0   0   3   1   0   0   1  0.56 0.30
   72 R     2   2   0  -1  -3   1   1   0  -2  -4  -4   1  -3  -1  -3   3   0  -5  -3  -3   15  12   3   3   0   5   8   8   0   0   1  10   0   3   0  27   3   0   0   0  0.36 0.23
   73 G    -3  -3   1   1  -5  -1  -1   7  -4  -6  -6  -2  -5  -6  -5  -3  -3  -6  -6  -6    1   1   6   7   0   2   3  73   0   0   0   3   0   0   0   1   1   0   0   0  1.52 0.49
   74 L    -4   4  -4  -4  -6  -1  -3  -5  -4  -1  -3   6  -2  -6  -5  -3   2  -6  -5  -1    0  21   0   0   0   2   0   0   0   4   2  54   1   0   0   0  12   0   0   5  1.17 0.48
   75 P    -5  -6  -6  -6  -8  -5  -6  -7  -7  -8  -7  -5  -7  -8   9  -5  -6  -9  -8  -7    0   0   0   0   0   0   0   0   0   0   0   1   0   0  98   0   0   0   0   0  3.35 0.92
   76 F    -5  -6  -7  -7  -4  -6  -7  -7  -5  -1   2  -6   0   8  -7  -6  -5  -3   0   2    0   0   0   0   0   0   0   0   0   3  21   0   2  60   0   0   0   0   1  13  1.66 0.53
   77 L    -4  -6  -7  -7  -5  -6  -7  -7  -6  -2   6  -6   4   0  -7  -6  -5  -5  -3  -3    1   0   0   0   0   0   0   0   0   0  86   0  10   3   0   0   0   0   0   0  1.82 0.60
   78 G    -1  -7  -5  -5  -7  -6  -6   8  -6  -8  -8  -6  -7  -7  -6  -4  -6  -7  -7  -7    4   0   0   0   0   0   0  96   0   0   0   0   0   0   0   0   0   0   0   0  2.54 0.73
   79 I    -5  -7  -8  -7  -5  -7  -8  -8  -8   8  -2  -7  -3  -4  -7  -7  -5  -7  -6   1    0   0   0   0   0   0   0   0   0  94   0   0   0   0   0   0   0   0   0   6  2.55 0.74
   80 C    -5  -9  -8  -9  12  -8  -9  -8  -8  -6  -6  -8  -6  -8  -8  -6  -6  -7  -8  -6    0   0   0   0 100   0   0   0   0   0   0   0   0   0   0   0   0   0   0   0  4.46 1.06
   81 V    -4  -5  -6  -7  -4  -5  -6  -7  -6   0   5  -5   0  -3  -6  -5  -4  -5  -4   5    0   0   0   0   0   0   0   0   0   3  58   0   1   0   0   0   0   0   0  35  1.34 0.47
   82 G    -3  -6  -4  -5  -6  -6  -6   8  -6  -8  -8  -6  -7  -7  -6  -4  -6  -6  -7  -7    0   0   0   0   0   0   0  98   0   0   0   0   0   0   0   0   0   0   0   0  2.63 0.74
   83 M    -4  -5  -6  -7  -5  -1  -4  -7  -2  -2   5  -5   9  -2  -6  -5  -4  -5  -2  -3    1   0   0   0   0   2   1   0   1   1  45   0  46   1   0   0   0   0   1   0  1.77 0.60
   84 Q    -5  -4  -4  -5  -7   9  -3  -6  -2  -7  -7  -3  -5  -8  -6  -5  -5  -6  -6  -7    0   0   0   0   0  98   0   0   1   0   0   0   0   0   0   0   0   0   0   0  3.05 0.93
   85 V     1  -5  -5  -5  -3  -4  -5  -4  -5   3   4  -4   4  -3  -5  -3  -3  -2  -4   2   15   0   0   0   0   0   0   0   0  14  42   0  10   0   0   1   1   1   0  15  0.77 0.33
   86 L    -5  -6  -7  -7  -5  -6  -6  -7  -6  -2   7  -6   2  -1  -6  -6  -5  -5  -5  -2    0   0   0   0   0   0   0   0   0   1  92   0   4   2   0   0   0   0   0   1  1.88 0.60
   87 Y    -5  -6  -7  -7  -1  -7  -7  -7  -5  -4   0  -7   2   9  -7  -6  -6  -3   2  -4    1   0   0   0   1   0   0   0   0   0   8   0   5  79   0   0   0   0   4   0  2.36 0.67
   88 E    -2  -3  -2   3  -6   1   6  -4  -4  -6  -6  -2  -5  -6  -4   0   0  -6  -5  -5    3   0   1  17   0   5  58   1   0   0   0   1   0   0   0   7   6   0   0   0  1.24 0.48
   89 G    -1   2  -2  -1  -3  -1   2   3   3  -4  -3   0  -3  -3  -3   2  -1  -1  -1  -1    4  11   1   2   0   2  15  21   7   0   1   5   0   1   0  18   4   1   2   4  0.33 0.21
   90 S    -3  -5  -3  -4  -5  -4  -4   1  -5  -5  -6  -4  -5  -6  -5   7  -2  -7  -6  -3    0   0   0   0   0   0   0  11   0   0   0   0   0   0   0  85   1   0   0   2  1.84 0.68
   91 E     0  -3  -3   1  -5  -1   7  -5  -2  -5  -3  -3  -4  -2  -5  -2  -2  -5   1  -2    7   1   0   7   0   1  68   0   1   0   2   0   0   2   0   1   3   0   4   2  1.31 0.51
   92 E    -5  -4  -4  -3  -8  -2   8  -6   1  -7  -7  -3  -6  -7  -5  -4  -5  -7  -6  -7    0   0   0   0   0   0  95   0   3   0   0   0   0   0   0   0   0   0   0   0  2.51 0.79
   93 A     1  -3   2   2  -1  -2  -2   2   4  -4  -3  -2  -2   1  -3   2   0   0   0  -3   10   0  12  11   1   1   1  17  11   0   1   1   1   8   0  14   5   1   3   1  0.34 0.20
   94 P    -3  -4  -2  -3  -5  -2  -1   5  -3  -5  -5  -2  -5  -5   5  -2  -1  -6  -5  -1    1   1   1   1   0   1   5  49   0   0   1   3   0   0  27   1   3   0   0   5  1.13 0.42
   95 G    -2  -1   0   2  -4   1   3   4   0  -3  -2  -2  -3  -3  -1  -1  -1  -3  -2  -2    2   3   4   9   0   5  22  32   2   1   4   1   1   1   3   3   3   0   1   3  0.43 0.23
   96 V     0  -3  -2  -4   0  -2  -2  -4   5   0  -2  -3  -2  -2  -4  -1   3  -1   0   4    8   1   2   0   2   1   2   1  14   2   1   0   1   1   0   3  19   1   3  38  0.59 0.29
   97 R     0   0  -2   1  -5   1   4  -3  -2  -4  -4   3  -3  -5   4   0  -1  -5  -4  -4   10   5   0   7   0   6  26   1   1   0   0  16   1   0  19   5   3   0   0   0  0.60 0.28
   98 G    -1  -6  -4  -5   3  -6  -6   7  -6  -7  -6  -5  -6  -7  -6  -4  -5  -6  -7  -6    3   0   0   0   7   0   0  88   0   0   0   0   0   0   0   0   0   0   0   0  2.26 0.66
   99 L    -5  -6  -7  -7   2  -6  -6  -7  -6  -1   6  -6   0  -1  -6  -6  -5  -5  -4  -2    0   0   0   0   4   0   0   0   0   2  90   0   1   2   0   0   0   0   0   1  1.80 0.58
  100 G    -3  -4   0   0  -5  -4  -4   7  -1  -7  -7  -3  -6  -7  -5  -1  -5  -6  -6  -6    1   0   4   6   0   0   1  80   1   0   0   1   0   0   0   4   0   0   0   0  1.82 0.57
  101 L    -4  -5  -6  -5  -2  -3  -1  -6  -4   5   4  -5   0  -1  -5  -5  -3  -1   0   2    0   0   0   0   1   1   6   0   0  36  37   0   1   2   0   0   0   1   3  13  0.90 0.36
  102 V    -4  -6  -6  -7  -4  -5  -6  -6  -6   4   4  -6  -2   4  -6  -5  -4   4  -2   1    0   0   0   0   0   0   0   0   0  25  39   0   0  19   0   0   0   6   0  10  1.09 0.40
  103 P    -1   0  -3  -1  -6  -2  -1  -3  -4  -6  -6   3  -4  -7   7  -1  -4  -7  -6  -6    5   4   1   4   0   1   4   1   0   0   0  18   0   0  56   4   0   0   0   0  1.50 0.51
  104 G    -2  -6  -4  -5  -7  -4  -6   8  -6  -6  -8  -5  -3  -7  -6  -3  -5  -7  -7  -6    2   0   0   0   0   0   0  95   0   0   0   0   1   0   0   1   0   0   0   0  2.44 0.71
  105 E    -1   4  -1  -1  -4   1   1  -3   0  -3  -3   3  -1  -4  -4   0   2  -4  -3  -1    4  24   2   3   0   7   9   1   2   1   1  19   1   0   0   4  16   0   1   5  0.46 0.25
  106 V    -3  -6  -3  -7  -2  -6  -6  -6  -7   4   0  -6  -1  -4  -6  -5  -4  -6  -5   7    1   0   2   0   1   0   0   0   0  17   7   0   1   0   0   0   0   0   0  71  1.57 0.54
  107 R    -2   4  -2  -1  -2   0   1  -2  -3   0   0   2  -2  -4  -3  -2   0  -5  -3   3    1  23   1   3   1   2   7   2   0   4   8  16   0   0   1   2   5   0   0  23  0.35 0.22
  108 R    -3   7  -4  -5  -7  -1  -3  -5   2  -6  -3   3  -5  -2  -2  -4  -5  -6  -3  -6    2  68   0   0   0   1   0   0   4   0   3  15   0   2   2   0   0   0   1   0  1.63 0.57
  109 F    -6  -7  -7  -7  -6  -7  -7  -7  -6   3   2  -7  -1   8  -7  -6  -5  -3  -1  -3    0   0   0   0   0   0   0   0   0  17  16   0   1  66   0   0   0   0   0   0  1.98 0.60
  110 R    -2   1  -1   2  -4   1   0  -3  -1  -6  -6  -1  -5  -6   7  -1  -1  -6  -5  -5    3   9   2  13   0   8   6   1   2   0   0   3   0   0  47   3   3   0   0   0  1.14 0.42
  111 A     3  -2  -2   2  -3  -2   1   3  -2  -4  -4  -1  -4  -5   1   1  -1  -5  -4  -3   24   2   1  13   0   1  11  21   1   0   1   2   0   0   8  12   2   0   0   1  0.46 0.25
  112 G    -1  -1  -1   1  -4  -1   1   2  -2  -2   1   1  -2  -2   1   0  -1  -4   1  -2    5   3   1  10   0   0  12  17   0   1  15  12   0   1   7   6   2   0   5   1  0.17 0.14
  113 R    -3   1  -4  -4  -6  -2  -3  -5  -3  -3  -5   7  -5  -6  -4   0   1  -6  -5   0    1   7   0   0   0   0   0   0   0   1   0  68   0   0   0   8   7   0   0   6  1.38 0.53
  114 V    -4  -5  -7  -7  -4  -6  -6  -7  -7   5   0  -5  -2  -4  -6  -5  -4  -6  -5   6    0   0   0   0   0   0   0   0   0  37   5   0   0   0   0   0   0   0   0  58  1.64 0.54
  115 P    -6  -7  -7  -6  -8  -6  -6  -7  -7  -8  -8  -6  -7  -9   9  -6  -6  -9  -8  -7    0   0   0   0   0   0   0   0   0   0   0   0   0   0 100   0   0   0   0   0  3.50 0.94
  116 Q    -6  -5  -3  -6  -8   3  -4  -7  11  -8  -8  -5  -6  -6  -7  -6  -6  -7  -3  -8    0   0   1   0   0  10   0   0  89   0   0   0   0   0   0   0   0   0   0   0  3.55 0.94
  117 M    -5  -6  -7  -8  -6  -5  -7  -8  -6   4  -2  -6  10  -4  -7  -6  -5  -6  -6  -1    0   0   0   0   0   0   0   0   0  22   0   0  76   0   0   0   0   0   0   3  2.82 0.84
  118 G    -4  -7  -5  -6  -7  -5  -6   8  -6  -8  -8  -6  -7  -8  -6  -4  -6  -7  -7  -8    0   0   0   0   0   0   0  99   0   0   0   0   0   0   0   0   0   0   0   0  2.70 0.76
  119 W    -8  -8  -9 -10  -8  -7  -8  -8  -8  -8  -7  -9  -7  -4  -9  -8  -8  13  -3  -8    0   0   0   0   0   0   0   0   0   0   0   0   0   0   0   0   0 100   0   0  5.25 1.22
  120 N    -6  -5   9  -3  -7  -5  -5  -5  -4  -8  -8  -5  -7  -8  -7  -2  -4  -8  -7  -8    0   0  98   0   0   0   0   0   0   0   0   0   0   0   0   2   0   0   0   0  3.05 0.88
  121 A    -1   1   0  -1  -3   4   0  -2  -2  -5  -4   0  -3  -5  -2   3   2  -4  -4  -3    4   9   4   3   0  22   5   2   1   0   1   6   0   0   1  26  14   0   0   1  0.53 0.30
  122 L     0  -5  -5  -6  -3  -4  -6  -6  -6   2   5  -5  -1  -3  -6  -4  -3  -5  -4   4    8   0   0   0   0   0   0   0   0   9  50   0   0   0   0   0   0   0   0  31  1.04 0.40
  123 E    -1   2   1   1  -3   1   3  -3   4  -2  -4   1  -2  -3  -3   0   0   0  -1  -2    4  10   8   9   0   7  18   0  11   2   1   9   1   1   0   8   7   2   1   2  0.34 0.19
  124 F    -2  -2  -3  -3  -1   2  -2  -3  -1   2   2  -2   0   4  -1  -3   0   0   0   1    2   1   1   1   1  12   1   2   2  17  19   2   1  18   4   1   5   1   3   8  0.27 0.18
  125 G     0   1   0  -2  -2   0   0   0   1  -2  -2   2  -1  -4   1   1   2  -4  -3  -1    8   8   3   1   0   4   6   6   4   1   4  15   1   0   7   9  17   0   0   6  0.19 0.14
  126 G    -1   4   0   0  -5   4   0   1   0  -4  -4   2  -2  -4   0  -1  -2  -5  -4  -3    4  22   3   4   0  21   5  10   2   1   1  14   1   1   5   4   1   0   0   1  0.48 0.25
  127 A     0  -2  -1   2  -4   0   1  -1  -2  -2   0  -1  -1  -3   5   0  -1  -5  -4  -3    8   2   3  14   0   3   9   5   0   1  13   4   1   1  27   6   2   0   0   1  0.44 0.22
  128 F    -1  -3   1   0   0  -2  -2  -1   5  -3  -3  -2  -3   4  -3   3  -1  -3   2  -4    4   0   5   7   3   1   2   4  18   1   1   2   0  21   1  23   3   0   5   0  0.54 0.29
  129 A     1   2  -1  -1   1  -1  -1  -1   3  -4  -3   0  -4  -4   5  -1  -2  -5  -1  -3   10  12   2   4   3   3   4   5   9   0   2   5   0   0  32   5   1   0   2   1  0.60 0.27
  130 P    -3  -5  -3  -3  -4  -4  -4   2  -3   1   4  -4   0  -2   3  -3  -3  -5  -4  -2    1   0   1   2   0   0   1  19   0   7  46   0   2   1  17   1   1   0   0   2  0.72 0.34
  131 L    -4  -1  -5  -5  -4  -4  -5  -5  -4   1   4  -5   2   4  -5  -4  -3   5   0   0    0   3   0   0   0   0   0   0   0   8  47   0   4  21   0   0   1   8   2   5  0.94 0.36
  132 T     0  -1   0   4  -4   1   3  -4  -3  -5  -5   0  -4  -5   1  -1  -2   6  -3  -4    8   3   4  25   0   5  23   0   0   0   0   5   0   0   8   4   2  11   1   0  0.70 0.32
  133 G    -2  -4   2   3  -6   0   2   5   0  -6  -6  -3  -5  -6  -3  -2  -3  -6  -6  -6    1   0   8  17   0   3  12  51   2   0   0   0   0   0   1   2   1   0   0   0  1.09 0.41
  134 R     1  -1  -1   1  -3  -1   2   1  -1  -5  -4  -2  -4  -5   2   3   0  -5  -4  -4   14   3   1   6   0   1  16   9   2   0   1   1   0   0  10  30   5   0   0   0  0.47 0.27
  135 H    -3   3  -3  -3  -3  -2  -3  -6   5  -5  -5   1  -3   1  -6  -3  -4   5   7  -5    2  18   1   1   1   1   1   0  14   0   0   9   1   6   0   1   0   9  35   0  1.21 0.46
  136 F    -1  -6  -6  -7  -4  -6  -6  -6  -5  -2  -2  -6   1   6  -6  -5  -3  -4   3   5    4   0   0   0   0   0   0   0   0   0   2   0   3  38   0   0   1   0   8  43  1.37 0.50
  137 Y    -7  -7  -7  -8  -7  -6  -7  -8  -3  -6  -6  -7  -6  -2  -8  -7  -7  -2  10  -6    0   0   0   0   0   0   0   0   0   0   0   0   0   0   0   0   0   0 100   0  3.67 0.99
  138 F    -7  -7  -7  -8  -7  -7  -8  -8  -3  -5  -4  -7  -4   9  -8  -6  -6  -3   4  -5    0   0   0   0   0   0   0   0   0   0   0   0   0  89   0   0   0   0  10   0  2.96 0.80
  139 A    -1  -7  -7  -6  -5  -6  -7  -7  -7  -1  -3  -6  -3  -5  -6  -6  -3  -7  -5   8    4   0   0   0   0   0   0   0   0   0   0   0   0   0   0   0   1   0   0  95  2.27 0.72
  140 N    -7  -5  -1  -6  -8  -4  -5  -7  11  -8  -8  -6  -7  -6  -7  -6  -7  -7  -3  -8    0   0   2   0   0   0   0   0  98   0   0   0   0   0   0   0   0   0   0   0  3.99 1.02
  141 S    -3  -5  -4  -5  -5  -4  -4  -4  -5  -7  -7  -5  -6  -7  -5   8  -2  -7  -6  -6    0   0   0   0   0   0   0   0   0   0   0   0   0   0   0  98   1   0   0   0  2.37 0.81
  142 Y    -7  -6  -7  -8  -7  -6  -7  -8  -3  -6  -5  -7  -5   3  -8  -6  -6  -2  10  -6    0   0   0   0   0   0   0   0   0   0   0   0   0  10   0   0   0   0  90   0  3.25 0.90
  143 Y     1  -1  -5  -6  -3  -5  -5  -4   5  -5  -4  -2  -3   2  -6  -4  -5  -2   8  -3   12   3   0   0   0   0   0   2  14   0   0   3   0   6   0   0   0   0  58   2  1.74 0.59
  144 G     4  -5  -5  -5   2  -4  -4  -2  -5  -1   1  -4  -2  -2  -3  -3  -3  -5  -2   5   32   0   0   0   4   0   1   3   0   1  15   0   0   1   1   1   0   0   1  40  0.75 0.36
  145 P    -1  -1  -1   1  -4   1   1  -4  -1  -4  -2   2  -2  -5   6  -3  -2  -6  -5   0    6   3   2   8   0   5   9   0   1   0   4  11   1   0  38   1   2   0   0   8  0.76 0.32
  146 L     3  -2  -3  -1  -1  -1   1  -2  -2  -2  -2  -2  -2  -3   4  -1   1  -4   2  -1   25   2   0   3   2   2   8   2   0   1   4   1   0   0  23   3  11   0   7   4  0.44 0.25
  147 T     0   0   0   4  -3   0   3  -2  -2  -2  -4   0  -2  -4  -2   0   0  -2  -4  -1   10   4   4  28   0   3  20   2   0   2   1   6   1   0   1   5   7   1   0   6  0.43 0.23
  148 P    -1  -2  -1   5  -6   0   3  -3  -3  -6  -6   0  -5  -6   5  -2  -3  -6  -5  -5    6   2   2  32   0   3  21   1   0   0   0   4   0   0  24   2   1   0   0   0  0.98 0.39
  149 Y     1  -1   0   1  -3   0   3  -1   1  -4  -4  -1  -3  -2   2   1  -1   6  -2  -3   11   3   4   9   0   3  21   4   3   1   1   2   0   1   8  12   2  11   1   2  0.39 0.22
  150 S     0  -2   0   2  -1   0   0  -2  -1   1  -1  -1  -1  -3  -2   2   1  -2  -1   2    8   1   3  16   1   4   4   1   1   9   4   2   1   0   1  16   9   0   2  16  0.16 0.14
  151 L    -1  -3  -5  -5  -4  -5  -5  -5  -3   4   2  -4  -1  -3  -5  -3  -2  -5  -3   5    5   1   0   0   0   0   0   0   1  23  17   1   0   0   0   1   2   0   0  47  0.95 0.38
  152 G     4  -4  -3  -5  -2  -3  -4   0  -4   0   1  -3  -2  -4  -4  -1   0  -5  -4   3   45   0   1   0   0   0   0   6   0   6  11   0   1   0   0   4   7   0   0  19  0.61 0.32
  153 K     5  -3  -4  -4  -2  -3  -2   0  -4  -3  -3  -1  -3  -5  -4   0   4   1  -4  -2   44   1   0   0   1   1   1   7   0   1   2   3   0   0   0   6  29   2   0   2  0.79 0.39
  154 G     2  -2  -3  -3   2  -3  -2   0  -4  -2  -3  -3  -2  -3  -4   1   5   2  -3   1   19   2   0   1   4   0   2   6   0   2   1   1   0   1   0  10  38   3   1  10  0.57 0.32
  155 E     1  -1  -2   0   5  -2   0  -4  -3  -4  -4  -3  -4  -5  -4   2   5  -6  -5  -1   10   3   1   6  11   1   7   0   0   0   0   0   0   0   0  12  43   0   0   4  0.79 0.38
  156 Y    -3  -4  -1   5  -3  -3   3  -4   4  -5  -5  -3  -4  -1  -4  -2   1  -2   5  -3    1   0   2  29   1   0  17   0  12   0   0   0   0   2   0   1   9   0  23   1  0.92 0.40
  157 E    -3  -5  -5  -3  -6  -4  -2   3   4  -5  -5  -4  -3  -1  -6  -4  -5  -2   9  -5    2   0   0   1   0   0   3  19  10   0   0   0   1   0   0   1   0   0  61   0  1.84 0.60
  158 G    -3  -5  -1   1  -4  -4  -2   6  -1  -3  -6  -4  -5  -5  -2   1  -2  -6  -3  -5    1   0   2   7   0   0   2  66   1   2   0   0   0   0   2  11   2   0   1   0  1.28 0.45
  159 T    -1  -1  -2  -1  -1   2   2  -2   0   1  -1  -1  -1  -1  -3  -1   1  -4  -1   2    4   2   0   3   1  13  17   4   2   8   4   2   1   3   0   2  12   0   1  22  0.22 0.19
  160 P    -2   2  -1   2  -2   1   3  -4   1  -4  -4   0  -3  -4   4  -1   2  -5  -3  -3    2  11   3  10   1   5  18   0   4   0   1   4   0   0  20   3  17   0   0   1  0.51 0.26
  161 F    -5  -6  -7  -7  -3  -7  -7  -7  -5   3  -2  -7  -2   8  -7  -6  -4  -4  -1   3    0   0   0   0   0   0   0   0   0  15   2   0   1  60   0   0   0   0   0  22  1.78 0.57
  162 T     1  -4  -3  -1   4  -3  -3  -4   4   0  -3  -4  -3  -4   3  -2   4   0  -4   2   11   0   0   4   8   1   1   0  10   6   1   0   0   0  13   1  29   1   0  14  0.58 0.32
  163 A     6  -5  -4  -5   2  -4  -4   1  -5  -4  -5  -4  -4  -6  -4   2  -1  -6  -5  -1   64   0   0   0   4   0   0   8   0   0   0   0   0   0   0  17   2   0   0   4  1.19 0.49
  164 L     5  -5  -4  -5  -4  -4  -4  -3  -5   2  -2  -4   1  -3  -4   2  -3  -6  -5   1   54   0   0   0   0   0   0   0   0  11   3   0   3   1   0  17   0   0   0  11  0.92 0.42
  165 L    -2  -6  -6  -7  -4  -6  -6  -7  -6   4   1  -6  -2  -3  -6  -5  -3  -6  -2   6    2   0   0   0   0   0   0   0   0  25   9   0   0   1   0   0   1   0   1  61  1.43 0.50
  166 A     4  -1  -2  -3  -2   1   4   2   0  -3  -4  -2  -4  -4  -4  -1  -3   2  -4  -3   33   2   1   0   1   6  25  17   2   2   1   0   0   0   0   4   0   3   0   1  0.61 0.33
  167 K    -3   6   1  -3  -3   1  -2  -5   2  -5  -5   4  -4  -5  -5  -2  -4  -2  -2  -5    1  41   8   1   1   7   1   0   5   0   0  29   0   0   0   3   0   1   1   0  1.10 0.43
  168 E    -3  -3   0   5  -6  -2   1   5  -5  -6  -7  -2  -6  -7  -5  -3  -4  -7  -6  -6    1   1   4  38   0   1   8  44   0   0   0   2   0   0   0   0   0   0   0   0  1.32 0.47
  169 N    -3  -1   8  -3  -6  -2  -4  -4  -2  -7  -6  -3  -6  -7   1  -2  -3  -8  -6  -7    1   3  81   0   0   1   0   1   1   0   1   1   0   0   6   2   1   0   0   0  2.15 0.70
  170 L    -4  -6  -6  -6  -2  -5  -6  -7  -6   4   3  -5  -1  -3  -6  -5  -3  -6  -4   5    0   0   0   0   0   0   0   0   0  25  29   0   1   0   0   0   1   0   0  43  1.21 0.44
  171 L    -2  -5  -5  -6  -1  -2  -5  -5   0  -1   0  -5   4   7  -6  -2  -3   4   4   0    3   0   0   0   1   2   0   0   2   3   6   0  10  43   0   3   2   6  11   7  1.06 0.40
  172 A     6  -5  -5  -5  -5  -5  -5   4  -6  -6  -6  -5  -5  -6  -5  -2  -4  -6  -6  -4   75   0   0   0   0   0   0  25   0   0   0   0   0   0   0   0   0   0   0   0  1.70 0.61
  173 P    -1  -5  -4  -5   5  -4  -5  -5  -5  -1  -3  -4   3  -2  -1  -2   5  -5  -4   3    4   0   0   0  13   0   0   0   0   3   1   0   8   2   3   1  40   0   0  24  0.99 0.43
  174 Q    -6  -4  -5  -5  -8   9  -3  -7  -4  -8  -7  -3  -5  -8  -6  -5  -5  -7  -6  -7    0   0   0   0   0 100   0   0   0   0   0   0   0   0   0   0   0   0   0   0  3.20 0.98
  175 F    -7  -7  -8  -8  -3  -8  -8  -8  -6  -5  -4  -8  -4  10  -6  -6  -7  -3  -1  -5    0   0   0   0   1   0   0   0   0   0   0   0   0  98   0   0   0   0   0   0  3.26 0.87
  176 H    -7  -5  -4  -6  -8  -4  -5  -7  11  -8  -8  -6  -7  -6  -7  -6  -7  -7  -3  -8    0   0   0   0   0   0   0   0 100   0   0   0   0   0   0   0   0   0   0   0  4.13 1.04
  177 P    -6  -7  -7  -6  -8  -6  -6  -7  -7  -8  -8  -6  -7  -9   9  -6  -5  -9  -8  -6    0   0   0   0   0   0   0   0   0   0   0   0   0   0  99   0   0   0   0   1  3.43 0.93
  178 E    -5  -4  -5  -3  -8  -2   8  -7  -4  -8  -7  -4  -7  -8  -6  -5  -5  -7  -7  -7    0   0   0   0   0   0 100   0   0   0   0   0   0   0   0   0   0   0   0   0  2.73 0.84
  179 K    -5  -1  -4  -5  -8  -3  -3  -6  -5  -7  -7   8  -6  -8  -5  -5  -5  -8  -6  -7    0   1   0   0   0   0   0   0   0   0   0  99   0   0   0   0   0   0   0   0  2.68 0.81
  180 S    -3  -5  -4  -5  -5  -4  -4  -5  -5  -7  -7  -5  -6  -7  -5   8  -3  -7  -6  -6    0   0   0   0   0   0   0   0   0   0   0   0   0   0   0 100   0   0   0   0  2.46 0.82
  181 G     0  -4  -3  -4  -5   3  -3   5   3  -6  -6  -4  -5  -6  -5   3  -3  -6  -5  -6    7   0   0   0   0  13   0  51   6   0   0   0   0   0   0  24   0   0   0   0  1.20 0.46
  182 K     1   1   0   3  -4   1   2  -3   0  -3  -4   1  -3  -4   0   0   1  -5  -4  -2   13   8   4  18   0   7  17   1   3   0   0   8   0   0   4   5   9   0   0   3  0.34 0.19
  183 A     3  -2  -1  -2  -2  -3  -3  -3  -2   1   0  -2   0  -2  -2  -2   1   1  -1   3   33   2   3   2   0   0   0   0   1   8   8   2   2   1   1   1  10   2   2  22  0.36 0.23
  184 G    -4  -7  -5  -6  -7  -6  -6   8  -6  -8  -8  -6  -7  -7  -6  -4  -6  -7  -7  -8    0   0   0   0   0   0   0 100   0   0   0   0   0   0   0   0   0   0   0   0  2.72 0.75
  185 L    -1  -4  -7  -7  -5  -4  -5  -7  -6   0   6  -6   4  -3  -5  -5  -4  -5  -4  -2    6   1   0   0   0   1   0   0   0   2  79   0   9   0   0   0   0   0   0   1  1.47 0.51
  186 A     1   4  -1  -3  -4   5  -1  -3   0  -5  -4   4  -4  -6  -4  -1  -1  -5  -4  -3   12  23   2   1   0  26   2   1   2   0   1  22   0   0   0   4   3   0   0   1  0.77 0.35
  187 F    -4  -5  -6  -6  -2  -5  -6  -6  -6   5   4  -5   4  -1  -6  -4  -1  -5  -4   1    0   0   0   0   1   0   0   0   0  39  39   0   9   2   0   0   3   0   0   8  1.10 0.39
  188 L    -5  -6  -7  -7  -5  -6  -7  -7  -6   0   7  -6   0  -2  -7  -6  -5  -2  -1  -2    0   0   0   0   0   0   0   0   0   4  90   0   1   1   0   0   0   0   2   1  1.82 0.58
  189 A     0   3  -1  -1  -5   1   2  -2  -1  -5  -4   4  -4  -4  -3   1  -1  -5  -3  -4    9  16   1   3   0   6  16   3   1   0   0  30   0   0   0   9   3   0   0   0  0.58 0.27
  190 L     0  -1   8  -2  -4  -2  -3  -4  -3  -6  -4  -3  -5  -5  -5  -2  -3  -7  -5  -6    9   4  78   0   0   1   1   0   0   0   2   0   0   1   0   1   1   0   0   0  1.94 0.62
  191 A    -3  -6  -6  -7  -6  -6  -7  -6  -5  -3  -3  -6  -4   9  -7  -6  -6   2   0  -5    2   0   0   0   0   0   0   0   0   1   2   0   0  89   0   0   0   3   2   0  2.69 0.71
  192 R     0   2  -4  -4  -2  -2  -3   0  -3   0   3  -1   0  -2  -4  -2  -2  -2  -3   2    6  12   0   0   1   1   0   9   0   4  38   4   1   0   0   2   1   0   0  20  0.34 0.20
  193 R    -1   5   2   0  -5   0   3  -2   0  -5  -4   2  -4  -5  -4  -1  -2  -5  -4  -4    6  32  12   3   0   2  25   2   2   0   0  12   0   0   0   2   2   0   0   0  0.67 0.27
  194 Y    -5  -6  -6  -7  -6  -5  -6  -6   1  -5  -4  -6  -4   4  -7  -4  -5  12   5  -5    0   0   0   0   0   0   0   0   3   0   0   0   0  16   0   1   0  65  15   0  2.95 0.57
  195 F    -2  -4  -4  -5  -2  -4  -4  -5  -4   2   3  -4   1   3  -4  -3  -2  -3  -1   4    0   0   0   0   0   0   0   0   0   5  32   0   3  16   0   0   0   0   0  44  0.60 0.17

                      K         Lambda
Standard Ungapped    0.1409     0.3220
Standard Gapped      0.0704     0.2670
PSI Ungapped         0.2296     0.3154
PSI Gapped           0.0704     0.2670
