
Last position-specific scoring matrix computed, weighted observed percentages rounded down, information per position, and relative weight of gapless real matches to pseudocounts
            A   R   N   D   C   Q   E   G   H   I   L   K   M   F   P   S   T   W   Y   V   A   R   N   D   C   Q   E   G   H   I   L   K   M   F   P   S   T   W   Y   V
    1 R    -3   4  -2  -3  -5   3  -1  -4  -2  -5  -4   6  -3  -5  -3  -2  -2  -5  -3  -4    0  28   0   0   0  13   0   0   0   0   0  59   0   0   0   0   0   0   0   0  1.12 0.28
    2 E    -3  -2  -2   0  -6   1   7  -4  -2  -6  -5  -1  -4  -6  -3  -2  -3  -5  -4  -5    0   0   0   2   0   2  95   0   0   0   0   0   0   0   0   0   0   0   0   0  1.76 0.39
    3 L     0  -3  -4  -5  -2  -3  -4  -4  -4   1   3  -3   7  -1  -1  -3  -2  -3  -3   1    8   0   0   0   1   0   0   0   0   6  22   0  47   2   3   1   0   0   0  11  0.80 0.25
    4 R    -4   8  -3  -4  -6  -1  -2  -5  -1  -6  -5   0  -4  -5  -5  -3  -4  -5  -4  -5    0  98   0   0   0   0   0   0   1   0   0   1   0   0   0   0   0   0   0   0  2.06 0.43
    5 L    -3  -5  -5  -5  -3  -4  -5  -5  -5   6   2  -4   1   0  -5  -4  -2  -4  -3   2    0   0   0   0   0   0   0   0   0  69  17   0   1   4   0   0   0   0   0   8  1.02 0.27
    6 L    -3  -4  -6  -6  -3  -4  -5  -6  -5   0   6  -5   0  -1  -5  -4  -3  -4  -3   0    0   0   0   0   0   0   0   0   0   1  95   0   0   1   0   0   0   0   0   3  1.33 0.32
    7 M    -3  -4  -5  -5  -3  -3  -4  -5  -4   2   2  -4   8   2  -5  -4  -3  -3  -2   2    0   0   0   0   0   0   0   0   0  11  19   0  48   9   0   0   0   0   0  12  0.99 0.28
    8 L    -3  -4  -5  -6  -3  -4  -5  -6  -5   0   5  -4   0  -1  -5  -4  -3  -4  -3   2    0   0   0   0   0   0   0   0   0   1  82   0   0   0   0   0   0   0   0  18  1.11 0.29
    9 G    -2  -5  -3  -4  -3  -4  -4   7  -4  -6  -6  -4  -5  -6  -5  -3  -4  -5  -5  -6    0   0   0   0   1   0   0  99   0   0   0   0   0   0   0   0   0   0   0   0  2.07 0.40
   10 L    -4  -4  -6  -6  -3  -4  -5  -6  -5   0   6  -5   0  -2  -5  -5  -3  -4  -3   0    0   0   0   0   0   0   0   0   0   0  98   0   0   0   0   0   0   0   0   2  1.42 0.35
   11 D    -4  -4  -1   8  -6  -1  -1  -4  -4  -6  -6  -3  -6  -6  -4  -3  -4  -7  -6  -6    0   0   0  98   0   2   0   0   0   0   0   0   0   0   0   0   0   0   0   0  2.21 0.45
   12 N     0  -3   8  -1  -5  -2  -3  -3  -2  -5  -6  -3  -4  -5  -2  -1  -2  -6  -5  -5   10   0  87   0   0   0   0   0   0   0   0   0   0   0   2   1   0   0   0   0  1.78 0.42
   13 A     6  -4  -4  -4  -3  -3  -3  -1  -4  -4  -4  -3  -3  -5  -3   0  -2  -5  -4  -2   92   0   0   0   0   0   0   3   0   0   0   0   0   0   0   5   0   0   0   0  1.35 0.37
   14 G    -2  -5  -3  -3  -5  -4  -4   7  -4  -6  -6  -4  -5  -6  -5  -3  -4  -5  -6  -6    0   0   0   1   0   0   0  99   0   0   0   0   0   0   0   0   0   0   0   0  2.09 0.41
   15 K    -3   1  -3  -3  -6  -1  -2  -4  -3  -5  -5   8  -4  -6  -3  -3  -3  -6  -4  -5    0   2   0   0   0   0   0   0   0   0   0  98   0   0   0   0   0   0   0   0  1.84 0.44
   16 T    -2  -4  -2  -4  -3  -1  -3  -4  -4  -3  -4  -3  -3  -5  -4   0   8  -5  -4  -3    0   0   0   0   0   2   0   0   0   0   0   0   0   0   0   2  96   0   0   0  1.78 0.45
   17 T    -2  -4  -2  -3  -3  -3  -3  -4  -4  -3  -4  -3  -3  -5  -1   0   7  -5  -4  -2    0   0   0   0   0   0   0   0   0   0   0   0   0   0   2   4  94   0   0   0  1.69 0.44
   18 I    -3  -5  -5  -5   1  -5  -5  -6  -5   7   1  -5  -1  -1  -3  -4  -1  -4  -3   2    0   0   0   0   4   0   0   0   0  77  10   0   0   1   1   0   2   0   0   6  1.15 0.31
   19 L    -3  -4  -5  -5  -2  -4  -5  -5  -5   1   5  -4   1  -2  -5  -4  -2  -4  -3   3    0   0   0   0   1   0   0   0   0   2  68   0   1   0   0   0   0   0   0  29  0.95 0.27
   20 K    -3   2  -2  -3  -5   0  -1  -4  -2  -4  -3   7  -1  -3  -3  -2  -2  -4   3  -4    0   7   0   0   0   1   0   0   0   0   2  77   1   0   0   0   1   0  11   0  1.23 0.34
   21 K    -1   4  -1  -3  -1   2  -1  -3   0  -4  -3   6  -2  -5  -3   0  -2  -4  -3  -4    4  19   1   0   1   9   0   0   2   0   1  56   0   0   0   5   0   0   0   0  0.84 0.26
   22 F    -3  -4  -5  -5  -3  -4  -5  -5  -4   3   4  -4   0   4  -5  -3  -2  -2  -1   0    0   0   0   0   0   0   0   0   0  17  52   0   0  25   0   2   1   0   0   2  0.79 0.23
   23 N     2  -2   5  -2   2  -1  -2  -2  -2  -2  -1   1   3  -3  -3   1  -1  -4  -3  -2   21   0  33   0   5   2   0   0   0   1   3  11  13   0   0  10   0   0   0   0  0.47 0.21
   24 G    -1  -3   2   1  -4  -2  -1   5  -2  -4   0  -1  -1  -4  -3   1  -2  -4  -4  -3    2   0  12   7   0   0   3  47   0   0  11   3   1   0   0  13   0   0   0   0  0.58 0.19
   25 E    -3  -2  -2   0  -6   1   7   1  -2  -6  -5   0  -4  -6  -3  -2  -3  -5  -4  -5    0   1   0   2   0   3  77  13   0   0   0   4   0   0   0   1   0   0   0   0  1.32 0.36
   26 D    -4  -3   0   7  -6  -2   3  -3  -3  -5  -6  -2  -5  -6   1  -1  -3  -6  -5  -5    0   0   2  70   0   0  18   1   0   0   0   0   0   0   6   2   0   0   0   0  1.45 0.35
   27 V    -2  -4  -5  -5  -3  -4  -4  -5  -3   6   0  -4  -1  -2  -1  -3   1  -2  -3   4    0   0   0   0   0   0   0   0   1  54   3   0   0   0   3   0   7   0   0  30  0.89 0.27
   28 D    -1  -2   3   2  -3  -1  -1  -2   0  -2  -3  -1   0  -4  -3   3   2  -4  -3   1    1   1  15  15   0   1   2   1   2   0   1   1   3   0   0  28  17   0   0  11  0.37 0.17
   29 T    -1  -2  -1  -1  -3   1   0  -2   3  -2  -3  -1  -3  -4  -3   2   5  -4  -3  -1    1   1   2   1   0   5   6   2  10   1   1   3   0   0   0  15  51   0   0   3  0.62 0.25
   30 I    -3  -4  -4  -5  -3  -4  -4  -5  -5   6  -1  -4  -1  -2  -4  -3   2  -5  -3   4    0   0   0   0   0   0   0   0   0  56   1   0   0   0   0   0  17   0   0  26  0.98 0.30
   31 S     0  -3  -2  -2  -3   0  -1  -3  -3   1  -3  -1   0  -4  -2   5   3  -4  -3  -2    4   0   0   0   0   4   3   0   0  12   0   2   3   0   1  52  21   0   0   0  0.62 0.26
   32 P    -2  -5  -5  -4  -6  -4  -4  -5  -5  -6  -6  -4  -5  -7   9  -3  -4  -7  -6  -5    3   0   0   0   0   0   0   0   0   0   0   0   0   0  97   0   0   0   0   0  2.90 0.53
   33 T    -3  -4  -3  -4  -4  -3  -4  -4  -4  -3  -4  -3  -3  -5  -4  -1   8  -5  -4  -3    0   0   0   0   0   0   0   0   0   0   0   0   0   0   0   0 100   0   0   0  1.98 0.50
   34 L    -2  -1  -4  -4  -3   4  -2  -5   0   2   4  -3   0  -1  -4  -3  -2  -3  -3  -1    3   2   0   0   0  22   0   0   2  11  57   0   0   2   0   0   0   0   0   1  0.65 0.25
   35 G    -2  -5  -3  -4  -5  -4  -5   7  -5  -6  -6  -4  -5  -6  -5  -3  -4  -5  -6  -6    0   0   0   0   0   0   0 100   0   0   0   0   0   0   0   0   0   0   0   0  2.17 0.44
   36 F    -5  -6  -6  -6  -5  -6  -6  -6  -4  -3  -2  -6  -3   9  -7  -5  -5  -2   1  -4    0   0   0   0   0   0   0   0   0   0   0   0   0 100   0   0   0   0   0   0  2.56 0.52
   37 N    -3  -2   8   0  -5   0  -2  -3  -1   1  -4  -2  -4  -5  -4  -1  -2  -6  -4  -4    0   0  76   2   0   4   1   0   1  12   0   0   0   0   0   3   1   0   0   0  1.42 0.38
   38 I    -3  -5  -6  -6  -3  -5  -5  -6  -6   7   0  -5  -1  -2  -5  -5  -3  -5  -4   3    0   0   0   0   0   0   0   0   0  85   1   0   0   0   0   0   0   0   0  14  1.55 0.38
   39 K    -3   0  -2  -2  -5   2   2  -4  -1  -5  -5   6  -3  -5  -3  -2  -1  -5  -3  -4    0   1   1   1   0   6  13   0   1   0   0  72   0   0   0   1   4   0   1   0  1.14 0.34
   40 T     0  -3  -1  -3  -3  -3  -3  -3  -4  -3  -3  -3  -3  -4  -2   3   6  -5  -4  -2    4   0   2   0   0   0   0   0   0   0   1   0   0   0   1  26  66   0   0   0  1.14 0.36
   41 L    -2  -4  -5  -5  -2  -4  -4  -5  -4   3   3  -4   2   2  -4  -4  -2  -3  -2   4    0   0   0   0   0   0   0   0   0  22  34   0   4   9   0   0   0   0   0  30  0.67 0.21
   42 E    -1  -1   0   2  -4   3   4  -3   1  -1  -2   0  -1  -4  -3   0   0  -3  -2  -1    4   0   2  11   0  15  36   0   3   4   2   2   2   0   0   5   7   0   1   6  0.41 0.17
   43 H    -2  -1  -2  -4   0  -1  -3  -4   6  -3  -3  -3  -3   3  -4   1  -2  -1   6  -3    3   2   1   0   3   2   0   0  27   0   1   0   0  11   0  14   2   0  33   1  0.90 0.28
   44 R    -2   2   2   2  -4   2   2   0   2  -4  -3   3  -1  -4  -3   0  -2  -4  -3  -4    1  14  10  14   0  10  13   6   5   0   1  21   2   0   0   4   0   0   0   0  0.41 0.15
   45 G    -2  -2   3  -1  -5  -2  -2   6  -3  -6  -5   0  -4  -5  -4  -1  -3  -5  -5  -5    1   1  14   3   0   1   2  70   0   0   0   5   0   0   0   3   0   0   0   0  1.19 0.29
   46 F    -4  -4  -5  -5   1  -4  -5  -5  -2   1  -1  -4   0   6  -5  -4  -3   1   7  -1    0   1   0   0   3   0   0   0   0  10   3   0   2  39   0   0   0   1  39   3  1.22 0.31
   47 K    -2   2   0  -2  -4   1  -1  -3  -1  -4  -4   6  -2  -5  -3   1   2  -5  -3  -3    1   8   3   0   0   3   1   0   1   0   1  56   0   0   0  10  14   0   0   1  0.77 0.26
   48 L    -3  -4  -5  -6  -3  -4  -5  -6  -5   0   6  -4   1   3  -5  -4  -3  -3  -2  -1    0   0   0   0   0   0   0   0   0   3  82   0   1  12   0   1   0   0   0   1  1.13 0.31
   49 N    -4  -3   8  -1  -5  -1  -3  -3  -1  -5  -5  -2  -4  -5  -4  -1   2  -6  -4  -4    0   0  83   1   0   1   0   1   1   0   0   1   0   0   0   1  11   0   0   1  1.73 0.43
   50 I    -2  -4  -5  -5  -1  -4  -5  -5  -5   5   0  -4   3   0  -4  -3  -1  -4  -3   5    1   0   0   0   1   0   0   0   0  39   1   0   8   3   0   0   1   0   0  46  0.90 0.27
   51 W    -6  -6  -7  -8  -6  -5  -6  -4  -6  -6  -5  -6  -5  -2  -7  -6  -6  13  -1  -6    0   0   0   0   0   0   0   1   0   0   0   0   0   0   0   0   0  99   0   0  4.43 0.71
   52 D    -4  -4  -1   8  -6  -3  -1  -4  -4  -6  -6  -3  -6  -6  -4  -3  -4  -7  -6  -6    0   0   0 100   0   0   0   0   0   0   0   0   0   0   0   0   0   0   0   0  2.35 0.49
   53 V    -3  -5  -5  -5  -3  -5  -5  -6  -5   5  -1  -5  -1  -3  -5  -4  -2  -5  -3   6    0   0   0   0   0   0   0   0   0  34   1   0   0   0   0   0   0   0   0  65  1.24 0.34
   54 G    -2  -5  -3  -4  -5  -4  -5   7  -5  -6  -6  -4  -5  -6  -5  -3  -4  -5  -6  -6    0   0   0   0   0   0   0 100   0   0   0   0   0   0   0   0   0   0   0   0  2.17 0.44
   55 G    -2  -5  -3  -4  -5  -4  -5   7  -5  -6  -6  -4  -5  -6  -5  -3  -4  -5  -6  -6    0   0   0   0   0   0   0 100   0   0   0   0   0   0   0   0   0   0   0   0  2.17 0.44
   56 Q    -3  -2  -3  -3  -6   9  -1  -5  -2  -6  -5  -1  -3  -6  -4  -3  -4  -5  -4  -5    1   0   0   0   0  99   0   0   0   0   0   0   0   0   0   0   0   0   0   0  2.34 0.56
   57 K    -2   4  -1   1  -5   2  -1  -3  -2  -5  -4   5  -3  -5  -3  -1  -1   0  -3  -4    1  24   0  10   0   7   1   0   0   0   0  50   0   0   0   1   4   2   0   0  0.86 0.27
   58 S     0  -1  -1  -2  -3  -1  -2  -3  -3  -3  -4   3  -3  -4  -3   3   4  -4  -3  -2    8   1   0   0   0   1   0   0   0   1   0  25   0   0   0  30  34   0   0   0  0.67 0.26
   59 L    -3  -5  -5  -5  -3  -4  -5  -6  -5   5   4  -5   0  -2  -5  -4  -3  -4  -3   0    0   0   0   0   0   0   0   0   0  49  51   0   0   0   0   0   0   0   0   1  1.11 0.31
   60 R    -4   8  -3  -4  -6  -2  -3  -5  -3  -6  -5   0  -4  -6  -5  -3  -4  -6  -4  -5    0 100   0   0   0   0   0   0   0   0   0   0   0   0   0   0   0   0   0   0  2.27 0.50
   61 S     0  -3  -2  -2  -4  -2  -2  -3  -3  -4  -4  -2  -4  -5   6   4   1  -5  -4  -3    6   0   0   1   0   1   1   0   0   0   0   1   0   0  42  42   6   0   0   0  1.16 0.32
   62 Y    -4  -4  -5  -6  -5  -4  -5  -6   0  -3   0  -5  -3   2  -6  -4  -4  -1   9  -4    0   0   0   0   0   0   0   0   1   0  10   0   0   5   0   0   0   0  85   0  2.18 0.48
   63 W    -6  -6  -7  -8  -6  -5  -6  -6  -6  -6  -5  -7  -5  -2  -7  -6  -6  13  -1  -6    0   0   0   0   0   0   0   0   0   0   0   0   0   0   0   0   0 100   0   0  4.55 0.72
   64 R    -3   7  -3  -3  -6   0  -2  -4  -2  -5  -5   3  -4  -5  -1  -2  -3  -5  -4  -5    0  76   0   1   0   2   1   0   1   0   0  15   0   0   3   3   0   0   0   0  1.50 0.37
   65 N    -4  -3   8  -1  -2  -2  -3  -3   4  -6  -6  -1  -5  -5  -5  -1  -3  -6  -2  -5    0   0  83   0   1   0   0   0  10   0   0   4   0   0   0   1   0   0   1   0  1.81 0.44
   66 Y    -5  -5  -5  -6  -5  -4  -5  -6  -1  -4  -4  -5  -4   1  -6  -5  -5  -1  10  -4    0   0   0   0   0   0   0   0   0   0   0   0   0   1   0   0   0   0  99   0  2.80 0.57
   67 F    -5  -5  -6  -6  -5  -5  -6  -6  -3  -3  -1  -6  -2   8  -6  -5  -5  -1   4  -3    0   0   0   0   0   0   0   0   0   0   4   0   0  85   0   0   0   0  11   0  2.09 0.44
   68 E    -2  -2  -2   2  -6   3   7  -3  -2  -5  -5  -1  -4  -6  -2  -2  -3  -5  -4  -5    2   0   0   7   0  10  77   2   0   0   0   0   0   0   1   1   0   0   0   0  1.38 0.37
   69 S    -1  -1   4  -1   0   3   0  -2  -1  -4  -4   2  -3  -4  -3   3   0  -4  -3  -3    3   1  29   1   3  15   5   1   1   0   0  13   0   0   0  23   3   0   0   1  0.52 0.20
   70 T    -3  -4  -1  -4  -3  -3  -3  -4  -4  -3  -4  -3  -3  -5  -4  -1   8  -5  -4  -1    0   0   2   0   0   0   0   0   0   1   0   0   0   0   0   0  95   0   0   3  1.78 0.47
   71 D    -4  -4   0   8  -6   2   0  -4  -2  -6  -6  -3  -5  -6  -4  -3  -3  -7  -5  -6    0   0   1  87   0   9   2   0   1   0   0   0   0   0   0   0   0   0   0   0  1.90 0.43
   72 G     3  -4  -3  -3   1  -3  -3   5  -4  -1  -2  -3  -2  -4  -3  -1   0  -4  -4   1   30   0   0   0   3   0   0  43   0   4   3   0   0   0   0   0   5   0   0  11  0.62 0.21
   73 L    -3  -4  -5  -6  -3  -4  -5  -6  -5   3   6  -4   0  -2  -5  -4  -3  -4  -3   1    0   0   0   0   0   0   0   0   0  13  81   0   0   0   0   0   0   0   0   6  1.14 0.31
   74 I    -3  -5  -5  -5  -2  -5  -5  -6  -5   6   0  -5  -1  -2  -5  -4  -3  -5  -3   4    1   0   0   0   1   0   0   0   0  68   2   0   0   0   0   0   0   0   0  29  1.26 0.33
   75 W    -5  -5  -6  -7  -5  -5  -5  -6  -3  -5  -4  -5  -4   3  -6  -5  -5  11   6  -5    0   0   0   0   0   0   0   0   0   0   0   0   0  11   0   0   0  60  29   0  2.83 0.52
   76 V    -2  -5  -5  -6  -3  -5  -5  -6  -6   1  -2  -5  -2  -3  -5  -4  -2  -5  -4   7    1   0   0   0   0   0   0   0   0   0   0   0   0   0   0   0   0   0   0  99  1.71 0.44
   77 V    -3  -5  -5  -5  -3  -5  -5  -6  -5   4  -1  -5  -1  -2  -5  -4  -2  -5  -3   6    0   0   0   0   0   0   0   0   0  25   0   0   0   1   0   0   0   0   0  74  1.30 0.35
   78 D    -4  -4  -1   8  -6  -3  -1  -4  -4  -6  -6  -3  -6  -6  -4  -3  -4  -7  -6  -6    0   0   0 100   0   0   0   0   0   0   0   0   0   0   0   0   0   0   0   0  2.35 0.49
   79 S     2  -3  -2  -3   2  -2  -3  -2  -3  -5  -5  -3  -4  -5  -3   6  -1  -5  -4  -4   14   0   0   0   4   0   0   0   0   0   0   0   0   0   0  82   0   0   0   0  1.27 0.39
   80 A     4  -3   3  -2   0  -2  -2  -1  -3  -3  -3  -2  -3  -4  -3   3   3  -4  -3  -2   38   0  14   0   2   0   0   3   0   1   0   0   0   0   0  22  19   0   0   1  0.56 0.23
   81 D    -4  -4  -1   8  -6  -3  -1  -4  -4  -6  -6  -3  -6  -6  -4  -3  -4  -7  -6  -6    0   0   1  99   0   0   0   0   0   0   0   0   0   0   0   0   0   0   0   0  2.30 0.49
   82 R    -2   6  -2  -3  -5   1  -1  -3   0  -1  -2   2  -3  -4  -3  -1   0  -4  -3  -1    1  61   0   1   0   5   1   1   2   4   3   9   0   0   0   2   5   0   0   4  0.86 0.27
   83 Q    -1   3  -1   1  -4   1   1  -2  -1  -2   0   2   2  -1  -2  -1  -1  -3  -2  -2    6  22   2   8   0   4  12   2   1   1  12  18   8   2   1   1   1   0   0   1  0.26 0.13
   84 R    -4   8  -3  -4  -6  -2  -3  -5  -3  -6  -5   0  -4  -6  -5  -3  -4  -5  -4  -5    0  99   0   0   0   0   0   0   0   0   0   1   0   0   0   0   0   0   0   0  2.23 0.49
   85 M    -3  -4  -5  -5  -2  -4  -4  -5  -4   2   4  -4   4   3  -5  -4  -2  -1  -1   1    0   0   0   0   0   0   0   0   0  14  51   0  12  14   0   0   0   1   0   7  0.75 0.22
   86 Q    -1  -1   1   4  -4   2   4  -1  -1  -4  -3   0  -2  -4  -1   0  -1  -4  -3  -2    3   3   4  23   0   7  40   3   1   0   1   4   1   0   2   5   1   0   0   2  0.59 0.20
   87 D    -2  -3  -1   6  -5  -1   5  -4  -3  -2  -4  -2  -3  -5  -3  -1  -2  -6  -4  -3    2   0   0  50   0   0  38   0   0   3   1   0   0   0   0   2   1   0   0   2  1.13 0.31
   88 C     2  -5  -4  -5   9  -4  -4  -2  -5  -3  -4  -4  -3  -5  -4   0   3  -5  -4  -3   15   0   0   0  57   0   0   2   0   0   0   0   0   0   0   4  23   0   0   0  1.65 0.39
   89 Q     0   4  -2  -3  -4   0  -1   3  -2  -4  -4   4  -3  -4  -3   0  -2  -4  -3  -4    7  32   0   0   0   1   0  23   1   0   0  28   0   0   0   5   1   0   0   0  0.67 0.22
   90 R     0   1   0   1  -2   3   3  -2   0  -2  -1   1   0  -2  -2   0   0  -3  -1  -1    6  10   2   8   1  16  24   1   1   2   5   7   3   1   0   4   5   0   1   3  0.25 0.11
   91 E    -3  -2  -2  -1  -6   0   7  -4  -1  -6  -5  -1  -4  -6  -4  -3  -3  -5  -4  -5    0   0   1   0   0   0  95   0   1   0   0   1   0   0   0   0   0   0   0   0  1.87 0.45
   92 L    -3  -4  -5  -6  -3  -4  -5  -4  -5   0   6  -4   1   0  -5  -4  -3  -4  -3  -1    0   0   0   0   0   0   0   1   0   1  94   0   1   2   0   0   0   0   0   0  1.34 0.35
   93 Q     1  -1   1   1  -3   2   0  -1   6  -3  -2   0  -1  -1  -3   0   0  -3   0  -3   13   2   5   8   0   9   3   3  30   0   2   4   1   3   0   8   5   0   2   0  0.39 0.16
   94 S     0   1   1   0  -2   1   2   1  -1  -3  -2   2  -2  -3  -2   1   0  -4  -3  -2    7   8   8   3   0   3  20  14   1   0   3  13   0   0   0  12   5   0   0   1  0.24 0.10
   95 L    -3  -4  -5  -5  -3  -4  -4  -5  -4   1   6  -4   4  -1  -4  -4  -3  -3  -3   0    0   0   0   0   0   0   0   0   0   3  81   0  11   0   0   0   0   0   0   2  1.12 0.30
   96 L    -3  -4  -5  -5  -3  -4  -4  -5  -4   1   6  -4   1  -1  -4  -4  -2  -3  -3  -1    0   0   0   0   0   0   1   0   0   4  89   0   1   0   0   0   1   0   0   1  1.19 0.31
   97 V    -1   0   1   0  -3   3   2  -1  -1  -2   0   1   0  -3  -2   0   0  -3  -2   0    3   2   6   4   0  22  15   4   1   0  12   9   2   0   0   6   5   0   0   9  0.19 0.11
   98 E    -2  -2  -2   1  -3   2   7  -4  -2  -5  -5  -1  -4  -5  -3  -2  -3  -5  -4  -4    1   0   1   7   1   7  82   0   0   0   0   1   0   0   0   0   0   0   0   0  1.46 0.37
   99 E    -2  -2  -1   4  -5   0   6  -4  -2  -5  -5  -1  -4  -5  -3  -2  -3  -5  -4  -4    2   1   2  21   0   1  68   0   0   0   0   1   0   0   0   1   0   0   0   0  1.23 0.33
  100 R    -2   6  -1  -2  -4   0   2  -3  -1  -4  -4   4  -1  -4  -3  -1  -2  -4  -3  -4    1  48   2   1   0   2  12   0   0   0   1  26   1   0   0   3   0   0   0   0  0.88 0.25
  101 L    -3  -3  -5  -5  -3  -4  -4  -5  -4   0   6  -4   1  -1  -4  -4  -3  -3  -3  -1    0   1   0   0   0   0   0   0   0   1  91   0   2   1   0   0   0   0   0   0  1.23 0.32
  102 A     3   2  -1  -2  -2   0  -1  -1  -1  -1  -1   1   1  -2  -2   2   0  -3  -2  -1   35  13   1   1   0   3   1   2   1   2   4   8   4   1   0  14   4   0   0   4  0.24 0.12
  103 G    -1  -1   0   1  -2  -1  -1   6  -3  -5  -4  -1  -3  -4  -3  -1  -2  -4  -4  -4    2   3   3   8   1   3   4  68   0   0   1   2   0   0   0   3   1   0   0   0  0.99 0.24
  104 A     5  -3  -3  -4   1  -3  -3  -2  -3  -1  -2  -3  -2  -3  -3   0  -1  -4  -3   3   61   0   0   0   2   0   0   0   0   1   0   0   0   0   0   3   1   0   0  28  0.75 0.26
  105 T    -1  -3  -2  -2  -1  -2  -2  -3  -2  -3  -3  -2  -3  -4   5   4   3  -4  -3   0    2   0   0   1   1   0   0   0   1   1   2   0   0   0  29  34  22   0   0   6  0.76 0.24
  106 L    -3  -4  -4  -5  -2  -4  -4  -5  -4   1   5  -4   1   0  -4  -4  -2  -3  -2   2    0   0   0   0   1   0   0   0   0   3  76   0   1   2   0   0   1   0   0  12  0.91 0.26
  107 L    -3  -4  -5  -5  -3  -4  -4  -5  -4   0   6  -4   0  -1  -4  -4  -3  -3  -3  -1    0   0   0   0   0   0   0   0   0   1  93   0   1   1   0   0   0   0   0   0  1.27 0.32
  108 I    -2  -4  -4  -4  -3  -4  -4  -5  -5   5   0  -4  -1  -2  -4  -3  -2  -4  -3   5    0   0   0   0   0   0   0   0   0  34   2   0   0   0   0   0   0   0   0  59  1.03 0.28
  109 F    -4  -4  -5  -5  -4  -4  -5  -5  -3  -2   1  -4  -1   8  -5  -4  -4  -1   2  -2    0   0   0   0   0   0   0   0   0   0  15   0   1  75   0   0   0   0   5   0  1.56 0.35
  110 A     6  -3  -3  -3   0  -3  -3  -2  -3  -3  -1  -1  -2  -4  -3   0  -2  -4  -3  -2   82   0   0   0   1   0   0   0   0   0   7   3   1   0   0   2   1   0   0   1  1.00 0.31
  111 N    -4  -3   8  -1  -5  -2  -3  -3  -2  -5  -5  -2  -4  -5  -4  -2  -2  -5  -4  -5    0   0  94   0   0   0   0   0   0   0   1   0   0   0   0   0   0   0   0   0  2.08 0.45
  112 K    -3   0  -2  -3  -5  -1  -1  -4  -3  -5  -4   7  -3  -5  -3  -2  -3  -5  -4  -4    0   0   0   0   0   0   0   0   0   0   1  94   0   0   0   0   0   0   0   0  1.70 0.41
  113 Q    -2  -1  -2  -2   1   8  -1  -4  -1  -3  -4  -1  -3  -5  -3   0   1  -4  -3  -4    1   1   0   0   3  74   0   0   1   2   1   1   0   0   0   5   9   0   0   0  1.34 0.38
  114 D    -4  -4  -1   8  -5  -2  -1  -3  -3  -5  -5  -3  -5  -5  -4  -2  -3  -6  -5  -5    0   0   0  94   0   0   0   0   0   0   1   0   0   0   0   0   0   0   0   0  2.05 0.43
  115 L    -3  -4  -4  -4  -3  -3  -4  -5  -4   3   5  -4   1  -1  -4  -4  -2  -3  -2   2    0   0   0   0   0   0   0   0   0  16  64   0   1   0   0   0   0   0   0  14  0.80 0.23
  116 P     1  -1   0   0  -3   1   0  -2  -2  -2  -1  -1   0  -2   5   0  -1  -4  -2   0   12   2   4   4   0   6   4   2   1   1   7   3   3   1  36   7   1   0   1   6  0.52 0.14
  117 G    -1  -3   3  -1  -3  -1  -1   5   0  -4  -3  -2  -3  -3  -3   0   2  -4  -3  -3    2   0  17   1   0   3   2  49   3   0   2   0   0   1   0   6  15   0   0   0  0.70 0.21
  118 A     6  -3  -3  -3   4  -3  -3  -2  -3  -3  -2  -3  -3  -4  -3   2  -2  -4  -4  -2   74   0   0   0   9   0   0   1   0   0   3   0   0   0   0  12   0   0   0   0  1.00 0.31
  119 L     0  -3  -3  -4  -2  -2  -3  -4  -3   0   4  -2   6  -1   1  -2  -2  -3  -2   0    7   0   0   0   0   1   1   1   0   1  43   1  30   1   6   3   1   0   0   2  0.63 0.23
  120 S     2  -2  -1   0  -2  -2  -1  -2  -3  -3  -3  -2  -3  -4   2   4   3  -4  -3  -2   21   0   1   4   0   0   2   1   0   0   1   0   0   0  11  41  17   0   0   1  0.57 0.22
  121 N     2  -2   1   3  -3   0   2  -1  -2  -3  -2  -1  -3  -4   2   2  -1  -4  -3  -3   20   1   6  18   0   2  18   2   0   0   3   1   0   0   8  18   2   0   0   0  0.36 0.14
  122 A     0  -1  -2   2  -5   1   6  -3  -2  -4  -3  -1  -3  -5  -3  -1  -2  -5  -4  -4    8   1   0   8   0   5  70   1   0   0   3   1   0   0   0   2   0   0   0   0  1.07 0.31
  123 I    -3  -4  -5  -4  -3  -4  -4  -5  -5   7   1  -4   0  -2  -4  -4  -2  -4  -3   3    1   0   0   1   0   0   1   0   0  72   9   0   1   0   0   0   1   0   0  13  1.10 0.30
  124 Q     3   2  -1  -2  -2   0   0  -2  -1  -2  -2   1  -1  -3  -2   1   2  -4  -3  -1   29  14   0   0   0   3   7   1   1   1   3   9   1   0   0  13  15   0   0   3  0.28 0.14
  125 E    -1   0   0   3  -2   2   5  -2  -1  -3  -3   1  -3  -4  -2  -1   0  -4  -3  -3    3   3   3  19   1   8  41   1   1   1   1  10   0   0   0   2   5   0   0   1  0.60 0.19
  126 A     3  -1  -2  -2  -2  -1  -1   2   0   0  -1   1  -1  -2  -2   0   0  -3  -1   0   31   3   1   0   0   1   1  21   2   6   4  10   1   1   0   4   3   0   2   9  0.21 0.11
  127 L    -3  -4  -6  -6  -4  -4  -5  -6  -5   0   6  -5   1  -2  -5  -5  -3  -4  -3  -1    1   0   0   0   0   0   0   0   0   1  97   0   1   0   0   0   0   0   0   0  1.48 0.38
  128 E     0   0   3   3  -3   1   2   2   0  -4  -4   1  -3  -4  -3   0  -2  -4  -3  -4    5   4  20  16   0   7  16  20   2   0   0   6   0   0   0   3   1   0   0   0  0.44 0.15
  129 L    -4  -4  -6  -6  -3  -4  -5  -6  -5   0   6  -5   0  -2  -5  -5  -3  -4  -3   0    0   0   0   0   0   0   0   0   0   2  95   0   0   0   0   0   0   0   0   2  1.43 0.37
  130 D    -2  -1   1   4  -4   0   2  -2   6  -4  -3  -1  -2  -3   0  -1  -1  -5  -2  -2    1   3   5  31   0   4  11   2  24   0   2   2   1   1   5   4   2   0   0   3  0.59 0.20
  131 S     1   0   2   1  -3   0   1  -1  -1  -2  -3   0  -2  -4  -2   3   2  -4  -3  -2   11   3  10   6   0   3   7   3   1   2   1   6   0   0   0  29  15   0   0   1  0.29 0.13
  132 I    -3  -5  -4  -4  -3  -4  -5  -6  -4   6   2  -4   2  -1  -4  -4  -3  -4   0   1    1   0   0   0   0   0   0   0   0  67  18   0   5   2   0   0   0   0   4   3  1.00 0.29
  133 R    -2   5   0  -3  -2   0   0  -3  -1  -3  -3   4  -3  -4  -3   0   1  -4  -3  -2    1  40   3   0   1   3   3   1   1   1   1  29   0   0   0   5   8   0   0   2  0.70 0.24
  134 S    -2  -2   1   4  -3   1   0  -1   0  -4  -4   0  -3  -4  -3   3   3  -5  -3  -3    0   1   7  26   0   6   2   3   2   0   0   5   0   0   0  22  26   0   0   0  0.54 0.21
  135 H    -4   7  -2  -4  -6  -2  -3  -5   8  -6  -5  -1  -4  -5  -5  -3  -4  -5  -2  -5    0  57   0   0   0   0   0   0  42   0   0   1   0   0   0   0   0   0   0   0  1.89 0.46
  136 H    -2   1   1  -1  -3   2  -1  -3   7  -3  -4   1  -1  -4   0  -1   1  -4  -1  -2    2   8   5   2   1   8   2   0  40   1   0   9   1   0   5   3  12   0   0   2  0.72 0.25
  137 W    -6  -6  -7  -8  -3  -5  -6  -6  -4  -5  -4  -6  -5  -1  -7  -5  -6  13   0  -2    0   0   0   0   1   0   0   0   0   0   0   0   0   1   0   1   0  91   2   3  3.97 0.68
  138 R    -1   2   0  -2   3   4   0  -3   3  -3  -2   1  -1  -1  -3   1   0  -3   2  -2    3  11   3   0   7  24   2   1  10   1   3   8   2   1   0  10   5   0   9   1  0.32 0.16
  139 I    -4  -5  -6  -6  -2  -5  -6  -6  -6   7   0  -5  -1  -2  -5  -5  -3  -5  -4   2    0   0   0   0   1   0   0   0   0  85   5   0   0   0   0   0   0   0   0   9  1.54 0.39
  140 Q    -2  -1  -3  -3   2   6  -1  -4  -1   0   1  -1   2   0  -4  -2  -2   0   0   1    1   1   0   0   4  47   1   0   1   6  13   2   5   4   0   0   0   2   4  10  0.57 0.25
  141 G     3   0  -2  -2  -3  -1  -2   3  -2  -4  -4   0  -3  -4   3   2  -1  -3  -4  -3   31   5   0   1   0   1   1  22   0   0   0   6   0   0  17  14   1   0   0   0  0.52 0.19
  142 C    -2  -6  -5  -6  11  -6  -6  -5  -6  -4  -4  -6  -4  -5  -6  -3   1  -5  -5  -2    2   0   0   0  88   0   0   0   0   0   0   0   0   0   0   0   8   0   0   2  2.95 0.56
  143 S    -1  -4  -2  -3   5  -3  -3  -3  -4  -4  -5  -3  -4  -5  -4   6  -1  -5  -4  -3    0   0   0   0  12   0   0   0   0   1   0   0   0   0   0  85   1   0   0   1  1.46 0.44
  144 A     7  -4  -4  -4  -3  -3  -3  -1  -4  -4  -4  -3  -3  -5  -3  -1  -3  -5  -4  -3   98   0   0   0   0   0   0   2   0   0   0   0   0   0   0   0   0   0   0   0  1.61 0.45
  145 V    -2  -2  -3  -4  -2  -2  -3  -4  -2   2   1   1   3   0  -3  -2   2  -2   1   4    0   1   0   0   0   1   0   0   0   8   9  12  12   3   0   1  13   0   5  35  0.34 0.17
  146 T    -2  -2   0  -1  -3  -1  -1  -3  -3  -3  -3  -1  -3  -4  -3   2   6  -5  -3  -2    0   1   3   4   0   2   2   0   0   0   1   3   0   0   0  15  69   0   0   1  1.03 0.35
  147 G     0  -3  -2  -3  -5  -3  -4   7  -4  -6  -6  -2  -5  -6  -4  -2  -3  -5  -5  -5    5   1   0   0   0   1   0  89   0   0   0   2   0   0   0   1   0   0   0   0  1.76 0.39
  148 E    -2  -1  -1   3  -5   1   5  -3  -1  -4  -2   0  -1  -4  -3  -1   0  -5  -4  -3    1   1   1  14   0   5  56   0   1   0   3   5   2   0   0   2   8   0   0   1  0.79 0.27
  149 D    -2  -3   5  -2  -5  -3  -3   6  -1  -6  -6  -2  -5  -5  -4  -1  -3  -5  -5  -5    0   1  34   1   0   0   0  60   1   0   0   2   0   0   0   1   0   0   0   0  1.35 0.35
  150 L    -3  -4  -5  -6  -3  -4  -5  -6  -5   2   5  -4   1  -2  -5  -4  -3  -4  -3   2    0   0   0   0   0   0   0   0   0   9  78   0   1   0   0   0   0   0   0  12  1.11 0.31
  151 L    -1  -1  -1  -1  -3   3   0  -3   0  -1   2   1   0   0  -3  -1  -1  -2   2   0    2   1   2   2   0  17   7   1   1   2  30  11   1   2   0   2   2   0  10   6  0.19 0.13
  152 P     0  -2  -1   3  -5   1   6  -3  -1  -5  -5   0  -4  -5  -1  -1  -1  -5  -4  -4    6   1   2  17   0   4  57   1   1   0   0   3   0   0   2   2   3   0   0   0  0.91 0.29
  153 G    -1  -5  -3  -4  -2  -4  -4   7  -4  -6  -6  -4  -5  -6  -5  -2  -4  -5  -5  -5    4   0   0   0   1   0   0  93   0   0   0   0   0   0   0   2   0   0   0   0  1.95 0.43
  154 I    -3  -4  -5  -5  -3  -3  -4  -5  -4   3   4  -4   6   2  -5  -4  -3  -3  -2   1    0   0   0   0   0   0   0   0   0  18  39   0  26   8   0   0   0   0   0   7  0.83 0.26
  155 D    -1  -2   2   6  -5   0   3  -2  -2  -5  -5  -1  -3  -5  -3  -1  -1  -5  -4  -4    4   1   9  50   0   3  23   1   1   0   0   2   1   0   0   3   2   0   0   0  0.94 0.27
  156 W    -6  -6  -7  -8  -6  -5  -6  -6  -6  -6  -5  -6  -5  -1  -7  -6  -6  13   0  -6    0   0   0   0   0   0   0   0   0   0   0   0   0   1   0   0   0  98   1   0  4.44 0.74
  157 L    -1  -4  -4  -5  -1  -3  -4  -5  -4   3   3  -4   2  -2  -4  -3  -2  -4  -3   4    5   0   0   0   1   0   0   0   0  17  39   0   6   0   0   1   1   0   0  31  0.63 0.21
  158 L    -1  -4  -4  -4   4  -4  -4  -4  -4   2   1  -4   1  -3  -4   1  -2  -4  -3   5    1   0   0   0  11   0   0   0   0  10  11   0   3   0   0  13   0   0   0  51  0.68 0.25
  159 D    -1   1   2   3  -4   3   1  -1   0  -4  -4   3  -3  -4  -3   0   0  -4  -3  -3    3   5  11  18   0  18   8   3   2   0   0  22   0   0   0   7   4   0   0   1  0.45 0.17
  160 D    -3  -2   4   6  -5   1   0  -3  -1  -4  -5  -2  -4  -5  -4  -1   1  -6  -4  -3    0   1  19  57   0   6   3   0   1   1   0   0   0   0   0   2   9   0   0   1  1.10 0.31
  161 I     1  -4  -5  -5  -1  -4  -4  -4  -5   5   1  -4   2  -2  -4  -3  -2  -4  -3   4   13   0   0   0   1   0   0   0   0  46   8   0   4   0   0   0   0   0   0  27  0.75 0.25
  162 S     3   0   0  -2  -3   0  -1   0  -2  -3  -3   4  -2  -4  -2   2  -1  -4  -3  -2   31   2   3   1   0   3   0   4   0   0   0  30   1   0   0  21   1   0   0   3  0.45 0.21
  163 S     1   0   2   1  -2   0   0  -1  -1  -4  -4   3  -3  -2  -2   3   0  -4  -3  -3   13   2  10   7   1   3   3   3   1   0   0  20   0   2   0  32   2   0   0   1  0.35 0.17
  164 R    -4   7  -3  -4  -6  -1  -2  -5  -3  -5  -5   4  -4  -5  -4  -3  -3  -5  -4  -5    0  76   0   0   0   0   0   0   0   0   0  24   0   0   0   0   0   0   0   0  1.71 0.41

                      K         Lambda
Standard Ungapped    0.1373     0.3197
Standard Gapped      0.0629     0.2670
PSI Ungapped         0.2055     0.3152
PSI Gapped           0.0629     0.2670
