
Last position-specific scoring matrix computed, weighted observed percentages rounded down, information per position, and relative weight of gapless real matches to pseudocounts
            A   R   N   D   C   Q   E   G   H   I   L   K   M   F   P   S   T   W   Y   V   A   R   N   D   C   Q   E   G   H   I   L   K   M   F   P   S   T   W   Y   V
    1 M    -3  -3  -4  -5  -3  -2  -4  -4  -3   0   1  -3  10  -2  -4  -3  -2  -3  -3  -1    0   0   0   0   0   0   0   0   0   0   0   0 100   0   0   0   0   0   0   0  1.79 0.28
    2 L    -2  -3  -4  -5  -2  -3  -4  -5  -4   3   5  -4   1   0  -4  -4  -2  -3  -2   0    0   0   0   0   0   0   0   0   0  15  82   0   0   3   0   0   0   0   0   0  0.79 0.14
    3 N     1  -2   5   1  -3  -1  -1  -1  -1  -4  -4  -1  -3  -4  -2   3   0  -4  -3  -3   14   0  44   3   0   0   0   0   0   0   0   0   0   0   0  38   0   0   0   0  0.67 0.13
    4 Q    -2   2  -1  -2  -4   4   0  -3  -1  -4  -4   6  -2  -4  -2  -1  -2  -4  -3  -3    0   9   1   0   0  21   0   0   1   0   0  68   0   0   0   0   0   0   0   0  0.87 0.16
    5 E    -2  -2  -1   5  -5   0   6  -3  -2  -4  -4  -1  -4  -5  -2  -1  -2  -5  -4  -4    2   0   0  33   0   0  65   0   0   0   0   0   0   0   0   0   0   0   0   0  1.06 0.16
    6 L    -3  -3  -5  -5  -2  -3  -4  -5  -4   1   6  -4   1  -1  -4  -4  -2  -3  -2   0    0   0   0   0   0   0   0   0   0   0 100   0   0   0   0   0   0   0   0   0  1.02 0.17
    7 E    -2  -1  -2   0  -5   1   7  -4  -1  -5  -4   0  -3  -5  -3  -1  -2  -4  -3  -4    0   0   0   0   0   0 100   0   0   0   0   0   0   0   0   0   0   0   0   0  1.45 0.22
    8 L    -1  -1  -2  -1  -2   1  -1  -3   0   1   1  -1   1   2  -3  -1   0  -2   0   2    4   2   0   3   0  12   1   0   2   7  17   2   2  13   0   3   5   0   2  25  0.12 0.05
    9 S     0  -2  -1  -2  -2  -2  -2  -2  -3  -2  -3  -2  -2  -3  -2   4   5  -4  -3  -1    1   0   0   0   0   0   0   0   0   0   0   0   0   0   0  37  61   0   0   1  0.82 0.17
   10 L    -3  -3  -5  -5  -2  -3  -4  -5  -4   1   5  -4   1  -1  -4  -4  -2  -3  -2   0    0   0   0   0   0   0   0   0   0   5  95   0   0   0   0   0   0   0   0   0  0.98 0.17
   11 N    -3  -2   7   0  -4  -1  -2  -1   5  -5  -5  -2  -3  -4  -3   0  -1  -5  -2  -4    0   0  78   0   0   0   0   3  15   0   0   0   0   0   0   4   0   0   0   0  1.24 0.20
   12 M     0  -1   0   1  -2   1   1  -1  -1   0   1  -1   4  -2  -2   0   0  -3  -2   0    9   2   6   7   0   9  11   3   1   1  15   0  22   0   0   5   5   0   0   3  0.12 0.06
   13 A     6  -3  -3  -3   1  -2  -2  -1  -3  -3  -3  -2  -2  -4  -2   0  -1  -4  -3  -1   94   0   0   0   2   0   0   0   0   0   0   0   0   0   0   1   1   0   0   1  0.95 0.19
   14 F    -4  -4  -5  -5  -4  -5  -5  -5  -3  -2  -1  -5  -1   8  -5  -4  -4   0   2  -2    0   0   0   0   0   0   0   0   0   0   0   0   0  97   0   0   0   0   3   0  1.75 0.23
   15 A     0   3  -1  -2  -3   1  -1  -2  -1   0  -2   4   1  -3  -2  -1  -1  -3  -2   1   11  19   1   0   0   5   0   0   1   4   0  39   4   0   0   0   2   0   0  14  0.32 0.09
   16 R     0   1   1   1  -3   1   3  -1   1  -3  -2   1  -2   0  -2   0   0  -3  -1  -2    6  12   7   8   0   7  32   3   3   0   3   4   0   6   0   3   4   0   2   2  0.24 0.06
   17 A     6  -3  -3  -3  -2  -2  -2  -1  -3  -3  -3  -2  -2  -4  -2   0  -1  -4  -3  -1   99   0   0   0   0   0   0   0   0   0   0   0   0   0   0   1   0   0   0   0  1.05 0.20
   18 R    -3   7  -2  -3  -5   0  -1  -4   2  -4  -4   2  -3  -4  -3  -2  -2  -4  -2  -4    0  90   0   0   0   0   0   0   5   0   0   4   0   0   0   0   0   0   1   0  1.38 0.20
   19 E     0   0   0   3  -3   3   4  -2  -1  -3  -3   0  -2  -4  -2   1   0  -4  -3  -3    5   2   1  22   0  18  33   1   0   0   0   0   0   0   0  11   6   0   0   1  0.50 0.10
   20 H     0   2   1  -1  -4   2   0  -2   3  -4  -3   5  -2  -4  -2   0  -1  -4  -2  -3    6  11   7   0   0   6   2   0  10   0   1  53   0   0   0   4   0   0   0   0  0.55 0.11
   21 R    -3   7  -2  -3  -3   0  -1  -4   1  -4  -3   1  -1  -4  -4  -2  -2  -4  -3  -4    0  92   0   0   1   2   0   0   3   0   0   1   1   0   0   0   0   0   0   0  1.41 0.21
   22 H    -3  -2  -1  -3  -5  -1  -2  -4  10  -5  -5  -2  -3  -3  -4  -3  -3  -4   0  -5    0   0   0   0   0   0   0   0 100   0   0   0   0   0   0   0   0   0   0   0  2.33 0.29
   23 E    -2  -2  -2   0  -5   1   7  -4  -2  -5  -4  -1  -4  -5  -3  -2  -2  -4  -4  -4    0   0   0   0   0   0 100   0   0   0   0   0   0   0   0   0   0   0   0   0  1.49 0.23
   24 F    -4  -4  -4  -5  -4  -4  -5  -5  -2  -2   0  -4  -1   8  -5  -4  -3   0   4  -2    0   0   0   0   0   0   0   0   0   0   3   0   0  86   0   0   0   0  12   0  1.52 0.21
   25 M    -2  -3  -4  -5  -3  -2  -4  -4  -3   4   1  -3   8  -1  -4  -3  -2  -3  -2   1    0   0   0   0   0   0   0   0   0  26   5   0  67   0   0   0   0   0   0   3  1.07 0.20
   26 T    -1  -3  -1  -2  -2  -2  -2  -2  -3  -2  -3  -2  -2  -4  -3   1   7  -4  -3  -1    0   0   0   0   0   0   0   1   0   0   0   0   0   0   0   3  96   0   0   0  1.22 0.22
   27 V    -1  -4  -4  -5  -2  -4  -4  -5  -5   2   0  -4   0  -2  -4  -3  -1  -4  -3   6    0   0   0   0   0   0   0   0   0   2   0   0   0   0   0   0   0   0   0  98  1.08 0.20
   28 E    -2  -2  -2   1  -5   1   7  -4  -2  -5  -4  -1  -4  -5  -3  -2  -2  -4  -4  -4    0   0   0   1   0   0  99   0   0   0   0   0   0   0   0   0   0   0   0   0  1.46 0.22
   29 H    -3  -2  -1  -3  -5  -1  -2  -4  10  -5  -5  -2  -3  -3  -4  -3  -3  -4   0  -5    0   0   0   0   0   0   0   0 100   0   0   0   0   0   0   0   0   0   0   0  2.33 0.29
   30 L    -3  -3  -5  -5  -2  -3  -4  -5  -4   1   6  -4   2  -1  -4  -4  -2  -3  -2   0    0   0   0   0   0   0   0   0   0   0  98   0   2   0   0   0   0   0   0   0  1.01 0.17
   31 L    -3  -3  -5  -5  -3  -3  -4  -5  -4   1   6  -4   1  -1  -4  -4  -2  -3  -2   0    0   0   0   0   0   0   0   0   0   0 100   0   0   0   0   0   0   0   0   0  1.05 0.18
   32 L    -3  -3  -5  -5  -2  -3  -4  -5  -4   1   5  -4   2   0  -4  -4  -2  -3  -2   0    0   0   0   0   0   0   0   0   0   2  92   0   3   1   0   0   0   0   0   3  0.92 0.16
   33 A     5  -3  -2  -3   0  -2  -2   0  -3  -3  -3  -2  -2  -3  -2   1  -1  -4  -3  -1   87   0   0   0   1   0   0   2   0   0   1   0   1   0   0   9   0   0   0   0  0.84 0.17
   34 L    -3  -3  -5  -5  -2  -3  -4  -5  -4   1   5  -4   3  -1  -4  -4  -2  -3  -2   0    0   0   0   0   0   0   0   0   0   0  93   0   7   0   0   0   0   0   0   0  0.96 0.17
   35 L    -2  -3  -4  -4  -2  -3  -4  -4  -4   2   5  -3   1  -1  -4  -3   0  -3  -2   0    2   0   0   0   0   0   0   0   0  12  77   0   1   0   0   0   7   0   0   1  0.67 0.13
   36 S    -2  -2   1   7  -4  -1   2  -2  -2  -4  -5  -2  -4  -5  -3   0  -1  -5  -4  -4    0   1   2  76   0   1  12   1   0   0   0   0   0   0   0   7   1   0   0   0  1.17 0.17
   37 N    -3  -2   8   1  -4  -1  -2  -2  -1  -5  -5  -2  -4  -5  -4  -1  -2  -5  -4  -5    0   0  98   2   0   0   0   0   0   0   0   0   0   0   0   0   0   0   0   0  1.63 0.24
   38 P     0  -1  -1   1  -3   0   0  -1  -1  -3  -3   0  -3  -4   6   0  -1  -4  -3  -2    9   2   2   8   0   3   6   2   2   0   0   4   0   0  49   8   3   0   1   1  0.88 0.11
   39 S     3  -2  -1   0  -2  -1   0  -1  -2  -3  -3  -1  -2  -3  -2   4   1  -4  -3  -2   35   0   0   4   0   1   3   0   0   0   1   0   0   0   0  50   7   0   0   0  0.53 0.13
   40 A     6  -3  -3  -3  -2  -2  -2  -1  -3  -3  -3  -2  -2  -4  -2   0  -1  -4  -3  -1   98   0   0   0   0   0   0   0   0   0   0   0   0   0   0   2   0   0   0   0  1.04 0.20
   41 R     2   1  -1  -2   0   1  -1   0   0   0  -1   0  -1  -2  -2   1  -1  -3  -2   0   32  10   2   0   2   8   2   5   3   6   6   4   1   0   0   8   1   0   0  10  0.11 0.05
   42 E     0   0   0   2  -4   1   5  -1  -1  -3  -3   1  -2  -4  -1   0   0  -4  -3  -3    7   2   2   7   0   2  59   3   0   1   0   8   0   0   1   3   5   0   0   1  0.58 0.11
   43 A     3  -3  -3  -4  -2  -3  -3  -3  -4   1  -1  -3  -1  -2  -3  -1  -1  -4  -2   5   36   0   0   0   0   0   0   0   0   2   0   0   0   0   0   0   1   0   0  61  0.58 0.14
   44 L    -3  -3  -5  -5  -2  -3  -4  -5  -4   1   5  -4   2  -1  -4  -4  -2  -3  -2   0    0   0   0   0   0   0   0   0   0   1  95   0   4   0   0   0   0   0   0   0  0.98 0.17
   45 E    -1   4   0  -1  -3   1   1  -2   0  -1  -1   2  -1  -3  -2   0   0  -3  -2  -1    0  38   4   1   0   5   7   2   1   5   3  18   1   0   0   5   4   0   0   5  0.33 0.07
   46 A     6  -3  -3  -3  -2  -2  -2   0  -3  -3  -3  -2  -2  -4  -2   1  -1  -4  -3  -1   90   0   0   0   0   0   0   2   0   0   0   0   0   0   0   7   0   0   0   1  0.89 0.18
   47 C    -2  -5  -5  -5  11  -5  -6  -4  -5  -3  -3  -5  -3  -4  -5  -3  -3  -4  -4  -3    0   0   0   0 100   0   0   0   0   0   0   0   0   0   0   0   0   0   0   0  2.74 0.29
   48 S     1  -1   0  -1  -3  -1  -2   6  -2  -4  -4  -1  -3  -4  -3   1  -2  -4  -4  -3   11   3   2   2   0   1   1  68   1   0   0   3   0   0   0   9   0   0   0   0  0.86 0.12
   49 V     4  -3  -3  -3   1  -2  -2   0  -3  -1  -1  -2  -1  -3  -2   0   0  -4  -3   2   65   0   0   0   4   0   0   4   0   1   1   0   0   0   0   1   2   0   0  22  0.51 0.13
   50 D    -3  -1   5   6  -4   0   1  -2  -1  -4  -5  -1  -4  -5  -3  -1  -2  -5  -4  -4    0   1  35  56   0   2   3   0   1   0   0   2   0   0   0   1   0   0   0   0  1.03 0.16
   51 L    -1  -3  -4  -3  -2  -2  -3  -4  -3   3   3  -3   2   1  -2  -3  -1  -3  -2   1    3   0   0   1   0   1   0   0   0  29  47   0   6   3   1   0   1   0   0   6  0.44 0.09
   52 V    -1  -1   1   4  -3   0   3  -1  -1  -3  -3   0  -3  -4   0   0  -1  -4  -3  -1    5   0   6  37   0   1  27   4   0   0   1   4   0   0   3   6   2   0   0   5  0.48 0.09
   53 A     1   2   0   0  -2   2   1  -1  -1  -1  -1   1  -1  -2  -2   0   0  -3  -2   0   17  14   2   7   0  17   6   3   0   3   4  10   1   0   0   5   4   0   0   6  0.15 0.04
   54 L    -3  -3  -5  -5  -2  -3  -4  -5  -4   2   5  -4   2  -1  -4  -4  -2  -3  -2   0    0   0   0   0   0   0   0   0   0   8  89   0   3   0   0   0   0   0   0   0  0.89 0.15
   55 R    -2   7  -1  -3  -5   0  -1  -3   0  -4  -3   3  -3  -4  -3  -1  -1  -4  -3  -4    0  79   1   0   0   1   2   0   1   0   0  13   0   0   0   2   2   0   0   0  1.13 0.18
   56 Q    -1   3   0   0  -3   3   1   0   0  -3  -3   2  -2  -3  -2   0   0  -3  -2  -3    2  18   4   5   0  17  10   8   1   0   0  20   0   0   0   6   5   0   1   0  0.32 0.06
   57 E    -1  -1   1   3  -4   2   5  -3  -1  -4  -3   0  -3  -4  -2   0  -1  -4  -3  -3    3   0   5  18   0   9  57   0   0   0   2   0   0   0   0   5   1   0   0   0  0.73 0.13
   58 L    -2  -3  -5  -5  -2  -3  -4  -5  -4   2   5  -4   1  -1  -4  -3  -2  -3  -2   1    0   0   0   0   0   0   0   0   0   8  88   0   0   0   0   0   1   0   0   3  0.85 0.15
   59 E     0  -1   0   0  -2   1   2  -1  -1   0  -1   0  -1  -2  -2   2   2  -3  -2   0    8   2   2   5   0   4  17   1   0   5   8   1   1   0   0  19  21   0   1   6  0.16 0.05
   60 A     0  -1   1   2  -3   2   3  -1   1  -2  -2   0  -2  -3  -2   1   0  -3  -2  -1   11   1   9  10   0  11  26   1   4   2   2   2   0   0   0   7   7   0   0   7  0.25 0.06
   61 F    -3  -4  -4  -5  -4  -5  -5  -5  -1  -1  -1  -5  -1   8  -5  -4  -4   0   3  -2    1   0   0   0   0   0   0   0   1   1   0   0   0  93   0   0   0   0   3   0  1.61 0.22
   62 I    -2  -4  -4  -4  -2  -4  -4  -5  -4   5   2  -4   0  -1  -4  -3  -1  -4  -2   3    0   0   0   0   0   0   0   0   0  62  11   0   0   0   0   0   1   0   0  25  0.73 0.13
   63 E    -1  -1   2   5  -4   1   3  -2  -1  -4  -4   0  -3  -4  -2   0   0  -4  -3  -3    4   2   9  46   0   4  19   1   1   0   0   6   0   0   0   4   5   0   0   1  0.61 0.10
   64 Q     0   0  -1   2  -4   3   4  -1  -1  -4  -3   0  -2  -4  -2   1   0  -4  -3  -3    5   3   0  10   0  20  42   2   0   0   0   1   0   0   0  14   3   0   0   0  0.55 0.11
   65 T    -1  -2   2  -2  -2  -1  -2  -3   2  -2  -3  -2  -2  -3  -2   1   6  -4  -2  -2    0   0  13   0   0   1   0   0   6   0   0   0   0   0   0   6  74   0   0   0  0.82 0.17
   66 T    -1  -3  -1  -3  -2  -2  -2  -3  -3  -1  -2  -2  -2  -3  -3   0   7  -4  -3  -1    0   0   0   0   0   0   0   0   0   2   0   0   0   0   0   1  94   0   0   2  1.17 0.21
   67 P    -2  -4  -3  -3  -4  -3  -3  -4  -4  -4  -5  -3  -4  -5   8  -1  -2  -5  -5  -4    0   0   0   0   0   0   0   0   0   0   0   0   0   0  95   5   0   0   0   0  2.46 0.24
   68 V    -2   0  -3  -4  -2  -2  -3  -3  -3   1   4  -1   1  -1  -3  -2   1  -3  -2   2    0   7   0   0   0   1   0   1   0   6  55   3   1   0   0   2   9   0   0  15  0.34 0.09
   69 L    -2  -4  -4  -4  -2  -3  -4  -5  -4   5   3  -3   1   0  -4  -3  -2  -3  -2   2    0   0   0   0   0   0   0   0   0  50  33   0   1   2   0   0   0   0   0  13  0.61 0.11
   70 P     0  -3  -2  -1  -3  -2  -1  -2  -3  -4  -3  -2  -3  -4   7   1  -2  -5  -4  -3    9   0   1   3   0   0   2   1   0   0   1   0   0   0  68  13   0   0   0   1  1.46 0.17
   71 A     0  -2   0   5  -4   0   3   2  -2  -3  -3  -1  -3  -4   0  -1  -1  -4  -3  -2    7   0   1  39   0   2  23  17   0   0   1   1   0   0   3   1   3   0   0   3  0.52 0.09
   72 S    -1  -2   1   4  -4   0   4   1  -1  -4  -4  -1  -3  -4  -1   0   1  -4  -3  -3    0   0   4  28   0   1  36  14   0   0   0   1   0   0   2   6   9   0   0   0  0.53 0.10
   73 R    -2   6  -1   1  -4   0   0  -3  -2  -3  -3   1  -1  -4  -3  -2  -2  -4  -3  -2    1  76   1  10   0   1   3   1   0   1   1   0   2   0   0   0   1   0   0   4  0.94 0.16
   74 D    -2  -2  -1   5  -5   0   5  -3  -2  -5  -5  -1  -4  -5  -2  -1  -2  -5  -4  -4    0   0   0  45   0   0  55   0   0   0   0   0   0   0   0   0   0   0   0   0  1.12 0.17
   75 T    -1  -3  -1  -3  -2  -2  -2  -3  -3  -2  -3  -2  -2  -4  -3   0   7  -4  -3  -1    0   0   0   0   0   0   0   0   0   0   0   0   0   0   0   0  97   0   0   3  1.25 0.22
   76 Q    -2  -1  -2  -2  -5   8   0  -3  -1  -5  -4   0  -2  -5  -3  -2  -2  -4  -3  -4    0   0   0   0   0 100   0   0   0   0   0   0   0   0   0   0   0   0   0   0  1.68 0.26
   77 P    -2  -4  -4  -3  -5  -3  -3  -4  -4  -4  -5  -3  -4  -5   8  -2  -3  -5  -5  -4    0   0   0   0   0   0   0   0   0   0   0   0   0   0 100   0   0   0   0   0  2.65 0.26
   78 T    -1  -3  -1  -3  -2  -2  -2  -3  -3  -2  -3  -2  -2  -4  -3   0   7  -4  -3  -1    0   0   0   0   0   0   0   0   0   0   0   0   0   0   0   0 100   0   0   0  1.32 0.23
   79 L    -3  -3  -5  -5  -3  -3  -4  -5  -4   1   6  -4   1  -1  -4  -4  -2  -3  -2   0    0   0   0   0   0   0   0   0   0   0 100   0   0   0   0   0   0   0   0   0  1.05 0.18
   80 S    -1  -3  -1  -2  -4  -3  -3   6  -3  -5  -5  -3  -4  -4  -3   1  -2  -4  -4  -4    0   0   0   0   0   0   0  87   0   0   0   0   0   0   0  13   0   0   0   0  1.36 0.18
   81 F    -4  -4  -5  -5  -4  -5  -5  -5  -3  -2  -1  -5  -1   8  -5  -4  -4   0   2  -2    0   0   0   0   0   0   0   0   0   0   0   0   0 100   0   0   0   0   0   0  1.82 0.24
   82 Q    -2  -1  -2  -2  -5   8   0  -3  -1  -5  -4   0  -2  -5  -3  -2  -2  -4  -3  -4    0   0   0   0   0 100   0   0   0   0   0   0   0   0   0   0   0   0   0   0  1.68 0.26
   83 R    -3   8  -2  -3  -5   0  -2  -4  -2  -5  -4   1  -3  -4  -4  -2  -3  -4  -3  -4    0 100   0   0   0   0   0   0   0   0   0   0   0   0   0   0   0   0   0   0  1.63 0.23
   84 V    -1  -4  -4  -5  -2  -4  -4  -5  -5   1   0  -4  -1  -2  -4  -3  -1  -4  -3   6    0   0   0   0   0   0   0   0   0   0   0   0   0   0   0   0   0   0   0 100  1.11 0.20
   85 L    -3  -3  -5  -5  -2  -3  -4  -5  -4   3   5  -4   1  -1  -4  -4  -2  -3  -2   0    0   0   0   0   0   0   0   0   0  15  85   0   0   0   0   0   0   0   0   0  0.86 0.15
   86 Q    -2  -1  -2  -2  -5   8   0  -3  -1  -5  -4   0  -2  -5  -3  -2  -2  -4  -3  -4    0   0   0   0   0 100   0   0   0   0   0   0   0   0   0   0   0   0   0   0  1.68 0.26
   87 R    -3   8  -2  -3  -5   0  -2  -4  -2  -5  -4   1  -3  -4  -4  -2  -3  -4  -3  -4    0 100   0   0   0   0   0   0   0   0   0   0   0   0   0   0   0   0   0   0  1.63 0.23
   88 A     6  -3  -3  -3  -2  -2  -2  -1  -3  -3  -3  -2  -2  -4  -2   0  -1  -4  -3  -1  100   0   0   0   0   0   0   0   0   0   0   0   0   0   0   0   0   0   0   0  1.08 0.20
   89 V    -1  -4  -4  -4  -2  -4  -4  -4  -4   3   0  -4   0  -2  -4  -3  -1  -4  -2   6    1   0   0   0   0   0   0   0   0  19   0   0   0   0   0   0   0   0   0  80  0.87 0.16
   90 F    -3  -4  -4  -5  -3  -4  -4  -5  -3  -1   1  -4   2   7  -5  -4  -3  -1   2  -2    0   0   0   0   0   0   0   0   0   0  15   0   6  77   0   0   0   0   2   0  1.21 0.18
   91 H    -3  -2  -1  -3  -5   0  -2  -4  10  -5  -5  -2  -3  -3  -4  -2  -3  -4   0  -5    0   0   0   0   0   2   0   0  96   0   0   0   0   0   0   2   0   0   0   0  2.18 0.27
   92 V    -1  -4  -4  -5  -2  -4  -4  -5  -5   1   0  -4  -1  -2  -4  -3  -1  -4  -3   6    0   0   0   0   0   0   0   0   0   0   0   0   0   0   0   0   0   0   0 100  1.11 0.20
   93 Q    -2  -1  -2  -2  -5   8   0  -3  -1  -5  -4   0  -2  -5  -3  -1  -2  -4  -3  -4    0   0   0   0   0  99   0   0   0   0   0   0   0   0   0   1   0   0   0   0  1.63 0.26
   94 S     1  -2  -1  -2  -2  -1  -1  -2  -2  -4  -4  -2  -3  -4  -2   6   0  -4  -3  -3    5   0   0   0   0   0   0   0   0   0   0   0   0   0   0  95   0   0   0   0  1.07 0.21
   95 S     1  -2  -1  -2  -2  -1  -1  -2  -2  -4  -4  -2  -3  -4  -2   6   1  -4  -3  -3    5   0   0   0   0   0   0   0   0   0   0   0   0   0   0  91   4   0   0   0  0.99 0.20
   96 G    -1  -4  -2  -1  -4  -3  -3   7  -3  -5  -5  -3  -4  -5  -3  -2  -3  -4  -4  -5    0   0   0   4   0   0   1  96   0   0   0   0   0   0   0   0   0   0   0   0  1.55 0.19
   97 R    -2   4   1  -2  -4   1   0  -3  -1  -4  -4   6  -3  -4  -2  -1  -2  -4  -3  -4    0  25   7   0   0   1   0   0   1   0   0  66   0   0   0   0   0   0   0   0  0.88 0.16
   98 N     0   1   2   0  -3   1   0  -1  -1  -3  -3   4  -2  -4  -2   2   1  -4  -3  -3    4   6  15   1   0   2   2   3   1   0   0  42   0   0   0  16   7   0   0   0  0.40 0.09
   99 E    -2  -2  -2   0  -5   1   7  -4  -2  -5  -4  -1  -4  -5  -1  -2  -2  -4  -4  -4    0   0   0   1   0   0  98   0   0   0   0   0   0   0   1   0   0   0   0   0  1.42 0.22
  100 V    -1  -4  -4  -5  -2  -4  -4  -5  -5   1   0  -4  -1  -2  -4  -3  -1  -4  -3   6    0   0   0   0   0   0   0   0   0   0   0   0   0   0   0   0   0   0   0 100  1.11 0.20
  101 T    -1  -2   1  -2  -2  -2  -2  -2  -3  -2  -3  -2  -2  -3  -2   3   6  -4  -3  -2    1   0   6   0   0   0   0   0   0   0   0   0   0   1   0  20  72   0   0   0  0.83 0.17
  102 G    -1  -4  -2  -3  -4  -3  -4   7  -3  -5  -5  -3  -4  -5  -4  -2  -3  -4  -5  -5    0   0   0   0   0   0   0 100   0   0   0   0   0   0   0   0   0   0   0   0  1.69 0.20
  103 A     6  -3  -3  -3  -2  -2  -2  -1  -3  -2  -3  -2  -2  -4  -2   0  -1  -4  -3   0   95   0   0   0   0   0   0   0   0   0   0   0   0   0   0   1   1   0   0   4  0.96 0.19
  104 N    -3  -2   8   0  -4  -1  -2  -2  -1  -5  -5  -2  -4  -5  -4  -1  -2  -5  -4  -5    0   0 100   0   0   0   0   0   0   0   0   0   0   0   0   0   0   0   0   0  1.70 0.24
  105 V    -1  -4  -4  -5  -2  -4  -4  -5  -5   2   0  -4   0  -2  -4  -3  -1  -4  -2   6    0   0   0   0   0   0   0   0   0   4   4   0   0   0   0   0   0   0   0  92  0.96 0.18
  106 L    -3  -3  -5  -5  -2  -3  -4  -5  -4   1   5  -4   1   1  -4  -4  -2  -3  -2   0    0   0   0   0   0   0   0   0   0   0  95   0   0   4   0   0   0   0   0   1  0.96 0.17
  107 V    -1  -4  -4  -5  -2  -4  -4  -4  -5   1   0  -4  -1  -2  -4  -3  -1  -4  -3   6    3   0   0   0   0   0   0   0   0   0   0   0   0   0   0   0   0   0   0  97  1.03 0.20
  108 A     6  -3  -3  -3  -2  -2  -2  -1  -3  -3  -3  -2  -2  -4  -2   0  -1  -4  -3  -1  100   0   0   0   0   0   0   0   0   0   0   0   0   0   0   0   0   0   0   0  1.08 0.20
  109 I    -3  -4  -5  -5  -2  -4  -5  -5  -5   6   2  -4   0  -1  -4  -4  -2  -4  -3   2    0   0   0   0   0   0   0   0   0  88  11   0   0   0   0   0   0   0   0   1  1.01 0.18
  110 F    -4  -4  -5  -5  -4  -5  -5  -5  -3  -2  -1  -5  -1   8  -5  -4  -4   0   2  -2    0   0   0   0   0   0   0   0   0   0   0   0   0  98   0   0   0   0   2   0  1.77 0.23
  111 S     0  -2   0  -2  -1  -2  -2   3  -2  -4  -4  -2  -3  -4  -2   5   0  -4  -3  -3    0   0   2   0   1   0   0  24   0   0   0   0   0   0   0  74   0   0   0   0  0.81 0.17
  112 E    -2  -2  -2   0  -5   1   7  -4  -2  -5  -4  -1  -4  -5  -3  -2  -2  -4  -4  -4    0   0   0   0   0   0 100   0   0   0   0   0   0   0   0   0   0   0   0   0  1.49 0.23
  113 Q    -2   0  -1  -2  -4   7   0  -3  -1  -4  -4   3  -2  -5  -3  -1  -2  -4  -3  -4    0   1   0   0   0  80   0   0   0   0   0  18   0   0   0   1   0   0   0   0  1.25 0.22
  114 E    -2  -2  -1   4  -5   1   6  -3  -2  -5  -4  -1  -4  -5  -2  -1  -2  -5  -4  -4    0   0   0  31   0   1  68   0   0   0   0   0   0   0   0   0   0   0   0   0  1.11 0.17
  115 S     0  -2  -1  -2  -2  -1  -2  -2  -2  -4  -4  -2  -3  -4  -2   6   0  -4  -3  -3    0   0   0   0   0   0   0   0   0   0   0   0   0   0   0 100   0   0   0   0  1.17 0.22
  116 Q    -2  -1  -1  -2  -5   7   0  -3   7  -4  -4  -1  -2  -4  -3  -2  -2  -4  -1  -4    0   0   0   0   0  69   0   0  31   0   0   0   0   0   0   0   0   0   0   0  1.32 0.22
  117 A     6  -3  -3  -3  -2  -2  -2  -1  -3  -3  -3  -2  -2  -4  -2   0  -1  -4  -3  -1   97   0   0   0   0   0   0   1   0   0   0   0   0   0   0   2   1   0   0   0  1.00 0.19
  118 A     1  -4  -4  -4  -2  -3  -3  -4  -4   1   0  -3   0  -2  -3  -2  -1  -4  -2   6   16   0   0   0   0   0   0   0   0   0   3   0   0   0   0   0   0   0   0  81  0.75 0.16
  119 Y    -3  -3  -4  -5  -4  -3  -4  -5   0  -3  -2  -4  -2   3  -5  -3  -3   1   9  -3    0   0   0   0   0   0   0   0   0   0   0   0   0   8   0   0   0   0  92   0  1.86 0.25
  120 L    -2  -3  -4  -4  -3  -3  -4  -4  -2   1   3  -3   1   5  -4  -3  -2  -1   3   0    0   0   0   0   0   0   0   0   0   8  45   0   1  30   0   0   0   0  12   4  0.59 0.11
  121 L    -3  -3  -5  -5  -2  -3  -4  -5  -4   1   6  -4   1  -1  -4  -4  -2  -3  -2   0    0   0   0   0   0   0   0   0   0   2  98   0   0   0   0   0   0   0   0   0  1.02 0.17
  122 R    -2   3   2  -1  -4   2   0  -2   4  -4  -3   4  -2  -4  -2   0  -1  -4  -2  -3    0  14  12   2   0   9   2   2  13   0   0  43   0   0   0   2   1   0   0   0  0.53 0.11
  123 K    -2   2  -1  -2  -2   5   0  -3  -1  -4  -3   5  -2  -4  -2   0  -1  -4  -3  -3    1   9   1   0   1  38   0   0   1   0   0  45   0   0   0   3   2   0   0   1  0.73 0.14
  124 H     0  -1   1  -1  -1   6   1  -2   4  -3  -3   0  -1  -4  -2   0  -1  -3  -1  -3    7   0   5   0   1  58   3   1  13   1   0   1   1   0   0   7   0   0   1   1  0.67 0.15
  125 E    -2  -2   3   5  -4  -1   1   3   0  -4  -4  -1  -4  -4  -3   0  -2  -4  -3  -4    0   0  15  46   0   1   7  22   2   0   0   0   0   0   0   7   0   0   0   0  0.69 0.11
  126 V    -2  -4  -4  -4  -2  -4  -4  -5  -4   5   0  -4   1  -1  -4  -3  -1  -4  -2   5    0   0   0   0   0   0   0   0   0  47   1   0   1   0   0   0   0   0   0  51  0.78 0.14
  127 S     2  -2   1  -1  -2  -1   0  -1  -1  -2  -3  -1  -2  -3  -2   3   4  -4  -3  -1   17   0   4   0   0   0   3   1   2   0   0   0   0   0   0  38  34   0   0   1  0.48 0.12
  128 R    -3   8  -2  -3  -5   0  -2  -4  -2  -5  -4   1  -3  -4  -4  -2  -3  -4  -3  -4    0 100   0   0   0   0   0   0   0   0   0   0   0   0   0   0   0   0   0   0  1.63 0.23
  129 L    -2  -3  -5  -5  -2  -3  -4  -5  -4   2   5  -4   1   0  -4  -4  -2  -3  -2   1    0   0   0   0   0   0   0   0   0  14  83   0   0   1   0   0   0   0   0   2  0.82 0.14
  130 D    -3  -3   0   8  -5  -2   0  -3  -2  -5  -5  -2  -5  -5  -3  -2  -2  -6  -5  -5    0   0   0 100   0   0   0   0   0   0   0   0   0   0   0   0   0   0   0   0  1.70 0.21
  131 V     0  -4  -4  -4  -2  -3  -4  -4  -4   3   0  -3   0  -2  -3  -3  -1  -4  -2   5    4   0   0   0   0   0   0   0   0  21   1   0   0   0   0   0   1   0   0  73  0.71 0.14
  132 V    -1  -4  -4  -4  -2  -4  -4  -5  -4   2   0  -4   0  -2  -4  -3  -1  -4  -2   6    0   0   0   0   0   0   0   0   0   5   0   0   0   0   0   0   0   0   0  95  0.97 0.18
  133 N    -3  -2   8   0  -4  -1  -2  -2  -1  -5  -5  -2  -4  -5  -4  -1  -1  -5  -4  -4    0   0 100   0   0   0   0   0   0   0   0   0   0   0   0   0   0   0   0   0  1.63 0.22
  134 F    -3  -4  -4  -5  -4  -4  -4  -4  -1  -2  -1  -4  -2   7  -5  -3  -3   1   7  -2    0   0   0   0   0   0   0   0   0   0   0   0   0  53   0   0   0   0  47   0  1.37 0.18
  135 I    -2  -4  -4  -4  -2  -4  -4  -5  -4   6   2  -4   1  -1  -4  -4  -2  -4  -2   2    0   0   0   0   0   0   0   0   0  85  11   0   1   0   0   0   0   0   0   3  0.90 0.16
  136 S     2  -2  -1  -2  -2  -1  -1  -1  -2  -3  -3  -1  -2  -4  -2   5   2  -4  -3  -2   14   0   0   0   0   0   0   0   0   0   0   0   0   0   0  78   8   0   0   0  0.77 0.16
  137 H    -3  -2  -1  -3  -5  -1  -2  -4  10  -5  -5  -2  -3  -3  -4  -2  -3  -4   0  -5    0   0   0   0   0   0   0   0 100   0   0   0   0   0   0   0   0   0   0   0  2.24 0.26
  138 G    -1  -4  -2  -3  -4  -3  -3   7  -3  -5  -5  -3  -4  -5  -3  -1  -3  -4  -4  -5    0   0   0   0   0   0   0 100   0   0   0   0   0   0   0   0   0   0   0   0  1.64 0.19
  139 T    -2  -4  -4  -4  -2  -3  -4  -4  -4   6   1  -3   1  -1  -4  -2   0  -4  -2   3    0   0   0   0   0   0   0   1   0  73   2   0   1   1   0   2   7   0   0  14  0.67 0.13
  140 R     1   1  -1  -2  -1  -1  -1  -1  -1  -2  -3   0  -2  -3  -2   4   2  -4  -3  -1    9  11   0   0   1   1   0   1   0   1   0   3   0   0   0  61  10   0   0   2  0.48 0.12
  141 K    -2   2  -1  -2  -4   1   0  -3  -2  -4  -4   7  -3  -4  -2  -1  -2  -4  -3  -4    0   6   0   0   0   2   0   0   0   0   0  92   0   0   0   0   0   0   0   0  1.14 0.19
  142 D     0  -1   1   2  -2   0   0  -1   0   0  -1  -1  -1  -1  -1   1   2  -3  -2   0    3   2   9  18   0   2   5   4   2  10   3   0   1   2   1  16  16   0   0   5  0.13 0.03
  143 E    -2  -1   0   5  -4   2   4  -2  -1  -4  -4   0  -3  -4  -2  -1  -2  -4  -3  -4    0   0   0  49   0   8  43   0   0   0   0   0   0   0   0   0   0   0   0   0  0.87 0.09

                      K         Lambda
Standard Ungapped    0.1297     0.3193
Standard Gapped      0.0587     0.2670
PSI Ungapped         0.1914     0.3146
PSI Gapped           0.0587     0.2670
