
Last position-specific scoring matrix computed, weighted observed percentages rounded down, information per position, and relative weight of gapless real matches to pseudocounts
            A   R   N   D   C   Q   E   G   H   I   L   K   M   F   P   S   T   W   Y   V   A   R   N   D   C   Q   E   G   H   I   L   K   M   F   P   S   T   W   Y   V
    1 K    -2   2  -2  -2  -5   3   0  -3  -2  -4  -4   6  -3  -5  -3  -2  -2  -4  -3  -4    0   8   0   0   0  17   2   0   0   0   0  73   0   0   0   0   0   0   0   0  1.11 0.24
    2 P    -2   3  -3  -3  -5   1  -1  -4  -2  -4  -4   2  -3  -5   6  -2  -2  -5  -4  -3    2  21   0   0   0   7   2   0   0   1   1  17   0   0  49   0   0   0   0   1  1.16 0.22
    3 P    -3  -5  -4  -4  -5  -4  -3  -5  -5  -5  -5  -3  -5  -6   9  -3  -3  -6  -5  -5    1   0   0   0   0   0   0   0   0   0   0   0   0   0  99   0   0   0   0   0  2.87 0.39
    4 S     0   0  -1  -2  -3  -2  -2  -3  -2  -4  -4  -1  -3  -5   6   4  -1  -5  -4  -3    5   5   2   1   0   0   0   0   1   0   0   3   0   0  41  39   2   0   0   0  1.00 0.22
    5 M    -3   0  -4  -5  -3  -1  -4  -5  -3  -1   3  -1   8   0  -2  -3  -3  -3  -3  -1    0   6   0   0   0   2   0   0   0   0  31   4  54   2   1   0   0   0   0   0  1.00 0.25
    6 Y    -4  -4  -5  -6  -5  -4  -5  -6  -1  -4  -3  -4  -3   3  -5  -4  -4   1   9  -4    0   0   0   0   0   0   0   0   0   0   0   0   0   6   0   0   0   1  93   0  2.34 0.39
    7 K    -2   3   0  -2  -5   2  -1  -3   0  -4  -4   6  -3  -5  -3  -1  -2  -5  -3  -4    1  17   4   0   0   9   0   0   2   0   0  65   0   0   0   3   0   0   0   0  0.98 0.23
    8 V    -2  -5  -5  -5  -3  -4  -5  -5  -5   1  -1  -4  -1  -3  -4  -4  -2  -5  -3   7    0   0   0   0   0   0   0   0   0   1   0   0   0   0   0   0   0   0   0  99  1.47 0.32
    9 I    -2  -4  -5  -5  -2  -4  -4  -5  -4   4   4  -4   2   0  -4  -3  -2  -3  -2   3    0   0   0   0   0   0   0   0   0  27  40   0   4   1   0   0   0   0   0  28  0.69 0.17
   10 L    -3  -4  -5  -5  -3  -3  -4  -5  -4   1   5  -4   5  -1  -5  -4  -3  -3  -3   0    0   0   0   0   0   0   0   0   0   4  75   0  19   0   0   0   0   0   0   2  1.07 0.24
   11 V    -3  -3   3  -3  -2  -3  -3  -4   2   0   4  -3   2   0  -4  -3  -2  -3  -1   0    0   0  22   0   0   0   0   0   7   2  57   0   5   4   0   0   0   0   1   3  0.57 0.18
   12 N    -4  -3   8  -1  -5  -2  -3  -3  -2  -6  -6  -2  -5  -6  -4  -2  -2  -6  -5  -5    0   0  99   0   0   0   0   0   0   0   0   1   0   0   0   0   0   0   0   0  2.13 0.39
   13 D    -4  -4  -1   8  -6  -3  -1  -4  -3  -6  -6  -3  -6  -6  -4  -2  -3  -7  -6  -6    0   0   0 100   0   0   0   0   0   0   0   0   0   0   0   0   0   0   0   0  2.17 0.37
   14 D    -4  -4  -1   8  -6  -3  -1  -4  -3  -6  -6  -3  -6  -6  -4  -2  -3  -7  -6  -6    0   0   0 100   0   0   0   0   0   0   0   0   0   0   0   0   0   0   0   0  2.17 0.37
   15 Y    -4  -4  -5  -6  -5  -4  -5  -6  -1  -3  -3  -4  -3   4  -5  -4  -4   0   9  -3    0   0   0   0   0   0   0   0   0   0   0   0   0  18   0   0   0   0  82   0  2.14 0.37
   16 T    -2  -3  -2  -3  -3  -3  -3  -4  -4  -3  -4  -3  -3  -5  -3  -1   8  -5  -4  -2    0   0   0   0   0   0   0   0   0   0   0   0   0   0   0   0 100   0   0   0  1.77 0.38
   17 P    -3  -5  -5  -4  -5  -4  -4  -5  -5  -5  -5  -3  -5  -6   9  -3  -4  -6  -6  -5    0   0   0   0   0   0   0   0   0   0   0   0   0   0 100   0   0   0   0   0  2.93 0.41
   18 M    -4  -4  -5  -6  -4  -3  -5  -5  -4  -1   0  -4  10  -3  -5  -4  -3  -4  -4  -2    0   0   0   0   0   0   0   0   0   0   0   0 100   0   0   0   0   0   0   0  2.55 0.47
   19 E    -3  -3  -1   6  -6  -1   5  -4  -2  -5  -5  -2  -4  -5  -3  -2  -3  -5  -4  -5    1   0   0  47   0   0  53   0   0   0   0   0   0   0   0   0   0   0   0   0  1.37 0.28
   20 F    -5  -5  -6  -6  -5  -6  -6  -6  -4  -2  -2  -6  -2   9  -6  -5  -5  -1   1  -3    0   0   0   0   0   0   0   0   0   0   0   0   0 100   0   0   0   0   0   0  2.33 0.39
   21 V    -2  -5  -5  -5  -3  -4  -5  -5  -5   1  -1  -4  -1  -3  -5  -4  -2  -5  -3   7    0   0   0   0   0   0   0   0   0   0   0   0   0   0   0   0   0   0   0 100  1.54 0.33
   22 I    -2  -5  -5  -5  -3  -4  -5  -5  -5   5  -1  -4  -1  -2  -4  -4  -1  -5  -3   6    0   0   0   0   0   0   0   0   0  32   0   0   0   0   0   0   1   0   0  67  1.10 0.25
   23 D    -2  -1  -1   3  -4   1   4  -3   4  -2  -2   0  -1  -2  -3  -1  -2  -4  -1  -2    1   0   0  17   0   3  43   0  15   2   5   3   2   2   0   1   1   0   1   2  0.57 0.17
   24 V    -2  -5  -5  -5  -1  -4  -4  -5  -5   3  -1  -4  -1  -3  -4  -4  -2  -5  -3   6    0   0   0   0   1   0   0   0   0  12   1   0   0   0   0   0   1   0   0  85  1.21 0.28
   25 L    -3  -4  -5  -6  -3  -4  -5  -6  -5   1   6  -4   1  -1  -5  -4  -3  -4  -3   0    0   0   0   0   0   0   0   0   0   2  96   0   1   0   0   0   0   0   0   1  1.29 0.28
   26 Q    -2   0  -2  -1  -3   5   4  -3  -2  -3  -3   0   3  -4  -3  -2  -1  -4  -3  -2    1   2   0   0   0  41  35   0   0   1   1   3   9   0   0   0   4   0   0   1  0.80 0.22
   27 K    -1   5  -1  -1  -4   1   0  -2   1  -2  -2   3  -1  -4  -3   0   1  -4  -3  -2    1  38   2   2   0   6   3   2   3   2   3  20   1   0   0   3  11   0   0   3  0.46 0.14
   28 F    -4  -5  -5  -6  -5  -5  -5  -5  -3  -1  -2  -5  -2   9  -6  -5  -4  -1   3  -2    0   0   0   0   0   0   0   0   0   3   0   0   0  90   0   0   0   0   6   1  1.99 0.34
   29 F    -5  -5  -6  -6  -5  -6  -6  -6  -4  -2  -2  -6  -2   9  -6  -5  -5  -1   1  -3    0   0   0   0   0   0   0   0   0   0   0   0   0 100   0   0   0   0   0   0  2.33 0.39
   30 S     1   1   4  -1  -3   1  -1   1   3  -4  -4   0  -2  -1  -2   2  -1  -4  -1  -3   11   7  25   1   0   5   1  13   8   0   0   2   0   2   0  23   1   0   1   0  0.35 0.12
   31 Y    -3  -1  -3  -4  -4  -2  -3  -4   0  -1   2   3   7  -1  -4  -3  -2  -3   2  -1    0   0   0   0   0   0   0   0   3   1  15  26  46   1   0   0   0   0   8   1  0.80 0.24
   32 D    -2  -3   4   6  -4  -1   0  -1  -1  -5  -5  -2  -4  -5  -1   2  -1  -5  -4  -4    1   0  26  48   0   1   1   4   1   0   0   0   0   0   2  14   3   0   0   0  0.90 0.21
   33 V    -1   4  -1  -2  -3   1   1  -2   1   0  -1   0   0  -3  -1   0  -1  -3  -1  -1    2  38   2   1   0   6  10   2   4   8   7   1   2   0   2   8   2   0   2   5  0.28 0.11
   34 E    -2  -2  -2   3  -5   1   7  -3  -2  -5  -5  -1  -4  -5  -2  -1  -3  -5  -4  -4    2   0   0  13   0   3  78   0   0   0   0   1   0   0   1   1   0   0   0   0  1.29 0.28
   35 R    -1   3  -1   1  -4   3   2  -3  -1  -3  -2   4  -1  -4  -2  -1  -1  -4  -3  -2    5  17   1   6   0  20  11   0   0   0   3  29   1   0   0   2   3   0   0   1  0.47 0.14
   36 A     6  -3  -4  -4  -2  -3  -3  -2  -4  -3  -4  -3  -3  -4  -3   0  -2  -5  -4  -2   98   0   0   0   0   0   0   0   0   0   0   0   0   0   0   2   0   0   0   0  1.39 0.32
   37 T    -2  -3   0  -3  -3  -2  -3  -4  -3  -2  -3  -3  -2  -3  -3   0   7  -4  -3   0    0   0   4   0   0   0   0   0   0   0   0   0   0   1   0   1  84   0   1   7  1.23 0.30
   38 Q    -2   4  -1   0  -5   6   1  -4   0  -4  -4   1  -2  -5  -3  -1  -2  -4  -3  -4    2  24   1   5   0  53   7   0   2   0   0   4   0   0   0   1   1   0   0   1  0.93 0.24
   39 L    -2  -4  -5  -5  -3  -4  -4  -5  -5   5   1  -4   0  -2  -4  -4  -1  -4  -3   4    0   0   0   0   0   0   0   0   0  51  10   0   0   0   0   0   2   0   0  36  0.90 0.21
   40 M    -4  -4  -5  -6  -4  -3  -5  -5  -4  -1   0  -4  10  -3  -5  -4  -3  -4  -4  -2    0   0   0   0   0   0   0   0   0   0   0   0 100   0   0   0   0   0   0   0  2.55 0.47
   41 L    -3  -4  -5  -6  -3  -4  -5  -6  -5   0   6  -4   1  -1  -5  -4  -3   0  -3  -1    0   0   0   0   0   0   0   0   0   0  97   0   1   1   0   0   0   1   0   0  1.31 0.28
   42 A     1   0   0  -1  -3   3   0  -3   6  -3  -3   2  -2  -3  -3  -1   2  -4  -2  -2   13   2   3   3   0  16   2   0  27   0   1  13   1   0   0   2  18   0   0   1  0.48 0.16
   43 V    -2  -5  -5  -5  -3  -4  -5  -5  -5   2  -1  -4  -1  -3  -4  -4  -2  -5  -3   7    0   0   0   0   0   0   0   0   0   8   0   0   0   0   0   0   0   0   0  92  1.36 0.30
   44 A    -3  -3  -2  -4  -6  -2  -3  -5  11  -6  -6  -3  -4  -4  -5  -3  -4  -5  -1  -6    1   0   0   0   0   0   0   0  99   0   0   0   0   0   0   0   0   0   0   0  2.90 0.46
   45 Y    -2   0   1  -2  -3   2  -2  -3   4  -2  -3  -1  -1  -1  -3  -1   4  -2   5  -2    0   5   7   0   0  13   0   0  10   1   0   2   1   1   0   0  37   0  22   0  0.57 0.19
   46 Q    -2   3   0   0  -5   4   3  -3   3  -4  -4   3  -3  -4  -3  -1  -2  -4  -2  -4    0  17   3   2   0  25  25   0  10   0   0  17   0   0   0   0   1   0   0   0  0.68 0.18
   47 G    -2  -4  -2  -3  -5  -4  -3   7  -4  -6  -6  -4  -5  -5  -4  -2  -4  -5  -5  -5    0   0   0   1   0   0   1  98   0   0   0   0   0   0   0   0   0   0   0   0  1.93 0.32
   48 K    -1   3  -2  -3  -3   0  -1  -3  -2  -1  -2   5  -1  -3  -3  -1  -2  -4  -3   3    3  17   0   0   0   1   1   0   0   2   0  44   1   1   0   3   0   0   0  27  0.53 0.18
   49 A     4  -4  -2  -3  -3  -3  -3   6  -4  -4  -4  -3  -4  -5  -3  -1  -3  -4  -4  -3   37   0   0   0   0   0   0  62   0   0   0   0   0   0   0   1   0   0   0   0  1.18 0.24
   50 I    -2  -3  -4  -4  -3  -3  -1  -5  -4   4   0  -3  -1  -2  -4  -3   0  -4  -3   5    1   0   0   0   0   0   6   0   0  25   2   0   0   0   0   0   4   0   0  61  0.77 0.21
   51 C    -2  -6  -5  -6  11  -6  -6  -4  -6  -4  -4  -6  -4  -5  -5  -3  -3  -5  -5  -2    2   0   0   0  96   0   0   1   0   0   0   0   0   0   0   0   0   0   0   2  3.10 0.45
   52 G    -1  -4  -2  -3  -5  -4  -4   7  -4  -6  -6  -4  -5  -5  -4  -2  -4  -5  -5  -5    2   0   0   0   0   0   0  98   0   0   0   0   0   0   0   0   0   0   0   0  1.96 0.32
   53 V    -2  -4  -4  -4  -2  -4  -4  -5  -5   3   0  -4   0  -2  -4  -3   2  -4  -3   5    0   0   0   0   0   0   0   0   0  20   2   0   1   1   0   0  13   0   0  63  0.83 0.22
   54 F    -4  -4  -5  -6  -5  -4  -5  -5  -2  -3  -2  -5  -2   7  -6  -4  -4   0   7  -3    0   0   0   0   0   0   0   0   0   0   0   0   0  58   0   0   0   0  42   0  1.80 0.32
   55 T    -1  -3  -1  -3  -3  -2  -3  -3  -3  -3  -3  -2  -3  -4   3   2   6  -5  -4  -2    0   0   1   0   0   0   0   0   0   0   0   0   0   0  17  16  65   0   0   1  1.06 0.27
   56 A     2   4  -2  -3  -3  -1  -2  -3   1  -3  -3   1  -2   1  -3  -1  -2  -2   4  -2   26  33   0   0   0   1   0   0   3   0   0   8   0   5   0   1   0   0  21   1  0.54 0.17
   57 E    -3  -3  -1   6  -6   0   5  -2  -2  -5  -5  -2  -4  -5  -3  -2  -3  -5  -4  -5    0   0   0  47   0   1  49   3   0   0   0   0   0   0   0   0   0   0   0   0  1.28 0.27
   58 V    -2  -5  -5  -5  -3  -4  -5  -5  -5   5   0  -4  -1  -2  -4  -4  -2  -5  -3   5    0   0   0   0   0   0   0   0   0  46   2   0   0   0   0   0   0   0   0  52  1.06 0.24
   59 A     7  -4  -4  -4  -2  -3  -3  -2  -4  -3  -4  -3  -3  -4  -3  -1  -2  -5  -4  -2  100   0   0   0   0   0   0   0   0   0   0   0   0   0   0   0   0   0   0   0  1.46 0.33
   60 E     0  -2  -2   0  -5   0   7  -4   0  -5  -4  -1  -4  -5  -3  -1  -2  -5  -2  -4    7   0   1   0   0   0  86   0   2   0   0   0   0   0   0   2   0   0   1   0  1.39 0.31
   61 T    -2  -3  -2  -3  -3  -3  -3  -4  -4  -3  -3  -3  -1  -4  -3   1   7  -5  -4  -2    0   0   0   0   0   0   0   0   0   0   0   0   1   0   0   5  93   0   0   0  1.56 0.35
   62 K    -3   1  -2  -3  -5  -1  -1  -4  -3  -5  -5   7  -4  -5  -3  -2  -3  -5  -4  -5    0   2   0   0   0   0   0   0   0   0   0  98   0   0   0   0   0   0   0   0  1.71 0.35
   63 V     2  -4  -4  -4  -1  -3  -4  -4  -4   1  -1  -3   0  -3  -4  -1  -1  -4  -3   6   21   0   0   0   1   0   0   0   0   2   0   0   1   0   0   3   1   0   0  70  0.82 0.23
   64 A     3  -2   0  -1  -1   0   1  -1   1  -1  -2  -2   2  -2  -2   0   2  -3  -1  -1   38   0   5   1   1   3  10   1   4   1   1   0  11   0   0   5  14   0   2   3  0.25 0.12
   65 M    -3  -1  -2  -3  -5   8   0  -4   0  -2  -1  -1   1  -5  -4  -2  -2  -4  -3  -4    0   0   0   0   0  84   0   0   2   2   6   0   4   0   0   1   1   0   0   0  1.50 0.35
   66 V    -2  -5  -5  -5  -3  -4  -5  -5  -5   1  -1  -4  -1  -3  -5  -4  -2  -5  -3   7    1   0   0   0   0   0   0   0   0   1   0   0   0   0   0   0   0   0   0  99  1.50 0.33
   67 N    -2  -2   6  -1  -2  -1  -2  -2  -1  -1  -1  -2   5  -3  -4   0   0  -4  -3   0    1   1  52   0   1   1   0   1   0   3   2   0  24   0   0   5   4   0   0   6  0.79 0.23
   68 K    -1   1   1   4  -2   4   2  -2  -1  -3  -3   0   0  -4  -3  -1  -1  -4  -3  -3    3   7   5  27   1  26  16   1   0   1   1   3   4   0   0   3   3   0   0   0  0.52 0.15
   69 Y    -3  -4  -4  -5  -3  -4  -4  -5   2  -3   0  -4  -2   5  -5  -3  -3   1   8  -3    1   0   0   0   0   0   0   0   5   0   6   0   0  27   0   1   0   1  59   0  1.45 0.28
   70 A     6  -3  -3  -3  -2  -3  -3  -2  -3  -3  -3  -2  -3  -4  -3   2  -2  -5  -4  -2   83   0   0   0   0   0   0   0   0   0   0   0   0   0   0  16   0   0   0   1  1.11 0.28
   71 R    -3   7  -2  -3  -5   0  -1  -4  -2  -5  -4   2  -2  -5  -4  -2  -3  -5  -4  -4    0  83   0   0   0   2   2   1   0   0   1  10   1   0   0   1   0   0   0   0  1.52 0.30
   72 E     0   1  -1   2  -4   4   4  -3  -1  -3  -3   2  -1  -4  -2   0  -1  -4  -3  -3    6   6   1  10   0  22  38   0   0   1   0  10   2   0   0   3   1   0   0   0  0.60 0.16
   73 N    -2  -1   6  -2   3  -1  -2  -3   7  -5  -5  -2  -4  -4  -4   0  -2  -5  -1  -4    2   2  41   0   8   1   1   0  38   0   0   0   0   0   0   6   0   0   1   0  1.16 0.26
   74 E    -3  -1  -1   0  -5   7   4  -1   0  -5  -4  -1  -3  -5  -3  -2  -3  -4  -4  -4    0   0   1   2   0  62  28   4   2   0   0   1   0   0   0   1   0   0   0   0  1.22 0.29
   75 H    -4  -3  -2  -4  -6  -1  -3  -5  11  -6  -5  -3  -4  -3  -5  -3  -4  -5   1  -6    0   0   0   0   0   1   0   0  95   0   0   0   0   1   0   0   0   0   3   0  2.72 0.44
   76 P    -3  -5  -4  -4  -5  -4  -4  -5  -5  -5  -5  -3  -5  -6   9  -3  -3  -6  -6  -5    0   0   0   0   0   0   0   0   0   0   0   0   0   0  99   1   0   0   0   0  2.88 0.41
   77 L    -3  -4  -5  -6  -3  -4  -5  -6  -5   0   6  -4   0  -1  -5  -4  -3  -4  -3  -1    0   0   0   0   0   0   0   0   0   0  99   0   0   1   0   0   0   0   0   0  1.37 0.29
   78 L    -1  -1  -3  -4  -3   4  -2  -4  -3  -1   4  -1   4  -2  -4  -3  -2  -3  -3  -1    3   3   0   0   0  30   0   0   0   0  50   2  11   0   0   0   0   0   0   0  0.64 0.21
   79 C    -2  -6  -5  -6  11  -5  -6  -5  -6  -4  -4  -6  -3  -5  -5  -2  -3  -5  -5  -3    1   0   0   0  95   0   0   0   0   0   0   0   0   0   0   2   1   0   0   1  3.07 0.44
   80 T    -1  -2  -1   0  -3   0   1  -3  -3   0  -2  -2  -1  -3  -3   1   5  -4  -3   2    1   1   0   4   0   4  12   0   0   3   0   0   0   0   0  10  45   0   0  18  0.46 0.17
   81 L    -3  -4  -4  -5   0  -2  -4  -5  -4   3   2  -3   8  -1  -4  -3  -2  -3  -2   1    0   0   0   0   2   1   0   0   0  19  18   1  52   0   0   0   1   0   1   6  1.01 0.25
   82 E    -3  -2  -2   0  -6   1   7  -4  -2  -5  -5  -1  -4  -5  -3  -2  -2  -5  -4  -5    0   0   0   2   0   2  94   0   0   1   0   1   0   0   0   0   1   0   0   0  1.67 0.34
   83 K    -1   2  -2  -2  -4   3   3  -3  -2  -4  -3   5  -2  -5   2  -1  -2  -4  -3  -3    2   7   0   0   0  14  18   0   0   0   1  47   0   0  10   0   0   0   0   0  0.71 0.19
   84 A     6  -3  -3  -3  -2  -2  -2  -1  -3  -3  -3  -2  -2  -4  -2   1  -1  -4  -3  -2   96   0   0   0   0   0   0   0   0   0   0   0   0   0   0   4   0   0   0   0  1.10 0.23

                      K         Lambda
Standard Ungapped    0.1342     0.3214
Standard Gapped      0.0647     0.2670
PSI Ungapped         0.2116     0.3136
PSI Gapped           0.0647     0.2670
