
Last position-specific scoring matrix computed, weighted observed percentages rounded down, information per position, and relative weight of gapless real matches to pseudocounts
            A   R   N   D   C   Q   E   G   H   I   L   K   M   F   P   S   T   W   Y   V   A   R   N   D   C   Q   E   G   H   I   L   K   M   F   P   S   T   W   Y   V
    1 M    -2  -3  -4  -5  -3  -2  -3  -4  -3   0   1  -3   9  -1  -4  -3  -2  -3  -2  -1    0   0   0   0   0   0   0   0   0   0   0   0 100   0   0   0   0   0   0   0  1.48 0.28
    2 F    -2  -4  -4  -4  -2  -4  -4  -4  -3   4   1  -4   0   5  -4  -3  -2  -1   1   2    0   0   0   0   0   0   0   0   0  38   7   0   0  45   0   0   0   0   0  10  0.61 0.12
    3 D    -2  -2   0   6  -5   0   4  -2  -2  -4  -4  -1  -4  -4  -2  -1  -2  -5  -4  -4    0   0   0  66   0   0  34   0   0   0   0   0   0   0   0   0   0   0   0   0  1.08 0.16
    4 Q    -2   0  -1  -2  -4   7   1  -3  -1  -3   0   0  -1  -4  -3  -1  -2  -3  -3  -3    0   0   0   0   0  90   0   0   0   0  10   0   0   0   0   0   0   0   0   0  1.12 0.22
    5 L    -3  -3  -4  -5  -3  -4  -4  -4  -3   0   3  -4   0   6  -4  -3  -2  -1   1  -1    0   0   0   0   0   0   0   0   0   0  46   0   0  54   0   0   0   0   0   0  0.79 0.14
    6 A     4  -2  -2  -2   2  -1   0  -1  -2   0  -1  -1  -1  -3  -2   0   1  -3  -2   2   55   0   0   0   5   0  10   0   0   0   0   0   0   0   0   0   8   0   0  23  0.33 0.10
    7 V    -2  -4  -4  -4  -2  -4  -4  -5  -4   5   1  -3   0  -1  -4  -3  -1  -4  -2   3    0   0   0   0   0   0   0   0   0  73   0   0   0   0   0   0   0   0   0  27  0.74 0.15
    8 F    -3  -4  -4  -5  -4  -4  -4  -4  -2  -1   0  -4  -1   8  -5  -4  -3   0   2  -2    0   0   0   0   0   0   0   0   0   0   4   0   0  96   0   0   0   0   0   0  1.43 0.21
    9 T     1  -2   0  -2  -2  -2  -2  -2  -3  -2  -2  -2  -2  -3  -2   1   6  -4  -3  -1   10   0   4   0   0   0   0   0   0   0   0   0   0   0   0   0  87   0   0   0  0.84 0.19
   10 P     0  -3  -3  -3  -3  -2  -2  -3  -3  -2  -1  -2  -2  -4   7  -1  -2  -4  -3  -1    9   0   0   0   0   0   0   0   0   0   9   0   0   0  73   4   0   0   0   5  1.48 0.16
   11 Q     0   0  -1  -1  -3   5   0   0  -1  -3  -2   1  -1  -3  -2   2   0  -3  -2  -3    4   0   0   0   0  55   0   7   0   0   4   5   0   0   0  19   4   0   0   0  0.52 0.13
   12 G    -1  -3  -1  -2  -4  -3  -3   7  -3  -5  -5  -3  -4  -4  -3  -1  -3  -4  -4  -4    0   0   0   0   0   0   0 100   0   0   0   0   0   0   0   0   0   0   0   0  1.52 0.19
   13 Q    -2   0   1   1  -3   5   2  -2  -1  -1   0   1  -1  -3  -2  -1   0  -3  -2  -2    0   0   9   5   0  47  13   0   0   4  10  10   0   0   0   0   4   0   0   0  0.43 0.11
   14 V    -1  -3  -4  -4  -2  -3  -3  -4  -4   2   2  -3   0  -1  -3  -3  -1  -3  -2   5    0   0   0   0   0   0   0   0   0   4  23   0   0   0   0   0   0   0   0  73  0.60 0.14
   15 L    -2  -3  -4  -4  -2  -3  -4  -4  -4   2   4  -3   1   1  -4  -3  -2  -2  -1   2    0   0   0   0   0   0   0   0   0   5  75   0   0   4   0   0   0   0   0  17  0.60 0.12
   16 Y    -3  -3  -3  -4   2  -3  -3  -4   0  -2  -2  -3  -2   4  -4  -3  -3   1   8  -2    0   0   0   0   5   0   0   0   0   0   0   0   0  13   0   0   0   0  82   0  1.39 0.21
   17 Q    -1   2  -1  -1  -4   5   2   0   2  -4  -3   2  -2  -3  -2  -1  -2  -3   0  -3    0  10   0   0   0  45   8   9   5   0   0  19   0   0   0   0   0   0   5   0  0.51 0.11
   18 Y    -3  -3  -3  -4  -4  -2  -3  -4   3  -2  -2  -3  -2   5  -4  -3  -3   1   7  -2    0   0   0   0   0   0   0   0  10   0   0   0   0  24   0   0   0   0  66   0  1.20 0.19
   19 N     1  -1   6   0  -3  -1   1  -1  -1  -4  -4  -1  -3  -4  -3   0  -1  -4  -3  -3   19   0  72   0   0   0  10   0   0   0   0   0   0   0   0   0   0   0   0   0  0.83 0.16
   20 C     0  -3  -2  -2   7  -2  -2  -2  -3  -2  -2  -2  -2  -3   4   1   0  -3  -3  -2    6   0   0   1  41   0   1   1   0   0   1   1   0   0  27  14   5   0   0   1  0.84 0.12
   21 L    -1  -1  -2  -2  -2   3  -1  -3  -1   0   3  -1   1  -1  -2  -1  -1  -2   1  -1    5   0   0   1   0  27   1   1   0   0  52   1   0   0   1   5   1   0   5   1  0.27 0.09
   22 G    -1  -1   2   0  -3   1  -1   5  -1  -3  -3   1  -2  -3  -2  -1  -1  -3  -3  -3    1   0  13   5   0  10   1  55   0   0   1  10   0   0   1   1   1   0   0   1  0.58 0.09
   23 K    -2   4  -1  -2  -4   0   0  -3  -2  -4  -3   6  -2  -4  -2  -1  -2  -4  -3  -3    0  20   0   0   0   0   0   0   0   0   0  80   0   0   0   0   0   0   0   0  0.92 0.17
   24 K    -2   3   2  -1  -4   0   0  -2  -1  -4  -3   6  -2  -4  -2  -1  -1  -4  -3  -3    0  11  10   0   0   0   0   0   0   0   0  79   0   0   0   0   0   0   0   0  0.82 0.16
   25 F    -2  -4  -4  -4  -3  -4  -4  -4  -2   1   0  -4  -1   7  -4  -3  -3   0   2  -1    4   0   0   0   0   0   0   0   0  10   5   0   0  81   0   0   0   0   0   0  1.04 0.17
   26 S     2   1   0  -1  -2   0  -1  -1  -2  -2  -1  -1   0  -3   2   3   0  -3  -2  -2   28  10   4   0   0   4   0   0   0   0   5   0   4   0  10  36   0   0   0   0  0.30 0.08
   27 E    -2  -1  -1   2  -4   1   6  -3  -1  -4  -2   0  -3  -4   2  -1  -2  -4  -3  -3    0   0   0  10   0   0  77   0   0   0   4   0   0   0  10   0   0   0   0   0  0.88 0.16
   28 I     1  -1   1  -1  -2   2  -1   0   1  -1  -1  -1  -1  -3  -2   3   2  -3  -2   0    9   0   9   0   0  14   0   3   4   4   4   0   0   0   0  32  16   0   0   5  0.21 0.07
   29 Q    -2   0  -1  -2  -3   6   0  -3   2   1   0   0  -1  -3  -3  -1  -2  -3  -2   0    0   0   0   0   0  66   0   0   5  10   9   0   0   0   0   0   0   0   0  10  0.60 0.16
   30 I    -2  -4  -4  -4   3  -4  -4  -4  -4   5   1  -4   0   1  -4  -3  -1  -3  -2   3    0   0   0   0   9   0   0   0   0  73   0   0   0   5   0   0   0   0   0  13  0.65 0.14
   31 N    -3  -2   8   0  -4  -1  -1  -2   0  -5  -5  -1  -3  -4  -3   0  -1  -5  -3  -4    0   0 100   0   0   0   0   0   0   0   0   0   0   0   0   0   0   0   0   0  1.45 0.23
   32 S     2   3  -1  -2  -2   0  -1  -1  -1  -3  -3   2  -2  -3  -2   2   1  -3  -2  -2   28  20   0   0   0   0   0   0   0   0   0  20   0   0   0  26   6   0   0   0  0.35 0.09
   33 F    -3  -4  -4  -5  -3  -4  -4  -4  -2   0   1  -4   0   7  -4  -3  -3   0   2   1    0   0   0   0   0   0   0   0   0   0  10   0   0  80   0   0   0   0   0  10  1.05 0.17
   34 I    -2  -4  -4  -4  -2  -3  -4  -5  -4   5   1  -3   1  -1  -4  -3  -1  -3  -2   3    0   0   0   0   0   0   0   0   0  70   8   0   0   0   0   0   0   0   0  22  0.67 0.14
   35 S     0  -1   2   0  -2  -1  -1  -1   4  -4  -4  -1  -2  -3  -2   5   0  -4  -2  -3    0   0  11   4   0   0   0   0  14   0   0   0   0   0   0  70   0   0   0   0  0.62 0.15
   36 Q    -2   0   2   2  -4   3   2  -2   5  -4  -3   1  -2  -3  -2  -1   0  -3  -1  -3    0   0  10  10   0  25  18   0  25   0   0   8   0   0   0   0   5   0   0   0  0.51 0.10
   37 L    -2  -3  -4  -4  -2  -3  -4  -4  -3   2   4  -3   1   2  -4  -3  -2  -2   1   1    0   0   0   0   0   0   0   0   0  13  60   0   0  12   0   0   0   0   5  10  0.48 0.09
   38 I    -2  -3  -4  -4  -2  -3  -4  -4  -4   5   2  -3   2   2  -4  -3  -2  -2  -1   2    0   0   0   0   0   0   0   0   0  61  22   0   4  10   0   0   0   0   0   4  0.54 0.11
   39 T     0  -2   1  -2  -2  -1  -2  -2  -2   2   0  -1  -1  -2  -2   2   3  -3  -2   1    5   0   8   0   0   0   0   0   0  19   4   0   0   0   0  25  31   0   0   8  0.25 0.08
   40 S     1   1   0  -1  -2   2  -1  -1  -1  -3  -3   0   0  -3  -2   5   0  -3  -2  -2    4   9   0   0   0  14   0   0   0   0   0   0   4   0   0  69   0   0   0   0  0.54 0.14
   41 P    -1  -2  -2  -2  -3  -1   1  -3  -2  -3  -3  -1  -3  -4   7   0  -2  -4  -3  -3    1   0   0   1   0   0  10   1   0   0   1   1   0   0  76   6   1   0   0   1  1.61 0.16
   42 V     1   1  -2  -2  -1  -1  -2  -2  -2   2   0  -1   0  -2   2   0   1  -3  -2   2   17  10   0   1   0   0   1   1   0  15   1   1   0   0  10   6   8   0   0  29  0.15 0.05
   43 T     1   0  -1  -1  -2   0  -1  -1  -2  -1  -2   2  -1  -3   1   2   3  -3  -2  -1   15   0   0   1   0   0   1   1   0   4   1  24   0   0   5  17  28   0   0   1  0.25 0.07
   44 R    -1   2   1   2  -3   1   0  -2   1  -1  -2   3  -1  -2  -1   0   1  -2   0  -2    1  14   5  15   0   4   1   1   4   5   1  30   0   1   1   1  11   0   4   1  0.22 0.05
   45 K    -1   1   2   1  -2   0   1  -2  -1  -2   0   3  -1  -2  -1   0  -1  -3  -2  -1    1   4  13  10   0   1  11   1   0   1  11  32   0   1   1   6   1   0   0   5  0.19 0.05
   46 E    -1  -1   2   3  -3   0   3  -1   1  -3  -3   0  -2  -3  -2   1   1  -3  -2  -3    0   0  13  25   0   0  32   4   5   0   0   0   0   0   0  10   8   0   0   0  0.44 0.08
   47 S     1  -1   2   3  -2  -1   0   0  -1  -3  -3  -1  -2  -3  -2   3   1  -3  -2  -2   10   0  10  19   0   0   0   5   0   0   0   0   0   0   0  44   9   0   0   0  0.38 0.09
   48 V     1  -1  -1   1  -1  -1  -1  -1  -1   1   0   0   0  -1  -1   0   1  -2   0   1   16   1   1  11   1   1   2   2   1  13   3   5   1   1   1   7   9   0   5  18  0.05 0.02
   49 A     1   1   1   1  -2   0   0   1   1  -2  -2   0  -1  -1  -1   1   1  -2  -1  -1   15  11   5  11   1   1   2  13   4   1   3   6   1   5   1   7   9   0   1   2  0.10 0.02
   50 N     0   0   3   2  -2   0   0   0  -1  -2  -2   1  -1  -2  -1   2   1  -2  -2  -2    2   1  21  11   1   1   2   6   1   1   3  15   1   1   1  23   6   0   1   2  0.21 0.04
   51 A     0   0   0  -1  -2   0   1   0  -1  -1   0   1  -1  -1  -1   0   0  -1   1  -1   11   1   5   2   1   1  11   6   1   5  12  17   1   1   1   9   2   0  10   2  0.05 0.02
   52 N    -1   0   3   2  -2   0   0  -1   3  -2  -1   0  -1   1   0   0  -1  -2   1  -2    2   5  23  15   0   1   2   2  10   1  10   6   1   8   5   2   1   0   4   2  0.15 0.04
   53 T    -1  -1   1   1  -1  -1  -1  -1   1  -1   0  -1  -1  -1  -1   1   2  -1   2   0    2   1   8  11   0   1   2   2   4   1  12   1   1   1   1  13  22   0  10   6  0.10 0.03
   54 D    -1  -1   0   3  -2  -1   0  -1  -2   1   1  -1   0  -1  -1   0   1  -2  -2   1    2   1   4  25   0   1   2   4   1  12  15   1   1   1   1   5  14   0   1   9  0.10 0.03
   55 G     1  -1   0  -1  -1  -1  -1   2  -1  -1  -1  -1  -1   0  -1   2   0  -2  -1   0   11   1   5   1   0   1   1  23   0   1   6   1   0   5   1  25   5   0   1  12  0.15 0.04
   56 F     0  -1   1   0  -2   1   0   0  -1   0  -1   1  -1   1  -1   0   0  -2  -1   1   11   1   8   5   0  10   5   5   0   6   2  11   0  10   1   5   1   0   1  17  0.04 0.02
   57 D    -1  -1   1   3  -2  -1   0  -2  -1   0  -2   2  -1  -1  -2   1   1  -2   1   1    0   0   7  22   0   0   0   0   0   3   0  19   0   0   0  13   8   0  10  17  0.17 0.06
   58 F    -1  -2   0   1  -2   0  -1   0  -2  -1   0  -2  -1   4   0   0   0  -1   1   0    0   0   4  10   0   8   0   8   0   0   6   0   0  37   5   8   4   0   0   9  0.17 0.07
   59 N     0  -1   2  -1  -2  -1   0   1  -1  -1  -1   0  -1  -3   2   1   2  -3  -2  -1    4   0  17   0   0   0   4   9   0   4   9   7   0   0  10  16  19   0   0   0  0.19 0.05
   60 L     0  -1  -2  -2  -2  -1  -2  -1  -1   0   1   0   1   1  -2   1   1  -1   3   0   11   0   0   0   0   0   0   4   0   4  16   9   5   5   0  11  10   0  19   6  0.11 0.04
   61 L     0  -1   2  -1  -2   0  -1  -2  -1   0   0   0   0  -1   0   1   1  -3   0   1    4   0  15   0   0   4   0   0   0   4  14   9   0   0   4  20  10   0   4  13  0.09 0.04
   62 T     1  -2  -1  -1   1  -1  -1   1  -2  -2  -1   0  -1  -3  -2   3   3  -3  -2  -1    7   0   0   0   4   0   0   8   0   0   5   4   0   0   0  39  33   0   0   0  0.35 0.10
   63 I     0   3  -1   2  -2  -1  -1   0  -2   0  -1   1  -1  -2  -2   0  -1  -3  -2   1    4  27   0  15   0   0   0  10   0   7   4   8   0   0   0   8   0   0   0  17  0.15 0.06
   64 N    -1  -2   4   3  -3  -1   0   2  -1  -4  -4   0  -3  -4   2   1  -1  -4  -3  -3    0   0  28  23   0   0   0  21   0   0   0   4   0   0  12  11   0   0   0   0  0.51 0.09
   65 F    -2  -3  -2  -3  -3  -3  -3  -3  -1  -1  -1  -3  -1   6  -3   2   1   0   3  -2    0   0   0   0   0   0   0   0   0   0   0   0   0  58   0  24   9   0  10   0  0.65 0.14
   66 N     0  -2   1  -2   6  -1  -2  -2   4  -2  -2  -2  -2  -2  -2   2   3  -3   0  -2    5   0   7   0  22   0   0   0  14   0   0   0   0   0   0  21  28   0   2   0  0.43 0.11
   67 A     3  -2  -2  -2  -1  -2  -2  -1  -2   1  -1  -2  -1   0  -2   1   2  -2   0   1   34   0   0   0   0   0   0   0   0  10   0   0   0   4   0  15  18   0   4  14  0.21 0.07
   68 L    -1  -1  -3  -3  -2  -1  -2  -3  -2   1   2   2   6  -1  -3  -2  -1  -3  -2   0    5   0   0   0   0   0   0   0   0   9  14  19  52   0   0   0   0   0   0   0  0.48 0.15
   69 F    -3  -3  -3  -4   2  -3  -4  -4  -1  -1  -1  -3  -1   6  -4  -1  -2   0   6  -2    0   0   0   0   5   0   0   0   0   0   0   0   0  58   0   5   0   0  32   0  0.98 0.16
   70 Y    -2   1  -1  -2  -3  -1  -1  -3   7  -3  -3   1  -2   1  -3  -1   0  -1   5  -3    0   9   0   0   0   0   0   0  41   0   0  10   0   5   0   0  10   0  25   0  0.66 0.14
   71 L    -1  -1  -2  -1  -2   0   2  -3  -2   2   0   1   0  -2  -2   0  -1  -3  -2   2    0   0   0   0   0   0  23   0   0  18   9  14   0   0   0  10   0   0   0  27  0.17 0.07
   72 N     0  -2   3  -1  -2  -1  -1   0  -1  -1  -2  -1   0  -3  -2   3   2  -3  -2   0    4   0  26   0   0   0   0   5   0   0   0   0   5   0   0  29  22   0   0  10  0.31 0.09
   73 K    -2   2   2   1  -4   0   0  -2  -1  -4  -4   5  -2  -4  -2  -1  -1  -4  -3  -3    0   7  10  10   0   0   0   0   0   0   0  74   0   0   0   0   0   0   0   0  0.72 0.15
   74 Q     0   1   2  -1  -4   6   2  -2  -1  -4  -3   0  -2  -4  -2  -1  -1  -3  -2  -3    9   7  10   0   0  65  10   0   0   0   0   0   0   0   0   0   0   0   0   0  0.74 0.16
   75 P    -2  -3  -3  -3  -4  -2  -2  -3  -3  -3  -3  -2   0  -4   8  -2  -1  -5  -4  -3    0   0   0   0   0   0   0   0   0   0   0   0   5   0  91   0   4   0   0   0  2.14 0.22
   76 E    -1   1   1   0  -4   1   4  -2   3  -3  -2   0  -2  -3   1   1  -1  -4  -2  -3    0   9  10   0   0   0  52   0   9   0   5   0   0   0   5  10   0   0   0   0  0.48 0.11
   77 L    -2  -3  -4  -4  -2  -3  -4  -4  -3   3   4  -3   1   1  -4  -3  -2  -2   1   1    0   0   0   0   0   0   0   0   0  18  73   0   0   4   0   0   0   0   5   0  0.59 0.12
   78 Y    -3  -3  -3  -4  -3  -3  -3  -4   0  -1  -1  -3  -1   4  -4  -3  -2   1   7   1    0   0   0   0   0   0   0   0   0   0   0   0   0  18   0   0   0   0  67  15  1.06 0.18
   79 F    -2  -3  -4  -4  -3  -3  -4  -4  -1   0   0  -3  -1   6  -4  -3  -2   0   5   1    0   0   0   0   0   0   0   0   0   0   4   0   0  51   0   0   0   0  30  15  0.83 0.14
   80 V     1  -3  -4  -4  -2  -3  -3  -4  -4   2   1  -3   0  -2  -3  -2  -1  -4  -2   5   10   0   0   0   0   0   0   0   0   5   9   0   0   0   0   0   0   0   0  76  0.55 0.13
   81 V     0  -3  -3  -3  -1  -2  -3  -3  -3   3   0  -2   0  -2  -3   0   1  -3  -2   4    9   0   0   0   0   0   0   0   0  24   0   0   0   0   0   5  10   0   0  52  0.38 0.10
   82 T    -1  -2  -1  -2  -2  -2  -2  -2  -2  -1  -2  -2  -1  -2  -2   2   5  -3   1   2    0   0   0   0   0   0   0   0   0   0   0   0   0   0   0  18  58   0   5  19  0.47 0.13
   83 F    -3  -3  -3  -4  -3  -3  -3  -4   0  -2  -2  -3  -2   5  -4  -1  -2   1   7  -2    0   0   0   0   0   0   0   0   0   0   0   0   0  25   0   5   0   0  70   0  1.21 0.19
   84 A     4  -2  -2  -2  -2  -2  -2  -1  -2  -2  -2  -1  -2  -3   3   2  -1  -4  -3  -1   63   0   0   0   0   0   0   0   0   0   0   0   0   0  18  15   0   0   0   4  0.59 0.13
   85 E     0  -1   0   0  -2   1   4  -1  -1  -3  -2   0  -2  -3  -1   2   0  -2  -2  -2    7   1   1   1   0   1  53   1   0   1   2   1   0   1   1  24   1   0   1   1  0.46 0.09
   86 Q    -1   0  -1  -1  -3   5   2  -2   0  -2  -1   0  -1  -3   2  -1  -1  -2  -2  -2    2   1   1   1   0  54  15   1   0   1   6   1   0   1  10   1   1   0   1   1  0.54 0.10
   87 T     0  -1   1   1  -2  -1  -1  -1  -2  -3  -3   0  -2  -3  -2   5   3  -4  -3  -2    0   0   4   5   0   0   0   0   0   0   0   4   0   0   0  67  20   0   0   0  0.58 0.14
   88 L    -2  -3  -4  -4  -2  -3  -4  -4  -4   2   4  -3   3   0  -4  -3  -2  -3  -2   1    0   0   0   0   0   0   0   0   0  16  75   0   9   0   0   0   0   0   0   0  0.65 0.13
   89 E    -1  -1  -1   1  -3   3   4  -3  -1  -3  -2   0  -2  -3  -2   0   3  -3  -3  -2    0   0   0   7   0  24  37   0   0   0   3   0   0   0   0   0  28   0   0   0  0.50 0.12
   90 L    -2  -3  -4  -4  -2  -3  -3  -4  -3   1   5  -3   1  -1   2  -2   1  -3  -2   0    0   0   0   0   0   0   0   0   0   0  81   0   0   0  10   0  10   0   0   0  0.58 0.13
   91 N    -2  -1   5   3  -3  -1  -1  -2   0  -3  -1   0  -2  -2  -3   0   1  -3   2  -3    0   0  53  16   0   0   0   0   0   0  10   4   0   0   0   0   9   0  10   0  0.50 0.12
   92 Q    -1   3   2  -1  -3   4   1  -2   1  -3  -3   3  -2  -4  -2   0  -1  -3  -2  -3    4  22  13   0   0  27   5   0   4   0   0  21   0   0   0   4   0   0   0   0  0.45 0.09
   93 E    -2   1  -1   1  -4   1   6  -3  -1  -4  -4   0  -3  -3  -2  -1  -2  -3   2  -3    0  10   0   4   0   0  77   0   0   0   0   0   0   0   0   0   0   0  10   0  0.84 0.16
   94 T     4  -2  -2  -2  -1  -1  -2  -1  -2  -1  -2  -1  -1  -3  -2   2   1  -3  -2   1   68   0   0   0   0   0   0   0   0   0   0   0   0   0   0  14   9   0   0  10  0.48 0.12
   95 Q    -1  -1  -1   0  -4   3   6  -3  -1  -4  -4   0  -3  -4  -2  -1  -2  -4  -3  -3    5   0   0   0   0  14  82   0   0   0   0   0   0   0   0   0   0   0   0   0  0.99 0.18
   96 Q    -1   0  -1   0  -4   4   5  -2  -1  -4  -3   1  -2  -4  -2   1  -1  -3  -3  -3    0   0   0   0   0  29  51   0   0   0   0   8   0   0   0  13   0   0   0   0  0.70 0.14
   97 T    -1  -3  -2  -3  -2  -2  -2  -3  -3   1   1  -2   0   1  -3  -1   3  -2  -1   3    0   0   0   0   0   0   0   0   0   5  18   0   0  10   0   0  39   0   0  29  0.31 0.10
   98 L    -2  -3  -4  -4  -2  -3  -4  -4  -4   1   4  -3   1   0  -4  -3  -2  -3  -2   2    0   0   0   0   0   0   0   0   0   0  77   0   0   0   0   0   0   0   0  23  0.64 0.13
   99 A     0   2   2   4  -3   0   0  -2  -1  -3  -3   1  -2  -4  -2   0   0  -4  -3  -2    7  14  13  40   0   4   0   0   0   0   0   8   0   0   0   7   4   0   0   4  0.42 0.08
  100 L    -1  -3  -4  -4  -2  -2  -3  -4  -3   2   4  -3   3   0  -3  -2  -1  -3  -2   2    5   0   0   0   0   0   0   0   0   6  54   0  11   0   0   0   0   0   0  24  0.44 0.09
  101 V     4  -2  -1  -2  -1  -2  -2   3  -2  -2  -2  -1  -2  -3  -2   2  -1  -3  -3   0   51   0   0   0   0   0   0  24   0   0   0   0   0   0   0  16   0   0   0   9  0.42 0.09
  102 L    -1  -3  -3  -4  -2  -3  -3  -4  -3   3   3  -3   1   1  -3  -2   1  -2  -1   2    0   0   0   0   0   0   0   0   0  25  42   0   0   5   0   0  13   0   0  14  0.35 0.07
  103 K     1   1   0   0  -3   2   0   1  -1  -3  -3   4  -2  -4  -2   1  -1  -3  -2  -3   10   0   4   5   0  11   0  10   0   0   0  47   0   0   0  13   0   0   0   0  0.37 0.09
  104 L    -2  -3  -4  -5  -2  -3  -4  -5  -4   1   5  -3   1   0  -4  -3  -2  -3  -2   0    0   0   0   0   0   0   0   0   0   0 100   0   0   0   0   0   0   0   0   0  0.85 0.15
  105 W    -4  -4  -5  -6  -4  -3  -4  -4  -4  -4  -3  -4  -3   3  -5  -4  -4  12   1  -4    0   0   0   0   0   0   0   0   0   0   0   0   0  10   0   0   0  90   0   0  2.97 0.28
  106 N    -2  -1   3   5  -4   0   2  -2  -1  -2  -3   0  -3  -4  -2  -1  -1  -4  -3  -1    0   0  24  45   0   0  17   0   0   0   0   4   0   0   0   0   0   0   0  10  0.60 0.10
  107 S     0  -2   0  -1  -2  -1   1  -1  -2  -3  -3  -1  -2  -3  -2   5   0  -4  -3  -3    0   0   0   0   0   0  10   0   0   0   0   0   0   0   0  90   0   0   0   0  0.77 0.17
  108 L    -2  -3  -4  -5  -2  -3  -4  -5  -4   1   5  -3   1   0  -4  -3  -2  -3  -2   0    0   0   0   0   0   0   0   0   0   0 100   0   0   0   0   0   0   0   0   0  0.85 0.15
  109 H    -1  -1   1   2  -3  -1   1   4   3  -3  -3   0  -2  -3   1  -1  -1  -3  -2  -3    1   1   5  18   0   0  10  38  10   1   1   6   0   0   6   1   1   0   0   1  0.40 0.06
  110 L    -2  -3  -4  -4  -2  -3  -4  -4  -4   2   5  -3   1   0  -4  -3  -2  -3  -2   1    0   0   0   0   0   0   0   0   0  14  81   0   0   0   0   0   0   0   0   5  0.66 0.12
  111 S    -1   0   5   2   1  -1  -1   1  -1  -4  -4   0  -3  -4  -2   2  -1  -4  -3  -3    0   4  48  10   4   0   0  10   0   0   0   5   0   0   0  19   0   0   0   0  0.51 0.10
  112 E    -1  -1   1   4  -3   1   4  -2  -1  -3  -3   1  -3  -4  -2   1   0  -4  -3  -3    0   0   5  26   0   4  40   0   0   0   0   9   0   0   0  11   5   0   0   0  0.54 0.09
  113 S     2  -2  -1   0  -2  -1   1   2  -2   0  -2  -1  -1  -2  -2   2   0  -3  -2   0   17   0   0   5   0   0   9  19   0  10   0   0   0   0   0  33   0   0   0   5  0.21 0.06
  114 I    -2  -3  -3  -3  -2  -3  -3  -4  -3   5   1  -3   1  -1  -3  -2  -1  -3  -2   3    1   1   0   1   0   0   1   1   0  70   6   1   0   0   1   1   1   0   0  15  0.52 0.10
  115 L    -1   1   0  -2  -2   1  -1  -3  -2   1   2  -1   1  -1  -2  -1  -1  -2  -1   1    1  12   5   1   0  14   1   1   0  10  32   1   0   0   1   6   1   0   0  16  0.12 0.04
  116 K     0   1   0   3  -3   2   3  -2  -1  -3  -3   2  -2  -3  -1   0  -1  -3  -2  -2    6   5   0  17   0  10  28   1   0   1   1  22   0   0   1   5   1   0   0   1  0.38 0.06
  117 N     0  -1   7   0  -3  -1  -1  -1   0  -3  -3  -1  -2  -3  -2   0  -1  -4  -3  -3   12   1  79   1   0   0   1   1   0   1   1   1   0   0   1   1   1   0   0   1  0.86 0.14
  118 R    -1   0  -3  -3  -2   0  -2  -3  -2   2   3  -2   2  -1  -3  -2  -1  -2  -2   1    6   8   0   0   0   6   0   0   0  19  46   0   9   0   0   0   0   0   0   4  0.25 0.06
  119 Q     0   0   1  -1  -2   2   0  -1   2  -2  -2   2  -1  -2  -1   2   0  -2  -1  -2    2   1   5   1   0  16   2   2   6   1   2  24   1   1   1  29   1   0   1   2  0.24 0.05
  120 G     0  -1   1  -1  -2  -1  -1   5  -1  -2  -2   0  -2  -2  -1   0  -1  -2   0  -2    8   1   9   1   0   1   2  54   1   1   2   6   1   1   1   2   1   0   6   2  0.46 0.06
  121 Q     0   2   0  -1  -2   2   0  -1   1  -2  -2   4  -1  -2  -1   0   0  -2  -1  -2    8  10   1   1   0   8   2   2   3   1   2  47   1   1   1   2   7   0   1   2  0.29 0.05
  122 N     0   0   2  -1  -2  -1  -1   3  -1  -2  -2   0  -1  -2  -1   1   1  -2  -2  -2    3   7  12   2   1   1   2  35   1   2   3   2   1   1   2  12  11   0   1   2  0.25 0.03
  123 E     0   0   1   0  -2   1   2   0  -1  -1  -2   2  -1  -2  -1   1   0  -2  -1  -1    3   2   6   2   1   1  16   7   1   2   3  27   1   1   2  15   2   0   1   8  0.15 0.03
  124 K     0   2  -1  -1  -2   1   1  -1  -1  -2  -2   4  -1  -2  -1   0  -1  -2  -2  -2    7   9   1   1   1   1   7   2   1   1   2  56   1   1   1   2   2   0   1   2  0.36 0.06
  125 N     0  -1   6   1  -2   0   0  -1   0  -3  -3  -1  -2  -3  -2   0  -1  -3  -2  -2    7   1  67   1   0   1   7   2   1   1   2   1   1   1   1   2   1   0   1   1  0.60 0.10
  126 K     0   2  -1   0  -2   1   2  -1  -1  -1  -2   2  -1  -2   1   0  -1   2  -1   0    7  12   1   1   0   1  26   2   1   1   2  14   1   1   7   6   1   4   1  10  0.19 0.03
  127 H    -2   1   0  -2  -3   0  -1   2   7  -3  -3   0  -2   0  -2  -1  -2  -2   0  -3    1   9   1   1   0   1   1  17  53   1   1   6   0   6   1   1   1   0   0   1  0.61 0.11
  128 N     0  -1   6   1  -3   0  -1   0   0  -3  -3  -1  -2  -3  -2   1  -1  -4  -2  -3    6   0  67   5   0   4   1   6   0   0   1   1   0   0   0   6   1   0   0   1  0.68 0.12
  129 Y    -2  -2  -2  -3   3   2  -1  -3   3   0  -1  -2  -1   3  -3  -1  -2   0   5  -1    0   0   0   0   9  15   0   0   8   6   0   0   0  14   0   6   0   0  39   0  0.45 0.10
  130 V    -1   1  -2  -3   1  -1  -2  -3  -2   2   0   1   1  -2  -2  -1   2  -3  -2   2    0   9   0   0   4   0   0   0   0  26   5  10   4   0   0   0  26   0   0  16  0.18 0.06
  131 D    -2  -2   0   5  -3  -1   1   0   3  -3  -2  -1  -2   2  -2  -1  -2   5   0  -3    1   1   0  45   0   0   5   6  11   1   1   1   0  14   1   1   1  11   0   1  0.50 0.09
  132 I    -1  -2  -2  -2  -2  -2  -1  -3  -3   3   1  -2   0  -1   2  -1   0  -3  -2   3    0   0   0   0   0   0   5   0   0  33  10   0   0   0  11   5   6   0   0  27  0.25 0.06
  133 L    -2  -3  -3  -4  -2  -3  -3  -4  -3   1   4  -3   1   0  -3  -1   0   3  -1   1    0   0   0   0   0   0   0   0   0   0  73   0   0   3   0   5   9   5   0   5  0.46 0.10
  134 Q    -1  -1   1   2  -3   2   3   0   2  -3  -3   0  -2  -1  -2  -1   0  -2   3  -3    4   0   5  14   0  14  31   5   4   0   0   0   0   0   0   0   4   0  18   0  0.35 0.08
  135 G     0  -2   0   4  -3   1   1   4  -2  -4  -4   0  -3  -4  -2  -1  -2  -4  -3  -3    5   0   0  31   0  10   5  43   0   0   0   6   0   0   0   0   0   0   0   0  0.57 0.09
  136 I     1  -3  -3  -3   2  -2  -3  -3  -3   2   3  -2   2  -1  -3  -2   0  -3  -2   2   15   0   0   0   5   0   0   0   0  10  42   0   9   0   0   0   4   0   0  15  0.27 0.06
  137 E    -1  -1   2   3  -4   3   4  -1  -1  -4  -4   0  -2  -4  -2   1  -1  -4  -3  -3    0   0  12  20   0  15  38   3   0   0   0   3   0   0   0  10   0   0   0   0  0.53 0.09
  138 D     0  -1   1   3  -4   1   5  -2  -1  -4  -4   1  -3  -4  -2   0  -1  -4  -3  -3    6   0   4  23   0   0  57   0   0   0   0   5   0   0   0   5   0   0   0   0  0.67 0.11
  139 D    -1  -1   1   4  -4   1   3  -1   1  -4  -4   1  -3  -4  -2   0   0  -4  -2  -3    0   0   5  33   0   4  29   4   5   0   0  10   0   0   0   4   4   0   0   0  0.50 0.08
  140 L    -2   1  -3  -4  -2  -2  -3  -4  -3   3   4  -2   1   1  -3  -3  -2  -2  -1   1    0  10   0   0   0   0   0   0   0  23  58   0   0   4   0   0   0   0   0   4  0.42 0.09
  141 K     0  -1   1   0  -2   0   1  -2  -1  -1   0   1  -1   0  -2   1   0  -3  -1   1    9   0   9   3   0   0  14   0   0   0  11  13   0   5   0  20   0   0   0  15  0.09 0.04
  142 K    -1   1  -1  -2  -4   2   0  -2  -2  -3  -3   6  -2  -4  -2  -1   1  -4  -3  -3    0   0   0   0   0   6   0   0   0   0   0  85   0   0   0   0   9   0   0   0  0.81 0.16
  143 F    -3  -4  -4  -5  -3  -4  -4  -4  -2  -1  -1  -4  -1   8  -5  -3  -3   0   3  -2    0   0   0   0   0   0   0   0   0   0   0   0   0  95   0   0   0   0   5   0  1.40 0.20
  144 E    -2  -2   0   6  -4   0   3   0  -2  -4  -4   0  -4  -4  -2  -1  -2  -5  -4  -4    0   0   0  65   0   0  21   9   0   0   0   4   0   0   0   0   0   0   0   0  0.89 0.13
  145 Q    -1   3   1  -1  -3   4   2  -2  -1  -3  -3   3  -2  -4  -2   0   0  -3  -2  -3    0  16   5   0   0  28  10   0   0   0   0  32   0   0   0   4   5   0   0   0  0.49 0.09
  146 Y    -3  -3  -3  -4  -4  -3  -3  -4   1  -2  -2  -3  -2   4  -4  -3  -3   1   8  -2    0   0   0   0   0   0   0   0   0   0   0   0   0  10   0   0   0   0  90   0  1.52 0.21
  147 F    -3  -3  -4  -4  -3  -3  -4  -4  -3   0   3  -4   1   6  -4  -3  -2  -1   1  -1    0   0   0   0   0   0   0   0   0   0  46   0   0  54   0   0   0   0   0   0  0.76 0.13

                      K         Lambda
Standard Ungapped    0.1348     0.3192
Standard Gapped      0.0420     0.2670
PSI Ungapped         0.1373     0.3129
PSI Gapped           0.0420     0.2670
