
Last position-specific scoring matrix computed, weighted observed percentages rounded down, information per position, and relative weight of gapless real matches to pseudocounts
            A   R   N   D   C   Q   E   G   H   I   L   K   M   F   P   S   T   W   Y   V   A   R   N   D   C   Q   E   G   H   I   L   K   M   F   P   S   T   W   Y   V
    1 S    -1  -3  -2  -3  -3  -3  -3  -3  -3  -4  -4  -3  -4  -5  -3   6   4  -5  -4  -3    0   0   0   0   0   0   0   0   0   0   0   0   0   0   0  72  28   0   0   0  1.29 0.46
    2 Y    -1   1   1  -3  -4  -2  -2  -4   1  -3  -4   5  -3  -1  -4   2  -1  -4   2  -1    3   5   8   0   0   0   0   0   4   1   0  43   0   2   0  19   2   0   9   4  0.64 0.36
    3 Q    -3   5  -3  -3  -5   3   2  -1   1  -5  -5   3  -4  -5  -4   0  -2  -5  -4  -4    1  32   0   0   0  15  16   6   3   0   0  17   0   0   0   6   2   0   0   1  0.78 0.38
    4 P    -2   2   3   0  -5  -3  -2  -4  -1  -3  -5  -1  -1  -6   6   1  -1  -3  -5  -2    3  10  13   5   0   1   1   0   1   2   0   4   2   0  41  11   3   0   0   2  0.95 0.44
    5 S     2   4   1  -1  -3  -2  -3  -2  -1  -3  -5  -2  -4  -5  -4   2   4  -6  -5  -1   17  20   7   3   0   1   0   2   1   1   0   0   0   0   0  17  27   0   0   4  0.63 0.40
    6 I    -5  -7  -7  -7  -5  -6  -7  -7  -7   6  -1  -6  -2   4  -7  -6  -4  -5  -3   5    0   0   0   0   0   0   0   0   0  38   5   0   0  18   0   0   0   0   0  39  1.50 0.61
    7 I    -3  -6  -7  -7  -2  -6  -7  -7  -7   1   6  -6   0  -1  -6  -6  -5  -5  -3   2    2   0   0   0   1   0   0   0   0   7  71   0   2   2   0   0   0   0   1  15  1.42 0.60
    8 I    -5  -6  -7  -7  -5  -6  -7  -8  -7   4   5  -6   3   1  -7  -6  -5  -5  -4  -1    0   0   0   0   0   0   0   0   0  24  62   0   7   5   0   0   0   0   0   3  1.48 0.61
    9 A     1  -4  -5  -6   2  -5  -5  -5  -5   1   3  -5   0  -2  -5  -1   1  -5  -4   4   10   0   0   0   4   0   0   0   0   6  33   0   2   1   0   5  10   0   0  29  0.70 0.39
   10 G    -5  -7  -5  -6  -8  -7  -4   8  -7  -9  -9  -7  -8  -8  -7  -5  -7  -8  -8  -8    0   0   0   0   0   0   1  99   0   0   0   0   0   0   0   0   0   0   0   0  2.87 1.00
   11 P    -1  -6  -5  -6   0  -4  -6  -5  -6  -1   4  -6  -2  -5   6  -3  -3  -6  -6  -3    5   0   0   0   2   1   0   1   0   3  45   0   0   0  40   2   1   0   0   1  1.38 0.63
   12 Q    -1  -3   0   4   6  -1  -3  -5  -5  -5  -3  -2  -1  -6  -1   4  -1  -7  -6  -4    3   1   5  20  19   2   1   0   0   0   2   2   2   0   4  36   3   0   0   1  0.96 0.52
   13 N    -1  -5   5   4  -6  -4   0   5  -1  -7  -7  -4  -6  -7  -6  -2  -5  -7  -3  -7    5   0  24  25   0   0   6  36   1   0   0   0   0   0   0   1   0   0   1   0  1.21 0.56
   14 S     5  -5  -4  -5  -2  -5  -5  -1  -6  -6  -6  -5  -5  -7  -5   5  -1  -7  -6  -3   42   0   0   0   1   0   0   5   0   0   0   0   0   0   0  48   2   0   0   1  1.43 0.71
   15 G    -5  -7  -5  -6  -8  -7  -7   8  -7  -9  -9  -7  -8  -8  -7  -5  -7  -8  -8  -8    0   0   0   0   0   0   0 100   0   0   0   0   0   0   0   0   0   0   0   0  2.94 1.03
   16 K    -6  -3  -5  -6  -8  -4  -4  -7  -6  -8  -8   8  -7  -9  -6  -4  -6  -8  -7  -8    0   0   0   0   0   0   0   0   0   0   0  99   0   0   0   1   0   0   0   0  2.97 1.11
   17 T    -4  -6  -5  -6  -6  -6  -6  -7  -7  -6  -7  -6  -6  -8  -6  -1   8  -8  -7  -5    1   0   0   0   0   0   0   0   0   0   0   0   0   0   0   4  96   0   0   0  2.80 1.13
   18 S     3  -5  -3  -5  -1  -4  -4  -4  -2  -2   1  -3  -2  -4  -5   3   4  -6  -2   0   29   0   0   0   1   0   0   0   1   2  12   1   1   0   0  18  28   0   1   6  0.71 0.47
   19 L    -4  -6  -7  -8  -5  -6  -7  -8  -7   4   6  -7   1   2  -7  -6  -5  -6  -4  -2    1   0   0   0   0   0   0   0   0  22  64   0   3   9   0   0   0   0   0   1  1.52 0.66
   20 L    -4  -6  -7  -7   1  -4  -7  -7  -4  -3   4  -7  -2   7  -7  -5  -3   1   2  -2    1   0   0   0   3   1   0   0   0   1  35   0   1  46   0   1   2   2   6   3  1.51 0.65
   21 T     0  -2   0  -4  -1  -1  -3  -3   1  -2  -1   1   1   0  -4   2   3  -3   5  -1    6   2   5   0   1   3   1   2   3   2   5   8   3   3   0  15  17   0  21   3  0.40 0.32
   22 L    -2   3  -2  -4  -1   4  -2  -4   1  -4   2   3   0  -3  -5  -1  -1  -1  -1  -4    2  16   2   0   1  21   1   1   3   0  21  20   2   1   0   3   3   1   2   0  0.60 0.41
   23 L    -5  -5  -7  -7  -5  -6  -7  -7  -7   0   6  -6   0   2  -7  -6  -4  -2  -3  -2    1   0   0   0   0   0   0   0   0   4  81   0   1   8   0   0   1   1   0   2  1.71 0.72
   24 T     1   2  -3  -3   0   1   2  -3  -3  -1   0   2  -1  -3  -3  -1   1  -4  -4   1   14  12   0   0   2   5  13   1   0   4  10  12   1   0   0   4  10   0   0  12  0.22 0.22
   25 T    -1   1   1   2  -1   0  -1  -1   2  -2  -1  -1  -2  -1  -4   1   1  -3   3  -2    4   9   7  11   1   3   3   3   6   2   8   2   1   2   0  12  12   0  12   1  0.20 0.20
   26 D    -3   0   1   1  -6  -1   2   5  -1  -6  -6   2  -5  -6  -4  -1  -3  -6  -5  -6    1   6   8   8   0   2  15  41   2   0   0  11   0   0   1   5   1   0   0   0  0.81 0.43
   27 S    -2   1   0   2  -3   1   2  -2   0  -4  -3   3  -3  -4  -1   2   0  -5  -4  -3    2   6   3  11   0   6  15   3   2   1   2  18   0   0   2  20   7   0   0   1  0.41 0.30
   28 V    -1  -2   0  -2  -2  -1  -2  -3   3   2   0  -1   0   1   0  -1   2  -1   2   2    4   2   4   1   1   2   2   1   9  11   9   2   2   7   5   5  13   1   7  14  0.16 0.16
   29 R    -1   2  -1  -2  -1   1  -1  -3   1   0  -1   1  -1  -3   1   0   1  -4  -3   2    5  11   3   1   1   8   3   0   4   5   6   8   1   1   8   7  10   0   0  19  0.18 0.19
   30 P     0  -1  -1   0  -4   2   1   0   2  -4  -3  -1  -1  -5   4   1   2  -5  -4  -3    7   3   2   5   0   9   8   9   5   0   2   4   1   0  21   8  14   0   0   1  0.42 0.29
   31 T    -2  -6  -4  -6  -3  -5  -5  -6  -6   0  -5  -5  -5  -6  -6   0   8  -7  -6  -1    3   0   1   0   0   0   0   0   0   6   1   0   0   0   0   5  81   0   0   3  2.06 0.91
   32 V    -2   0  -4  -5   0   1  -3  -5   6   1  -3  -4  -3   2  -4  -3   1  -4   2   4    2   4   0   0   2   8   1   0  19   8   1   0   0   8   1   1   8   0   7  29  0.69 0.42
   33 V    -1  -5  -5  -5  -3  -5  -5  -6  -6  -2  -4  -5   0  -6   4   1   6  -7  -6  -1    5   0   0   0   0   0   0   0   0   2   1   0   3   0  20   8  57   0   0   4  1.43 0.72
   34 S    -2  -5  -2  -5  -5  -5  -5  -5  -6  -6  -6  -4  -6  -7  -3   7   3  -7  -6  -6    2   0   1   0   0   0   0   0   0   0   0   1   0   0   1  76  18   0   0   0  1.91 0.90
   35 Q    -4  -3  -4  -3  -5   5  -3  -5  -3   4   1  -3   6  -3  -6  -4  -2  -6  -4  -1    1   1   0   1   0  29   1   1   0  25  10   1  21   1   0   1   3   0   0   3  1.06 0.57
   36 E    -2  -2  -2  -1  -2   2   4   2  -3  -2  -3   1  -3  -2  -2  -2   2  -5  -4   0    2   1   1   2   1   9  26  17   0   3   2  10   0   2   1   2  12   0   0   8  0.41 0.32
   37 P    -2  -4   5   0  -3  -2   1  -5  -1  -5  -3  -3  -5  -6   5   0   0  -7  -4  -3    3   0  28   5   1   1  10   0   1   1   2   1   0   0  33   7   6   0   0   2  1.00 0.53
   38 L    -3  -4   6  -3  -5  -2  -2  -3  -1   2   0  -3  -4  -2  -4   1  -1  -6  -2   2    1   0  42   0   0   1   2   1   2  11   7   1   0   2   1   9   3   0   1  14  0.80 0.46
   39 S     0   0   0  -1  -3   0   2   0  -2   0  -2   2  -2  -3  -1   2   0  -5  -3   0    5   4   5   3   0   2  18   6   0   7   3  14   0   1   3  18   4   0   1   7  0.20 0.20
   40 A     3  -3  -1   1   1  -1  -1   1  -1  -3  -1  -2  -2  -3  -3   2   2  -5  -3  -1   24   1   2   8   2   2   4   9   2   0   6   1   1   1   1  18  14   0   0   3  0.31 0.27
   41 A     0  -1  -1  -2  -1  -1   0  -3  -1   1   0   0  -1   0  -2   1   1  -4  -1   3    7   3   3   2   1   2   6   1   1   5   8   6   1   4   1  10  11   0   2  26  0.15 0.17
   42 D    -1  -1   2   2   0   2   2  -1   0  -2  -2   1  -1  -1   1   1   1   1  -1  -2    4   1  11  11   2   8  12   3   2   3   3   7   1   2   5   9   8   2   2   2  0.17 0.15
   43 Y    -1   1   0   0  -1   0   0   0   0   0  -2   1  -2   0  -2   2   0  -3   3  -1    4   6   5   4   1   3   5   6   2   5   3  12   0   4   1  16   5   0  12   5  0.12 0.15
   44 D    -2   1   2   2  -4   1   0  -2   0  -1  -2   3  -3  -3  -1   1   1  -1  -1  -3    2   5  10  11   0   5   6   2   2   4   3  24   0   1   3  10   7   1   2   1  0.29 0.22
   45 G     0  -2   3  -1  -3  -1  -2   4   0  -3  -3   1  -3  -5   1   0  -1  -4  -3  -2    6   1  16   3   0   2   1  31   3   2   2  10   0   0   7   7   3   0   1   2  0.45 0.28
   46 S     0   1   0  -3  -3   0  -1  -2  -2   0  -2   4  -1   2  -2   0   0  -4  -3   0    7   8   5   1   0   3   2   3   1   8   3  31   1   9   2   6   6   0   0   5  0.29 0.24
   47 G    -2   0   1  -2   0   0  -1   0   0  -3  -3   4  -2  -2   2   2   1  -1  -2  -3    2   5   6   1   2   2   3   6   2   1   2  28   1   2  10  15   8   1   1   2  0.35 0.26
   48 V    -3  -4  -5  -6  -3  -4  -5  -4  -4   2   3  -4   0   5  -5  -4  -2   0   3   3    1   1   0   0   0   1   0   1   0   9  24   1   2  26   0   0   2   1   8  21  0.77 0.38
   49 T    -2   3   3  -2  -3   1  -1  -3   3  -2   0   1  -2  -3  -3  -1   3  -5  -3  -1    2  15  13   1   0   6   3   1   8   1   8  10   0   1   1   4  20   0   0   4  0.37 0.28
   50 L    -4  -6  -7  -7  -5  -6  -6  -7  -6   3   4  -6   1   0  -6  -5  -4  -2  -3   4    0   0   0   0   0   0   0   0   0  14  44   0   3   4   0   0   0   1   1  33  1.18 0.53
   51 V    -3  -2  -6  -5  -2  -3  -6  -7  -6   5  -1  -3  -2  -3  -6  -5  -3   8  -3   5    1   3   0   1   1   1   0   0   0  27   4   2   1   0   0   0   1  18   1  40  1.37 0.59
   52 D    -6  -4  -2   9  -8  -5  -2  -6  -6  -8  -8  -5  -7  -8  -6  -5  -6  -8  -7  -8    0   1   1  94   0   0   2   0   0   0   0   0   0   0   0   0   0   0   0   0  2.91 1.03
   53 F    -3  -5  -4  -5  -4  -5  -4  -6  -5   4   1  -5  -2   3  -5  -4   2  -4   2   3    1   0   0   0   0   0   1   0   0  24  13   0   0  13   0   0  16   0   8  23  0.77 0.40
   54 P    -5  -7  -6  -6  -7  -3  -6   3  -7  -7  -7  -6  -7  -8   8  -5  -6  -8  -7  -7    0   0   0   0   0   1   0  19   0   0   0   0   0   0  78   0   0   0   0   0  2.64 0.98
   55 G    -4  -7  -5  -6  -7  -6  -7   8  -7  -8  -8  -6  -7  -8  -7  -5  -6  -7  -8  -5    0   0   0   0   0   0   0  98   0   0   0   0   0   0   0   0   0   0   0   1  2.76 0.99
   56 H    -3  -5   0  -4  -7   4  -4  -6  10  -7  -5  -4  -6  -4  -6  -2  -6  -7   0  -7    2   0   4   1   0  20   0   0  64   0   1   0   0   1   0   2   0   0   2   0  2.50 0.96
   57 V    -1   1  -1   2  -4  -1   2   2  -1  -3  -2  -1  -3  -3   3   0  -1  -3  -2  -3    5  10   1  10   0   1  18  16   1   1   5   3   0   1  14   6   4   0   2   1  0.32 0.24
   58 K    -2   6  -4  -5  -6  -2  -3  -4  -2  -4  -6   6  -5  -6  -5   0  -4  -6  -5  -6    3  36   0   0   0   1   1   1   1   1   0  48   0   0   0   8   1   0   0   0  1.51 0.68
   59 L    -3  -6  -6  -6  -5  -4  -6  -7  -6   4   5  -6   0  -1  -6  -5  -3  -5   0   0    2   0   0   0   0   1   0   0   0  26  58   0   1   1   0   0   1   0   3   6  1.24 0.55
   60 R    -5   8  -5  -6  -7   0  -3  -6   0  -5  -6   1  -5  -3  -6  -2  -3  -3  -3  -6    1  79   0   0   0   3   1   0   2   1   0   7   0   1   0   2   1   0   1   0  2.13 0.85
   61 Y    -1  -1   2   1  -2   0  -1  -1   2  -3  -2   0  -2   0   4   1  -1  -4   1  -3    4   2  11   9   1   5   2   5   6   1   5   4   1   5  22  10   3   0   5   1  0.35 0.25
   62 K    -2   0  -2  -3  -4   3   0  -2   2  -3   0   3  -1  -1  -4   0  -1   1   3  -1    3   4   1   0   0  17   6   3   5   1  12  17   1   2   0   7   3   2  13   4  0.30 0.27
   63 L     1  -5  -5  -6   1  -3  -5  -5  -5   0   3  -5  -1   4  -5  -3  -2   8   1   0   12   0   0   0   3   1   0   0   0   4  25   0   1  19   0   2   3  20   4   5  0.96 0.47
   64 S    -2   3  -1   0  -4  -1   0  -3  -1   0   1   1   1   2  -1  -1  -1  -1   0  -1    1  18   2   6   0   2   7   1   1   7  17   9   4  10   3   4   4   1   2   2  0.15 0.16
   65 D    -1   0   3   3   0   1   4  -2   3  -5  -4   1  -4  -5  -3   0   0  -5  -3  -4    5   4  13  14   2   4  26   2   8   0   1  10   0   0   1   6   4   0   0   0  0.52 0.33
   66 Y    -2   0  -1  -3  -5   1  -1  -4   2  -2   0   2  -1   2  -2  -2  -1   0   6  -2    2   5   3   1   0   6   4   1   5   2  10  13   1   9   2   2   3   1  30   2  0.56 0.35
   67 L    -2  -5  -5  -6  -4  -3  -5  -6  -2   2   4  -4   0   5  -5  -3  -2  -3   4  -1    3   0   0   0   0   1   0   0   1  11  38   1   1  23   0   1   3   0  13   2  0.88 0.43
   68 K     0   1   0   0  -4   2   2  -2  -3  -3  -3   4  -3  -4   3   0  -2  -4  -3  -3    7   7   4   4   0   9  13   3   0   1   3  24   0   1  14   6   1   0   0   1  0.44 0.27
   69 T     0  -1   4   2  -3   1   1  -1   0   0  -3   0  -3  -4  -2   1   1  -4  -3  -1    8   3  20  10   0   8   8   3   2   6   2   4   0   0   2  11   8   0   0   3  0.26 0.20
   70 R     3   0   1  -1   0   0  -1  -1   0  -1  -2   0  -2  -3  -1   2   2  -3  -2  -1   24   5   7   2   2   3   4   3   3   3   4   5   1   1   3  16  12   0   1   2  0.21 0.15
   71 A     3  -1  -1  -1   0  -1  -1  -1  -1  -1   0   0  -1  -2   0   1   1  -2  -1  -1   29   3   3   3   2   2   3   4   1   4   8   7   1   2   4   8   8   0   3   4  0.14 0.11
   72 K     0   1   1   0  -1   1   0   0   0  -1  -1   1  -1  -1   0   1   0  -1  -1  -1    7   6   7   6   1   6   6   7   2   3   6  13   1   2   5  11   5   1   2   5  0.07 0.03
   73 F     0   0   1   0  -1   0   0   0   0  -1  -1   1  -1  -1   0   1   0  -1  -1   0    6   6  10   4   1   4   4   7   3   4   6  10   2   3   3  12   4   1   2   8  0.05 0.02
   74 V     0  -2  -2  -2   1  -2  -2  -2  -1   2   1  -1  -1  -1  -1  -1   3  -2  -2   2    9   2   2   2   3   1   2   3   1  10  17   3   1   2   3   2  21   0   1  15  0.19 0.13
   75 K    -1   4   0   2  -1   2  -1  -3  -1  -3  -2   4  -2  -1  -3  -2  -2  -3  -3  -2    4  22   3  12   2   9   2   2   1   1   3  28   1   3   1   3   1   0   1   3  0.54 0.29
   76 G     3  -4  -3  -4   3  -3  -5   5  -5  -2  -3  -4  -3  -5  -5  -2  -3  -5  -5   1   24   1   1   0   7   1   0  47   0   3   2   1   0   0   0   1   1   0   0  11  1.01 0.49
   77 L    -4  -6  -6  -5  -3  -6  -6  -7  -6   6   3  -6  -2  -2  -6  -5  -4  -6  -5   4    0   0   0   1   0   0   0   0   0  40  26   0   0   1   0   0   0   0   0  30  1.32 0.57
   78 I    -1  -6  -6  -2  -2  -5  -6  -6  -6   6  -1  -5   0  -3  -6  -5  -3  -6  -5   5    4   0   0   3   1   0   0   0   0  43   5   0   1   1   0   0   1   0   0  40  1.33 0.58
   79 F    -4  -6  -6  -7  -3  -6  -6  -6  -4  -3  -2  -6  -2   8  -7  -6  -6  -2   6  -2    2   0   0   0   1   0   0   0   0   1   2   0   1  62   0   0   0   0  26   3  2.21 0.81
   80 M    -4  -6  -6  -5  -5  -4  -6  -6  -6   0   0  -5   5  -2  -6  -5  -2  -6  -5   7    1   0   0   1   0   1   0   0   0   2   8   0  14   2   0   0   2   0   0  67  1.56 0.68
   81 V    -3  -5  -6  -4  -3  -4  -5  -6  -6   5   1  -5  -1  -4  -5  -5  -3  -5  -4   6    2   0   0   1   0   1   0   0   0  27  10   0   1   0   0   0   1   0   0  55  1.35 0.58
   82 D    -3  -6   0   8  -7  -5  -3  -5  -5  -7  -7  -5  -7  -7  -5  -4  -5  -7  -7  -7    2   0   3  90   0   0   0   0   0   0   0   0   0   0   0   1   0   0   0   0  2.64 0.96
   83 S     3  -5  -4  -4   0  -4  -4  -1  -5  -4  -5  -4  -5  -6  -5   6  -1  -6  -5  -4   24   0   0   0   2   0   0   4   0   1   1   0   0   0   0  63   3   0   0   1  1.41 0.71
   84 T     3  -3  -1  -2  -1  -1  -2  -2  -3  -2  -1  -2  -2  -2  -3   3   1  -4  -3   2   29   1   2   1   1   3   2   2   0   2   4   1   1   1   1  26   8   0   0  13  0.44 0.31
   85 V     1  -2   1   1  -2  -1   0  -2  -1   0  -2  -1  -2  -3  -2   2   4  -3  -3  -1   12   2   7   6   1   2   6   3   1   5   2   2   1   1   1  13  29   0   1   5  0.31 0.22
   86 D    -3  -5  -2   5  -3  -3  -1  -5  -3   2   1  -5  -1   5  -5  -3  -4  -4  -2   1    1   0   2  35   1   0   4   0   0  11  11   0   1  23   0   1   0   0   0   9  0.85 0.46
   87 P     0   2  -1   0  -4   4  -1  -2   0  -1  -1   1  -1  -4   2   1  -1  -5  -4  -2    9  12   1   4   0  20   3   2   3   4   8   6   2   0  10  12   3   0   0   2  0.29 0.26
   88 K    -1   3  -2   1  -3   1   2  -3  -1  -5  -5   4  -4  -6   2   1  -2  -6  -5  -4    5  17   1   7   1   4  15   2   1   0   0  26   0   0   9  10   2   0   0   1  0.57 0.36
   89 K    -2   4   4   1  -4   1   2  -1   0  -4  -4   0  -3  -5  -4   0  -1  -5  -4  -2    3  23  19   8   0   6  16   4   2   1   1   3   1   0   0   7   4   0   0   3  0.54 0.35
   90 L     0  -2  -4  -3   3  -4  -4  -1  -5   3   3  -3   1   2  -5  -2  -3  -2  -3   2    7   2   0   1   5   0   1   6   0  17  31   1   3   7   0   3   0   1   0  14  0.43 0.27
   91 T     1   4  -1   0  -3   0   2  -2   1  -4  -4   3  -4  -5  -1  -1   1  -5  -4  -2   10  27   2   4   0   3  12   3   3   1   1  15   0   0   3   3   9   0   0   2  0.48 0.32
   92 T     1  -3  -2   4  -5   0   4  -4  -1  -4  -3  -1  -3  -5   0  -1  -1  -6  -4  -2   10   1   1  27   0   4  33   1   1   1   2   3   1   0   4   4   4   0   0   4  0.72 0.43
   93 T     3  -5  -3  -2  -2  -4  -3  -3  -5   1  -3  -4  -2  -5  -5  -1   3  -6  -3   4   29   0   1   2   1   0   1   2   0   7   0   0   0   0   0   3  22   0   1  32  0.80 0.48
   94 A     6  -1  -5  -5  -2  -4  -4   1  -2  -5  -5  -2  -5  -6  -5   1  -2  -6  -5  -1   70   4   0   0   1   0   0   8   1   0   0   2   0   0   0   8   2   0   0   3  1.30 0.65
   95 E    -1  -2  -1   1  -6   2   6  -2  -1  -5  -3   0  -4  -5  -5  -1  -1  -6  -3  -3    6   2   2   7   0   8  54   3   1   0   3   4   0   0   0   4   3   0   1   2  0.96 0.52
   96 F    -2  -4  -3  -3  -4   0   2  -4   2  -3   0  -2  -1   4  -5  -3  -2  -3   6  -3    3   0   1   1   0   4  15   1   5   1   8   2   1  19   0   2   2   0  32   1  0.89 0.47
   97 L    -4  -6  -7  -7  -5  -6  -6  -5  -6  -2   7  -6   0  -1  -6  -5  -5  -5  -5  -2    1   0   0   0   0   0   0   1   0   1  89   0   2   2   0   1   0   0   0   1  1.91 0.77
   98 V    -2  -5  -2  -3  -3  -2  -4  -5   6  -3  -1  -5  -3   3  -5  -3  -3  -3   8  -2    4   0   2   1   1   1   1   1  19   1   5   0   1  11   1   1   1   0  46   4  1.45 0.64
   99 D    -1   0   1   6  -3   1   3  -4  -2  -5  -3  -1  -3  -3  -4   0   0  -6  -3  -3    4   6   7  40   1   5  16   0   1   0   2   2   1   1   0   6   6   0   1   1  0.76 0.42
  100 I    -3  -5  -6  -6  -2  -5  -6  -6  -6   5   3  -5   3  -3  -6  -5  -2  -5  -4   4    1   0   0   0   1   0   0   0   0  31  29   0   7   0   0   0   2   0   0  28  1.11 0.50
  101 L    -3  -5  -5  -6  -2  -5  -6  -5  -6   0   6  -6   1   2  -6  -5  -5  -5  -3  -2    3   0   0   0   1   0   0   1   0   4  76   0   3   8   0   1   0   0   1   1  1.46 0.63
  102 S     0  -2   1  -2  -1  -1   0  -2   1  -2   1  -1  -1  -2  -2   2   3  -4  -2  -1    6   2   6   2   1   3   6   2   3   2  18   4   1   1   1  20  20   0   1   2  0.24 0.22
  103 I     1  -1   0   3  -1  -1   1  -1   0   1   0  -1   0  -1  -2   0   0  -3  -2   0   11   2   3  17   1   2  11   4   3  11   8   2   2   3   1   5   5   0   1   8  0.10 0.10
  104 T    -2  -2   2   2  -1  -2   0  -3  -1  -1   2   0  -1  -1   0  -1   2  -3  -2  -1    3   1  13  11   1   1   6   1   1   3  24   7   0   2   4   4  12   0   1   4  0.19 0.18
  105 E     1  -1  -2  -1  -4   3   4  -3  -2  -4  -3   1  -4  -5   1   1   1  -5  -3  -3   10   2   1   3   0  15  28   1   0   1   2   9   0   0   6   9   9   0   1   1  0.51 0.34
  106 S     0   0   0  -1   0  -1   0  -2  -1  -1   1   1   0  -1  -2   2   1  -3  -2   0    6   4   4   3   2   1   5   2   1   2  17  11   3   2   2  19   9   0   1   5  0.10 0.13
  107 S    -1   4  -2  -2  -4  -2   0  -2  -2   0  -1   1  -2  -1   0   0  -1  -4  -2   2    5  23   1   2   0   1   7   2   1   6   5  10   0   3   5   6   2   0   1  19  0.26 0.22
  108 C     1  -1   0   0   0   0  -1  -1   0   0   0   1   0  -1  -1   1  -1  -3  -1   1   16   2   4   6   2   4   2   3   3   5  11  11   1   3   2  11   2   0   1  12  0.06 0.09
  109 E     0   2   0  -1  -2   0   0  -2   1  -2   0   3  -1  -2   2   0   0  -3  -2  -2    8  11   3   3   1   4   3   2   4   2   9  20   1   2  11   5   6   0   1   3  0.19 0.15
  110 N     0   2   4  -1  -2   1   0  -2   2  -3  -3   3  -1  -4  -1   0   0  -4  -2  -2    7   9  22   3   1   5   4   2   4   1   2  19   1   0   3   7   6   0   1   2  0.35 0.24
  111 G     1   2   1  -2  -2   0   0   3  -2  -2  -2   2  -2  -4   0   0   0  -4  -3  -2   11  11   6   1   1   3   5  21   1   2   3  13   1   0   5   6   7   0   0   2  0.24 0.17
  112 I    -2  -1  -4  -4   1  -4  -4  -5  -4   4   0  -4  -1  -2   3  -3   0  -4  -4   4    3   3   0   0   3   0   1   1   0  25   6   1   1   1  15   2   6   0   0  32  0.70 0.37
  113 D    -1  -2  -2   2  -2  -2  -3  -4   0  -4  -4  -1  -3  -5   7   1  -3  -6  -5  -4    4   2   2  10   1   2   1   1   2   1   2   4   1   0  57   9   1   0   0   1  1.42 0.60
  114 I    -4  -6  -6  -7  -3  -6  -6  -7  -6   4   3  -6   1   2  -6  -5  -3  -5  -2   5    0   0   0   0   0   0   0   0   0  18  32   0   3   8   0   0   1   0   1  36  1.09 0.51
  115 L    -5  -5  -8  -8  -2  -5  -7  -8  -5   0   6  -7   2  -3  -7  -6  -4  -6  -5  -1    1   0   0   0   1   0   0   0   0   3  86   0   4   1   0   0   0   0   0   3  1.83 0.77
  116 I    -5  -7  -7  -7  -5  -6  -7  -7  -7   6   1  -6  -1  -1  -7  -6  -4  -6  -5   5    0   0   0   0   0   0   0   0   0  51   9   0   1   3   0   0   0   0   0  35  1.61 0.67
  117 A     5  -5  -6  -6   1  -5  -5  -4  -3  -2   1  -5  -3   5  -5  -4  -4  -3  -1   0   47   0   0   0   2   0   0   0   1   1  16   0   0  22   0   0   0   0   2   7  1.02 0.55
  118 C     5  -7  -5  -7  10  -6  -7  -3  -7  -3  -4  -6  -3  -7  -6  -3  -4  -7  -7  -1   41   0   0   0  49   0   0   2   0   2   1   0   1   0   0   1   1   0   0   4  2.23 0.87
  119 N    -5  -5   9  -4  -8  -5  -5  -4   3  -8  -8  -5  -7  -8  -7  -3  -2  -9  -7  -8    1   0  89   0   0   0   0   1   6   0   0   0   0   0   0   1   3   0   0   0  2.84 1.09
  120 K    -6  -2  -5  -6  -8  -2  -4  -6  -6  -8  -7   8  -6  -8  -6  -5  -6  -8  -7  -7    0   1   0   0   0   1   0   0   0   0   0  98   0   0   0   0   0   0   0   0  2.85 1.10
  121 S    -1  -1   0  -4   1   7  -2  -4  -3  -5  -4  -3   3  -2  -5   1   2  -6  -4  -3    5   3   5   0   3  46   1   1   0   0   2   0   6   2   0  12  13   0   0   1  1.03 0.61
  122 E    -7  -6  -2   8  -8  -5   1  -5  -6  -8  -8  -5  -8  -8  -6  -5  -6  -9  -8  -8    0   0   1  91   0   0   7   1   0   0   0   0   0   0   0   0   0   0   0   0  2.80 1.05
  123 L    -2  -4  -5  -4  -1   1  -1  -5  -2   1   5   1   1  -2  -5  -2  -4  -5  -3   0    2   0   0   1   1   6   3   0   1   7  56  10   3   1   0   4   0   0   0   5  0.75 0.43
  124 F     0  -3  -4  -4  -1  -3  -3  -3  -1  -1   1  -3  -1   5   3  -1   1  -4  -2   1    8   1   0   1   1   1   1   2   1   2  11   1   1  29  14   5   9   0   0  12  0.51 0.34
  125 T    -2  -3   2   0  -5  -2  -3   0  -2  -3  -1  -1   3  -3  -5   0   6  -6  -5  -3    2   1  11   5   0   2   1   7   1   1   6   3   8   1   0   5  46   0   0   1  0.75 0.48
  126 A     6  -6  -5  -6  -2  -5  -5  -4  -6  -4  -6  -3  -5  -7  -4   3  -3  -7  -6  -3   74   0   0   0   1   0   0   0   0   1   0   1   0   0   1  21   1   0   0   1  1.69 0.80
  127 R     0   2  -3  -4  -4   0  -2  -5   4  -1   2   3   2  -3  -4  -2  -3  -5   0  -1    8  12   0   0   0   3   2   0  10   3  24  23   6   0   0   3   1   0   3   3  0.47 0.34
  128 P    -2  -4  -1   0  -4  -2  -4   0  -5  -6  -6  -1  -5  -6   6   4   1  -6  -6  -5    3   0   2   4   0   2   0   8   0   0   0   4   0   0  38  27  10   0   0   0  1.07 0.57
  129 P     4  -4  -3  -3   0  -2  -1  -3  -4   0  -3   1  -2  -5   3   1   0  -2  -4   1   33   0   1   0   2   1   4   1   0   4   1   9   1   0  17  10   6   1   0   9  0.51 0.36
  130 S     1  -1   0   1  -4   2   2   0   0  -4  -3   1  -2  -3  -2   2   1  -5  -3  -1   14   1   5   7   0   8  13   6   3   0   2  11   0   1   1  14  10   0   0   4  0.23 0.21
  131 K    -1   1  -2   0  -4   0   2  -3  -2  -1   0   2   0   2  -3   0  -1  -4  -2   1    5   9   1   5   0   3  13   0   1   2  12  13   3  10   0   7   3   0   1  13  0.16 0.18
  132 I    -3  -7  -7  -7  -3  -7  -7  -8  -7   7  -1  -7  -1  -4  -7  -6  -4  -7  -5   5    2   0   0   0   0   0   0   0   0  58   4   0   1   0   0   0   0   0   0  34  1.79 0.73
  133 K     0   4  -3  -4  -4   3  -1  -4  -4  -4  -3   5  -2  -3  -4   0   1  -6  -5  -3    8  23   0   0   0  12   3   0   0   1   2  32   1   1   0   6   9   0   0   1  0.77 0.46
  134 D    -1  -1   0   1  -5   2   3  -2  -2  -3  -3   2  -1  -4  -4   2   2  -5  -4  -3    4   2   4   7   0   9  21   2   1   1   2  15   1   1   0  15  14   0   0   1  0.43 0.32
  135 A     0   1   0  -1  -3   2   0  -1   0   0   1   1   1  -3  -3   0  -1  -4  -2   0   10   8   4   3   0  14   3   5   2   7  15  10   5   0   0   5   2   0   0   5  0.12 0.15
  136 L    -6  -7  -8  -8  -6  -7  -7  -8  -7   0   7  -7   1  -4  -7  -7  -6  -6  -5  -2    0   0   0   0   0   0   0   0   0   3  93   0   3   0   0   0   0   0   0   1  2.12 0.85
  137 E    -5  -3   0  -2  -4   2   7  -3  -2  -7  -5   0  -6  -7  -5  -4  -2  -6  -6  -6    0   1   4   1   0   6  75   3   1   0   1   4   0   0   0   0   2   0   0   0  1.75 0.77
  138 S     1   3   0  -1  -4  -1   0  -3  -2  -3  -2   5  -2  -3  -3   0   0  -4  -3  -3   14  15   5   2   0   2   5   1   1   1   4  34   1   1   1   6   5   0   0   1  0.48 0.28
  139 E    -3  -3  -3  -1  -5  -1   7  -5  -3  -5  -5  -2  -5  -5  -4  -3  -3  -5  -5  -5    2   1   1   2   0   1  83   1   1   1   1   1   0   0   1   1   2   0   0   1  1.96 0.76
  140 I    -5  -6  -7  -7  -5  -6  -5  -7  -6   5   5  -6   3  -1  -6  -6  -4  -5  -4   0    0   0   0   0   0   0   1   0   0  35  51   0   7   2   0   0   0   0   0   4  1.37 0.58
  141 Q    -2  -2   4   3  -5  -1   3   0   3  -5  -5  -3  -5  -5  -4  -1   2  -6  -3  -5    3   2  23  17   0   2  20   7   7   0   1   0   0   0   0   4  13   0   1   0  0.69 0.40
  142 K    -1   3   0  -2  -5   2   0  -4   0  -2  -1   4  -1  -4  -4  -1   2  -5  -2  -3    4  18   5   2   0   7   5   0   2   3   6  28   1   0   0   2  15   0   1   1  0.50 0.34
  143 V    -3   0  -6  -6  -1  -2  -5  -5  -3   5   4  -5   1  -2  -6  -4  -3  -5  -4   2    2   6   0   0   1   2   0   1   1  31  41   0   2   1   0   1   1   0   0  12  0.90 0.44
  144 I    -5   7  -1  -5  -1  -2  -4  -6  -2   1  -3   1  -3  -2  -6  -3  -4  -6  -5  -2    0  68   3   0   2   1   0   0   1   8   2   8   0   2   0   1   1   0   0   2  1.59 0.70
  145 E     1   1   0   1  -3   1   2  -1  -1  -1  -2   2   0  -2  -3   0   0  -3  -3   1   11   6   5   9   0   5  12   3   1   3   3  14   3   1   0   6   7   0   0  11  0.14 0.15
  146 R    -1   3   0  -4  -4  -2  -2  -3  -1  -3  -3  -3  -4  -3  -4   4   5  -6  -5  -3    5  19   4   0   0   1   2   1   1   1   2   0   0   1   0  30  32   0   0   2  0.81 0.50
  147 R    -4   7  -2  -3  -3   3   0  -5   1  -6  -5   4  -5  -6  -5  -3  -4  -6  -5  -4    1  52   1   1   1  11   6   0   3   0   0  21   0   0   0   1   0   0   0   1  1.36 0.61
  148 K     2   1  -1  -2   0  -1   0   0  -2  -1  -2   0  -3  -4  -3   4   1  -2  -1  -2   16   7   2   1   2   2   4   6   1   4   3   6   0   0   0  34   7   1   2   2  0.32 0.26
  149 K     2   1   2  -2  -4   0  -1   1  -2  -4  -3   4  -3  -3  -3   2  -1  -5  -4  -4   20   5   9   1   0   3   2   9   1   0   2  27   0   1   0  16   3   0   0   0  0.46 0.31
  150 S     3  -2   0   0  -4   1  -1   3  -1  -4  -4  -1  -2  -5  -4   2   0  -5  -4  -3   27   1   4   5   0   8   4  23   1   0   1   3   1   0   0  16   5   0   0   1  0.47 0.31
  151 L    -3  -5  -4  -3  -2  -4  -3  -3  -5   3   5  -5   2  -3   0  -2  -3  -5  -4   2    1   0   1   2   1   0   1   2   0  13  57   0   3   0   5   2   0   0   0  11  0.82 0.43
  152 N     0  -1   0   2  -4   1   3   2  -1  -3  -4  -2  -2  -5  -2   2   0  -5  -4  -3    5   2   4  13   0   7  19  18   1   1   1   1   1   0   2  20   4   0   0   2  0.40 0.28
  153 E     0  -1   0   2  -4   1   2   2   0  -3  -3   0  -3  -3  -3   2   0  -5  -3  -3    7   2   3  11   0   5  16  17   2   1   1   6   0   1   0  19   7   0   1   1  0.33 0.24
  154 L     0  -2  -1   1  -3   0  -1  -3  -2   2   2  -1   1  -1  -2  -1   1  -2  -2   2    8   1   2  11   0   4   4   1   1  10  21   2   4   2   1   2  11   1   1  14  0.16 0.16
  155 D    -3  -4   0   6  -6  -3   3   1  -2  -4  -6  -3  -5  -4  -5   1  -3  -6  -2  -2    2   0   4  47   0   0  19  12   1   1   0   0   0   1   0   9   1   0   2   3  1.04 0.51
  156 V     0  -2  -1  -1   2  -1   0   2  -3   2  -2  -2   1  -3  -3   1   1   5  -2   0    6   1   2   2   5   2   5  17   0  13   1   1   3   0   0  14   8   9   1   7  0.25 0.21
  157 L     0  -3  -1  -1  -3  -1   1  -1  -3   0   2  -1   0  -1  -1   2   1  -4  -1   0    7   0   1   3   0   1  11   5   0   6  25   4   2   2   2  18   7   0   1   4  0.14 0.18
  158 G    -2  -4   2   4  -5  -3  -1   5  -4  -6  -6  -1  -5  -3  -2   0  -3   1  -5  -5    1   0   8  22   0   0   4  48   0   0   0   3   0   1   2   5   1   2   0   0  0.98 0.46
  159 F    -6  -6  -5  -2  -6  -6  -3  -7  -5  -4  -1  -4  -4   9  -7  -6  -6  -3  -1  -2    0   0   1   2   0   0   2   0   0   0   4   1   0  86   0   0   0   0   0   3  2.52 0.87
  160 K    -1   1   1   1  -4   1   2  -2  -1  -4  -3   2  -3  -4  -3   2   2  -1  -3  -3    4   7   6   8   0   6  15   1   1   0   2  16   0   0   0  18  13   1   0   1  0.37 0.27
  161 F    -5  -4  -7  -5  -6  -3  -5  -7  -5  -3  -1  -5  -3   9  -7  -6  -6   4  -1  -5    1   1   0   1   0   2   1   0   0   1   4   1   0  83   0   0   0   6   0   0  2.49 0.86
  162 A     1  -1  -1   3  -4   1   3  -2  -1  -5  -4   0  -2  -5  -3   4  -1  -5  -4  -4   14   2   1  17   0   6  17   2   1   0   1   5   1   0   0  30   3   0   0   1  0.54 0.35
  163 N    -2  -1   0   2  -3   5   1  -2   5  -3  -1   0   0  -4  -4   0  -2  -5  -3  -3    2   2   3  10   1  32   7   3  13   2   8   5   3   0   0   6   2   0   1   1  0.56 0.36
  164 L    -2  -4  -5  -3   5  -4  -5  -5  -3   0   4  -5   4  -3  -5  -2  -2   5  -4   0    3   1   0   2  14   0   0   0   1   4  48   0  12   0   0   3   2   7   0   4  0.94 0.46
  165 E    -1   1  -1   2  -2   2   4  -2   1  -4  -4   1  -4  -5   3   0  -2  -5  -2  -4    5   7   2  10   1   7  28   2   3   0   1   7   0   0  16   7   2   0   1   1  0.52 0.31
  166 A    -1  -2   3   0   2   0   1   3   0  -1  -1  -2   1  -1   0  -1  -1  -1  -3  -1    3   0  16   5   4   5  12  21   2   4   5   1   4   2   5   4   3   1   0   3  0.21 0.18
  167 S    -2   1   2   1  -2   1   2  -1   1  -4  -3   3  -2  -2   1   0   0  -4  -3  -3    1   6  13   8   1   7  13   5   4   0   2  20   1   2   6   6   4   0   0   1  0.32 0.23
  168 V    -3  -4  -4  -2  -2  -4  -1  -2  -5   3  -1  -3   0  -2  -5  -4  -1  -5  -4   6    0   0   0   3   1   0   4   4   0  15   3   1   2   1   0   0   3   0   0  62  1.03 0.51
  169 V    -1  -2  -2   4  -4   2   3  -3  -3   0  -3  -1  -3  -4  -3  -1   2  -5  -4   1    3   1   1  23   0   9  23   2   0   5   2   2   0   0   0   3  14   0   0  11  0.48 0.32
  170 A     0  -4  -5  -4  -3  -5  -4  -3  -5   1  -1  -5   0   6  -5  -2  -1  -1  -1   4    8   1   0   1   0   0   1   2   0   6   3   0   3  42   0   2   4   1   0  27  0.94 0.46
  171 F     2  -3  -3  -3   2  -2  -2  -1  -2   2   1  -2   1   2  -4  -2  -1  -3  -1   2   19   1   0   1   4   1   2   3   1  12  16   2   3  11   0   1   2   0   1  20  0.27 0.22
  172 E     0  -1  -1   0  -5   0   5   2  -3  -2  -3   0  -4  -5  -1   2  -1  -5  -4  -3    6   2   1   3   0   2  40  15   0   2   2   4   0   0   3  13   3   0   0   2  0.56 0.37
  173 G     1  -5  -4  -4   7  -5  -4   5  -5  -2  -4  -4  -5  -4  -5   0  -1  -1  -5  -2    9   0   0   0  20   0   1  50   0   2   1   0   0   1   0   7   4   1   0   3  1.17 0.52
  174 S     0  -4   2  -3  -1  -4  -2  -2  -4  -6  -6  -3  -5  -3  -4   6  -1  -6  -3  -4    8   0   8   0   1   0   2   1   0   0   0   1   0   1   0  74   3   0   1   1  1.42 0.70
  175 I     3  -5  -4  -2  -1  -4  -3   2  -5   2  -2  -4  -3  -2  -4  -1  -2  -5  -3   5   24   0   0   2   1   0   1  16   0   9   1   0   0   1   0   3   1   0   0  40  0.64 0.40
  176 N    -1   0  -1   0  -3  -1  -1  -2   0   0   2   3   0  -2  -3   0   1  -4  -2  -1    3   4   2   6   0   2   3   3   3   4  25  22   2   1   0   6  10   0   1   4  0.18 0.20
  177 K    -1   0   1   0  -4   0   2   3  -3  -4  -4   3  -4  -5  -2   1   2  -5  -4  -2    2   3   7   4   0   3  12  20   0   1   0  24   0   0   1   8  12   0   0   3  0.43 0.29
  178 R     0  -1   3   2  -3  -1   0   4  -3  -4  -4   1  -4  -4   1   0  -1  -5  -4  -3    5   2  14  11   0   2   4  30   0   1   0   9   0   1   8   8   4   0   0   1  0.46 0.27
  179 K    -3  -2   3   3  -5   1   2   3   1  -6  -5   2  -4  -5  -4  -1  -3  -5  -4  -4    1   1  16  19   0   5  15  24   3   0   0  13   0   0   0   3   0   0   0   0  0.67 0.37
  180 I    -1  -5  -4  -5  -2  -4  -4  -5  -5   4   3  -4   1  -1  -5  -3   0  -4  -2   4    5   0   0   0   1   0   0   0   0  29  24   0   3   2   0   1   7   0   1  27  0.71 0.36
  181 S    -1   1   0   5  -5   1   2  -1  -1  -4  -4  -1  -2  -5  -4   2  -1  -5  -4  -3    5   7   4  30   0   5  15   5   1   0   1   2   1   0   0  20   3   0   0   1  0.57 0.34
  182 Q     1   0  -1   2  -4   2   2   0  -1  -4  -4   3  -2  -5   2   0  -1  -4  -4  -4   11   5   2  11   0  11  14   8   1   0   1  18   1   0   9   7   3   0   0   0  0.36 0.24
  183 W    -4  -6  -6  -6  -5  -5  -4  -6  -6   2   2  -5  -3  -1  -6  -5  -4  10  -2   3    1   0   0   0   0   0   1   0   0   9  23   1   0   2   0   0   0  39   0  23  1.73 0.65
  184 R    -3   2  -1  -2  -2   2   4  -4  -1   0  -2   2   0  -3  -4  -2   0   6  -2  -2    0  11   2   1   1   8  30   0   1   5   3  11   2   1   0   1   7  13   1   3  0.59 0.36
  185 E    -1   0   3   2   0   2   3  -2  -2  -4  -3   1  -3  -4  -3   0  -1   2  -4  -3    6   3  13  11   3  12  25   2   0   0   2   9   0   0   0   8   2   3   0   1  0.42 0.28
  186 W    -5  -7  -8  -9  -7  -7  -8  -7  -7  -6  -4  -8  -6   5  -8  -7  -7  12  -1  -7    1   0   0   0   0   0   0   0   0   0   1   0   0  24   0   0   0  73   1   0  3.80 1.14
  187 I    -4  -6  -6  -6  -4  -5  -6  -7  -6   6   3  -5   3  -1  -6  -5  -4  -5  -4   2    0   0   0   0   0   0   0   0   0  49  32   0   7   2   0   0   0   0   0  10  1.26 0.52
  188 D     2   2  -1   2  -2   1   2   1   0  -4  -3  -1  -3  -4  -3   1  -2  -5  -4  -2   19  12   2  13   1   6  14  13   2   0   1   2   0   0   0  12   1   0   0   2  0.34 0.25
  189 E    -1   2  -1   1  -5   3   4  -2  -2  -5  -5   3  -1  -3  -4   1  -3  -5  -3  -5    3  10   2   6   0  11  36   2   0   0   0  16   2   1   0  11   0   0   1   0  0.68 0.38
  190 K    -1   3   1  -3   5   1  -2  -3   5  -4  -1   2   1  -3  -4  -1  -1  -4   1  -3    3  20   7   0  14   7   0   1  15   0   5  11   3   0   0   4   3   0   6   1  0.49 0.28
  191 L    -3  -5  -5  -6  -3  -4  -5  -6  -5   3   4  -5   1  -2  -5  -4  -3  -4  -3   5    0   0   0   0   0   0   0   0   0  15  43   0   2   0   0   0   0   0   0  40  1.00 0.39

                      K         Lambda
Standard Ungapped    0.1327     0.3155
Standard Gapped      0.0532     0.2670
PSI Ungapped         0.1723     0.3129
PSI Gapped           0.0532     0.2670
