
Last position-specific scoring matrix computed, weighted observed percentages rounded down, information per position, and relative weight of gapless real matches to pseudocounts
            A   R   N   D   C   Q   E   G   H   I   L   K   M   F   P   S   T   W   Y   V   A   R   N   D   C   Q   E   G   H   I   L   K   M   F   P   S   T   W   Y   V
    1 M    -2  -3  -4  -5  -3  -2  -4  -4  -3   1   1  -3   9  -1  -4  -3  -2  -3  -2   2    0   0   0   0   0   0   0   0   0   2   2   0  80   0   0   0   0   0   0  17  1.21 0.28
    2 R    -3   7  -2  -3   3   0  -2  -4  -1  -4  -3   1  -3  -4  -4  -2  -2  -1  -2  -4    0  91   0   0   7   0   0   0   1   0   0   0   0   0   0   0   0   1   1   0  1.33 0.26
    3 I    -2  -4  -5  -4  -2  -4  -4  -5  -5   6   2  -4   0  -1  -4  -4  -2  -4  -2   2    0   0   0   0   0   0   0   0   0  87   9   0   0   0   0   0   1   0   0   3  0.96 0.23
    4 L    -3  -3  -4  -5  -2  -3  -4  -5   0   1   5  -4   1  -1  -4  -3  -2  -3  -2   0    0   0   0   0   0   0   0   0   4   0  93   0   1   0   0   1   0   0   0   2  0.86 0.21
    5 M    -3  -3  -4  -5  -3  -2  -4  -4  -3   1   1  -3   9  -2  -4  -3  -2  -3  -3  -1    0   0   0   0   0   0   0   0   0   4   2   0  93   0   0   0   0   0   0   1  1.59 0.35
    6 V    -1  -4  -4  -4  -2  -3  -4  -4  -4   2   1  -3   0  -1  -4  -3  -1  -4  -2   5    2   0   0   0   0   0   0   0   0   3  12   0   0   1   0   0   0   0   0  81  0.76 0.21
    7 G    -1  -4  -2  -3  -4  -3  -3   7  -3  -5  -5  -3  -4  -4  -3   0  -1  -4  -4  -4    0   0   0   0   0   0   0  93   0   0   0   0   0   0   0   4   3   0   0   0  1.46 0.24
    8 L    -3  -3  -5  -5  -2  -3  -4  -5  -4   1   5  -4   1  -1  -4  -4  -2  -3  -2   0    0   0   0   0   0   0   0   0   0   2  96   0   0   0   0   0   0   0   0   3  0.97 0.23
    9 D    -3  -3   0   7  -5  -2   0  -3   0  -4  -5  -2  -4  -4  -3  -2  -2  -6  -4  -3    0   0   2  94   0   0   0   0   3   0   0   0   0   1   0   0   0   0   0   2  1.55 0.28
   10 A     5  -2  -1  -1  -2  -2  -2   1  -3  -3  -3  -1  -2  -4  -2   0   0  -4  -3  -2   82   0   2   4   0   0   0   6   0   0   0   3   0   0   0   0   3   0   0   0  0.71 0.21
   11 A     5  -3  -2  -3   1  -2  -2  -1  -3  -2  -3  -2  -2  -3  -2   1  -1  -4  -3   0   82   0   0   0   3   0   0   2   0   0   0   0   0   0   0   8   0   0   0   5  0.75 0.21
   12 G    -1  -1  -1  -1  -4  -3  -3   7  -3  -5  -5  -2  -4  -4  -3  -1  -3  -4  -4  -4    0   3   0   3   0   0   0  91   0   0   0   0   0   0   0   0   0   0   0   0  1.39 0.23
   13 K    -2   1  -1  -2  -4   0   0  -3  -2  -4  -2   7  -2  -4  -2  -1  -2  -4  -3  -3    0   0   0   0   0   0   0   0   0   0   3  94   0   0   0   0   0   0   0   0  1.14 0.27
   14 T    -1  -2  -1  -2  -2  -2  -2  -3  -3  -2  -2  -2  -1  -3  -2   0   7  -4  -3  -1    1   0   0   0   0   0   0   0   0   0   2   0   1   0   0   1  94   0   0   0  1.17 0.29
   15 T    -1  -2   0  -2  -2  -2  -2  -3  -3  -2  -3  -2  -1  -3  -2   0   7  -4  -3  -1    2   0   4   0   0   0   0   0   0   0   0   0   1   0   0   1  91   0   0   0  1.09 0.28
   16 I    -2  -4  -4  -4  -2  -4  -4  -5  -4   6   0  -4   1  -1  -4  -3  -1  -4  -3   2    0   0   0   0   0   0   0   0   0  87   1   0   2   0   0   0   2   0   0   6  0.98 0.24
   17 L    -3  -3  -4  -5  -2  -3  -4  -5  -4   0   5  -4   1  -1  -4  -3  -2  -3  -2   0    0   0   0   0   0   0   0   0   0   0  96   0   0   0   0   0   2   0   0   0  0.97 0.23
   18 Y    -3  -3  -3  -4  -2  -3  -4  -3   0  -3  -3  -3  -3   2  -4  -2  -3   1   9  -3    0   0   1   0   1   0   0   2   0   0   0   0   0   1   0   2   0   0  93   0  1.80 0.33
   19 K    -2   1  -1  -2  -4   1   0  -3  -2  -4  -4   7  -3  -4  -2  -2  -2  -4  -3  -4    0   2   0   0   0   2   0   0   0   0   0  94   0   0   0   0   0   0   0   0  1.22 0.28
   20 L    -3  -3  -4  -5  -2  -3  -4  -5  -4   1   5  -4   1   0  -4  -4  -2  -3  -2   0    0   0   0   0   0   0   0   0   0   1  95   0   1   1   0   0   0   0   0   1  0.95 0.22
   21 K    -2   1  -2  -2  -1   0   0  -3  -2  -4  -4   7  -2  -4  -2  -2  -2  -4  -3  -4    0   0   0   0   2   0   2   0   0   0   0  93   1   0   0   0   0   0   0   0  1.17 0.28
   22 L    -3  -3  -5  -5  -3  -3  -4  -5  -4   0   6  -4   1  -1  -4  -4  -2  -3  -2   0    0   0   0   0   0   0   0   0   0   0  97   0   0   0   0   0   0   0   0   0  1.02 0.25
   23 G    -1  -4   0  -2  -4  -3  -3   7  -3  -5  -5  -3  -4  -4  -3  -1  -2  -4  -4  -4    0   0   3   1   0   0   0  93   0   0   0   0   0   0   0   2   1   0   0   0  1.51 0.27
   24 E    -2  -1  -2   0  -5   2   7  -2  -1  -5  -4   0  -3  -5  -3  -2  -2  -4  -3  -4    0   2   0   1   0   5  89   2   0   0   0   1   0   0   0   0   0   0   0   0  1.27 0.28
   25 I    -2  -4  -3  -4  -2  -3  -4  -4  -2   5   0  -3   1  -1  -3  -2   0  -4  -2   4    0   0   1   0   0   0   0   0   1  57   0   0   4   0   0   3   4   0   0  29  0.64 0.18
   26 V    -2  -4  -4  -5  -1  -4  -4  -5  -4   2   0  -4   0  -2  -4  -3  -1  -4  -3   6    0   0   0   0   1   0   0   0   0   4   3   0   0   0   0   0   0   0   0  91  1.00 0.26
   27 T    -1  -2  -1  -2  -2  -1  -2  -3  -3  -2  -2  -2  -1  -3   0   0   6  -4  -3  -1    3   0   0   0   0   2   0   0   0   0   2   0   1   0   4   2  85   0   0   0  0.99 0.27
   28 T    -1  -3  -1  -2  -2  -2  -2  -2  -2  -2  -3  -2  -2  -4  -3   0   7  -4  -3  -2    1   0   2   0   0   0   0   1   1   0   0   0   0   0   0   1  94   0   0   0  1.21 0.31
   29 I    -2  -4  -4  -4  -2  -4  -4  -5  -5   6   1  -4   1  -1  -4  -3  -1  -4  -3   2    0   0   0   0   0   0   0   0   0  86   1   0   1   0   0   0   1   0   0   9  1.02 0.25
   30 P    -2  -2  -3  -3  -1  -3  -3  -4  -4  -4  -4  -2  -4  -5   8  -1  -3  -5  -4  -4    0   2   0   0   2   0   0   0   0   0   0   0   0   0  92   3   0   0   0   0  2.35 0.34
   31 T    -1  -3  -2  -3  -2  -2  -2  -3  -3  -1  -3  -2  -2  -3  -3   0   7  -4  -3  -1    1   0   0   0   0   0   0   0   0   3   0   0   0   1   0   2  93   0   0   0  1.21 0.31
   32 I    -2  -4  -4  -4  -2  -4  -4  -5  -4   6   1  -2   0  -1  -4  -3  -1  -4  -2   2    0   0   0   0   0   0   0   0   0  78   5   2   0   1   0   1   3   0   0  11  0.82 0.22
   33 G    -1  -4  -2  -2  -4  -3  -4   7  -4  -5  -5  -3  -4  -5  -4  -2  -3  -4  -5  -5    0   0   0   2   0   0   0  98   0   0   0   0   0   0   0   0   0   0   0   0  1.70 0.29
   34 F    -4  -5  -5  -5  -4  -5  -5  -5  -3  -2  -1  -5  -2   9  -5  -4  -4  -1   2  -3    0   0   0   0   0   0   0   0   0   0   0   0   0 100   0   0   0   0   0   0  1.92 0.35
   35 N    -3  -2   8   0  -1  -2  -2  -2   0  -5  -5  -2  -4  -5  -4   0  -2  -5  -4  -5    0   0  93   0   2   0   0   0   2   0   0   0   0   0   0   3   0   0   0   0  1.58 0.33
   36 V    -2  -4  -4  -5  -2  -3  -4  -5  -4   1   0  -4   2  -2  -4  -3  -1  -4  -3   6    0   0   0   0   0   0   0   0   0   0   3   0   6   0   0   0   2   0   0  89  0.96 0.26
   37 E    -2  -2  -2   0  -5   1   7  -4  -2  -5  -5   0  -4  -5  -3  -2  -2  -5  -4  -4    0   0   0   0   0   3  95   0   0   0   0   1   0   0   0   0   0   0   0   0  1.45 0.32
   38 T    -2  -3   0  -2  -2  -2  -2  -3  -3  -2  -3  -2  -2  -4  -3   1   7  -4  -3  -2    0   0   3   0   0   0   0   0   0   0   0   0   0   0   0   3  94   0   0   0  1.25 0.32
   39 V    -1  -4  -4  -5  -2  -4  -4  -5  -5   2   0  -4   1  -2  -4  -3  -1  -4  -3   6    1   0   0   0   0   0   0   0   0   2   3   0   2   0   0   0   0   0   0  91  1.00 0.27
   40 E    -2  -1  -2   1  -5   1   6  -3  -2  -4  -4   0  -3  -5  -3  -1  -1  -4  -3  -3    1   0   0   2   0   3  86   0   0   0   0   3   0   0   0   0   3   0   0   2  1.18 0.27
   41 Y    -4  -4  -4  -4  -4  -3  -4  -5   1  -3  -3  -4  -3   2  -5  -3  -3   1   9  -3    0   0   0   1   0   0   0   0   1   0   0   0   0   2   0   0   0   0  96   0  2.04 0.38
   42 K    -2   1   0  -2  -5   0  -1  -3  -2  -4  -4   7  -3  -5  -3  -2  -2  -5  -3  -4    0   3   3   0   0   0   0   0   0   0   0  93   0   0   0   0   0   0   0   0  1.24 0.30
   43 N    -3  -2   8   0  -4  -2  -2  -2   0  -5  -5  -1  -4  -5  -4  -1  -2  -5  -4  -5    0   0  97   0   0   0   0   0   1   0   0   1   0   0   0   0   0   0   0   0  1.67 0.34
   44 I    -3  -4  -5  -5  -3  -4  -5  -5  -5   7   1  -4   1  -1  -4  -3  -2  -4  -3   2    0   0   0   0   0   0   0   0   0  87   5   0   2   0   0   0   0   0   0   5  1.06 0.26
   45 S     0  -1   2  -1   4   0  -1  -2  -2  -3  -3   0  -3  -4  -2   5   1  -4  -3  -3    0   1   8   0  11   2   0   0   0   1   0   6   0   0   0  64   6   0   0   0  0.62 0.21
   46 F    -4  -5  -5  -5  -1  -5  -5  -5  -3  -2   0  -5  -1   8  -5  -4  -4  -1   2  -2    0   0   0   0   1   0   0   0   0   0   3   0   0  95   0   0   0   0   0   0  1.75 0.33
   47 T    -2  -3   0  -2  -2  -2  -2  -3  -3  -1  -3  -2  -2  -4  -3   0   7  -4  -3  -1    0   0   4   0   0   0   0   0   0   3   0   0   0   0   0   2  89   0   0   1  1.13 0.30
   48 V    -1  -4  -4  -5  -2  -4  -4  -5  -5   2   0  -4   2  -2  -4  -3  -1  -4  -3   6    1   0   0   0   0   0   0   0   0   2   1   0   5   0   0   0   0   0   0  91  1.01 0.27
   49 W    -5  -5  -6  -6  -1  -4  -5  -5  -5  -5  -4  -5  -4  -1  -6  -5  -5  12   0  -5    0   0   0   0   2   0   0   0   0   0   0   0   0   0   0   0   0  97   0   0  3.71 0.49
   50 D    -3  -3   0   8  -5  -2   1  -3  -3  -5  -5  -2  -5  -5  -3  -2  -3  -6  -5  -5    0   0   0  97   0   0   3   0   0   0   0   0   0   0   0   0   0   0   0   0  1.75 0.32
   51 V     0  -4  -4  -4  -2  -3  -4  -4  -4   2   0  -4   0  -1  -4  -3  -1  -4  -2   6    4   0   0   0   0   0   0   0   0   3   0   0   1   1   0   0   2   0   0  88  0.92 0.25
   52 G    -1  -2   1  -2  -1  -3  -3   7  -3  -5  -5  -3  -4  -5  -4  -1  -3  -4  -4  -5    0   2   5   0   1   0   0  91   0   0   0   0   0   0   0   1   0   0   0   0  1.46 0.26
   53 G    -1  -4  -2  -3  -4  -3  -3   7  -3  -5  -5  -3  -4  -5  -3   1  -2  -4  -4  -4    0   0   0   0   0   0   0  89   0   0   0   0   0   0   0  11   0   0   0   0  1.45 0.26
   54 Q    -3  -1  -2  -2  -5   8   0  -4   2  -5  -4   0  -2  -5  -3  -2  -2  -4  -3  -4    0   0   0   0   0  95   0   0   5   0   0   0   0   0   0   0   0   0   0   0  1.64 0.37
   55 D    -3  -3   0   7  -1  -1   1  -3  -2  -4  -5  -2  -4  -1  -3  -1  -1  -5  -3  -4    0   0   1  87   2   2   3   0   1   0   0   0   0   3   0   0   2   0   1   0  1.38 0.28
   56 K    -2   2  -2  -2  -4   0   0  -3  -2  -3  -4   6  -3  -4  -3  -1  -2  -4  -3  -2    0   6   0   0   0   1   2   0   0   1   0  87   0   0   0   1   1   0   0   2  1.07 0.27
   57 I    -2  -4  -3  -4  -2  -4  -4  -5  -1   6   1  -4   1  -1  -4  -3   0  -4  -2   1    0   0   1   0   0   0   0   0   2  82   3   0   3   1   0   0   7   0   0   0  0.85 0.24
   58 R    -3   7  -2  -3  -5   1  -1  -3  -2  -4  -3   1  -3  -4  -4  -2  -3   1  -3  -4    0  89   0   0   0   3   0   2   0   0   2   1   0   0   0   0   0   2   0   0  1.36 0.29
   59 P    -1   0  -3  -3  -4  -2  -2  -3  -2  -4  -3  -2  -4  -5   8   0  -2  -5  -4  -4    2   5   1   0   0   0   0   1   1   0   1   1   0   0  83   5   0   0   0   0  1.95 0.29
   60 L    -3  -3  -4  -5  -3  -3  -4  -5  -4   0   5  -4   1  -1  -3  -3  -2  -3  -2   0    0   0   0   0   0   0   0   0   0   0  94   0   2   0   1   2   0   0   0   0  0.96 0.24
   61 W    -4  -5  -6  -6  -4  -4  -5  -4  -4  -5  -4  -5  -3  -1  -6  -3  -4  12   0  -5    0   0   0   0   0   0   0   0   0   0   0   0   0   0   0   2   0  97   0   0  3.68 0.48
   62 R    -3   7  -2  -3  -1   0  -1  -4   2  -4  -3   2  -3  -4  -3  -1  -2  -2  -1  -4    0  80   0   0   2   0   0   0   6   0   0   5   0   0   0   2   2   0   2   0  1.16 0.26
   63 H    -3  -2  -1  -3  -5   0  -2  -4  10  -5  -3  -2  -3  -3  -4  -3  -3  -4   1  -5    0   0   0   0   0   2   0   0  91   0   2   0   0   0   0   0   0   0   3   0  2.08 0.37
   64 Y    -3  -3  -4  -5   0  -3  -4  -5   1  -2  -3  -4  -3   2  -5  -3  -3   1   9  -3    0   0   0   0   3   0   0   0   1   2   0   0   0   3   0   0   0   0  91   0  1.85 0.35
   65 F    -3  -4  -4  -5   1  -4  -4  -4  -1  -1  -1  -4  -1   7  -5  -3  -3   0   5  -2    0   0   0   0   4   0   0   0   0   1   2   0   0  67   0   0   0   0  26   0  1.31 0.26
   66 Q    -1   0  -1  -1  -4   7   0  -3   0  -4  -2   1  -2  -4   0  -1   0  -3  -3  -3    4   1   0   1   0  71   0   1   2   0   3   5   0   0   3   2   6   0   0   1  0.87 0.26
   67 N    -3  -2   7   1  -4  -1  -2   0   1  -3  -5  -2  -3  -4  -3   0  -1  -5  -3  -4    0   0  80   4   0   0   0   6   2   2   0   0   0   0   0   3   2   0   1   0  1.19 0.27
   68 T     0  -1  -1  -2  -2  -1  -2  -1  -3  -2  -3  -2  -2  -4  -3   1   6  -4  -3  -2    4   2   0   0   0   2   0   4   0   1   0   0   0   0   0   3  85   0   0   0  0.99 0.28
   69 Q    -2   0   1  -1  -4   7   1  -3   1  -4  -4   1  -1  -5  -3  -1  -2  -4  -3  -4    0   1   5   2   0  79   2   0   3   0   0   6   1   0   0   1   0   0   0   0  1.18 0.30
   70 G     0  -4  -2  -3  -4  -3  -3   7  -3  -5  -5  -3  -4  -3  -3  -1  -3  -4  -4  -3    6   0   0   0   0   0   0  91   0   0   0   0   0   1   0   0   0   0   0   1  1.46 0.26
   71 L    -2  -3  -5  -5  -2  -3  -4  -5  -4   2   5  -4   1  -1  -4  -4  -2  -3  -2   1    0   0   0   0   0   0   0   0   0  12  81   0   0   0   0   0   0   0   0   7  0.83 0.21
   72 I    -3  -4  -5  -5  -3  -4  -5  -5  -5   7   1  -4   0  -2  -4  -4  -1  -4  -3   2    0   0   0   0   0   0   0   0   0  89   2   0   0   0   0   0   2   0   0   7  1.09 0.27
   73 F    -4  -4  -4  -5  -4  -4  -4  -4  -2  -2  -1  -4  -1   8  -5  -4  -3   0   3  -2    0   0   0   0   0   0   0   0   0   0   1   0   0  92   0   0   0   0   5   0  1.65 0.31
   74 V    -1  -4  -4  -5  -2  -4  -4  -4  -4   1   0  -4   2  -1  -4  -3  -1  -4  -2   6    2   0   0   0   0   0   0   0   0   0   0   0   4   2   0   0   1   0   0  91  0.97 0.27
   75 V    -2  -4  -4  -5  -2  -4  -4  -5  -5   2   0  -4  -1  -2  -4  -3  -1   1  -2   6    0   0   0   0   0   0   0   0   0   3   1   0   0   0   0   0   0   2   0  94  1.06 0.28
   76 D    -3  -3   0   8  -1  -2   0  -1  -3  -5  -5  -2  -5  -5  -3  -2  -3  -6  -5  -5    0   0   0  95   2   0   0   3   0   0   0   0   0   0   0   0   0   0   0   0  1.66 0.32
   77 S     0  -2  -1  -2   1  -2  -2  -2   0  -3  -4  -2  -3  -4  -2   6   0  -4  -3  -3    1   0   0   0   3   0   0   0   2   1   0   0   0   0   0  93   0   0   0   0  1.07 0.30
   78 N    -1  -2   7   0  -4  -1  -2  -2  -1  -4  -4  -2  -3  -4  -3   1   0  -5  -3  -3    3   0  79   0   0   1   0   0   0   0   0   0   0   0   0  11   4   0   0   1  1.17 0.27
   79 D    -3  -3   0   8  -5  -2   0  -2  -3  -5  -5  -2  -5  -5  -3  -2  -3  -6  -5  -5    0   0   1  97   0   0   0   2   0   0   0   0   0   0   0   0   0   0   0   0  1.73 0.32
   80 R    -3   7  -2  -3  -5   1  -1  -4   0  -4  -3   1  -3  -4  -2  -2  -1  -4  -3  -3    0  83   0   0   0   4   2   0   1   0   1   3   0   0   2   1   2   0   0   1  1.21 0.27
   81 E    -2  -1  -1   4  -5   1   6  -1  -1  -4  -4  -1  -3  -5  -2  -1  -2  -4  -3  -3    0   1   0  21   0   1  68   3   0   0   0   0   0   0   0   2   0   0   0   2  0.95 0.23
   82 R    -3   7  -2  -3   0   0  -2  -4   3  -5  -4   1  -3  -4  -4  -2  -3   0  -3  -4    0  86   0   0   3   0   0   0  10   0   0   0   0   0   0   0   0   2   0   0  1.36 0.30
   83 V    -2  -4  -4  -4  -2  -3  -3  -5  -4   5   1  -3   3  -1  -4  -3  -1  -4  -2   4    1   0   0   0   0   0   1   0   0  50   3   0  10   0   0   0   0   0   0  35  0.69 0.19
   84 N     0  -1   3   3  -1   1   1   1  -1  -2  -2  -1  -2  -3   0   1   0  -4  -3  -1    6   2  22  19   1   6   9   8   0   0   2   1   0   1   3   9   2   0   0   7  0.24 0.08
   85 E    -1  -2  -1   2  -5   1   6  -3  -2  -3  -4   0  -3  -5  -2  -1  -1  -4  -3  -3    2   0   0  10   0   1  79   0   0   1   0   1   0   0   0   1   3   0   0   1  1.06 0.25
   86 A     6  -2  -3  -3  -2  -2  -2   0  -3  -3  -3  -2  -2  -4  -2   1  -1  -4  -3  -1   87   1   0   0   0   0   0   4   0   0   0   0   0   0   0   5   0   0   0   3  0.87 0.25
   87 R     1   6  -1  -2  -2   1   0  -3   1  -4  -3   2  -2  -4  -2   0  -2   0  -2  -3   12  58   0   0   1   2   2   0   4   0   0  12   0   0   1   6   0   2   0   0  0.69 0.19
   88 E    -1  -1   1   3  -4   2   5  -3  -1  -4  -3   0  -3  -4  -2  -1  -1  -4  -3  -3    2   1   6  21   0   8  54   0   0   0   1   4   0   0   0   2   1   0   0   0  0.74 0.18
   89 E    -2  -1  -2   0  -5   0   7  -4  -2  -4  -4   0  -3  -2  -3  -2  -2  -4  -3  -1    1   0   0   0   0   0  88   0   0   0   0   3   0   2   0   0   0   0   0   5  1.17 0.28
   90 L    -3  -3  -4  -5  -3  -3  -4  -5  -4   0   5  -4   2  -1  -4  -3  -2  -3  -2   0    0   0   0   0   0   0   0   0   0   0  94   0   3   0   0   2   0   0   0   0  0.97 0.24
   91 M    -1  -1   1  -1  -3   3  -1  -3   6  -2  -1  -1   5  -2  -3  -1   0  -3   0  -2    3   2   6   2   0  16   1   0  28   0   3   1  24   0   0   3   7   0   2   0  0.45 0.17
   92 R    -2   6   0  -2  -2   0  -1  -3   0  -4  -3   4  -1  -3  -3  -1  -1  -3   0  -3    1  57   3   0   1   0   0   0   2   0   1  28   1   0   0   1   1   0   3   0  0.81 0.20
   93 M    -3  -3  -4  -5  -3  -2  -4  -4  -3   2   2  -3   9  -1  -4  -3  -2  -3  -3   0    0   0   0   0   0   0   0   0   0  11   9   0  76   0   0   0   1   0   0   3  1.26 0.31
   94 L    -3  -3  -4  -5  -2  -3  -4  -5  -4   1   5  -4   3   0  -4  -4  -2  -3  -2   0    0   0   0   0   0   0   0   0   0   5  85   0   6   1   0   0   0   0   0   2  0.86 0.21
   95 A     2  -1   3   0  -2   2   0   0  -1  -2  -2  -1   0  -3  -2   1   0  -3  -2  -1   24   2  20   1   0  12   6   4   0   1   1   1   4   0   0  14   4   0   1   5  0.22 0.09
   96 E    -2  -1  -1   2  -5   1   6  -3   0  -4  -4  -1  -3  -4  -2  -1  -2  -4  -3  -3    0   0   0  10   0   2  82   0   1   0   0   0   0   0   0   0   0   0   0   1  1.13 0.25
   97 D    -2  -1   1   7  -3  -1   2  -2  -2  -3  -4  -1  -4  -4  -1  -1  -2  -5  -4  -4    2   3   3  74   1   0   9   2   0   2   0   0   0   0   2   1   0   0   0   0  1.06 0.22
   98 E    -1  -1  -1   1  -5   1   6  -3  -1  -4  -4   0  -3  -4  -2  -1  -2  -4  -3  -4    2   0   0   4   0   2  87   0   0   0   0   2   0   0   0   0   0   0   0   0  1.22 0.27
   99 L    -3  -3  -4  -5  -2  -3  -4  -5  -4   1   5  -3   3   0  -4  -3  -2  -3  -2   0    0   0   0   0   0   0   0   0   0   2  87   0   8   2   0   0   0   0   0   0  0.88 0.22
  100 R    -2   7  -2  -3  -4   2  -1  -3  -1  -4  -3   2  -1  -4  -3  -1  -1  -4  -3  -4    1  75   0   0   0   7   0   0   0   0   0  10   2   0   0   2   2   0   0   0  1.09 0.24
  101 D    -3  -2   3   7  -4  -1   1  -1  -2  -4  -5  -1  -4  -4  -3  -1  -2  -5  -3  -4    0   0  12  74   0   0   6   3   0   0   0   1   0   0   0   1   0   0   0   0  1.16 0.23
  102 A     5  -3  -3  -3   1  -2  -2  -1  -3  -1  -2  -2  -2  -3  -2   0   0  -4  -3   0   86   0   0   0   2   0   0   0   0   2   0   0   0   0   0   2   3   0   0   4  0.81 0.23
  103 V     0  -3  -3  -3   1  -3  -3  -4  -3   2   0  -3   0  -2  -3  -2   0  -3  -2   5    7   0   0   1   3   0   0   0   1   9   5   0   1   0   0   2   5   0   1  66  0.51 0.17
  104 L    -2  -3  -4  -4  -2  -3  -4  -4  -4   1   5  -3   1   0  -4  -3  -2  -1  -2   2    0   0   0   0   0   0   0   0   0   4  73   0   0   2   0   0   1   1   0  17  0.65 0.17
  105 L    -3  -3  -4  -5  -2  -3  -4  -5  -4   1   5  -4   1  -1  -4  -4  -2  -3  -2   0    0   0   0   0   0   0   0   0   0   1  95   0   1   0   0   0   0   0   0   1  0.98 0.23
  106 V    -1  -3  -4  -4  -2  -3  -3  -4  -4   3   1  -1   1  -2  -3  -3  -1  -4  -2   5    1   0   0   0   0   0   0   0   0  11   6   4   2   0   0   0   0   0   0  73  0.66 0.19
  107 F    -3  -4  -4  -5  -4  -4  -4  -4  -2  -1   1  -4  -1   8  -5  -3  -3   0   2  -2    0   0   0   0   0   0   0   0   0   0  10   0   0  83   0   1   0   0   3   0  1.36 0.27
  108 A     6  -3  -3  -3  -1  -2  -2  -1  -3  -3  -3  -2  -2  -3  -2   0  -1  -4  -3  -1   95   0   0   0   0   0   0   0   0   0   0   0   0   0   0   1   0   0   0   1  1.01 0.27
  109 N    -3  -2   8   0  -4  -1  -2  -2  -1  -5  -5  -2  -4  -4  -3   0  -1  -5  -4  -4    0   0  94   1   0   0   0   0   0   0   0   0   0   0   0   2   0   0   0   0  1.56 0.32
  110 K    -2   1  -2  -2  -4   0   0  -3  -2  -4  -4   7  -3  -4  -2  -2  -2  -4  -3  -4    0   0   0   0   0   0   2   0   0   0   0  95   0   0   0   0   0   0   0   0  1.25 0.29
  111 Q    -2  -1  -2  -2  -4   8   1  -3  -1  -4  -4   0  -2  -5  -3  -2  -2  -3  -3  -4    0   0   0   0   0  92   1   0   0   0   0   1   0   0   0   0   0   0   0   0  1.49 0.34
  112 D    -3  -3   0   8  -5  -2   0  -2  -3  -4  -5  -2  -4  -5  -3  -2  -2  -5  -4  -4    0   0   0  95   0   0   0   1   0   0   0   0   0   0   0   0   0   0   1   0  1.65 0.30
  113 L    -2  -3  -4  -5  -2  -3  -4  -5  -4   1   5  -3   1  -1  -4  -3  -2  -3  -2   0    0   0   0   0   0   0   0   0   0   2  90   0   2   0   0   0   0   0   0   3  0.90 0.22
  114 P    -2  -4  -3  -3  -4  -3  -3  -4  -4  -4  -4  -2  -4  -5   8  -1  -2  -5  -4  -4    0   0   0   0   0   0   0   0   0   0   0   0   0   0  93   3   1   0   0   0  2.40 0.33
  115 N    -3  -2   7   0  -4   0  -1  -1   1  -4  -5   0  -3  -4  -3   0  -1  -5  -3  -4    0   0  81   2   0   2   2   2   3   0   0   3   0   0   0   4   0   0   0   0  1.19 0.27
  116 A     6  -3  -3  -3  -2  -2  -2  -1  -3  -3  -3  -2  -2  -3  -2   1   0  -4  -3  -1   88   0   0   0   0   0   0   0   0   0   0   0   0   0   0   6   3   0   0   1  0.88 0.24
  117 M    -2  -3  -4  -5  -1  -2  -4  -4  -3   0   1  -3   9  -2  -4  -3  -2  -3  -2   0    1   0   0   0   1   0   0   0   0   2   5   0  88   0   0   0   0   0   0   2  1.54 0.36
  118 N     1  -1   4   0  -1  -1  -1  -1  -1  -3  -3   0  -2  -3   1   3   2  -4  -3  -2    9   1  36   0   1   0   0   1   0   0   0   3   0   0   6  28  12   0   0   0  0.47 0.15
  119 A     3  -3  -2  -2   0  -2  -2  -2  -3   1  -1  -2  -1  -2   1   0   1  -3  -2   2   46   0   0   1   1   0   0   0   0   9   0   0   0   0   7   1  11   0   0  23  0.33 0.14
  120 A     4  -2   0  -1  -1   0  -1  -1   0  -2  -3  -1  -2  -3   0   2   1  -4  -2  -1   50   0   2   3   1   3   0   1   3   0   0   1   0   0   3  22   8   0   0   4  0.39 0.14
  121 E    -2  -1  -1   2  -5   0   6  -2  -2  -5  -4   0  -3  -5  -3  -1  -2  -4  -3  -4    1   2   1   6   0   0  84   2   0   0   0   2   1   0   0   0   0   0   0   0  1.15 0.27
  122 I    -2  -4  -4  -4  -2  -3  -4  -5  -4   5   2  -4   3  -1  -4  -3  -2  -3  -2   3    0   0   0   0   0   0   0   0   0  57  14   0  11   0   0   0   0   0   0  18  0.69 0.18
  123 T     0  -1  -1  -2  -2  -1  -2  -3  -3  -2  -3  -1  -1  -4  -2   0   6  -4  -3  -1    7   3   0   0   0   2   0   0   0   1   0   1   1   0   0   2  84   0   0   0  0.96 0.27
  124 D    -3  -2   1   6  -5   0   3  -2  -2  -4  -4  -1  -4  -5  -3  -1  -2  -5  -3  -4    0   1   3  67   0   1  24   1   0   0   1   1   0   0   0   0   1   0   1   0  1.11 0.23
  125 K    -1   2  -1  -2  -4   0   0  -3  -2  -3  -3   6  -2  -4  -2  -1  -1  -4  -3  -3    3   4   0   0   0   1   1   0   0   1   1  84   1   0   0   0   4   0   0   0  0.98 0.26
  126 L    -3  -4  -5  -5  -3  -3  -4  -5  -4   1   6  -4   2   0  -4  -4  -2  -3  -2   0    0   0   0   0   0   0   0   0   0   1  95   0   2   1   0   0   0   0   0   0  1.03 0.25
  127 G     0  -2   0  -2  -4  -2  -3   6  -2  -5  -5  -1  -3  -4  -3  -1  -3  -4  -4  -4    3   2   3   1   0   1   1  84   1   0   0   3   0   0   0   2   0   0   0   0  1.25 0.23
  128 L    -3  -3  -5  -5  -3  -3  -4  -5  -4   1   6  -4   1  -1  -2  -4  -2  -3  -2   0    0   0   0   0   0   0   0   0   0   1  96   0   1   0   2   0   0   0   0   0  1.02 0.25
  129 H    -2   0   2  -1  -4   3  -1  -2   8  -4  -4  -1  -3  -3  -1  -1  -2  -4   0  -4    1   4  10   1   0  17   1   2  57   0   0   0   0   0   3   3   2   0   0   0  1.02 0.24
  130 S     1   0   1  -1  -2   1   0   0   0  -3  -2   0  -1  -2  -2   4   1  -4  -2  -2    6   4   4   1   0   6   3   3   2   0   3   3   1   1   0  54   8   0   0   0  0.39 0.15
  131 L    -2  -3  -5  -5  -2  -3  -4  -5  -4   2   5  -4   2   1  -4  -4  -2  -3  -2   1    0   0   0   0   0   0   0   0   0   6  80   0   5   4   0   0   0   0   0   5  0.79 0.20
  132 R    -2   6  -1  -2   1   0  -1  -2   3  -4  -3   2  -2  -4  -2  -1   0  -4  -2  -3    0  58   1   0   5   1   1   3  11   0   0  12   0   0   0   3   5   0   0   0  0.73 0.19
  133 H    -2   0   4   0  -2   3   0   0   6  -4  -3  -1  -2  -3  -3   0  -2  -3   0  -4    1   3  26   4   1  19   2   8  28   0   1   1   0   0   0   4   0   0   3   0  0.55 0.16
  134 R    -3   7  -2  -3  -4   0  -1  -3  -1  -4  -4   2  -3  -4  -4  -2  -3  -4  -3  -4    0  90   1   0   0   1   0   2   0   1   0   5   0   0   0   1   0   0   0   0  1.41 0.30
  135 N    -1   1   5   0  -3   1   0  -2   2  -2  -3   1  -2  -3   0   0   1  -4  -2  -2    1   7  38   1   0   8   3   0   7   2   0   9   0   0   5   5  12   0   1   1  0.41 0.13
  136 W    -5  -5  -6  -6  -1  -4  -5  -5  -4  -5  -4  -5  -4  -1  -6  -5  -5  12   1  -5    0   0   0   0   1   0   0   0   0   0   0   0   0   0   0   0   0  97   1   0  3.73 0.48
  137 Y    -3  -3  -2  -4  -4  -2  -3  -4   4  -3  -2  -3  -2   4  -4  -1  -3   0   8  -3    0   0   1   0   0   1   0   0  12   0   0   1   0  13   0   4   0   0  68   0  1.34 0.28
  138 I    -2  -4  -4  -4  -1  -4  -4  -5  -4   6   1  -4   0  -1  -4  -3  -1  -4  -2   3    0   0   0   0   1   0   0   0   0  71   4   0   1   1   0   0   1   0   0  22  0.84 0.21
  139 Q    -2   0  -1  -2  -5   8   0  -3   1  -4  -3   0  -1  -3  -3  -2  -2  -4  -3  -4    0   1   1   0   0  93   1   0   2   0   1   0   1   1   0   0   0   0   0   0  1.53 0.35
  140 A     4  -2  -2  -2  -2  -1  -2   1  -3  -3  -3  -2  -2  -3   1   3   0  -4  -3  -1   59   0   0   0   0   1   0   7   0   0   0   0   0   0   6  24   1   0   0   2  0.56 0.18
  141 T     1  -3  -1  -2   3  -2  -2  -2  -3  -2  -3  -2  -2  -4  -2   1   6  -4  -3  -1   14   0   0   0   7   0   0   0   0   0   0   0   0   0   0   8  71   0   0   0  0.82 0.24
  142 C    -2  -5  -4  -5  11  -4  -5  -4  -5  -3  -3  -4  -3  -4  -4   1  -2  -4  -4  -2    0   0   0   0  88   0   0   0   0   0   0   0   0   0   0  10   0   0   0   1  2.29 0.37
  143 A     6  -3  -3  -3  -2  -2  -2  -1  -3  -3  -3  -2  -2  -4  -1   0  -1  -4  -3  -1   96   0   0   0   0   0   0   1   0   0   0   0   0   0   1   0   1   0   0   2  1.03 0.28
  144 T    -1  -2  -2  -3  -2  -2  -2  -3  -3   0  -2  -2  -2  -3  -1   0   6  -4  -3   0    2   1   0   0   0   1   0   0   0   5   1   1   0   0   1   2  83   0   0   3  0.95 0.27
  145 S     0  -1   1  -1  -2   3  -1  -2  -2  -3  -3  -1  -1  -4  -2   4   3  -4  -3  -2    2   0   4   0   0  21   0   0   0   0   0   0   1   0   0  48  23   0   0   0  0.57 0.20
  146 G     0  -3  -1  -3  -4  -3  -3   7  -3  -5  -5  -3  -4  -5  -4  -1  -3  -4  -4  -4    2   1   1   0   0   0   0  93   0   0   0   0   0   0   0   3   0   0   0   0  1.54 0.27
  147 D    -1  -1   0   5  -3   1   2  -2   1  -3  -4  -1  -3  -4  -2   0   2  -4  -3  -3    4   2   1  43   0   8  14   0   5   0   0   1   0   0   0   5  17   0   0   1  0.57 0.15
  148 G    -1  -4  -2  -2  -4  -3  -4   7  -4  -5  -5  -3  -4  -5  -4  -2  -3  -4  -5  -4    0   0   0   1   0   0   0  98   0   0   0   0   0   0   0   0   0   0   0   1  1.69 0.29
  149 L    -3  -3  -5  -5  -3  -3  -4  -5  -4   1   6  -4   1  -1  -2  -4  -2  -3  -2   0    0   0   0   0   0   0   0   0   0   1  95   0   0   0   1   0   0   0   0   0  0.98 0.25
  150 Y    -3  -3  -4  -5  -3  -3  -3  -5   1  -3  -2  -4  -3   3  -5  -3  -3   1   9  -2    0   0   0   0   0   0   0   0   1   0   1   0   0   6   0   0   0   1  90   1  1.83 0.34
  151 E    -2  -2  -2   1  -5   1   7  -4  -2  -5  -5   0  -4  -5  -3  -2  -2  -5  -4  -4    0   0   0   2   0   1  95   0   0   0   0   2   0   0   0   0   0   0   0   0  1.43 0.31
  152 G    -1  -4  -2  -3  -4  -3  -4   7  -4  -5  -5  -3  -4  -5  -4  -2  -3  -4  -5  -5    0   0   0   0   0   0   0 100   0   0   0   0   0   0   0   0   0   0   0   0  1.75 0.29
  153 L    -3  -3  -5  -5  -3  -3  -4  -5  -4   0   5  -4   2   1  -2  -4  -2  -3  -2   0    0   0   0   0   0   0   0   0   0   0  91   0   3   4   2   0   0   0   0   0  0.92 0.23
  154 D    -3  -3   0   7  -5  -1   1  -3  -2  -5  -5  -2  -4  -5  -3  -1  -2  -6  -4  -5    0   0   1  90   0   1   6   0   0   0   0   0   0   0   0   1   2   0   0   0  1.52 0.28
  155 W    -5  -5  -6  -7  -5  -4  -5  -5  -5  -5  -4  -5  -4  -1  -6  -5  -5  13   0  -5    0   0   0   0   0   0   0   0   0   0   0   0   0   0   0   0   0 100   0   0  3.87 0.48
  156 L    -3  -3  -5  -5  -3  -3  -3  -5  -4   1   5  -4   2  -1  -4  -4  -2  -3  -2   0    0   0   0   0   0   0   1   0   0   1  95   0   2   0   0   0   0   0   0   1  0.98 0.23
  157 S     2  -2  -1  -2   1  -1  -2  -2  -2  -3  -3  -2  -3  -4  -2   5   1  -4  -3  -2   12   0   0   0   3   0   0   0   0   0   0   0   0   0   0  78   5   0   0   1  0.80 0.23
  158 N    -1   0   6   1  -3   1  -1  -1   0  -4  -4   1  -2  -4  -3   1   0  -4  -2  -3    4   4  57   6   0   4   1   2   2   0   0   7   0   0   0   7   4   0   1   1  0.66 0.17
  159 Q    -1   0   3  -1  -4   5   3  -2   0  -3  -3   0  -2  -4  -2  -1   1  -3  -1  -2    5   2  21   0   0  38  18   0   1   1   0   2   0   0   0   0  10   0   2   1  0.54 0.17
  160 L    -2  -3  -4  -5  -2  -3  -4  -5  -4   3   5  -4   1   1  -4  -3  -2  -3  -2   1    0   0   0   0   0   0   0   0   0  17  71   0   1   6   0   0   0   0   0   5  0.69 0.17

                      K         Lambda
Standard Ungapped    0.1369     0.3206
Standard Gapped      0.0599     0.2670
PSI Ungapped         0.1950     0.3147
PSI Gapped           0.0599     0.2670
