
Last position-specific scoring matrix computed, weighted observed percentages rounded down, information per position, and relative weight of gapless real matches to pseudocounts
            A   R   N   D   C   Q   E   G   H   I   L   K   M   F   P   S   T   W   Y   V   A   R   N   D   C   Q   E   G   H   I   L   K   M   F   P   S   T   W   Y   V
    1 E    -2  -1   0   4  -4   3   5  -3  -1  -4  -4   0  -3  -4  -2  -1  -2  -4  -3  -4    0   0   0  29   0  19  50   0   0   0   0   2   0   0   0   0   0   0   0   0  0.83 0.12
    2 M    -2  -4  -5  -5  -4  -3  -4  -5  -4   2   0  -4   9  -2  -5  -4  -2  -4  -3   3    1   0   0   0   0   0   0   0   0   8   0   0  71   0   0   0   1   0   0  18  1.56 0.40
    3 Q    -2   0  -2  -1  -4   6  -1   0  -2  -3  -3   3   0  -4  -3  -2   1   1  -3  -2    0   1   0   1   0  54   0   6   0   1   1  17   3   0   0   0  10   2   0   3  0.81 0.28
    4 D    -1  -3   2   4  -3  -2  -1  -3  -3  -1  -3  -2  -2  -4  -3  -1   3  -5  -3   2    4   0  11  29   0   0   2   0   0   1   0   0   0   0   0   1  28   0   0  24  0.53 0.21
    5 Y    -4  -3  -4  -5  -4  -2  -4  -5   1  -3   2  -4  -2   1   2  -4  -3   9   6  -2    0   1   0   0   0   2   0   0   4   0  20   0   0   3   9   0   1  29  31   1  1.24 0.30
    6 K    -1   0   1  -3  -4   1  -2  -1   0  -3  -4   1  -3  -5   7  -2   0  -5  -3  -3    3   4   7   0   0   7   0   5   2   1   1  11   0   0  53   1   5   0   1   1  1.08 0.25
    7 Q    -1  -1   3  -1  -3   0  -1   1  -1  -2  -3   2  -2  -2   1   2   2  -4  -3  -2    3   0  20   0   0   3   0  12   1   3   0  18   1   1   5  18  13   0   0   1  0.32 0.15
    8 S    -1   5   2  -1  -4   0   2  -3  -1  -3  -3   3  -2  -4  -3   0  -1  -4  -3  -2    2  34  12   0   0   1  18   0   0   1   0  16   1   0   0   8   3   0   0   3  0.56 0.22
    9 L    -2   4  -2  -3  -4   0  -2  -3  -3   2   1   4  -1  -3  -1  -2  -2  -4  -2   0    1  27   0   0   0   4   0   1   0  15  13  30   0   0   2   0   0   0   1   5  0.46 0.21
   10 K    -3   4  -2  -3  -4   0  -2  -4  -1  -4  -4   5  -1  -3  -3  -2   4  -5  -3  -3    0  20   0   0   0   1   0   0   1   0   0  42   2   1   0   0  32   0   1   0  0.89 0.32
   11 Y    -3  -3  -3  -4  -5   4  -3  -4  -1  -3  -1  -3  -1   6  -5  -4  -4  -1   5  -3    1   0   0   0   0  27   0   1   1   0   6   0   1  40   0   0   0   0  24   0  1.15 0.36
   12 E    -3  -3  -3  -1  -6  -1   6   4  -3  -6  -6  -2  -5  -6  -4  -3  -3  -5  -5  -5    0   0   0   0   0   0  68  32   0   0   0   0   0   0   0   0   0   0   0   0  1.43 0.43
   13 T     0  -4  -3  -4   3   0  -3  -4  -4  -3  -3  -3  -3  -5  -4  -1   7  -5  -4  -3    5   0   0   0   6   4   0   0   0   0   1   0   0   0   0   0  84   0   0   0  1.54 0.47
   14 F    -4  -5  -6  -6  -4  -5  -6  -6  -4  -2   3  -5   0   8  -6  -5  -4  -2   0  -2    0   0   0   0   0   0   0   0   0   0  36   0   2  63   0   0   0   0   0   0  1.55 0.41
   15 S    -2  -4  -2  -3  -2  -3  -3  -1  -4  -5  -5  -3  -4  -5  -4   7  -1  -6  -5  -5    0   0   0   0   1   0   0   4   0   0   0   0   0   0   0  96   0   0   0   0  1.69 0.52
   16 Y    -5  -5  -2  -6  -5  -5  -5  -6  -1  -4  -3  -5  -3   6  -6  -5  -5  -1   9  -4    0   0   2   0   0   0   0   0   0   0   0   0   0  30   0   0   0   0  68   0  2.16 0.53
   17 L    -4  -5  -6  -6  -4  -5  -5  -6  -5  -1   6  -5   1  -1  -6  -5  -4  -4  -4  -1    0   0   0   0   0   0   0   0   0   0  96   0   1   1   0   0   0   0   0   2  1.57 0.44
   18 P    -3  -5  -5  -5  -6  -4  -4  -5  -5  -6  -5  -4  -6  -7   9  -4  -4  -7  -6  -6    1   0   0   0   0   0   0   0   0   0   1   0   0   0  99   0   0   0   0   0  3.07 0.64
   19 P    -1  -2  -2   5  -5   0   0  -4  -4  -5  -5  -2  -5  -6   6  -2  -2  -6  -5  -5    5   2   0  34   0   3   5   0   0   0   0   2   0   0  47   1   2   0   0   0  1.35 0.37
   20 M    -4  -4  -6  -6  -4  -4  -5  -6  -5  -1   6  -5   5   0  -4  -5  -3  -4  -3  -1    0   0   0   0   0   0   0   0   0   0  81   0  15   3   0   0   0   0   0   0  1.36 0.40
   21 N    -2  -3   1   0  -3  -3  -2  -3  -4  -4  -4  -3  -3  -5  -3   3   6  -5  -4  -2    0   0   6   4   0   0   0   1   0   0   0   0   0   0   1  27  59   0   0   1  1.09 0.41
   22 A     0   0   0   6  -5   1   1  -3  -2  -4  -5  -2  -4  -5   1  -2  -1  -6  -4  -3    8   6   2  56   0   7   6   1   1   0   0   1   0   0   6   1   3   0   0   2  0.90 0.31
   23 E     1  -2  -2   4  -5   2   5  -3  -3  -4  -4  -1  -4  -5  -3  -1  -2  -5  -4  -2   16   1   0  21   0   7  48   1   0   0   1   1   0   0   0   1   1   0   0   2  0.84 0.31
   24 R    -1  -1  -2   0  -5   7   3  -3  -2  -5  -5  -1  -3  -6  -3   0  -3  -5  -4  -4    3   2   1   4   0  62  20   1   0   0   0   1   0   0   0   5   0   0   0   0  1.30 0.44
   25 I    -4  -5  -6  -6  -3  -4  -5  -6  -5   6   3  -5   0  -2  -5  -5  -2  -5  -4   1    0   0   0   0   0   1   0   0   0  66  26   0   1   0   0   0   1   0   0   5  1.23 0.38
   26 R     2   3  -1  -2  -2  -1  -1  -1  -2  -1   0   1  -1  -1  -3   1   1  -3   0  -1   27  20   1   0   0   1   3   2   0   1  13   6   1   1   0   8   7   0   4   4  0.20 0.14
   27 A     1   3  -2   0  -4   0  -1  -3  -3  -4  -3   6  -2  -5  -3  -1  -2  -5  -4  -4   15  17   1   5   0   1   2   0   0   0   3  53   1   0   0   2   1   0   0   0  0.79 0.31
   28 Q    -4  -2  -2  -3  -6   8   3  -5  -3  -6  -5  -1  -4  -6  -4  -3  -4  -5  -5  -5    0   0   1   0   0  79  19   0   0   0   0   2   0   0   0   0   0   0   0   0  1.95 0.57
   29 I    -2  -5  -5  -6  -2  -5  -5  -6  -6   6   0  -5  -1  -3  -4  -4  -3  -5  -4   5    1   0   0   0   1   0   0   0   0  46   4   0   0   0   0   0   0   0   0  48  1.22 0.38
   30 K     0  -1   0   4  -5   4   4  -3  -2  -4  -4   0  -3  -5  -3  -1  -2  -5  -4  -3    9   1   3  23   0  24  30   1   0   0   1   4   0   0   0   1   0   0   0   1  0.71 0.28
   31 Y    -5  -5  -4  -6  -6  -5  -5  -6  -1  -5  -4  -5  -3   2  -6  -5  -5   1  10  -4    0   0   0   0   0   0   0   0   1   0   0   0   0   4   0   0   0   1  93   0  2.77 0.66
   32 A     2  -4  -4  -5   4  -3  -4  -3  -4   4   3  -4   3  -2  -4  -2  -2  -4  -3   0   18   0   0   0   9   0   0   1   0  28  30   0   9   0   0   1   1   0   0   3  0.55 0.23
   33 I    -3  -4  -5  -5  -2  -4  -5  -6  -5   4   4  -4   1  -2  -5  -4  -3  -4  -3   2    1   0   0   0   0   0   0   0   0  30  53   0   2   0   0   0   0   0   0  14  0.94 0.30
   34 A     1   3   2   3  -1   0   0  -1  -2  -4  -3   1  -3  -4  -2   2  -1  -4  -3  -3   12  23   9  19   2   3   3   2   0   0   1   8   0   0   1  15   1   0   0   1  0.39 0.18
   35 Q    -3   0   5  -2  -5   5  -1  -3   0  -5  -4   4   0  -3  -4   0  -2  -5  -4  -4    0   2  27   0   0  29   1   0   2   0   0  28   3   1   0   7   0   0   0   0  0.86 0.34
   36 G    -2  -2   2  -2  -5  -2  -3   6  -3  -6  -6   0  -5  -6  -4  -2  -4  -5  -5  -5    0   2   9   1   0   1   1  77   0   0   0   7   0   0   0   1   0   0   0   0  1.46 0.40
   37 W    -6  -6  -7  -8  -6  -5  -6  -6  -5  -5  -3  -6  -3   1  -7  -6  -6  12   4  -4    0   0   0   0   0   0   0   0   0   0   2   0   1   6   0   0   0  79  10   1  3.50 0.72
   38 S     2  -3   3  -3  -3  -3  -3  -3  -2   3  -2  -3  -2  -1  -1   0   1  -4  -2   2   22   0  16   0   0   0   0   0   1  27   0   0   0   3   3   6   9   0   0  13  0.34 0.21
   39 P    -2  -3  -5  -4   0  -4  -4  -4  -5   1  -3  -4  -3  -5   7  -3  -3  -1  -5   2    3   2   0   0   2   0   0   0   0   7   2   0   0   0  67   0   0   1   0  15  1.68 0.44
   40 G     3  -4   1  -4   8  -3  -4   1  -4  -4  -3  -3  -3  -5  -3   2  -2  -5  -4  -3   25   0   8   0  36   0   0  10   0   0   1   0   0   0   1  18   0   0   0   1  1.00 0.34
   41 I    -3  -5  -5  -5  -3  -4  -5  -6  -5   5   3  -5   0  -2  -5  -4  -3  -4  -3   4    0   0   0   0   0   0   0   0   0  38  35   0   0   0   0   0   0   0   0  27  0.97 0.31
   42 E    -4  -3  -3  -1  -7  -1   8  -5  -3  -6  -6  -2  -5  -6  -4  -3  -4  -6  -5  -6    0   0   0   0   0   0 100   0   0   0   0   0   0   0   0   0   0   0   0   0  2.25 0.61
   43 H    -5  -4  -4  -5  -5  -4  -5  -6   7  -4  -3  -5  -3   7  -6  -5  -5   2   5  -4    0   0   0   0   0   0   0   0  25   0   0   0   0  56   0   0   0   3  16   0  1.80 0.48
   44 V    -1  -2   2   0  -2  -1   3  -3  -3  -2  -3  -1  -3  -4  -3   2   5  -5  -4   0    4   1   9   5   1   0  20   0   0   1   0   2   0   0   0  12  40   0   0   5  0.57 0.27
   45 E    -2  -2  -1   4  -5  -1   4  -3   2  -5  -4   0  -3  -4  -3   2  -2  -5  -3  -4    1   0   1  30   0   0  33   0   6   0   1   6   0   0   0  19   1   0   0   0  0.77 0.29
   46 V    -2  -3  -1   5  -5  -2  -1  -4  -3  -5  -3  -2  -4  -5   6   0  -1  -6  -5  -3    2   1   1  33   0   0   2   0   1   0   2   1   0   0  46   5   4   0   0   2  1.25 0.36
   47 K    -1  -3  -1  -1  -1  -1   2   3  -2  -5  -5  -2  -4  -5   5   2  -2  -5  -4  -4    2   0   1   2   2   1  13  28   0   0   0   1   0   0  33  15   1   0   0   0  0.83 0.28
   48 N    -2  -1   2  -1  -3   0   0  -3   7  -4  -4  -1  -3  -1  -4  -1  -2  -2   6  -4    2   3  11   2   0   3   6   1  31   0   0   2   0   1   0   3   2   0  33   0  1.01 0.34
   49 S     2  -4  -4  -4  -3  -3  -4  -4  -3  -4  -3  -3  -3  -2   6  -1  -3  -3   6  -3   19   0   0   0   0   1   0   0   0   0   2   0   0   0  42   5   0   0  31   1  1.29 0.40
   50 M    -2   4  -1   4  -4  -1   0  -3  -2  -3  -3  -1   2   1  -3  -1   0  -4   0  -3    2  28   0  33   0   0   6   1   0   0   0   1   7   7   0   3   7   0   4   0  0.57 0.25
   51 N    -2  -2   5   1  -4   0   0   4  -1  -3  -4  -2  -2  -5  -4  -1  -1  -5  -4  -3    2   0  37   8   0   3   6  30   1   1   1   1   1   0   0   3   3   0   0   1  0.71 0.27
   52 Q    -2   5   1  -2  -2  -1  -2  -4   4  -2  -3  -1  -2  -1  -2   1   2  -4   2  -2    2  35   5   1   1   0   0   0  14   2   1   0   0   2   2  10  18   0   7   2  0.55 0.26
   53 Y    -5  -5  -5  -6  -3  -5  -5  -6   2  -4  -4  -5  -4   3  -6  -5  -5  -1   9  -4    0   0   0   0   0   0   0   0   3   0   0   0   0   7   0   0   0   0  88   0  2.58 0.63
   54 W    -6  -7  -8  -8  -6  -6  -7  -6  -6  -7  -6  -7  -5  -3  -8  -7  -6  13  -1  -7    0   0   0   0   0   0   0   0   0   0   0   0   0   0   0   0   0  98   0   0  4.65 0.89
   55 Y    -2  -3  -2   0  -3  -2   3  -3   0  -3  -4  -3  -3  -2  -1  -1   5  -3   4  -2    0   0   1   4   0   0  21   1   2   1   0   0   0   0   2   2  49   0  15   2  0.77 0.34
   56 M    -4  -5  -6  -6  -4  -4  -5  -6  -5  -1   2  -5  10  -3  -6  -5  -4  -4  -2  -2    0   0   0   0   0   0   0   0   0   2  18   0  79   0   0   0   0   0   1   0  2.24 0.60
   57 W    -6  -6  -8  -8  -6  -6  -7  -6  -6  -6  -5  -7  -5   0  -8  -7  -6  13   1  -7    0   0   0   0   0   0   0   0   0   0   0   0   0   3   0   0   0  94   3   0  4.35 0.83
   58 K    -3  -1  -2  -3  -6  -1  -2   3  -4  -6  -5   7  -4  -6  -4  -3  -3  -6  -5  -5    0   0   0   0   0   0   0  27   0   0   0  71   0   0   0   0   0   0   0   0  1.42 0.45
   59 L    -4  -4  -1  -5  -4  -3  -5  -6   1  -1   6  -5   2  -2  -5  -5  -3  -4  -3  -2    0   0   4   0   0   1   0   0   4   0  88   0   3   0   0   0   0   0   0   0  1.29 0.41
   60 P    -4  -5  -5  -5  -6  -5  -4  -5  -5  -6  -6  -4  -6  -7   9  -3  -4  -7  -6  -6    0   0   0   0   0   0   0   0   0   0   0   0   0   0  98   2   0   0   0   0  3.09 0.67
   61 F    -4  -5  -5  -6  -4  -4  -5  -6  -5  -1   3  -5   9   1  -6  -5  -4  -4  -3  -2    0   0   0   0   0   0   0   0   0   0  27   0  67   6   0   0   0   0   0   0  1.87 0.53
   62 F    -5  -6  -6  -7  -6  -6  -6  -6  -4  -3  -3  -6  -3   9  -7  -6  -5  -2   2  -4    0   0   0   0   0   0   0   0   0   0   0   0   0  97   0   0   0   0   3   0  2.65 0.61
   63 G    -2  -4   1   4  -5  -3  -2   6  -3  -6  -6  -3  -5  -6  -4  -2  -3  -5  -5  -6    0   0   6  29   0   0   0  61   0   0   0   1   0   0   0   2   0   0   0   0  1.34 0.38
   64 E     1  -4  -2  -3   8  -2   2  -3  -4   0   1  -3  -1  -3  -4  -2  -2  -4  -4  -1   13   0   1   0  35   0  19   1   0   6  18   0   1   0   0   1   1   0   0   3  0.79 0.29
   65 Q    -1   2   0  -2  -4   2  -1  -3  -1  -3  -4   2  -3  -3  -1   0   5  -4  -3  -2    2  12   3   1   0  11   2   0   1   1   0  15   0   1   2   3  44   0   0   1  0.61 0.28
   66 N    -3  -4   1   7  -5  -3   0  -3  -3  -6  -6  -3  -5  -6  -4   2  -1  -6  -5  -5    1   0   4  73   0   0   3   1   0   0   0   0   0   0   0  16   3   0   0   0  1.54 0.44
   67 V     4  -3  -3  -3  -3  -3  -3  -2  -4  -1  -1  -3  -2  -4   4   1   0  -5  -4   2   37   0   0   0   0   0   0   2   0   2   4   0   0   0  24  10   5   0   0  16  0.63 0.26
   68 D     3  -1   0   2  -3   2   0  -1  -2  -2  -3  -1  -2  -4  -2   2   1  -4  -3  -2   29   3   4  16   0  11   4   1   0   2   0   2   1   0   0  16   8   0   0   2  0.34 0.18
   69 N     1   0  -1  -1  -4   5   2   2  -1  -4  -3   0  -3  -5  -3  -1   0  -4  -3  -2   14   5   2   3   0  35  13  16   1   0   1   2   0   0   0   1   5   0   0   3  0.52 0.24
   70 V    -2  -5  -6  -6  -3  -5  -5  -6  -6   3  -1  -5  -2  -3  -5  -4  -3  -5  -4   7    2   0   0   0   0   0   0   0   0  15   2   0   0   0   0   0   0   0   0  81  1.45 0.44
   71 L    -2  -3  -5  -6  -3  -4  -5  -5  -4   1   5  -4   5  -1  -5  -4  -2  -4  -1   1    2   1   0   0   0   0   0   0   0   6  61   0  21   0   0   0   1   0   2   7  1.00 0.33
   72 A     2   0   2  -1  -3   0  -1   0  -1  -2  -1   2   2  -1  -2   0  -1  -3   2  -2   21   5  12   1   0   4   1   6   0   0   3  17   8   3   1   7   2   0   9   1  0.18 0.14
   73 E    -3  -3  -3  -1  -7   0   8  -5  -3  -6  -6  -2  -5  -6  -4  -3  -4  -6  -5  -6    1   0   0   1   0   1  98   0   0   0   0   0   0   0   0   0   0   0   0   0  2.17 0.60
   74 I    -1  -4  -5  -5   0  -4  -4  -5  -5   4   3  -4   0  -1  -4  -4  -2  -4  -3   4    5   0   0   0   2   0   0   0   0  26  34   0   0   2   0   0   0   0   0  31  0.72 0.26
   75 E    -1   1   3   2  -5   3   4  -2  -1  -4  -4   0  -3  -5  -3  -1  -2  -5  -3  -3    6   8  16  13   0  17  29   2   1   0   0   4   0   0   0   2   1   0   0   1  0.58 0.23
   76 A     3  -2   0   0  -4   0   5  -2  -2  -4  -3  -1  -2  -5  -3   0  -2  -5  -4  -3   34   1   5   2   0   3  44   2   0   0   2   2   1   0   0   4   0   0   0   0  0.71 0.30
   77 C     2  -6  -4  -6  11  -6  -6  -4  -6  -4  -4  -6  -3  -5  -6  -3  -3  -6  -5  -2   15   0   1   0  79   0   0   1   0   0   1   0   0   0   0   0   0   0   0   3  2.69 0.61
   78 R    -3   6  -2  -3  -3   0  -2  -4   5   0  -4   3  -3  -4  -4  -2  -1  -5  -3  -3    1  48   0   0   0   1   1   0  14   6   0  22   0   0   0   1   3   0   0   1  0.99 0.34
   79 S    -1   3  -1  -2  -4   1   0  -3  -2  -4  -4   5  -3  -5  -3   1   0  -5  -4  -3    5  17   2   1   0   4   4   0   0   0   0  50   0   0   0  12   5   0   0   1  0.77 0.30
   80 A     4  -3  -2  -2  -1   1   3  -2  -2  -2  -2  -2  -2  -4  -3   0   1  -4  -4  -1   49   0   1   1   1   6  21   0   0   1   2   0   0   0   0   4  10   0   0   4  0.57 0.27
   81 Y    -4  -3   2  -4  -3  -2  -4  -5   4  -4  -3  -2  -3   4  -4  -4  -4   0   8  -4    0   1  12   0   1   1   0   0  11   0   0   2   0  18   1   0   0   0  52   0  1.44 0.43
   82 P    -3  -3  -4  -4  -6  -3  -4  -1  -5  -6  -6  -4  -5  -7   8   0  -4  -7  -6  -5    1   1   0   0   0   0   0   6   0   0   0   0   0   0  83   8   0   0   0   0  2.34 0.55
   83 T    -2  -1   5   4  -5   0   1   0   1  -5  -5   0  -4  -5  -3   0   0  -5  -4  -4    1   2  35  30   0   3   7   6   3   0   0   4   0   0   0   4   5   0   0   0  0.78 0.28
   84 H     2  -1   1  -2   5  -1  -2  -1   6  -3  -3  -2  -1  -2  -2   1  -2  -4   0  -2   22   3   9   1  14   3   0   3  24   0   1   1   1   1   1  11   0   0   4   1  0.52 0.24
   85 Q    -4  -4  -4  -5  -5  -3  -4  -5   6  -4  -2  -4   0   5  -6  -4  -4   2   8  -4    0   0   0   0   0   0   0   1  18   0   2   0   2  22   0   0   0   3  52   0  1.66 0.45
   86 V    -3  -5  -5  -5  -2  -4  -5  -5  -4   6  -1  -5  -1  -2  -5  -4  -3  -5  -4   4    1   0   0   0   1   0   0   0   0  59   0   0   0   1   0   1   0   0   0  36  1.27 0.39
   87 K    -4   8  -3  -4  -6  -2  -3  -4  -3  -6  -5   2  -4  -6  -5  -4  -4  -6  -5  -5    0  87   0   0   0   0   0   1   0   0   0  12   0   0   0   0   0   0   0   0  2.04 0.54
   88 L    -3  -4  -5  -5   1  -4  -5  -5  -5   4   3  -4   1   0  -5  -4  -2  -4  -3   4    0   0   0   0   3   0   0   0   0  32  28   0   3   3   0   0   0   0   0  31  0.80 0.27
   89 V    -1  -4   2  -3  -3  -3  -4  -4  -4   4   1  -3   1  -2  -4  -1   1  -4  -3   3    3   0  15   0   0   0   0   0   0  35   9   0   3   0   0   4   7   0   0  23  0.50 0.23
   90 A     4  -4  -3  -4  -1  -4  -4   6  -4  -5  -5  -4  -4  -5  -4  -2  -3  -5  -5  -4   36   0   0   0   1   0   0  62   0   0   0   0   0   0   0   0   0   0   0   0  1.38 0.41
   91 Y    -5  -5  -6  -6  -5  -6  -6  -6  -3  -3  -2  -6  -3   8  -6  -5  -5  -1   6  -4    0   0   0   0   0   0   0   0   0   0   1   0   0  74   0   0   0   0  25   0  2.20 0.54
   92 D    -4  -5   1   8  -7  -3  -1  -4  -4  -6  -7  -4  -6  -7  -4  -3  -4  -7  -6  -6    0   0   4  95   0   0   0   0   0   0   0   0   0   0   0   1   0   0   0   0  2.30 0.57
   93 N     1  -2   7  -1  -5  -2  -3  -3  -2  -5  -5  -3  -4  -5  -1   2  -1  -6  -5  -5   11   2  67   1   0   0   0   0   0   0   0   0   0   0   2  15   1   0   0   0  1.34 0.43
   94 Y    -2  -1   0  -3  -3  -1  -2  -3  -1   2  -1   0  -1   1  -3   1   2  -2   3   2    1   2   4   0   0   2   1   0   1  17   1   6   1   5   0  11  14   0  15  18  0.24 0.17
   95 A     0   6  -1  -3  -5  -1  -2  -4   2  -5  -4   3  -3  -5  -1  -1   0  -3  -3  -4   10  47   1   0   0   1   0   0   5   0   0  23   0   0   2   2   7   0   0   0  0.87 0.32
   96 Q    -4  -2  -3  -3  -6   8   4  -5  -1  -6  -5  -2  -3  -6  -4  -3  -4  -5  -5  -5    0   0   0   0   0  76  22   0   1   0   0   0   0   0   0   0   0   0   0   0  1.96 0.58
   97 S    -1  -4  -3  -4   6  -3  -3  -3  -4  -2  -3  -3  -1  -4  -4   4   2  -5  -4   4    3   0   0   0  17   0   0   1   0   0   0   0   1   0   0  35  14   0   0  30  0.76 0.33
   98 L    -2  -2  -3  -3   3   7  -1  -5  -3  -2  -3  -1  -1  -5  -1  -3   0  -5  -4   0    1   0   0   0   7  68   0   0   0   2   2   2   1   0   3   0   4   0   0   8  1.28 0.46
   99 G     0   1  -3  -4   7  -3  -4   2  -4   0  -2  -2   0  -4  -4  -1   0  -2  -4   2    7  11   0   0  28   0   0  21   0   4   1   1   2   0   0   2   7   1   0  15  0.60 0.25
  100 L     1  -4  -4  -4  -2  -3  -4  -4  -1   3   2  -3   5  -2  -4  -1   0  -4  -3   2   12   0   0   0   1   0   0   0   2  23  24   0  20   0   0   3   5   0   0  11  0.49 0.22
  101 A     2  -3   0  -3   0  -2  -2   0  -3  -5  -5  -3  -2  -5  -3   6  -1  -5  -4  -4   13   0   3   0   2   0   1   7   0   0   0   0   1   0   0  72   1   0   0   0  1.10 0.42
  102 F    -5  -6  -6  -7  -5  -6  -6  -6  -4  -2  -2  -6   4   9  -7  -5  -5  -2   1  -3    0   0   0   0   0   0   0   0   0   1   1   0  11  86   0   0   0   0   1   0  2.27 0.56
  103 V    -3  -5  -6  -6  -3  -5  -5  -6  -5   6   2  -5   0  -2  -5  -4  -2  -5  -3   3    0   0   0   0   0   0   0   0   0  62  17   0   1   0   0   0   0   0   0  20  1.20 0.36
  104 V     3  -4  -5  -5  -1  -4  -4  -4  -5   3  -1  -4  -2  -3  -4  -3  -2  -5  -4   6   24   0   0   0   1   0   0   0   0  13   0   0   0   0   0   0   1   0   0  61  0.97 0.36
  105 Y    -2  -3   4  -2  -5   2  -2  -4   6  -4  -4  -2  -3   2  -5  -2  -3  -2   6  -4    2   0  21   1   0  11   0   0  23   1   0   1   0   6   0   2   0   0  33   0  1.06 0.36
  106 R    -4   6  -2  -3  -4   0  -1  -4  -3  -5  -5   5  -4  -5  -4  -3  -2  -5  -4  -5    0  56   1   0   0   1   3   0   0   0   0  37   0   0   0   0   2   0   0   0  1.42 0.42
  107 G    -1  -5  -5  -4  -6  -4  -4   2  -5  -6  -6  -4  -5  -6   8  -3  -4  -6  -6  -5    4   0   0   0   0   0   0  16   0   0   0   0   0   0  79   0   0   0   0   0  2.29 0.53
  108 N    -2   3   4   2  -3  -1  -1  -2  -2  -4  -4  -1  -3  -4  -3   2   3  -4  -3  -3    0  20  22  13   0   0   0   0   0   0   0   0   0   0   0  21  23   0   0   0  0.55 0.18

                      K         Lambda
Standard Ungapped    0.1329     0.3190
Standard Gapped      0.0657     0.2670
PSI Ungapped         0.2160     0.3132
PSI Gapped           0.0657     0.2670
