
Last position-specific scoring matrix computed, weighted observed percentages rounded down, information per position, and relative weight of gapless real matches to pseudocounts
            A   R   N   D   C   Q   E   G   H   I   L   K   M   F   P   S   T   W   Y   V   A   R   N   D   C   Q   E   G   H   I   L   K   M   F   P   S   T   W   Y   V
    1 T     0  -1   0  -1  -1  -1  -1  -2  -2  -1  -2  -1  -1  -3  -1   1   5  -3  -2   0    0   0   0   0   0   0   0   0   0   0   0   0   0   0   0   1  99   0   0   0  0.60 0.04
    2 Y    -2  -2  -3  -4  -3  -2  -3  -4   1  -2  -1  -2  -1   3  -3  -2  -2   2   8  -2    0   0   0   0   0   0   0   0   0   0   0   0   0   0   0   0   0   0 100   0  1.12 0.05
    3 W    -3  -3  -4  -4  -3  -2  -3  -3  -1  -3  -2  -3  -2   1  -4  -3  -3  11   5  -3    0   0   0   0   0   0   0   0   0   0   0   0   0   0   0   0   0  71  29   0  1.91 0.05
    4 M     0  -1  -1   0  -2   1   2  -2  -1  -1  -1  -1   3  -2  -2   0   3  -3  -2   0    7   0   0   4   0   6  17   0   0   0   0   0  22   0   0   0  44   0   0   1  0.22 0.02
    5 P    -1  -3  -2  -2  -3  -2  -2  -3  -3  -3  -3  -1  -3  -4   8  -1  -1  -4  -3  -3    0   0   0   0   0   0   0   0   0   0   0   0   0   0 100   0   0   0   0   0  2.17 0.05
    6 E    -2  -1   2   5  -4   1   3  -2   1  -3  -4   0  -3  -4  -2   0  -1  -4  -3  -3    0   0   6  62   0   2  22   0   5   0   0   0   0   0   0   0   3   0   0   0  0.69 0.03
    7 Y    -2  -2  -3  -4  -3  -2  -3  -4   1  -2  -1  -2  -1   3  -3  -2  -2   2   8  -2    0   0   0   0   0   0   0   0   0   0   0   0   0   0   0   0   0   0 100   0  1.12 0.05
    8 T     0  -1  -1  -1  -1   0   0  -2  -2   1  -1  -1   0  -2  -1   1   4  -3  -2   2    0   0   1   1   0   5   4   0   0   5   1   2   2   0   2   2  52   0   0  23  0.23 0.02
    9 P    -1  -3  -3  -2  -3  -2  -2  -3  -3  -1  -2  -2  -2  -3   8  -1  -1  -4  -3   0    0   0   0   0   0   0   0   0   0   2   1   0   0   0  87   0   0   0   0  10  1.73 0.04
   10 L     0   2  -1  -2  -2   0   0  -2  -1  -1   1   4   0  -2  -2  -1  -1  -3  -2  -1    6   4   0   0   0   1   0   0   0   0  32  57   0   0   0   0   0   0   0   0  0.24 0.02
   11 D    -2  -2   1   6  -4   0   2  -2  -1  -4  -4  -1  -3  -4  -2  -1  -1  -5  -3  -4    0   0   0  91   0   0   9   0   0   0   0   0   0   0   0   0   0   0   0   0  0.99 0.04
   12 S     0  -1   0  -1  -1  -1  -1  -1  -2  -1  -2  -1  -1  -3  -1   3   5  -3  -2  -1    0   0   0   0   0   0   0   0   0   0   0   0   0   0   0  28  72   0   0   0  0.49 0.03
   13 D    -2  -2   1   7  -4  -1   1  -2  -1  -4  -4  -1  -4  -4  -2  -1  -1  -5  -4  -4    0   0   0 100   0   0   0   0   0   0   0   0   0   0   0   0   0   0   0   0  1.09 0.04
   14 I    -2  -3  -4  -4  -2  -3  -3  -4  -3   3   3  -3   1   2  -3  -3  -1  -2   0   2    0   0   0   0   0   0   0   0   0  50  34   0   0  11   0   0   0   0   0   4  0.36 0.02
   15 L    -2  -3  -4  -4  -2  -2  -3  -4  -3   1   4  -3   2   0  -3  -3  -1  -2  -1   1    0   0   0   0   0   0   0   0   0   0 100   0   0   0   0   0   0   0   0   0  0.56 0.03
   16 A     5  -2  -2  -2  -1  -1  -1   0  -2  -2  -2  -1  -1  -3  -1   1   0  -3  -2   0  100   0   0   0   0   0   0   0   0   0   0   0   0   0   0   0   0   0   0   0  0.52 0.04
   17 C     1  -3  -3  -3   8  -3  -3  -2  -3  -1  -1  -3  -1  -2  -3  -1  -1  -3  -2   1   21   0   0   0  66   0   0   0   0   0   0   0   0   0   0   0   0   0   0  13  0.83 0.04
   18 F    -3  -3  -4  -4  -3  -4  -4  -4  -2   0   0  -4   0   7  -4  -3  -3   1   3  -1    0   0   0   0   0   0   0   0   0   0   0   0   0 100   0   0   0   0   0   0  0.96 0.05
   19 K    -1   4   0  -1  -4   1   0  -2  -1  -3  -3   5  -2  -3  -2  -1  -1  -3  -2  -3    0  29   0   0   0   0   0   0   0   0   0  71   0   0   0   0   0   0   0   0  0.61 0.03
   20 I    -1  -3  -3  -4   2  -2  -3  -4  -3   3   1  -3   2   0  -3  -2  -1  -3  -1   3    0   0   0   0   6   0   0   0   0  40   0   0  13   3   0   0   0   0   0  38  0.32 0.02
   21 T     0  -2  -1  -2  -1  -1  -1  -2  -2   1  -1  -1   0  -2  -2   1   4  -3  -2   2    0   0   0   0   0   0   1   0   0   5   0   0   0   0   0   5  69   0   0  20  0.36 0.03
   22 P    -1  -3  -2  -2  -3  -2  -2   0  -3  -3  -3  -1  -3  -4   8  -1  -1  -4  -3  -3    2   0   0   0   0   0   0   8   0   0   0   0   0   0  89   0   0   0   0   0  1.84 0.04
   23 Q    -1   1   0  -1  -3   6   2  -2   0  -3  -3   1  -1  -4  -2   0  -1  -2  -2  -3    0   0   0   0   0 100   0   0   0   0   0   0   0   0   0   0   0   0   0   0  0.85 0.05
   24 P     1  -2  -2  -1  -3  -1   0  -2  -2  -3  -3  -1  -3  -4   7  -1  -1  -4  -3  -2   15   0   0   3   0   0   7   0   0   0   0   0   0   0  76   0   0   0   0   0  1.47 0.04
   25 G     0  -3  -1  -1  -3  -2  -2   6  -2  -4  -4  -2  -3  -4  -3  -1  -2  -3  -4  -4    0   0   0   1   0   0   0  99   0   0   0   0   0   0   0   0   0   0   0   0  1.14 0.04
   26 V     0  -3  -3  -4  -1  -3  -3  -4  -4   3   1  -3   1  -1  -3  -2   0  -3  -2   5    0   0   0   0   0   0   0   0   0   2   0   0   0   0   0   0   0   0   0  98  0.47 0.04
   27 D    -1  -2  -1   2  -3  -1  -1  -2  -2  -3  -3  -1  -3  -4   7   0  -1  -4  -3  -3    1   0   0  22   0   0   0   0   0   0   0   0   0   0  74   3   0   0   0   0  1.49 0.04
   28 R    -1   5  -1  -2  -3   0  -1  -2  -1  -2  -2   2  -2  -3   3  -1  -1  -3  -2  -2    6  69   0   0   0   0   0   0   0   3   0   3   0   0  19   0   0   0   1   0  0.62 0.03
   29 E    -1   0  -1   2  -4   2   6  -3   0  -4  -3   1  -2  -4  -1   0  -1  -3  -2  -3    0   0   0   1   0   0  99   0   0   0   0   0   0   0   0   0   0   0   0   0  0.86 0.04
   30 E    -1   0  -1   1  -4   2   6  -3   0  -4  -3   1  -2  -4  -1   0  -1  -3  -2  -3    0   0   0   0   0   0 100   0   0   0   0   0   0   0   0   0   0   0   0   0  0.87 0.04
   31 A     4  -2  -2  -2   2  -1  -2  -1  -2   0  -1  -1  -1  -2  -1   1   0  -3  -2   1   71   0   0   0   7   0   0   0   0   4   0   0   0   0   0   2   0   0   0  16  0.31 0.02
   32 A     4  -2  -2  -2  -1  -1  -1   2  -2  -2  -2  -1  -1  -3  -1   1  -1  -3  -2  -1   79   0   0   0   0   0   0  20   0   0   0   0   0   0   1   0   0   0   0   0  0.45 0.03
   33 A     5  -2  -2  -2  -1  -1  -1   0  -2  -2  -2  -1  -1  -3   0   1   0  -3  -2   0   99   0   0   0   0   0   0   0   0   0   0   0   0   0   1   0   0   0   0   0  0.51 0.04
   34 A     5  -2  -2  -2  -1  -1  -1   0  -2  -2  -2  -1  -1  -3  -1   1   0  -3  -2   0  100   0   0   0   0   0   0   0   0   0   0   0   0   0   0   0   0   0   0   0  0.52 0.04
   35 V     0  -3  -3  -4  -1  -3  -3  -4  -4   3   1  -3   1  -1  -3  -2   0  -3  -2   5    0   0   0   0   0   0   0   0   0   1   0   0   0   0   0   0   0   0   0  99  0.47 0.04
   36 A     5  -2  -2  -2   1  -1  -1   0  -2  -2  -2  -1  -1  -3  -1   1   0  -3  -2   0   96   0   0   0   3   0   0   0   0   0   0   0   0   0   0   1   0   0   0   0  0.49 0.04
   37 A     5  -2  -2  -2  -1  -1  -1   0  -2  -2  -2  -1  -1  -3  -1   1   0  -3  -2   0  100   0   0   0   0   0   0   0   0   0   0   0   0   0   0   0   0   0   0   0  0.52 0.04
   38 E    -1   0  -1   1  -4   2   6  -3   0  -4  -3   1  -2  -4  -1   0  -1  -3  -2  -3    0   0   0   0   0   0 100   0   0   0   0   0   0   0   0   0   0   0   0   0  0.87 0.04
   39 S     1  -1   0  -1  -1   0   0  -1  -1  -3  -3   0  -2  -3  -1   5   1  -3  -2  -2    0   0   0   0   0   0   0   0   0   0   0   0   0   0   0 100   0   0   0   0  0.58 0.04
   40 S     1  -1   0  -1  -1   0   0  -1  -1  -3  -3   0  -2  -3  -1   5   1  -3  -2  -2    0   0   0   0   0   0   0   0   0   0   0   0   0   0   0 100   0   0   0   0  0.58 0.04
   41 T     0  -2   0  -1   0  -1  -1  -2  -2  -1  -2  -1  -1  -3  -1   1   5  -3  -2   0    0   0   0   0   1   0   0   0   0   0   0   0   0   0   0   0  99   0   0   0  0.61 0.04
   42 G     1  -3  -1  -2  -3  -2  -2   6  -2  -4  -4  -2  -3  -3  -2   0  -2  -3  -3  -3    9   0   0   0   0   0   0  91   0   0   0   0   0   0   0   0   0   0   0   0  1.01 0.03
   43 T     0  -1   0  -1  -1  -1  -1  -2  -2  -1  -2  -1  -1  -3  -1   1   6  -3  -2   0    0   0   0   0   0   0   0   0   0   0   0   0   0   0   0   0 100   0   0   0  0.63 0.04
   44 W    -3  -3  -4  -5  -3  -3  -3  -3  -3  -3  -2  -4  -2   1  -4  -3  -3  12   2  -3    0   0   0   0   0   0   0   0   0   0   0   0   0   0   0   0   0 100   0   0  2.70 0.07
   45 T     0  -1   0  -1  -1  -1  -1  -2  -2  -1  -2  -1  -1  -3  -1   2   5  -3  -2   0    0   0   0   0   0   0   0   0   0   0   0   0   0   0   0   8  92   0   0   0  0.57 0.04
   46 T     0  -1   0  -1  -1  -1  -1  -2  -2  -1  -2  -1  -1  -3  -1   1   5  -3  -2   0    0   0   0   0   0   0   0   0   0   0   0   0   0   0   0   2  98   0   0   0  0.62 0.04
   47 V     0  -3  -3  -4  -1  -3  -3  -4  -4   2   1  -3   0  -1  -3  -2   0  -3  -2   5    0   0   0   0   0   0   0   0   0   0   0   0   0   0   0   0   0   0   0 100  0.48 0.04
   48 W    -3  -3  -4  -5  -3  -3  -3  -3  -3  -3  -2  -4  -2   1  -4  -3  -3  12   2  -3    0   0   0   0   0   0   0   0   0   0   0   0   0   0   0   0   0 100   0   0  2.70 0.07
   49 T     0  -1   0  -1  -1  -1  -1  -2  -2  -1  -2  -1  -1  -3  -1   2   5  -3  -2   0    0   0   0   0   0   0   0   0   0   0   0   0   0   0   0  10  90   0   0   0  0.56 0.04
   50 D    -2  -2   1   6  -4   0   2  -2  -1  -4  -4  -1  -3  -4  -2  -1  -1  -5  -3  -4    0   0   0  92   0   0   8   0   0   0   0   0   0   0   0   0   0   0   0   0  1.00 0.04
   51 L    -2  -2  -1  -3  -2  -2  -3   0  -3   1   4  -3   2   0  -3  -2  -1  -2  -2   0    0   0   4   0   0   0   0  10   0   0  86   0   0   0   0   0   0   0   0   0  0.36 0.03
   52 L    -2  -3  -4  -4  -2  -2  -3  -4  -3   1   4  -3   2   0  -3  -3  -1  -2  -1   1    0   0   0   0   0   0   0   0   0   0 100   0   0   0   0   0   0   0   0   0  0.56 0.03
   53 T     0  -1   0  -1  -1  -1  -1  -2  -2  -1  -2  -1  -1  -3  -1   1   6  -3  -2   0    0   0   0   0   0   0   0   0   0   0   0   0   0   0   0   0 100   0   0   0  0.63 0.04
   54 D    -2  -2   1   6  -4  -1   1  -2  -1  -4  -4  -1  -3  -4  -2   0  -1  -5  -3  -4    0   0   1  96   0   0   1   0   0   0   0   0   0   0   0   1   0   0   0   0  1.04 0.04
   55 M    -2  -2  -4  -4  -2  -2  -3  -4  -3   1   4  -3   3   0  -3  -3  -1  -2  -1   1    0   0   0   0   0   0   0   0   0   0  86   0  14   0   0   0   0   0   0   0  0.50 0.03
   56 D    -2  -2   1   6  -4   0   3  -2  -1  -4  -4  -1  -3  -3  -2  -1  -1  -4  -1  -3    0   0   0  81   0   0  16   0   0   0   0   0   0   0   0   0   0   0   3   0  0.86 0.03
   57 Y    -2   3  -2  -3  -3  -1  -2  -3   3  -2  -2   0  -1   2  -3  -2  -2   1   6  -2    0  29   0   0   0   0   0   0   7   0   0   0   0   6   0   0   0   0  58   0  0.60 0.03
   58 Y    -2  -2  -3  -4  -3  -2  -3  -4   1  -2  -1  -2  -1   3  -3  -2  -2   2   8  -2    0   0   0   0   0   0   0   0   0   0   0   0   0   0   0   0   0   0 100   0  1.12 0.05
   59 K    -1   2   0  -1  -4   1   1  -2  -1  -3  -3   5  -2  -4  -1   0  -1  -3  -2  -3    0   2   0   0   0   0   0   0   0   0   0  98   0   0   0   0   0   0   0   0  0.65 0.04
   60 G     0  -3  -1  -2  -3  -2  -3   6  -2  -4  -4  -2  -3  -4  -3  -1  -2  -3  -4  -4    0   0   0   0   0   0   0 100   0   0   0   0   0   0   0   0   0   0   0   0  1.17 0.04
   61 R    -2   6  -1  -2  -4   1   0  -3  -1  -3  -3   2  -2  -3  -3  -1  -1  -3  -2  -3    0  99   0   0   0   0   0   0   0   0   0   1   0   0   0   0   0   0   0   0  0.91 0.04
   62 A     4  -2  -2  -3   6  -2  -2  -1  -2  -2  -2  -2  -1  -3  -2   1   0  -3  -2  -1   67   0   0   0  31   0   0   0   0   0   0   0   0   0   0   2   0   0   0   0  0.52 0.03
   63 Y    -2  -2  -3  -4  -3  -2  -3  -4   1  -2  -1  -2  -1   3  -3  -2  -2   2   8  -2    0   0   0   0   0   0   0   0   0   0   0   0   0   0   0   0   0   0 100   0  1.12 0.05
   64 R     1   3   0   2  -2   0   0  -1   1  -3  -2   1  -2  -3  -2   0  -1  -3  -1  -2   27  37   1  20   0   0   2   0   5   0   0   4   0   0   0   3   0   0   1   0  0.28 0.02
   65 I    -2  -3  -4  -4  -1  -3  -4  -4  -4   5   2  -3   1   0  -3  -3  -1  -3  -2   3    0   0   0   0   0   0   0   0   0  89   5   0   0   0   0   0   0   0   0   7  0.48 0.03
   66 E    -1   0  -1   1  -4   2   6  -3   0  -4  -3   1  -2  -4  -1   0  -1  -3  -2  -3    0   0   0   0   0   0 100   0   0   0   0   0   0   0   0   0   0   0   0   0  0.87 0.04
   67 D    -1  -2   1   5  -3  -1   1  -2  -2  -3  -4  -1  -3  -4   4   0  -1  -4  -3  -3    3   1   0  68   0   0   2   0   0   0   0   0   0   0  23   2   0   0   0   0  0.83 0.03
   68 V     0  -3  -3  -4  -1  -3  -3  -4  -4   3   1  -3   1  -1  -3  -2   0  -3  -2   5    0   0   0   0   0   0   0   0   0   1   0   0   0   0   0   0   0   0   0  99  0.47 0.04
   69 P    -1  -2  -2  -2  -3  -1  -1  -2  -2  -3  -3  -1  -3  -4   8  -1  -1  -4  -3  -3    4   0   0   0   0   2   0   0   0   0   0   0   0   0  94   0   0   0   0   0  1.98 0.05
   70 G     0  -3   0  -2  -3  -2  -2   6  -2  -4  -4  -2  -3  -4  -3  -1  -2  -3  -3  -4    0   0   2   0   0   0   0  98   0   0   0   0   0   0   0   0   0   0   0   0  1.12 0.04
   71 D    -2  -1   1   5  -4   1   3  -2   0  -4  -4   0  -3  -4  -2   0  -1  -4  -3  -3    0   0   2  61   0   3  29   0   3   0   0   0   0   0   0   3   0   0   0   0  0.72 0.03
   72 D    -2  -1   1   6  -4   0   2  -2  -1  -3  -4   0  -3  -4  -2   0  -1  -4  -3  -3    0   1   0  82   0   0   5   0   0   0   0   8   0   0   0   4   0   0   0   0  0.83 0.03
   73 A     0  -1   3   1  -3   1   3  -1   0  -3  -3   0  -2  -3  -2   1   2  -3  -2  -2    3   0  31   5   0   0  35   0   0   0   0   0   0   0   0   9  18   0   0   0  0.39 0.02
   74 A     2  -1  -1  -1   5   3   0  -1  -1  -2  -2   0  -1  -3  -2   2   0  -3  -2  -1   30   1   0   0  22  29   0   0   0   0   0   0   0   0   0  18   1   0   0   0  0.33 0.02
   75 F    -2  -3  -3  -4  -3  -3  -3  -4   0  -1   0  -3   0   6  -4  -3  -2   2   5  -1    0   0   0   0   0   0   0   0   0   1   0   0   0  70   0   0   0   1  27   0  0.81 0.04
   76 Y    -2  -2  -3  -4  -3  -2  -3  -4   1   1  -1  -2  -1   4  -3  -2  -2   2   7   0    0   0   0   0   0   0   0   0   0  15   0   0   0  14   0   0   0   0  71   0  0.74 0.04
   77 A     4  -2  -2  -2   4  -1  -1   0  -2  -1  -2  -1   0  -2  -1   1   0  -3  -2   0   81   0   0   0  15   0   0   0   0   0   0   0   2   0   0   0   1   0   0   1  0.42 0.03
   78 F    -3  -3  -3  -4  -3  -3  -3  -4  -1  -1   0  -3   0   7  -4  -3  -2   1   4  -1    0   0   0   0   0   0   0   0   0   0   1   0   0  85   0   0   0   0  14   0  0.86 0.04
   79 I    -1  -3  -3  -4  -1  -3  -3  -4  -4   4   1  -3   1  -1  -3  -2  -1  -3  -2   3    0   0   0   0   0   0   0   0   0  65   0   0   0   0   0   0   0   0   0  35  0.44 0.03
   80 A     5  -2  -2  -2  -1  -1  -1   0  -2  -2  -2  -1  -1  -3  -1   1   0  -3  -2   0  100   0   0   0   0   0   0   0   0   0   0   0   0   0   0   0   0   0   0   0  0.52 0.04
   81 Y    -2  -2  -3  -4  -3  -2  -3  -4   1  -2  -1  -2  -1   3  -3  -2  -2   2   8  -2    0   0   0   0   0   0   0   0   0   0   0   0   0   0   0   0   0   0 100   0  1.12 0.05
   82 P    -1  -3  -2  -2  -3  -2  -2  -3  -3  -3  -3  -1  -3  -4   8  -1  -1  -4  -3  -3    0   0   0   0   0   0   0   0   0   0   0   0   0   0 100   0   0   0   0   0  2.17 0.05
   83 I    -1  -3  -3  -4  -1  -2  -3  -4  -3   4   3  -3   3   0  -3  -2  -1  -2  -1   2    1   0   0   0   0   0   0   0   0  54  32   0  13   0   0   0   0   0   0   0  0.37 0.02
   84 D    -2  -2   1   6  -4  -1   1   0  -2  -4  -4  -1  -3  -4  -2  -1  -1  -5  -4  -4    0   0   0  92   0   0   0   8   0   0   0   0   0   0   0   0   0   0   0   0  0.96 0.04
   85 L    -2  -3  -4  -4  -2  -2  -3  -4  -3   1   4  -3   2   0  -3  -3  -1  -2  -1   1    0   0   0   0   0   0   0   0   0   0 100   0   0   0   0   0   0   0   0   0  0.56 0.03
   86 F    -3  -3  -4  -4  -3  -4  -4  -4  -2   0   0  -4   0   7  -4  -3  -3   1   3  -1    0   0   0   0   0   0   0   0   0   0   0   0   0 100   0   0   0   0   0   0  0.96 0.05
   87 E    -1   0  -1   1  -4   2   6  -3   0  -4  -3   1  -2  -4  -1   0  -1  -3  -2  -3    0   0   0   0   0   0 100   0   0   0   0   0   0   0   0   0   0   0   0   0  0.87 0.04
   88 E    -1   0  -1   1  -4   2   6  -3   0  -4  -3   1  -2  -4  -1   0  -1  -3  -2  -3    0   0   0   0   0   0 100   0   0   0   0   0   0   0   0   0   0   0   0   0  0.87 0.04
   89 G     0  -3  -1  -2  -3  -2  -2   6  -2  -4  -4  -2  -3  -4  -2   0  -2  -3  -3  -3    1   0   0   0   0   0   0  96   0   0   0   0   0   0   0   3   0   0   0   0  1.09 0.03
   90 S     1  -1   0  -1  -1   0   0  -1  -1  -3  -3   0  -2  -3  -1   5   1  -3  -2  -2    0   0   0   0   0   0   0   0   0   0   0   0   0   0   0 100   0   0   0   0  0.58 0.04
   91 V    -1  -3  -3  -4  -1  -3  -3  -4  -4   3   1  -3   1  -1  -3  -2   0  -3  -2   4    0   0   0   0   0   0   0   0   0  18   0   0   2   0   0   0   0   0   0  80  0.42 0.03
   92 V     0  -2  -2  -3  -1  -2  -2  -3  -3   2   0  -2   0  -1  -2  -1   3  -3  -2   4    0   0   0   0   0   0   0   0   0   0   0   0   0   0   0   0  29   0   0  71  0.32 0.03
   93 N    -2  -1   6   1  -3   0  -1  -1   0  -4  -4   0  -3  -3  -2   1   0  -4  -2  -3    0   0  96   0   0   0   0   0   0   0   0   0   0   0   0   4   0   0   0   0  0.86 0.04
   94 V    -1  -3  -3  -4  -1  -2  -3  -4  -3   3   1  -3   2  -1  -3  -2   0  -3  -1   4    0   0   0   0   0   0   0   0   0   5   8   0  12   0   0   0   0   0   0  74  0.37 0.03
   95 F    -2  -3  -4  -4  -2  -3  -3  -4  -2   1   3  -3   2   5  -4  -3  -2   0   1   0    0   0   0   0   0   0   0   0   0   0  51   0   4  45   0   0   0   0   0   0  0.47 0.02
   96 T     0  -1   0  -1  -1  -1  -1  -2  -2  -1  -2  -1  -1  -3  -1   1   6  -3  -2   0    0   0   0   0   0   0   0   0   0   0   0   0   0   0   0   0 100   0   0   0  0.63 0.04
   97 S     1  -1   0  -1  -1   0   0  -1  -1  -3  -3   0  -2  -3  -1   5   1  -3  -2  -2    0   0   0   0   0   0   0   0   0   0   0   0   0   0   0 100   0   0   0   0  0.58 0.04
   98 L    -2  -3  -4  -4  -2  -3  -3  -4  -3   2   4  -3   2   0  -3  -3  -1  -2  -1   1    0   0   0   0   0   0   0   0   0  16  84   0   0   0   0   0   0   0   0   0  0.48 0.03
   99 V     0  -3  -3  -4   1  -3  -3  -4  -4   2   1  -3   0  -1  -3  -2   0  -3  -2   5    0   0   0   0   3   0   0   0   0   0   0   0   0   0   0   0   1   0   0  96  0.44 0.04
  100 G     0  -3  -1  -2  -3  -2  -3   6  -2  -4  -4  -2  -3  -4  -3  -1  -2  -3  -4  -4    0   0   0   0   0   0   0 100   0   0   0   0   0   0   0   0   0   0   0   0  1.17 0.04
  101 N    -2  -1   7   1  -3   0  -1  -1   0  -4  -4   0  -3  -4  -2   0   0  -4  -3  -3    0   0 100   0   0   0   0   0   0   0   0   0   0   0   0   0   0   0   0   0  0.92 0.05
  102 V     0  -3  -3  -4  -1  -3  -3  -4  -4   2   1  -3   0  -1  -3  -2   0  -3  -2   5    0   0   0   0   0   0   0   0   0   0   0   0   0   0   0   0   0   0   0 100  0.48 0.04
  103 F    -3  -3  -4  -4  -3  -4  -4  -4  -2   0   0  -4   0   7  -4  -3  -3   1   3  -1    0   0   0   0   0   0   0   0   0   0   0   0   0 100   0   0   0   0   0   0  0.96 0.05
  104 G     0  -3  -1  -2  -3  -2  -3   6  -2  -4  -4  -2  -3  -4  -3  -1  -2  -3  -4  -4    0   0   0   0   0   0   0 100   0   0   0   0   0   0   0   0   0   0   0   0  1.17 0.04
  105 F    -3  -3  -4  -4  -3  -4  -4  -4  -2   0   0  -4   0   7  -4  -3  -3   1   3  -1    0   0   0   0   0   0   0   0   0   0   0   0   0 100   0   0   0   0   0   0  0.96 0.05
  106 K    -1   2   0  -1  -4   1   1  -2  -1  -3  -3   5  -2  -4  -1   0  -1  -3  -2  -3    0   0   0   0   0   0   0   0   0   0   0 100   0   0   0   0   0   0   0   0  0.66 0.04
  107 A     5  -2  -2  -2  -1  -1  -1   0  -2  -2  -2  -1  -1  -3  -1   1   0  -3  -2   0  100   0   0   0   0   0   0   0   0   0   0   0   0   0   0   0   0   0   0   0  0.52 0.04
  108 V    -1  -3  -4  -4  -1  -3  -3  -4  -3   2   3  -3   1   0  -3  -2  -1  -2  -1   3    0   0   0   0   0   0   0   0   0  11  49   0   0   0   0   0   0   0   0  40  0.37 0.02
  109 R    -2   6  -1  -2  -4   1   0  -3  -1  -3  -3   3  -2  -3  -2  -1  -1  -3  -2  -3    0  90   0   0   0   0   0   0   0   0   0  10   0   0   0   0   0   0   0   0  0.83 0.04
  110 G     3  -1  -1  -2  -1  -1  -1   1   2  -2  -2  -1  -1  -2  -1   2   0  -3  -1  -1   62   0   0   0   0   0   0   5   9   0   0   0   0   0   0  22   2   0   0   0  0.33 0.02
  111 L    -2  -3  -4  -4  -1  -3  -3  -4  -3   2   4  -3   2   0  -3  -3  -1  -2  -1   1    0   0   0   0   1   0   0   0   0   2  97   0   0   0   0   0   0   0   0   0  0.53 0.03
  112 R    -2   6  -1  -2  -4   1   0  -3  -1  -3  -3   2  -2  -3  -3  -1  -1  -3  -2  -3    0 100   0   0   0   0   0   0   0   0   0   0   0   0   0   0   0   0   0   0  0.92 0.04
  113 L    -2  -2  -4  -4  -2  -2  -3  -4  -3   1   4  -3   2   0  -3  -2  -1  -2  -1   1    0   0   0   0   0   0   0   0   0   0  98   0   0   0   0   2   0   0   0   0  0.53 0.03
  114 E    -1   0  -1   1  -4   2   6  -3   0  -4  -3   1  -2  -4  -1   0  -1  -3  -2  -3    0   0   0   0   0   0 100   0   0   0   0   0   0   0   0   0   0   0   0   0  0.87 0.04
  115 D    -2  -2   1   7  -4  -1   1  -2  -1  -4  -4  -1  -4  -4  -2  -1  -1  -5  -4  -4    0   0   0 100   0   0   0   0   0   0   0   0   0   0   0   0   0   0   0   0  1.09 0.04
  116 V    -1  -3  -3  -4  -1  -3  -3  -4  -3   3   2  -3   1   0  -3  -2  -1  -3  -1   3    0   0   0   0   0   0   0   0   0  33  17   0   2   0   0   0   0   0   0  48  0.36 0.02
  117 R    -2   6  -1  -2  -4   1   0  -3  -1  -3  -3   2  -2  -3  -3  -1  -1  -3  -2  -3    0 100   0   0   0   0   0   0   0   0   0   0   0   0   0   0   0   0   0   0  0.92 0.04
  118 F    -2  -3  -3  -4  -2  -3  -4  -4  -2   2   1  -3   0   6  -4  -3  -2   0   2   0    0   0   0   0   0   0   0   0   0  22   0   0   0  75   0   0   0   0   0   3  0.63 0.03
  119 P    -1  -3  -2  -2  -3  -2  -2  -3  -3  -3  -3  -1  -3  -4   8  -1  -1  -4  -3  -3    0   0   0   0   0   0   0   0   0   0   0   0   0   0 100   0   0   0   0   0  2.17 0.05
  120 L    -1  -3  -4  -4  -1  -3  -3  -4  -3   3   3  -3   1   0  -2  -2  -1  -3  -1   3    0   0   0   0   0   0   0   0   0  42  31   0   0   0   1   0   0   0   0  25  0.36 0.02
  121 A     4  -2  -2  -2  -1  -1  -1   0   1  -2  -2  -1  -1  -2  -1   1  -1   5  -1  -1   81   0   0   0   0   0   0   0   4   0   0   0   0   0   1   0   0  13   0   0  0.46 0.03
  122 Y    -2  -2  -3  -4  -3  -2  -3  -4   1  -1   0  -2  -1   4  -3  -2  -2   2   7  -1    0   0   0   0   0   0   0   0   0   0   9   0   0  19   0   0   0   0  72   0  0.81 0.04
  123 V    -1  -3  -3  -4  -1  -2  -3  -4  -3   3   2  -3   1  -1  -3  -2   0  -3  -1   4    0   0   0   0   0   0   0   0   0  11  13   0   3   0   0   0   0   0   0  73  0.38 0.02
  124 K    -1   1  -1  -1  -3   1   0  -2  -1  -1  -1   4   3  -2  -2   0   0  -3  -2  -1    1   0   0   0   0   0   0   0   0   0   1  66  23   0   0   0   9   0   0   0  0.32 0.03
  125 T     0  -1   0  -1  -1  -1  -1  -2  -2  -1  -2  -1  -1  -3  -1   1   5  -3  -2   0    0   0   0   0   0   0   0   0   0   0   0   0   0   0   0   2  98   0   0   0  0.62 0.04
  126 C    -1  -4  -3  -4   9  -3  -4  -3  -3  -1  -1  -3  -1   3  -3  -2  -2  -1   1  -1    0   0   0   0  72   0   0   0   0   0   0   0   0  24   0   0   0   0   4   0  1.01 0.04
  127 G    -1  -1   2   1  -3   3   0   3  -1  -3  -2   0   0  -2   2   0  -1  -3  -1  -3    0   0  18   6   0  26   0  30   0   0   0   0   6   1  10   0   0   0   2   0  0.33 0.02
  128 G     0  -3  -1  -2  -3  -2  -3   6  -2  -4  -4  -2  -3  -4  -3  -1  -2  -3  -4  -4    0   0   0   0   0   0   0 100   0   0   0   0   0   0   0   0   0   0   0   0  1.17 0.04
  129 P    -1  -3  -2  -2  -3  -2  -1  -3  -3  -3  -3  -1  -3  -4   8  -1  -1  -4  -3  -3    2   0   1   0   0   0   0   0   0   0   0   0   0   0  97   0   0   0   0   0  2.08 0.05
  130 P    -1  -3  -2  -2  -3  -2  -2  -3  -3  -3  -3  -1  -3  -4   8  -1  -1  -4  -3  -3    1   0   0   0   0   0   0   0   0   0   0   0   0   0  99   0   0   0   0   0  2.14 0.05
  131 H    -1  -1   2  -1  -3   1   0  -1   8  -4  -3  -1  -2  -2  -2   0  -1  -3   1  -3    2   0  14   0   0   4   0   1  69   0   0   0   0   0   0   9   0   0   0   0  0.71 0.04
  132 G     0  -3  -1  -2  -3  -2  -3   6  -2  -4  -4  -2  -3  -4  -3  -1  -2  -3  -4  -4    0   0   0   0   0   0   0 100   0   0   0   0   0   0   0   0   0   0   0   0  1.17 0.04
  133 I    -2  -3  -4  -4  -2  -3  -4  -4  -4   5   1  -3   1   0  -3  -3  -1  -3  -2   2    0   0   0   0   0   0   0   0   0  98   0   0   2   0   0   0   0   0   0   0  0.52 0.04
  134 Q    -1   0   0  -1  -3   6   1  -2   0  -2  -2   1  -1  -3  -2   0   1  -2   0  -2    0   0   0   0   0  76   0   0   1   0   0   2   0   0   0   0  15   0   3   2  0.55 0.04
  135 V     0  -3  -3  -4  -1  -3  -3  -4  -4   2   1  -3   1  -1  -3  -2   0  -3  -2   5    0   0   0   0   0   0   0   0   0   0   1   0   0   0   0   1   0   0   0  98  0.46 0.04
  136 E    -1   0  -1   1  -4   2   6  -3   0  -4  -3   1  -2  -4  -1   0  -1  -3  -2  -3    0   0   0   0   0   0 100   0   0   0   0   0   0   0   0   0   0   0   0   0  0.87 0.04
  137 R    -2   6  -1  -2  -4   1   0  -3  -1  -3  -3   2  -2  -3  -3  -1  -1  -3  -2  -3    0 100   0   0   0   0   0   0   0   0   0   0   0   0   0   0   0   0   0   0  0.92 0.04
  138 D    -2  -2   1   7  -4  -1   1  -2  -1  -4  -4  -1  -4  -4  -2  -1  -1  -5  -4  -4    0   0   0 100   0   0   0   0   0   0   0   0   0   0   0   0   0   0   0   0  1.09 0.04
  139 K    -1   2  -1  -2  -3   0   0  -2  -1   1   0   4   0  -2  -2  -1  -1  -3  -2   0    0  10   0   0   0   0   0   0   1  15  11  58   3   0   0   0   0   0   0   2  0.24 0.02
  140 M    -2  -2  -3  -4  -2  -2  -3  -4  -3   2   4  -2   5   0  -3  -2  -1  -2  -1   1    0   0   0   0   0   0   0   0   0   5  54   0  40   1   0   0   0   0   0   0  0.42 0.03
  141 N    -2  -1   6   3  -3   0   0  -1   0  -4  -4  -1  -3  -4  -2   0   0  -4  -3  -3    0   0  80  20   0   0   0   0   0   0   0   0   0   0   0   0   0   0   0   0  0.78 0.04
  142 K    -1   2   0  -1  -4   1   1  -2  -1  -3  -3   5  -2  -4  -1   0  -1  -3  -2  -3    0   0   0   0   0   0   0   0   0   0   0 100   0   0   0   0   0   0   0   0  0.66 0.04
  143 Y    -2  -2  -3  -4  -3  -2  -3  -4   1  -2  -1  -2  -1   3  -3  -2  -2   2   8  -2    0   0   0   0   0   0   0   0   0   0   0   0   0   0   0   0   0   0 100   0  1.12 0.05
  144 G     0  -3  -1  -2  -3  -2  -2   6  -2  -4  -4  -2  -3  -4  -3  -1  -2  -3  -3  -4    1   0   0   0   0   0   0  99   0   0   0   0   0   0   0   0   0   0   0   0  1.14 0.04
  145 R    -2   6  -1  -2  -4   1   0  -3  -1  -3  -3   2  -2  -3  -3  -1  -1  -3  -2  -3    0 100   0   0   0   0   0   0   0   0   0   0   0   0   0   0   0   0   0   0  0.92 0.04
  146 P    -1  -3  -2  -2  -3  -2  -2  -2  -3  -3  -3  -1  -3  -4   8  -1  -1  -4  -3  -3    3   0   0   0   0   0   0   2   0   0   0   0   0   0  95   0   0   0   0   0  2.00 0.05
  147 L    -2  -2  -3  -4  -2  -2  -3  -4  -3   1   4  -3   3   1  -3  -3  -1  -2  -1   1    0   0   0   0   0   0   0   0   0   0  78   0  18   3   0   0   0   0   1   0  0.45 0.03
  148 L    -2  -3  -4  -4  -2  -2  -3  -4  -3   1   4  -3   2   0  -3  -3  -1  -2  -1   1    0   0   0   0   0   0   0   0   0   0 100   0   0   0   0   0   0   0   0   0  0.56 0.03
  149 G     0  -3  -1  -2  -3  -2  -3   6  -2  -4  -4  -2  -3  -4  -3  -1  -2  -3  -4  -4    0   0   0   0   0   0   0 100   0   0   0   0   0   0   0   0   0   0   0   0  1.17 0.04
  150 C     0  -4  -3  -4  10  -3  -4  -3  -3  -2  -2  -3  -2  -3  -3  -1  -1  -3  -3  -1    5   0   0   0  95   0   0   0   0   0   0   0   0   0   0   0   0   0   0   0  1.45 0.06
  151 T     0  -1   0  -1  -1  -1  -1  -2  -2  -1  -2  -1  -1  -3  -1   1   6  -3  -2   0    0   0   0   0   0   0   0   0   0   0   0   0   0   0   0   0 100   0   0   0  0.63 0.04
  152 I    -2  -3  -4  -4  -2  -3  -4  -4  -4   5   1  -3   1   0  -3  -3  -1  -3  -2   3    0   0   0   0   0   0   0   0   0  99   0   0   0   0   0   0   0   0   0   1  0.53 0.04
  153 K    -1   2   0  -1  -4   1   1  -2  -1  -3  -3   5  -2  -4  -1   0  -1  -3  -2  -3    0   0   0   0   0   0   0   0   0   0   0 100   0   0   0   0   0   0   0   0  0.66 0.04
  154 P    -1  -3  -2  -2  -3  -2  -2  -3  -3  -3  -3  -1  -3  -4   8  -1  -1  -4  -3  -3    0   0   0   0   0   0   0   0   0   0   0   0   0   0 100   0   0   0   0   0  2.17 0.05
  155 K    -1   2   0  -1  -4   1   1  -2  -1  -3  -3   5  -2  -4  -1   0  -1  -3  -2  -3    0   0   0   0   0   0   0   0   0   0   0 100   0   0   0   0   0   0   0   0  0.66 0.04
  156 L    -2  -3  -4  -4  -2  -2  -3  -4  -3   1   4  -3   2   0  -3  -3  -1  -2  -1   1    0   0   0   0   0   0   0   0   0   0 100   0   0   0   0   0   0   0   0   0  0.56 0.03
  157 G     0  -3  -1  -2  -3  -2  -3   6  -2  -4  -4  -2  -3  -4  -3  -1  -2  -3  -4  -4    0   0   0   0   0   0   0 100   0   0   0   0   0   0   0   0   0   0   0   0  1.17 0.04
  158 L    -2  -3  -4  -4  -2  -2  -3  -4  -3   1   4  -3   2   0  -3  -3  -1  -2  -1   1    0   0   0   0   0   0   0   0   0   0 100   0   0   0   0   0   0   0   0   0  0.56 0.03
  159 S     1  -1   0  -1  -1   0   0  -1  -1  -3  -3   0  -2  -3  -1   5   1  -3  -2  -2    2   0   0   0   0   0   0   0   0   0   0   0   0   0   0  98   0   0   0   0  0.56 0.04
  160 A     5  -2  -2  -2  -1  -1  -1   1  -2  -2  -2  -1  -1  -3  -1   1   0  -3  -2  -1   96   0   0   0   0   0   0   4   0   0   0   0   0   0   0   0   0   0   0   0  0.49 0.04
  161 K    -1   2   0  -1  -4   1   1  -2  -1  -3  -3   5  -2  -4  -1   0  -1  -3  -2  -3    0   0   0   0   0   0   0   0   0   0   0 100   0   0   0   0   0   0   0   0  0.66 0.04
  162 N    -2  -1   7   1  -3   0  -1  -1   0  -4  -4   0  -3  -4  -2   0   0  -4  -3  -3    0   0 100   0   0   0   0   0   0   0   0   0   0   0   0   0   0   0   0   0  0.92 0.05
  163 Y    -2  -2  -3  -4  -3  -2  -3  -4   1  -2  -1  -2  -1   3  -3  -2  -2   2   8  -2    0   0   0   0   0   0   0   0   0   0   0   0   0   0   0   0   0   0 100   0  1.12 0.05
  164 G     0  -3  -1  -2  -3  -2  -3   6  -2  -4  -4  -2  -3  -4  -3  -1  -2  -3  -4  -4    0   0   0   0   0   0   0 100   0   0   0   0   0   0   0   0   0   0   0   0  1.17 0.04
  165 R    -2   6  -1  -2  -4   1   0  -3  -1  -3  -3   2  -2  -3  -3  -1  -1  -3  -2  -3    0 100   0   0   0   0   0   0   0   0   0   0   0   0   0   0   0   0   0   0  0.92 0.04
  166 A     5  -2  -2  -2  -1  -1  -1   0  -2  -2  -2  -1  -1  -3  -1   1   0  -3  -2   0   97   0   0   0   0   0   0   0   0   0   0   0   0   0   0   0   2   0   0   2  0.49 0.04
  167 V     0  -3  -3  -4   3  -3  -3  -4  -4   2   0  -3   0  -1  -3  -2   0  -3  -2   4    0   0   0   0   9   0   0   0   0   0   0   0   0   0   0   0   0   0   0  91  0.43 0.03
  168 Y    -2  -2  -3  -4  -3  -2  -3  -4   1  -2  -1  -2  -1   3  -3  -2  -2   2   8  -2    0   0   0   0   0   0   0   0   0   0   0   0   0   0   0   0   0   0 100   0  1.12 0.05
  169 E    -1   0  -1   1  -4   2   6  -3   0  -4  -3   1  -2  -4  -1   0  -1  -3  -2  -3    0   0   0   0   0   0 100   0   0   0   0   0   0   0   0   0   0   0   0   0  0.87 0.04
  170 C     0  -4  -3  -4   9  -3  -4   0  -3  -1  -2  -3  -1  -3  -3  -1  -1  -3  -3  -1    4   0   0   0  82   0   0   7   0   1   0   0   1   0   0   0   0   0   0   4  1.12 0.05
  171 L    -2  -3  -4  -4  -2  -2  -3  -4  -3   1   4  -3   2   0  -3  -3  -1  -2  -1   1    0   0   0   0   0   0   0   0   0   0 100   0   0   0   0   0   0   0   0   0  0.56 0.03
  172 R    -2   6  -1  -2  -4   1   0  -3  -1  -3  -3   2  -2  -3  -3  -1  -1  -3  -2  -3    0 100   0   0   0   0   0   0   0   0   0   0   0   0   0   0   0   0   0   0  0.92 0.04
  173 G     0  -3  -1  -2  -3  -2  -3   6  -2  -4  -4  -2  -3  -4  -3  -1  -2  -3  -4  -4    0   0   0   0   0   0   0 100   0   0   0   0   0   0   0   0   0   0   0   0  1.17 0.04
  174 G     0  -3  -1  -2  -3  -2  -2   6  -2  -4  -4  -2  -3  -4  -3   0  -2  -3  -3  -4    0   0   0   0   0   0   0  99   0   0   0   0   0   0   0   1   0   0   0   0  1.15 0.04
  175 L    -2  -3  -4  -4  -2  -2  -3  -4  -3   1   4  -3   2   0  -3  -3  -1  -2  -1   1    0   0   0   0   0   0   0   0   0   0 100   0   0   0   0   0   0   0   0   0  0.56 0.03
  176 D    -2  -2   1   7  -4  -1   1  -2  -1  -4  -4  -1  -4  -4  -2  -1  -1  -5  -4  -4    0   0   0 100   0   0   0   0   0   0   0   0   0   0   0   0   0   0   0   0  1.09 0.04
  177 F    -2  -3  -4  -4  -3  -3  -4  -4  -2   0   1  -3   0   7  -4  -3  -2   0   3  -1    0   0   0   0   0   0   0   0   0   0  14   0   0  86   0   0   0   0   0   0  0.78 0.04
  178 T     0  -1   0  -1  -1  -1  -1  -2  -2  -1  -2  -1  -1  -3  -1   1   5  -3  -2   0    0   0   0   0   0   0   0   0   0   0   0   0   0   0   0   1  99   0   0   0  0.62 0.04
  179 K    -1   2   0  -1  -4   1   1  -2  -1  -3  -3   5  -2  -4  -1   0  -1  -3  -2  -3    0   0   0   0   0   0   0   0   0   0   0 100   0   0   0   0   0   0   0   0  0.66 0.04
  180 D    -2  -2   1   7  -4  -1   1  -2  -1  -4  -4  -1  -4  -4  -2  -1  -1  -5  -4  -4    0   0   0 100   0   0   0   0   0   0   0   0   0   0   0   0   0   0   0   0  1.09 0.04
  181 D    -2  -2   1   7  -4  -1   1  -2  -1  -4  -4  -1  -4  -4  -2  -1  -1  -5  -4  -4    0   0   0 100   0   0   0   0   0   0   0   0   0   0   0   0   0   0   0   0  1.09 0.04
  182 E    -1   0  -1   1  -4   2   6  -3   0  -4  -3   1  -2  -4  -1   0  -1  -3  -2  -3    0   0   0   0   0   0 100   0   0   0   0   0   0   0   0   0   0   0   0   0  0.87 0.04
  183 N    -2  -1   7   1  -3   0  -1  -1   0  -4  -4   0  -3  -4  -2   0   0  -4  -3  -3    0   0 100   0   0   0   0   0   0   0   0   0   0   0   0   0   0   0   0   0  0.92 0.05
  184 I    -1  -3  -3  -4  -1  -3  -3  -4  -4   4   1  -3   1  -1  -3  -2   0  -3  -2   4    0   0   0   0   0   0   0   0   0  37   0   0   0   0   0   0   0   0   0  63  0.42 0.03
  185 N    -2  -1   6   1  -3   0  -1  -1   0  -4  -4   0  -3  -3  -2   1   0  -4  -2  -3    0   0  96   0   0   0   0   0   0   0   0   0   0   0   0   2   3   0   0   0  0.85 0.04
  186 S     1  -1   0  -1  -1   0   0  -1  -1  -3  -3   0  -2  -3  -1   5   1  -3  -2  -2    0   0   0   0   0   0   0   0   0   0   0   0   0   0   0 100   0   0   0   0  0.58 0.04
  187 Q    -1   1   0  -1  -3   6   2  -2   0  -3  -3   1  -1  -4  -2   0  -1  -2  -2  -3    0   0   0   0   0 100   0   0   0   0   0   0   0   0   0   0   0   0   0   0  0.85 0.05
  188 P    -1  -3  -2  -2  -3  -2  -2  -3  -3  -3  -3  -1  -3  -4   8  -1  -1  -4  -3  -3    0   0   0   0   0   0   0   0   0   0   0   0   0   0 100   0   0   0   0   0  2.17 0.05
  189 F    -3  -3  -4  -4  -3  -4  -4  -4  -2   0   0  -4   0   7  -4  -3  -3   1   3  -1    0   0   0   0   0   0   0   0   0   0   0   0   0 100   0   0   0   0   0   0  0.96 0.05
  190 M    -1  -1  -2  -3  -2   1  -2  -3  -2   1   2  -1   7  -1  -3  -2  -1  -2  -1   0    0   0   0   0   0  11   0   0   0   0   2   0  87   0   0   0   0   0   0   0  0.50 0.05
  191 R    -2   6  -1  -2  -4   1   0  -3  -1  -3  -3   2  -2  -3  -3  -1  -1  -3  -2  -3    0 100   0   0   0   0   0   0   0   0   0   0   0   0   0   0   0   0   0   0  0.92 0.04
  192 W    -3  -3  -4  -5  -3  -3  -3  -3  -3  -3  -2  -4  -2   1  -4  -3  -3  12   2  -3    0   0   0   0   0   0   0   0   0   0   0   0   0   0   0   0   0 100   0   0  2.70 0.07
  193 R    -2   6   0  -2  -4   2   0  -3   0  -3  -3   2  -2  -3  -1  -1  -1  -3  -2  -3    0  84   1   0   0  10   0   0   0   0   0   4   0   0   2   0   0   0   0   0  0.75 0.04
  194 D    -2  -1   2   5  -4   2   1  -2   1  -3  -4   0  -3  -4  -2   0  -1  -4  -3  -3    0   0  12  66   0  17   1   0   4   0   0   0   0   0   0   0   0   0   0   0  0.70 0.03
  195 R    -2   6  -1  -2  -4   1   0  -3  -1  -3  -3   2  -2  -3  -3  -1  -1  -3  -2  -3    0 100   0   0   0   0   0   0   0   0   0   0   0   0   0   0   0   0   0   0  0.92 0.04
  196 F    -3  -3  -3  -4  -3  -4  -4  -4  -2   0   0  -4   0   7  -4  -3  -3   1   3  -1    0   0   0   0   0   0   0   0   0   0   0   0   0  99   0   0   0   0   1   0  0.95 0.05
  197 L    -1  -2  -1   3  -2   0   2  -2  -2   0   2  -1   1  -1  -2  -1  -1  -3  -2  -1    0   0   0  24   0   0  21   1   0   0  49   0   2   0   0   4   0   0   0   0  0.21 0.02
  198 F    -3  -3  -3  -4  -3  -4  -4  -4  -1   0   0  -4   0   7  -4  -3  -3   1   3  -1    0   0   0   0   0   0   0   0   0   0   0   0   0  97   0   0   0   0   3   0  0.93 0.04
  199 V     0  -3  -3  -3   4  -2  -2  -3  -3   2   0  -3   0  -1  -3  -2   0  -3  -2   4    1   0   0   0  17   0   2   0   0   0   0   0   0   0   0   0   0   0   0  80  0.40 0.03
  200 Q     2   0  -1  -2  -2   4   0  -1   0  -1  -1   0   3  -2  -2   0  -1  -2  -2  -1   28   0   0   0   0  42   0   2   1   0   0   0  25   0   0   0   0   0   0   2  0.25 0.03
  201 D    -1  -1   0   3  -4   1   5  -2  -1  -4  -3   0  -3  -4  -1   0  -1  -4  -3  -3    0   0   0  23   0   1  76   0   0   0   0   0   0   0   0   0   0   0   0   0  0.75 0.03
  202 A     5  -2  -2  -2  -1  -1  -1   0  -2  -2  -2  -1  -1  -3  -1   1   0  -3  -2   0   99   0   0   0   0   0   0   0   0   0   0   0   0   0   0   1   0   0   0   0  0.51 0.04
  203 T    -1  -3  -3  -3  -1  -3  -3  -4  -3   4   1  -3   1  -1  -3  -2   0  -3  -2   3    0   0   0   0   1   0   0   0   0  79   0   0   0   0   0   0   7   0   0  13  0.40 0.03
  204 E    -1   0   1   1  -3   2   3  -2   5  -3  -2   0  -1  -2  -2   0  -1  -3   0  -2    1   3   4   6   0   9  36   1  25   0   5   3   1   0   0   1   0   0   3   1  0.35 0.02
  205 T    -1   2   0  -1  -3   1   0  -2  -1  -3  -2   5  -2  -3  -1   0   0  -3  -2  -2    1   2   3   0   0   0   0   0   0   0   2  88   0   0   0   1   4   0   0   0  0.53 0.03
  206 A     4  -2  -1  -2  -1  -1  -1   0  -2  -2  -2  -1  -1  -3  -1   2   0  -3  -2  -1   89   0   0   0   0   0   0   0   0   0   0   0   0   0   0  11   0   0   0   0  0.46 0.03
  207 E    -1   0   0   1  -4   4   4  -2   1  -3  -3   1  -1  -4  -1   0   0  -3  -2  -3    0   0   0   0   0  45  50   0   2   0   0   0   0   0   0   0   3   0   0   0  0.64 0.03
  208 A     3   1  -1  -1  -1   1   0   0  -1  -2  -2   0   0  -3  -1   1   0  -3  -2  -1   62   9   0   3   0  10   3   2   1   1   0   5   2   0   0   2   0   0   0   0  0.25 0.02
  209 Q    -1   0  -1   1  -4   2   6  -3   0  -4  -3   1  -2  -4  -1   0  -1  -3  -2  -3    0   0   0   0   0   3  96   0   1   0   0   0   0   0   0   0   0   0   0   0  0.84 0.04
  210 T     0  -1   0  -1  -1  -1  -1  -2  -2  -1  -2  -1  -1  -3  -1   1   6  -3  -2   0    0   0   0   0   0   0   0   0   0   0   0   0   0   0   0   0 100   0   0   0  0.63 0.04
  211 G     0  -2   1  -1  -3  -2  -2   6  -2  -4  -4  -2  -3  -4  -2   0  -2  -3  -3  -4    0   0   8   0   0   0   0  92   0   0   0   0   0   0   0   0   0   0   0   0  1.04 0.03
  212 E    -1   0  -1   1  -4   2   6  -3   0  -4  -3   1  -2  -4  -1   0  -1  -3  -2  -3    0   0   0   0   0   0 100   0   0   0   0   0   0   0   0   0   0   0   0   0  0.87 0.04
  213 R    -2   5  -1  -2  -3   0  -1  -3  -1   1  -1   1   0  -2  -3  -1  -1  -3  -2   0    0  70   0   0   0   0   0   0   0  20   0   0   1   0   0   0   0   0   0   9  0.45 0.03
  214 K    -1   2   0  -1  -3   1   1  -2  -1  -3  -3   5  -2  -4  -1   0  -1  -3  -2  -3    0   0   0   0   0   0   0   0   0   0   0  98   0   0   0   0   2   0   0   0  0.64 0.04
  215 G     0  -3  -1  -2  -3  -2  -3   6  -2  -4  -4  -2  -3  -4  -3  -1  -2  -3  -3  -3    0   0   0   0   0   0   0  98   0   0   0   0   0   0   0   0   0   0   0   2  1.12 0.04
  216 H    -2  -1   0  -2  -4   0   0  -3   9  -4  -3  -1  -2  -2  -3  -1  -2  -3   1  -4    0   0   0   0   0   0   0   0 100   0   0   0   0   0   0   0   0   0   0   0  1.19 0.06
  217 Y    -2  -2  -3  -4  -3  -2  -3  -4   1  -2  -1  -2  -1   3  -3  -2  -2   2   8  -2    0   0   0   0   0   0   0   0   0   0   0   0   0   0   0   0   0   0 100   0  1.12 0.05
  218 L    -2  -2  -4  -4  -2  -2  -3  -4  -3   1   4  -3   2   0  -3  -3  -1  -2  -1   1    0   0   0   0   0   0   0   0   0   0  97   0   3   0   0   0   0   0   0   0  0.54 0.03
  219 N    -2  -1   7   1  -3   0  -1  -1   0  -4  -4   0  -3  -4  -2   0   0  -4  -3  -3    0   0 100   0   0   0   0   0   0   0   0   0   0   0   0   0   0   0   0   0  0.92 0.05
  220 V     0  -3  -3  -4   1  -3  -3  -3  -3   2   0  -3   0  -1  -3  -2   0  -3  -2   4    5   0   0   0   4   0   0   0   0   0   0   0   0   0   0   0   0   0   0  91  0.40 0.03
  221 T     0  -1   0  -1  -1  -1  -1  -2  -2  -1  -2  -1  -1  -3  -1   1   6  -3  -2   0    0   0   0   0   0   0   0   0   0   0   0   0   0   0   0   0 100   0   0   0  0.63 0.04
  222 A     5  -2  -2  -2  -1  -1  -1   0  -2  -2  -2  -1  -1  -3  -1   1   0  -3  -2   0   95   0   0   0   0   0   0   2   0   0   0   0   0   0   0   3   0   0   0   0  0.49 0.03
  223 P     0  -2  -1  -2  -3  -2  -1   1  -2  -3  -3  -1  -3  -4   7  -1  -1  -4  -3  -2   11   0   2   0   0   0   0  16   0   0   0   0   0   0  71   1   0   0   0   0  1.35 0.03
  224 T     0  -1   1   0  -1  -1  -1  -2  -2  -1  -2  -1  -1  -3  -1   2   5  -3  -2  -1    0   0   4   6   0   0   0   0   0   0   0   0   0   0   0   8  83   0   0   0  0.49 0.03
  225 P    -1  -3  -2  -2   6  -2  -2  -3  -3  -1  -2  -2   0  -3   6  -1  -1  -3  -3  -1    1   0   1   0  29   0   0   0   0   3   0   0   8   0  51   3   2   0   0   2  0.99 0.03
  226 E    -1   0   0   2  -4   2   6  -2   0  -4  -3   0  -2  -4  -1   0  -1  -3  -2  -3    0   0   0   6   0   0  93   2   0   0   0   0   0   0   0   0   0   0   0   0  0.80 0.04
  227 E    -1   0   0   2  -4   3   5  -2   0  -4  -3   1  -2  -4  -1   0  -1  -3  -2  -3    0   0   0   7   0  10  82   0   0   0   0   0   0   0   0   0   0   0   0   0  0.75 0.03
  228 M    -1  -2  -3  -4  -2  -1  -3  -3  -2   1   2  -2   7   0  -3  -2  -1  -2  -1   1    0   0   0   0   0   0   0   0   0   6   0   0  94   0   0   0   0   0   0   0  0.59 0.05
  229 Y    -2  -2  -3  -4  -2  -2  -3  -3   0   0   1  -2   3   3  -3  -2  -2   1   6   0    0   0   0   0   0   0   0   0   0   3  11   0  21  10   0   0   0   0  55   0  0.54 0.03
  230 K    -1   2   0   0  -4   2   3  -2  -1  -3  -3   4  -2  -3  -1   0  -1  -3  -2  -3    1   5   0   0   0   2  35   0   0   0   0  57   0   0   0   0   0   0   0   0  0.52 0.03
  231 R    -2   6  -1  -2  -4   1   0  -3  -1  -3  -3   2  -2  -3  -3  -1  -1  -3  -2  -3    0 100   0   0   0   0   0   0   0   0   0   0   0   0   0   0   0   0   0   0  0.92 0.04
  232 A     5  -2  -2  -2  -1  -1  -1   0  -2  -2  -2  -1  -1  -3  -1   1   0  -3  -2   0  100   0   0   0   0   0   0   0   0   0   0   0   0   0   0   0   0   0   0   0  0.52 0.04
  233 E    -1   0   0   1  -4   2   5  -2   0  -3  -3   1  -2  -4  -1   0  -1  -3  -2  -2    4   0   1   1   0   2  90   0   0   0   0   0   0   0   0   0   0   0   0   1  0.75 0.04
  234 F    -2  -3  -3  -4  -1  -3  -3  -3   1  -1   0  -3  -1   6  -4  -2  -2   1   5  -1    0   0   0   0   1   0   0   0   4   0   0   0   0  69   0   0   0   0  25   0  0.75 0.03
  235 A     5  -2  -2  -2  -1  -1  -1   0  -2  -1  -2  -1  -1  -3  -1   1   0  -3  -2   0   96   0   0   0   0   0   0   0   0   0   0   0   0   0   0   0   0   0   0   4  0.48 0.04
  236 K    -1   2   0  -1  -4   1   1  -2  -1  -3  -3   5  -2  -4  -1   0  -1  -3  -2  -3    0   2   0   0   0   0   0   0   0   0   0  98   0   0   0   0   0   0   0   0  0.65 0.04
  237 E    -1   0  -1   1  -4   2   6  -2   0  -4  -3   1  -2  -4  -1   0  -1  -3  -2  -3    2   0   0   0   0   0  95   0   0   0   0   0   0   0   0   4   0   0   0   0  0.80 0.04
  238 I    -2  -3  -4  -4   0  -3  -3  -4  -3   3   3  -3   2   0  -3  -3  -1  -2  -1   2    0   0   0   0   2   0   0   0   0  42  54   0   0   0   0   0   0   0   0   1  0.40 0.02
  239 G     0  -2   0   0  -3  -1   0   6  -2  -4  -4   0  -3  -4  -2   0  -2  -3  -3  -3    0   0   2   2   0   0   7  81   0   0   0   8   0   0   0   0   0   0   0   0  0.83 0.03
  240 A     2  -1  -1  -2   0   0  -1  -1  -2   0   0  -1   3  -2  -1   1   2  -3  -2   0   35   0   0   0   1   3   0   0   0   0   0   0  21   0   0  11  24   0   0   5  0.19 0.02
  241 P    -1  -2  -2  -2  -3  -2  -1  -3  -3  -3  -3  -1  -3  -4   8  -1  -1  -4  -3  -3    0   1   0   0   0   0   0   0   0   0   0   0   0   0  99   0   0   0   0   0  2.14 0.05
  242 I    -2  -3  -4  -4  -2  -3  -4  -4  -4   5   1  -3   1   0  -3  -3  -1  -3  -2   3    0   0   0   0   0   0   0   0   0  99   0   0   0   0   0   0   0   0   0   1  0.53 0.04
  243 I    -1  -3  -4  -4  -1  -3  -4  -4  -4   5   2  -3   1   0  -3  -3  -1  -3  -2   3    0   0   0   0   0   0   0   0   0  86   4   0   0   0   0   0   0   0   0  11  0.47 0.03
  244 M    -1  -2  -3  -4  -2  -1  -3  -3  -2   1   2  -2   7   0  -3  -2  -1  -2  -1   0    0   0   0   0   0   0   0   0   0   0   0   0 100   0   0   0   0   0   0   0  0.65 0.06
  245 H    -2  -1   1  -1  -3   0   0  -2   8  -3  -3  -1  -2  -2  -2   0  -2  -3   1  -3    0   0   3   0   0   0   0   0  87   2   0   0   0   0   0   8   0   0   0   0  0.93 0.05
  246 D    -2  -2   1   7  -4  -1   1  -2  -1  -4  -4  -1  -4  -4  -2  -1  -1  -5  -4  -4    0   0   0 100   0   0   0   0   0   0   0   0   0   0   0   0   0   0   0   0  1.09 0.04
  247 Y    -2  -2  -3  -4  -3  -2  -3  -4   1  -1  -1  -3  -1   5  -4  -2  -2   2   6  -1    0   0   0   0   0   0   0   0   0   0   0   0   0  42   0   0   0   0  58   0  0.85 0.04
  248 I    -2  -3  -4  -4  -2  -3  -3  -4  -3   3   4  -3   2   1  -3  -3  -1  -2  -1   1    0   0   0   0   0   0   0   0   0  21  77   0   0   2   0   0   0   0   0   0  0.45 0.02
  249 T     0  -1   0  -1  -1  -1  -1  -2  -2  -1  -2  -1  -1  -3  -1   1   5  -3  -2   0    4   0   0   0   0   0   0   0   0   0   0   0   0   0   0   0  96   0   0   0  0.59 0.04
  250 G     1  -2  -1  -2  -2  -2  -2   5  -2  -2  -2  -2  -1  -3  -2   0  -1  -3  -3  -1   13   0   0   0   0   0   0  74   0   3   1   0   1   0   0   0   3   0   0   5  0.68 0.02
  251 G     0  -3  -1  -2  -3  -2  -3   6  -2  -4  -4  -2  -3  -4  -3  -1  -2  -3  -4  -4    0   0   0   0   0   0   0 100   0   0   0   0   0   0   0   0   0   0   0   0  1.17 0.04
  252 F    -3  -3  -4  -4  -3  -3  -4  -4  -2   0   1  -3   0   6  -4  -3  -2   6   3  -1    0   0   0   0   0   0   0   0   0   0  10   0   0  75   0   0   0  15   0   0  0.83 0.04
  253 T     1  -2  -1  -2   6  -1  -2  -2  -2  -1  -2  -1  -1  -3  -2   1   4  -3  -2   0   14   0   0   0  28   0   0   0   0   0   0   0   0   0   0   1  56   0   0   0  0.47 0.03
  254 A     5  -2  -2  -2  -1  -1  -1   0  -2  -2  -2  -1  -1  -3  -1   1   0  -3  -2   0   99   0   0   0   0   0   0   0   0   0   0   0   0   0   0   1   0   0   0   0  0.51 0.04
  255 N    -2  -1   6   1  -3   0   0  -1   3  -4  -4   0  -2  -3  -2   0   0  -4  -2  -3    0   0  86   0   0   1   0   0  11   0   0   0   0   0   0   0   2   0   0   0  0.76 0.04
  256 T     0  -1   0  -1  -1   0  -1  -2  -2  -1  -2  -1  -1  -3  -1   1   5  -3  -2   0    5   0   1   0   0   6   0   0   0   0   0   0   0   0   0   3  85   0   0   0  0.50 0.04
  257 G     0  -2   0  -1  -2  -1  -1   4  -2  -3  -3  -1  -2  -3  -2   2   2  -3  -3  -2    0   0   0   0   0   1   0  51   0   0   0   0   1   0   0  25  22   0   0   0  0.51 0.02
  258 L    -2  -3  -4  -4  -2  -2  -3  -4  -3   1   4  -3   2   0  -3  -3  -1  -2  -1   1    0   0   0   0   0   0   0   0   0   0 100   0   0   0   0   0   0   0   0   0  0.56 0.03
  259 A     4  -2  -1  -2  -1  -1  -1   0  -2  -2  -2  -1  -1  -3  -1   2   0  -3  -2  -1   81   0   0   0   0   0   0   0   0   0   0   0   0   0   0  19   0   0   0   0  0.44 0.03
  260 K    -1   3   3   0  -3   2   0  -2   2  -3  -3   3  -2  -3  -2   0  -1  -3  -2  -3    0  19  31   0   0  10   0   0   7   0   0  32   0   0   0   1   0   0   0   0  0.41 0.02
  261 W    -3  -3  -4  -5  -3  -2  -3  -3  -2  -3  -2  -3  -2   1  -4  -3  -3  11   3  -3    0   0   0   0   0   0   0   0   0   0   0   0   0   0   0   0   0  89  11   0  2.37 0.06
  262 C    -1  -4  -3  -4  10  -3  -4  -3  -4  -2  -2  -4  -2  -3  -3  -1  -1  -3  -3  -1    0   0   0   0 100   0   0   0   0   0   0   0   0   0   0   0   0   0   0   0  1.57 0.06
  263 Q    -2   6  -1  -2  -4   1   0  -3   0  -3  -3   2  -2  -3  -2  -1  -1  -3  -2  -3    1  94   0   0   0   5   0   0   0   0   0   0   0   0   0   0   0   0   0   0  0.85 0.04
  264 D    -1   1   2   5  -3   0   2  -2  -1  -3  -3   2  -2  -4  -2   0  -1  -4  -3  -3    3   8   9  50   0   0   6   0   0   0   0  23   0   0   0   0   0   0   0   0  0.51 0.02
  265 N    -2  -1   7   1  -3   0  -1  -1   1  -4  -4   0  -3  -3  -2   0   0  -4  -2  -3    0   0  98   0   0   0   0   0   2   0   0   0   0   0   0   0   0   0   0   0  0.90 0.05
  266 G     0  -3  -1  -2  -3  -2  -3   6  -2  -4  -4  -2  -3  -4  -3  -1  -2  -3  -4  -4    0   0   0   0   0   0   0 100   0   0   0   0   0   0   0   0   0   0   0   0  1.17 0.04
  267 V    -1  -2  -3  -4  -1  -2  -3  -3  -3   2   2  -2   5   0  -3  -2  -1  -2  -1   2    0   0   0   0   0   0   0   0   0  13  18   0  48   0   0   0   0   0   0  21  0.35 0.03
  268 L    -2  -3  -4  -4  -2  -2  -3  -4  -3   1   4  -3   2   0  -3  -3  -1  -2  -1   1    0   0   0   0   0   0   0   0   0   0 100   0   0   0   0   0   0   0   0   0  0.56 0.03
  269 L    -2  -2  -4  -4  -2  -2  -3  -4  -3   1   4  -3   2   0  -3  -3  -1  -2  -1   1    0   0   0   0   0   0   0   0   0   0  96   0   4   0   0   0   0   0   0   0  0.54 0.03
  270 H    -2   0   0  -2  -4   0   0  -3   9  -4  -3  -1  -2  -2  -3  -1  -2  -3   1  -4    0   1   0   0   0   0   0   0  99   0   0   0   0   0   0   0   0   0   0   0  1.17 0.06
  271 I    -1  -3  -4  -4  -1  -3  -4  -4  -4   5   1  -3   1   0  -3  -3  -1  -3  -2   3    0   0   0   0   0   0   0   0   0  86   0   0   0   0   0   0   0   0   0  14  0.48 0.03
  272 H    -2  -1   0  -2  -4   0   0  -3   9  -4  -3  -1  -2  -2  -3  -1  -2  -3   1  -4    0   0   0   0   0   0   0   0 100   0   0   0   0   0   0   0   0   0   0   0  1.19 0.06
  273 R    -2   6  -1  -2  -4   1   0  -3  -1  -3  -3   2  -2  -3  -3  -1  -1  -3  -2  -3    0 100   0   0   0   0   0   0   0   0   0   0   0   0   0   0   0   0   0   0  0.92 0.04
  274 A     5  -2  -2  -2  -1  -1  -1   0  -2  -2  -2  -1  -1  -3  -1   1   0  -3  -2   0  100   0   0   0   0   0   0   0   0   0   0   0   0   0   0   0   0   0   0   0  0.52 0.04
  275 M    -1  -2  -3  -4  -2  -1  -3  -3  -2   1   2  -2   7   0  -3  -2  -1  -2  -1   0    0   0   0   0   0   0   0   0   0   0   3   0  97   0   0   0   0   0   0   0  0.62 0.06
  276 H    -2  -1   0  -2  -4   0   0  -3   9  -4  -3  -1  -2  -2  -3  -1  -2  -3   1  -4    0   0   0   0   0   0   0   0 100   0   0   0   0   0   0   0   0   0   0   0  1.19 0.06
  277 A     4  -1  -2  -2  -1  -1  -1   2  -2  -2  -2  -1  -1  -3  -1   1   0  -3  -2  -1   88   1   0   0   0   0   0  11   0   0   0   0   0   0   0   0   0   0   0   0  0.45 0.03
  278 V     0  -3  -3  -3  -1  -2  -2  -4  -3   2   1  -3   0  -1  -3  -2   0  -3  -2   5    0   0   0   0   0   0   2   0   0   0   0   0   0   0   0   0   0   0   0  98  0.45 0.04
  279 I    -2  -3  -4  -4  -1  -3  -3  -4  -3   4   3  -3   2   0  -3  -3  -1  -3  -1   2    0   0   0   0   0   0   0   0   0  62  26   0   6   0   0   0   0   0   0   5  0.40 0.02
  280 D    -2  -2   1   7  -4  -1   1  -2  -1  -4  -4  -1  -4  -4  -2  -1  -1  -5  -4  -4    0   0   0 100   0   0   0   0   0   0   0   0   0   0   0   0   0   0   0   0  1.09 0.04
  281 R    -2   6  -1  -2  -4   1   0  -3  -1  -3  -3   2  -2  -3  -3  -1  -1  -3  -2  -3    0 100   0   0   0   0   0   0   0   0   0   0   0   0   0   0   0   0   0   0  0.92 0.04
  282 N    -2   0   5   0  -3   3   0  -1   4  -4  -3   0  -2  -3  -2   0  -1  -3  -1  -3    0   0  57   0   0  29   0   0  14   0   0   0   0   0   0   0   0   0   0   0  0.57 0.03
  283 P    -1   1  -2  -2  -3  -1  -1  -2  -2  -3  -3   2  -2  -4   7  -1  -1  -4  -3  -3    0   7   0   0   0   0   0   0   0   0   0  22   0   0  71   0   0   0   0   0  1.38 0.04
  284 N    -1   1   4   0  -3   0   0  -2   5  -2  -2   2  -1  -2  -2   0   0  -3  -1  -2    1   8  34   0   0   0   0   0  28   2   3  17   2   0   0   1   2   0   0   2  0.34 0.02
  285 H    -2  -1   0  -2  -4   0   0  -3   9  -4  -3  -1  -2  -2  -3  -1  -2  -3   1  -4    0   0   0   0   0   0   0   0 100   0   0   0   0   0   0   0   0   0   0   0  1.19 0.06
  286 G     0  -3  -1  -2  -3  -2  -3   6  -2  -4  -4  -2  -3  -4  -3  -1  -2  -3  -4  -4    0   0   0   0   0   0   0 100   0   0   0   0   0   0   0   0   0   0   0   0  1.17 0.04
  287 I    -2  -3  -4  -4  -2  -3  -4  -4  -4   5   1  -3   2   0  -3  -3  -1  -3  -2   2    0   0   0   0   0   0   0   0   0  95   0   0   5   0   0   0   0   0   0   0  0.50 0.04
  288 H    -2  -1   2  -1  -3   0   0  -2   8  -4  -3  -1  -2  -2  -3  -1  -2  -3   1  -4    0   0  13   0   0   0   0   0  87   0   0   0   0   0   0   0   0   0   0   0  0.99 0.05
  289 F    -3  -3  -4  -4  -3  -4  -4  -4  -2   0   0  -4   0   7  -4  -3  -3   1   3  -1    0   0   0   0   0   0   0   0   0   0   0   0   0 100   0   0   0   0   0   0  0.96 0.05
  290 R    -2   6  -1  -2  -4   1   0  -3  -1  -3  -3   2  -2  -3  -3  -1  -1  -3  -2  -3    0 100   0   0   0   0   0   0   0   0   0   0   0   0   0   0   0   0   0   0  0.92 0.04
  291 V     0  -3  -3  -4  -1  -3  -3  -4  -4   3   1  -3   1  -1  -3  -2   0  -3  -2   5    0   0   0   0   0   0   0   0   0   1   0   0   0   0   0   0   0   0   0  99  0.47 0.04
  292 L    -2  -3  -4  -4  -2  -3  -3  -4  -3   1   4  -3   2   0  -3  -3  -1  -2  -1   1    0   0   0   0   0   0   0   0   0   0  99   0   0   1   0   0   0   0   0   0  0.55 0.03
  293 T     4  -2  -1  -2  -1  -1  -1   0  -2  -1  -2  -1  -1  -3  -1   1   2  -3  -2   0   69   0   0   0   0   0   0   0   0   0   0   0   0   0   0   6  25   0   0   0  0.37 0.03
  294 K    -1   2   0  -1  -4   1   1  -2  -1  -3  -3   5  -2  -4  -1   0  -1  -3  -2  -3    0   0   0   0   0   0   0   0   0   0   0 100   0   0   0   0   0   0   0   0  0.66 0.04
  295 I     1  -3  -3  -3   7  -2  -3  -2  -3   1   1  -2   1  -2  -3  -1  -1  -3  -2   1   19   0   0   0  43   0   0   0   0  16   8   0   6   0   0   0   0   0   0   7  0.46 0.02
  296 L    -2  -2  -4  -4  -2  -2  -3  -4  -3   1   4  -3   2   0  -3  -3  -1  -2  -1   1    0   0   0   0   0   0   0   0   0   0  98   0   2   0   0   0   0   0   0   0  0.55 0.03
  297 R    -2   6  -1  -2  -4   1   0  -3  -1  -3  -3   2  -2  -3  -3  -1  -1  -3  -2  -3    0 100   0   0   0   0   0   0   0   0   0   0   0   0   0   0   0   0   0   0  0.92 0.04
  298 L    -2  -2  -3  -4  -2  -2  -3  -4  -3   1   4  -3   4   0  -3  -3  -1  -2  -1   1    0   0   0   0   0   0   0   0   0   0  80   0  20   0   0   0   0   0   0   0  0.48 0.03
  299 S     1  -1   0  -1  -1   0  -1  -1  -1  -1  -1  -1   0  -2  -1   4   1  -3  -2  -1    0   0   0   0   0   0   0   0   0   2   7   0   6   0   0  86   0   0   0   0  0.39 0.03
  300 G     0  -3  -1  -2  -3  -2  -3   6  -2  -4  -4  -2  -3  -4  -3  -1  -2  -3  -4  -4    0   0   0   0   0   0   0 100   0   0   0   0   0   0   0   0   0   0   0   0  1.17 0.04
  301 G     0  -2  -1  -2  -3  -2  -2   6  -2  -4  -4  -2  -3  -4  -3  -1  -2  -3  -3  -4    0   2   0   0   0   0   0  98   0   0   0   0   0   0   0   0   0   0   0   0  1.13 0.04
  302 D    -2  -2   1   7  -4  -1   1  -2  -1  -4  -4  -1  -4  -4  -2  -1  -1  -5  -4  -4    0   0   0 100   0   0   0   0   0   0   0   0   0   0   0   0   0   0   0   0  1.09 0.04
  303 H    -2  -1   0  -2  -4   1   0  -3   9  -4  -3  -1  -2  -2  -3  -1  -2  -3   1  -4    0   0   0   0   0   3   0   0  97   0   0   0   0   0   0   0   0   0   0   0  1.14 0.06
  304 L    -2  -3  -4  -4  -2  -3  -3  -4  -3   2   4  -3   2   0  -3  -3  -1  -2  -1   1    0   0   0   0   0   0   0   0   0  10  89   0   1   0   0   0   0   0   0   0  0.50 0.03
  305 H    -2  -1   0  -2  -4   0   0  -3   9  -4  -3  -1  -2  -2  -3  -1  -2  -3   1  -4    0   0   0   0   0   0   0   0 100   0   0   0   0   0   0   0   0   0   0   0  1.19 0.06
  306 T     1  -1   0  -1  -1  -1  -1  -1  -1  -2  -2  -1  -1  -3  -1   4   4  -3  -2  -1    2   0   0   0   0   0   0   0   0   0   0   0   0   0   0  59  39   0   0   0  0.45 0.03
  307 G     0  -3  -1  -2  -3  -2  -3   6  -2  -4  -4  -2  -3  -4  -3  -1  -2  -3  -4  -4    0   0   0   0   0   0   0 100   0   0   0   0   0   0   0   0   0   0   0   0  1.17 0.04
  308 T     0  -1   0  -1  -1  -1  -1  -2  -2  -1  -2  -1  -1  -3  -1   1   6  -3  -2   0    0   0   0   0   0   0   0   0   0   0   0   0   0   0   0   0 100   0   0   0  0.63 0.04
  309 V     0  -3  -3  -4  -1  -3  -3  -4  -4   2   1  -3   0  -1  -3  -2   0  -3  -2   5    0   0   0   0   0   0   0   0   0   0   0   0   0   0   0   0   0   0   0 100  0.48 0.04
  310 V     0  -3  -3  -4  -1  -3  -3  -4  -4   2   1  -3   0  -1  -3  -2   0  -3  -2   5    0   0   0   0   0   0   0   0   0   0   0   0   0   0   0   0   0   0   0 100  0.48 0.04
  311 G     0  -3  -1  -2  -3  -2  -3   6  -2  -4  -4  -2  -3  -4  -3  -1  -2  -3  -4  -4    0   0   0   0   0   0   0 100   0   0   0   0   0   0   0   0   0   0   0   0  1.17 0.04
  312 K    -1   2   0  -1  -4   1   1  -2  -1  -3  -3   5  -2  -4  -1   0  -1  -3  -2  -3    0   0   0   0   0   0   0   0   0   0   0 100   0   0   0   0   0   0   0   0  0.66 0.04
  313 L    -2  -3  -4  -4  -2  -2  -3  -4  -3   1   4  -3   2   0  -3  -3  -1  -2  -1   1    0   0   0   0   0   0   0   0   0   0 100   0   0   0   0   0   0   0   0   0  0.56 0.03
  314 E    -1   0  -1   1  -4   2   6  -3   0  -4  -3   1  -2  -4  -1   0  -1  -3  -2  -3    0   0   0   0   0   0 100   0   0   0   0   0   0   0   0   0   0   0   0   0  0.87 0.04
  315 G     0  -3  -1  -2  -3  -2  -3   6  -2  -4  -4  -2  -3  -4  -3  -1  -2  -3  -4  -4    0   0   0   0   0   0   0 100   0   0   0   0   0   0   0   0   0   0   0   0  1.17 0.04
  316 D    -2  -2   1   6  -4   0   3  -2  -1  -4  -4  -1  -3  -4  -2   0  -1  -4  -3  -3    0   0   0  82   0   0  18   0   0   0   0   0   0   0   0   0   0   0   0   0  0.92 0.04
  317 R    -2   6  -1  -2  -4   1   0  -3  -1  -3  -3   3  -2  -3  -2  -1  -1  -3  -2  -3    0  90   0   0   0   0   0   0   0   0   0  10   0   0   0   0   0   0   0   0  0.84 0.04
  318 A     2  -1   0   1  -2   1   3   2  -1  -3  -3   0  -2  -3  -1   0  -1  -3  -2  -2   35   0   3   8   0   6  29  15   0   0   0   0   0   0   1   2   0   0   0   0  0.29 0.01
  319 S     3  -2  -1  -2  -1  -1  -1   0  -2   1  -1  -1  -1  -2  -1   2   0  -3  -2   0   48   0   0   0   0   0   0   2   0  18   0   0   0   0   0  27   2   0   0   2  0.23 0.02
  320 T     0  -1   0  -1  -1  -1  -1  -2  -2  -1  -2  -1  -1  -3  -1   1   5  -3  -2   0    0   0   0   2   0   0   0   0   0   0   0   0   0   0   0   0  98   0   0   0  0.61 0.04
  321 L    -2  -2  -3  -4  -2  -1  -2  -4  -3   2   4  -2   3   0  -3  -2  -1  -2  -1   1    0   0   0   0   0   2   1   0   0   5  75   0  16   0   0   0   0   0   0   0  0.42 0.02
  322 G     0  -3  -1  -2  -3  -2  -3   6  -2  -4  -4  -2  -3  -4  -3  -1  -2  -3  -4  -4    0   0   0   0   0   0   0 100   0   0   0   0   0   0   0   0   0   0   0   0  1.17 0.04
  323 W    -3  -3  -4  -4  -3  -3  -3  -3  -2  -2  -1  -3  -1   5  -4  -3  -3  10   3  -2    0   0   0   0   0   0   0   0   0   0   0   0   0  37   0   0   0  58   5   0  1.55 0.05
  324 I    -1  -3  -3  -4  -1  -3  -3  -4  -4   4   1  -3   1  -1  -3  -2  -1  -3  -2   4    0   0   0   0   0   0   0   0   0  54   0   0   0   0   0   0   0   0   0  46  0.42 0.03
  325 D    -2  -2   2   6  -4  -1   1  -2  -1  -4  -4  -1  -3  -4  -2   0  -1  -5  -3  -4    0   0   5  94   0   0   0   0   0   0   0   2   0   0   0   0   0   0   0   0  1.01 0.04
  326 L    -1  -2  -3  -3  -1   1  -2  -3  -2   2   3  -2   2   0  -3  -2  -1  -2  -1   1    1   0   0   0   1  14   0   0   0  16  63   0   2   0   0   0   3   0   0   0  0.28 0.02
  327 L    -1  -2  -3  -4  -2  -1  -3  -4  -2   1   3  -2   5   0  -3  -2  -1  -2  -1   1    0   0   0   0   0   0   0   0   0   1  43   0  56   0   0   0   0   0   0   0  0.45 0.03
  328 R    -2   6  -1  -2  -4   1   0  -3  -1  -3  -3   2  -2  -3  -3  -1  -1  -3  -2  -3    0 100   0   0   0   0   0   0   0   0   0   0   0   0   0   0   0   0   0   0  0.92 0.04
  329 E    -1  -1   0   4  -4   1   5  -2  -1  -4  -4   0  -3  -4  -2   0  -1  -4  -3  -3    0   0   0  35   0   0  64   0   0   0   0   1   0   0   0   0   0   0   0   0  0.74 0.03
  330 S     0   2   2   3  -2   0   1  -1  -1  -3  -3   1  -2  -3   0   2   0  -3  -2  -2    5  14   8  21   0   0   2   1   0   0   0   6   0   0   2  38   2   0   0   0  0.31 0.01
  331 F    -2  -2  -2  -3  -3  -2  -2  -3   4  -1  -1  -2  -1   5  -3  -2  -2   1   5  -1    0   0   0   0   0   0   0   0  15   0   0   0   0  50   0   1   0   0  33   1  0.65 0.03
  332 I    -1  -3  -3  -3  -1  -3  -3  -4  -4   4   1  -3   1  -1  -3  -2   0  -3  -2   4    0   0   0   0   0   0   0   0   0  55   0   0   0   0   0   0   2   0   0  43  0.41 0.03
  333 P     0   0  -1   0  -3   1   3  -2  -1  -3  -3   3  -2  -3   5   0  -1  -3  -2  -3    4   0   0   0   0   0  32   0   0   0   0  34   0   1  29   0   0   0   0   0  0.61 0.02
  334 E     0   0  -1   1  -4   2   5  -2   0  -3  -3   1  -2  -3  -1   0  -1  -3  -2  -2    7   3   0   0   0   6  78   0   0   0   1   4   0   0   0   0   0   0   0   0  0.62 0.03
  335 D    -2  -2   1   7  -4  -1   1  -2  -1  -4  -4  -1  -4  -4  -2  -1  -1  -5  -4  -4    0   0   2  98   0   0   0   0   0   0   0   0   0   0   0   0   0   0   0   0  1.07 0.04
  336 R    -2   6  -1  -2  -4   1   0  -3  -1  -3  -1   2  -1  -3  -3  -1  -1  -3  -2  -3    0  92   0   0   0   0   0   0   0   0   5   3   0   0   0   0   0   0   0   0  0.80 0.04
  337 S     1  -1   0   0  -1   0   0  -1  -1  -3  -3   0  -2  -3  -1   4   1  -3  -2  -2    8   0   0   1   0   0   2   0   0   0   0   0   0   0   0  87   1   0   0   0  0.49 0.03
  338 R    -2   6  -1  -2  -4   1   0  -3  -1  -3  -2   2  -1  -3  -3  -1  -1  -3  -2  -3    0  99   0   0   0   0   0   0   0   0   0   0   1   0   0   0   0   0   0   0  0.89 0.04
  339 G     0  -3  -1  -2  -3  -2  -3   6  -2  -4  -4  -2  -3  -4  -3  -1  -2  -3  -4  -4    0   0   0   0   0   0   0 100   0   0   0   0   0   0   0   0   0   0   0   0  1.17 0.04
  340 I    -1  -3  -2  -3  -1  -3  -3  -4  -3   4   2  -3   1   0  -3  -2  -1  -3  -2   3    0   0   4   0   0   0   0   0   0  73   8   0   0   0   0   0   0   0   0  16  0.38 0.03
  341 F    -2  -3  -3  -4  -3  -3  -3  -3  -1   0   0  -3   2   6  -4  -3  -2   1   4  -1    0   0   0   0   0   0   0   0   0   0   0   0  11  74   0   0   0   0  15   0  0.72 0.03
  342 F    -3  -3  -4  -4  -3  -4  -4  -4  -2   0   0  -4   0   7  -4  -3  -3   1   3  -1    0   0   0   0   0   0   0   0   0   0   0   0   0 100   0   0   0   0   0   0  0.96 0.05
  343 D    -1  -2   1   6  -3  -1   1  -2  -2  -3  -3  -1  -3  -3  -2   0   2  -4  -3  -2    0   0   0  71   0   0   0   0   0   0   0   0   0   0   0   0  29   0   0   0  0.69 0.03
  344 Q    -1   1   0  -1  -3   6   2  -2   0  -3  -3   1  -1  -4  -2   0  -1  -2  -2  -3    0   0   0   0   0 100   0   0   0   0   0   0   0   0   0   0   0   0   0   0  0.85 0.05
  345 D    -2  -2   1   7  -4  -1   2  -2  -1  -4  -4  -1  -4  -4  -2  -1  -1  -5  -4  -4    0   0   0  98   0   0   2   0   0   0   0   0   0   0   0   0   0   0   0   0  1.07 0.04
  346 W    -3  -3  -4  -5  -3  -3  -3  -3  -2  -3  -2  -4  -2   2  -4  -3  -3  11   3  -3    0   0   0   0   0   0   0   0   0   0   0   0   0   9   0   0   0  88   3   0  2.31 0.06
  347 G     2  -2  -1  -2  -1  -2  -2   5  -2  -3  -3  -2  -2  -3  -2   0  -1  -3  -3  -1   24   0   0   0   1   0   0  70   0   0   0   0   0   0   0   0   0   0   0   5  0.70 0.02
  348 S     1  -1   0  -1  -1   1   0   0   0  -3  -3   0  -2  -3   0   4   1  -3  -2  -2   11   0   0   0   0   6   2   1   3   0   0   0   0   0   3  74   0   0   0   0  0.40 0.03
  349 M    -1  -2  -3  -4  -2   0  -2  -3  -2   1   2  -2   7   0  -3  -2  -1  -2  -1   0    1   0   0   0   0   2   0   0   0   0   5   0  93   0   0   0   0   0   0   0  0.57 0.05
  350 P     0  -3  -2  -2  -3  -2  -2  -1  -3  -3  -3  -1  -3  -4   8  -1  -1  -4  -3  -3    4   0   0   0   0   0   0   5   0   0   0   0   0   0  91   0   0   0   0   0  1.89 0.04
  351 G     0  -3  -1  -2  -3  -2  -2   6  -2  -4  -4  -2  -3  -4  -1   0  -2  -3  -3  -4    0   0   0   0   0   0   0  96   0   0   0   0   0   0   3   1   0   0   0   0  1.09 0.04
  352 V     0  -3  -3  -3   0  -2  -3  -3  -3   2   1  -2   1  -1  -3  -1   0  -3  -2   4    5   0   0   0   1   0   0   0   0   1   2   0   5   0   0   1   3   0   0  82  0.34 0.03
  353 F    -2  -2  -3  -4  -2  -2  -3  -3  -2   1   2  -3   4   5  -3  -2  -2   0   1   0    0   0   0   0   0   0   0   0   0   4  14   0  38  43   0   0   0   0   0   1  0.42 0.03
  354 A     2  -2  -2  -2  -2  -1  -1  -1  -2  -2  -3  -1  -2  -3   7   0  -1  -4  -3  -2   38   0   0   0   0   0   0   0   0   0   0   0   0   0  62   0   0   0   0   0  1.17 0.03
  355 V     0  -3  -3  -4  -1  -3  -3  -4  -4   2   1  -3   0  -1  -3  -2   0  -3  -2   5    0   0   0   0   0   0   0   0   0   0   0   0   0   0   0   0   0   0   0 100  0.48 0.04
  356 A     5  -2  -2  -2  -1  -1  -1   0  -2  -2  -2  -1  -1  -3  -1   1   0  -3  -2   0  100   0   0   0   0   0   0   0   0   0   0   0   0   0   0   0   0   0   0   0  0.52 0.04
  357 S     1  -1   0  -1  -1   0   0  -1  -1  -3  -3   0  -2  -3  -1   5   1  -3  -2  -2    0   0   0   0   0   0   0   0   0   0   0   0   0   0   0 100   0   0   0   0  0.58 0.04
  358 G     0  -3  -1  -2  -3  -2  -3   6  -2  -4  -4  -2  -3  -4  -3  -1  -2  -3  -4  -4    0   0   0   0   0   0   0 100   0   0   0   0   0   0   0   0   0   0   0   0  1.17 0.04
  359 G     0  -3  -1  -2  -3  -2  -3   6  -2  -4  -4  -2  -3  -4  -3  -1  -2  -3  -4  -4    0   0   0   0   0   0   0 100   0   0   0   0   0   0   0   0   0   0   0   0  1.17 0.04
  360 I    -2  -3  -4  -4  -2  -3  -4  -4  -4   5   1  -3   1   0  -3  -3  -1  -3  -2   2    0   0   0   0   0   0   0   0   0 100   0   0   0   0   0   0   0   0   0   0  0.53 0.04
  361 H    -2  -1   0  -2  -4   0   0  -3   9  -4  -3  -1  -2  -2  -3  -1  -2  -3   1  -4    0   0   0   0   0   0   0   0 100   0   0   0   0   0   0   0   0   0   0   0  1.19 0.06
  362 V     0  -3  -3  -4  -1  -3  -3  -4  -4   3   1  -3   1  -1  -3  -2   0  -3  -2   5    0   0   0   0   0   0   0   0   0   4   0   0   0   0   0   0   0   0   0  96  0.46 0.04
  363 W    -3  -3  -4  -5  -3  -3  -3  -3  -3  -3  -2  -4  -2   1  -4  -3  -3  12   2  -3    0   0   0   0   0   0   0   0   0   0   0   0   0   0   0   0   0 100   0   0  2.70 0.07
  364 H    -2  -1   0  -2  -4   0   0  -3   9  -4  -3  -1  -2  -2  -3  -1  -2  -3   1  -4    0   0   0   0   0   0   0   0 100   0   0   0   0   0   0   0   0   0   0   0  1.19 0.06
  365 M    -1  -2  -3  -4  -2  -1  -3  -3  -2   1   2  -2   7   0  -3  -2  -1  -2  -1   1    0   0   0   0   0   0   0   0   0   1   0   0  97   0   0   0   0   0   0   1  0.62 0.06
  366 P    -1  -3  -2  -2  -3  -2  -2  -3  -3  -3  -3  -1  -3  -4   8  -1  -1  -4  -3  -3    0   0   0   0   0   0   0   0   0   0   0   0   0   0 100   0   0   0   0   0  2.17 0.05
  367 A     5  -2  -2  -2  -1  -1  -1   0  -2  -2  -2  -1  -1  -3  -1   1   0  -3  -2   0   98   0   0   0   0   0   0   0   0   0   0   0   0   0   0   2   0   0   0   0  0.51 0.04
  368 L    -2  -3  -4  -4  -2  -2  -3  -4  -3   1   4  -3   2   0  -3  -3  -1  -2  -1   1    0   0   0   0   0   0   0   0   0   0 100   0   0   0   0   0   0   0   0   0  0.56 0.03
  369 V     0  -3  -3  -4  -1  -2  -3  -4  -3   2   1  -3   1  -1  -3  -2   0  -3  -1   4    0   0   0   0   0   0   0   0   0   0   9   0   0   0   0   0   3   0   0  88  0.40 0.03
  370 N     1  -1   2   1  -2   0   2  -1  -1  -2  -2   0  -2  -3  -1   2   2  -3  -2  -1   13   0  14   8   0   0  21   0   0   0   0   0   0   0   0  20  24   0   0   0  0.29 0.01
  371 I    -2  -3  -4  -4  -2  -3  -4  -4  -4   5   1  -3   1   0  -3  -3  -1  -3  -2   2    0   0   0   0   0   0   0   0   0 100   0   0   0   0   0   0   0   0   0   0  0.53 0.04
  372 F    -3  -3  -4  -4  -3  -4  -4  -4  -2   0   0  -4   0   7  -4  -3  -3   1   3  -1    0   0   0   0   0   0   0   0   0   0   0   0   0 100   0   0   0   0   0   0  0.96 0.05
  373 G     0  -3  -1  -2  -3  -2  -3   6  -2  -4  -4  -2  -3  -4  -3  -1  -2  -3  -4  -4    0   0   0   0   0   0   0 100   0   0   0   0   0   0   0   0   0   0   0   0  1.17 0.04
  374 D    -2  -2   2   6  -4  -1   1  -2  -1  -4  -4  -1  -3  -4  -2   0  -1  -5  -3  -4    0   0   5  95   0   0   0   0   0   0   0   0   0   0   0   0   0   0   0   0  1.03 0.04
  375 D    -2  -2   1   7  -4  -1   1  -2  -1  -4  -4  -1  -4  -4  -2  -1  -1  -5  -4  -4    0   0   0 100   0   0   0   0   0   0   0   0   0   0   0   0   0   0   0   0  1.09 0.04
  376 S     2  -1   0  -1  -1   0  -1   0  -1  -2  -3  -1  -2  -3  -1   4   1  -3  -2  -2   24   0   0   0   0   0   0   0   0   0   0   0   0   0   0  76   0   0   0   0  0.46 0.03
  377 V     0  -3  -3  -4   6  -3  -3  -3  -4   2   0  -3   0  -1  -3  -2   0  -3  -2   4    0   0   0   0  25   0   0   0   0   2   0   0   0   0   0   0   0   0   0  72  0.46 0.03
  378 L    -2  -3  -4  -4  -2  -3  -3  -4  -3   1   4  -3   2   2  -3  -3  -2  -2  -1   1    0   0   0   0   0   0   0   0   0   0  90   0   0  10   0   0   0   0   0   0  0.50 0.03
  379 Q    -1   1   0  -1  -3   6   2  -2   0  -3  -3   1  -1  -4  -2   0  -1  -2  -2  -3    0   0   0   0   0 100   0   0   0   0   0   0   0   0   0   0   0   0   0   0  0.85 0.05
  380 F    -3  -3  -4  -4  -3  -4  -4  -4  -2   0   0  -4   0   7  -4  -3  -3   1   3  -1    0   0   0   0   0   0   0   0   0   0   0   0   0 100   0   0   0   0   0   0  0.96 0.05
  381 G     0  -3  -1  -2  -3  -2  -3   6  -2  -4  -4  -2  -3  -4  -3  -1  -2  -3  -4  -4    0   0   0   0   0   0   0 100   0   0   0   0   0   0   0   0   0   0   0   0  1.17 0.04
  382 G     0  -3  -1  -2  -3  -2  -3   6  -2  -4  -4  -2  -3  -4  -3  -1  -2  -3  -4  -4    0   0   0   0   0   0   0 100   0   0   0   0   0   0   0   0   0   0   0   0  1.17 0.04
  383 G     0  -3  -1  -2  -3  -2  -3   6  -2  -4  -4  -2  -3  -4  -3  -1  -2  -3  -4  -4    0   0   0   0   0   0   0 100   0   0   0   0   0   0   0   0   0   0   0   0  1.17 0.04
  384 T     0  -1   0  -1  -1  -1  -1  -2  -2  -1  -2  -1  -1  -3  -1   1   6  -3  -2   0    0   0   0   0   0   0   0   0   0   0   0   0   0   0   0   0 100   0   0   0  0.63 0.04
  385 L    -1  -2  -3  -3  -2   1  -2  -4  -1   1   4  -2   2   0  -3  -2  -1  -2  -1   1    1   0   0   0   0  11   0   0   2   5  79   0   0   0   0   0   0   0   0   2  0.35 0.02
  386 G     0  -3  -1  -2  -3  -2  -3   6  -2  -4  -4  -2  -3  -4  -3  -1  -2  -3  -4  -4    0   0   0   0   0   0   0 100   0   0   0   0   0   0   0   0   0   0   0   0  1.17 0.04
  387 H    -2  -1   0  -2  -4   0   0  -3   9  -4  -3  -1  -2  -2  -3  -1  -2  -3   1  -4    0   0   0   0   0   0   0   0 100   0   0   0   0   0   0   0   0   0   0   0  1.19 0.06
  388 P    -1  -3  -2  -2  -3  -2  -2  -3  -3  -3  -3  -1  -3  -4   8  -1  -1  -4  -3  -3    0   0   0   0   0   0   0   0   0   0   0   0   0   0 100   0   0   0   0   0  2.17 0.05
  389 W    -3  -3  -4  -5  -3  -3  -3  -2  -3  -3  -2  -4  -2   0  -4  -3  -3  12   2  -3    0   0   0   0   0   0   0   3   0   0   0   0   0   0   0   0   0  97   0   0  2.56 0.07
  390 G     0  -3  -1  -2  -3  -2  -3   6  -2  -4  -4  -2  -3  -4  -3  -1  -2  -3  -4  -4    0   0   0   0   0   0   0 100   0   0   0   0   0   0   0   0   0   0   0   0  1.17 0.04
  391 N    -2  -1   6   1  -1   0  -1  -1   0  -4  -4  -1  -3  -3  -2   1   0  -4  -3  -3    1   0  96   0   1   0   0   0   0   0   0   0   0   0   0   2   0   0   0   0  0.85 0.04
  392 A     5  -2  -2  -2  -1  -1  -1   0  -2  -2  -2  -1  -1  -3  -1   1   0  -3  -2   0  100   0   0   0   0   0   0   0   0   0   0   0   0   0   0   0   0   0   0   0  0.52 0.04
  393 A     4  -2  -2  -2  -1  -1  -1  -1  -2  -2  -2  -1  -2  -3   5   0  -1  -3  -2  -1   66   0   0   0   0   0   0   0   0   0   0   1   0   0  31   0   0   0   0   2  0.64 0.03
  394 G     0  -3  -1  -2  -3  -2  -3   6  -2  -4  -4  -2  -3  -4  -3  -1  -2  -3  -4  -4    0   0   0   0   0   0   0 100   0   0   0   0   0   0   0   0   0   0   0   0  1.17 0.04
  395 A     5  -2  -2  -2  -1  -1  -1   0  -2  -2  -2  -1  -1  -3  -1   1   0  -3  -2   0  100   0   0   0   0   0   0   0   0   0   0   0   0   0   0   0   0   0   0   0  0.52 0.04
  396 A     3  -2  -1  -2   2  -1  -1  -1   0  -1  -2  -1  -1  -2  -1   1   2  -3  -2   0   58   0   0   0   7   0   0   0   3   0   0   0   0   0   0   1  29   0   0   1  0.31 0.02
  397 A     5  -2  -2  -2  -1  -1  -1   0  -2  -1  -2  -1  -1  -3  -1   1   0  -3  -2   0   98   0   0   0   0   0   0   0   0   0   0   0   0   0   0   0   0   0   0   2  0.50 0.04
  398 N    -2  -1   7   1  -3   0  -1  -1   0  -4  -4   0  -3  -4  -2   0   0  -4  -3  -3    0   0 100   0   0   0   0   0   0   0   0   0   0   0   0   0   0   0   0   0  0.92 0.05
  399 R    -2   6  -1  -2  -4   1   0  -3  -1  -3  -2   2  -2  -3  -3  -1  -1  -3  -2  -3    0  98   0   0   0   0   0   0   0   0   2   0   0   0   0   0   0   0   0   0  0.88 0.04
  400 V     0  -3  -3  -4  -1  -3  -3  -4  -4   2   1  -3   0  -1  -3  -2   0  -3  -2   5    0   0   0   0   0   0   0   0   0   0   0   0   0   0   0   0   0   0   0 100  0.48 0.04
  401 A     5  -2  -2  -2  -1  -1  -1   0  -2  -2  -2  -1  -1  -3  -1   1   0  -3  -2   0   96   0   0   0   0   0   2   0   0   0   0   0   0   0   0   2   0   0   0   0  0.49 0.04
  402 L    -2  -2  -4  -4  -2  -2  -3  -4  -3   2   4  -3   2   0  -3  -3  -1  -2  -1   1    0   0   0   0   0   0   0   0   0   0  92   0   0   0   0   0   1   0   0   7  0.50 0.03
  403 E    -1   0  -1   1  -4   2   6  -3   0  -4  -3   1  -2  -4  -1   0  -1  -3  -2  -3    0   0   0   0   0   0 100   0   0   0   0   0   0   0   0   0   0   0   0   0  0.87 0.04
  404 A     5  -2  -2  -2  -1  -1  -1   0  -2  -2  -2  -1  -1  -3  -1   1   0  -3  -2   0   99   0   0   0   0   0   0   0   0   0   0   0   0   0   0   1   0   0   0   0  0.51 0.04
  405 C    -1  -4  -3  -4  10  -3  -4  -3  -4  -2  -2  -4  -2  -3  -3  -1  -1  -3  -3  -1    0   0   0   0 100   0   0   0   0   0   0   0   0   0   0   0   0   0   0   0  1.57 0.06
  406 V    -1  -3  -3  -3  -1  -3  -3  -4  -4   3   1  -3   1  -1  -3  -2   0  -3  -2   4    0   0   0   0   0   0   0   0   0  12   0   0   0   0   0   0   2   0   0  86  0.42 0.03
  407 E    -1   1   0   0  -4   5   3  -2   0  -3  -3   3  -1  -4  -1   0  -1  -3  -2  -3    0   2   0   0   0  50  27   0   0   0   0  21   0   0   0   0   0   0   0   0  0.57 0.03
  408 A     5  -2  -2  -2  -1  -1  -1   0  -2  -2  -2  -1  -1  -3  -1   1   0  -3  -2   0  100   0   0   0   0   0   0   0   0   0   0   0   0   0   0   0   0   0   0   0  0.52 0.04
  409 R    -2   6  -1  -2  -4   1   0  -3  -1  -3  -3   2  -2  -3  -3  -1  -1  -3  -2  -3    0 100   0   0   0   0   0   0   0   0   0   0   0   0   0   0   0   0   0   0  0.92 0.04
  410 N    -2  -1   7   1  -3   0  -1  -1   0  -4  -4   0  -3  -4  -2   0   0  -4  -3  -3    1   0  99   0   0   0   0   0   0   0   0   0   0   0   0   0   0   0   0   0  0.90 0.05
  411 Q    -1   1   0   1  -4   3   5  -2   0  -3  -3   1  -2  -3  -1   0  -1  -3  -2  -3    3   8   0   0   0  11  75   0   1   0   0   2   1   0   0   0   0   0   0   0  0.64 0.03
  412 G     0  -3  -1  -2  -3  -2  -3   6  -2  -4  -4  -2  -3  -4  -3  -1  -2  -3  -4  -4    0   0   0   0   0   0   0 100   0   0   0   0   0   0   0   0   0   0   0   0  1.17 0.04
  413 R    -1   6  -1  -2  -3   1  -1  -3  -1  -1  -1   2  -1  -3  -2  -1  -1  -3  -2   0    0  78   0   0   0   2   0   0   0   2   2   2   0   0   0   0   0   0   0  14  0.57 0.03
  414 D     0  -1   2   3  -3   1   3  -1   1  -3  -3   0  -2  -3   1   1  -1  -3  -2  -2   11   0  13  21   0   8  28   1   5   0   0   0   0   0   5   7   0   0   0   1  0.35 0.01
  415 I    -1  -3  -4  -4  -1  -2  -3  -4  -3   3   4  -3   2   0  -3  -3  -1  -2  -1   2    0   0   0   0   0   0   0   0   0  18  65   0   2   0   0   0   0   0   0  14  0.40 0.02
  416 E     1  -1  -1   1  -3   1   5  -2  -1  -2  -2   0   1  -2  -1   0  -1  -3  -1  -2   17   0   0   0   0   0  71   0   0   0   0   0   9   1   0   0   0   0   1   0  0.47 0.03
  417 K    -1   5   0  -1  -4   1   0  -2  -1  -3  -3   4  -2  -3  -2   0  -1  -3  -2  -3    0  43   0   0   0   0   0   0   0   0   0  54   0   0   0   1   1   0   0   0  0.60 0.03
  418 E    -1   0   0   1  -4   2   5  -2   0  -3  -3   0  -1  -3  -2   0  -1  -3  -2  -3    2   0   4   0   0   0  91   0   0   1   0   0   2   0   0   0   0   0   0   0  0.74 0.04
  419 G     1  -2  -1  -2  -2  -2  -2   6  -2  -4  -4  -2  -3  -3  -2   0  -1  -3  -3  -3    8   0   0   0   0   0   0  86   0   0   0   0   0   0   0   6   0   0   0   0  0.94 0.03
  420 K    -1   2   2  -1  -3   1   0   2  -1  -3  -3   4  -2  -3  -2   0  -1  -3  -2  -3    3  13  12   0   0   0   0  19   0   0   0  53   0   0   0   0   0   0   0   0  0.39 0.02
  421 E     0  -1   1   5  -3   0   3  -2  -1  -3  -3   0  -3  -4  -2   0  -1  -4  -3  -3    8   0   0  56   0   0  35   0   0   0   0   0   0   0   0   1   0   0   0   0  0.68 0.03
  422 I    -1  -3  -4  -4  -1  -3  -3  -4  -4   4   1  -3   1  -1  -3  -3  -1  -3  -2   3    0   0   0   0   0   0   0   0   0  75   0   0   0   0   0   0   0   0   0  25  0.45 0.03
  423 L    -2  -3  -4  -4  -2  -3  -3  -4  -3   2   4  -3   2   0  -3  -3  -1  -2  -1   1    0   0   0   0   0   0   0   0   0  19  79   0   1   0   0   0   0   0   0   0  0.47 0.02
  424 T    -1   3   0  -1  -2   0  -1  -2  -1  -1  -2   1   0  -3  -2   1   4  -3  -2  -1    0  31   0   0   0   1   1   0   0   3   0   1   2   0   0   4  56   0   0   0  0.35 0.03
  425 A     1   0   2   1  -3   1   4  -1   0  -3  -3   1  -2  -3  -1   0   0  -3  -2  -2   18   0  13   5   0   3  49   0   0   0   0   8   0   0   0   2   3   0   0   0  0.39 0.02
  426 A     5  -2  -2  -1  -1  -1  -1   0  -2  -2  -2  -1  -1  -3  -1   1   0  -3  -2   0   98   0   0   2   0   0   0   0   0   0   0   0   0   0   0   0   0   0   0   0  0.50 0.04
  427 A     4  -2  -2  -2   3  -1  -1   1  -2  -2  -2  -1  -1  -3  -1   1   0  -3  -2  -1   84   0   0   0   9   0   0   8   0   0   0   0   0   0   0   0   0   0   0   0  0.43 0.03
  428 Q     0   4   0  -1  -3   2   1  -2  -1  -3  -3   4  -1  -3  -2   0  -1  -3  -2  -2    6  28   3   0   0  14   2   0   0   0   0  46   0   0   0   0   1   0   0   0  0.46 0.02
  429 H    -1  -1   0   0  -3   0  -1  -2   6  -3  -3  -1  -2  -1  -3   1  -1   8   1  -3    1   2   2   4   0   0   0   0  42   0   0   0   0   0   0  17   3  29   1   0  0.73 0.03
  430 S     1  -1   0  -1   0   0   0  -1  -1  -3  -3  -1  -2  -3  -1   5   1  -3  -2  -2    0   0   0   0   2   0   0   0   0   0   0   0   0   0   0  98   0   0   0   0  0.56 0.04
  431 P    -1  -2  -2  -2  -3  -2  -1  -3  -3  -3  -3  -1  -3  -4   8  -1  -1  -4  -3  -3    0   0   0   0   0   0   0   0   0   0   0   2   0   0  98   0   0   0   0   0  2.11 0.05
  432 E    -1   0  -1   1  -4   2   6  -2   0  -4  -3   1  -2  -4  -1   0  -1  -3  -2  -3    1   0   0   1   0   0  98   0   0   0   0   0   0   0   0   0   0   0   0   0  0.85 0.04
  433 L    -2  -3  -4  -4  -2  -2  -3  -4  -3   1   4  -3   2   0  -3  -3  -1  -2  -1   1    0   0   0   0   0   0   0   0   0   0 100   0   0   0   0   0   0   0   0   0  0.56 0.03
  434 K     2   1  -1  -1  -2   1   0  -1  -1  -2  -2   4  -1  -3  -1   0  -1  -3  -2  -2   38   2   1   0   0   0   0   0   0   0   0  59   0   0   0   0   0   0   0   0  0.36 0.03
  435 I     2  -2  -3  -3  -1  -2  -2  -2  -3   3   1  -2   2  -1  -2  -1   0  -3  -2   2   26   0   0   0   0   0   0   0   0  40   0   0   8   0   0   1   3   0   0  22  0.21 0.02
  436 A     5  -2  -2  -2  -1  -1  -1   0  -2  -2  -2  -1  -1  -3  -1   1   0  -3  -2   0  100   0   0   0   0   0   0   0   0   0   0   0   0   0   0   0   0   0   0   0  0.52 0.04
  437 M    -1  -2  -3  -4   5  -1  -3  -3  -2   1   2  -2   6  -1  -3  -2  -1  -2  -2   0    0   0   0   0  19   0   0   0   0   0  16   0  64   0   0   1   0   0   0   0  0.44 0.04
  438 E    -1   0   0   2  -4   2   6  -2   0  -4  -3   1  -2  -4  -1   0  -1  -3  -2  -3    0   0   1   1   0   0  97   0   0   0   0   0   0   0   0   0   0   0   0   0  0.85 0.04
  439 T    -1  -2  -1  -2  -1  -1  -2  -2  -2   0   1  -1   0  -2  -2   1   4  -3  -2   0    0   0   0   0   0   0   0   0   0   0  24   0   0   0   0   0  72   0   0   4  0.36 0.03
  440 W    -3  -3  -4  -5  -3  -3  -3  -3  -3  -3  -2  -4  -2   1  -4  -3  -3  12   2  -3    0   0   0   0   0   0   0   0   0   0   0   0   0   0   0   0   0 100   0   0  2.70 0.07
  441 K    -1   2   0  -1  -4   1   1  -2  -1  -3  -3   5  -2  -4  -1   0  -1  -3  -2  -3    0   0   0   0   0   0   0   0   0   0   0 100   0   0   0   0   0   0   0   0  0.66 0.04
  442 E    -1   0  -1   1  -4   2   6  -3   0  -4  -3   1  -2  -4  -1   0  -1  -3  -2  -3    0   0   0   0   0   0 100   0   0   0   0   0   0   0   0   0   0   0   0   0  0.87 0.04
  443 I    -2  -3  -4  -4  -2  -3  -4  -4  -4   5   1  -3   1   0  -3  -3  -1  -3  -2   3    0   0   0   0   0   0   0   0   0  94   0   0   0   0   0   0   0   0   0   6  0.51 0.04
  444 K    -1   2   0  -1  -4   1   1  -2  -1  -3  -3   5  -2  -4  -1   0  -1  -3  -2  -3    0   3   0   0   0   0   0   0   0   0   0  97   0   0   0   0   0   0   0   0  0.65 0.04
  445 F    -3  -3  -4  -4  -3  -4  -4  -4  -2   0   0  -4   0   7  -4  -3  -3   1   3  -1    0   0   0   0   0   0   0   0   0   0   0   0   0 100   0   0   0   0   0   0  0.95 0.05

                      K         Lambda
Standard Ungapped    0.1384     0.3206
Standard Gapped      0.0468     0.2670
PSI Ungapped         0.1529     0.3102
PSI Gapped           0.0468     0.2670
