
Last position-specific scoring matrix computed, weighted observed percentages rounded down, information per position, and relative weight of gapless real matches to pseudocounts
            A   R   N   D   C   Q   E   G   H   I   L   K   M   F   P   S   T   W   Y   V   A   R   N   D   C   Q   E   G   H   I   L   K   M   F   P   S   T   W   Y   V
    1 A     6  -4  -4  -4  -3  -3  -3  -2  -4  -4  -4  -3  -3  -5  -3   2  -2  -5  -4  -3   89   0   0   0   0   0   0   0   0   0   0   0   0   0   0  11   0   0   0   0  1.45 0.48
    2 G     3  -2  -1  -2  -3  -1  -3   3  -3  -3  -3  -2  -3  -4  -1   2   2  -5  -4  -2   32   1   1   2   0   2   0  21   0   1   1   1   0   0   2  17  16   0   0   2  0.51 0.29
    3 G     2  -3   3  -3  -1  -1  -3   2  -3  -4  -5  -3  -4  -5  -2   5  -1  -6  -4  -4   19   0  13   0   1   2   1  17   0   1   0   0   0   0   1  41   2   0   0   0  0.78 0.43
    4 K     2   1   1   0  -4   0   0  -2   2  -5  -5   2  -3  -5  -2   4  -1  -5  -1  -3   15   8   7   4   0   3   4   2   5   0   0  14   0   0   1  33   2   0   2   1  0.46 0.31
    5 T     3   0   1  -1  -4   0  -2   0  -1  -4  -3   1  -3  -3  -2   2   3  -5  -2  -2   25   4   8   2   0   3   0   7   1   0   1   9   0   1   2  12  21   0   1   2  0.37 0.28
    6 G     0  -3   2   2  -5   0  -3   5  -1  -5  -6  -2  -3  -6   0   1   0  -5  -5  -4    5   1   9  10   0   3   0  44   1   0   0   2   0   0   5  11   7   0   0   1  0.75 0.38
    7 Q    -3  -2   6   0  -4   3  -1   2  -3  -6  -4   1  -4  -6  -5  -1  -2  -6  -5  -4    2   1  41   4   0  14   4  18   0   0   1   8   0   0   0   4   2   0   0   1  0.94 0.48
    8 V    -4  -6  -1  -6  -4  -6  -6  -7  -6   6   2  -6  -2  -3  -6  -5  -1  -6  -5   4    0   0   4   0   0   0   0   0   0  39  19   0   0   1   0   0   3   0   0  33  1.19 0.52
    9 T     5  -5   0  -5  -3  -4  -5  -2  -5  -3  -4  -4  -1  -3  -5  -1   2  -6  -5   3   54   0   5   0   0   0   0   2   0   1   0   0   1   1   0   4  11   0   0  21  1.01 0.55
   10 V    -1  -4  -6  -6  -5  -6  -6  -4  -7   4   0  -6   0  -4  -6  -5   0  -6  -4   6    4   1   0   0   0   0   0   1   0  18   6   0   1   0   0   0   5   0   0  62  1.34 0.59
   11 F    -7  -7  -4  -8  -8  -7  -7  -8  -2  -4  -6  -7  -6   3  -8  -7  -7  -3  10  -5    0   0   1   0   0   0   0   0   0   1   0   0   0  11   0   0   0   0  86   1  3.20 1.10
   12 W    -8  -9 -10 -10  -8  -8  -9  -8  -8  -8  -7  -9  -7  -1 -10  -9  -8  13   3  -9    0   0   0   0   0   0   0   0   0   0   0   0   0   2   0   0   0  91   8   0  4.83 1.45
   13 G    -3  -7  -5  -6  -7  -6  -7   8  -7  -8  -8  -6  -7  -8  -7  -4  -6  -7  -8  -8    1   0   0   0   0   0   0  97   0   0   0   0   0   0   0   1   0   0   0   0  2.73 0.97
   14 R    -2   3  -3  -5  -7   9  -2  -5  -4  -7  -7  -2  -5  -8  -6  -2  -4  -7  -6  -7    3  12   1   0   0  78   1   1   0   0   0   1   0   0   0   2   1   0   0   0  2.33 0.98
   15 N    -2  -4   7   0  -6  -3  -1   2   1  -6  -6  -3  -4  -5  -5   0  -1  -6   0  -6    3   0  58   4   0   1   3  14   3   0   1   1   0   0   0   5   3   0   3   0  1.37 0.63
   16 K     0  -1  -1   0  -4  -2  -2   4  -1  -4  -4   1  -4  -3   0   3  -1  -5  -2  -3    7   2   2   6   0   1   1  32   2   0   1  11   0   1   5  23   2   0   1   1  0.52 0.34
   17 A     2  -2   4   2  -4  -2  -1   2  -2  -4  -4  -2  -3  -2  -3   0  -1  -5   2  -3   17   2  23  13   0   1   3  18   0   0   1   1   0   1   1   7   3   0   7   2  0.50 0.33
   18 E    -4  -3   0   0  -7   6   6  -3  -2  -7  -6  -2  -4  -7  -4  -2  -2  -6  -6  -6    1   1   4   3   0  37  45   2   0   0   0   1   0   0   0   2   3   0   0   0  1.47 0.71
   19 G    -1  -2   1  -1  -5   3   0   5  -3  -4  -4   1  -3  -5  -1  -1   0  -5  -3  -4    4   1   6   3   0  13   5  42   0   1   1  10   1   0   3   3   5   0   1   1  0.67 0.38
   20 S    -2   4  -1   1  -5  -2  -3  -2  -3  -4  -5  -2  -4  -5   1   4   4  -6  -5  -4    2  20   3   7   0   1   0   3   0   1   1   1   0   0   7  29  25   0   0   0  0.74 0.47
   21 L    -6  -7  -8  -8  -6  -7  -7  -8  -7  -1   7  -6  -2  -3  -7  -7  -6  -6  -5  -2    0   0   0   0   0   0   0   0   0   3  95   0   0   0   0   0   0   0   0   1  2.17 0.85
   22 R     3   3  -1  -2  -2  -2  -2   0  -3  -2  -3   0  -3  -5  -4   3   0  -5  -4  -3   30  17   2   2   0   1   2   6   0   2   2   4   0   0   0  24   6   0   0   1  0.53 0.37
   23 E    -1  -3  -1   3  -5   1   4  -4   2  -5  -4  -1  -4   0  -3   0   1  -4   3  -4    6   0   3  14   0   5  29   0   5   0   1   3   0   4   1   7   9   0  12   1  0.58 0.38
   24 A     3  -4  -5  -5  -5  -3  -5  -5   0  -2  -3  -5  -4   2  -5  -3   4  -3   7   0   21   0   0   0   0   1   0   0   2   1   2   0   0   8   0   0  22   0  35   6  1.13 0.59
   25 C    -6  -9  -8  -9  12  -8  -9  -6  -8  -7  -7  -9  -7  -8  -8  -6  -5  -8  -5  -6    0   0   0   0  98   0   0   1   0   0   0   0   0   0   0   0   0   0   0   0  4.49 1.38
   26 D     3  -2   2   4  -5   3   1  -2  -3  -5  -5   0  -4  -6  -4   0  -2  -6  -5  -4   23   2  11  25   0  12   8   3   0   0   0   5   0   0   0   7   2   0   0   0  0.64 0.40
   27 S    -2  -1   2   3  -5   0  -1  -4  -4  -4  -5  -2  -4  -6  -4   3   4  -6  -5  -5    3   3  11  16   0   5   4   0   0   0   0   1   0   0   0  26  30   0   0   0  0.82 0.50
   28 G     0  -3   0   2  -4  -3  -1   5  -4  -5  -6  -3  -5  -6   1   1   1  -6  -4  -4    6   1   3  11   0   1   3  43   0   0   0   1   0   0   7  10  11   0   1   1  0.78 0.43
   29 M     0   0   4   1  -4  -1  -1   0   0  -2   0   0   0  -3  -2   1   1  -4  -2  -2    7   4  23   9   0   1   3   5   2   1  10   6   3   1   1  11   8   0   1   1  0.25 0.22
   30 Y    -2  -6  -6  -7  -2  -5  -6  -6  -1   4  -2  -6  -2   1  -5  -4  -4  -3   8   2    4   0   0   0   1   0   0   1   1  20   2   0   1   5   0   1   0   0  47  16  1.47 0.65
   31 T    -2  -3   2   6  -6   1   0  -2  -3  -6  -6   0  -6  -7  -5   0   2  -7  -6  -5    4   1   9  49   0   7   5   3   0   0   0   5   0   0   0   6  11   0   0   0  1.07 0.53
   32 M    -2  -6  -5  -5  -5  -5  -6  -5  -2   6  -2  -5   2   3  -6  -3   1  -4   4   2    3   0   0   0   0   0   0   0   1  40   0   0   5  12   0   2   9   0  13  13  0.98 0.49
   33 V    -3  -7  -7  -7  -5  -6  -7  -7  -7   5  -1  -6  -3   1  -3  -6  -4  -6  -2   6    1   0   0   0   0   0   0   0   0  31   3   0   0   6   2   0   0   0   1  55  1.56 0.66
   34 T    -3  -5   5  -3  -5  -2  -4  -5  -4   4  -1  -4  -1  -3   3  -3   1  -6  -5   2    1   0  29   1   0   2   0   0   0  25   6   0   1   1  15   1   7   0   0  12  0.82 0.47
   35 M    -5  -3  -7  -7  -5  -6  -7  -7  -7   6   4  -6   3  -4  -7  -6  -5  -6  -5   1    0   1   0   0   0   0   0   0   0  44  41   0   5   0   0   0   0   0   0   8  1.44 0.62
   36 S     5  -5  -2  -4  -5  -4  -2   1  -5  -5  -6  -4  -5  -6  -5   4  -2  -6  -5  -4   48   0   1   1   0   0   2  11   0   0   0   0   0   0   0  33   1   0   0   1  1.19 0.62
   37 F    -7  -7  -7  -8  -7  -4  -4  -7  -3  -5  -4  -7  -5   9  -8  -4  -4  -4   0  -6    0   0   0   0   0   1   1   0   1   0   0   0   0  90   0   2   1   0   2   0  2.98 1.04
   38 L    -4  -6  -7  -7  -3  -6  -6  -7  -6   1   5  -6   3  -2  -6  -6  -4  -5   0   3    1   0   0   0   1   0   0   0   0   7  63   0   6   1   0   0   0   0   3  18  1.31 0.59
   39 D    -2  -3   5   2  -2  -3  -3  -4   1  -2  -4  -4  -4  -3   0   2   2  -5   2  -2    3   1  32  10   1   0   1   0   3   3   1   0   0   1   4  18  10   0   8   3  0.69 0.44
   40 V    -1   0   1   0  -4   1  -1  -2  -1   1  -2   1  -2  -3  -4   0   2  -4  -1   3    5   4   8   5   0   7   3   3   1   6   2   8   0   1   0   7  14   0   2  24  0.21 0.22
   41 F    -4  -4  -4  -7  -6  -7  -7  -5  -3  -1  -2  -5  -4   9  -6  -2  -5   1   3  -4    1   1   1   0   0   0   0   1   1   4   3   1   0  74   0   3   1   2   7   0  2.21 0.84
   42 G     0  -4  -1  -3  -6  -5  -4   6  -3  -6  -6  -4  -5   0   4  -2  -4  -6  -2  -5    6   1   3   1   0   0   1  58   1   0   0   1   0   4  17   3   1   0   2   1  1.28 0.58
   43 A     0  -1   5   1  -1  -1   0   0  -1  -3  -3   0  -2  -4   0   1   0  -4  -2  -3    9   4  31   8   1   2   5   6   1   1   2   6   1   0   4   9   6   0   1   2  0.43 0.27
   44 N     0  -3   3  -1  -2   0  -3   5   3  -5  -4  -2  -1  -4   0  -2  -2  -5  -4  -4    6   1  17   3   1   5   1  41   8   1   2   1   1   1   4   3   3   0   0   1  0.74 0.40
   45 G    -3   1  -1  -2   0   4  -2   5  -3  -3  -3  -1  -4  -1  -5  -2  -2  -3  -4  -4    1   8   3   2   2  19   2  45   0   1   3   3   0   3   0   2   2   0   0   1  0.83 0.45
   46 K     0   0   1   1  -2   0  -1   0  -2  -2  -1   0  -1  -2   0   0   3   0   1  -1    8   5   6   9   0   3   2   6   1   1   7   7   1   1   4   5  21   1   5   4  0.13 0.15
   47 Y    -3  -3   3  -3  -4  -5  -5  -4  -3  -1  -3  -4  -4  -1   7  -4  -3  -3   5  -4    1   1  12   1   0   0   0   2   1   5   3   1   0   3  49   1   2   0  17   1  1.39 0.64
   48 H    -1  -2  -1  -1   2   1   1   0   3  -2  -2  -1   1   0   2   0   0   2  -1   0    4   1   3   2   5   9   8   8   9   1   3   3   4   5   9   8   5   3   1   9  0.14 0.16
   49 L    -1  -3  -3  -2   3  -1  -3  -1  -4   2   3  -3   1   0  -4   0   2  -1  -1  -1    6   0   1   2   8   2   1   5   0  13  30   1   3   3   0   6  13   1   2   3  0.31 0.24
   50 D    -1  -4   7   4  -6  -3  -2  -1  -2  -5  -5  -3  -2  -4  -3  -1  -2  -7  -6  -4    6   0  51  24   0   1   1   4   1   1   1   1   1   1   2   3   2   0   0   1  1.36 0.63
   51 L    -1  -4   0  -4  -3  -3  -4  -1  -2   0   4  -4   0   4   1  -2  -1  -2  -1  -1    5   0   5   0   0   1   0   4   1   4  42   0   2  18   6   4   4   0   1   2  0.54 0.34
   52 S     4  -4   0  -2   3  -2  -2   1  -4  -1  -4  -3  -2  -3  -2   3  -1  -5  -4  -3   37   0   4   2   6   1   2   9   0   3   1   0   1   1   2  26   2   0   0   0  0.63 0.41
   53 G    -1  -4   3  -1   1  -4  -4   5  -4  -3  -1  -4  -2  -3  -4   0  -2   0  -1  -4    4   0  17   3   3   0   0  47   0   1   7   1   1   1   1   6   2   1   2   1  0.84 0.43
   54 H    -1  -2   2  -2  -4   2  -1  -1   8  -3  -2  -1  -2  -2   0  -1  -1  -5   0  -4    6   1   8   2   0  10   3   4  37   2   4   3   1   2   4   4   4   0   3   1  0.84 0.44
   55 D    -3  -4   2   3   9  -1  -3   1   1  -5  -5  -2  -5  -6   0  -2  -1  -6  -5  -5    2   1   8  19  36   3   1  11   3   0   0   2   0   0   6   3   3   0   0   0  1.22 0.55
   56 L    -5  -6  -5  -5  11  -5  -7  -3  -4  -3  -1  -6  -4  -6  -3  -5  -4   0  -4  -1    0   1   0   1  75   1   0   2   0   1   8   0   0   0   2   1   1   1   1   5  2.85 0.92
   57 S     0   0  -1   0  -4  -1  -2  -2   1  -3  -4  -1  -2  -4   4   2   3   0  -2  -3    8   5   2   5   0   3   2   3   4   1   1   4   1   0  20  17  19   2   2   1  0.43 0.29
   58 S     1  -1   1   0  -2   3   1   2  -1  -2  -3   0  -2   0  -1   1   0  -3  -1  -2   10   3   6   4   1  14   7  16   1   3   1   5   0   5   3  12   5   0   2   3  0.17 0.15
   59 V    -2  -4  -4  -5  -3  -1  -5  -5  -5   5   3  -4   1   1  -4  -3  -3  -4  -2   3    2   0   1   1   0   3   0   0   0  31  33   0   3   5   0   1   1   0   1  17  0.79 0.37
   60 G     2  -2  -2  -3  -4   0   2   3  -3  -3  -4  -2  -3  -5  -4   3  -1  -2  -4  -2   19   1   1   1   0   5  12  26   0   1   1   2   0   0   0  22   3   1   0   3  0.52 0.33
   61 A     2  -1   0   1  -4   1   2  -1  -1  -4  -4   0  -3  -5   1   2   0  -5  -4  -3   22   2   3   9   0   5  16   3   1   1   1   6   0   0   7  18   5   0   0   1  0.38 0.27
   62 D     0  -4  -2   7  -1   1   1   0  -2  -6  -6  -3  -3  -6  -5  -2  -3  -6  -6  -6    7   0   0  63   1   5   8   8   1   0   0   1   1   0   0   2   1   0   0   0  1.43 0.60
   63 I    -5  -6  -5  -6  -1  -6  -6  -7  -6   8  -1  -6  -2  -4  -6  -6  -4  -2  -5   1    0   0   1   0   1   0   0   0   0  84   3   0   0   0   0   0   1   1   0   6  2.14 0.75
   64 K    -1   2   0  -2  -5   2   0  -4  -2  -3  -3   5  -2  -5   1  -1   0  -5  -3  -3    5   9   4   1   0   8   4   1   1   2   2  45   1   0   8   3   5   0   1   2  0.73 0.39
   65 H     0  -1   0  -2  -4  -1  -1  -3   4  -1  -3  -1  -2  -1  -4   2   3  -3   4  -2    9   2   4   2   0   3   3   1  12   3   2   4   0   2   0  14  20   0  15   3  0.39 0.28
   66 C    -5  -7  -7  -7  12  -7  -7  -7  -7  -6  -6  -7  -6  -7  -7  -4  -5  -7  -7  -5    0   0   0   0  94   0   0   0   0   0   0   0   0   0   0   1   0   0   0   0  4.17 1.19
   67 Q    -5  -1  -5  -5  -7   9  -2  -6  -2  -7  -5   0  -5  -7  -6  -5  -5  -6  -6  -6    0   3   0   0   0  87   1   0   1   0   1   4   0   0   0   0   0   0   0   0  2.68 1.02
   68 S     2   0   0  -1  -4   1   0   0  -3  -4  -3   1  -3  -3  -4   4  -1  -5  -3  -4   20   4   4   3   0   7   5   5   0   1   2   7   0   1   0  37   3   0   0   0  0.51 0.35
   69 K     0   2   1  -3  -2   2  -2  -4  -2  -2   0   5   0  -4  -4  -1  -1  -5  -2  -3    9  10   8   1   1   9   1   1   1   1  11  35   2   0   0   3   4   0   2   1  0.49 0.33
   70 G    -3  -5   2  -3  -6  -4  -5   7  -3  -5  -5  -4  -6  -5  -6  -1  -4  -6  -5  -6    1   1  10   1   0   1   1  78   1   1   2   1   0   0   0   3   1   0   0   0  1.84 0.70
   71 V    -4  -2  -5  -5  -5  -3  -4  -5  -5   4  -3   6  -2  -3  -5  -3  -3  -6  -5   3    0   1   0   0   0   1   0   1   0  27   0  45   1   1   0   1   1   0   0  21  1.20 0.57
   72 P    -3  -1  -3  -4  -5  -1  -3  -5  -4   0  -1   6  -2  -4   0  -2   3  -6  -2  -2    1   2   1   0   0   2   0   0   0   5   8  54   1   0   4   2  17   0   1   2  1.02 0.53
   73 V    -4  -6  -6  -6  -1  -6  -6  -6  -6   5  -2  -6   0  -3  -6  -5  -4  -6  -5   6    1   0   0   0   1   0   0   0   0  30   2   0   2   1   0   0   0   0   0  61  1.64 0.64
   74 S    -4  -5  -5  -6  -4  -5  -5  -6  -5   2   5  -5   4   2  -5  -2   0  -4  -3  -1    0   0   0   0   0   0   0   0   0   9  59   0  10   8   0   3   6   0   0   2  1.09 0.49
   75 L    -4  -5  -6  -6  -5  -5  -6  -6  -6   1   6  -6   2  -2  -5  -5  -5  -5  -5  -1    1   0   0   0   0   0   0   0   0   6  82   0   4   1   1   0   0   0   0   2  1.67 0.65
   76 S    -1  -5  -4  -4  -5  -2  -4  -4  -5  -6  -6  -4  -5  -6  -5   7  -3  -6  -6  -5    5   0   0   0   0   1   0   0   0   0   0   0   0   0   0  89   0   0   0   0  2.16 0.90
   77 I    -4  -5  -6  -6  -4  -5  -6  -6  -6   6   4  -5   2  -1  -6  -5  -3  -5  -4   0    1   0   0   0   0   0   0   0   0  41  43   0   4   2   0   0   1   0   0   5  1.29 0.55
   78 G    -2  -2  -4  -4  -6  -3  -6   7  -6  -7  -7  -5  -6  -4  -6  -4  -5  -6  -6  -6    2   2   0   1   0   1   0  89   0   0   1   0   0   1   0   0   0   0   0   0  2.28 0.84
   79 G    -2  -6  -5  -6  -6  -6  -6   8  -6  -7  -7  -6  -7  -7  -6  -4  -6  -6  -7  -7    2   0   0   0   0   0   0  94   0   0   0   0   0   0   0   1   0   0   0   0  2.55 0.93
   80 Y     4  -4  -3   0  -4   0   0   3  -4  -4  -4  -3  -3  -1   0  -1  -2  -3   1  -2   39   0   1   5   0   4   5  24   0   0   1   0   0   3   5   4   1   0   4   3  0.60 0.38
   81 G     1  -2  -2  -1  -3  -2  -3   2  -2  -1  -3  -1  -3  -3   0   2   3   0   0   1   13   2   1   2   0   1   1  16   1   3   1   3   0   1   5  13  22   2   3  10  0.29 0.25
   82 T     0  -2  -1  -2  -2  -3  -3   5  -3  -5  -4  -2  -2  -4  -1   1   1  -4   3  -4    6   2   2   2   1   1   1  47   0   0   1   2   1   0   3  10  10   0  10   1  0.79 0.42
   83 G     0   0   2   1  -4   1   1   1  -2  -4  -4   0  -2  -3  -1   3   1   0  -3  -3    7   4  12   9   0   5   7   9   1   0   1   4   1   1   3  24   9   1   0   2  0.31 0.24
   84 Y    -3  -4  -1  -5  -5   1  -3   0  -2  -3  -4  -5  -4  -1  -4  -1  -3  -3   8   0    2   1   3   1   0   7   2   8   1   1   1   0   0   1   1   5   1   0  60   6  1.57 0.69
   85 S    -1  -3  -1  -2  -4   0  -2   4   1  -3  -4  -2  -4  -2  -4   4   0   0   2  -4    3   1   2   1   0   4   2  29   3   1   1   2   0   2   0  32   6   1   7   1  0.62 0.40
   86 L    -4  -4  -6  -6  -5  -5  -4  -2  -5   1   5  -3   0   5  -6  -5  -4   1  -2   0    1   1   0   0   0   0   1   3   0   6  50   1   2  25   0   0   0   2   1   5  1.04 0.50
   87 P     1  -2   0   0  -1   0  -2  -2  -2  -4  -3   0  -3  -2   3   3   2   1  -2  -2   11   1   5   4   1   5   2   2   0   1   2   4   0   2  15  24  16   2   1   2  0.41 0.31
   88 S    -3  -4   1   1  -4  -4  -3  -1  -4  -5  -5  -4  -1  -5  -4   6   2  -6  -4  -5    1   1   7   8   0   0   1   5   0   0   1   0   2   0   0  61  11   0   1   0  1.21 0.64
   89 N     1   0   1   3  -3   0   1  -2  -2  -2  -3   0  -1  -3   2   2   0  -1  -3  -1   13   4   5  18   0   5   9   1   0   1   2   5   2   1   9  14   5   1   0   5  0.26 0.21
   90 R     3   0  -1   3  -4   2   2  -1  -2  -4  -4   0  -3  -4  -1   1   0  -5  -3  -3   24   5   3  16   0  11  12   3   0   1   1   4   0   0   2  12   4   0   1   1  0.41 0.29
   91 S     1  -3  -1   4   0   3   3  -3  -2  -4  -4  -2  -3  -5  -2   2   0  -5  -3  -2   12   0   2  27   2  13  16   1   1   0   1   2   1   0   1  13   5   0   1   3  0.58 0.37
   92 A     7  -5  -2  -4  -4  -4  -4   1  -5  -4  -5  -4  -5  -5  -3  -2  -2  -6  -5  -3   78   0   2   1   0   0   0  11   0   1   1   0   0   0   1   1   2   0   0   1  1.58 0.70
   93 L     0   2   0  -1  -2   2   2  -3  -2   0  -1   2  -2  -3  -2  -1   1  -4  -2   1    9  13   3   1   1   8  15   1   1   4   7  13   0   1   1   4   9   0   1  10  0.21 0.18
   94 D     1  -1   1   3  -4   3   1  -2  -1  -3  -3   0  -3  -3  -2   0   0   2   0  -3   14   2   8  17   0  15   7   2   1   1   3   6   0   1   2   7   6   3   3   1  0.29 0.23
   95 L     0  -4  -5  -4  -2  -4  -4  -2  -4   1   1  -4  -1   6  -4  -3  -2   0   0   3    9   0   0   1   1   0   1   4   0   7  13   0   1  33   1   2   2   1   2  23  0.71 0.36
   96 F     7  -5  -4  -4  -4  -4  -4   0  -3  -3  -5  -4  -4  -2  -4  -1  -4  -5  -5  -3   78   0   1   1   0   0   1   6   1   2   1   0   0   2   0   4   0   0   0   1  1.52 0.68
   97 D    -1  -2   2   5  -4   2   1  -3   1  -3  -3   0  -3  -2  -4  -1   1  -1  -2  -3    5   2  10  36   0  10   9   1   3   1   2   5   1   2   0   2   9   1   1   1  0.60 0.34
   98 H    -2  -2   3  -2  -4   0  -3  -3   2  -2  -1  -2  -1   3  -4  -2   2   1   6  -2    2   2  12   2   0   4   1   2   6   1   5   2   1  14   0   2  14   2  25   2  0.61 0.35
   99 L    -3  -5  -3  -5  -4  -2  -5  -5  -2   3   5  -5   1  -3  -5  -5  -4  -4  -4   1    1   0   1   0   0   2   0   1   1  17  62   0   3   0   0   1   0   0   0   9  1.13 0.49
  100 W    -6  -4  -6  -5  -6  -6  -6  -6  -1  -2  -4  -6  -5  -1  -6  -6  -6  12   2  -3    1   1   0   1   0   0   1   1   2   3   1   0   0   2   0   1   0  77   5   2  3.62 1.12
  101 N    -1  -3   6   3  -5  -1   0   1   0  -4  -5  -1  -4  -3  -4  -1  -2   2   0  -4    5   1  41  15   0   2   4  10   2   1   1   4   0   1   0   4   1   3   4   1  0.81 0.42
  102 S     3  -3   3  -1  -3  -3  -3  -3  -3  -2   1  -1   2  -2  -2   2   1  -4  -2  -2   22   1  18   3   0   0   1   1   0   1  15   3   6   1   2  13  10   0   1   2  0.36 0.29
  103 Y    -6  -6  -6  -7  -6  -6  -6  -7  -1  -4  -2  -6   0   8  -7  -6  -6   2   6  -3    0   0   0   0   0   0   0   0   1   0   4   0   2  66   0   0   0   2  21   1  2.27 0.82
  104 F    -3  -5  -4  -5  -5  -5  -5   5  -5  -3   4  -5   1   1  -4  -1  -4  -4  -4  -4    1   0   0   0   0   0   0  40   0   0  41   0   3   6   1   4   0   0   0   0  1.01 0.50
  105 G    -2  -4   1  -3  -5  -4  -1   5  -3  -6  -4  -3  -5  -6   5  -1  -3  -6  -3  -5    3   1   6   1   0   0   4  49   1   0   2   1   0   0  26   4   1   0   1   0  1.19 0.54
  106 G    -2  -3  -1  -1  -5   0  -3   6   0  -4  -5  -2  -5  -2   2  -1  -3  -5  -1  -2    1   2   2   3   0   4   1  58   2   1   1   2   0   2   9   5   1   0   3   3  1.00 0.49
  107 S    -1   1   1   1   0   2  -1   0   1  -4  -4   1  -3  -3  -1   3   2  -4  -1  -3    3   6   7   7   2  10   2   6   4   0   0   9   0   1   3  21  14   0   2   1  0.31 0.25
  108 K     0   1   2   2  -3   0  -1   2  -1  -3  -3  -1  -3  -4  -2   4   0  -4  -3  -3    7   9   8  10   0   4   3  14   1   1   3   3   1   0   1  30   4   0   1   1  0.37 0.26
  109 P     1  -1   1   0  -3  -1  -1  -1  -1  -3  -2   0  -2  -3   2   3   1   4   0  -3   12   2   8   5   0   1   2   4   1   1   3   5   0   1   9  28   7   5   3   1  0.32 0.24
  110 S     0  -2   0  -2  -4  -2  -2   2  -3  -4  -4  -2  -4  -3  -2   4   3   2  -2  -3    7   2   3   2   0   1   2  16   0   1   2   2   0   1   1  34  20   3   2   1  0.58 0.38
  111 V     0  -1  -1   0  -2  -1  -1   1  -1   0  -1  -1  -1  -1  -2   0   1  -2  -1   3    9   2   3   6   1   2   4  13   2   3   5   4   1   2   1   7   8   0   3  24  0.10 0.10
  112 P    -1   0  -1   0  -3   0   0  -1   0   0  -1  -1  -1   1   4   0  -1  -2   1  -1    4   5   3   6   0   5   7   4   3   7   7   3   1   6  22   6   3   0   6   3  0.22 0.13
  113 R     1   7  -2  -3  -4  -1  -2  -2   0  -4  -3   0  -3  -4  -1  -1  -2   1  -3  -2   14  63   0   0   0   0   1   3   2   0   1   3   0   0   3   3   1   2   0   3  0.97 0.40
  114 P    -1  -4  -4   0  -4  -3  -3  -4  -4  -4  -2  -3  -4  -5   8  -1  -1  -5  -4  -4    3   0   0   5   0   0   0   1   0   0   6   0   0   0  75   3   3   0   0   0  1.88 0.55
  115 F    -2  -4  -4  -4  -3  -4  -4  -4  -3   1   2  -4   1   6  -4  -1  -1   2   1  -2    3   0   0   0   0   0   0   0   0   6  23   0   2  49   0   5   4   2   2   0  0.82 0.34
  116 G    -1  -2  -1   1  -4  -2  -2   5  -1  -1  -3   0  -3  -2  -3  -2  -1  -4  -2  -3    4   2   2   9   0   0   2  56   2   4   2   8   0   2   0   0   4   0   2   0  0.69 0.29
  117 D    -1  -1   2   5  -3  -1   0   0   3  -3  -4  -1  -3  -2   0   1   0   0  -1  -3    3   1   9  36   0   1   3   5  11   1   1   2   0   1   5   9   7   1   1   2  0.44 0.23
  118 A     4  -3  -1  -1   3  -3  -2  -1  -3   0  -2  -3  -2  -2   0   0   0  -4  -2   2   45   0   3   4   6   0   1   2   0   4   1   0   0   1   4   3   5   0   1  19  0.43 0.29
  119 W     0  -2  -2  -1  -3   1  -1  -3  -1   2  -1  -1  -1   1  -2   0   0  -1   0   4    7   1   1   5   0   7   3   1   1   9   2   2   1   6   1   6   5   1   3  39  0.24 0.20
  120 L    -1  -4  -4  -4  -3  -4  -4  -4  -4   3   4  -4   1   1  -4  -1  -2  -4  -2   3    3   0   0   0   0   0   0   0   0  15  42   0   2   4   0   7   0   0   0  26  0.62 0.30
  121 D    -4  -4   1   7  -5  -3  -1  -1  -4  -5  -5   0  -5  -5  -4  -2  -3  -6  -5  -2    0   0   6  75   0   0   2   3   0   0   0   6   0   0   0   2   0   0   0   4  1.56 0.56
  122 G    -3  -5  -4  -4  -5  -4  -5   7  -5  -6  -6  -4  -5  -5  -5  -3  -4  -5  -5  -5    1   0   0   1   0   0   1  91   0   0   1   1   0   0   1   1   1   0   0   1  2.22 0.69
  123 V    -3  -5  -5  -5  -4  -5  -5  -1  -5   5  -1  -5  -2   6  -5  -5  -4   3   0   3    2   0   0   0   0   0   0   5   0  28   2   0   0  30   0   0   0   3   3  24  1.04 0.46
  124 D    -5  -5   1   8  -6  -4   0  -5  -1  -1  -6  -4  -6  -6  -1  -4  -4  -7  -6  -6    0   0   6  75   0   0   5   0   2   5   0   0   0   0   4   0   0   0   0   0  1.93 0.74
  125 L    -5  -5  -5  -1  -5  -5  -5  -6  -4   1   2  -5   1   7  -2  -5  -4  -3   1   0    0   0   0   5   0   0   0   0   0   8  21   0   3  50   3   0   0   0   3   5  1.22 0.51
  126 F    -2  -3  -1   7  -6  -4  -1  -3   1  -2  -5  -4  -5   2  -5  -1  -3  -5   0  -2    3   2   2  61   0   0   3   2   4   2   0   0   0  10   0   4   1   0   3   3  1.27 0.56
  127 L    -2  -5  -1  -5  -4  -4  -3  -4  -5   6   2  -5   1   3  -3  -3  -1  -4  -3   1    2   0   4   0   0   0   2   1   0  48  14   0   3  12   1   2   3   0   0   5  0.84 0.40
  128 E    -2  -2  -2   1  -5   0   6  -2  -1  -1  -4  -3  -4  -5  -4  -1  -3  -5  -5  -2    3   2   2   7   0   3  62   4   1   5   2   0   0   0   0   4   1   0   0   3  1.10 0.54
  129 H     1   0   2   1  -3   0  -1   0   2  -2  -1   0  -1  -1  -1   1   1   0  -1  -1   12   5  10  10   0   4   2   5   7   2   5   6   1   2   2  10   8   2   2   6  0.09 0.09
  130 G    -1  -2   2  -1  -4   1   0   5  -1  -4  -4  -1  -4  -4   0  -1  -2  -1  -3  -3    3   1  11   3   0   6   6  46   1   1   2   4   0   0   5   4   2   1   1   1  0.67 0.34
  131 T     0  -1   0   0   0   0   0   2   0  -1  -1  -1   0   0  -1   1   0  -3   0  -1    6   3   5   6   3   4   7  17   3   4   4   3   3   4   3  11   7   0   4   4  0.07 0.10
  132 P    -1  -1   0   0  -4   1   0   1  -3  -1  -2  -1   0  -1   4   1   0   3   0  -2    4   3   4   6   0   6   6   9   0   3   4   3   3   3  19   9   7   4   3   3  0.23 0.23
  133 A     1  -2   4   0  -3  -1  -2  -1  -3  -2  -3  -1  -2  -2  -1   2   3  -4  -1  -1   11   2  20   5   0   2   2   5   0   1   2   2   1   2   3  14  21   0   2   6  0.36 0.30
  134 D    -1  -1   1   1  -4   3   0   2  -1  -2   0   1   1  -2  -1   0  -1  -4  -3  -2    2   3   5  10   0  15   6  18   1   1  10   7   5   1   2   7   4   0   0   2  0.21 0.22
  135 R    -1  -1   3  -3  -4   0  -1   1   6  -4  -3  -1  -3   2  -2  -1  -2   0   5  -2    5   3  14   1   0   5   3  10  18   1   2   3   0   7   2   4   1   1  18   3  0.53 0.36
  136 Y    -3  -4  -5  -6  -5  -5  -3  -3   1  -3  -1  -5   2   1   0  -3  -1   8   8  -4    2   1   0   0   0   0   1   2   3   1   6   0   4   5   5   1   4  17  45   0  1.49 0.75
  137 D     1  -3  -1   4  -4  -1   0   0  -3   0  -2  -2  -3   2   1   0  -1  -1   2   0   14   1   3  25   0   3   4   6   0   5   2   1   0   9   6   5   2   1   6   7  0.27 0.26
  138 V     3  -2  -1   3  -3   0   2  -2  -1  -2  -2  -1  -3  -3   1  -1   0  -4   0   0   26   2   2  17   0   3  12   2   1   2   3   3   0   1   6   2   6   0   4   8  0.28 0.28
  139 L    -1  -4  -2  -5  -4  -2  -5  -5  -2   0   4  -3   4   5  -3  -2  -1  -3   0  -2    6   1   2   0   0   2   0   0   1   3  42   2  10  22   1   2   3   0   3   0  0.77 0.49
  140 A     5  -3  -5  -5  -1  -2  -2  -1  -5   2  -2  -2   3  -3  -4  -2  -2  -5  -4   2   50   1   0   0   1   1   2   4   0  10   2   2   7   1   0   2   1   0   0  14  0.76 0.54
  141 L    -1   3   3  -1  -4   1  -1  -3  -2  -1   0   1   0  -2  -1   0   1  -4  -2  -1    5  20  15   2   0   5   3   1   1   4  10  10   2   2   3   5   9   0   1   3  0.24 0.24
  142 E     1   4   0  -1  -4   2   1  -4   1  -3  -2   1  -2   0  -4  -1   0   1   1  -2   12  24   4   3   0   8  10   0   3   1   3   8   1   3   0   4   5   2   6   3  0.31 0.29
  143 L    -3  -1  -4  -3  -4  -3  -5  -6  -3   1   5  -1   0  -1  -4  -1   0  -5  -4  -2    1   4   1   1   0   1   0   0   1   7  64   3   2   2   1   5   5   0   0   1  0.90 0.56
  144 A     0   4   0  -1  -3  -1  -2  -2  -1  -2   1   3  -1   0  -3   0  -2   0   0  -2    8  23   4   2   0   2   1   2   1   1  14  18   2   4   1   8   2   1   3   1  0.29 0.24
  145 K     0   4   0  -1  -4   0   0   0  -2  -2  -2   1   3  -3  -3   1  -1  -2  -2  -3    9  25   4   3   0   4   6   8   0   3   4   7   9   0   0  14   3   1   1   1  0.31 0.28
  146 H    -1   1  -1   2  -3  -1  -1  -3   4  -1   0  -1  -1   1  -2   1   0  -2   4  -2    4   7   2  11   0   3   3   1  12   3   8   2   1   5   1  11   4   0  17   3  0.28 0.24
  147 N     0  -1   3   0  -2  -1  -1  -1  -1  -2   1  -1  -1   0  -2   2   0  -2   0  -2    8   3  17   6   1   2   3   5   1   2  15   4   2   4   2  16   5   1   3   2  0.15 0.18
  148 I     0   0  -1  -2  -3   0  -1  -2  -1  -1   0   1   2   4  -1   0   0   1   1  -1    8   4   2   2   0   5   3   3   1   3  10  10   6  19   2   7   5   2   5   2  0.15 0.15
  149 R     2   1   0   1  -2   1   0   0  -1  -2  -2   0  -1   1  -1   1   1   0   0  -2   22   7   4   8   0   6   4   6   1   1   3   4   2   7   2   8   8   1   3   2  0.12 0.14
  150 G     2   0   0   0  -2   1   0   0  -1  -2  -2   1  -1  -2  -1   1   0  -1   0  -1   16   6   4   4   0   7   6   7   1   2   3  10   1   2   3  14   7   1   4   3  0.12 0.13
  151 G     0   1   0   4  -3   0   0   1  -1  -3  -3   0  -3  -2  -1   1   0  -3  -1  -2    8   7   4  23   0   3   4  13   1   1   2   5   0   2   2  13   6   0   2   3  0.28 0.22
  152 P     1  -1  -1   0  -1   0  -1   2   0  -2  -2   0  -2  -2   2   1   1  -3  -2  -2   13   2   3   6   1   4   2  16   2   2   4   5   1   2  12  12  11   0   1   2  0.20 0.17
  153 G    -1   1   0   0  -4   0  -1   3  -3  -4  -4   0  -2  -3  -1   4   0  -4  -3  -3    3   7   5   5   0   4   3  25   0   1   2   4   1   1   3  30   5   0   1   1  0.47 0.33
  154 K    -3   4   0  -3  -4  -1  -3  -3   1  -2  -4   6  -4  -5  -3  -1  -1  -5  -3  -3    2  17   4   1   0   2   1   2   3   2   1  53   0   0   1   3   3   0   1   2  1.07 0.55
  155 P    -1   1  -1  -1  -5   2  -1   0  -1  -4  -4   4  -3  -5   2   0   1  -5  -2  -4    3   8   2   3   0   9   3   7   2   1   1  30   0   0  11   6  11   0   2   1  0.48 0.35
  156 L    -4  -3  -6  -5  -2  -5  -6  -6  -4   0   0  -4   1   4  -4  -3  -5  -1   7   4    0   1   0   1   1   0   0   0   0   4   7   1   3  14   1   2   0   1  38  27  1.27 0.65
  157 H    -4  -1  -6  -6  -5  -1  -5  -7   2   0   1  -4   1   2  -5  -4  -3  -1   8  -2    1   3   0   0   0   3   1   0   4   6  15   1   3   6   0   1   1   1  51   3  1.42 0.70
  158 L    -4  -6  -7  -7  -5  -6  -6  -7  -6   4   5  -6   0  -2  -6  -5  -4  -2  -2   0    1   0   0   0   0   0   0   0   0  25  62   0   1   1   0   1   1   0   1   5  1.42 0.67
  159 T    -1  -5  -4  -3  -3  -5  -5  -2  -6  -5  -6  -4  -5  -6  -5   4   6  -7  -6  -5    6   0   0   1   0   0   0   3   0   0   0   1   0   0   0  33  55   0   0   0  1.59 0.85
  160 A     7  -6  -5  -6  -5  -5  -5   2  -6  -6  -5  -5  -5  -6  -5  -1  -3  -7  -6  -3   77   0   0   0   0   0   0  14   0   0   1   0   0   0   0   4   1   0   0   2  1.75 0.87
  161 T     6  -5  -5  -5  -5  -5  -4  -4  -6  -5  -6  -5  -5  -6  -5   0   3  -7  -6  -3   74   0   0   0   0   0   1   1   0   0   0   0   0   0   0   6  15   0   0   1  1.67 0.86
  162 V    -4  -7  -7  -6  -7  -6  -6  -7  -7  -7  -6  -6  -7  -4   9  -5  -3  -8  -7  -2    2   0   0   0   0   0   0   0   0   0   1   0   0   1  89   1   2   0   0   4  2.98 1.22
  163 R    -3   2  -4  -5  -7   8  -1  -4  -3  -7  -5  -3  -5  -7  -3  -3  -4  -6  -6  -6    2  10   1   0   0  75   3   1   0   0   1   1   0   0   2   2   1   0   0   0  2.21 1.04
  164 C    -6  -8  -7  -8  12  -7  -8  -7  -7  -6  -6  -7  -6  -7  -7  -5  -4  -7  -4  -6    0   0   0   0  94   0   0   0   0   0   0   0   0   0   0   1   1   0   1   0  4.27 1.45
  165 G    -1  -3  -5  -5  -6  -4  -3  -3  -3   0  -4  -4  -1  -3   7  -1  -3  -6  -5   2    6   1   0   0   0   1   1   2   1   6   1   1   1   2  59   4   1   0   0  12  1.50 0.72
  166 Y    -5  -2  -5  -3  -4  -5  -5  -6  -3   1  -1  -5  -1   7  -5  -4  -1  -3   6  -1    0   2   0   2   0   0   0   0   0   9   6   0   2  37   1   1   4   0  30   4  1.36 0.65
  167 P    -4  -6  -3  -1  -7  -3  -3  -4  -6  -5  -4  -4  -4  -7   8  -2  -3  -7  -7  -4    1   0   2   3   0   1   1   2   0   1   2   1   1   0  80   3   2   0   0   1  2.39 1.02
  168 P    -3  -5  -1   8  -6  -3  -3  -4  -5  -6  -5  -4  -6  -4   0  -3  -3  -6  -6  -6    3   0   2  79   0   1   1   1   0   0   1   0   0   1   5   2   2   0   0   1  2.08 0.87
  169 A     2   0   0   1  -2   1   2  -1  -1  -1  -1  -1  -1  -1  -1   0  -1  -1  -1   0   24   4   3   8   1   7  14   4   1   2   5   3   1   2   3   4   4   1   3   6  0.14 0.11
  170 A     3   0   0  -3  -1  -2  -3  -1   0  -2  -3  -1  -3  -2   2   2  -1   3   2  -2   30   6   5   1   1   1   1   3   2   2   2   3   0   1  10  16   3   4   7   3  0.38 0.30
  171 H    -3   1   2   2  -3   1  -1  -3   3  -1   0  -1   0   2  -2  -1  -2   4   3  -2    1   9  12  11   0   6   3   2   8   3   8   2   2   8   2   3   1   6  10   3  0.27 0.21
  172 V    -2  -4  -1  -1  -3  -1  -3   0  -4   0   4  -2   5  -2  -1  -3  -2  -4  -4   1    3   0   3   4   0   4   1   7   0   4  38   3  15   1   4   2   1   0   0  10  0.48 0.34
  173 G     0  -2   0   2  -4   1   0   4  -2  -4  -2   1  -1  -2   0   0  -1   0  -4  -3    5   1   4  11   0   6   6  33   1   0   4   9   2   2   4   7   3   1   0   1  0.41 0.30
  174 R     1   0   1   2  -3   0   1   0  -1  -2  -2   0   1  -1   1   0   1  -4  -2  -1   15   4   6  13   0   3   8   7   1   1   3   6   5   2   6   7   8   0   1   4  0.14 0.15
  175 A     5  -4  -5  -5  -4  -3  -4  -3  -5   2   2  -4   2  -3  -2  -2  -1  -5  -3   1   43   1   0   0   0   1   1   1   0   9  19   0   6   1   2   2   3   0   1  10  0.67 0.45
  176 L    -3  -4  -1  -2   0  -3  -4  -6  -5   5   4  -3   0  -2  -2  -2  -3  -3   0  -1    2   1   3   2   2   1   1   0   0  31  41   1   1   1   2   3   1   0   3   2  0.79 0.46
  177 A     1   0   2   1  -3   2   0   1  -1  -2  -3   1  -1  -3  -3   2   0  -4  -3  -3   14   4  12   8   0  10   4  12   1   3   3   7   1   1   0  13   4   0   1   1  0.24 0.22
  178 T     1  -3   2  -1  -3   1  -1   0  -3  -3  -3   0  -3  -5  -1   1   5  -5  -4  -2   10   1  11   3   0   5   4   6   1   1   2   5   0   0   3   7  38   0   0   2  0.57 0.41
  179 G     2  -3  -2  -3  -2  -3  -3   4  -4  -2  -4  -2  -4  -3  -4   1  -2   0  -2   3   17   1   1   1   1   1   1  36   0   1   1   2   0   1   0  12   1   1   1  20  0.67 0.43
  180 I     0  -2  -3  -1  -1   1  -1  -2  -1   0   3  -1  -1  -1   1   0  -1   2   0   0    7   1   1   4   1   6   3   3   2   5  34   4   0   1   7   6   2   2   4   6  0.18 0.20
  181 F    -4  -7  -7  -7  -2  -7  -7  -6  -6   0   0  -7   0   9  -5  -6  -6  -4   0   0    1   0   0   0   1   0   0   1   0   5   7   0   2  73   1   0   0   0   2   5  2.15 0.88
  182 E    -4  -3  -1   8  -7  -4   1  -3  -1  -7  -7  -5  -7  -7  -6  -2  -3  -8  -7  -7    1   2   2  79   0   0   7   2   1   0   0   0   0   0   0   2   2   0   0   0  2.21 0.95
  183 R     2   3  -2  -4  -2  -3  -4  -5   1  -1  -2  -2   1   5  -5  -2  -4   2   6  -4   19  14   2   1   1   1   1   0   3   3   3   1   3  20   0   2   0   2  23   0  0.78 0.47
  184 V    -1  -6  -3  -6  -4  -5  -6  -6  -6   5   2  -5  -1  -2  -5  -5  -3  -5  -4   5    5   0   1   0   0   0   0   0   0  27  19   0   1   1   0   0   1   0   0  42  1.14 0.56
  185 H    -4  -4  -2  -6  -6  -2  -6  -5   5  -5  -3  -6   1   6  -6  -2  -5   9   4  -5    1   1   3   0   0   2   0   1  12   0   2   0   3  29   0   3   0  31  10   0  1.88 0.78
  186 V    -4  -6  -6  -6  -1  -6  -6  -5  -6   4  -3  -6  -2  -5  -4  -5  -3  -6  -5   7    1   0   0   0   1   0   0   1   0  24   1   0   1   0   1   0   1   0   0  67  1.74 0.76
  187 R    -5   3  -3  -5  -7   8  -1  -6  -1  -7  -5  -1  -4  -7  -6  -4  -5  -6  -6  -6    0  13   1   0   0  76   2   0   1   0   1   3   0   0   0   1   0   0   0   0  2.31 1.03
  188 T    -6  -7  -7  -7  -7  -6  -6  -7  -4  -3  -2  -6  -1   9  -7  -5  -4  -1   0  -4    0   0   0   0   0   0   1   0   0   1   3   1   1  85   0   1   1   1   2   1  2.71 1.02
  189 Y    -6  -6  -6  -4  -3  -6  -6  -4  -3  -6  -6  -6  -6   2  -7  -6  -3  -3  10  -6    0   0   0   1   1   0   0   2   0   0   0   0   0   8   0   0   2   0  84   0  3.01 1.14
  190 E    -6  -5   8   1  -7  -5  -2   0  -3  -7  -7  -4  -6  -7  -6  -2  -3  -7  -3  -7    0   0  76   8   0   0   3   7   0   0   0   1   0   0   0   2   1   0   1   0  2.20 0.93
  191 S    -3  -5   8   2  -6  -4  -3  -3  -4  -7  -7  -5  -4  -2  -6   0   0  -7  -4  -6    2   0  69  10   0   0   1   2   0   0   0   0   0   2   0   5   7   0   1   0  1.89 0.84
  192 D    -2  -3   0   3   0  -3  -2   0  -2  -5  -4  -3  -3  -3   6  -2  -3  -1   3  -5    4   1   5  15   2   1   3   8   1   0   2   1   1   1  38   2   1   1  12   1  0.93 0.51
  193 K    -1   0   1   1   6   2  -1   1  -2  -4  -3  -1  -3  -5   3   0  -2  -2  -1  -2    5   5   7   7  18  10   4   9   1   1   2   4   0   0  14   8   2   1   2   2  0.44 0.31
  194 W     0  -2  -2  -4   9   0  -4  -1  -2  -5  -4  -3  -5  -1  -1   1  -3   2   0  -3    6   2   2   1  47   5   1   6   1   0   1   1   0   2   3  12   1   3   4   1  1.42 0.64
  195 C     0  -3   2   1   6   1  -1  -3  -2  -2  -2  -2  -1  -2  -3   3   0  -5  -3  -1    9   1   9   7  15   5   4   1   1   2   3   2   1   2   1  27   6   0   1   5  0.44 0.32
  196 N     1  -3   3   1  -2   1  -2   3  -2  -2  -3  -2  -3  -3  -3   2   0  -4   1  -1   12   1  13   9   1   8   1  19   0   3   2   1   0   1   1  14   4   0   6   4  0.32 0.27
  197 Q     0  -1   3   0   0   1  -2   1  -1  -2  -3   0  -3   2  -1   0  -1   3   2  -2    8   4  15   6   2   7   1   9   1   2   2   5   0  11   3   5   4   4   9   2  0.22 0.21
  198 N     1  -2   5   1  -5   0  -2  -1  -1  -4  -4  -3  -3  -4   1   1   2  -5   0  -3   11   2  30   8   0   4   2   3   1   1   1   1   0   1   7   9  13   0   3   1  0.54 0.38
  199 L     1  -2   1   0  -2  -1  -1   2  -2  -2  -2  -1  -2   4  -1   1   0   2  -1  -2   12   2   7   5   1   2   3  14   0   1   4   3   1  19   3  12   6   3   2   2  0.22 0.21
  200 G     1  -2   4   2  -4  -2  -1   3  -2  -3  -3  -2  -4   1  -1   0  -2   1  -1  -3   15   2  20  10   0   1   3  20   0   1   2   2   0   7   3   7   2   2   2   1  0.40 0.30
  201 W    -3  -2   2  -1  -4  -2  -2  -3  -3   0   2  -2  -2   4  -4  -2   1   5   0   0    2   2  12   3   0   2   3   2   1   4  20   2   0  20   1   2   9   9   2   5  0.44 0.32
  202 E    -2  -1   0  -1  -4   0   1  -3  -1  -1   0   0   1   2  -2  -2  -2   8   2  -2    3   4   4   3   0   5  10   2   1   3   8   7   4   9   2   2   2  19   6   3  0.49 0.31
  203 G     1  -2   3   5  -5   0   1   0  -2  -3  -3  -1  -4   1  -3   0  -2  -3  -1  -4   11   2  12  31   0   4   7   6   1   1   2   3   0   8   1   8   2   0   2   1  0.49 0.33
  204 S     3  -2   4  -1  -2   0  -1  -3  -1  -4  -5  -3  -4  -4  -4   3   2  -4  -2  -2   23   2  19   3   1   4   4   1   1   1   0   0   0   0   0  24  12   0   1   3  0.61 0.45
  205 W    -7  -8  -7  -9  -3  -7  -8  -8  -7  -7  -3  -8  -2   3  -8  -6  -7  12   2  -2    0   0   0   0   1   0   0   0   0   0   3   0   1   9   0   1   0  73   6   3  3.70 1.34
  206 D     2  -1   3   4  -5  -1   1  -2   0  -4  -3   2  -3  -5  -4   0  -3  -6  -4  -2   21   2  14  24   0   3   7   2   2   0   3  12   0   0   0   5   1   0   1   2  0.52 0.37
  207 K    -1   3   1   1  -6   3   0  -3  -2  -5  -5   4  -2  -5  -5  -1   0  -6  -4  -5    5  15   7   7   0  15   6   1   1   0   1  28   1   0   0   4   6   0   0   0  0.66 0.43
  208 W    -5  -8  -1  -6  -8  -4  -4  -8  -4  -6  -6  -5  -5  -1  -8  -3   1  12   0  -7    1   0   4   1   0   1   2   0   0   0   0   1   0   2   0   2   9  72   3   0  3.47 1.31
  209 T     2  -5  -1  -5  -4  -2  -2  -4  -5   1  -1  -3  -1  -4  -5   1   5  -4  -4   2   16   0   3   0   0   1   3   0   0   7   4   1   2   0   0  10  35   0   0  17  0.68 0.47
  210 A     3  -2  -3  -2  -5  -2  -2  -3  -3  -5  -4  -1  -3  -6  -4   6   1  -6  -6  -5   25   2   1   2   0   1   2   1   0   0   1   4   1   0   0  51   8   0   0   0  1.09 0.67
  211 A     2   0   0  -2  -3  -1  -2   0  -2  -2  -1   1  -2  -3   3   1  -1  -4  -1  -1   22   4   5   2   0   2   1   7   1   1   5  10   1   1  16  12   3   0   2   3  0.28 0.24
  212 Y    -3  -3   5  -3  -5  -3  -4  -3  -2   3  -1  -3  -2   0  -3   0  -1  -4   4   1    2   1  33   1   0   0   1   1   1  14   5   1   1   3   1   8   4   0  14   9  0.70 0.45
  213 P    -2  -1  -1  -3  -3  -1  -3  -2  -3  -6  -6   3  -6  -7   7   0  -1  -7  -6  -6    3   3   3   1   1   3   1   3   0   0   0  19   0   0  49   8   4   0   0   0  1.33 0.69
  214 A     3  -1   5   2  -5  -1  -1   1  -2  -3  -4  -1  -4  -4  -4   1  -1  -6  -5  -2   25   3  27  10   0   2   2  10   1   1   1   3   0   1   0   8   3   0   0   3  0.58 0.40
  215 T     2  -2   0  -2  -2  -2  -3   0  -2   0  -3   0  -1  -4  -2   1   2  -4  -4   3   21   1   4   2   1   1   0   8   1   6   0   5   1   0   2  12  13   0   0  20  0.33 0.30
  216 R    -4   3  -2  -3  -6   3  -2  -3  -1  -6  -4   7  -3  -6  -4  -1  -1  -3  -4  -5    1  13   1   1   0  10   1   2   1   0   2  57   1   0   1   4   3   0   1   0  1.27 0.66
  217 F    -4  -4  -6  -6  -5  -6  -6  -7  -6   5   3  -6  -1   2  -6  -5  -4  -2  -2   4    0   1   0   0   0   0   0   0   0  29  28   0   1   8   0   1   0   0   1  30  1.11 0.54
  218 Y    -6  -6  -7  -7  -4  -4  -7  -7  -2  -3   0  -5   0   8  -7  -6  -6  -1   7  -4    0   0   0   0   0   1   0   0   1   1  10   1   2  50   0   0   0   1  31   1  2.01 0.84
  219 V    -3  -4  -6  -7  -5  -6  -6  -6  -6   5   4  -6   2  -2  -6  -5  -4  -5  -3   3    1   1   0   0   0   0   0   1   0  27  40   0   5   1   0   0   0   0   1  22  1.15 0.56
  220 G    -4  -4  -5  -6  -7  -6  -6   7  -7  -8  -7  -5  -7  -7  -1  -5  -3  -7  -5  -7    1   1   0   0   0   0   0  89   0   0   1   1   0   0   4   0   1   0   1   0  2.38 0.98
  221 L     1  -6  -6  -6  -5  -5  -6  -6  -6   1   5  -5  -1  -2  -3  -4  -3   1  -4   3   14   0   0   0   0   0   0   0   0   8  54   0   1   1   1   1   2   2   0  17  0.99 0.54
  222 T     0  -4  -6  -6  -6  -4  -6  -4  -6  -4  -1  -5  -6  -7   8  -3   0  -7  -5   0    8   1   0   0   0   1   0   2   0   1   6   0   0   0  68   2   5   0   0   6  1.90 0.88
  223 A     6  -6  -4  -5  -5  -2  -5   2  -6  -4  -5  -5  -5  -6  -2  -1  -3  -7  -6  -4   72   0   0   0   0   2   0  15   0   1   1   0   0   0   2   4   1   0   0   1  1.55 0.79
  224 D     3  -3   1   0  -5  -3  -2  -1  -1  -4  -6  -3  -2  -3  -3   5  -1   0  -5  -4   19   1   6   5   0   1   2   4   1   1   0   1   1   1   1  49   3   1   0   1  0.86 0.56
  225 D     1  -1  -1   0  -5   0   2  -2  -2  -3  -4   0  -3  -5   5   1   0  -2  -3  -3   11   3   2   6   0   4  12   2   1   1   1   5   1   0  32  10   6   1   1   2  0.63 0.41
  226 K     2  -1   0   1  -4   1   1   2  -2  -4  -3   0  -2  -5  -2   1   1  -5  -3  -4   19   2   5   9   0   6  11  16   0   0   3   5   1   0   1  10  10   0   1   0  0.31 0.27
  227 S     6  -3  -2  -1  -5  -3  -4   1  -3  -3  -4  -1  -2  -6  -4   1  -1  -6  -5  -3   60   1   2   4   0   1   1  11   0   1   1   3   1   0   1   9   4   0   0   1  1.00 0.59
  228 H     4  -3   1   0  -5  -1  -2   1   1  -5  -5  -3  -5  -5  -3   4  -1  -6  -2  -2   29   1   5   4   0   3   2   9   3   0   0   1   0   0   1  34   3   0   2   3  0.68 0.48
  229 Q    -2  -4   0  -1  -3  -1  -4   7   0  -6  -7  -4  -5  -5  -4  -1  -3  -7  -2  -6    3   1   4   4   1   3   1  72   2   0   0   0   0   0   1   5   2   0   2   0  1.57 0.74
  230 W    -4  -7  -4  -4  -7  -5  -5   1  -2  -6  -4  -7  -1   4  -8  -3  -6   5   8  -5    1   0   1   1   0   0   1  10   0   0   1   0   1  17   0   2   0   7  56   0  2.00 0.90
  231 V    -2  -4  -4  -5  -5  -3  -6  -2  -4   5   1  -5   2  -1  -4  -4  -2  -3   3   4    2   1   1   0   0   1   0   3   0  29  12   0   4   1   1   1   2   0   9  33  0.83 0.47
  232 H    -1  -3  -1   3  -4  -2   0  -2   2  -3  -4  -3  -4  -1   5   1   1  -6  -1  -1    5   1   3  16   0   1   5   2   6   2   1   1   0   3  27  12   9   0   2   6  0.56 0.39
  233 P     3  -4  -3  -1  -5  -1  -3  -2  -2  -2  -3  -3  -3  -5   6   1   0  -6  -3   0   21   1   1   3   0   3   1   2   1   3   3   1   1   0  37  10   5   0   1   6  0.85 0.51
  234 K     1  -1   1   3  -4  -1   1   2  -1  -4  -3   2  -2  -3  -1   1  -1  -4  -3  -3   12   2   7  16   0   2   7  14   2   1   2  17   1   1   2  11   2   0   0   2  0.32 0.26
  235 N     1  -2   2   3  -4   0   2  -3  -2  -3  -4  -1  -3  -5  -2   1   2  -6  -3   2   12   1   8  16   0   4  12   1   1   1   1   3   0   0   2   9  14   0   0  14  0.36 0.32
  236 V    -1  -4  -5  -5  -3   0  -4  -5  -6  -1   5  -3   1  -2  -5  -4  -1  -5  -5   2    6   1   0   1   0   5   1   1   0   2  59   2   3   1   0   1   4   0   0  12  0.92 0.53
  237 Y     1   0   0  -3  -3  -1  -1  -2  -2   1   0   1   0  -1  -2  -1   1  -1   3   0   12   4   4   0   0   2   4   2   0   9  11  10   2   2   1   3  11   1  13   6  0.13 0.17
  238 Y    -1   0   1  -1  -4   1   0  -1  -2  -4  -4   1  -3  -2  -1   4   1  -4   4  -3    5   4   6   4   0   5   5   3   1   1   1   7   0   1   3  31   8   0  15   1  0.45 0.38
  239 G     0  -1   0   0  -3   3   0   0  -1   1   0   0  -2  -2  -1   0   0  -4  -1  -2   10   3   4   6   0  15   6   8   1   9  12   5   0   1   3   7   5   0   3   1  0.10 0.15
  240 V     1  -6  -6  -7  -4  -6  -6  -6  -6   4   1  -6   0  -2  -6  -4  -2  -6  -1   5   11   0   0   0   0   0   0   0   0  24  11   0   1   2   0   1   2   0   2  45  1.09 0.57
  241 A    -1  -2  -2  -3   0  -1  -2  -4  -3   3   4  -2   0  -1  -3  -2   0  -3  -2   1    5   1   2   2   2   3   3   1   0  16  39   3   2   2   1   3   5   0   1   8  0.41 0.29
  242 P    -1  -2   0   0  -2   3   1  -2  -4  -6  -6   0  -4  -6   6   1  -1  -6  -4  -4    5   1   5   5   1  12   7   3   0   0   0   5   0   0  38  10   4   0   1   1  0.90 0.54
  243 V     1  -2  -2  -1  -4  -1  -1  -3  -1  -1  -1  -1   0   2  -4   0   1   0   4   1   10   2   2   4   0   2   4   2   1   3   6   4   2   9   0   7   9   1  18  13  0.25 0.24
  244 A     1   0  -4  -5  -1  -2  -3  -4  -1   4   0  -2   1  -2  -4   0  -1  -4   0   3   10   5   0   0   1   2   1   0   1  27   6   3   4   1   0   7   3   0   3  23  0.45 0.32
  245 Q    -1   1   1  -2  -4   4  -1  -3  -1  -5  -3   5  -1  -4  -5   0  -2   1  -2  -4    4   7   6   2   0  17   3   2   1   0   2  40   2   1   0   6   2   2   1   1  0.77 0.50
  246 K    -2   0   2   0   1   1  -1   2  -1  -5  -3   3  -3  -5  -3   1   1  -5  -2  -4    2   5  11   5   3   6   3  15   1   0   2  23   0   0   1  12   7   0   2   0  0.41 0.33
  247 K     1  -1   0   0  -3  -1  -2  -4  -1  -3  -1   0  -2   3  -3   3   0  -2   3  -3   10   4   4   6   0   2   2   0   1   0   8   6   0  13   1  27   4   0  11   1  0.36 0.33
  248 D     1  -2  -2   1  -6  -3  -1  -2  -3  -6  -5  -1  -6  -6   6   4   0  -5  -5  -5   12   2   1   7   0   1   3   2   0   0   1   3   0   0  34  28   5   0   0   0  0.96 0.59
  249 N    -2  -2   6  -3  -4  -1  -2  -4   2  -4  -4   4  -3  -5  -5   3  -1  -7  -2  -5    3   2  34   0   0   2   2   1   4   1   1  22   1   0   0  23   4   0   1   1  0.96 0.59
  250 Y    -6  -8  -8  -9  -8  -8  -8  -8  -5  -2  -3  -8  -3   8  -9  -7  -7   0   8  -4    0   0   0   0   0   0   0   0   0   2   3   0   0  53   0   0   0   1  41   1  2.60 1.06
  251 G    -1  -8  -6  -4  -8  -7  -6   8  -7  -9  -9  -7  -8  -9  -7  -5  -7  -8  -8  -8    6   0   0   1   0   0   0  93   0   0   0   0   0   0   0   0   0   0   0   0  2.68 1.10
  252 G    -5  -8  -6  -7  -8  -7  -8   8  -7  -9  -9  -7  -8  -9  -8  -5  -7  -8  -8  -9    0   0   0   0   0   0   0  99   0   0   0   0   0   0   0   0   0   0   0   0  2.97 1.18
  253 I    -1  -6  -7  -7  -4  -6  -7  -5  -7   5  -1  -6  -2  -1  -7  -6  -4  -7  -5   6    4   0   0   0   0   0   0   1   0  26   5   0   1   2   0   0   0   0   0  59  1.57 0.72
  254 M    -1  -7  -6  -8  -7  -6  -7  -7  -7  -2  -3  -7  11  -6  -7   1  -4  -7  -6  -3    5   0   0   0   0   0   0   0   0   2   1   0  79   0   0   9   1   0   0   1  3.00 1.23
  255 L    -4  -6  -7  -7  -5  -6  -7  -7  -6   3   5  -6   4   1  -7  -6  -4  -5  -3   2    1   0   0   0   0   0   0   0   0  13  59   0  10   4   0   0   1   0   1  11  1.32 0.63
  256 W    -8  -8  -9  -6  -8  -8  -9  -8  -8  -8  -7  -9  -7  -2  -9  -5  -8  13   0  -9    0   0   0   1   0   0   0   0   0   0   0   0   0   1   0   1   0  93   3   0  4.96 1.68
  257 D    -3  -5   1   7  -7  -4   2  -5  -3  -7  -7  -5  -7  -7  -3   3  -4  -8  -5  -7    2   0   6  59   0   0  12   0   0   0   0   0   0   0   1  18   1   0   0   0  1.67 0.79
  258 R     5   5  -5  -5  -5  -3  -3  -3  -4  -4  -4   2  -1  -6  -5  -2  -4  -3  -3  -1   44  29   0   0   0   0   1   1   0   1   1  12   2   0   0   1   0   0   1   5  1.05 0.60
  259 Y    -1  -3  -4  -4  -5   0  -3  -1  -1  -5  -4  -4  -5   3  -5   4   2  -1   6  -4    4   1   0   1   0   4   1   5   1   0   1   0   0  12   0  28  12   1  28   1  0.94 0.57
  260 F    -1  -2   0  -5  -4   3  -2  -4   1  -4  -1  -4  -4   4  -6  -1  -2   4   7  -2    5   2   4   0   0  12   2   1   2   1   6   0   0  14   0   5   3   5  34   2  0.89 0.51
  261 D     3  -5  -2   7  -6  -3  -2  -1  -3  -5  -6  -4  -6  -3  -5   2  -4  -7  -6  -5   24   0   1  51   0   1   1   4   1   0   0   0   0   1   0  14   0   0   0   0  1.33 0.68
  262 K     0   0   0   3  -4   0   1  -1  -1  -2  -2   3  -2  -3  -3   0  -1  -1   0   1    8   4   4  20   0   4   8   3   2   2   2  19   1   1   0   5   3   1   4  10  0.25 0.22
  263 Q     0   1   4  -1  -5   4   0  -2  -1  -3  -2   2  -2  -4  -4   0  -1  -4  -4  -2    6   7  24   2   0  21   5   2   1   1   5  12   1   1   0   5   2   0   0   4  0.51 0.35
  264 T    -2  -4   6   0  -4  -3  -2  -2  -4  -3  -6  -4  -5  -5  -5   2   4  -6  -4  -3    3   1  43   5   0   1   2   3   0   1   0   0   0   0   0  16  22   0   0   2  1.13 0.62
  265 N    -4   0   4   0  -6  -1  -3   5   2  -6  -6  -1  -5  -6  -2   0  -1  -6  -4  -6    0   6  22   4   0   2   1  43   5   0   0   4   0   0   2   6   4   0   1   0  0.96 0.52
  266 Y    -6  -7  -4  -8  -4  -5  -7  -4  -2  -3  -6  -7  -6   4  -7  -7  -7   0   9  -5    0   0   1   0   0   0   0   2   0   2   0   0   0  16   0   0   0   1  76   0  2.79 1.08
  267 S    -1  -4  -1   1  -2   0  -3   1  -3   0   0  -3  -2  -5  -5   5   0  -6  -3  -3    5   0   3   7   1   5   0   9   0   5   9   0   1   0   0  49   5   0   1   1  0.68 0.49
  268 S     1   0   1   2  -4   1   0   1  -3  -4  -3   0  -4  -5  -3   4   0  -6  -5  -4   11   4   7  13   0   5   6   9   0   0   2   6   0   0   1  30   5   0   0   0  0.44 0.34
  269 L     2  -1  -1  -2  -4   2  -1  -1  -1   0  -2   1  -1  -2  -3   2   0   1   3  -2   21   2   3   1   0  10   3   3   1   5   3   9   1   1   0  16   6   2  11   2  0.25 0.26
  270 I    -3  -6  -6  -7  -4  -6  -6  -6  -7   7  -1  -4   3  -3  -6  -5  -4  -6  -5   4    2   0   0   0   0   0   0   1   0  59   4   1   6   0   0   0   0   0   0  26  1.58 0.67
  271 K    -5   2  -4  -5  -7   0  -3  -5  -1  -1  -6   7  -5  -7  -5  -2  -3  -7  -3  -6    0   8   0   0   0   4   1   0   1   3   0  78   0   0   0   2   1   0   1   0  1.88 0.82
  272 Y    -2  -2   4   0  -5   0  -1   2   1  -5  -5  -2  -4  -4  -2   4  -2  -1   3  -5    1   1  17   4   0   4   2  16   3   0   0   1   0   0   2  34   0   1  13   0  0.66 0.42
  273 Y    -3  -4  -4  -6  -5  -4  -4  -5   6  -4  -2  -5  -4   2  -6  -4  -4   8   7  -2    1   0   0   0   0   0   0   0  20   0   3   0   0   7   0   0   0  19  47   3  1.77 0.54
  274 A     5  -4  -4  -4  -3  -3  -3  -3  -4  -1  -2  -3  -2  -4  -3  -2  -2  -5  -4   5   57   0   0   0   0   0   0   0   0   0   0   0   0   0   0   0   0   0   0  43  0.98 0.39

                      K         Lambda
Standard Ungapped    0.1372     0.3187
Standard Gapped      0.0459     0.2670
PSI Ungapped         0.1502     0.3119
PSI Gapped           0.0459     0.2670
