
Last position-specific scoring matrix computed, weighted observed percentages rounded down, information per position, and relative weight of gapless real matches to pseudocounts
            A   R   N   D   C   Q   E   G   H   I   L   K   M   F   P   S   T   W   Y   V   A   R   N   D   C   Q   E   G   H   I   L   K   M   F   P   S   T   W   Y   V
    1 A     4  -3  -2  -3   2  -3  -3   3  -3  -4  -4  -3  -3  -4  -3   4  -1  -5  -4  -3   43   0   0   0   4   0   0  20   0   0   0   0   0   0   0  33   0   0   0   0  0.79 0.32
    2 S     0  -3  -1  -2  -4   2  -2   3  -3  -5  -5  -2  -4  -5  -1   4   3  -5  -4  -4    4   0   1   1   0  10   1  26   0   0   0   1   0   0   2  33  20   0   0   0  0.71 0.38
    3 L    -5  -5  -7  -7  -4  -4  -6  -7  -6   2   6  -6  -1  -2  -4  -6  -4  -5  -4  -1    0   0   0   0   0   0   0   0   0  10  87   0   0   1   1   0   0   0   0   1  1.59 0.59
    4 N    -1   3   4   3  -5  -1  -2   0   5  -5  -5   1  -4  -5  -3  -2  -3  -4  -2  -5    4  21  26  18   0   1   1   8  14   0   0   6   0   0   1   0   0   0   1   0  0.77 0.38
    5 D     3  -2  -1   3  -3   1   1  -1  -1  -3  -3   0  -3  -4  -2   1   2  -3   0  -2   26   1   2  19   0   7   9   2   1   0   2   5   0   0   1   7  12   0   4   2  0.33 0.24
    6 L     2  -1  -4  -4  -3  -2  -3  -3  -2  -1   4   1  -1  -2  -4  -1  -2  -2   0   0   24   2   0   0   0   1   0   0   1   2  45   9   0   1   0   3   1   0   4   5  0.46 0.31
    7 F     6  -3  -5  -5  -4  -4  -4  -2  -5   1  -3  -3   3   4  -4  -2  -3  -3  -2  -3   63   1   0   0   0   0   0   2   0   8   0   1   7  17   0   1   0   0   0   0  1.07 0.53
    8 V     1   1  -2   0  -4   1   0  -3  -1  -2  -2   4  -3  -4  -3  -2   0  -3  -3   2   15   5   1   5   0   6   5   1   1   1   2  35   0   0   0   1   5   0   0  17  0.42 0.29
    9 A     5   1  -2  -1  -2   0   0  -1  -2  -3  -2   1  -3  -4  -2   1  -1  -4  -4  -2   53   8   1   2   0   5   4   3   1   0   3   7   0   0   1   7   2   0   0   1  0.57 0.34
   10 A     3   2   0  -2  -3   1  -1  -1   3  -3  -3   3  -2  -4  -3   0  -1  -4  -3  -2   31  10   3   2   0   5   1   5   9   1   1  22   0   0   0   5   2   0   0   1  0.43 0.28
   11 G    -2  -3  -1  -3  -5  -3  -4   7  -3  -5  -5  -4  -5  -4  -3  -1  -3  -5  -1  -5    1   1   2   1   0   1   1  82   0   0   1   1   0   0   1   4   1   0   2   0  1.70 0.58
   12 K    -3   3  -2  -1  -5  -1  -2   0  -3  -2   0   5  -1  -3  -1  -2  -3  -5  -3  -2    1  18   2   3   0   1   0   8   0   2  12  46   1   1   3   1   0   0   0   2  0.66 0.37
   13 S    -2   2   0   0  -3   1   0  -2   2  -1   1   3  -1   0  -2  -1  -1  -3  -2  -1    2  13   3   6   0   6   4   2   6   3  19  21   1   4   1   3   2   0   0   4  0.18 0.15
   14 Y    -4  -3  -4  -5  -5  -4  -4  -5   3  -4  -2  -4  -3   3  -4  -4  -4   3   9  -4    1   1   0   0   0   1   1   1   7   1   4   0   0   9   1   1   1   4  67   1  1.90 0.63
   15 F    -4  -6  -6  -6  -5  -5  -4  -5  -4   3   0  -5   1   7  -6  -4  -4   3   1   0    0   0   0   0   0   0   1   1   0  19   6   0   3  57   0   0   1   4   2   6  1.41 0.54
   16 G    -3  -6  -4  -3  -6  -5  -4   7  -6  -8  -7  -5  -6  -7  -6  -4  -5  -6  -7  -6    1   0   0   1   0   0   1  96   0   0   0   0   0   0   0   0   0   0   0   0  2.40 0.79
   17 T     2  -4  -1  -4  -3  -1  -3  -4  -3  -2  -3  -3  -1  -1  -4   1   5  -5  -4   2   18   0   2   0   0   2   1   0   0   1   0   0   1   3   0  11  45   0   0  13  0.76 0.44
   18 C     6  -5  -5  -2   4  -4  -2  -2  -5  -2  -5  -4  -3  -3  -3   0  -3  -6  -5  -3   77   0   0   2   8   0   2   1   0   3   0   0   0   1   1   4   0   0   0   0  1.38 0.62
   19 S     1  -4  -4  -4  -3  -4  -4  -2  -4   2   0  -3  -1  -1  -4  -1   4  -4   0   4   11   0   0   0   0   0   0   2   0  10   9   1   1   2   0   3  29   0   3  29  0.53 0.33
   20 D     1  -2   3   6  -5  -1   0  -1  -2  -4  -4  -3  -4  -5   0  -1  -1  -5  -5  -4   13   2  12  49   0   2   3   3   1   1   1   0   0   0   4   4   4   0   0   1  0.86 0.40
   21 Q     0  -1   3   0  -3   2   0  -1  -1  -2  -2  -1   0  -3   2   1   1  -4  -1  -1    9   2  17   5   0  14   3   4   1   2   2   2   2   0   9  13   9   0   3   3  0.24 0.19
   22 A     0  -1   2   0  -4  -1  -1   3  -1  -4  -4  -1  -3  -3   4   1   0  -2   0  -2    7   4  13   4   0   1   2  21   1   0   1   2   0   1  21   9   7   1   4   2  0.43 0.24
   23 L    -1   2   0   0  -2   0   2  -1   1  -1   0   0  -1   1  -2  -1   1   0   0  -1    5  14   3   4   1   4  17   4   4   3  11   5   1   7   1   3   9   1   2   3  0.10 0.11
   24 L    -2  -1  -4  -4  -4  -1  -4  -5  -4   1   5  -3   2   2  -4  -4  -1   0  -2  -1    3   4   0   1   0   2   0   0   0   6  59   1   4   9   1   0   5   1   1   3  0.71 0.36
   25 Q    -1   0   4   0  -4   0  -1   1   0  -4  -3  -1  -2  -3  -3   2   3  -4  -1  -3    3   4  25   5   0   4   3  10   2   0   1   2   1   1   0  17  18   0   2   1  0.43 0.28
   26 N    -2  -2   3   6  -5  -1   1  -2  -1  -2  -4  -1  -4  -5  -3  -1  -2  -6  -3  -4    2   2  16  53   0   2   8   2   1   3   1   2   0   0   1   4   2   0   1   1  1.03 0.43
   27 S     2  -1   0  -1  -3   0   0   1  -3  -4  -4  -1  -3  -4   3   2   2  -4  -2  -3   18   2   3   3   0   3   5  11   0   0   0   3   0   0  16  19  13   0   1   1  0.39 0.25
   28 Q     2   0  -1   0  -3   3   1  -1  -2  -2  -3   1  -3  -3   1   0   2  -4  -1  -2   21   4   2   3   0  15   9   4   0   1   1   8   0   0   7   4  16   0   2   3  0.27 0.22
   29 N    -2  -3   2  -2  -5  -2   0  -4  -1  -3  -2  -4  -3   1  -5  -2  -1   0   8  -3    2   1  12   3   0   1   5   1   1   1   3   0   1   4   0   3   3   1  57   1  1.27 0.53
   30 E     2   2   0  -1  -2   0  -1  -1  -2  -1  -1   0   2  -2  -2   0   2  -2  -1   0   19  12   3   4   0   5   3   3   0   1   6   4   6   1   1   5  18   0   1   8  0.14 0.16
   31 A     3   0   2   1  -3   1   1   0  -2  -3  -3   1  -3  -4  -1   1   1  -4  -3  -2   29   4   9   7   0   6  11   6   0   0   1   9   0   0   3   7   8   0   0   1  0.29 0.21
   32 I    -2  -4  -5  -5  -4  -3  -4  -5  -5   6   2  -4  -1  -1  -5  -4   0  -5  -2   3    2   0   0   0   0   1   1   0   0  54  15   1   0   2   0   0   6   0   1  15  0.95 0.41
   33 V     2  -4  -5  -5  -3  -4  -4  -4  -4   4   4  -4   1  -1  -4  -3  -1  -1  -2   2   17   0   0   0   0   0   0   0   0  23  42   0   2   1   0   1   2   1   1  10  0.65 0.33
   34 A     1   1   2   1  -2   1   0   0  -1  -2  -2   3  -2  -4  -2   1   1  -4  -2  -2   14   6   9   6   0   6   3   8   1   2   2  20   0   0   0  12   8   0   1   2  0.23 0.17
   35 S     2   3   2   0  -4   1   0  -1  -1  -4  -4   1  -3  -4  -2   1   1  -4  -3  -3   19  22  12   5   0   4   4   4   1   0   0   7   0   0   1  12   9   0   0   0  0.38 0.24
   36 Q    -4  -2   2   3  -6   3   5  -4   3  -4  -5  -2   0  -5  -4  -2  -2  -5  -3  -5    0   0  10  14   0  14  45   1   8   1   0   0   3   0   0   1   1   0   1   0  0.99 0.46
   37 F    -4  -6  -6  -7  -4  -7  -7  -4  -3  -3  -3  -7  -3   9  -7  -4  -6  -2   1  -3    1   0   0   0   0   0   0   1   0   0   0   0   0  90   0   1   0   0   3   1  2.60 0.81
   38 G    -2  -4   5   1  -5  -3  -2   5  -3  -6  -6  -3  -5  -6  -4   1  -1  -6  -5  -4    1   0  28   6   0   0   1  48   0   0   0   1   0   0   0   9   4   0   0   1  1.12 0.47
   39 V     0  -2  -3  -3  -2   5  -1  -2  -3  -1  -2  -2   4  -4  -4   3  -1  -3  -2  -2    6   1   0   0   1  35   1   2   0   4   4   1  11   0   0  27   3   0   1   3  0.69 0.43
   40 I    -2  -5  -4  -5  -3  -4  -5  -5  -5   4   2  -4   1   0  -4  -4  -1  -3  -1   4    2   0   0   0   0   0   0   0   0  29  21   0   3   3   1   0   3   0   2  36  0.79 0.35
   41 T    -3  -5  -4  -5  -4  -4  -4  -5  -3  -4  -5  -4  -2  -6  -5  -1   8  -2  -5   0    0   0   0   0   0   0   0   0   1   0   0   0   1   0   0   3  87   1   0   7  1.97 0.76
   42 P     2  -5  -4  -5   1  -5  -4  -5  -2  -5  -6  -4  -5  -7   8  -3  -4  -7  -4  -4   19   0   1   0   3   0   0   0   1   0   0   0   0   0  74   1   0   0   0   1  2.17 0.73
   43 E     0  -3  -3  -2  -6  -2   7   2  -4  -5  -4  -2  -5  -6  -4  -2  -2  -6  -5  -4    9   0   0   0   0   0  70  15   0   0   1   0   0   0   0   1   2   0   0   0  1.36 0.59
   44 N    -5  -4   9  -2  -7  -4  -4  -4  -2  -7  -7  -4  -6  -7  -6  -3  -2  -7  -2  -7    0   0  95   0   0   0   0   0   0   0   0   0   0   0   0   0   2   0   2   0  2.66 0.88
   45 S     2  -2  -1  -1  -2   0   3   1  -1  -2  -4  -2  -3  -4  -3   4   0  -5  -3   0   17   1   1   3   1   4  20   9   1   1   0   0   0   0   0  32   3   0   1   7  0.43 0.30
   46 M    -3  -5  -6  -6  -4   2  -5  -4  -5  -3   1  -4  10  -3  -6  -5  -4   0  -5  -3    2   0   0   0   0  11   0   1   0   0  10   0  73   0   0   0   0   1   0   0  2.23 0.81
   47 K    -4  -1  -2  -4  -7  -2  -2  -5  -4  -6  -6   8  -5  -7  -5  -4  -4  -7  -6  -6    0   0   1   0   0   1   1   0   0   0   0  96   0   0   0   0   0   0   0   0  2.34 0.82
   48 W    -6  -6  -5  -7  -5  -6  -6  -6  -6  -2  -4  -6   2   2  -2  -4  -6  12  -1  -4    0   0   1   0   0   0   0   0   0   3   1   0   6   9   3   1   0  74   0   1  3.33 0.93
   49 D    -1  -3  -2   6  -5   1   3   0  -3  -4  -3  -2   0  -3  -4  -1  -3  -5  -2  -4    5   0   0  49   0   6  20   7   0   0   2   1   3   1   0   3   0   0   1   1  0.91 0.42
   50 A     4  -2  -1  -3  -3  -2  -2  -3  -1  -3  -2  -2  -3   1   0   2   1  -3   2  -1   41   1   2   1   0   1   2   0   2   1   4   0   0   7   5  15  10   0   7   3  0.42 0.29
   51 L    -3  -4  -4  -4  -4  -4  -4  -5  -5   4   1  -4  -1  -3  -4  -2   5  -5  -4   2    0   0   0   0   0   0   0   0   0  25  15   0   0   0   0   1  45   0   0  12  0.92 0.45
   52 E    -4   0  -2  -2  -6   3   7  -4   4  -6  -5  -2  -5  -6  -4  -3  -4  -6  -4  -6    0   3   1   0   0  13  69   1  11   0   0   0   0   0   0   0   0   0   0   0  1.60 0.64
   53 P    -2  -2  -4  -5  -6  -4  -4  -3  -5  -6  -6  -1  -6  -7   8  -2  -3  -7  -5  -6    2   2   1   0   0   0   0   2   0   0   0   3   0   0  84   3   1   0   0   0  2.47 0.78
   54 S    -1  -1   2  -1  -4   2   3  -2  -2  -4  -3  -1  -3  -4  -3   4   2  -5  -3  -2    4   2  10   1   0  11  19   2   0   0   1   3   0   0   0  31  12   0   1   2  0.50 0.32
   55 Q    -3   5  -2  -3  -6   5   1  -5  -3  -4  -3   0  -4  -3   2  -2  -3  -1  -3  -5    1  36   1   0   0  33   9   0   0   1   2   3   0   1  10   2   0   1   0   0  1.03 0.48
   56 G    -3  -4   4   1  -5  -4  -3   6  -3  -6  -6  -3  -5  -5  -5  -3  -3  -6  -3  -6    0   0  22   9   0   0   1  64   1   0   0   1   0   0   0   0   1   0   1   0  1.46 0.55
   57 N    -2   1   2  -2  -4   4   0  -2  -2  -2  -2   0  -2  -2  -3   1   2  -4  -3   2    0   8  10   1   0  21   5   2   0   1   1   4   1   1   0  10  15   0   0  18  0.34 0.27
   58 F    -5  -6  -6  -7  -6  -6  -6  -6  -3  -4  -2  -6  -4   8  -7  -6  -5   2   5  -4    0   0   0   0   0   0   0   0   0   0   2   0   0  74   0   0   0   2  20   0  2.35 0.74
   59 G    -3  -2   6   3  -4  -2  -2  -2   0  -5  -4  -2  -4  -3  -4   2   3  -6  -4  -3    1   1  40  16   0   1   1   2   2   0   1   1   0   1   0  12  21   0   0   1  0.92 0.44
   60 W    -5  -6  -6  -7  -6  -6  -6  -6  -4  -4  -2  -6  -4   8  -7  -5  -5   7   4  -4    0   0   0   0   0   0   0   0   0   0   3   0   0  65   0   1   0  16  14   0  2.23 0.71
   61 S     2  -2   0   1  -3  -1   1   2  -3  -4  -4  -1  -3  -4  -2   2   3  -4  -3  -3   16   1   5   7   0   1   8  19   0   0   0   3   0   0   1  17  22   0   1   0  0.42 0.27
   62 G     1  -1   2   2  -3   1   0   3  -2  -2  -3   0  -2  -4   1   0  -1  -4  -2  -3   11   2  11  11   0   9   6  22   0   3   2   4   1   0   7   7   3   0   1   1  0.28 0.18
   63 A     5  -4  -3  -4  -3  -4  -4   4  -3  -4  -4  -3  -3  -2  -1   0  -2  -5  -4  -3   52   0   0   0   0   0   0  30   0   0   1   0   0   2   3   6   2   0   0   1  0.95 0.45
   64 D    -5  -5   1   8  -7  -3  -1  -5  -4  -7  -7  -4  -4  -7  -5  -4  -4  -7  -5  -6    0   0   5  90   0   1   2   0   0   0   0   0   1   0   0   0   0   0   0   0  2.38 0.78
   65 Y     2   2  -1  -2  -3   3   1  -3  -1   0  -3   1  -2  -1  -2   0   0  -2   2   0   20  12   1   1   0  19   8   0   1   5   0   6   0   1   1   4   4   0   9   6  0.27 0.22
   66 L    -2  -4  -4  -4  -3  -4  -5  -5   1   5   3  -4   0   0  -5  -4  -1  -4  -1   3    1   0   0   1   0   0   0   0   3  36  30   0   2   4   0   0   3   0   2  17  0.74 0.34
   67 V     2  -3  -5  -3  -3  -4  -4  -5  -4   1  -1  -4   2  -3  -2  -3  -1  -5  -1   6   15   1   0   1   0   0   0   0   0   5   4   0   5   0   2   1   2   0   3  61  0.92 0.45
   68 D     2  -1   5   4  -4   0   1  -2  -2  -5  -5  -1  -4  -5  -4   1  -2  -5  -4  -4   17   3  33  21   0   4   8   1   0   0   0   2   0   0   0   8   1   0   0   0  0.74 0.37
   69 Y    -4  -3  -5  -5  -5  -2  -4  -5   1   0   1  -4  -1   6  -2  -4  -3   7   2  -2    0   1   0   0   0   2   1   0   4   4  13   0   1  43   2   0   1  17   6   2  1.19 0.46
   70 A     7  -5  -5  -5  -1  -4  -4  -1  -5  -4  -5  -4  -4  -6  -2  -1  -3  -6  -5  -3   91   0   0   0   1   0   0   3   0   0   0   0   0   0   1   2   0   0   0   1  1.75 0.70
   71 T    -1   2  -1  -1  -4   4   2  -3  -2  -2  -1   3  -1  -3  -3  -1   1  -4  -3   0    4  12   3   1   0  20  14   1   0   2   5  18   1   0   0   2  10   0   0   6  0.38 0.25
   72 Q     3   1  -1   0  -4   3   1  -2  -2  -4  -4   2  -3  -5  -2   2   0  -4  -4  -3   24   7   2   4   0  16   8   2   1   0   0  12   0   0   1  16   5   0   0   0  0.42 0.27
   73 H    -3  -1   7  -2  -6  -2  -3  -3   6  -4  -6  -2  -2  -4  -5  -2   0  -6   0  -4    1   4  58   1   0   1   0   1  19   1   0   1   1   0   0   2   5   0   3   1  1.43 0.58
   74 N    -2  -2   3   1  -3  -2  -3   6   1  -6  -6  -1  -5  -6  -5  -1  -4  -5  -5  -6    1   2  16   8   1   1   1  59   4   0   0   4   0   0   0   3   0   0   0   0  1.17 0.47
   75 K    -1  -1  -3  -3  -5   5  -2  -4  -2  -1   0   4   5  -3  -4  -2  -3  -3  -2  -3    5   2   0   0   0  27   0   0   1   4   7  30  19   0   0   1   0   0   2   0  0.80 0.45
   76 K    -1   2  -2  -1  -3   2   0  -3   0   0   2   2   0  -1  -3  -1   0  -3   0   0    4  10   1   2   0  10   4   1   2   7  21  17   2   1   0   4   5   0   3   5  0.14 0.14
   77 V    -3  -4  -5  -5  -3  -4  -5  -5  -5   3   2  -4   3  -2  -5  -4  -3  -5  -3   5    1   0   0   0   0   0   0   0   0  18  21   0   8   1   0   1   0   0   0  48  0.98 0.42
   78 R    -5   8  -2  -5  -4  -2  -3  -5   2  -4  -5  -1  -5  -5  -5  -4  -5  -5  -3  -5    0  86   1   0   0   0   1   1   5   1   1   2   0   0   0   0   0   0   1   1  2.13 0.74
   79 G    -2  -6  -4  -5   7  -5  -5   7  -5  -6  -6  -5  -5  -5  -5  -4  -4  -3  -6  -5    2   0   0   0  22   0   0  74   0   0   0   0   0   0   0   0   0   0   0   0  1.99 0.66
   80 H    -5  -3  -2  -4  -7  -4  -4  -5  11  -7  -7  -5  -5  -5  -6  -4  -6  -6  -2  -7    0   1   1   1   0   0   0   1  94   0   0   0   0   0   0   1   0   0   0   0  3.48 1.00
   81 T     1  -4   3  -4  -1  -4  -4  -3  -4  -4  -4  -4  -4  -5  -3  -1   7  -6  -5  -2   10   0  16   0   1   0   0   1   0   0   0   0   0   0   1   2  66   0   0   2  1.36 0.60
   82 L    -4  -5  -6  -6   3  -5  -5  -5  -5  -1   6  -5   0   1  -5  -5  -2  -4  -3  -2    0   0   0   0   5   0   0   1   0   1  80   0   1   6   0   0   3   0   0   1  1.36 0.54
   83 V     0  -5  -4  -5   1  -4  -4  -5  -5   1   1  -5   0  -2  -5  -4  -1  -5  -4   6    6   0   1   0   3   0   0   1   0   6  14   0   1   1   0   0   2   0   0  63  1.01 0.45
   84 W    -5  -6  -8  -8  -7  -6  -7  -7  -6  -7  -6  -6  -6  -3  -8  -7  -7  13  -1  -7    1   0   0   0   0   0   0   0   0   0   0   1   0   0   0   0   0  96   1   0  4.71 1.20
   85 H    -3  -3  -3  -2  -6  -1  -3  -4  10  -6  -5  -4  -5  -3  -4  -5  -5  -3   4  -5    2   1   0   2   0   2   1   1  74   0   1   0   0   1   1   0   0   0  15   1  2.53 0.81
   86 S     0  -2   4  -1  -4   2  -1  -3  -2  -4  -5  -1  -4  -5  -3   5  -1  -6  -4  -5    5   1  20   2   0   9   4   1   1   0   0   2   0   0   1  53   1   0   0   0  0.93 0.49
   87 Q    -3  -3  -4  -3  -7   9   0  -3  -2  -6  -5  -3  -3  -5  -5  -2  -3  -6  -5  -6    2   0   0   1   0  87   3   2   1   0   1   0   0   0   0   2   1   0   0   0  2.27 0.85
   88 L    -3  -4   1  -5  -4   1  -4  -5  -4   0   5  -4   0  -3  -5  -4   1  -4  -3   1    1   0   7   0   0   6   0   0   0   4  63   0   1   0   0   0   8   0   1   8  0.84 0.42
   89 P     0  -6  -6  -5  -6  -5  -3  -5  -3  -7  -7  -5  -6  -7   8  -2  -4  -7  -7  -6    9   0   0   0   0   0   1   1   1   0   0   0   0   0  86   3   0   0   0   0  2.64 0.84
   90 S     1  -1   1   2  -4   0   0   2  -3  -4  -4  -1  -3  -4   1   3   0  -2  -3  -4   10   3   6  13   0   4   4  20   0   0   1   1   0   0   8  25   5   0   0   0  0.40 0.25
   91 W    -7  -7  -8  -8  -7  -6  -4  -7  -7  -7  -5  -7  -6   1  -8  -7  -7  13   0  -7    0   0   0   0   0   0   1   0   0   0   1   0   0   4   0   0   0  91   2   0  4.46 1.16
   92 V    -2  -5  -3  -6  -4  -5  -5  -6  -5   2   2  -5   3   0  -5  -4  -3  -3  -3   6    2   0   1   0   0   0   0   0   0   7  17   0   6   4   0   0   0   0   0  62  1.08 0.47
   93 S     0  -1   2  -2  -3   2   1  -1  -2  -4  -3   0  -2   0  -3   3   3  -4  -1  -3    5   3   9   0   0  11  10   3   0   0   2   3   0   6   1  26  18   0   1   1  0.35 0.26
   94 S     0  -2   4   1   0   1   1   1  -1  -4  -4  -1  -4  -4  -2   3   0  -5  -4  -3    9   1  25   6   2   5   8   8   1   0   0   3   0   1   1  27   4   0   0   1  0.50 0.30
   95 I    -2  -3   0   0  -3  -2  -3   3  -3   3   1  -3   1  -2  -2  -1   1   0  -3  -1    0   1   4   5   0   1   1  27   0  22  15   0   4   1   2   5   9   1   0   1  0.30 0.23
   96 G    -1   0   3  -1  -3  -2  -2   2  -2  -3  -2  -1  -3   0  -3   0   1   8  -1  -1    4   5  15   2   0   1   2  15   1   1   4   4   0   3   1   8   9  21   1   4  0.53 0.26
   97 D    -2  -3   2   4  -4  -2  -1  -1  -3  -3  -4  -2  -1  -3  -2   3   4  -4  -4  -3    0   0   9  26   0   1   2   3   0   1   1   0   1   1   1  23  29   0   0   0  0.69 0.37
   98 A     2   2   2  -2  -2  -1  -1   1  -3  -4  -4   3  -3  -3   2   1  -1  -5  -3  -3   21  13  11   1   1   1   2   9   0   0   0  21   0   1   9   8   1   0   0   0  0.40 0.26
   99 N     3  -2   1   3  -4   1   2  -2  -2  -3  -4   0  -3  -4  -1   1   1  -5  -4  -3   25   1   8  17   0   5  17   2   0   1   0   4   0   0   2  10   8   0   0   0  0.41 0.26
  100 T     0  -2  -2   0  -4   2   4  -2  -1  -2  -3  -1  -2  -4  -3   0   4  -1  -4  -1    7   1   1   3   0   9  27   3   1   1   1   1   1   0   0   5  32   1   0   4  0.53 0.33
  101 L    -2  -5  -6  -6  -4  -5  -6  -6  -6   0   6  -5   2  -2  -6  -5  -4  -1  -4   0    2   0   0   0   0   0   0   0   0   3  84   0   4   1   0   0   0   1   0   4  1.45 0.56
  102 R    -1   4  -2  -2  -4   0   0  -3  -2   2   1   0  -1  -2  -3  -1   3  -2  -2  -1    4  24   0   1   0   4   5   1   0  12  12   3   1   1   0   2  25   0   1   2  0.35 0.26
  103 S     2  -1   1   0  -3   3   1  -1  -2  -3  -3   0  -3  -4  -2   3   1  -4  -3  -3   20   3   6   4   0  14  10   4   0   0   2   6   0   0   1  22   7   0   0   0  0.34 0.24
  104 V     2   1  -4  -5   0  -4  -4  -4  -4   3  -1  -4  -1  -1  -4  -3  -2  -5  -2   5   23   7   0   0   1   0   0   0   0  19   4   0   1   2   0   0   0   0   1  40  0.68 0.37
  105 M    -3  -5  -5  -6  -4  -4  -5  -5  -5   4   3  -5   7  -2  -5  -5  -2  -4  -4   0    1   0   0   0   0   0   0   1   0  25  31   0  35   1   0   0   1   0   0   4  1.24 0.50
  106 T    -2   2   0  -1  -4   4   3  -4   0  -1  -2   3  -2  -4  -3  -2   0  -4  -2  -1    1  10   5   2   0  21  18   0   2   4   3  22   0   0   0   1   6   0   1   5  0.47 0.29
  107 N    -2   0   6   3  -5  -1   1  -3   1  -5  -5  -1  -4  -5  -4   0   1  -5  -4  -4    3   4  45  14   0   2  10   1   3   0   0   3   0   0   0   4  10   0   0   0  0.89 0.41
  108 H    -6  -3  -4  -5  -7  -4  -4  -6  11  -7  -7  -5  -6  -4  -6  -5  -6  -6  -1  -7    0   1   0   0   0   0   0   0  96   0   0   0   0   1   0   0   0   0   1   0  3.67 1.04
  109 I    -3  -6  -6  -6   2  -6  -6  -7  -6   7  -1  -6  -1  -3  -6  -5  -2  -6  -4   3    1   0   0   0   4   0   0   0   0  74   1   0   1   0   0   0   1   0   0  17  1.69 0.61
  110 N     0  -1   1   0  -3   1   0  -2   0  -1  -3   1  -2  -1  -3   2   4  -4  -1  -3    6   3   8   5   0   8   4   2   2   3   0   8   0   2   0  13  34   0   2   0  0.38 0.27
  111 E     0  -1   3  -1  -4   1  -1   0  -1  -4  -4   1  -3  -5  -4  -1   5  -5  -4  -3    9   2  15   2   0   7   2   6   1   0   0   9   0   0   0   2  42   0   0   1  0.64 0.38
  112 V    -3  -5  -5  -5  -4  -3   1  -6  -5   2   1  -4  -1  -3  -5  -4  -1  -5  -4   6    1   0   0   0   0   1  10   0   0   8  14   0   1   0   0   0   3   0   0  62  1.04 0.48
  113 V     2  -5  -5  -5  -4  -4  -5  -2  -5   0   0  -4   6  -3  -5  -3  -3  -5  -4   5   21   0   0   0   0   0   0   3   0   3   4   0  25   0   0   0   0   0   0  43  1.00 0.48
  114 G    -1  -1   0  -2  -4  -1  -2   5  -2  -5  -5   0  -4  -5  -4   1   3  -5  -4  -4    3   4   3   2   0   3   2  45   0   0   0   6   0   0   0  10  21   0   0   0  0.76 0.37
  115 R    -4   6  -3  -5  -6   0  -3  -4   9  -6  -6  -1  -5  -5  -5  -4  -3  -5   1  -6    0  41   0   0   0   3   0   1  48   0   0   2   0   0   0   0   1   0   3   0  1.95 0.68
  116 Y    -5  -5  -5  -5  -6  -5  -6  -6  -2  -5  -4  -5  -4   4  -6  -5  -5   5   9  -5    0   0   0   1   0   0   0   0   0   0   0   0   0  17   0   0   0   7  73   0  2.49 0.79
  117 K     0   4  -3  -3  -5   0  -1  -1  -3  -5  -4   6  -4  -5  -4  -2  -3  -5  -3  -4    7  18   0   1   0   3   3   5   0   0   1  58   0   0   0   2   1   0   1   0  1.10 0.49
  118 G    -3  -4  -2   0  -6  -5  -4   7  -5  -6  -7  -3  -6  -6  -5  -2  -4  -6  -6  -6    1   0   1   5   0   0   0  87   0   0   0   1   0   0   0   2   0   0   0   0  1.99 0.66
  119 K    -2   3  -2   0  -4   4   0  -4  -1  -4  -5   5  -4  -5  -4  -1  -2  -5  -4  -2    2  15   1   4   0  19   4   0   1   1   0  45   0   0   0   3   1   0   0   2  0.91 0.43
  120 I    -3  -5  -5  -6   7  -5  -5  -5  -5   6   0  -5   0  -2  -3  -4  -2  -5  -4   3    1   0   0   0  22   0   0   0   0  44   6   0   2   1   1   0   1   0   0  20  1.18 0.46
  121 M    -1   0  -2  -1  -3   0  -3  -4   2  -3  -2  -2  -1   1  -3  -3  -1   3   8  -3    7   5   2   4   1   4   1   1   4   1   2   3   1   4   1   1   4   3  52   1  1.05 0.47
  122 H     5  -2  -3  -3  -1   2  -1  -1   3  -3  -4  -3  -3  -4  -3   2  -1  -4  -1  -2   49   1   0   1   1   9   3   3   8   1   0   0   0   0   0  17   3   0   2   2  0.68 0.39
  123 W    -6  -7  -8  -8  -5  -6  -7  -7  -7  -5  -5  -3  -6  -2  -8  -7  -7  13   0  -6    1   0   0   0   0   0   0   0   0   0   0   2   0   1   0   0   0  93   2   0  4.50 1.17
  124 D    -5  -5  -2   8  -7  -4  -2  -4  -5  -6  -7  -4  -7  -4  -4  -4  -5  -8  -5  -7    0   0   0  96   0   0   0   1   0   0   0   0   0   1   1   0   0   0   0   0  2.59 0.84
  125 V    -4  -6  -6  -7  -4  -6  -6  -7  -7   0  -2  -5  -3  -4  -6  -5  -3  -6  -5   8    0   0   0   0   0   0   0   0   0   3   1   1   0   0   0   0   0   0   0  95  2.10 0.75
  126 V     0  -5  -6  -6   1  -5  -5  -4  -6   2  -2  -5  -2  -4  -5  -4  -3  -6  -4   7    8   0   0   0   3   0   0   1   0   6   1   0   0   0   0   0   1   0   0  78  1.47 0.59
  127 N    -5  -3   9  -2  -6  -4  -4  -4  -3  -7  -7  -2  -6  -7  -6  -3  -3  -7  -6  -6    0   1  94   0   0   0   0   1   0   0   0   1   0   0   0   0   1   0   0   0  2.64 0.87
  128 E    -5  -3  -3  -2  -7  -2   8  -6  -4  -7  -6  -3  -6  -7  -4  -4  -5  -6  -6  -6    0   1   1   0   0   0  97   0   0   0   0   0   0   0   1   0   0   0   0   0  2.39 0.84
  129 I     5  -4  -4  -4  -2  -4  -4  -3  -3   3  -2  -4   1  -3   3  -2  -2  -5  -4   1   50   0   0   1   1   0   0   1   0  18   1   0   4   1  13   0   0   0   0   9  0.81 0.43
  130 F    -3  -5  -6  -6  -4  -5  -6  -6  -4   2   3  -5   1   7  -6  -5  -4  -1   0   1    1   0   0   0   0   0   0   0   0  12  24   0   2  50   0   0   0   0   1   9  1.23 0.47
  131 N     1  -3   6   2  -5   0   1  -1  -3  -5  -5  -3  -4  -5  -3   0  -1  -4  -4  -4   13   0  46  13   0   3  10   5   0   0   1   0   0   0   1   5   2   0   0   1  0.87 0.42
  132 E    -3  -3  -2   6  -6  -1   5  -3  -4  -6  -6  -3  -5  -6  -4  -2  -3  -3  -5  -6    1   1   1  48   0   1  43   2   0   0   0   0   0   0   0   1   1   0   0   0  1.53 0.59
  133 D    -3  -4   3   7  -6  -1   0   0  -4  -6  -6  -3  -5  -6  -3   1  -1  -6  -5  -5    1   0  14  61   0   2   3   6   0   0   0   0   0   0   1   9   3   0   0   0  1.34 0.53
  134 G    -1  -5  -3  -4  -5  -4  -5   7  -5  -6  -6  -4  -5  -6  -2  -2  -4  -1  -6  -6    4   0   1   1   0   1   0  87   0   0   0   0   0   0   2   2   1   1   0   0  1.95 0.64
  135 T     0  -2   1  -2  -3   0  -1   0  -2  -3  -3  -2  -3  -3  -1   3   5  -4  -4  -2    5   2   5   1   0   4   2   5   1   1   1   1   0   1   2  29  38   0   0   1  0.64 0.36
  136 F    -3   0  -3  -5  -4  -4  -4  -4  -1  -1   3  -4   2   4  -2  -4  -3   5   5  -2    1   7   1   0   0   0   0   1   1   1  31   0   6  16   2   0   1   8  21   2  0.73 0.35
  137 R    -3   8  -3  -3  -2  -1  -3  -4  -4  -6  -5   0  -4  -6  -4  -3  -4  -6  -4  -4    1  86   0   1   1   2   0   1   0   0   0   2   0   0   1   2   0   0   0   1  2.06 0.72
  138 N    -2   0   2   3  -3   2   2  -2  -2  -4  -4   0  -3  -5  -1   2   0  -5  -4  -4    2   6  12  20   0  11  14   2   0   0   0   4   0   0   3  19   6   0   0   0  0.49 0.28
  139 S    -2  -4   3   2  -3  -3  -3  -3  -3  -5  -5  -3  -3  -3  -4   6   2  -3  -4  -4    1   0  13  11   0   0   0   1   0   0   1   0   0   1   0  59  11   0   0   0  1.08 0.53
  140 V    -2  -4   0  -4  -3  -3  -3  -5  -1   3   0  -2  -1   1   1  -2  -2  -3  -3   5    2   0   5   1   0   0   1   0   2  14   7   3   1   7   7   2   1   0   0  47  0.57 0.32
  141 F    -5  -6  -2  -6  -5  -6  -6  -6  -5  -4  -1  -6  -1   7  -6  -5  -5  10   0  -5    0   0   2   0   0   0   0   0   0   0   5   0   1  52   0   0   0  37   1   0  2.43 0.74
  142 Y    -3  -2  -3  -4  -4   1  -2  -4   0  -1   1  -3  -1   2  -5   1  -1  -1   7  -3    1   2   1   0   0   7   2   1   1   3  16   0   1   6   0  11   3   0  44   1  0.87 0.42
  143 N    -3   4   4   2  -5   4   0  -3  -1  -5  -4   2  -4  -5  -4  -1   0  -5  -4  -5    0  23  25  10   0  18   4   0   1   0   1  10   0   0   0   3   5   0   0   0  0.75 0.37
  144 L     0  -1  -1  -3  -3  -1  -1  -2   0   1  -1   0  -1  -3  -3  -1   3  -4  -1   3    7   3   2   0   0   2   4   2   2   8   3   7   1   0   0   1  26   0   2  30  0.34 0.26
  145 L    -2  -4  -4  -5   1  -4  -4  -4  -4   3   4  -4   3   1  -4  -3   0  -2  -2  -1    3   0   0   0   2   0   0   1   0  21  50   0   6   6   0   0   6   0   0   1  0.74 0.34
  146 G    -3  -5  -2  -5  -6  -3  -5   7  -5  -7  -7  -4  -6  -6  -5  -3  -5  -6  -6  -6    1   0   2   0   0   1   0  94   0   0   0   1   0   0   0   1   0   0   0   0  2.29 0.73
  147 E    -2  -2   1   2  -5   0   5  -4  -3  -4  -4  -1  -3  -5   3  -1   1  -5  -4  -3    2   1   8  10   0   2  39   0   0   0   1   3   0   0  17   4  10   0   0   2  0.70 0.36
  148 D     0  -3   1   5  -3  -1   3   1  -3  -5  -5  -2  -4  -4  -4   2  -1  -5  -2  -5    7   0   5  38   1   1  19  10   0   0   0   2   0   0   0  13   3   0   1   0  0.73 0.36
  149 F    -4  -6  -6  -7  -6  -5  -6  -6  -2  -1  -3  -6  -3   6  -6  -5  -5   5   8  -2    1   0   0   0   0   0   0   0   0   4   1   0   0  35   0   1   0   7  50   2  1.97 0.68
  150 V    -4  -6  -6  -6  -4  -5  -6  -7  -6   7   1  -5   0   0  -3  -5  -3  -5  -4   4    0   0   0   0   0   0   0   0   0  61  10   0   1   3   1   0   0   0   0  23  1.36 0.52
  151 R     2   0  -2   1  -4  -1   3  -1  -3  -4  -4   0  -3  -3   3   1   0  -4  -1  -3   21   6   0   8   0   2  21   4   0   0   0   5   0   1  15   8   6   0   2   0  0.41 0.26
  152 I    -1  -2  -1   2  -3  -1   0  -4  -1   4   1   1   0  -2  -4  -2   0  -1  -2   1    5   1   2  12   0   2   5   0   1  32  13   9   2   1   0   1   6   1   1   6  0.25 0.21
  153 A     7  -5  -5  -5  -3  -4  -4  -3  -5  -4  -5  -4  -4  -5  -4   0  -2  -6  -5  -2   91   0   0   0   0   0   0   1   0   0   0   0   0   0   0   5   1   0   0   2  1.78 0.71
  154 F    -5  -6  -5  -7  -6  -5  -7  -7  -5  -3   2  -6  -3   9  -7  -6  -5  -3   1  -4    0   0   1   0   0   1   0   0   0   1  16   0   0  78   0   0   0   0   3   0  2.21 0.73
  155 E    -2   5   1  -2  -5   2   2  -4  -1  -2  -4   3  -3  -5  -4  -2   0   0  -3  -3    3  39   6   1   0  10  13   0   1   2   1  15   0   0   0   0   5   2   0   1  0.73 0.37
  156 T     4  -2  -4  -5  -4  -2  -3  -4  -4  -2  -2  -3   0   1  -4  -2   3   7   2  -2   39   2   0   0   0   1   1   0   0   1   3   1   3   5   0   0  20  16   8   1  0.85 0.44
  157 A     7  -5  -5  -5  -4  -4  -4  -3  -5  -5  -5  -3  -5  -6  -4  -2  -2  -6  -5  -3   97   0   0   0   0   0   0   0   0   0   0   1   0   0   0   0   2   0   0   1  2.02 0.78
  158 R     1   6  -1  -3  -6   0  -3  -4   7  -6  -5   0  -4  -5  -5  -2  -4  -6  -3  -5   11  48   3   1   0   3   0   1  26   0   0   5   0   0   0   2   0   0   0   0  1.31 0.54
  159 A     5  -2  -2  -2  -4   2   3  -3  -3  -4  -4   1  -4  -5  -3   0  -2  -5  -4  -3   46   1   1   1   0  10  23   0   0   0   1   8   0   0   0   5   2   0   0   0  0.77 0.42
  160 A     6  -5  -5  -5  -2  -4  -3  -3  -4  -2  -3  -4  -4  -5  -4  -2  -1  -5  -1   1   79   0   0   0   0   0   1   0   0   1   1   0   0   0   0   1   3   0   3  11  1.36 0.61
  161 D    -3  -4  -2   8  -7  -4  -2  -3  -5  -7  -7  -3  -6  -7  -5  -3  -4  -8  -7  -6    2   1   0  91   0   0   0   2   0   0   0   1   0   0   0   1   0   0   0   0  2.35 0.78
  162 P    -3  -5  -4  -5  -6  -4  -5  -4  -5  -6  -4  -3  -6  -7   8  -2  -3  -7  -7  -6    2   0   1   0   0   0   0   1   0   0   2   1   0   0  88   3   1   0   0   0  2.66 0.84
  163 D     0  -1   4   3  -4   1   0   0   1  -4  -4   1  -3  -5  -3   1   0  -5  -3  -4    9   2  23  18   0   5   5   6   3   0   0  11   0   0   0  11   4   0   0   0  0.46 0.26
  164 A     6  -5  -5  -5  -2  -4  -4  -3  -5  -2  -4  -4  -3  -5  -2  -1   0  -6  -5   0   82   0   0   0   0   0   0   0   0   2   0   0   0   0   2   1   5   0   0   7  1.46 0.63
  165 K    -4   1  -3  -2  -6   0   0  -4  -3  -3   0   7  -3  -5  -4  -3  -2  -6  -5  -2    0   4   0   1   0   3   4   1   0   2   8  72   0   0   0   0   2   0   0   3  1.30 0.57
  166 L    -5  -5  -7  -7  -5  -6  -6  -7  -6  -1   7  -5  -1  -2  -6  -6  -5  -5  -4  -2    0   0   0   0   0   0   0   0   0   0  98   0   0   1   0   0   0   0   0   0  1.95 0.70
  167 Y    -4  -5  -6  -7   5  -5  -6  -7  -3  -3  -3  -6  -4   5  -7  -5  -5  -1   8  -3    1   0   0   0  14   0   0   0   0   1   1   0   0  20   0   0   0   0  61   2  2.11 0.72
  168 I    -4  -5  -6  -6  -5  -5  -6  -6  -3   5   0  -5  -2   0  -6  -5  -4  -2   8  -1    1   0   0   0   0   0   0   0   0  37   7   0   0   2   0   0   0   0  50   1  1.68 0.63
  169 N    -5  -4   9  -3  -7  -4  -4  -4  -3  -7  -7  -4  -4  -7  -6  -2  -4  -8  -6  -7    0   0  97   0   0   0   0   1   0   0   0   0   0   0   0   2   0   0   0   0  2.77 0.91
  170 D    -5  -5  -2   8  -7  -4   2  -5  -5  -7  -7  -4  -7  -7  -5  -4  -5  -8  -7  -7    0   0   0  90   0   0   9   0   0   0   0   0   0   0   0   0   0   0   0   0  2.45 0.80
  171 Y    -6  -6  -6  -7  -6  -5  -6  -7   0  -5  -5  -6  -5   3  -7  -6  -6  -2  10  -5    0   0   0   0   0   0   0   0   1   0   0   0   0   9   0   0   0   0  89   0  2.98 0.92
  172 N    -4  -4   8  -2  -6  -4  -4   1  -2  -4  -6  -4  -4  -6  -5   0  -2  -7  -5  -6    1   0  77   1   0   0   0  12   1   1   0   0   0   0   0   5   2   0   0   0  1.90 0.70
  173 L    -2  -4  -1  -4  -1  -4  -4  -4  -4   5   3  -4   0  -1  -4  -3   2  -4  -3   1    3   0   3   0   1   0   0   1   0  34  33   0   1   1   1   1  13   0   0   7  0.64 0.32
  174 D    -2  -3  -1   5  -2  -2   6  -4  -2  -6  -6  -2  -5  -6  -4  -3  -3  -6  -5  -5    2   0   2  32   1   0  59   1   1   0   0   0   0   0   0   0   0   0   0   0  1.51 0.59
  175 S    -1  -1   2   1  -3   0   0   3  -2  -3  -3  -2  -2   1  -3   2   0   0   3  -2    3   3  10   7   0   3   5  22   0   1   1   1   1   5   0  18   4   1  12   2  0.28 0.20
  176 A     1  -2  -3  -2  -1  -1  -2   0  -3   2   0  -2  -1  -1   3   0   0   4  -2   1   15   2   0   1   1   2   2   6   0  13   7   2   1   2  18   5   5   7   1  11  0.28 0.16
  177 S    -2  -3   6   0  -1  -3  -2   4  -2  -4  -5  -3  -4  -4  -4   1   0  -4  -4  -4    1   1  40   4   1   0   1  29   1   1   0   1   0   1   0  11   7   0   0   1  0.92 0.41
  178 Y     0   0   1   0  -1   0   0   0   1  -1  -1   0  -1   0   1   0   0   2   3  -1    8   4   6   6   1   4   5   8   3   3   4   4   1   2   6   6   7   3  14   5  0.08 0.05
  179 A     4  -2   0  -2  -3  -1  -1  -1  -3  -3  -3  -1  -3  -4   3   1  -1  -4  -3  -2   48   1   5   2   0   2   2   4   0   1   1   4   0   1  15   9   2   0   1   2  0.57 0.29
  180 K    -5  -1  -4  -5  -7  -2  -3  -5  -5  -7  -6   8  -5  -7  -5  -4  -3  -7  -6  -6    0   1   0   0   0   0   0   0   0   0   0  97   0   0   0   0   1   0   0   0  2.43 0.85
  181 T     1   1  -2  -3  -3   0  -3  -3  -2  -2  -2  -3  -2  -4  -3   4   4  -3  -3   0   11   8   0   0   0   3   0   0   1   1   2   0   1   0   0  35  28   0   0   8  0.61 0.39
  182 Q    -1  -1   2   4  -4   3   1  -4  -2  -3  -4  -1  -3  -5  -3  -1   3  -5  -3  -3    6   3  11  24   0  17   7   0   0   1   1   3   0   0   0   2  24   0   1   0  0.61 0.35
  183 A     5   0  -3  -4  -4  -3  -3   4  -4  -4  -4   0  -2  -2  -4  -1  -1  -5  -3  -4   50   5   0   0   0   0   1  30   0   0   0   5   1   2   0   3   3   0   1   0  0.87 0.43
  184 M     1  -4  -5  -5  -1  -4  -4  -5  -4   2   2  -4   6   0  -4  -3  -1  -3   2   3   16   0   0   0   1   0   0   0   0  10  15   0  23   3   0   0   3   0   9  21  0.62 0.34
  185 A     0  -2  -4  -5  -3   1  -3  -5   0   1   1  -2  -1   0  -5  -4  -3  -2   7   2    8   2   0   0   0   7   1   0   1   7  11   2   1   2   0   0   0   0  40  17  0.79 0.40
  186 S     1   2   5   0  -4   1   1  -2  -1  -4  -4   1  -3  -5  -3   1   0  -5  -3  -4   15  12  29   5   0   5  10   2   1   0   1   7   0   0   0   9   5   0   0   0  0.49 0.28
  187 Y    -3  -2  -3  -5  -4  -3  -4  -5   1   2   5  -2   5  -1  -5  -4  -2  -2  -1  -1    1   2   2   0   0   1   0   0   4  10  52   2  17   2   0   0   1   1   2   2  0.81 0.39
  188 V     0  -5  -6  -6  -4  -5  -5  -6  -6   2  -1  -5  -2  -2  -5  -4  -3  -6  -4   6    9   0   0   0   0   0   0   0   0  11   4   0   0   2   0   0   0   0   0  73  1.35 0.55
  189 K    -2   3   1  -2  -5   3  -1  -3  -3  -5  -5   6  -4  -6  -3  -1  -1  -5  -4  -4    2  14   5   1   0  12   2   1   0   0   0  53   0   0   0   5   4   0   0   1  1.00 0.46
  190 K    -2   1   0   3  -4   1   1  -1  -2  -2  -1   2   0  -4  -3   1  -1  -2  -2  -3    1   9   3  20   0   6   8   5   0   2   6  17   3   0   0  13   3   0   1   0  0.29 0.21
  191 W    -4  -5  -6  -6  -3  -2  -5  -6  -5   1   5  -5   2   3  -5  -5  -4   7  -2   1    0   0   0   0   0   2   0   0   0   5  52   0   4  13   0   0   0  15   0   8  1.07 0.44
  192 L    -3   3  -1  -3  -4   3  -2  -4  -3   1   1   5  -1  -4  -4  -3  -2  -5  -4   0    0  13   3   0   0  13   0   0   0   9  15  37   1   0   0   0   1   0   0   7  0.59 0.35
  193 A     4  -1  -1   2  -3   0   1  -1  -2  -4  -4  -1  -4  -5  -3   3  -1  -5  -4  -3   43   2   3  10   0   4   8   4   0   0   0   3   0   0   0  22   1   0   0   0  0.60 0.36
  194 E     2   4   0   1  -3   3   0  -2   0  -4  -4   2  -2  -4  -3  -1  -2  -2   0  -4   21  25   3   8   0  17   5   2   1   0   0   9   1   0   0   1   0   1   4   0  0.51 0.31
  195 G    -3  -2   0  -2  -6  -4  -4   7  -1  -7  -7  -1  -6  -6  -4  -2  -4  -6  -6  -6    0   2   5   2   0   0   0  83   2   0   0   3   0   0   1   1   0   0   0   0  1.78 0.62
  196 V     0  -4  -4  -5  -3  -4  -5  -3  -5   3  -1  -4  -2  -3  -5  -4   0  -2  -3   6    8   0   0   0   0   0   0   2   0  19   3   1   0   0   0   0   4   0   1  61  1.04 0.46
  197 P    -4   1  -3  -4  -6  -3  -3  -5  -4  -5  -3   0  -5  -6   8  -4  -3  -1  -5  -5    0   9   1   0   0   1   1   0   0   0   2   7   0   0  75   0   1   1   0   0  2.10 0.69
  198 I    -4  -6  -6  -6  -4  -6  -6  -7  -6   7   1  -6  -2  -2  -6  -5  -4  -6  -4   2    0   0   0   0   0   0   0   0   0  75  10   0   0   1   0   0   0   0   0  13  1.69 0.60
  199 D    -5  -4   0   7  -6  -2  -1  -3   5  -6  -7  -4  -5  -6  -5  -3  -3  -7  -4  -6    0   0   3  74   0   1   1   2  15   0   0   0   0   0   0   1   1   0   0   0  1.92 0.68
  200 G    -1  -6  -4  -5   5  -3  -5   7  -5  -6  -6  -5  -6  -6  -5  -3  -5  -6  -6  -6    4   0   0   0  13   1   0  81   0   0   0   0   0   0   0   0   0   0   0   0  1.99 0.66
  201 I    -3  -5  -6  -6  -4  -5  -6  -6  -6   5  -1  -5   0   0  -5  -5  -3  -5  -3   6    0   0   0   0   0   0   0   0   0  39   2   0   2   4   0   0   0   0   0  52  1.37 0.53
  202 G    -2  -6  -4  -5  -6  -5  -5   7  -5  -7  -7  -5  -6  -6  -5  -2  -5  -6  -6  -6    2   0   0   0   0   0   0  94   0   0   0   0   0   0   0   2   0   0   0   0  2.29 0.73
  203 S    -1  -4  -3  -4  -3  -3  -3  -4  -1   0   2  -4   3   5  -4   2   1  -3   0  -1    4   0   0   1   0   0   1   0   1   4  24   0   7  29   0  17   7   0   1   3  0.55 0.32
  204 Q    -5  -3  -4  -4  -7   9   1  -6  -4  -7  -6  -3  -5  -7  -4  -4  -5  -6  -6  -6    0   0   0   0   0  90   8   0   0   0   0   0   0   0   1   0   0   0   0   0  2.65 0.97
  205 A     3  -3  -3  -3   2  -3  -3   3  -4  -4  -3  -3   2  -4  -3   3   1  -5  -4  -3   27   0   0   0   4   0   0  22   0   0   2   0   5   0   0  27  10   0   0   0  0.65 0.38
  206 H    -6  -5  -4  -6  -7  -3  -4  -6  11  -8  -7  -5  -6  -6  -7  -4  -6  -7  -3  -7    0   0   0   0   0   0   0   0  98   0   0   0   0   0   0   1   0   0   0   0  3.84 1.12
  207 Y    -3  -5  -6  -6  -4  -5  -5  -6  -4   1   5  -3   1   5  -6  -4  -4   4   1  -2    1   0   0   0   0   0   0   0   0   5  52   1   3  26   0   0   0   5   3   1  1.07 0.46
  208 S     0  -2   1   0  -3   1  -2   0  -1   3  -2  -2  -2  -2  -2   2   2  -4  -3   0    6   1   9   5   0   6   1   7   2  22   2   2   0   1   1  17  13   0   0   6  0.20 0.20
  209 S     2  -3  -1  -3  -2  -2  -3  -1  -1   1   1  -2  -1  -2  -1   1   1  -4  -2   3   17   0   2   1   0   1   1   4   2   7  13   1   1   1   3  12   8   0   1  27  0.22 0.20
  210 S    -1  -2   1   0  -5   1   0   5  -2  -5  -5  -3  -3  -3  -3   0  -2  -4  -1  -4    3   2   7   4   0   8   6  55   1   0   0   1   0   1   1   5   3   0   2   1  0.84 0.38
  211 H    -1  -1   1  -1  -4   3   1   1   0  -3  -3  -1  -1  -2  -1   1  -1   1   3  -3    4   3   5   3   0  20  10  12   2   1   2   2   2   1   2  14   3   2  11   0  0.28 0.22
  212 W     0  -3  -2  -3  -3  -3  -3   2  -3   0  -1  -2  -1  -2   4   0   2   1  -3   2    8   0   2   1   0   0   1  19   0   5   4   1   1   1  19   4  15   2   0  17  0.38 0.24
  213 S     0  -3  -1   0  -4  -3  -2   0  -3  -3  -3  -3  -2   1   6   1   0  -4   1  -2    7   0   3   6   0   1   1   7   0   1   2   0   1   7  40   9   7   0   5   3  0.72 0.33
  214 S     1  -2   0  -1  -2  -1  -1   1  -2  -1  -2  -1  -2  -2   3   3   2  -3  -1  -1   11   2   3   3   0   2   3   9   0   3   4   1   1   2  15  23  12   0   2   3  0.27 0.18
  215 T     2  -2   0   1  -3   1   1   1  -2  -2  -2   0  -2  -3  -1   2   2  -3  -1  -2   19   1   3   6   0   6   9   9   0   2   4   4   0   0   2  19  13   0   2   2  0.21 0.17
  216 E    -1  -1   2   4  -3   1   1   1  -2  -3  -3   0  -2  -3  -1   1  -1  -4  -3  -3    5   2  10  28   0   8  10  11   0   1   2   3   1   1   2  10   4   0   0   1  0.39 0.21
  217 A    -1  -3  -4  -4  -3   0  -3  -2  -2   3   3  -3   3   2  -3  -3  -2  -3   2   1    6   0   0   1   0   5   1   3   1  16  29   0   7  10   1   0   1   0   7  11  0.37 0.23
  218 A     2   2  -2  -2  -2   4   1  -2   0  -1  -2   0  -2  -3  -1  -1   0  -4  -2   0   20  10   0   2   1  24  11   2   2   3   3   6   0   1   2   1   5   0   1   7  0.31 0.24
  219 G     3  -1   0   1  -3   2   2   0  -2  -2  -2   0  -2  -4  -2   0   2  -3  -3  -2   29   2   3   7   0  11  13   5   0   1   5   4   1   0   0   6  12   0   0   1  0.30 0.24
  220 A     3  -3   6  -2  -4   0  -3  -2  -3  -3  -4  -2  -4  -5  -4   0   3  -6  -4  -1   26   0  37   1   0   4   0   1   0   1   0   1   0   0   0   6  17   0   0   5  0.82 0.44
  221 L    -2  -4  -5  -5  -4  -4  -5  -5  -5   3   5  -3   5   1  -5  -4  -3  -2  -2  -1    4   0   0   0   0   0   0   0   0  18  50   2  15   6   0   0   0   0   1   2  0.91 0.41
  222 S     0   2   0  -1  -4   4   2  -3  -1  -4  -2   3  -3  -4  -2   0   0  -4  -2  -3    6  11   5   3   0  26  13   1   1   0   4  16   0   0   1   5   7   0   1   1  0.47 0.29
  223 S     2   5   0  -2  -2   1  -1  -2  -2  -3  -2   1  -2  -4  -4   1  -1  -5  -4  -2   20  37   5   2   1   6   3   3   0   1   3   5   1   0   0   9   4   0   0   2  0.52 0.32
  224 L    -3  -5  -6  -6  -5  -5  -6  -4  -4  -2   2  -5  -1   7  -6  -5  -2  -1   4  -2    2   0   0   0   0   0   0   1   0   1  21   0   1  56   0   0   2   0  13   1  1.50 0.56
  225 A     5  -4  -2  -2   0  -3  -2  -1  -4  -2  -3  -2  -3  -5  -4   0   3  -5  -4  -1   58   0   1   2   2   0   2   3   0   2   1   1   0   0   0   5  17   0   0   4  0.84 0.45
  226 N     4  -2   1   4  -4  -2   0   0  -3  -4  -4  -1  -4  -5  -3   2  -1  -5  -4  -3   34   2   6  25   0   1   6   6   0   0   0   2   0   0   0  14   2   0   0   1  0.59 0.34
  227 T     0  -4  -4  -5  -4  -3  -4  -4  -5   0   5  -3   0  -2  -4   0   0  -4  -3  -1    9   0   0   0   0   1   0   1   0   2  66   1   1   1   0   8   6   0   0   1  0.85 0.42
  228 G    -3  -3   0  -1  -5  -4  -4   7  -4  -6  -6  -2  -5  -5  -3  -2  -3  -5  -5  -5    1   1   4   3   0   0   1  81   0   0   1   2   0   0   2   2   1   0   0   1  1.71 0.58
  229 V    -1  -4  -4  -5  -3  -4  -4  -3  -5   1   3  -4  -1  -3  -4  -4  -2  -4  -3   5    4   0   1   0   0   0   0   2   0   3  33   0   0   0   0   0   2   0   0  52  0.95 0.43
  230 S     0   0   0   0   0   0   0   0   0  -1   0   0   0  -1   1   1   0   0  -1   0    8   5   4   5   2   3   4   6   2   4   8   8   3   3   6  13   6   1   2   5  0.04 0.01
  231 E    -3  -2  -2   4  -4   1   6  -4  -1  -5  -5   1  -3  -5  -4  -3  -3  -5  -4  -5    1   1   0  26   0   5  53   1   1   0   1   8   1   0   0   1   0   0   0   0  1.23 0.50
  232 V    -3  -5  -6  -6   1  -4  -5  -6  -6   2  -1  -5  -2  -1  -5  -4   1  -6  -3   6    0   0   0   0   3   0   0   0   0  10   4   0   0   2   0   0   8   0   1  71  1.35 0.57
  233 A     6  -3  -2  -3  -3   3  -1  -3   2  -4  -4  -3  -1  -5  -4  -1  -2  -5  -1  -2   63   1   1   1   0  14   3   0   6   0   1   0   2   0   0   4   1   0   2   2  0.98 0.51
  234 I    -4  -5  -6  -6  -4  -5  -5  -6  -5   6   1  -5   0   2  -5  -5  -3   0   3   3    0   0   0   0   0   0   0   0   0  48  11   0   2   7   0   0   0   1  10  21  1.05 0.45
  235 T    -3  -5  -3  -5  -5  -4  -5  -5  -5  -5  -4  -4  -4  -6  -5   0   8  -6  -5  -4    0   0   0   0   0   0   0   0   0   0   1   0   0   0   0   6  92   0   0   0  2.25 0.85
  236 E    -5  -4  -4  -2  -8  -2   8  -6  -4  -7  -7  -3  -3  -7  -5  -4  -5  -7  -6  -6    0   0   0   0   0   0  98   0   0   0   0   0   1   0   0   0   0   0   0   0  2.54 0.90
  237 L    -2  -5  -6  -6  -4  -5  -6  -6  -6   1   6  -5   2  -2  -6  -5  -3  -5  -4   1    3   0   0   0   0   0   0   0   0   4  77   0   4   1   0   0   0   0   0  10  1.35 0.54
  238 D    -6  -6  -3   8  -7  -4  -2  -5  -5  -7  -7  -5  -7  -7  -5  -4  -5  -8  -7  -7    0   0   0  98   0   0   0   0   0   0   0   0   0   0   0   0   0   0   0   0  2.82 0.90
  239 I    -4  -6  -6  -4  -4  -5  -6  -6  -6   7  -1  -5   1  -3  -6  -5  -4  -6  -4   5    0   0   0   1   0   0   0   0   0  57   1   0   2   0   0   0   0   0   0  37  1.57 0.59
  240 A     2   6  -1  -3  -5   1  -1  -2  -3  -4  -4   1  -4  -5  -3   0  -2  -5  -4  -1   18  49   2   1   0   6   3   2   0   0   0   6   0   0   1   5   2   0   0   4  0.88 0.43
  241 G     1  -3   1  -2  -4   2  -2   3   0   0  -2  -2   6  -3  -4  -2   0  -4  -3  -2   12   1   8   1   0   9   2  21   3   7   2   1  23   0   0   1   7   0   0   2  0.42 0.30
  242 A     3  -1   0  -3  -3   5  -1  -2  -3  -4  -3   0  -3  -4  -1   1   0  -3  -3  -3   31   3   4   0   0  32   3   2   0   1   2   4   0   0   3   8   6   0   0   0  0.63 0.39
  243 A    -1  -3  -2  -4  -5   7  -2  -2  -2  -5  -3  -2  -2  -6   0   2  -1  -5  -5  -4    6   0   2   0   0  61   1   3   0   0   3   0   1   0   4  13   4   0   0   1  1.28 0.62
  244 S     5  -2  -3  -4  -4  -1  -2   0  -4  -4  -4   1  -4  -4   2   1   0  -5  -4  -2   51   2   0   0   0   3   2   6   0   0   1   8   0   0  12  10   4   0   0   1  0.70 0.40
  245 S     2   0   2   2  -3   2   1  -2  -1  -4  -4   1  -3  -4  -2   1   2  -4  -3  -2   19   4  12  10   0   8  10   0   1   0   0   6   0   0   1  10  15   0   1   2  0.34 0.24
  246 D    -1  -1   0   6  -5   0   1  -4  -1  -1  -3  -2  -2  -2  -2  -2  -1  -1   1  -1    6   3   4  50   0   4   6   0   1   4   2   1   1   1   2   1   4   1   5   4  0.74 0.38
  247 Y    -5  -6  -6  -6  -6  -6  -6  -7  -2  -5  -4  -6  -5   3  -6  -5  -4   3  10  -5    0   0   0   0   0   0   0   0   0   0   1   0   0  10   0   0   1   3  84   0  2.83 0.92
  248 L     2   2  -1  -1  -2   1   1   0  -1  -2  -2   1  -2  -3  -2   0   0   0   1   1   19  10   2   1   1   7   7   6   1   0   2  10   0   0   1   6   6   1   5  14  0.14 0.16
  249 N     1   2   4   1  -4   1   0  -1  -2  -3  -3   0   0  -4  -3   0   3  -5  -2  -2   12  10  23   7   0   6   4   3   0   1   1   3   2   0   0   5  20   0   1   1  0.38 0.27
  250 L     0  -5  -5  -5  -3  -4  -5  -5  -5   2   1  -4   2  -1  -5  -1   0  -5  -3   5    9   0   0   0   0   0   0   0   0   7  12   0   4   2   0   4   6   0   0  55  0.84 0.41
  251 L     0  -4  -4  -5  -3  -4  -4  -5  -5   2   1  -4   1   2  -4  -3   2  -3  -2   5    9   0   0   0   0   0   0   0   0   8  12   0   3  10   0   0  13   0   0  44  0.68 0.36
  252 N     0   2   3   1  -4   3   1   0  -2  -4  -4   3  -3  -5  -3   1  -1  -5  -4  -3    6  10  13   7   0  13  10   7   0   0   1  20   0   0   0   9   2   0   0   1  0.40 0.25
  253 A     6  -3  -3  -1  -3  -3  -3  -1  -4   0  -2  -3  -2  -5  -4   1  -1  -5  -5   0   66   1   1   3   0   0   0   3   0   5   3   0   0   0   0   8   2   0   0   6  0.94 0.49
  254 C    -2  -7  -7  -7  11  -7  -7  -7  -7  -4  -3  -7  -4   1  -7  -5  -4  -6  -4  -4    3   0   0   0  85   0   0   0   0   1   3   0   0   7   0   0   0   0   0   1  3.34 0.97
  255 L    -2   1  -3  -5  -4  -1  -4  -5  -3   0   5   0   4  -2  -4  -3  -3  -4  -3   1    3   7   1   0   0   2   0   0   0   2  57   6  10   1   1   1   0   0   0   9  0.75 0.39
  256 N     3  -1   3   2  -4   1   1  -2  -2  -4  -3   1  -3  -5  -2   0  -1  -5  -3  -3   31   2  15  13   0   8   7   2   0   0   1   9   0   0   1   6   2   0   0   1  0.43 0.29
  257 E    -1  -3  -2  -4  -4   0  -1  -5   1   1  -2  -4  -1  -2  -4  -3   1  -4   1   5    4   1   2   0   0   5   4   0   4   5   2   0   1   1   0   1   9   0   5  55  0.72 0.40
  258 Q     1   1  -2   1  -3   0   1  -2  -2  -4  -4   2  -3  -5   5   2   0  -5  -4  -4   10   6   0   6   0   3   9   1   0   0   1  16   0   0  26  15   4   0   0   0  0.58 0.31
  259 K     1   4   2  -1  -4   0   0   1  -1  -5  -3   3  -3  -5  -4   0  -2  -5  -4  -4   11  27  10   3   0   4   4  13   1   0   2  19   0   0   0   5   1   0   0   0  0.51 0.29
  260 C    -4  -6  -7  -5  11  -6  -7  -7  -5  -2  -3  -7  -4  -6  -7  -4  -5  -6  -4   0    1   0   0   1  85   0   0   0   0   2   2   0   0   0   0   1   0   0   0   8  3.31 0.97
  261 V    -2  -3  -1  -2  -3  -3  -3  -4  -3   3  -1  -1  -1  -3  -3  -2   2  -4  -3   5    2   1   4   2   0   1   1   1   1  13   3   4   1   0   1   3  14   0   0  49  0.63 0.37
  262 G    -1  -3  -2  -3  -5  -4  -4   7  -5  -6  -6  -4  -5  -5  -5   2  -2  -6  -6  -5    4   2   1   1   0   0   1  73   0   0   0   0   0   0   0  16   2   0   0   0  1.55 0.60
  263 I    -3  -6  -6  -6  -4  -5  -6  -6  -6   6   0  -5   2   3  -6  -5  -3  -2  -1   4    0   0   0   0   0   0   0   0   0  44   4   0   5  11   0   0   0   1   1  33  1.20 0.50
  264 T    -4  -5  -4  -5  -5  -2  -4  -5  -6  -2  -4  -4  -3  -6  -4   0   8  -3  -5  -1    0   0   0   0   0   2   0   0   0   2   1   0   0   0   0   4  85   0   0   4  1.95 0.80
  265 V    -2  -4  -5  -5  -3  -3  -5  -4  -5   3   0  -5   0   2  -3  -2   0  -5  -3   5    2   0   0   0   0   1   0   1   0  15   8   0   1  10   1   3   6   0   0  51  0.81 0.40
  266 W    -6  -8  -9  -9  -7  -7  -8  -7  -7  -8  -7  -8  -3  -3  -6  -8  -7  13  -3  -8    1   0   0   0   0   0   0   0   0   0   0   0   1   1   0   0   0  97   0   0  4.94 1.33
  267 G    -3  -5   0   4  -6  -2  -3   7  -3  -7  -7  -4  -6  -7  -5  -3  -5  -6  -6  -7    0   0   4  20   0   2   1  72   0   0   0   0   0   0   0   1   0   0   0   0  1.72 0.64
  268 V    -2  -5  -6  -6  -4  -4  -4  -6  -4   3   0  -4  -2   5  -4  -4  -2   3   2   5    2   0   0   0   0   0   1   0   0  13   5   1   0  27   1   0   1   3   6  40  0.94 0.43
  269 S     0   2  -1   0  -3  -3  -3  -1  -1  -4  -4  -2  -4  -4  -2   3   4  -2   1  -2    7  14   2   6   0   0   0   3   1   0   1   1   0   0   1  26  31   0   5   2  0.55 0.37
  270 D    -6  -6  -2   8  -7  -4  -2  -5  -5  -7  -8  -5  -7  -7  -6  -4  -5  -8  -4  -7    0   0   0  98   0   0   0   0   0   0   0   0   0   0   0   0   0   0   1   0  2.81 0.92
  271 K     1   2  -1   0  -3   0  -1  -1  -2  -3  -4   5  -3  -5   2   0   0  -5  -3  -3   11  10   2   5   0   3   1   4   1   1   1  37   0   0   9   8   6   0   1   1  0.49 0.31
  272 D    -4  -3   1   4  -6  -2  -2  -4   3  -4  -4  -4  -4   1  -5  -3  -3  -3   7  -3    1   1   6  27   0   2   2   1   7   0   1   0   0   4   0   1   1   0  43   1  1.26 0.55
  273 S    -3  -5  -3  -4  -5  -4  -4  -4  -5  -6  -6  -4  -5  -6  -5   7   2  -7  -6  -5    0   0   0   0   0   0   0   0   0   0   0   0   0   0   0  88  11   0   0   0  1.98 0.82
  274 W    -5  -8  -8  -9  -3  -7  -8  -7  -7  -7  -6  -8  -6  -3  -8  -8  -7  13  -2  -8    1   0   0   0   1   0   0   0   0   0   0   0   0   0   0   0   0  97   0   0  4.94 1.31
  275 R    -4   4  -5  -5  -4  -3  -4  -6  -5   4   1  -2  -2  -2  -4  -4  -3  -5  -4   4    0  28   0   0   0   0   0   0   0  27  14   1   0   1   1   0   0   0   0  28  0.89 0.44
  276 A     1   1  -2  -4  -5  -2  -3  -1  -5  -5  -6  -2  -5  -6   7   1   0  -4  -5  -4   11   8   1   0   0   1   0   5   0   0   0   2   0   0  52  13   5   0   0   0  1.28 0.53
  277 S    -1  -3   2   0  -4   0   1   3  -2  -5  -5   0  -3  -5  -3   3   0  -5  -2  -4    4   0   9   6   0   4  10  26   1   0   0   5   0   0   1  28   5   0   2   1  0.52 0.31
  278 D    -1  -3   1   2  -4  -1   0   2  -2  -3  -4  -2  -3  -2  -3   1   4   2  -4  -1    3   1   7  11   0   3   7  19   1   1   0   1   0   2   0  10  27   3   0   5  0.41 0.28
  279 S     1  -3   3  -1  -4  -3  -2  -4   0  -3  -3  -2  -3   6  -5   0   1   3   2  -3   12   1  15   2   0   0   2   0   2   0   0   3   0  36   0   7   9   3   7   1  0.68 0.38
  280 P     3  -6  -6  -5  -6  -5  -5  -3  -6  -6  -6  -5  -6  -7   8  -4  -4  -7  -7  -4   23   0   0   0   0   0   0   2   0   0   0   0   0   0  73   0   1   0   0   1  2.31 0.80
  281 L    -4  -5  -3  -4   4  -5  -6  -3  -4  -2   6  -5  -1  -2  -6  -5   1  -5  -4  -2    0   0   1   1  10   0   0   3   0   0  73   0   0   1   0   0   9   0   0   1  1.25 0.55
  282 L    -4  -5  -6  -6  -4  -5  -5  -6  -6   2   5  -5   1  -3   4  -5  -4  -5  -4  -1    0   0   0   0   0   0   0   0   0  10  64   0   3   0  19   0   0   0   0   3  1.22 0.52
  283 F    -6  -6  -7  -7  -6  -6  -7  -7  -4  -4  -2  -7   1   8  -7  -6  -6   9   4  -5    0   0   0   0   0   0   0   0   0   0   2   0   3  54   0   0   0  25  15   0  2.31 0.75
  284 D    -5  -5   2   8  -7  -3  -2  -4  -4  -6  -7  -4  -6  -1  -5  -3  -2   1  -4  -6    0   0   8  80   0   0   1   0   0   0   0   0   0   3   0   1   2   2   1   0  2.03 0.72
  285 G     1   0   1   2  -3   0   3   1  -2  -4  -4   0  -3  -4  -2   2  -1  -5  -4  -2   14   5   5  13   0   3  24  11   0   0   0   4   0   0   1  14   2   0   0   2  0.38 0.24
  286 N    -2  -1   7   3  -4   1  -1  -2  -1  -6  -5  -2  -5  -6  -4   1  -2  -6  -3  -5    3   2  50  17   0   6   2   3   1   0   0   2   0   0   0  11   2   0   1   0  1.09 0.48
  287 Y    -4  -4  -2  -5  -5  -3  -5   0   0  -3   1  -3   0   5  -6  -4  -4   1   7  -4    0   0   2   0   0   1   0   8   2   0  15   1   2  22   0   1   0   1  43   0  1.24 0.52
  288 Q    -1   1   4  -1  -5   5   1  -2  -1  -4  -4   1  -3  -5  -4   0   0  -5  -4   0    5   6  20   2   0  30   6   3   1   0   0   9   0   0   0   6   6   0   0   7  0.59 0.36
  289 P    -1   2  -4  -4  -6  -2  -2  -5  -4  -5  -6   4  -5  -6   7  -3  -2  -7  -6  -4    6   9   0   0   0   0   2   0   0   0   0  28   0   0  49   1   2   0   0   1  1.45 0.58
  290 K    -5  -2  -4  -5  -7  -3  -3  -6   1  -7  -7   8  -5  -7  -5  -4  -3  -7  -6  -6    0   0   0   0   0   0   0   0   4   0   0  95   0   0   0   0   1   0   0   0  2.39 0.86
  291 D     2  -3  -5  -3  -6   0  -2  -5  -5  -6  -5  -2  -4  -4   8  -2  -3  -7  -6  -5   17   1   0   1   0   4   3   0   0   0   0   3   0   1  68   2   1   0   0   0  1.89 0.68
  292 A     7  -5  -4  -4  -3  -3  -4  -3  -5  -5  -4  -4  -5  -6  -4  -1  -2  -6  -5  -3   92   0   0   0   0   1   0   0   0   0   1   0   0   0   0   2   2   0   0   1  1.84 0.74
  293 Y    -6  -4  -6  -7  -7  -6  -6  -7  -2  -5  -3  -6  -5   4  -7  -6  -6   2   9  -5    0   1   0   0   0   0   0   0   0   0   1   0   0  15   0   0   0   3  80   0  2.72 0.88
  294 N    -1  -3   4   3  -4  -1  -1  -2   1  -4  -4  -2  -4   0  -4   0   3   4   3  -4    4   1  21  18   0   3   3   2   3   0   0   1   0   3   0   4  18   7  13   0  0.59 0.34
  295 A     5  -2  -3  -4  -3  -3  -2   3  -3  -5  -5  -2  -4  -5  -4   2  -1  -3  -3  -3   49   2   1   0   0   0   2  22   0   0   0   2   0   0   0  16   3   0   1   1  0.84 0.44
  296 I    -3  -5  -6  -6  -2  -5  -5  -6  -6   5   2  -5   2   0  -5  -4  -1  -5  -3   5    1   0   0   0   0   0   0   0   0  32  15   0   4   4   0   0   2   0   0  41  1.00 0.42
  297 V     0   0  -3  -4  -1   0  -2  -3  -1   2   2  -1   2  -2  -4  -1  -1  -4  -1   3   10   6   0   0   1   5   1   1   1  10  26   4   4   0   0   4   1   0   2  23  0.26 0.20
  298 N     1  -1   3   3  -4   2   2  -2  -2  -4  -4   0  -4  -5  -3   1   0  -5  -4  -4   15   2  18  18   0  10  14   2   0   1   0   5   0   0   0  10   4   0   0   0  0.49 0.29
  299 A     5  -3  -3  -1  -3  -3  -2   2  -4  -1  -2  -3  -1  -3  -4  -1   1  -5  -4   1   51   0   0   3   0   0   1  15   0   3   4   0   1   1   0   2   9   0   0   9  0.62 0.36
  300 L    -4  -5  -6  -7  -4  -5  -6  -7  -6   1   6  -6   0   3  -6  -5  -4  -4  -3  -2    0   0   0   0   0   0   0   0   0   8  81   0   1  10   0   0   0   0   0   0  1.48 0.55
  301 S     2  -1   3  -2  -4   3  -2  -3  -2  -4  -4   3  -3  -5  -3   2   1  -5  -4  -3   21   0  18   0   0  13   0   0   0   0   0  21   0   0   0  17  10   0   0   0  0.56 0.31

                      K         Lambda
Standard Ungapped    0.1287     0.3142
Standard Gapped      0.0600     0.2670
PSI Ungapped         0.1970     0.3150
PSI Gapped           0.0600     0.2670
