
Last position-specific scoring matrix computed, weighted observed percentages rounded down, information per position, and relative weight of gapless real matches to pseudocounts
            A   R   N   D   C   Q   E   G   H   I   L   K   M   F   P   S   T   W   Y   V   A   R   N   D   C   Q   E   G   H   I   L   K   M   F   P   S   T   W   Y   V
    1 E    -2  -1  -1   2  -5   3   5  -3  -2  -5  -4   1  -3  -5  -3   1  -2  -5  -4  -4    0   0   0  10   0  12  58   0   0   0   0   6   0   0   0  13   0   0   0   0  0.94 0.27
    2 Q    -1   0  -1  -1  -3  -1   0   3  -1  -2  -2   0  -1  -4  -3   2   3  -4  -3  -1    1   4   0   2   0   2   8  23   2   1   2   6   1   0   0  15  28   0   0   6  0.35 0.20
    3 C    -4  -8  -7  -8  12  -7  -8  -7  -7  -5  -5  -7  -5  -6  -7  -5  -5  -6  -6  -5    0   0   0   0 100   0   0   0   0   0   0   0   0   0   0   0   0   0   0   0  4.08 0.88
    4 E    -2  -4  -3   2  -6  -2   3  -2  -3  -6  -5  -3  -5  -6   7   0  -3  -6  -5  -5    1   0   0  13   0   1  17   3   0   0   0   0   0   0  56   7   0   0   0   0  1.51 0.45
    5 E    -1   0  -2  -1  -4   0   3  -4   1  -3  -1   0   2  -1   4  -2  -1  -4   0  -2    3   4   1   2   0   2  27   0   4   0   5   4   8   3  25   1   4   0   3   3  0.51 0.24
    6 G    -2  -4   1   0  -5  -2  -3   5  -1  -5  -3  -1  -2   4  -5  -1  -3  -4  -2  -5    0   0   6   5   0   2   0  54   1   0   1   4   1  22   0   3   1   0   1   0  0.96 0.35
    7 W    -7  -7  -8  -9  -7  -6  -7  -7  -7  -7  -6  -7  -6  -3  -8  -7  -7  13  -2  -7    0   0   0   0   0   0   0   0   0   0   0   0   0   0   0   0   0 100   0   0  4.94 1.01
    8 T    -2  -1  -2   1  -3   1  -1  -3   3   0   0  -1   0   1  -3  -2   1   4   2   1    1   2   0  10   0   9   3   0   9   3  12   4   2   6   0   0  13   6  10  10  0.20 0.15
    9 K    -1   0   2  -2  -4  -1   0  -1   1  -4  -4   4  -3  -4   2   3  -2  -5  -2  -4    4   2   9   1   0   2   5   4   4   1   1  29   0   0  11  27   0   0   1   0  0.51 0.26
   10 F    -6  -6  -7  -7  -6  -7  -7  -7  -5  -4  -3  -7  -3   9  -7  -6  -6  -2   2  -4    0   0   0   0   0   0   0   0   0   0   1   0   0  95   0   0   0   0   4   0  2.81 0.69
   11 Q    -4  -2   4  -2  -6   7   1  -1   2  -6  -5  -2  -1  -6  -4  -2  -2  -5  -2  -5    0   1  25   0   0  52   8   5   4   0   1   0   1   0   0   0   1   0   1   0  1.25 0.47
   12 G    -1   0  -1  -1  -5   0  -2   6   0  -6  -6  -1  -4  -5  -4   1  -2  -5  -5  -5    4   6   2   2   0   4   1  64   3   0   0   3   0   0   0  10   1   0   0   0  1.09 0.36
   13 H    -1   4   0  -3  -1   0  -2  -1   6  -5  -4   3  -3   0  -4   1  -2  -4   0  -4    4  25   4   0   1   2   0   3  20   0   0  21   0   5   0  13   1   0   2   0  0.64 0.29
   14 C    -4  -8  -7  -8  12  -7  -8  -7  -7  -5  -5  -7  -5  -6  -7  -5  -5  -6  -6  -5    0   0   0   0 100   0   0   0   0   0   0   0   0   0   0   0   0   0   0   0  4.07 0.87
   15 Y    -6  -6  -6  -7  -6  -5  -6  -7  -2  -5  -5  -6  -5   1  -7  -6  -5  -1  10  -5    0   0   0   0   0   0   0   0   0   0   0   0   0   2   0   0   0   0  98   0  3.19 0.80
   16 R    -3   4  -3  -4  -5  -1  -2  -4  -2  -3  -1   5  -2  -2  -4  -1  -2   1   5  -4    0  29   0   0   0   0   0   0   0   1   5  37   0   1   0   4   1   2  21   0  0.94 0.37
   17 H    -5  -4  -4  -5  -5  -4  -4  -6   7  -3   0  -5  -3   5  -6  -4  -4  -2   6  -2    0   0   0   0   0   0   0   0  28   0   9   0   0  27   0   0   0   0  34   2  1.56 0.47
   18 F    -3  -4   0  -4  -4  -2  -4   1   0  -1  -2  -4  -1   6  -5   1  -2  -3   1   2    0   0   4   0   0   2   0  11   2   2   1   0   1  41   0  14   1   0   2  19  0.68 0.31
   19 P     3  -2  -2  -1  -3  -1   1  -1  -2  -4  -3   0  -3  -2   4   2   0  -4  -3  -3   29   1   1   2   0   2   8   2   0   0   2   6   0   2  18  21   5   0   0   0  0.47 0.23
   20 D    -1   0  -1   1  -3   1   2   1   4  -3  -2  -1  -3  -4  -3   1   3  -4  -2  -2    2   4   1   9   0   6  14   9  12   0   2   2   0   0   0  13  23   0   0   2  0.34 0.20
   21 R    -2   5  -1  -3  -2   0  -2  -2   3  -4  -2   2  -3  -4   1   0   1  -5  -3  -4    3  45   2   0   1   2   0   2   7   0   4  12   0   0   6   7  10   0   0   0  0.69 0.30
   22 E    -2   4  -3  -2  -5   1   1  -2   0  -3  -2   4   5  -4  -4  -2  -2  -1  -3  -3    1  25   0   1   0   6   8   3   3   0   3  27  19   0   0   1   2   1   0   1  0.64 0.30
   23 T     0  -1   0   0  -3   0  -1  -3  -3  -3  -4  -1  -2  -4  -1   4   4  -5  -4  -3    7   2   3   4   0   4   2   1   0   1   0   3   1   0   2  40  29   0   0   0  0.63 0.31
   24 W    -7  -7  -8  -8  -7  -6  -7  -2  -7  -7  -6  -7  -6  -1  -8  -7  -7  13  -2  -7    0   0   0   0   0   0   0   4   0   0   0   0   0   1   0   0   0  95   0   0  4.55 0.95
   25 V     2   0   0   2  -3   0   3  -2  -2   0  -2  -1  -1  -4  -2   0  -1  -4  -3   1   21   5   3  14   0   3  24   1   1   7   3   0   1   0   1   4   3   0   0  10  0.27 0.18
   26 D     0  -3  -1   5  -5   2   3  -2  -1  -4  -5  -2  -4  -5  -3   0  -1  -5  -4  -1   10   0   2  41   0  10  23   2   2   0   0   0   0   0   0   4   2   0   0   4  0.82 0.32
   27 A     7  -5  -5  -5  -3  -4  -4  -1  -5  -4  -5  -4  -4  -5  -4  -1  -3  -6  -5  -3   94   0   0   0   0   0   0   4   0   0   0   0   0   0   0   2   0   0   0   0  1.76 0.57
   28 E    -4   3  -3   0  -6   1   6  -5  -3  -6  -5   1  -4  -6   0  -3  -3  -6  -5  -3    0  19   0   4   0   4  61   0   0   0   0   8   0   0   4   0   0   0   0   1  1.23 0.43
   29 R    -2   3  -1  -3  -4   3  -1  -2  -1  -2   1   3   0   2  -3   0   0  -3   0  -2    0  16   3   0   0  15   2   1   1   1  14  19   2  10   0   5   6   0   4   1  0.28 0.18
   30 R     1   1  -2   1  -4   2   0  -3   5  -3  -3  -2  -3   2   0  -1   0  -2   4  -2   14   7   1   7   0  10   6   0  18   0   1   0   0  11   4   1   5   0  14   1  0.40 0.22
   31 C    -4  -7  -7  -7  11  -7  -8  -6  -7  -5  -2  -7  -5  -6  -7  -5  -5  -6  -6  -5    0   0   0   0  96   0   0   0   0   0   4   0   0   0   0   0   0   0   0   0  3.80 0.83
   32 R    -2   5  -2  -2  -4   3  -1  -4  -3  -2   0   0  -1  -4  -1   0  -2  -4  -3   2    1  40   0   1   0  15   3   0   0   1  10   2   1   0   2   6   0   0   0  15  0.58 0.28
   33 E    -1   1   1   2  -4   0   3  -2   3  -2  -1   1   0  -3  -3   2   0  -4  -2  -3    2   7   5  10   0   1  21   1   7   1   9  10   3   0   0  19   4   0   0   0  0.29 0.18
   34 Q    -1   1   1  -1  -1   4   0  -2   3  -3   1   0   1  -1  -3  -2  -2  -2   1  -2    4   6   7   2   2  29   4   1  10   0  15   4   5   3   0   1   0   0   5   2  0.34 0.22
   35 Q    -1   1   1  -1  -4   2   0   4   0  -4  -3  -1  -3  -3  -4   0  -3  -4   2  -4    3   7   7   2   0  11   7  43   2   0   2   2   0   0   0   6   0   0   8   1  0.56 0.24
   36 S     4  -4  -3  -4  -3  -3  -3   4  -4  -5  -5  -3  -4  -5  -4   2  -2  -5  -5  -4   45   0   0   0   0   0   0  35   0   0   0   0   0   0   0  19   1   0   0   0  1.02 0.38
   37 H    -4   1   5  -1  -6  -1  -3  -4   9  -6  -6  -1  -5  -5  -2  -3  -4  -5   0  -6    0   9  28   3   0   2   0   0  52   0   0   2   0   0   2   0   0   0   2   0  1.69 0.51
   38 L    -4  -5  -7  -7  -4  -5  -6  -7  -6  -1   7  -6  -1  -2  -6  -6  -4  -5  -4  -2    0   0   0   0   0   0   0   0   0   0 100   0   0   0   0   0   0   0   0   0  1.86 0.55
   39 S     2  -4  -4  -4  -3  -4  -4  -4  -5  -1  -1  -4   0  -3  -4   1   2  -5  -4   5   18   0   0   0   0   0   0   0   0   0   3   0   2   0   0  10  11   0   0  56  0.79 0.35
   40 S    -2  -3  -1  -3  -4  -3  -3  -3  -4   1  -4  -3  -4  -3  -4   6   1  -6  -4  -1    0   1   1   0   0   0   0   0   0   9   0   0   0   1   0  76   9   0   0   4  1.24 0.49
   41 I    -4  -6  -6  -6  -4  -6  -6  -7  -6   7  -1  -6  -2  -3  -6  -4  -2  -6  -4   2    0   0   0   0   0   0   0   0   0  84   0   0   0   0   0   1   2   0   0  12  1.80 0.53
   42 V    -3  -2   1  -2  -4  -2  -3  -3   8  -1   1  -3   3  -3  -4   0  -2  -4   1  -1    1   2   6   2   0   0   0   1  45   4  13   1   7   0   0   6   2   0   5   5  0.92 0.35
   43 T    -2  -4   1  -3  -4  -3  -3  -3  -4  -4  -5  -3  -3  -3  -1   5   4  -5  -4  -4    0   0   7   0   0   0   0   0   0   0   0   0   1   1   2  57  31   0   0   0  1.16 0.46
   44 P    -1   0  -2  -3  -4   2   1  -3   1  -2   1  -2   0  -1   5  -1  -2   1  -3  -3    4   4   2   0   0  13  10   0   3   2  14   0   3   3  33   4   2   2   0   0  0.56 0.25
   45 E     0  -2   0   0  -6   0   7  -4  -1  -5  -5  -1  -3  -6   0  -2  -3  -6  -5  -3   10   2   3   2   0   2  72   0   1   0   1   1   0   0   4   1   1   0   0   1  1.25 0.46
   46 E    -4  -3  -3   0  -7  -1   8  -5  -3  -7  -6  -2  -5  -7  -2  -3  -4  -6  -5  -6    0   0   0   2   0   0  96   0   0   0   0   0   0   0   2   0   0   0   0   0  2.22 0.66
   47 Q    -3  -2  -1  -2  -6   7   2  -5   4  -5  -1  -2  -2  -5  -4  -3  -4  -5   1  -5    2   0   3   1   0  61  14   0   8   0   6   0   1   0   0   0   0   0   4   0  1.31 0.49
   48 E    -2  -1   4   4  -4   2   3  -1  -1  -3  -3  -1   0  -4  -3   0   0  -5  -4  -2    2   2  22  24   0   9  20   3   1   1   2   2   3   0   0   4   5   0   0   2  0.53 0.24
   49 F    -5  -6  -6  -7  -6  -6  -6  -6  -2  -3   0  -6  -3   9  -7  -6  -5   0   2  -4    0   0   0   0   0   0   0   0   1   0   6   0   0  87   0   0   0   1   6   0  2.40 0.63
   50 V    -2  -5  -5  -5  -3  -4  -5  -5  -5   4   2  -4  -1  -3  -4  -2  -2  -5  -3   5    2   0   0   0   0   0   0   0   0  26  18   0   0   0   0   3   0   0   0  50  0.94 0.34
   51 N     0   1   5  -2  -4  -1  -2  -3  -2  -2  -4   3  -1  -4  -3   0   2  -5  -1  -3    9   8  37   0   0   1   0   0   0   3   0  19   2   0   0   4  12   0   2   1  0.61 0.29
   52 K     0   2   1   1  -3   0   0   1  -2  -3  -3   3   0  -3  -2   2   0  -4  -3  -2    5  13   8   6   0   4   4  10   0   0   2  20   3   1   0  18   4   0   0   1  0.28 0.16
   53 N    -2   1   1  -2  -2   0  -2   1   4  -1   2  -1   1   0  -3  -1   0  -3   0  -2    0   8  10   1   1   5   0  11  14   1  26   2   4   4   0   3   5   0   4   1  0.21 0.16
   54 A     2  -3  -3  -3  -3  -1  -3   1  -3   4  -1  -3   0  -2   1   1  -1  -3   1   0   21   0   0   0   0   3   0  12   0  32   2   0   1   1   6  11   2   0   6   2  0.31 0.21
   55 Q    -2   3  -1  -2  -4   3   0  -2   3  -4  -2   3  -3  -4   2   0  -1  -4  -3  -4    0  20   2   1   0  14   3   2   8   0   4  24   0   0  12   8   2   0   0   0  0.53 0.24
   56 D    -2   2   3   3  -4  -1   3  -2  -2  -4  -4   1  -3  -4  -1   0   0  -4  -3  -4    1  13  17  20   0   1  23   2   0   0   1   8   0   0   3   4   6   0   0   0  0.52 0.22
   57 Y    -2  -2   1   0   0  -1   1   0  -1  -1  -2  -2  -2   4  -2  -1  -2   0   5   0    1   1   7   6   3   2   9   7   1   2   0   1   0  19   1   3   1   0  26   9  0.42 0.22
   58 Q     0  -1   0  -2  -3   3  -2  -3   0  -1  -1  -2  -2  -3   0   2   4  -3   2  -1    5   3   3   0   0  19   0   1   2   3   5   0   0   0   3  15  29   0   8   4  0.37 0.24
   59 W    -6  -6  -2  -6  -6  -5  -2  -6  -5  -6  -5  -6  -5  -3  -6  -6  -6  13  -2  -6    0   0   3   0   0   0   4   0   0   0   0   0   0   0   0   0   0  90   0   0  4.10 0.86
   60 I    -3  -5  -5  -5  -3  -4  -5  -5  -5   7   1  -4   0  -2  -5  -2  -1  -5  -3   2    0   0   0   0   0   0   0   0   0  71  12   0   1   0   0   3   3   0   0   7  1.25 0.40
   61 G    -3  -5  -1  -4  -5  -4  -5   7  -4  -6  -6  -4  -5  -5  -5  -2  -4  -5  -1  -5    0   0   3   0   0   0   0  91   0   0   0   0   0   0   0   1   0   0   2   0  1.98 0.52
   62 L    -4  -4  -5  -5  -4  -2  -5  -3  -5  -1   6  -5  -1  -2  -5  -5  -4  -4  -3  -1    0   0   0   0   0   2   0   2   0   0  89   0   0   0   0   0   0   0   0   3  1.40 0.45
   63 N    -2   1   5  -2  -4   1  -2  -3   2  -4  -2   0  -3   0  -3   3   1  -4  -3  -4    1   8  33   0   0   5   0   0   6   0   3   3   0   5   0  25   8   0   0   0  0.59 0.28
   64 D    -4  -4  -1   8  -6  -1   0  -4  -4  -5  -6  -3  -5  -6  -4   0  -3  -6  -5  -5    0   0   2  84   0   3   4   0   0   0   0   0   0   0   0   5   0   0   0   0  1.93 0.54
   65 R    -1   4  -2  -3   2   0  -2  -3  -3   1   2   3   0  -3  -2  -1   0  -4  -3  -1    3  24   1   0   5   3   0   0   0   9  21  21   2   0   1   3   5   0   0   2  0.35 0.20
   66 T    -1  -1   1   2  -3   1   1  -1   5  -1  -3   0   1  -3  -3   0   2  -4  -2  -2    4   3   5  14   0   6   6   4  19   4   1   3   4   0   0   5  18   0   1   2  0.33 0.18
   67 I    -2   1  -3  -3  -3   1  -2  -2  -1   2   0   3   2   0  -3  -2  -1  -3  -2   2    0   7   0   0   0   8   0   4   2  17   7  25   6   4   0   1   1   0   1  16  0.26 0.18
   68 E    -3  -2   0   1  -6   3   7  -4  -3  -6  -5   0  -4  -6  -1  -3  -3  -5  -4  -5    1   0   3   5   0  12  71   0   0   0   0   4   0   0   3   0   0   0   0   0  1.41 0.47
   69 G    -2   0   2  -1  -4  -1  -2   6  -1  -4  -4  -1   2  -4  -4  -1  -3  -4  -4  -4    1   5  10   2   0   2   2  61   1   0   1   4   7   0   0   3   0   0   0   1  0.97 0.32
   70 D    -2   2   1   5  -4   0   3  -2  -2  -4  -4  -1  -2  -4  -3  -1   1  -4  -4  -2    1  13   4  38   0   2  18   3   0   0   1   1   1   0   0   3   9   0   0   4  0.64 0.25
   71 F    -4  -5  -5  -5  -4  -4  -5  -5   0  -3  -2  -5  -3   7  -5  -4  -1  10   2  -4    1   0   0   0   0   0   1   1   2   0   2   0   0  46   0   1   4  37   4   1  2.03 0.50
   72 R    -2   3  -2  -3  -3   3   0  -3   0   1  -1   1   5   1   1  -2  -2  -3  -2   0    0  20   0   0   0  17   6   1   2   8   2   6  19   6   6   0   1   0   0   5  0.40 0.23
   73 W    -5  -6  -6  -7  -5  -5  -6  -3  -5  -5  -3  -6  -5  -3  -6  -6  -5  13  -2  -6    0   0   0   0   0   0   0   3   0   0   3   0   0   0   0   0   0  90   0   0  4.08 0.84
   74 S    -1  -3  -2  -3  -3  -2  -3  -1  -3  -3   0  -3   2  -3  -2   5   3  -4  -3  -1    0   0   0   0   0   0   0   4   0   0  11   0   7   0   1  50  20   0   0   5  0.68 0.33
   75 D    -4  -4  -1   8  -5  -3  -1  -4   1  -5  -3  -3  -5  -5  -4  -3  -2  -6  -5  -5    1   0   1  86   0   0   0   0   3   0   3   0   0   0   0   0   3   0   0   0  1.95 0.54
   76 G    -2  -2   0  -3  -3  -1  -2   6   0  -5  -3  -2  -4  -5  -4  -1  -3  -4  -4  -5    1   1   5   0   1   3   3  71   3   0   3   2   0   0   0   4   1   0   0   0  1.21 0.37
   77 H    -2  -2   1  -2   4  -1  -2  -3   4  -3  -3  -2  -1  -4  -3   4   3  -4  -3  -2    0   2   6   1  10   1   1   1  10   0   1   2   1   0   0  43  19   0   0   1  0.69 0.32
   78 S     1  -1  -2  -1  -4  -2  -3  -2  -2  -3  -3  -1  -4  -4   7   0   0  -5  -4  -1   13   4   1   3   0   1   0   3   1   1   1   3   0   1  52   8   4   0   0   4  1.08 0.34
   79 L    -2  -3  -4  -5  -3   1  -3  -5  -2   0   3  -3   2   1  -3  -3  -2  -3   1   4    1   0   0   0   0   9   0   0   1   1  35   0   5   5   1   0   0   0   5  37  0.60 0.28
   80 Q    -2   0   2   2  -4   4   0  -1  -1  -1   1  -1  -2  -3  -3   1   1  -4  -3  -2    0   5   9  14   0  22   2   3   1   4  17   2   0   0   0  10  10   0   0   1  0.28 0.20
   81 F    -5  -5  -6  -6  -5  -5  -6  -6  -2  -3   1  -5  -3   7  -6  -5  -5  -1   8  -4    0   0   0   0   0   0   0   0   0   0  11   0   0  41   0   0   0   0  48   0  1.91 0.54
   82 E    -2  -2  -2  -1  -4  -1   4  -4  -3  -3  -3   0  -2  -1  -3   3   3  -5  -4   0    1   1   0   2   0   1  38   0   0   0   1   5   1   2   0  22  19   0   0   8  0.62 0.32
   83 K    -4  -2   7  -2  -5  -3  -3  -4   3  -4  -2  -1  -4   3  -5  -1  -2  -4   4  -4    0   1  55   0   0   0   0   0   6   0   4   3   0  13   0   2   2   0  13   0  1.16 0.43
   84 W    -7  -7  -8  -9  -7  -6  -7  -7  -7  -7  -6  -7  -6  -3  -8  -7  -7  13  -2  -7    0   0   0   0   0   0   0   0   0   0   0   0   0   0   0   0   0 100   0   0  4.90 1.02
   85 R    -1   4   2   1  -3   0  -1  -1   5  -4  -3   0  -3  -3  -4   0  -2  -1   1  -4    4  27  13  10   0   3   2   3  19   0   2   4   0   0   0   5   1   1   5   0  0.53 0.25
   86 P     1   0  -3  -2  -5  -2   0  -2   1  -5  -4  -1  -4  -5   7  -1  -1  -6  -5  -2   10   5   0   1   0   1   7   2   3   0   1   2   0   0  57   3   3   0   0   3  1.26 0.39
   87 N    -2  -3   4  -2  -5   0  -1   5  -1  -5  -5  -1  -4   0  -4  -1  -2  -5  -2  -5    2   1  27   1   0   4   4  47   1   0   0   3   0   5   0   3   1   0   1   0  0.89 0.33
   88 Q    -4  -2  -3  -2  -6   7   5  -5  -3  -6  -6  -2  -4  -6  -4  -3  -4  -5  -5  -6    0   0   0   0   0  60  40   0   0   0   0   0   0   0   0   0   0   0   0   0  1.88 0.61
   89 P    -4  -6  -6  -5  -7  -5  -5  -6  -6  -7  -7  -5  -6  -7   9  -4  -5  -7  -7  -6    0   0   0   0   0   0   0   0   0   0   0   0   0   0 100   0   0   0   0   0  3.27 0.78
   90 D    -5  -4   6   7  -6  -3  -1  -4  -3  -6  -7  -3  -6  -6  -5  -2  -2  -7  -6  -6    0   0  40  57   0   0   1   0   0   0   0   0   0   0   0   1   1   0   0   0  1.81 0.54
   91 N    -3  -3   8   1  -5  -3  -3  -3  -3  -6  -6  -3  -5  -6  -4   3  -2  -6  -5  -5    0   0  70   5   0   0   0   0   0   0   0   0   0   0   0  23   0   0   0   0  1.71 0.54
   92 F    -2  -2  -2  -2  -3   0  -1   1   0  -1  -1  -2  -1   5  -3  -2  -2   3   5  -2    2   1   2   2   0   4   3  13   2   3   4   2   1  28   1   3   1   4  21   2  0.50 0.19
   93 F     0   1  -1  -3  -3  -1  -2  -2   1  -1   0  -1  -1   6  -3  -2  -2   0   1  -1    9   8   3   1   0   2   1   3   4   2   8   3   1  43   1   1   2   1   3   3  0.51 0.20
   94 A     1  -2   1   1  -3  -1   0   3   0  -2   1  -2  -2  -3  -2   0  -1  -3  -3  -2   15   0   7   8   0   2   5  29   3   1  17   1   0   0   1   8   2   0   0   1  0.27 0.15
   95 T     0  -1  -1  -2  -3   2  -1   3  -2  -3  -3   0  -2  -4  -1   3   1  -4  -2  -3    7   2   2   1   0  11   1  27   0   2   1   5   0   0   3  28   8   0   1   1  0.42 0.21
   96 G    -2  -3   2   1  -4  -1   0   5  -2  -3  -3   0  -2  -4  -1  -1  -3  -4  -4  -3    2   0  11   6   0   3   6  55   0   1   2   5   1   1   2   2   0   0   0   2  0.77 0.28
   97 E    -4  -3  -4  -2  -7   0   8  -5  -3  -7  -6  -2  -5  -7  -4  -3  -2  -6  -5  -6    0   0   0   0   0   1  96   0   0   0   0   0   0   0   0   0   3   0   0   0  2.22 0.67
   98 D    -4  -4   3   7   0  -3   0  -4   5  -6  -6  -3  -5  -6  -2  -2  -4  -7  -4  -6    1   0  14  62   2   0   3   0  15   0   0   0   0   0   2   1   0   0   0   0  1.53 0.48
   99 C    -4  -7  -6  -7  11  -3  -7  -6  -2  -5  -5  -7  -5  -6  -7  -5  -5  -6  -6  -5    0   0   0   0  97   1   0   0   1   0   0   0   0   0   0   0   0   0   0   0  3.84 0.85
  100 V     1  -5  -5  -5   1  -5  -5   0  -6   0  -1  -5  -1  -4  -5  -4  -3  -5  -4   6   11   0   0   0   3   0   0   8   0   0   2   0   1   0   0   0   0   0   0  75  1.21 0.45
  101 V    -2  -3  -2  -4  -2  -1  -1  -3   6  -1  -1  -3   3  -3  -4   1  -1  -4  -2   4    1   0   1   0   0   2   3   2  24   1   3   0  10   0   0  12   2   0   0  38  0.71 0.34
  102 M    -2  -3   0  -5  -4  -3  -4  -5   0   2   0  -2   8  -3  -5  -3   3  -4  -4  -1    2   1   5   0   0   0   0   0   3  13   5   2  51   0   0   0  17   0   0   1  1.20 0.46
  103 I    -2  -1   5  -2  -3  -2  -3  -2  -2   3  -1  -3  -2  -3  -3  -1  -2   1  -3   2    1   3  36   1   0   0   1   2   0  24   5   1   0   0   1   4   1   2   0  18  0.58 0.27
  104 W    -1  -2  -3  -4  -3  -3  -3  -1  -2  -1  -2  -2  -1   2  -3  -2  -2  10   4  -1    6   2   1   1   0   1   1   5   1   4   2   2   1   8   2   4   2  39  13   6  1.22 0.33
  105 H    -2   1  -1   1  -4   0  -2   2   7  -4  -3  -2  -3  -1  -2  -1  -3  -3   0  -2    1   9   1   8   0   5   1  20  37   1   2   1   0   3   2   4   1   0   2   2  0.75 0.28
  106 E    -1  -1   0   3  -4   0   3   0  -2  -3  -3   1  -1  -4   2   1   0  -4  -4  -3    3   1   3  19   0   2  26   6   0   1   1   9   2   0  11  12   5   0   0   0  0.45 0.21
  107 R     0  -1   2   1  -3   1   1   2   0  -2  -2   1  -2  -3  -2   2  -1  -4  -3  -2    6   1  12  10   0   6   7  17   2   2   5   8   0   1   1  18   2   0   0   3  0.23 0.13
  108 G    -2  -1  -1  -3  -5  -3  -3   6  -2  -5  -5   3  -4  -1  -4  -1  -3  -4  -2  -5    2   2   2   0   0   0   0  63   1   0   0  21   0   3   0   3   0   0   2   0  1.17 0.39
  109 E    -3   3  -1  -1  -5   4   1  -2  -1  -4  -3   4  -2  -4  -3   0   0  -4  -1  -4    0  16   2   3   0  25   8   2   1   0   2  26   1   0   0   5   6   0   3   0  0.61 0.28
  110 W    -7  -7  -8  -9  -7  -6  -7  -7  -7  -7  -6  -7  -6  -3  -8  -7  -7  13  -2  -7    0   0   0   0   0   0   0   0   0   0   0   0   0   0   0   0   0 100   0   0  4.96 1.06
  111 N    -4  -4   8   0  -6  -3  -3  -4  -3  -4  -7  -3  -5  -6  -5   2  -3  -7  -5  -6    0   0  82   3   0   0   0   0   0   1   0   0   0   0   0  14   0   0   0   0  2.10 0.64
  112 D    -5  -5  -2   8  -7  -4  -1  -5  -5  -7  -7  -4  -7  -7  -5  -4  -5  -8  -7  -7    0   0   0  99   0   0   1   0   0   0   0   0   0   0   0   0   0   0   0   0  2.68 0.72
  113 V     1  -2   0  -2  -1  -1  -1  -3   1   1   1  -2  -1  -1  -3   0  -1   0   1   4   11   2   4   1   1   2   2   1   4   3  11   2   1   1   0   7   2   1   5  39  0.23 0.18
  114 P    -1  -2  -4  -3  -5   1  -3  -4  -4  -4  -3  -2  -2   2   7   1  -1  -1  -1  -1    4   2   0   1   0   6   0   0   0   0   2   2   1   8  51  12   2   1   2   5  1.10 0.39
  115 C    -4  -8  -7  -8  12  -7  -8  -7  -7  -5  -5  -7  -5  -6  -7  -5  -5  -6  -7  -5    0   0   0   0 100   0   0   0   0   0   0   0   0   0   0   0   0   0   0   0  4.10 0.91
  116 N    -1   0   6   2  -4  -1  -2  -1  -1  -5  -5  -2  -4  -5  -4   3  -1  -5  -2  -5    3   4  42  10   0   1   1   4   1   0   0   0   0   0   0  29   3   0   2   0  0.92 0.38
  117 Y    -3   1  -1  -2  -4   1  -1  -4  -1  -2   0   1  -2   0  -4   0   0  -1   6  -1    1   7   2   2   0   5   4   0   0   1   9   9   0   1   0   9   6   0  38   4  0.54 0.28
  118 Q    -1  -1   3  -2  -4   0  -2  -2   6  -2  -2   0  -3  -2  -2   1   2  -3  -1  -2    4   2  15   0   0   3   1   1  27   2   5   6   0   1   1  12  16   0   2   1  0.51 0.26
  119 L    -4  -3  -2  -2  -2  -4  -4  -5  -3  -1   5  -3  -1   3  -5  -3   1  -3   3  -2    0   1   2   2   1   0   0   0   0   1  62   1   0  10   0   1   8   0  11   0  0.83 0.35
  120 P     2  -1  -2  -3  -4  -2  -3  -1   0  -4  -4  -2  -4  -4   6   2   1  -4   2  -4   15   3   1   0   0   1   0   5   2   0   0   1   0   0  39  15   9   0   9   0  0.85 0.32
  121 F    -4  -5  -5  -5  -5  -5  -5  -5  -3  -4  -4  -5  -4   6  -6   2  -4   8   5  -4    0   0   0   0   0   0   0   0   0   0   0   0   0  32   0  20   0  25  23   0  1.70 0.51
  122 T    -3  -5  -4  -5  -3  -4  -4  -5  -5   4  -1  -4  -2  -3  -4  -3   4  -5  -4   5    0   0   0   0   0   0   0   0   0  23   4   0   0   0   0   0  28   0   0  44  1.00 0.39
  123 C    -4  -8  -7  -8  12  -7  -8  -7  -7  -5  -5  -7  -5  -6  -7  -5  -5  -6  -6  -5    0   0   0   0 100   0   0   0   0   0   0   0   0   0   0   0   0   0   0   0  4.07 0.89
  124 K     2  -1  -3   0  -5  -1   3  -3  -3  -4  -3   5  -4  -5  -3  -2  -3  -5  -4  -2   21   0   0   5   0   1  21   0   0   0   2  48   0   0   0   1   0   0   0   2  0.84 0.37
  125 K    -2   4  -2  -3  -5  -1  -2  -4  -3  -4  -4   6   3  -5  -3  -2  -2  -5  -4  -4    2  24   0   0   0   0   0   0   0   0   0  62  10   0   0   1   1   0   0   0  1.16 0.37
  126 G     1  -3  -1  -2  -3  -3  -3   6  -3  -5  -5  -2  -4  -4  -3   0  -2  -4  -4  -4    9   0   0   0   0   0   0  85   0   0   0   0   0   0   0   6   0   0   0   0  1.26 0.19

                      K         Lambda
Standard Ungapped    0.1367     0.3199
Standard Gapped      0.0503     0.2670
PSI Ungapped         0.1649     0.3133
PSI Gapped           0.0503     0.2670
