
Last position-specific scoring matrix computed, weighted observed percentages rounded down, information per position, and relative weight of gapless real matches to pseudocounts
            A   R   N   D   C   Q   E   G   H   I   L   K   M   F   P   S   T   W   Y   V   A   R   N   D   C   Q   E   G   H   I   L   K   M   F   P   S   T   W   Y   V
    1 Q    -3   6  -2  -3  -5   6   1  -4  -2  -5  -4   1  -3  -5  -4  -2  -3  -5  -4  -5    0  46   0   0   0  45   5   0   0   0   0   4   0   0   0   0   0   0   0   0  1.36 0.43
    2 S     2  -2   0   0  -2   2  -1  -2  -3  -2  -3  -1  -2  -4  -2   2   4  -4  -3  -1   16   0   4   5   0  14   1   2   0   2   1   1   0   0   0  12  38   0   0   3  0.48 0.28
    3 I     0  -3  -3  -4  -2  -2  -3   0  -4   4   2  -3   0   0  -1  -1  -1  -1  -1   2    8   0   1   0   0   1   0  10   0  30  17   0   1   4   2   6   1   1   1  18  0.28 0.18
    4 T    -2  -3  -1  -3   3  -2  -2  -4  -1  -4  -4  -2  -3  -4  -2   0   7  -5   0  -3    1   1   2   0   6   1   1   0   1   0   0   1   0   0   1   3  77   0   4   0  1.33 0.53
    5 T     0  -3   1  -1  -4  -1   0  -2  -3  -4  -3  -2  -2  -5   5   3   2  -5  -4  -3    4   0   6   3   0   1   6   1   0   0   1   1   1   0  32  31  13   0   0   0  0.78 0.34
    6 S    -2  -1   7  -1  -4  -2  -2  -3  -2  -4  -5  -3  -4  -5  -2   4  -2  -5   0  -5    1   2  54   1   0   0   0   0   0   1   0   0   0   0   2  34   1   0   4   0  1.20 0.49
    7 Q     1   0  -1  -2  -3   4   1   0  -2  -2  -3   1  -3  -4  -3   3   0  -4  -3  -3   12   3   2   0   0  24  10   7   0   2   1   9   0   0   0  27   4   0   0   0  0.46 0.27
    8 T    -1  -1  -2   0  -3   3   0  -3  -3  -1  -2  -2  -2  -4  -3   1   5   0  -3  -1    4   3   0   4   0  14   6   0   0   4   2   0   1   0   0  12  47   1   0   2  0.61 0.35
    9 G    -1  -5  -2  -4  -3  -4  -3   7  -5  -6  -5  -4  -5  -6  -5  -1  -4  -5  -6  -5    3   0   1   0   1   0   1  89   0   0   1   0   0   0   0   4   0   0   0   1  1.87 0.57
   10 T    -2  -2   2  -2  -3  -2  -2  -4  -3   0  -2  -2  -1  -1  -3   0   5   0   2   0    0   1   9   1   0   1   2   0   0   4   1   1   2   2   1   4  53   2   8   6  0.67 0.36
   11 N    -2  -1   4   1   0   0  -1  -2   7  -1  -4  -1  -3  -2  -3   0  -3  -4  -1  -2    2   3  24   8   3   4   1   2  33   4   0   2   0   2   1   6   0   0   1   2  0.74 0.34
   12 N    -2  -3   5   4  -1   0  -1   2  -1  -5  -5  -2  -4  -4  -4   0  -2  -5  -1  -3    1   0  37  27   2   4   2  16   1   0   0   0   0   0   0   5   1   0   2   1  0.79 0.34
   13 G    -2  -5  -1  -2  -5  -4  -4   7  -4  -5  -6  -3  -5  -6  -5  -2  -4  -5  -5  -5    1   0   3   1   0   0   0  90   0   1   0   1   0   0   0   1   0   0   0   0  1.92 0.56
   14 Y    -3  -4  -2  -5  -3  -2  -4  -4   1  -3  -2  -4  -2   4  -3  -3  -3   0   8  -1    1   0   2   0   1   2   0   1   2   1   2   0   0  18   1   1   1   1  61   4  1.51 0.50
   15 Y    -3  -4  -1   2  -5  -4  -4  -4  -2  -4  -3  -2  -3   5  -3  -3  -2   0   7  -4    2   0   3  15   0   0   0   1   0   0   0   2   0  25   1   1   2   1  47   0  1.28 0.49
   16 Y    -5  -5  -2  -6  -5  -3  -5  -6  -1  -4  -4  -5  -4   2  -6  -2  -4   6   9  -2    0   0   3   0   0   1   0   0   1   0   0   0   0   6   0   3   0  10  73   3  2.12 0.67
   17 S    -2  -2  -1  -2  -4   4   3  -3  -1  -5  -4  -2  -3  -2  -3   4   0  -4   0  -4    1   0   1   1   0  20  20   0   1   0   0   0   0   2   0  43   5   0   4   0  0.79 0.42
   18 F    -4  -4   3  -3  -4  -4  -4  -4  -2  -2   2  -4   1   6  -5  -2  -2   6   2  -2    0   0  15   1   0   0   0   0   0   0  18   0   4  34   0   2   2  13   7   2  0.87 0.37
   19 W    -6  -6  -7  -7  -6  -4  -4  -6  -5  -6  -5  -6  -5  -2  -7  -6  -5  12   3  -6    0   0   0   0   0   1   1   0   0   0   0   0   0   1   0   0   1  86   9   0  4.04 0.99
   20 T    -1  -2   2  -2  -3  -2  -2  -2  -1  -3  -3   3   1  -4  -3   2   5  -5  -3  -2    4   0  11   1   0   1   0   1   1   1   0  20   4   0   0  14  40   0   0   1  0.63 0.36
   21 N    -2  -4   3   7  -5  -1   1  -1  -3  -5  -6  -3  -5  -6  -3  -1  -3  -6  -5  -3    2   0  13  64   0   3   5   4   0   0   0   0   0   0   1   4   1   0   0   2  1.32 0.49
   22 G    -1  -2   3   0  -2  -2  -2   5  -2  -5  -5  -2  -4  -4  -4   1   0  -4   0  -4    4   1  13   4   1   1   2  50   0   0   0   1   0   0   0  11   6   0   4   0  0.79 0.34
   23 G    -1  -2  -2  -3  -4   2  -2   6  -1  -4  -2  -2  -4  -1  -1   0  -2  -4  -4  -3    4   1   1   0   0  12   1  60   1   0   3   1   0   3   3   5   2   0   0   1  0.91 0.39
   24 G     1  -3   1  -1  -4  -2  -3   6  -3  -4  -4  -3  -4  -4  -3   1  -2  -4  -4  -4   14   1   7   3   0   1   1  58   0   1   1   0   0   0   1   8   2   0   0   1  0.96 0.36
   25 E    -1  -2   2   2  -3   1   0   1  -3  -3  -4  -1  -3  -4   0   2   4  -3  -1  -3    1   1  13  11   0   7   3   9   0   1   0   1   0   0   3  17  31   0   2   0  0.46 0.29
   26 V     2  -4  -4  -4   0  -2  -3  -1  -2   1  -1  -3  -2   0  -3  -2   0  -4  -2   5   17   0   0   0   2   1   0   5   1   5   1   1   0   5   0   2   6   0   1  51  0.56 0.31
   27 T    -1   0   3   0   2   0  -1  -2  -2  -3  -3  -1  -1  -2  -3   2   4  -3  -2  -2    2   5  17   3   4   4   2   2   0   1   1   3   2   1   0  18  31   0   1   2  0.43 0.28
   28 Y    -1  -4  -3  -6   2  -4  -5  -5  -2   0  -2  -4   6   4  -5  -3  -2   0   7  -2    5   0   1   0   4   0   0   0   0   4   1   0  24  14   0   1   2   1  43   1  1.30 0.51
   29 T    -2  -2   2  -2  -2   1  -1  -3  -3  -1  -2   0  -2  -4  -3   1   5  -2  -2   0    1   1  10   1   1   6   3   0   0   3   2   5   1   0   0   9  48   1   2   7  0.59 0.34
   30 N    -3  -3   6  -1  -2  -1  -1  -3   0  -2   2  -2   1  -3   2  -1  -1  -5  -4  -3    1   0  45   1   1   2   4   1   2   1  22   1   3   0  10   2   2   0   0   1  0.71 0.37
   31 G    -1  -2   2  -1  -4  -1   0   5  -2  -3  -1  -1  -2  -3  -1   0   0  -4  -2  -3    3   1  11   2   0   2   8  45   0   0   9   3   1   0   3   4   5   0   2   0  0.50 0.25
   32 D     2  -2   1   1  -2  -1   0   1  -2  -4  -4  -1  -3  -4   2   3  -1  -4  -4  -3   24   1   6  10   0   2   5  12   0   0   0   2   0   0  12  25   2   0   0   0  0.44 0.25
   33 N     1  -2   2  -1  -4  -3  -3   6  -3  -5  -5  -3  -4  -5  -4  -1   0  -4  -4  -4   10   1  13   4   0   1   1  61   0   0   0   1   0   0   0   3   5   0   0   0  1.04 0.38
   34 G    -2  -5  -2  -4  -2  -5  -5   7  -5  -6  -6  -4  -5  -6  -5  -1  -3  -5  -6  -6    2   0   1   0   1   0   0  91   0   0   0   0   0   0   0   4   1   0   0   0  2.02 0.62
   35 E     0   1   3  -1   0   2   1  -2   0  -3  -3   1  -2  -3  -2   2   1  -3  -3  -3    9   8  16   1   2  11   9   1   1   0   1   6   0   1   0  21  10   0   0   1  0.33 0.20
   36 Y    -5  -5  -6  -6  -6  -5  -6  -6  -2  -4  -4  -5  -4   6  -6  -5  -5   1   8  -4    0   0   0   0   0   0   0   0   0   0   0   0   0  35   0   0   0   1  63   0  2.34 0.70
   37 S     0  -1   1  -1  -2   0  -1  -1  -2  -5  -5   0  -4  -5  -3   5   2  -5  -3  -4    4   3   5   2   1   3   2   3   1   0   0   5   0   0   0  60  12   0   1   0  0.83 0.42
   38 V     0  -4  -4  -5   5  -4  -4  -3  -5   1   0  -4   1  -2  -4  -1   1  -4  -3   5    8   0   0   0  13   0   0   2   0   5   8   0   4   1   0   4   7   0   0  47  0.67 0.33
   39 T    -2  -1   3   1  -3   2   1  -2  -1  -3  -3   0  -3  -4  -3   2   3  -1  -1  -3    1   3  18   6   0  12   8   2   1   1   1   3   0   0   0  20  20   1   2   1  0.40 0.26
   40 W    -4  -6  -7  -8  -6  -6  -7  -6  -6  -6  -5  -4  -4   1  -7  -6  -6  13   0  -6    2   0   0   0   0   0   0   0   0   0   0   1   0   4   0   0   0  90   1   0  4.19 1.01
   41 V    -2   0   3   1  -4   1  -1  -1  -1  -3  -4  -1  -3  -4  -3   4   1   1  -3  -2    0   5  18   7   0   8   3   2   1   1   0   2   0   0   0  41   7   2   1   2  0.55 0.32
   42 D    -2  -3   6   2  -2  -1  -2   2  -2  -5  -4  -2  -4  -5  -4   1   1  -5  -2  -3    1   0  47  10   1   2   1  16   0   0   1   2   0   0   0  11   7   0   2   2  0.85 0.38
   43 C     0  -1   2  -2   4   0  -2   1  -1   2  -2  -1  -1  -3  -1   0   2  -4  -3   1    7   2  11   0  10   4   1  11   2  18   0   3   1   0   3   5  14   0   0   9  0.17 0.16
   44 G    -1  -3   3   0  -1  -1  -1   6  -2  -5  -5  -2  -4  -5  -3  -1  -2  -5  -5  -5    3   1  15   4   1   3   4  60   0   0   0   1   0   0   1   4   1   0   0   0  1.05 0.39
   45 D    -3  -3   7   4  -5  -3  -1  -1   0  -5  -4  -3  -5  -5  -4  -2  -2  -6  -5  -5    1   0  61  25   0   0   3   4   2   0   1   0   0   0   0   1   1   0   0   0  1.44 0.52
   46 F    -2  -5  -4  -6  -4  -5  -5  -5  -3  -1   0  -5   0   8  -6  -4  -3   6   1  -2    3   0   1   0   0   0   0   0   0   3   7   0   2  67   0   1   1   9   2   1  1.60 0.52
   47 T    -3   0  -4  -2  -3  -4  -4  -5  -5   1   2  -4  -1  -2  -4  -3   1  -5  -3   6    0   6   0   2   0   0   0   0   0   5  15   0   0   1   0   0   8   0   0  61  0.85 0.39
   48 S     2  -3  -3  -3   4  -3  -3   3  -4  -1  -2  -2  -2   0  -3   0  -1  -4  -3   2   19   1   0   0  11   0   0  28   0   3   1   2   0   5   0   5   2   0   0  23  0.46 0.26
   49 G    -3   2  -3  -4  -5  -4  -4   7  -4  -6  -6  -3  -5  -6  -5  -3  -2  -5  -5  -5    0  10   0   0   0   0   0  85   0   0   0   0   0   0   0   1   2   0   0   0  1.83 0.57
   50 K    -2   0  -3  -4  -5  -2  -2  -4  -4  -3  -1   7   0  -5  -4  -3  -2  -5  -4   0    2   2   0   0   0   0   0   1   0   1   6  76   2   0   0   1   2   0   0   7  1.31 0.53
   51 G    -3  -4  -3  -4  -5  -4  -4   7  -5  -6  -6   0  -5  -6  -5  -3  -2  -5  -6  -6    0   0   0   0   0   0   1  89   0   0   0   5   0   0   0   0   3   0   0   0  1.94 0.60
   52 W    -5  -2  -6  -6  -5  -4  -5  -5  -4  -4  -4  -1  -4   1  -6  -5  -4  12   4  -5    0   2   0   0   0   0   0   0   0   1   1   4   0   4   0   0   1  70  12   1  3.03 0.77
   53 N    -1   1   5   0  -4   1  -1  -1  -1  -4  -4   2  -2  -5  -3   2   1  -5  -4  -4    4   9  38   2   0   6   2   2   0   0   0  12   1   0   0  15   7   0   0   0  0.65 0.32
   54 P    -2  -2   0  -2  -1   0  -1  -1  -3  -3  -3  -1  -3  -2   6  -1   2  -4   0  -2    2   1   4   1   1   4   4   4   0   1   1   4   0   2  42   4  17   0   4   2  0.81 0.34
   55 A     0  -4  -2   0  -5  -3  -4   6  -4  -4  -3  -4  -4  -5  -4  -1  -1  -5  -2  -5    6   0   1   5   0   1   0  74   0   1   4   0   0   0   0   2   4   0   2   0  1.34 0.46
   56 N     0   0   1   0  -3  -1  -1   3  -3  -3  -4  -1  -3  -4  -1   4   1  -4  -4  -3    6   5   7   3   0   2   2  20   0   1   0   2   0   0   2  38  10   0   0   0  0.49 0.28
   57 A     2   1   2   0  -3  -1  -1  -1  -2  -3  -4  -1  -3  -4   3   2   2  -4  -3  -3   18   8  14   6   0   2   1   2   1   1   0   1   0   0  16  13  16   0   0   0  0.41 0.24
   58 Q    -2   6  -1  -3  -4   2  -1  -4  -2   0  -2   2   1  -4  -4  -1  -3  -5  -3  -3    3  56   2   0   0   7   2   0   1   7   2   9   4   0   0   5   1   0   1   1  0.91 0.40
   59 T     0  -2   1  -1  -3  -2  -2  -2  -3  -1  -1  -1  -2  -3   1   2   4  -4  -3   1    8   2   8   2   0   0   1   2   0   3   4   3   0   0   8  13  35   0   0  11  0.36 0.24
   60 V    -3  -5  -5  -5  -3  -5  -5  -6  -5   6   0  -4   1   2  -5  -4  -3  -4  -1   4    0   0   0   0   0   0   0   0   0  52   6   0   2   9   0   0   0   0   2  28  1.06 0.40
   61 T    -1  -1   5   0  -2   0  -1  -1   1  -4  -4   1  -3  -4  -3   1   4  -5  -3  -2    3   2  29   4   1   3   3   3   3   0   0   7   0   0   0  12  28   0   0   2  0.57 0.31
   62 Y    -5  -3  -5  -6  -5  -5  -5  -6   1  -2  -4  -5  -4   5  -6  -5  -5   4   9  -4    0   1   0   0   0   0   0   0   3   2   0   0   0  19   0   0   0   4  71   0  2.19 0.67
   63 S    -1  -3   2   1  -3  -1  -1   0  -3  -4  -4  -2  -4  -4  -3   5   2  -5  -2  -4    2   0  12   8   0   1   3   7   0   1   0   1   0   0   0  47  15   0   1   0  0.67 0.36
   64 G     2  -3  -3  -4   0  -4  -4   6  -4  -4  -5  -2  -4  -5  -4  -1  -3  -5  -3  -1   14   1   0   0   2   0   0  70   0   0   0   2   0   0   0   2   0   0   1   6  1.27 0.45
   65 E    -1  -3   2   2  -3   0   0  -3  -1  -2  -3  -2  -3  -3  -3   3   4  -4   1   0    3   0  10  10   0   3   7   0   1   1   0   1   0   0   0  23  31   0   5   6  0.46 0.29
   66 F    -4  -5  -5  -5  -5  -4  -5  -3  -1  -3  -2  -4  -3   6  -5  -4   0   6   6  -2    0   0   0   0   0   0   0   2   1   0   2   1   0  41   0   0   6   9  35   3  1.51 0.50
   67 N     0   1   4   0  -3   2   0  -1  -1  -4  -4   1  -3  -4  -3   2   1  -4  -3  -3    5   6  28   4   0  12   4   3   0   0   0   9   0   0   0  17   9   0   0   0  0.48 0.26
   68 P     2  -4  -3  -4   1  -3  -4  -1  -2  -2  -4  -3  -4  -5   7  -1   0  -6  -4   1   17   0   1   0   3   0   0   5   1   1   0   0   0   0  51   3   5   0   0  12  1.18 0.43
   69 S    -2  -1   5   0  -4   1  -1   0  -2  -4  -4  -1  -4  -5  -3   4   0  -4  -4  -3    1   2  34   3   0   5   1   8   0   0   1   2   0   0   0  35   6   0   0   2  0.71 0.36
   70 G    -1  -4  -1  -1  -5  -2  -3   7  -5  -4  -6  -4  -5  -6  -5   0  -3  -5  -6  -4    3   1   2   3   0   1   1  82   0   1   0   0   0   0   0   5   1   0   0   1  1.63 0.53
   71 N    -2  -2   7   0  -5  -3  -3   0  -1  -4  -2  -2  -4  -4  -1  -1   1   3  -1  -3    2   1  59   4   0   0   0   6   1   1   4   1   0   0   3   3   9   4   2   1  1.00 0.44
   72 A     2  -2  -2  -3  -1  -1  -3   3  -3  -3  -4  -3  -3  -1  -3   4  -1   0  -2  -1   18   2   0   0   1   2   0  25   0   1   0   0   0   3   0  40   1   1   1   4  0.62 0.34
   73 Y    -4  -5  -3  -4  -5  -4  -5  -6  -2  -1   0  -5  -2   1  -6  -1  -1  -1   9  -3    0   0   1   1   0   0   0   0   0   3   8   0   1   3   0   5   5   0  73   1  1.83 0.63
   74 L    -4  -5  -5  -6  -4  -4  -5  -5  -3   0   6  -5   3   0  -5  -4  -4  -4  -2   0    0   0   0   0   0   1   0   0   1   3  80   0   6   3   0   0   0   0   1   5  1.24 0.47
   75 A     4  -4  -3  -3   5  -3  -2   1  -4  -4  -3  -3  -3  -4  -2   3   2  -5  -4  -3   42   0   0   0  14   0   1   8   0   0   1   0   0   0   2  21  11   0   0   0  0.75 0.37
   76 V    -2  -5  -5  -6  -1  -4  -5  -6  -5   2   3  -5  -1   0  -5  -3  -3  -4  -1   5    1   0   0   0   1   0   0   0   0  10  28   0   0   2   0   2   0   0   1  55  0.95 0.39
   77 Y    -5  -1  -5  -7  -6  -5  -5  -7   0  -5  -5  -5  -5  -1  -6  -5  -2  -1  10  -5    0   4   0   0   0   0   0   0   1   0   0   0   0   0   0   0   3   0  92   0  2.80 0.83
   78 G     0  -5  -3  -4  -5  -5  -5   7  -5  -6  -6  -4  -6  -6  -5  -3  -1  -6  -6  -5    5   0   0   0   0   0   0  91   0   0   0   0   0   0   0   0   3   0   0   1  2.06 0.62
   79 W    -6  -6  -7  -7  -6  -5  -6  -3  -6  -6  -5  -6  -5  -3  -7  -6  -6  13  -2  -6    0   0   0   0   0   0   0   2   0   0   0   0   0   0   0   0   0  95   0   0  4.44 1.02
   80 T    -2  -4  -3  -4  -3  -3  -3  -4  -4  -2  -1  -3   0  -3  -4   2   7  -5  -3  -1    1   0   0   0   0   0   0   0   0   1   6   0   2   1   0  13  72   0   0   2  1.27 0.52
   81 T    -2   4   0  -2  -4   1  -1  -3  -2  -3  -2   1  -1  -4  -3   0   4  -4  -3  -1    1  31   4   1   0   7   3   1   0   1   2   5   1   0   0   4  34   0   0   4  0.62 0.32
   82 D    -2  -2   7   2  -4  -1  -2   0  -1  -5  -4  -2  -4  -4  -4   2  -2  -5  -2  -4    1   1  55  10   0   2   1   5   1   0   1   1   0   0   0  17   1   0   1   0  1.05 0.41
   83 P    -2  -4  -4  -4  -5  -3  -4  -2  -5  -5  -5  -3  -5  -5   8  -2  -4  -5  -5  -5    3   0   0   0   0   1   0   3   0   0   1   1   0   0  84   3   0   0   0   0  2.40 0.66
   84 L    -4  -3  -4  -5  -4  -2  -3  -5  -5  -1   6  -4   1  -2  -5  -4  -3  -4  -3   0    0   1   1   0   0   2   1   0   0   0  85   1   1   0   0   0   1   0   0   4  1.28 0.48
   85 V    -2  -5  -5  -5  -3  -4  -5  -5   0   4  -1  -4   1  -3  -5  -3   0  -5  -3   6    3   0   0   0   0   0   0   0   2  28   0   0   3   0   0   1   4   0   0  58  1.10 0.44
   86 E    -4  -1  -4  -2  -7   0   8  -6  -3  -6  -3  -2  -5  -6  -4  -3  -4  -6  -5  -6    0   2   0   0   0   1  93   0   0   0   3   0   0   0   0   0   0   0   0   0  2.10 0.74
   87 Y    -5  -5  -2  -6  -6  -5  -5  -6  -1   0  -4  -5  -4   2  -6  -5  -2   4   9  -4    0   0   2   0   0   0   0   0   1   5   0   0   0   7   0   0   2   4  79   0  2.32 0.73
   88 Y    -5  -3  -2  -7  -6  -5  -6  -7  -2  -2  -3  -5  -4   2  -7  -3  -5  -2   9  -5    0   2   2   0   0   0   0   0   0   2   1   0   0   5   0   1   0   0  87   0  2.65 0.87
   89 I    -4  -5  -6  -6  -1  -5  -6  -6  -6   7   0  -3   0  -3  -5  -5  -2  -5  -4   4    0   0   0   0   1   0   0   0   0  62   7   2   1   0   0   0   1   0   0  26  1.36 0.53
   90 L    -2  -4  -3  -5  -2  -1  -4  -2   1   4   0  -4   2  -2  -5  -2  -2  -5  -3   5    1   0   1   0   1   4   0   3   5  21   6   0   6   1   0   2   1   0   0  49  0.74 0.38
   91 E    -4  -1  -3   4  -6   0   6  -5   0  -6  -2  -2  -5  -6  -4  -3  -4  -6  -5  -5    0   3   0  22   0   3  67   0   2   0   5   0   0   0   0   0   0   0   0   0  1.47 0.61
   92 S     0  -2   3   2  -1  -2  -1   0  -1  -1  -4  -1  -3  -3  -3   3  -1  -2   0  -2    8   2  19  13   1   1   1   6   1   5   0   4   0   1   0  32   1   0   4   2  0.41 0.28
   93 Y    -3  -4  -2  -5  -4  -4  -3  -2   4  -3  -3  -4  -1   4  -5  -3  -2   9   6  -2    1   0   2   0   0   0   1   3   9   1   0   0   2  15   0   2   3  30  27   2  1.48 0.52
   94 G     0  -4  -2  -1  -4  -4  -4   6  -3  -5  -5  -4  -4  -2  -4   0   0  -1  -4  -2    6   0   1   3   0   0   0  70   1   0   0   0   0   2   0   5   7   1   0   3  1.23 0.47
   95 T    -1  -3   2   2  -3  -2   0  -1  -3  -2  -4  -1  -2  -3  -2   3   4  -4   1  -1    1   0  10  13   0   0   5   5   0   2   0   2   1   0   1  21  29   0   5   4  0.44 0.30
   96 Y    -4  -4  -3  -5  -5  -4  -4   0   2  -3  -1  -4  -3   3  -5  -1  -4   7   7  -2    0   0   1   0   0   0   0   9   6   1   7   0   0  11   0   4   0  13  44   2  1.25 0.50
   97 N    -1   3   5   1  -4   0  -1  -1  -1  -4  -4   1  -3  -4  -3   0   0   3  -2  -4    5  21  34   7   0   2   3   4   1   0   0   6   0   0   1   4   4   5   1   1  0.60 0.32
   98 P    -4  -5  -5  -4  -5  -3  -4   1  -5  -3  -5  -4  -1  -4   8  -3  -4  -6  -5  -5    0   0   0   0   0   1   0   9   0   2   0   0   2   1  81   1   0   0   0   0  2.33 0.73
   99 S     0  -3   1  -3   2  -2  -2   2  -3  -4  -4  -2  -3  -4   4   3   1  -5  -4  -3    8   1   6   0   4   1   1  18   0   0   0   1   0   0  19  30  10   0   0   1  0.59 0.32
  100 S     1  -2   0   0  -3   0   0   3   2  -4  -3  -2  -3  -3  -2   3   1  -4   0  -3    8   1   3   5   0   3   6  22   5   0   1   0   0   0   1  30   8   0   4   1  0.39 0.26
  101 G     1  -2   1   0  -3   2  -2   4   2  -3  -3  -1  -3  -2   1   1  -1  -3  -2  -2    9   0   7   4   0   9   1  34   6   0   2   1   0   1   6  11   1   0   1   3  0.40 0.22
  102 L     3  -3  -1  -2  -2  -2  -1   3  -1  -2   0  -2   0  -1  -1  -1   0   4  -2  -1   28   1   2   2   0   1   3  28   1   1   9   2   3   2   2   2   6   5   0   2  0.34 0.20
  103 T    -2  -1  -2  -1  -3   3   0  -2  -3  -3  -3  -1  -3  -3   0   2   5  -4  -3  -2    1   2   0   3   0  15   6   2   0   0   1   3   0   1   5  12  45   0   0   2  0.66 0.39
  104 S     0   1   1  -1  -1   1  -1  -3   3  -1  -1   2  -2   0   1   0  -1  -2   3  -1    8   6   6   2   1   9   2   0   7   4   5  13   0   3   6   6   2   0  15   5  0.17 0.16
  105 L    -3   2  -3  -3  -4   0  -2  -4  -1  -1   1   5   2   1  -3  -2  -2  -3   0  -1    1  10   0   0   0   2   1   1   2   2  15  44   7   6   0   1   1   0   3   5  0.53 0.31
  106 G    -2  -4  -2  -4  -5  -4  -3   7  -4  -5  -5  -4  -5  -5  -4  -2  -3  -5  -5  -5    1   1   1   0   0   0   2  88   0   0   1   0   0   0   0   1   1   0   0   0  1.91 0.61
  107 Q    -1  -2   1  -2  -3   1   0  -3  -3  -3  -4  -1  -3  -4  -2   2   6  -4  -3  -2    2   1   7   1   0   6   5   1   0   0   1   3   0   0   1  18  52   0   1   1  0.81 0.42
  108 V    -2  -4  -4  -4  -2  -4  -4  -4   0   2   0  -4   0   3  -4  -3  -2  -3   1   5    2   0   0   0   1   0   0   1   2   8   8   0   2  13   0   1   2   0   4  55  0.77 0.36
  109 T    -2  -3   1   0  -3   0   0  -3  -1  -1  -3  -1  -3  -2  -3   1   5   0   3  -2    1   0   6   5   0   5   6   1   1   3   1   3   0   1   0   8  44   1  11   2  0.55 0.34
  110 S     0  -3  -2  -2   3  -2  -3  -2  -2  -1  -2  -3  -3  -2  -3   5   1  -4  -3   1    5   0   1   1   6   1   0   2   1   4   2   0   0   1   0  54   9   0   0  11  0.66 0.38
  111 D    -3  -4   1   8  -5  -3   0  -2  -2  -5  -5  -3  -5  -5  -2  -2  -3  -6  -5  -5    1   0   5  81   0   0   3   2   1   0   1   0   0   0   2   1   0   0   0   0  1.86 0.62
  112 G    -2  -3  -2  -1  -5  -4  -1   7  -4  -5  -5  -4  -5  -5  -4  -2  -4  -5  -5  -5    1   1   1   3   0   0   5  84   0   0   1   0   0   0   0   1   0   0   0   0  1.72 0.57
  113 G     2  -2  -1  -2  -2  -3  -3   5  -4  -5  -5  -2  -4  -5  -3   3  -2  -4  -4  -3   17   1   2   1   1   0   0  50   0   0   0   2   0   0   0  23   0   0   0   1  0.94 0.41
  114 T    -2  -3  -1  -1  -3  -1   0  -3  -4  -1  -3  -2  -2  -4  -3   0   6  -1  -3   1    1   1   3   2   0   2   5   1   0   3   1   1   0   0   0   4  63   1   1  10  0.95 0.48
  115 Y    -5  -5  -5  -6  -5  -5  -5  -6  -1  -5  -4  -5  -4   0  -6  -5  -5  -1  10  -4    0   0   0   0   0   0   0   0   1   0   1   0   0   2   0   0   0   0  92   0  2.91 0.87
  116 D    -2  -2   2   6  -4   0   2  -3  -1  -4  -4   0  -4  -5  -3  -1   2  -5  -4  -3    2   2   9  45   0   4  12   0   1   1   1   6   0   0   0   2  13   0   0   2  0.81 0.36
  117 I    -3  -5  -5  -5  -3  -4  -5  -5  -5   6   1  -3   0  -2  -4  -3  -3  -4  -3   3    0   0   0   0   0   0   0   0   0  58  12   1   1   1   0   1   0   0   0  21  1.14 0.44
  118 Y    -2  -1  -4  -5   2  -4  -4  -2  -1  -3  -1  -4  -2   2  -5  -2  -4   7   8  -3    3   4   0   0   4   0   0   3   1   1   5   0   1   5   0   3   0  15  53   2  1.45 0.53
  119 S    -2   2  -1  -1  -1   2   2  -2   0  -2  -2   2   0  -3  -3   0   3  -4  -3  -1    1  10   2   1   1   9  17   2   2   1   2  15   2   0   0   4  23   0   0   6  0.33 0.22
  120 T     0  -2   2  -1   0  -2  -2  -2   4  -2  -2   0  -2  -3  -3   2   4  -4  -3  -1    6   1  11   2   2   1   0   1  10   2   4   4   0   0   0  19  32   0   0   4  0.44 0.29
  121 Q    -3  -1  -2  -1  -4   4  -1  -4  -1  -1  -2  -2   2  -4  -2  -1   5   3  -2  -2    0   2   1   3   0  21   4   0   1   2   2   1   6   0   2   1  45   4   1   2  0.72 0.41
  122 R    -4   7  -3  -4  -5   3  -3  -4  -3  -5  -4  -1  -4  -5  -3  -2  -4  -5   0  -5    1  76   0   0   0  11   0   1   0   0   1   0   0   0   1   3   0   0   3   0  1.70 0.62
  123 V    -2  -2  -2  -4  -3  -3  -2  -3  -1   0  -2  -2  -2  -1  -2  -2   2  -2   5   4    0   2   2   0   0   0   3   2   1   4   1   2   0   2   2   2  17   0  21  40  0.59 0.35
  124 N    -4  -3   8   1  -4   0  -1  -2  -3  -6  -6  -3  -5  -6  -3  -2  -1  -6  -2  -5    0   0  79   5   0   3   3   1   0   0   0   1   0   0   1   1   2   0   1   0  1.84 0.65
  125 Q     2  -2  -3  -3  -4   6   1   0  -2  -4  -3   1  -3  -5  -2  -2  -1  -4  -4  -1   21   0   0   0   0  43   9   6   0   0   2   9   0   0   1   1   2   0   0   5  0.73 0.40
  126 P    -3  -5  -5  -3  -6  -4  -4  -5  -5  -4  -6  -4  -5  -6   8  -2  -3  -6  -6  -5    1   0   0   2   0   0   0   0   0   1   0   0   0   0  91   2   1   0   0   0  2.75 0.79
  127 S    -2  -2  -2  -3  -2  -3   1  -3  -4  -5  -5  -2  -4  -5  -2   7  -2  -5  -4  -4    1   2   0   0   0   0   8   1   0   0   0   1   0   0   2  83   0   0   0   0  1.49 0.63
  128 I    -4  -5  -3  -5  -4  -5  -5  -6  -5   7  -1  -5  -2   1  -2  -3  -3  -5  -3   1    0   0   2   0   0   0   0   0   0  79   2   0   0   7   2   2   0   0   0   4  1.49 0.55
  129 E    -1  -1  -1   3  -3   3   3  -2  -1   1  -2   0  -2  -2  -3  -1  -1  -3   0   0    4   1   2  18   0  15  24   2   0   9   3   3   0   1   0   2   3   0   4   7  0.32 0.21
  130 G    -2  -5  -2  -3  -5  -4  -5   7  -5  -6  -6  -4  -5  -6  -3  -3  -4  -5  -6  -6    1   0   1   1   0   0   0  93   0   0   0   0   0   0   1   1   0   0   0   0  2.13 0.66
  131 T    -2  -3   3   1  -4  -3  -3  -3  -3  -1  -4  -2  -3  -4  -2  -1   6  -5  -3  -1    2   0  15   9   0   0   1   2   0   4   0   2   0   0   1   1  58   0   0   5  0.95 0.46
  132 S     3   2   0  -2  -2   2  -2  -1  -2  -3  -3   1  -3  -4  -2   2   2  -4  -3  -3   27  11   3   1   0  10   0   4   0   0   0   8   0   0   0  18  15   0   0   0  0.41 0.26
  133 T    -1  -4   1  -2  -4  -3  -3  -4   2  -2  -4  -3  -4  -5  -4   0   7  -5  -4  -3    3   0   5   2   0   1   0   0   5   2   0   0   0   0   0   4  76   0   0   0  1.44 0.59
  134 F    -5  -6  -3  -6  -5  -6  -6  -6  -4  -2   0  -6  -3   8  -4  -5  -5  -2   2  -3    0   0   2   0   0   0   0   0   0   2   7   0   0  81   1   0   0   0   5   1  2.08 0.65
  135 N    -2  -1   2   1  -3   3   0  -2   0  -2  -3   0  -1  -3   1  -1   2   2   1  -2    1   2  14   8   0  21   3   2   2   2   2   6   1   0   8   3  14   3   5   3  0.29 0.20
  136 Q    -4  -1  -3  -4  -6   9  -2  -5  -3  -6  -4  -2  -4  -6  -2  -4  -3  -5  -3  -6    0   2   0   0   0  92   0   0   0   0   1   0   0   0   2   0   1   0   1   0  2.41 0.84
  137 Y    -5  -5  -1  -6  -5  -5  -5  -6  -1  -1  -2  -5  -4   4   0  -5  -5  -1   9  -2    0   0   3   0   0   0   0   0   1   3   2   0   0  14   5   0   0   0  69   2  1.93 0.65
  138 W    -5  -4  -6  -7   0  -5  -6  -6  -5   2  -3  -5  -4   2  -6  -5  -5  11   0   0    0   1   0   0   2   0   0   0   0  10   1   1   0   8   0   0   0  66   2   7  2.74 0.75
  139 S     0  -2  -2  -3  -4  -2  -3  -3  -4  -5  -2  -3  -4  -5  -4   7  -2  -5  -4  -4    7   2   0   0   0   1   0   0   0   0   5   0   0   0   0  83   0   0   0   0  1.44 0.61
  140 V    -2  -5  -2  -4  -3  -3  -5  -5  -5   4  -1  -4  -2  -3  -5  -4  -2  -5  -4   6    1   0   2   1   0   1   0   0   0  22   1   0   0   0   0   0   1   0   0  69  1.29 0.49
  141 R    -4   8  -1  -5  -2  -2  -3  -3  -3  -6  -5   0  -5  -6  -4  -4  -4  -6  -5  -6    0  91   3   0   1   0   0   2   0   0   0   2   0   0   1   0   0   0   0   0  2.17 0.71
  142 T    -2   3   0  -1   0   5   1  -3  -1  -3  -4   0  -1  -4  -1   0   3  -1  -3  -2    1  16   4   2   2  30   7   0   1   1   0   4   1   0   2   5  19   1   1   3  0.53 0.32
  143 E     0  -2   3  -1  -3   2   1  -1  -2  -3  -4  -1  -3  -4   1   4   1  -5  -4  -2    6   1  13   2   0  10  10   2   0   1   0   2   0   0   6  37   7   0   0   2  0.47 0.30
  144 K    -1   2  -1  -3  -5   1  -2   0   2  -5  -4   6  -1  -5   0  -1   0  -5  -4  -4    4  10   2   0   0   5   0   6   6   0   0  53   2   0   5   2   5   0   0   0  0.79 0.39
  145 R    -3   7  -2  -4  -6  -2  -3  -4   1  -5  -4   2  -4  -5  -3  -1  -4  -1  -2  -3    2  74   1   0   0   0   1   0   3   0   1   9   0   0   1   4   0   1   1   2  1.57 0.58
  146 V    -1  -2   0  -3  -1  -2  -2  -2   0   0  -2  -2  -1  -2   1   2   4  -4  -3   1    2   1   4   0   1   1   1   2   2   5   2   1   1   1   8  20  33   0   0  14  0.40 0.27
  147 G    -1  -2   1  -2  -3  -2  -2   3  -3  -3  -4  -1  -3  -4  -3   4   2  -4  -4  -2    1   1   5   1   0   1   2  26   0   2   1   4   0   0   0  43  11   0   0   2  0.67 0.35
  148 G    -2  -5  -3  -4  -5  -4  -4   7  -5  -6  -6  -4  -5  -5  -4  -1  -3  -5  -5  -5    2   0   0   0   0   0   0  90   0   0   0   0   0   0   0   3   1   0   0   0  1.99 0.61
  149 T    -2  -1   1  -3  -4  -3  -3  -2  -4  -3  -4  -2  -3  -5  -4   2   7  -5  -4  -2    2   3   6   0   0   0   0   2   0   1   0   1   0   0   0  13  69   0   0   2  1.22 0.53
  150 V    -3  -5  -5  -6   2  -5  -5  -6  -6   6  -1  -5  -2  -3  -5  -3  -3  -5  -4   5    0   0   0   0   5   0   0   0   0  47   0   0   0   0   0   1   0   0   0  46  1.34 0.50
  151 T    -2  -2   3   1  -4  -1  -2  -4   2  -4  -4  -3  -3  -3  -4   1   6  -5  -4  -3    1   2  16   7   0   2   1   0   6   0   0   0   0   1   0  11  54   0   0   0  0.95 0.45
  152 T    -2  -4  -3  -4  -3  -3  -4  -4   2   0   0  -3   2   3  -4  -2   4  -4  -2   3    1   0   0   0   0   0   0   0   5   3   8   0   5  13   0   1  34   0   0  29  0.62 0.35
  153 A     3  -2   0  -2  -3   2  -1   3  -2  -4  -4  -1  -3  -4  -2   2   0  -4  -4  -2   29   1   3   0   0  10   2  27   1   0   0   3   0   0   1  17   5   0   0   1  0.50 0.28
  154 N     0  -2   6   1   2   1   0  -2  -1  -4  -5   0  -4  -5  -4  -1   0  -5  -4  -4    9   1  53   5   6   6   6   1   1   1   0   5   0   0   0   1   5   0   0   0  0.90 0.40
  155 H    -5  -3  -3  -5  -7  -3  -4  -6  11  -4  -2  -4  -5   0  -5  -5  -4  -6  -1  -6    0   1   0   0   0   0   0   0  88   1   5   0   0   3   0   0   1   0   1   0  2.95 0.86
  156 F    -3  -6  -6  -6   2  -6  -6  -5  -4  -2  -2  -6  -3   8  -6  -4  -5  -2   1   1    1   0   0   0   5   0   0   1   0   1   2   0   0  74   0   1   0   0   3  12  1.83 0.60
  157 A     1   0   5   4  -2   0  -1  -3  -1  -5  -5   1  -4  -5  -4   0  -2  -5  -2  -4   12   4  34  29   1   3   2   0   1   0   0   7   0   0   0   6   1   0   2   0  0.78 0.36
  158 A     6  -2  -3  -4  -2  -2  -1   0  -4  -4  -4  -1   1  -2  -3  -2  -2  -2  -1  -3   75   2   1   0   0   1   3   5   0   0   0   3   5   2   0   0   1   1   3   0  1.04 0.49
  159 W    -7  -7  -8  -9  -7  -6  -7  -7  -6  -7  -6  -7  -6  -1  -8  -7  -7  13   1  -7    0   0   0   0   0   0   0   0   0   0   0   0   0   1   0   0   0  96   3   0  4.67 1.11
  160 K     3   2  -1  -1  -3   0   2  -2  -3  -4  -4   3  -3  -4  -3   1   1  -4  -4  -3   30  12   2   1   0   4  13   2   0   0   0  22   0   0   0   7   8   0   0   0  0.47 0.28
  161 A     1   2   1  -1  -4   2   0   0  -2  -4  -4   3  -3  -5  -3   3  -1  -5  -4  -4   13  10   8   1   0   8   4   6   0   0   0  20   0   0   0  30   0   0   0   0  0.48 0.28
  162 L     2   0  -1  -1  -1  -1  -2  -3   4  -1   2   0   1  -1  -3  -1  -2  -3   0   0   20   4   2   5   1   2   0   1  12   1  29   6   4   2   0   3   1   0   4   6  0.20 0.19
  163 G    -3  -5  -2  -3   2  -5  -5   7  -5  -6  -6  -3  -6  -6  -5  -3  -4  -4  -6  -4    0   0   2   1   5   0   0  89   0   0   0   1   0   0   0   1   0   0   0   1  2.00 0.62
  164 L    -4  -4  -5  -6  -4  -1  -5  -6  -5  -1   4  -3   8   0  -5  -4  -3   1  -2   0    0   0   0   0   0   2   0   0   0   1  42   2  42   3   0   0   0   2   1   5  1.27 0.50
  165 E    -2   1   4   0  -4   1   0  -1   2  -4  -4   2  -3  -4   3  -1   1  -5  -2  -4    2   8  25   4   0   5   5   3   6   0   1  16   0   0  13   2   9   0   1   0  0.46 0.25
  166 M    -2  -4   1  -5  -3  -2  -4  -5  -4  -1   5  -4   5  -2  -1  -4  -3  -4  -3  -1    2   0   8   0   0   1   0   0   0   1  65   0  16   0   3   0   0   0   0   3  0.97 0.42
  167 G    -1  -4  -3  -3  -5  -4  -5   7  -5  -6  -6  -4  -5  -6  -5   1  -4  -5  -6  -6    3   0   0   1   0   0   0  87   0   0   0   0   0   0   0   9   0   0   0   0  1.93 0.60
  168 T     1  -1   2   1  -3   0  -1  -3  -3  -3  -3   1  -3  -4  -2   3   4  -2  -3  -3    9   3  12   9   0   5   2   0   0   0   1   8   0   0   1  22  29   1   0   0  0.47 0.28
  169 Y    -2  -3  -3  -4  -4   0  -3  -5   7  -2   1  -4   4   3  -1  -4  -2   5   1  -3    3   0   0   0   0   3   0   0  35   1  12   0  12  15   3   0   2   8   4   1  0.97 0.41
  170 N     0  -3   6   3  -5  -2  -1  -2  -2  -4  -4  -2  -3  -3  -4  -1  -2  -4   4  -2    7   0  39  20   0   1   2   3   0   0   0   2   0   0   0   3   1   0  16   3  0.78 0.37
  171 Y    -5  -4  -5  -3  -6  -2   2  -6  -1  -4  -3  -4  -4   3  -4  -4  -5   1   9  -4    0   0   0   1   0   1  15   0   1   0   2   0   0   8   1   0   0   2  69   0  1.86 0.63
  172 M    -1  -3  -3  -4   0   7  -1  -5  -2  -2  -2  -2   5  -5  -4  -3  -2  -5  -4   1    5   0   0   0   2  57   1   0   1   1   2   0  18   0   0   0   2   0   0  11  1.22 0.55
  173 I     0  -4  -4  -4  -3  -4  -4  -5  -5   6  -1  -3   1  -1  -4   0  -1  -5  -3   3    8   0   0   0   0   0   0   0   0  53   0   2   3   2   0   7   2   0   0  23  0.85 0.38
  174 V    -3  -4  -5  -6  -3  -4  -5  -5  -5   2   3  -4   5   1  -5  -4  -3  -4  -3   4    1   0   0   0   0   0   0   0   0   8  33   0  20   6   0   0   0   0   0  33  0.89 0.37
  175 S     6  -4   1  -4   0  -3  -3  -2  -4  -3  -2  -3  -3  -4  -3   1   1  -5  -4  -1   68   0   6   0   1   0   1   1   0   0   3   0   0   0   0   8   7   0   0   4  0.91 0.44
  176 T    -1  -3  -3  -4  -3  -4  -4  -5  -5   2  -1  -4  -2  -4  -4  -2   6  -5  -4   3    3   1   0   0   0   0   0   0   0   9   3   0   0   0   0   1  56   0   0  27  1.04 0.47
  177 E    -3  -3  -3  -1  -7  -1   8  -5  -3  -6  -6  -2  -5  -7  -4  -3  -4  -6  -5  -6    2   0   0   1   0   1  96   0   0   0   0   1   0   0   0   0   0   0   0   0  2.18 0.72
  178 G     2  -3  -3  -4  -5  -4  -4   7  -5  -6  -6  -4  -5  -6  -5  -1  -3  -5  -5  -5   14   1   0   0   0   0   0  80   0   0   0   0   0   0   0   4   0   0   0   0  1.68 0.53
  179 Y    -5  -5  -3  -5  -5  -1  -5  -3   1  -4  -4  -5  -4   3  -6  -5  -5   8   8  -4    0   0   1   1   0   3   0   2   3   0   0   0   0  11   0   0   0  19  60   0  2.04 0.62
  180 E    -1   0   0  -1  -4   5   0   2   1  -4  -3   0  -3   2  -3   0  -2  -3   2  -3    3   4   3   3   0  34   3  15   2   0   2   5   0  10   0   7   0   0   8   1  0.44 0.27
  181 S    -1  -4   0  -3  -4  -3  -3   3  -4  -4  -5  -3  -4  -5  -4   6  -1  -5  -5  -4    1   0   4   0   0   0   0  19   0   1   0   0   0   0   0  74   2   0   0   0  1.28 0.53
  182 S     1  -2   1  -3  -3  -1  -2  -3  -3  -5  -5  -2  -4  -5  -3   6   0  -2  -4  -3   11   1   6   0   0   3   1   0   0   0   0   0   0   0   0  73   5   0   0   1  1.14 0.50
  183 G    -3  -5  -3  -4  -5  -5  -5   7  -5  -7  -5  -4  -6  -6  -5  -2  -4  -6  -6  -6    0   0   0   0   0   0   0  97   0   0   1   0   0   0   0   1   0   0   0   0  2.25 0.63
  184 S    -1  -1   2  -2  -4  -1  -1  -2   0  -4  -4   0  -4  -1  -3   5   1  -3   0  -4    1   3  11   0   0   2   3   2   2   0   0   4   0   3   0  60   5   0   4   0  0.76 0.39
  185 S     5  -4  -3  -4  -1  -3  -3  -2  -4  -2  -2  -3  -3  -4  -3   4  -2  -5  -4   0   54   0   0   0   1   0   0   1   0   1   3   0   0   0   0  34   0   0   0   6  0.90 0.42
  186 T    -1  -2   4   3  -4   0   0  -2   0  -4  -4  -1  -3  -4  -3   3   3  -5  -2  -3    3   1  24  15   0   4   4   0   2   0   0   2   0   0   0  21  21   0   1   1  0.56 0.28
  187 I    -3  -4  -5  -5  -3   0  -4  -5  -4   5   0  -4   1   0  -5  -4  -2  -4   1   4    1   0   0   0   0   6   0   0   0  43   3   0   4   4   0   0   0   0   4  36  0.88 0.36
  188 T    -2  -3   0  -2  -3  -2   0  -4  -4  -2  -4  -1  -3  -4  -3   0   7  -2  -1   0    1   0   3   1   0   1   5   0   0   1   0   3   0   0   0   4  75   0   2   5  1.14 0.46
  189 V     0  -5  -5  -5  -3  -4  -5  -5  -5   2   0  -4  -1  -1  -4  -4  -2  -5  -3   6    5   0   0   0   0   0   0   0   0   8   6   0   0   1   0   0   1   0   0  78  1.15 0.41
  190 S     1  -3  -1  -2  -3  -2  -2  -2  -3  -4  -4  -2  -3  -4  -3   6   1  -5  -4  -3    9   0   0   0   0   0   0   0   0   0   0   0   0   0   0  86   5   0   0   0  1.18 0.37

                      K         Lambda
Standard Ungapped    0.1274     0.3090
Standard Gapped      0.0595     0.2670
PSI Ungapped         0.1950     0.3142
PSI Gapped           0.0595     0.2670
