
Last position-specific scoring matrix computed, weighted observed percentages rounded down, information per position, and relative weight of gapless real matches to pseudocounts
            A   R   N   D   C   Q   E   G   H   I   L   K   M   F   P   S   T   W   Y   V   A   R   N   D   C   Q   E   G   H   I   L   K   M   F   P   S   T   W   Y   V
    1 K    -5   5   2  -4  -7  -2  -3  -5  -4  -7  -6   6  -5  -7  -5  -4  -4  -7  -5  -6    0  35   8   0   0   0   0   0   0   0   0  57   0   0   0   0   0   0   0   0  1.76 0.67
    2 P     1  -2  -5  -5  -1  -4  -4  -5  -6  -1  -3   1  -5  -6   7  -3  -4  -7  -6   1   12   2   0   0   1   0   0   0   0   4   2   8   0   0  58   1   0   0   0  11  1.51 0.60
    3 A     6   1  -5  -5  -4  -4  -4  -3  -5  -3  -4  -3  -1  -2  -5  -2  -4  -6  -5   2   71   8   0   0   0   0   0   1   0   0   0   1   2   2   0   2   0   0   0  13  1.30 0.61
    4 A     7  -6  -6  -6  -4  -5  -5  -4  -6   2  -5  -5  -5  -6  -4  -3  -4  -7  -6  -3   86   0   0   0   0   0   0   0   0  13   0   0   0   0   1   0   0   0   0   0  1.87 0.77
    5 H    -7  -4  -4  -6  -8  -4  -5  -7  11  -8  -8  -6  -2  -6  -7  -5  -7  -7  -3  -8    0   1   0   0   0   0   0   0  98   0   0   0   1   0   0   0   0   0   0   0  3.99 1.19
    6 L    -3  -6  -7  -7  -4  -6  -6  -7  -6   1   6  -6  -1  -1  -6  -6  -4  -5  -4   3    1   0   0   0   0   0   0   0   0   6  69   0   0   1   0   0   0   0   0  22  1.39 0.57
    7 I    -4  -4  -4  -4  -4  -2   1  -5  -3   3  -2  -4   0  -5  -4  -2   6  -6  -5   2    0   1   0   0   0   2   8   0   1  17   3   0   2   0   0   1  53   0   0  13  1.05 0.55
    8 G     2  -5  -4  -5  -6  -5  -6   7  -6  -3  -6  -5  -6  -6  -3  -3  -5  -6  -6  -1   14   0   0   0   0   0   0  75   0   2   0   0   0   0   2   1   0   0   0   6  1.69 0.66
    9 D     2   0   4   2  -4  -1  -1  -2   0  -2  -4   2  -3  -4  -3   1   0  -2  -3  -1   19   4  24  10   0   1   3   1   2   3   0  12   0   0   0  12   4   1   1   4  0.41 0.28
   10 P    -1  -1   2  -2  -4  -1  -2  -4   0  -1  -3  -1  -4  -2   5   1   0   5   3  -3    4   3   9   1   0   3   2   0   2   5   1   4   0   1  30  11   5   7  10   1  0.62 0.34
   11 S    -1   1   2   0  -3   2   1  -1   0  -3  -2   0   0  -2  -1   3   1  -4  -3  -3    3   6  12   4   0  11   7   4   2   1   4   4   3   2   2  22  11   0   0   0  0.27 0.23
   12 K     0   1   0  -1  -4   2  -1  -1   0  -2  -3   2  -2  -4   0   3   1  -5  -4  -2    7   9   4   3   0   9   3   4   2   2   1  12   1   0   3  29   8   0   0   3  0.30 0.24
   13 Q    -1   2   1   0  -2   2   2   2  -2  -4  -3   2  -3  -5  -1   1  -1  -2  -4  -3    3  14   5   3   1  11  12  19   0   0   2  14   0   0   3   9   3   1   0   1  0.35 0.23
   14 N    -2  -1   2   2  -4   2   0   2   1  -4  -3   1  -2  -4  -1   2   1  -5  -3  -3    1   2  11  11   0  11   5  17   3   0   1   8   1   0   3  15   9   0   0   1  0.33 0.23
   15 S     0  -1  -1  -3  -4   2  -1   1   0  -1  -3   1  -2  -4   4   2   1  -2  -2  -2    6   3   2   0   0  12   2  10   2   4   1   8   1   0  19  17   9   1   1   1  0.37 0.26
   16 L    -4  -4  -5  -7  -5  -4  -5  -7  -6  -1   6  -4   1  -1  -2  -4  -4  -5  -4   0    1   1   0   0   0   1   0   0   0   2  81   1   2   2   2   1   0   0   0   6  1.44 0.60
   17 L    -2   2  -2  -1  -3   2   2   0   2  -2   1   0  -2  -2  -3   1  -2  -1  -2  -2    2  11   1   3   0  12  18   9   5   1  15   5   0   1   1  11   1   1   1   3  0.22 0.21
   18 W    -8  -8  -9  -9  -8  -7  -4  -8  -8  -8  -7  -8  -7  -4  -3  -8  -8  13  -3  -8    0   0   0   0   0   0   1   0   0   0   0   0   0   0   2   0   0  97   0   0  4.98 1.38
   19 R    -2   2  -2  -2  -6   0   6  -5  -3  -3  -1   0  -2  -4  -5  -3  -2   1  -1  -2    2  11   2   1   0   2  58   0   0   1   6   5   1   0   0   0   3   2   2   3  0.97 0.50
   20 A     2  -2   2   2  -4  -1  -1  -1   3  -3  -4  -1  -4  -4   2   3   1  -2  -2  -3   16   1   8  12   0   1   3   3   9   1   0   3   0   0  10  23   8   1   1   1  0.42 0.29
   21 N    -2   1   2   2  -4   2   1   0   1  -1  -4   2  -3  -4  -3   1   1  -5  -2  -2    0   7   8  15   0  10   7   6   3   6   0  16   0   0   0  12   8   0   1   1  0.31 0.23
   22 T    -1   3  -1  -1  -4   2  -1  -3   1  -1   0   2  -1  -1  -3   0   0  -3   1   0    3  18   2   2   0   9   3   0   3   3  12  13   1   2   0   8   6   0   6   9  0.19 0.18
   23 D     0  -4  -2   3  -5  -4   1   6  -4  -6  -5  -2  -5  -3  -3  -2  -4  -6  -2  -5    9   0   1  17   0   0  10  55   0   0   0   2   0   1   1   2   0   0   1   0  1.08 0.48
   24 R    -3   0   2  -1  -5   3   1  -1   5  -1   1  -2  -1  -3   0  -3  -3   2  -2  -2    1   6  10   3   0  16  10   4  16   4  19   0   1   0   4   0   0   3   0   1  0.39 0.30
   25 A     6  -5  -4  -4  -2  -4  -4  -2  -1  -4  -5  -4  -4  -4  -3   2  -1  -6  -5  -3   74   0   0   0   1   0   0   1   1   1   0   0   0   1   1  15   4   0   0   1  1.40 0.64
   26 F    -4  -4  -6  -6  -5  -6  -6  -6   1  -3   0  -3  -1   8  -6  -2  -3  -3   1  -3    1   1   0   0   0   0   0   0   3   1   9   2   1  74   0   3   1   0   2   1  1.94 0.68
   27 L    -1  -3  -4  -5  -1  -3  -3  -5  -5   1   4  -4   0  -1  -5  -1   4  -5  -4   0    4   1   0   0   1   0   1   0   0   5  49   0   1   2   0   5  25   0   0   5  0.74 0.41
   28 Q     0   3  -1  -2  -2   3   0  -2   2  -1  -2   2  -2  -3  -3   1  -2  -3  -1  -2    9  19   2   2   1  16   5   2   5   3   3  13   1   0   1  13   1   0   1   3  0.33 0.21
   29 D    -3  -3   6   1  -2  -2  -2   3   2  -5  -5  -3  -4  -5  -2   3  -2  -5  -2  -4    1   0  39   6   1   1   2  19   5   0   1   0   0   0   2  20   1   0   1   1  0.89 0.42
   30 G    -2   0   1  -2  -4  -2  -2   6  -3  -4  -4  -2  -4  -4  -4  -2  -3  -4  -3  -3    1   4   7   2   0   1   2  69   0   1   1   3   0   1   1   3   1   0   1   2  1.27 0.45
   31 F    -1  -5  -5  -6  -4  -4  -5  -6  -5   2   2  -5   6   3  -5  -4   0  -4  -2   3    4   0   0   0   0   0   0   0   0  10  22   0  21  14   0   0   7   0   1  22  0.81 0.40
   32 S    -1   2   1   0  -4   4   2  -2   2  -3  -3   3  -3  -5  -3   1   0  -5  -3  -2    4  11   6   4   0  18  11   2   4   2   2  18   0   0   0  11   5   0   0   2  0.41 0.27
   33 L    -5  -6  -6  -7  -5  -5  -6  -7  -1  -3   4  -6  -2   3  -7  -6  -5  -3   7  -3    0   0   0   0   0   0   0   0   1   0  44   0   0  11   0   0   0   0  42   0  1.64 0.65
   34 S    -1   3   0  -1  -4   2   1  -3   3  -2  -3   2  -2  -4  -3   2   1  -4  -3   0    2  19   4   2   0   8   8   1   7   3   2  10   0   0   0  17   9   0   0   7  0.34 0.25
   35 N    -2  -2   6   5  -6  -2   1   1  -2  -6  -6   0  -5  -6  -5  -2  -2  -7  -5  -5    2   1  36  30   0   1   9  10   1   0   0   5   0   0   0   2   1   0   0   0  1.07 0.49
   36 N    -3   1   5  -1  -5  -1   0   5  -2  -6  -6   0  -5  -6  -4  -2  -3  -5  -5  -5    1   8  29   3   0   2   6  42   1   0   0   5   0   0   0   1   1   0   0   0  1.01 0.45
   37 S     2  -1  -2  -1  -4   2   3   2  -2  -4  -3   0  -3   0  -3   2  -1  -4  -2  -4   15   2   1   1   0  10  20  18   1   0   1   6   0   4   0  17   2   0   1   0  0.40 0.28
   38 L    -4  -5  -6  -6  -5  -5  -6  -6  -6   3   6  -6  -1  -3  -6  -5  -4  -5  -4  -2    1   0   0   0   0   0   0   0   0  16  81   0   0   0   0   0   0   0   0   0  1.65 0.63
   39 L     1  -2  -5  -5  -4   0  -3  -5  -2   3   1  -3   0  -3  -4  -4  -2  -5  -4   5   10   2   0   0   0   5   1   0   1  13  14   1   2   0   0   0   1   0   0  49  0.76 0.39
   40 V    -3  -5  -6  -6   1  -5  -5  -6  -6   6   1  -5  -1  -3  -5  -5  -2  -5  -4   5    1   0   0   0   3   0   0   0   0  43  10   0   0   0   0   0   2   0   0  38  1.24 0.50
   41 P    -3  -2   4  -3  -6  -2  -4  -5   2  -3  -4  -2  -5  -6   7  -2  -1  -6  -5  -4    2   2  17   1   0   2   0   0   4   1   1   2   0   0  59   3   4   0   0   1  1.60 0.62
   42 T    -1   2  -2   0  -3   4   3  -4   2  -4  -3   1  -2  -5  -3   0   0  -3  -3  -1    5  10   1   4   0  24  20   0   5   0   1   9   1   0   0   8   5   0   0   4  0.50 0.31
   43 S     1  -3   0   4  -4  -2  -1  -3  -2  -4  -4  -2  -1  -5   1   2   4  -5  -4  -3   12   1   4  26   0   0   2   0   1   0   0   1   1   0   8  15  24   0   0   1  0.64 0.37
   44 G    -3  -6  -4  -5  -6  -5  -6   8  -6  -7  -7  -5  -6  -7  -6  -3  -5  -6  -6  -7    1   0   0   0   0   0   0  95   0   0   0   0   0   0   0   1   0   0   0   0  2.50 0.82
   45 I    -4  -2  -5   0  -4  -3  -3  -6  -1   1   5  -4   0   2  -5  -4  -4  -3   3  -1    0   2   0   7   0   1   1   0   1   5  57   0   1   9   0   0   0   0  10   3  0.86 0.41
   46 Y    -6  -6  -6  -7  -7  -6  -6  -7  -1  -6  -6  -6  -5   0  -7  -6  -6  -2  10  -6    0   0   0   0   0   0   0   0   1   0   0   0   0   3   0   0   0   0  94   0  3.38 1.08
   47 F    -5  -6  -6  -7  -6  -4  -6  -6   2  -4   0  -6  -4   7  -7  -4  -5  -2   7  -5    0   0   0   0   0   1   0   0   4   0   8   0   0  48   0   1   0   0  35   0  1.96 0.71
   48 V    -4  -6  -6  -6  -4  -5  -6  -6  -6   5   2  -6  -2  -4  -6  -5  -4  -6  -4   6    0   0   0   0   0   0   0   0   0  32  15   0   0   0   0   0   0   0   0  51  1.42 0.57
   49 Y    -6  -6  -7  -7  -7  -6  -6  -7  -3  -6  -6  -6  -6  -2  -7  -6  -6  -3  10  -6    0   0   0   0   0   0   0   0   0   0   0   0   0   0   0   0   0   0  97   0  3.57 1.13
   50 S     1  -5  -4  -4   5  -4  -4  -3  -5  -6  -4  -4  -5  -3  -5   7  -1  -6  -5  -5    9   0   0   0  11   0   0   1   0   0   1   0   0   1   0  72   3   0   0   0  1.58 0.71
   51 Q    -4   2   0  -4  -6   7  -2  -4   4  -6  -5   3  -4  -5  -5  -3  -4  -6  -3  -4    1   8   4   0   0  58   0   1   8   0   0  16   0   0   0   1   0   0   1   1  1.56 0.69
   52 V     1  -5  -5  -5  -4  -5  -4  -5  -6   3  -1  -5  -2  -4  -5  -4   2  -6  -4   6   11   0   0   0   0   0   1   0   0  12   5   0   0   0   0   0  11   0   0  58  1.12 0.51
   53 V    -2  -3  -3  -3   0   1   0   1  -1  -2   0  -3  -2   0  -4   2   1  -3   5   0    1   1   0   0   2   9   7  10   1   1  11   0   0   2   0  15  11   0  20   8  0.32 0.28
   54 F    -6  -6  -6  -7  -6  -6  -6  -7  -4  -4   1  -6  -3   8  -4  -6  -5  -3   4  -3    0   0   0   0   0   0   0   0   0   0  14   0   0  68   1   0   0   0  13   2  2.09 0.73
   55 S    -3   7  -3  -4  -6   0  -2   0   2  -2  -2   1   0  -5  -5   0  -2  -5  -3  -4    2  55   0   0   0   3   2   7   4   3   3   7   2   0   0   8   2   0   1   1  1.04 0.49
   56 G    -1  -4  -2  -2  -2  -3  -3   6   1  -2  -4  -3  -4   2  -5   0  -3  -4  -1   0    4   1   1   2   1   1   1  55   4   3   1   1   0   9   0   6   1   0   2   8  0.90 0.42
   57 K    -1   3   0  -1  -2   3   0  -3   2  -2  -1   1   0  -3   0   1   0  -4  -3  -1    2  18   3   2   1  15   5   1   5   1   6   8   2   0   5  13   7   0   0   5  0.26 0.21
   58 A     1  -2   0   0   4  -2   0   2   0   0  -2  -1  -1  -3  -1   2   0  -4  -3  -1   15   2   5   5  10   0   8  15   2   7   1   2   1   1   2  14   6   0   0   4  0.20 0.16
   59 Y    -2  -3   0   0   9  -3  -1  -3   0  -4  -3  -2  -4  -5   2   1  -1  -5  -1  -3    2   1   5   5  46   1   5   1   2   1   2   2   0   0   9  13   3   0   2   1  1.29 0.52
   60 S    -1  -1   2   1  -1   0   1  -1   0  -3  -3  -1  -3  -3   3   3   1  -4  -2  -3    3   2   9   8   1   3   9   4   2   1   2   3   0   1  18  23   7   0   1   1  0.37 0.22
   61 P     1  -2   1   1   2   0   1   1  -1  -3  -3   0  -2  -3   4   1  -1  -3  -3  -3   11   1   9   9   5   4  10  10   1   1   2   4   1   1  19  10   1   0   1   1  0.34 0.19
   62 K     0   1  -1   1  -3   3   2   2  -1  -3  -3   1  -1  -3  -1   0   0  -3  -3  -2    6   6   2  10   0  16  14  18   1   1   2   7   1   1   2   4   7   0   1   2  0.29 0.17
   63 A     0   0   0   2   1   0   1   1   0  -2  -1   0  -1  -2   0   0   0  -2  -2  -1    8   6   5  12   4   5  12  13   3   2   5   5   1   1   3   6   5   0   1   4  0.12 0.07
   64 T     0   1  -1   0  -2   1   1   0   0  -2  -1   0  -1  -2   2   1   1  -2  -2  -2    8   8   2   4   1   6  10   7   3   2   7   4   1   2  12  13   8   0   1   2  0.14 0.09
   65 S     0   0   1   1  -1   0   0   1   0  -2  -2   1  -1  -2   1   2   1  -1  -2  -1    7   4   8   8   1   3   6   9   3   2   3   7   1   1   6  16   9   1   1   3  0.13 0.08
   66 S     0   2   0   0  -2   1   1   0   0  -2  -2   2  -1  -2  -1   1   1  -2  -1  -1    7  10   4   5   1   4   8   5   3   1   3  14   1   1   3  13  11   0   1   4  0.15 0.10
   67 P    -1  -2   0   0   0  -1  -2   1   2  -2  -2  -1   0  -2   4   1  -1  -2   1  -1    4   2   5   5   2   2   2  12   6   2   4   3   3   2  23  12   3   0   5   5  0.29 0.14
   68 L    -1  -1  -1   0  -2  -1  -1  -2  -1   1   2   1   0  -1  -1  -1   0  -2  -1   2    4   3   2   6   0   1   3   3   2   6  24  12   2   1   3   2   7   0   1  16  0.10 0.09
   69 Y    -2  -2  -2  -3  -3   3  -1  -3   3  -1   0  -1   1   1   3   0   1  -1   2  -1    2   1   1   1   0  13   3   1  10   2  10   2   3   6  17   7   8   1   8   3  0.31 0.21
   70 L    -4  -5  -6  -6  -4  -5  -6  -6  -5   2   5  -5   4   2  -6  -5  -3  -4  -1   0    0   0   0   0   0   0   0   0   0  12  63   0   9   7   0   0   1   0   1   5  1.20 0.50
   71 A     0   1  -1  -2  -2  -2  -2  -3  -2   0  -1  -2   1  -4  -3   3   4  -5  -4   2    6   7   3   2   1   1   2   1   1   4   5   2   3   0   0  24  25   0   0  14  0.39 0.29
   72 H    -4  -4  -1  -5  -6   3  -3  -6  10  -6  -3  -4  -5  -5  -6   0  -5  -6  -1  -1    1   0   2   0   0  15   1   0  62   0   3   0   0   0   0   8   0   0   1   6  2.12 0.78
   73 E    -1   1  -2  -2  -2  -1   0   0  -2   0  -2   1  -2  -2  -3   1   2  -1   3   0    4  10   1   1   1   1   7   7   0   7   2   8   1   0   0  10  16   1  15   9  0.20 0.21
   74 V    -4  -6  -6  -6  -4  -5  -6  -6  -6   5   2  -6   0  -4  -6  -4  -2  -6  -4   5    0   0   0   0   0   0   0   0   0  33  15   0   2   0   0   1   2   0   0  47  1.29 0.53
   75 Q    -3  -3  -2  -5  -4   0  -4  -4   1  -3  -1  -2  -2   3  -5   1   1   3   7  -3    1   1   2   0   0   4   1   1   2   1   5   3   1  12   0  12  11   4  39   1  0.92 0.46
   76 L    -4   5  -4  -5  -2  -2  -3  -5  -1  -3   0   5   1  -5  -5  -4  -4   0  -5   0    0  32   0   0   1   0   0   0   2   1  10  41   3   0   0   0   0   1   0   8  1.10 0.53
   77 F    -1   3  -3  -3  -2  -1  -2  -4  -1  -1  -1   2  -1   3  -4  -1  -1   3   3   1    6  22   0   1   1   2   1   0   1   4   5  13   1  12   0   3   4   4  10  11  0.33 0.24
   78 S     0   1   2  -3  -4  -2  -3   0  -4  -4  -5  -3  -1  -5  -2   4   4  -5  -5  -3    8   7  11   0   0   1   0   8   0   0   0   0   2   0   1  31  28   0   0   2  0.71 0.43
   79 S     0  -2   1   3  -3  -1   0   1  -2  -1  -3  -1  -3  -3   3   2  -1  -4  -2   0    8   2   8  16   0   1   6   9   0   3   2   2   0   1  17  16   2   0   1   7  0.32 0.21
   80 Q     1   3  -1  -3  -4   1  -1   1  -2  -3  -4   1  -4  -4  -4   4   0  -5  -1  -4   12  14   1   1   0   6   3   9   0   1   0   7   0   1   0  37   6   0   2   0  0.53 0.35
   81 Y    -4  -2  -4  -7  -6  -3  -4  -4   0   0  -2  -4  -2   1  -2  -3  -5  -2   9  -3    1   3   1   0   0   1   1   1   2   4   4   1   1   4   2   2   0   0  70   2  1.95 0.76
   82 P    -2  -1  -1  -4  -6   0  -2   3  -4  -6  -5  -3  -4  -4   7  -1  -3  -6  -6  -4    3   3   3   0   0   5   2  19   0   0   1   1   0   1  54   5   1   0   0   1  1.40 0.59
   83 F    -1   0   0   1  -4   1   3   1  -2  -3  -3   1  -3  -1   1   1   0  -3  -2  -1    2   5   3   9   0   5  20  10   0   1   1   8   0   3   5  14   6   0   1   6  0.23 0.19
   84 H    -2  -2  -1   2  -5  -1   2   0   2  -3  -4   2  -4  -4   5   1  -2  -3   0  -5    2   1   3  10   0   2  14   8   4   1   1  12   0   0  27   9   1   0   4   0  0.58 0.33
   85 V     0  -2  -3  -3  -3   0  -1  -4   2   2   2  -1   2  -3  -3  -1   1  -4  -3   2    7   1   0   1   0   5   4   0   6  14  20   5   5   0   1   3   9   0   0  19  0.27 0.22
   86 P    -2  -3   1  -2  -4   1   1  -4  -2  -1   1  -1   1  -4   4   0   1  -5  -2   1    1   0   8   1   0   8  10   0   1   2  13   3   5   0  21   5  11   0   1  11  0.36 0.26
   87 L    -5  -6  -7  -7  -5  -6  -4  -5  -7   1   7  -6   0  -3  -7  -6  -5  -6  -5  -2    0   0   0   0   0   0   1   1   0   7  89   0   1   0   0   0   0   0   0   1  1.86 0.72
   88 L    -5  -6  -6  -3  -5  -3  -6  -7  -6  -1   5  -3   8  -1  -7  -6  -5  -5  -5  -2    0   0   0   2   0   1   0   0   0   2  53   2  36   2   0   0   0   0   0   2  1.65 0.68
   89 S    -2  -1   0  -2  -5   0   3  -4   2  -4  -4   1   0  -5  -4   4   1  -6  -4   0    1   2   5   1   0   3  24   0   4   0   0   7   3   0   0  32   9   0   0   8  0.58 0.39
   90 S     4  -1   0   0  -4  -3  -2   4  -4  -5  -5  -3  -5  -6  -4   3  -1  -6  -5  -4   34   4   4   6   0   0   2  27   0   0   0   0   0   0   0  20   3   0   0   0  0.77 0.43
   91 Q     1   3  -2  -3  -4   1  -1  -2   2   2  -1   1   0  -2  -4  -1   1  -4  -3   1   14  18   1   0   0   6   2   2   5  14   4  11   2   1   0   2  10   0   0   9  0.24 0.22
   92 K    -3   4   0  -3  -6   0   1   0  -1  -3  -4   5   0  -5  -4  -1   0  -6  -4  -3    1  26   5   0   0   2  11   7   1   1   1  33   3   0   0   3   5   0   0   1  0.71 0.39
   93 M    -2  -3  -1  -4  -4  -4  -3  -4  -4  -1  -3  -2   2   0  -4   5   4  -6  -2  -2    2   1   2   0   0   0   1   0   0   4   2   2   6   4   0  45  29   0   1   1  0.93 0.53
   94 V     0  -3   2  -2   6  -3  -4  -1  -1  -1  -2  -3  -1  -2   3  -2  -3  -5   0   4    9   1   9   2  17   1   0   4   1   1   3   1   2   1  14   2   0   0   3  29  0.55 0.35
   95 Y    -3  -4  -4  -5   9  -3  -5  -6  -2  -5  -5  -5  -5   0  -5  -1   0   7   4  -4    1   1   1   1  47   2   1   0   1   0   0   0   0   3   1   5   7  15  14   0  1.95 0.72
   96 P     0  -1  -3  -1   6   3   2  -1  -3  -5  -5  -3  -4  -6   4   2  -2  -3  -5  -5    6   2   0   3  19  13  12   4   0   0   0   0   0   0  18  19   2   0   0   0  0.80 0.44
   97 G     0   2   1  -1  -4  -1  -1   3  -2  -3  -3   2  -3  -4  -1   0   2  -4  -3  -1    8  12   8   3   0   2   1  22   1   1   1  15   0   0   3   5  13   0   0   5  0.31 0.21
   98 L     0  -1   1   1  -3  -1   1   1   0  -1  -1   0  -1  -3   1   1   1  -3  -1  -1    8   2   6   8   0   1   9   9   3   5   5   6   1   0   7  15  11   0   3   3  0.12 0.11
   99 Q     1  -1   0   2  -4   3   1   3  -3  -5  -4   0  -3  -5  -3   2   1  -5  -4  -4   10   2   3  10   0  13   7  21   0   0   0   4   0   0   0  17  11   0   0   0  0.43 0.29
  100 E    -3   2   1   1  -5   2   3   1   2  -5  -5   2  -4  -5   0   1  -3  -5  -4  -4    0   9   7   9   0  11  20  11   4   0   0  15   0   0   4   9   0   0   0   1  0.48 0.30
  101 P     0  -3   0  -2  -4  -1  -3  -1   0  -2   0  -2   2   1   4  -1   0  -3   3   0    7   0   6   1   0   2   0   6   2   1   8   1   7   6  20   5   7   0  11   9  0.30 0.23
  102 W    -5  -6  -8  -8  -4  -5  -6   1  -1  -7  -7  -7  -4  -4  -8  -2  -7  12  -2  -5    1   0   0   0   0   0   0  12   2   0   0   0   1   0   0   3   0  79   0   1  3.77 1.15
  103 L     1  -3  -5  -6  -4  -4  -4  -3  -2  -2   2  -5   1   4  -5  -2   0   4   6  -2   11   1   0   0   0   0   1   1   1   1  18   0   4  17   0   3   7   6  28   2  0.79 0.41
  104 H    -2   3   1   1  -5   2   2  -3   3  -3  -3   0  -3  -2  -4   0   2  -4   3  -3    3  15   8   8   0  11  12   1   7   1   1   4   0   2   0   5  13   0  11   0  0.39 0.28
  105 S     0  -4   0  -2  -5  -3  -1  -1  -1  -5  -6  -1  -5  -6   3   5   1  -3  -5  -4    7   0   4   1   0   0   3   5   1   0   0   4   0   0  16  49   8   0   0   1  0.89 0.50
  106 M    -2  -5  -3  -5  -4  -5  -5  -5  -5   5   0  -5   1  -3  -5   4  -2  -6  -5   3    1   0   1   0   0   0   0   0   0  36   7   0   3   0   0  33   1   0   0  18  0.96 0.50
  107 Y    -4  -5  -1  -7  -5  -6  -6   1   2  -6  -5  -6  -5   3  -7  -5  -6  -3   9  -6    1   1   3   0   0   0   0  10   5   0   0   0   0  10   0   0   0   0  70   0  2.29 0.84
  108 H    -5  -4  -5  -6  -5   5  -3  -6  -1  -1   5  -4   1   2  -6  -4  -3  -5  -4  -1    0   0   0   0   0  25   1   0   1   2  55   0   2  10   0   1   1   0   0   3  1.11 0.55
  109 G     0  -7  -5  -6  -7  -6  -6   7  -6  -8  -8  -6  -7  -7  -6  -4  -6  -7  -7  -7    7   0   0   0   0   0   0  92   0   0   0   0   0   0   0   1   0   0   0   0  2.45 0.85
  110 A     5  -6  -4  -5  -5  -5  -5   6  -6  -6  -6  -5  -5  -6  -5   0  -4  -6  -6  -5   44   0   0   0   0   0   0  50   0   0   0   0   0   0   0   6   0   0   0   0  1.57 0.66
  111 A     0  -5  -6  -6  -4  -5  -5  -4  -6   2   3  -5   2  -1  -5  -4  -1  -5  -4   5    8   0   0   0   0   0   0   1   0   9  26   0   5   2   0   0   3   0   0  45  0.89 0.43
  112 F    -2  -6  -7  -7  -6  -2  -7  -7  -2  -3   0  -7  -4   8  -7  -6  -5  -4  -1   3    3   0   0   0   0   2   0   0   1   0   6   0   0  68   0   0   0   0   1  18  1.93 0.71
  113 Q    -2   1   2  -1  -5   5   1  -4   5  -5  -2   1  -1   0  -2   1  -3  -5  -1  -5    2   6   9   2   0  28   8   0  13   0   5  10   1   4   2  10   0   0   1   0  0.60 0.36
  114 L    -6  -6  -8  -8  -5  -6  -7  -8  -7  -2   7  -7   1   0  -7  -7  -5  -6  -5  -3    0   0   0   0   0   0   0   0   0   1  95   0   2   3   0   0   0   0   0   0  2.06 0.76
  115 T    -3   4   1   0  -5   2   3  -3   0  -5  -4   2   0  -3  -4  -2   2  -5  -2  -4    1  23   6   4   0  10  22   1   2   0   1  12   2   1   0   2  12   0   2   0  0.59 0.35
  116 Q     1   3  -1  -3  -4   1   3  -2  -3  -4  -4   4  -2  -5  -1   0  -1  -5  -3  -2   13  14   2   0   0   7  19   3   0   0   0  25   1   0   3   7   2   0   0   3  0.50 0.32
  117 G     0  -3   1  -2  -6  -1  -2   6  -1  -6  -5  -1   1  -3  -5  -2  -4  -6  -5  -5    6   1   6   2   0   3   3  65   2   0   1   3   5   1   0   2   0   0   0   0  1.22 0.52
  118 D    -6  -5  -3   8  -8  -4   3  -6  -5  -8  -8  -5  -7  -8  -6  -3  -5  -8  -7  -7    0   0   0  80   0   0  19   0   0   0   0   0   0   0   0   1   0   0   0   0  2.37 0.84
  119 Q    -4   6  -3  -4  -6   2   1  -5   2  -3  -4   3  -2  -6  -5   0  -2   1  -4  -3    0  47   0   0   0   9  10   0   4   1   1  15   1   0   0   6   2   2   0   1  1.04 0.49
  120 L    -4  -6  -7  -7  -4  -6  -6  -7  -6   4   5  -6  -1  -3  -6  -6  -3  -5  -4   3    0   0   0   0   0   0   0   0   0  18  58   0   0   0   0   0   1   0   0  22  1.32 0.53
  121 S    -3   0  -4  -5  -1  -4  -4  -4   2  -2  -2  -2   3   5  -5   2  -3   4   5   0    1   4   0   0   1   0   0   0   4   1   2   2   7  21   0  20   0   5  22   7  0.78 0.41
  122 T     0  -6  -5  -6  -4  -5  -5  -6  -6   0  -3  -5  -3  -5  -5  -1   3  -6  -5   6    8   0   0   0   0   0   0   0   0   3   0   0   0   0   0   3  21   0   0  64  1.39 0.61
  123 H    -3   1   6   0  -5   0   3  -4   2  -5  -4   0  -2  -5  -4   1   1  -6  -3  -3    1   8  36   3   0   3  18   0   5   0   1   4   1   0   0  10   7   0   0   2  0.75 0.40
  124 T    -2  -6  -5  -6  -4  -5  -4  -6  -6   3  -2  -5   1  -4  -4  -2   3  -6  -5   6    2   0   0   0   0   0   1   0   0  14   1   0   3   0   0   2  22   0   0  56  1.26 0.56
  125 D    -2  -3   3   0  -5  -2   0  -3  -2  -5  -3  -1  -4  -3   0   5   1  -2  -3  -4    1   1  15   5   0   1   6   1   1   0   3   3   0   1   4  52   7   1   1   1  0.85 0.48
  126 G    -3  -1   3   2  -5   1   1   1   6  -4  -1   0   0  -3  -1  -1  -3  -5  -1  -4    1   2  17  14   0   6   8   9  19   0   8   5   2   0   3   3   0   0   2   0  0.48 0.29
  127 I    -1  -1  -4  -3  -4  -2   1  -3  -3   3   1  -1  -1  -3   5  -3  -1  -5  -4   0    5   3   0   1   0   2  10   1   0  19  15   3   1   0  30   1   3   0   0   5  0.60 0.32
  128 P     0   1   1   2  -4   2   1  -2   2  -4  -4   0  -3  -3   1   3   1  -3  -3  -3    8   7   5  13   0   8   7   2   5   0   1   6   0   1   5  23   7   0   0   0  0.34 0.24
  129 H    -2  -2  -3  -2  -4  -3  -1  -5   3  -1   4  -2   4   0  -4  -3  -2  -1   4  -1    2   2   1   2   0   1   5   0   7   2  41   2  12   3   0   2   1   1  15   2  0.62 0.35
  130 L    -4  -6  -7  -7  -4  -5  -6  -7  -6   3   4  -6   0  -3  -6  -5  -4  -6  -4   5    0   0   0   0   0   0   0   0   0  12  38   0   1   1   0   0   0   0   0  48  1.31 0.54
  131 V    -3   0   2   6  -3  -1   2  -3  -2  -5  -3  -2  -5  -3  -4   1  -2  -6  -4  -3    1   6  10  44   1   3  14   1   1   0   4   1   0   1   0  11   1   0   0   2  0.86 0.42
  132 L    -2  -2  -2  -2  -3  -3  -3  -4   2  -1   1  -2   4   4  -1  -2   0  -1   4  -1    3   2   2   2   0   1   1   1   5   2  15   3  11  22   3   3   7   0  15   4  0.45 0.28
  133 S     1   3   0   4  -5   0   3  -2   0  -5  -5   1  -4  -5  -4   1  -1  -5  -3  -4   10  14   3  26   0   2  19   2   2   0   0   8   0   0   0   8   3   0   1   0  0.58 0.32
  134 P    -2   2   0   2  -6   2   5  -2   2  -4  -5  -1  -4  -5   2  -2  -3  -5  -1  -5    2   9   4  12   0   9  38   3   6   1   0   2   0   0   9   2   1   0   3   0  0.72 0.39
  135 S    -2  -2  -2   1  -5  -2   1   5   2  -5  -5  -1  -5  -4  -4   3  -1  -5   2  -5    2   2   1   7   0   1   8  39   5   0   1   2   0   0   0  23   2   0   7   0  0.71 0.38
  136 T     2   0  -2  -2  -5   2  -1  -2  -4  -4  -5   5  -4  -6  -4   1   2  -6  -5  -4   15   3   1   1   0  10   3   3   0   0   0  42   0   0   0  10  11   0   0   0  0.76 0.42
  137 V    -2  -4   2  -4  -4  -4  -4  -5  -5  -1  -3  -4  -4  -5  -5   3   6  -6  -5   2    1   0  10   0   0   0   0   0   0   3   1   0   0   0   0  25  45   0   0  14  1.05 0.54
  138 F    -6  -7  -7  -8  -7  -7  -7  -7  -4  -5  -4  -7  -4   8  -8  -4  -6  -3   7  -4    0   0   0   0   0   0   0   0   0   0   0   0   0  64   0   1   0   0  33   1  2.57 0.84
  139 F    -7  -8  -8  -8  -7  -8  -8  -8  -6  -5  -2  -8  -4  10  -8  -7  -7  -4  -1  -4    0   0   0   0   0   0   0   0   0   0   3   0   0  96   0   0   0   0   0   1  3.20 0.98
  140 G    -4  -7  -5  -6  -7  -6  -7   8  -6  -8  -8  -6  -7  -8  -7  -5  -6  -7  -8  -8    0   0   0   0   0   0   0 100   0   0   0   0   0   0   0   0   0   0   0   0  2.76 0.88
  141 A     5  -5  -5  -5  -4  -4  -5  -4  -5   1   2  -4  -2  -4  -5  -3  -2  -6  -5   2   54   0   0   0   0   0   0   0   0   7  19   0   0   0   0   0   2   0   0  17  0.97 0.48
  142 F    -6  -6  -7  -7  -6  -7  -7  -7  -2   1  -2  -7  -3   8  -7  -6  -5  -3   4   1    0   0   0   0   0   0   0   0   1   8   1   0   0  66   0   0   0   0  13  11  1.98 0.67
  143 A     3  -2  -4  -5  -4  -2  -4  -4  -5  -3   2   3   6  -4  -5  -2  -3  -5  -4  -3   30   1   0   0   0   1   0   0   0   0  23  19  23   0   0   2   1   0   0   0  0.85 0.46
  144 L    -4  -6  -6  -7  -4  -5  -6  -7  -6   4   5  -6   0  -3  -6  -5  -4  -5  -4   4    0   0   0   0   0   0   0   0   0  18  54   0   2   0   0   0   0   0   0  26  1.24 0.48

                      K         Lambda
Standard Ungapped    0.1334     0.3195
Standard Gapped      0.0499     0.2670
PSI Ungapped         0.1612     0.3122
PSI Gapped           0.0499     0.2670
