
Last position-specific scoring matrix computed, weighted observed percentages rounded down, information per position, and relative weight of gapless real matches to pseudocounts
            A   R   N   D   C   Q   E   G   H   I   L   K   M   F   P   S   T   W   Y   V   A   R   N   D   C   Q   E   G   H   I   L   K   M   F   P   S   T   W   Y   V
    1 C    -6  -9  -8  -9  12  -8  -9  -8  -8  -7  -7  -8  -7  -8  -8  -6  -6  -8  -8  -6    0   0   0   0 100   0   0   0   0   0   0   0   0   0   0   0   0   0   0   0  4.57 1.24
    2 P    -2   2   0   2  -5   3   0   1  -1  -5  -3   1  -3  -5   4  -1  -2  -5  -4  -5    2  11   4  11   0  13   5  11   1   0   2  10   0   0  22   5   2   0   0   0  0.53 0.30
    3 Q    -2  -2  -2   2   4   3   4  -3   0  -3  -2  -1  -3  -3   2  -1  -2  -2  -3  -4    3   1   0  11   9  15  27   1   2   1   5   3   0   1  12   3   2   1   1   0  0.55 0.34
    4 G     1  -1   2   1  -2  -1   1   4  -2  -6  -5   1  -5  -5  -2  -1  -2  -5  -4  -5    9   4  10   9   1   1   7  38   1   0   0  11   0   0   2   3   2   0   0   0  0.63 0.33
    5 K    -3  -1  -3  -2  -6   4   5  -2   2  -5  -3   2   0  -6  -4  -1  -1  -6  -2  -5    1   2   0   1   0  16  42   3   5   0   3  14   2   0   0   4   5   0   1   0  0.87 0.47
    6 Y    -6  -6   0   1  -7  -4   1  -5   0  -6  -6  -5  -5   1  -7  -4  -4  -3   9  -6    0   0   4   7   0   0   8   1   2   0   0   0   0   3   0   1   1   0  72   0  2.23 0.82
    7 I    -2  -2  -1  -1  -3  -1  -1  -3  -1  -1   2  -1  -1   2   2   0  -1   4   4  -1    2   2   2   3   0   3   5   2   1   3  19   3   1   9   9   7   3   5  17   3  0.26 0.16
    8 H    -1  -1  -1  -2  -3   2   2  -3   6  -1  -2  -2  -2  -1  -1  -1  -2   0   4  -2    4   2   3   2   1  11  13   2  22   4   3   2   1   3   3   3   2   1  16   3  0.53 0.23
    9 P    -1   0  -1   1  -2   0   1  -2   0  -1  -2   2  -1  -2   3  -1   0  -2   1  -1    4   4   3   7   1   4  10   3   2   3   3  14   2   2  18   4   4   0   6   5  0.23 0.11
   10 Q    -1   3  -1   0  -3   2   2  -1  -1  -3  -2   2  -1  -3   0   0   1  -3  -2  -2    5  15   2   4   0  11  13   3   1   1   3  15   1   1   5   5  11   0   1   2  0.27 0.16
   11 N    -1   0   3   0  -2  -1   0   1   3   0  -2   0  -2  -2  -2   1   0  -3   0   0    3   4  17   4   0   2   5   9  10   6   4   4   1   1   1  12   6   0   3   7  0.18 0.14
   12 N     0  -1   3   2  -4   1   0   3   2  -3  -3  -2  -4  -4  -4   0  -1  -5  -3  -2    7   4  16  10   0   6   7  26   6   1   3   1   0   0   0   7   3   0   1   2  0.40 0.24
   13 S    -1  -1   2   0  -2   2  -1   3   1  -4  -1   0  -2  -4   0   1   1  -4  -3  -3    3   3  10   4   1  12   2  24   4   0   6   6   1   0   4  12   7   0   0   1  0.31 0.22
   14 I    -3   0  -3  -2  -4   2   0  -4   2   2   1  -1   2   3  -2  -2  -2  -1  -1   1    1   6   1   2   0  11   7   1   5  14  16   2   7  14   1   1   1   1   1   8  0.28 0.20
   15 C    -5  -6  -5  -8  12  -8  -8  -8  -8  -5  -4  -8  -3  -7  -8  -5  -3  -7  -4  -4    1   0   1   0  91   0   0   0   0   1   1   0   1   0   0   1   1   0   1   1  3.96 1.16
   16 C    -6  -6  -8  -9  12  -8  -9  -8  -1  -7  -7  -9  -7  -8  -8  -3  -6  -8  -8  -6    0   1   0   0  96   0   0   0   1   0   0   0   0   0   0   2   0   0   0   0  4.39 1.27
   17 T    -2   2   1   1  -1   2  -1  -4  -3  -4  -1   2   0  -5   3   2   1  -5  -4  -3    2   9   5  10   2   9   1   0   0   0   5  12   3   0  14  17   7   0   0   2  0.36 0.26
   18 K    -2   3   0  -4  -3   0  -3   0  -4  -4   1   4   4  -2   1  -2  -2  -5  -2  -4    2  14   5   0   0   5   0   8   0   0  13  29  12   2   6   3   1   0   1   0  0.52 0.35
   19 C    -6  -9  -9  -9  12  -9 -10  -8  -9  -7  -7  -9  -7  -8  -9  -7  -7  -8  -8  -4    0   0   0   0  99   0   0   0   0   0   0   0   0   0   0   0   0   0   0   1  4.66 1.33
   20 H    -3  -2   1  -4  -7   1  -2  -5   4  -7  -4  -1  -4  -7   7   0  -4  -7  -4  -5    2   2   6   0   0   5   2   0  11   0   2   4   0   0  56   7   0   0   0   0  1.58 0.67
   21 K     4  -3  -6  -5  -6  -3  -1  -5  -6  -4  -6   1  -3  -7   7  -3  -3  -7  -6  -4   31   1   0   0   0   1   4   0   0   1   0   9   1   0  48   1   2   0   0   1  1.51 0.66
   22 G    -5  -7  -5  -6  -8  -7  -7   8  -7  -9  -9  -7  -8  -8  -7  -5  -7  -1  -8  -8    0   0   0   0   0   0   0  99   0   0   0   0   0   0   0   0   0   1   0   0  2.91 1.00
   23 T    -4  -1  -2  -4  -4   2   0  -5   4  -5  -4   1  -1   1  -5   0   5  -4   4  -4    0   3   1   0   0   8   7   0  11   0   0   7   2   5   0   6  35   0  14   0  0.82 0.48
   24 Y    -5   3  -5  -6  -7  -3  -5  -5   5  -4  -5   1  -3   4  -6  -4  -5   0   7   0    0  15   0   0   0   1   0   0  14   1   0  10   0  13   0   1   0   1  38   6  1.39 0.62
   25 L    -1  -2  -6  -6  -5  -5  -4  -6  -6   0   3   1   2  -4  -6  -5  -4  -6  -5   5    4   2   0   0   0   0   1   0   0   3  32  11   4   0   0   0   0   0   0  44  1.04 0.51
   26 Y     0   1  -1  -2  -4   2   0  -3   1  -2  -2   4  -2  -2  -4   2   0  -3   0   1    7   5   1   1   0  10   4   1   3   2   3  27   0   1   0  14   5   0   4  11  0.34 0.27
   27 N     2   2   2  -1  -4   2   2  -2   0  -2  -4   1  -3  -4  -3   1   1  -3  -3  -1   17   9   8   3   0   9  14   2   2   2   1  10   0   0   0  10   8   0   1   4  0.29 0.23
   28 D    -1  -2  -3   4  -6  -1   1  -3   5  -4  -3  -1  -5  -1   3   0  -3  -6  -2  -3    6   1   0  25   0   2   9   1  17   0   3   4   0   4  17   7   1   0   1   2  0.69 0.39
   29 C    -6  -9  -8  -6  12  -8  -9  -8  -8  -3  -7  -8  -7  -8  -8  -6  -6  -8  -5  -6    0   0   0   1  97   0   0   0   0   2   0   0   0   0   0   0   0   0   0   0  4.46 1.32
   30 P    -2  -1  -1   0  -2  -1   0  -2   0  -3  -3   0  -2  -4   1   2   5  -4  -3  -2    2   2   2   5   1   3   4   2   2   1   3   6   1   1   7  12  41   0   1   3  0.55 0.31
   31 G     1   0   0  -1  -3   0   2   1  -2  -1  -3   1  -2  -3  -2   2   0  -3  -3  -1   11   4   5   2   0   2  18  12   0   3   1  11   0   1   1  17   4   0   1   6  0.25 0.20
   32 P    -1   1   1   2  -3   1   1  -2   2  -3  -3   0  -3  -2   5  -1  -1  -2  -1  -3    4  10   7  12   0   5   8   2   4   1   2   4   1   2  25   5   3   0   2   2  0.45 0.22
   33 G    -2  -2   1   0   4  -1  -1   2   4  -3  -1  -1  -2  -2  -3   1   2  -2  -1  -2    2   2   6   4   9   2   3  15  10   1   7   4   0   2   1  12  17   0   2   3  0.28 0.22
   34 Q    -2   1   0  -1  -4   2   0   3  -2  -3  -2   1  -1  -5  -2   2   2  -1  -4  -3    2   6   3   2   0  12   6  20   1   1   5   7   1   0   1  15  16   1   0   1  0.33 0.26
   35 D    -1   0   2   4  -3   0   1  -1  -2  -2  -3   1  -2  -3  -1   0  -1  -4  -3  -1    6   5   9  27   0   4   8   4   1   3   3  11   1   1   3   6   3   0   1   5  0.33 0.20
   36 T    -1  -3  -3  -5  -5  -5  -5   1  -4  -4  -5  -5  -5  -5   1   2   6  -6  -6  -4    4   1   0   0   0   0   0  12   0   1   0   0   0   0   7  17  55   0   0   1  1.24 0.62
   37 D    -1  -1  -1   1  -4   1   2  -3   0   1  -2   0  -2  -3  -4  -1   2  -5  -3   3    3   2   2   8   0   8  12   1   2   6   3   6   1   1   0   4  16   0   0  24  0.30 0.25
   38 C    -6  -9  -8  -9  12  -9 -10  -8  -9  -7  -7  -9  -7  -8  -9  -7  -7  -8  -8  -7    0   0   0   0 100   0   0   0   0   0   0   0   0   0   0   0   0   0   0   0  4.70 1.33
   39 R     2   1  -2   0  -3   0   1  -2  -2  -1   1   0  -1  -3  -3   0   0  -4  -2   1   18   8   0   4   0   3  13   1   1   3  15   6   1   0   0   8   6   0   1  12  0.16 0.17
   40 E    -2  -1  -3  -2  -6  -1   0  -5  -3  -5  -2   0  -3  -3   7   0   0  -7  -6  -3    2   3   1   2   0   2   7   0   0   0   5   5   1   1  53   8   7   0   0   2  1.21 0.54
   41 C    -6  -5  -8  -9  12  -9  -9  -8  -9  -7  -7  -9  -7  -8  -9  -7  -7  -8  -8  -6    0   1   0   0  99   0   0   0   0   0   0   0   0   0   0   0   0   0   0   0  4.61 1.31
   42 E     0  -1  -3   1  -5   0   3  -1   0  -3  -4   0  -1  -6   5   0   0  -6  -5  -3    6   2   1   7   0   4  20   4   2   1   1   5   1   0  32   5   5   0   0   2  0.70 0.37
   43 S    -1   0   1   2  -5   2   3  -3   2  -4  -3   1  -3  -4   2   1  -1  -3  -1  -4    5   4   7  12   0   8  19   1   4   1   3   8   0   0  11   9   3   0   3   0  0.37 0.25
   44 G    -4  -3   2   1  -6  -2  -3   6  -1  -7  -4  -3  -4  -7  -6   0  -5  -7  -5  -7    0   2  11   7   0   1   1  67   1   0   2   1   0   0   0   6   0   0   0   0  1.50 0.61
   45 S    -4  -5  -3  -2  -5  -1   3  -6   0  -5  -5  -4   0  -3  -5   1   6  -6   0  -4    0   0   1   1   0   3  17   0   3   0   0   0   3   1   0  10  58   0   3   0  1.31 0.64
   46 F    -7  -7  -7  -8  -7  -7  -7  -8  -1  -6  -5  -7  -5   7  -8  -7  -7  -3   8  -6    0   0   0   0   0   0   0   0   1   0   0   0   0  42   0   0   0   0  57   0  2.83 0.95
   47 T    -3  -1   2  -5  -5  -3  -5  -6  -5  -1   2  -4   5  -5  -5  -1   6  -6  -5  -3    1   4   9   0   0   1   0   0   0   2  19   0  13   0   0   4  46   0   0   0  1.07 0.56
   48 A     3  -2   0   4  -5   1   4  -2  -2  -4  -5  -1  -5  -6  -3   0  -1  -6  -5  -5   29   2   4  20   0   5  24   3   1   0   0   3   0   0   1   6   3   0   0   0  0.69 0.40
   49 S    -2   1  -2  -3  -5   2  -1  -3   7  -2  -1   0  -3   0  -5   0   1   3   1  -1    2   8   1   1   0   8   3   2  27   2   7   6   0   3   0   6   8   3   5   6  0.53 0.32
   50 E    -1  -3  -2   0  -6  -1   2  -4  -2  -2  -2  -2  -1  -3   4  -1  -3   9  -2  -5    5   1   2   6   0   3  16   1   1   3   4   2   2   1  18   6   1  29   1   0  1.10 0.51
   51 N    -6  -5   9  -3  -8  -5  -5  -5   3  -8  -8  -5  -7  -8  -7  -1  -3  -9  -7  -8    0   0  88   0   0   0   0   0   7   0   0   0   0   0   0   3   2   0   0   0  2.81 0.99
   52 H    -3   1  -2  -1  -5  -3  -2   3   7  -4  -4  -3  -4   0  -5  -1   0   3   4  -5    2   7   1   3   0   0   2  24  24   1   2   1   0   3   0   5   6   4  14   0  0.81 0.42
   53 L    -2  -3  -4  -3  -4  -2   1  -5   2   0   4  -2   2   0  -5   1  -3  -4  -1   1    3   1   0   1   0   1  10   0   6   3  43   2   5   4   0  10   0   0   2   8  0.49 0.32
   54 R    -2   2   0   2  -5   0   1  -3   1  -3  -3   1  -3  -2   3   2   1  -5  -1  -4    0  10   5  10   0   3  10   1   3   1   2   8   0   2  13  19   9   0   2   0  0.36 0.26
   55 H    -2   3   1  -2  -5   2   3  -4   2  -2  -5   3  -3  -2  -3   0   0  -3  -1  -4    2  17   8   0   0  11  19   0   4   3   0  19   0   2   0   6   6   0   2   1  0.52 0.32
   56 C    -6  -9  -8  -9  12  -9 -10  -8  -9  -7  -7  -9  -7  -8  -9  -7  -7  -8  -8  -7    0   0   0   0 100   0   0   0   0   0   0   0   0   0   0   0   0   0   0   0  4.70 1.33
   57 L    -1   1  -2  -4  -4   2  -2  -4   3   0   3  -2   1   3  -5  -2  -1  -4  -1  -2    5  10   1   0   0  12   2   0   9   4  30   1   3  15   0   2   5   0   2   1  0.46 0.31
   58 S    -1   4  -3  -3  -5   2  -2  -3  -2  -4   0  -1  -1  -4   3   2  -2  -3   0  -3    5  28   0   1   0  10   1   1   1   0   8   2   2   0  16  17   2   0   4   1  0.58 0.37
   59 C    -6  -8  -7  -8  12  -8  -8  -8   3  -6  -7  -8  -7  -7  -8  -6  -6  -7  -7  -6    0   0   0   0  91   0   0   0   7   0   0   0   0   0   0   0   0   0   0   0  4.16 1.20
   60 S    -2   4   0  -3  -1   2  -2  -1  -2  -5  -4   2  -4  -5  -4   3   2  -5  -1  -4    2  24   4   1   2  11   1   4   1   0   1  12   0   0   0  20  14   0   2   0  0.59 0.37
   61 K     0   0  -1  -2  -3   1  -1  -3   1   0  -1   0  -1  -2   3   1   0  -4   1   1    9   6   2   1   0   7   4   1   4   4   4   5   2   1  14  13   6   0   6  12  0.19 0.17
   62 C    -5  -7  -6  -7  12  -6  -7  -6  -7  -5  -6  -7  -6  -6  -6  -3  -5  -6  -6  -4    0   0   0   0  92   0   0   0   0   0   1   0   0   0   0   2   0   0   0   1  4.00 1.11
   63 R    -4   4   0   6  -3  -3  -1  -3   0  -3  -5   1  -5  -5  -2  -1  -3  -6  -3  -4    1  21   3  49   1   0   2   2   2   2   1   7   0   0   2   3   1   0   1   1  1.09 0.49
   64 K    -1   0  -2   0   3   0   3  -1   0  -3  -3   2  -4  -5   4   1  -1  -3  -4  -3    4   4   1   5   8   3  18   4   2   1   2  11   0   0  19  12   4   0   0   1  0.44 0.26
   65 E     0  -2   2   3  -4   1   3   1   0  -3  -3  -1  -1  -4  -2   0  -2  -5  -4   0    7   2  10  20   0   6  19  11   2   1   2   2   2   0   1   7   1   0   0   7  0.37 0.24
   66 M     1  -1  -1  -1  -3   0   0  -2   3  -1   2   0   4   0  -2   0  -1  -2  -1  -1   15   2   2   2   0   5   5   1  10   2  22   5  12   3   1   8   2   1   1   2  0.21 0.17
   67 G    -2  -1   2   0  -4  -1  -2   5   0  -3  -2  -1  -3   1  -3   0  -3  -1  -3  -4    1   3  10   6   0   3   2  46   2   1   4   3   0   6   1   6   1   1   1   1  0.64 0.29
   68 Q    -5  -3  -5  -5  -6   7   0  -6  -3  -4   3  -3   0   2  -6  -5  -5  -2  -3  -3    0   1   0   0   0  44   6   0   0   0  32   1   2  10   0   0   0   0   0   1  1.25 0.60
   69 V    -3   1  -4  -2  -4   1   3  -3  -2   1  -2  -2  -1  -1  -4  -1  -1  -3  -1   4    0   8   0   1   0   5  24   2   1   8   2   2   1   3   0   4   3   0   3  34  0.50 0.34
   70 E     0  -4  -3  -4  -5  -1   4  -5  -4   1  -2  -3   0  -5  -3  -3   2  -6  -2   4    7   0   1   0   0   2  29   0   0   6   3   1   2   0   1   1  12   0   1  34  0.71 0.42
   71 I    -1   0  -2  -3  -4   1   1  -3  -2   2   1   2  -1  -2  -2  -2   1   0  -3   3    3   4   1   1   0   6  10   1   1  11  16  12   0   1   1   1   9   1   0  21  0.24 0.21
   72 S     0   3  -2  -3  -1   4   1  -4  -1  -4  -4   2  -2  -5  -4   2   1  -3  -4  -3    8  15   1   0   1  17   9   0   1   0   1  13   1   0   0  19  11   0   0   2  0.52 0.34
   73 S     1  -2   5  -1  -5  -1   3  -3  -1  -5  -5   0  -4  -6   4  -1  -1  -6  -5  -4   11   2  25   2   0   3  19   2   1   1   0   5   0   0  22   4   4   0   0   1  0.76 0.41
   74 C    -6  -8  -8  -8  12  -8  -9   0  -8  -7  -7  -8  -7  -7  -8  -6  -6   1  -7  -6    0   0   0   0  90   0   0   7   0   0   0   0   0   0   0   0   0   2   0   0  3.99 1.17
   75 T    -2  -3   1  -4  -5   0  -3  -5  -5  -4  -4  -2  -4  -3  -5   3   6  -6  -5  -4    2   1   6   0   0   3   1   0   0   1   1   3   0   1   0  24  56   0   0   0  1.34 0.64
   76 V     3   2  -2  -2  -4   0  -2  -1  -1  -2  -2   0  -2  -4   1   2   0  -3  -2   0   25  13   1   1   0   3   2   3   1   2   4   4   1   0   8  18   6   0   2   7  0.30 0.25
   77 D    -3  -2  -1   2  -5   0   1  -4  -3  -2  -4   1  -1  -3  -4  -1   5  -2  -3   1    0   2   2  10   0   3   8   0   1   2   0  10   1   1   0   4  42   1   1   9  0.67 0.41
   78 R     0   2  -2  -3  -5   5   0  -4   3  -4  -5   1  -3  -6  -2   2   2  -6  -3  -5    8  11   1   0   0  25   6   0   6   0   0   9   0   0   2  18  13   0   0   0  0.65 0.40
   79 D    -6  -5   6   6  -8  -3  -2  -5  -5  -8  -8   1  -7  -8  -6  -4  -5  -8  -7  -7    0   0  42  48   0   1   1   0   0   0   0   8   0   0   0   0   0   0   0   0  2.01 0.78
   80 T    -1   4  -4  -2  -2  -3  -5  -6  -5  -2  -5  -4  -5  -6  -3  -2   7  -7  -6  -3    5  21   0   2   1   1   0   0   0   2   0   0   0   0   1   2  63   0   0   1  1.52 0.70
   81 V    -2   0  -4  -4  -5   2   1  -5   2   1  -1   2  -1  -4  -5  -3   0  -5  -3   4    2   6   0   0   0  11   9   0   4   8   4  14   1   0   0   0   5   0   0  35  0.55 0.35
   82 C    -6  -9  -8  -9  12  -9  -9  -8  -9  -7  -7  -9  -7  -8  -9  -7  -7  -8  -8  -7    0   0   0   0  98   0   0   0   0   0   0   0   0   0   0   0   0   0   0   0  4.57 1.33
   83 G     0   3  -2   0  -5   3   1   3  -1  -3  -4   0  -3  -4  -4  -1   1  -2  -4  -2    6  17   0   4   0  12   9  27   1   2   0   3   0   0   0   4   8   1   0   4  0.46 0.29
   84 C    -6  -8  -8  -9  12  -8  -9  -8  -8  -5  -6  -8  -7  -8  -3  -6  -4  -8  -8  -2    0   0   0   0  93   0   0   0   0   1   0   0   0   0   2   0   1   0   0   3  4.16 1.21
   85 R    -1   2  -1  -1  -5   3   1  -2  -1  -3  -1   5  -3  -5   0  -1  -2  -5  -4  -3    5  12   2   3   0  12   7   3   1   1   6  36   0   0   5   3   1   0   0   2  0.57 0.34
   86 K    -1  -1   0   0  -6   2   2  -4  -2  -4  -5   2  -3  -5   6   0  -1  -6  -5  -4    5   2   4   4   0   9  15   1   1   1   1  11   1   0  36   7   3   0   0   1  0.85 0.42
   87 N    -4  -5   4   0  -7  -5  -4   7  -1  -8  -8  -4  -7  -7  -6  -4  -5  -7  -7  -7    0   1  17   4   0   0   1  75   1   0   0   0   0   0   0   1   0   0   0   0  1.96 0.73
   88 Q    -4   0  -4  -4  -5   3  -3  -5   4  -3  -2  -2   3   3  -5  -2   0   7   5  -4    0   6   0   1   0  13   1   0  10   1   3   2   9  11   0   3   7  13  17   0  0.84 0.42
   89 Y    -4  -5  -5  -6  -2  -5  -5  -6   1  -4  -3  -5  -4   7  -6  -3  -4  -2   7  -3    1   0   0   0   1   0   0   1   2   1   2   0   0  44   0   2   1   0  40   2  1.98 0.68
   90 R    -3   2  -4  -4  10   0  -4  -4  -4  -3  -1   0  -2  -4  -3  -1  -3  -3   1  -3    1   9   1   1  52   5   1   1   0   1   5   7   1   1   2   4   1   0   5   2  1.61 0.55
   91 H     0  -1   2   0   0   1   1  -2   4  -1  -2   1  -1  -2   0   0   0  -3  -1   1    7   2  10   6   2   5   8   1  12   3   3   8   1   1   5   8   4   0   2  12  0.15 0.13
   92 Y    -1  -1  -1   0   6   0  -2  -2   2  -2  -1   0  -2   0   2  -1   0  -3   2  -2    3   4   3   6  22   4   2   2   5   2   7   6   1   3  10   4   5   0   9   2  0.38 0.20
   93 W    -1   1  -1   1  -2   0   0  -1   0   0   0   0  -1   0  -1   1   1   4   0   0    3   9   2   7   0   4   4   6   2   6   9   4   1   3   3  13   9   6   3   6  0.08 0.08
   94 S     0  -2   1   3  -2   0   0   2  -3  -3  -4  -1  -2  -4  -1   3   0  -5  -3  -2    7   1   7  20   1   3   5  13   0   1   1   3   1   1   3  24   5   0   1   4  0.39 0.26
   95 E    -2  -2   2   3  -2   1   2   0   2  -4  -4   0  -4  -3   1   3  -1  -5  -4  -4    2   1  10  16   1   6  16   6   5   1   2   4   0   1   6  20   3   0   0   0  0.42 0.28
   96 N     0  -1   0   0   1  -1   2   1   2  -3  -3  -1  -3  -3   1   2   1  -4  -2  -2    8   2   4   5   4   2  17  11   6   1   2   3   0   1   6  17   8   0   1   3  0.23 0.19
   97 L    -3  -4  -5  -4  10  -5  -3  -4  -1  -3  -1  -4  -2  -4   1  -4  -1  -6  -2  -3    2   1   1   1  64   0   2   1   2   1   7   1   1   1   7   1   4   0   2   2  2.22 0.78
   98 F    -2   1  -2   0  -5  -1   4  -3  -2  -3  -3  -1  -3   5  -4   0  -1  -1  -1   0    3   8   1   4   0   2  33   2   1   1   2   3   0  23   1   6   3   1   1   7  0.61 0.38
   99 Q    -1   1  -2  -2  -4   2   0  -4   5  -1   0  -1   1   1  -3   1  -1  -2   0   0    5   7   1   2   0  10   5   0  19   3   9   4   4   5   0  11   3   0   3   9  0.31 0.24
  100 C    -1  -9  -8  -9  12  -8  -9  -8  -8  -7  -7  -8  -7  -8  -8  -4  -5  -8  -8  -6    5   0   0   0  93   0   0   0   0   0   0   0   0   0   0   1   1   0   0   0  4.21 1.28
  101 F    -1   2   0  -1  -3   1   2  -3   0   0   1   1   1   0  -3  -1   0  -2  -1   0    4  13   3   3   0   8  13   1   3   5  13  11   4   4   0   3   5   0   2   5  0.14 0.14
  102 N    -2   3   1  -2  -6   0  -1  -5  -2  -5  -2   3  -5  -6   6  -1  -2  -3  -5  -4    3  15   7   2   0   4   3   0   1   0   5  16   0   0  38   4   2   1   0   1  0.96 0.48
  103 C    -5  -5  -4  -7  10  -4  -7  -7   7  -4   1  -7  -4  -5  -4  -4  -6  -3  -1  -3    0   0   1   0  51   1   0   0  26   1  14   0   0   0   1   1   0   0   2   1  2.42 0.86
  104 S    -1   2  -2  -2  -5   0  -3  -4  -4  -2  -2   1  -2  -5  -1   4   3  -6  -5  -2    3  11   1   2   0   3   0   0   0   2   4  10   1   0   2  38  21   0   0   2  0.67 0.44
  105 L    -2   1  -1   2  -3   0   0  -4   0  -1   0   3   0  -4   1   1   2  -5  -4   0    2   7   2  10   0   4   3   0   3   2  11  18   2   0   8  10  12   0   0   6  0.23 0.21
  106 C    -6  -9  -8  -9  12  -8  -9  -8  -9  -7  -7  -9  -7  -5  -8  -4  -6  -8  -8  -6    0   0   0   0  98   0   0   0   0   0   0   0   0   1   0   1   0   0   0   0  4.54 1.34
  107 L    -1   0  -3  -3  -4   0   1   1  -1  -3   1   1  -3  -2   5  -1  -1  -5  -4  -3    3   5   1   1   0   4  11   9   1   0  13  10   0   2  30   4   3   0   0   2  0.53 0.32
  108 N     0  -3   3   0  -6  -1  -1  -1   4  -4  -5  -1  -5  -6   6  -2  -4  -7  -4  -3    7   1  14   5   0   2   4   4  10   1   1   3   0   0  43   2   0   0   0   1  1.11 0.52
  109 G    -4   2  -4  -1  -6  -5  -1   7  -2  -7  -6  -4  -6  -7  -4  -3  -4  -6  -7  -7    0   9   0   3   0   0   4  77   1   0   1   1   0   0   1   2   1   0   0   0  1.81 0.71
  110 T    -2  -2  -2  -2  -4   3   1   2   3   0  -2   0  -2  -3  -2  -1   3  -4  -2  -3    2   2   1   1   0  17  10  18   7   6   4   4   1   1   1   3  20   0   1   1  0.40 0.30
  111 V    -2  -4  -4  -5  -4  -5   1  -4  -6   4  -1  -4  -2  -4  -2  -4   0  -6  -5   5    2   1   1   0   0   0   9   1   0  21   5   0   0   0   2   0   7   0   0  48  0.96 0.49
  112 H     1   2  -2  -2  -2   2   1  -3   1  -1   0   3  -2  -3  -2   0  -1  -3  -3   0   12   9   1   0   1   8  11   1   3   3   9  20   0   0   1   6   4   0   0   9  0.23 0.21
  113 L    -2   2  -2   0  -4   4   2  -3   0   0  -1   2  -1  -4  -3  -1   0  -4  -3   0    3  11   1   4   0  19  14   1   2   5   6  13   1   0   0   4   5   0   1   8  0.32 0.24
  114 S    -1   1   0  -3  -5   1   1  -2  -2  -1  -1   2  -1  -4   5   0  -1  -5  -4  -2    4   6   5   1   0   6  10   2   1   3   6  12   2   0  30   5   4   0   0   2  0.53 0.31
  115 C     0  -3  -5  -3  10  -6  -5   4  -2  -4  -6  -4  -4  -6  -3  -4  -2  -6  -6  -3    7   2   0   2  49   0   1  30   1   1   0   1   0   0   1   0   2   0   0   2  1.93 0.74
  116 Q    -3  -2   2  -1  -3   0  -2  -1  -3  -4  -5  -2  -4  -4  -3   2   6  -3  -5  -5    1   2  11   3   0   4   2   5   0   1   0   2   0   1   1  15  53   0   0   0  1.08 0.59
  117 E     2   0  -2  -1  -5  -1   4   0  -1  -5  -5   0  -4  -5   3   1  -2  -5  -1  -4   16   5   1   3   0   2  25   8   1   0   1   5   0   0  17  12   1   0   2   1  0.53 0.35
  118 K    -1   2   0   0  -3  -2   0  -3  -1  -2  -3   0  -2   0  -3   0   4   0  -1  -1    5  12   4   4   1   1   7   1   1   2   1   6   1   4   1   7  34   2   1   4  0.40 0.31
  119 Q    -1   0   2   2  -5   3   0  -2  -1  -5  -4   0   1  -4  -2   4   1  -6  -4  -4    5   4   9  10   0  14   4   2   1   0   1   4   3   0   1  30  10   0   0   1  0.50 0.36
  120 N    -4  -4   6   7  -7  -4  -3  -5  -3  -5  -7  -5  -7  -7  -4  -2   0  -8  -7  -6    2   1  32  53   0   0   0   0   0   1   0   0   0   0   1   3   6   0   0   0  1.78 0.76
  121 T    -2  -3   1   0  -5  -4  -4  -5   0  -3  -3  -3  -1  -5  -5  -2   7  -7  -4   1    3   1   5   5   0   0   0   1   2   1   2   1   1   0   0   2  65   0   0  10  1.35 0.68
  122 V    -3  -3  -5  -5   6   0   0  -4  -2   2  -1   0  -2  -3  -3  -4  -4  -6  -2   5    1   1   0   0  18   4   7   1   1  11   6   7   0   1   1   0   0   0   1  39  0.85 0.45
  123 C    -5  -2  -7  -8  11  -8  -8   0  -8  -3  -6  -7  -4  -7  -8  -6  -5  -7  -5   1    0   2   0   0  77   0   0   9   0   2   0   0   0   0   0   0   0   0   0   8  3.23 1.08
  124 T     0   0   1   2  -5  -2  -1  -2  -1  -5  -4  -1  -5  -5   5   0   1  -3  -5  -2    9   6   5  14   0   1   2   2   1   0   1   4   0   0  33   7  11   0   0   3  0.71 0.39
  125 C    -6  -5  -8  -9  12  -8  -6  -8  -8  -7  -7  -6  -7  -8  -8  -4  -6  -4  -8  -4    0   1   0   0  95   0   1   0   0   0   0   0   0   0   0   1   0   0   0   1  4.25 1.27
  126 H     0  -1  -2  -3  -5   1  -1  -2   3  -3   1   4  -3  -5   4  -1  -2  -6  -4  -3    6   1   1   1   0   6   3   2   9   1  14  24   0   0  24   5   2   0   0   1  0.62 0.38
  127 A     1  -2  -1   1  -5  -1   0  -3   1  -4  -3  -1  -4  -3   6  -1   0  -6  -3  -1   14   1   3   9   0   2   7   1   3   1   3   2   0   1  38   3   5   0   0   5  0.75 0.39
  128 G    -4  -4   0  -1  -7  -4  -5   7  -3  -8  -8  -6  -3  -5  -6  -3  -6  -7  -7  -7    0   1   5   4   0   1   0  86   1   0   0   0   1   1   0   1   0   0   0   0  2.17 0.81
  129 F    -5  -4  -5  -6  -6  -4  -6  -6   3  -5  -4  -4  -4   7  -6  -2   5  -4   4  -5    0   1   0   0   0   1   0   0   8   0   0   1   0  43   0   2  32   0  12   0  1.59 0.68
  130 F    -7  -5  -7  -8  -2  -7  -7  -8  -2  -5  -4  -7  -5   8  -8  -7  -5   0   6  -5    0   0   0   0   1   0   0   0   1   0   0   0   0  69   0   0   0   1  28   0  2.67 0.91
  131 L    -2   0  -2  -2   1   2   1  -4  -4  -2   0  -1  -2  -2  -3   5  -2   1  -4  -4    2   5   1   1   3  11   9   0   0   2   9   2   1   2   1  49   0   2   0   0  0.71 0.47
  132 R    -2   1   5   3  -5  -1   1  -3   4  -5  -4   1  -4  -5   0  -1  -2  -5   1  -5    3   6  29  17   0   2   7   1  10   0   2   8   0   0   4   4   2   0   4   0  0.67 0.37
  133 E    -1  -1   2   1  -4  -1   2   3  -1  -4  -5   0  -4  -3  -1   1   2  -5  -4  -2    2   3  11   8   0   2  13  27   1   0   0   7   0   1   2   8  13   0   0   2  0.40 0.26
  134 N    -2  -3   5   2  -5  -2   0   2  -2  -5  -6  -1  -5  -6  -4   3   1  -6  -4  -5    1   1  25  12   0   1   7  17   1   0   0   4   0   0   0  23   9   0   0   0  0.71 0.39
  135 E    -1  -2   0   0  -4  -1   2   0  -2  -3  -4   2   1  -3  -3   4   1  -5  -4  -2    3   1   4   5   0   1  12   8   0   1   0  12   5   1   0  36   8   0   0   3  0.43 0.31
  136 C    -1  -5  -5  -6  10   0  -6  -5  -6  -5  -2  -6  -5  -6  -3   1  -2  -6  -2  -5    4   1   0   0  67   5   0   1   0   0   5   0   0   0   2  12   2   0   1   0  2.34 0.76
  137 V     0   2  -1  -2  -4   1   2  -4  -1   0  -1   2   1  -3  -3  -1  -1  -4  -1   2    7  11   2   1   0   5  18   0   1   3   6  13   4   0   0   2   3   0   2  22  0.26 0.22
  138 S     0  -4  -3  -3  -4   0   0  -4   2  -1  -2  -2  -4  -4   5   3   0  -5  -3  -2    9   0   0   0   0   3   6   0   5   4   3   1   0   1  34  27   5   0   1   2  0.78 0.40
  139 C    -5  -8  -7  -8  12  -8  -8  -7  -8  -6  -6  -8  -6  -7  -8  -6  -6  -7  -7  -5    0   0   0   0 100   0   0   0   0   0   0   0   0   0   0   0   0   0   0   0  4.35 1.13

                      K         Lambda
Standard Ungapped    0.1355     0.3241
Standard Gapped      0.0493     0.2670
PSI Ungapped         0.1599     0.3122
PSI Gapped           0.0493     0.2670
