
Last position-specific scoring matrix computed, weighted observed percentages rounded down, information per position, and relative weight of gapless real matches to pseudocounts
            A   R   N   D   C   Q   E   G   H   I   L   K   M   F   P   S   T   W   Y   V   A   R   N   D   C   Q   E   G   H   I   L   K   M   F   P   S   T   W   Y   V
    1 M    -1  -2  -2  -3  -2  -1  -2  -3  -2   1   2  -2   7   0  -3  -2  -1  -2  -1   1    0   0   0   0   0   0   0   0   0   0   0   0 100   0   0   0   0   0   0   0  0.52 0.04
    2 N    -1  -1   5   1  -2   0   0  -1   0  -3  -3   0  -2  -3  -2   2   0  -4  -2  -3    0   0  69   0   0   0   0   0   0   0   0   0   0   0   0  31   0   0   0   0  0.62 0.04
    3 K     0   1  -1  -1  -2  -1  -1   0  -2  -4  -4   2  -3  -4  -2   5   0  -4  -3  -3    0   9   0   0   0   0   0   5   0   0   0  13   0   0   0  73   0   0   0   0  0.65 0.19
    4 M    -2  -2  -3  -4  -2   1  -3  -4  -3   3   3  -2   6  -1  -4  -3  -2  -3  -2   0    0   0   0   0   0   9   0   0   0  21  27   0  43   0   0   0   0   0   0   0  0.63 0.18
    5 A     1   1   1  -1  -2   0   0  -2  -2  -1  -1   3  -1  -3  -2   0   2  -3  -2   0   18   3   6   0   0   0   4   0   0   0   4  34   0   0   0   5  15   0   0  10  0.23 0.10
    6 M    -2  -3  -4  -5  -2  -3  -4  -5  -4   3   4  -3   3  -1  -4  -3  -2  -3  -2   1    0   0   0   0   0   0   0   0   0  18  68   0  11   0   0   0   0   0   0   3  0.74 0.18
    7 I    -2  -4  -4  -4  -2  -3  -4  -5  -4   5   3  -3   1   0  -4  -2  -2  -3  -2   2    0   0   0   0   0   0   0   0   0  49  38   0   0   3   0   3   0   0   0   8  0.62 0.17
    8 D    -1  -1   1   4  -4   0   4  -2  -2  -4  -4   2  -3  -4  -2  -1   0  -4  -3  -3    5   0   4  31   0   0  39   0   0   0   0  13   0   0   0   0   7   0   0   0  0.66 0.17
    9 L    -3  -4  -4  -5  -3  -4  -4  -5  -3   2   4  -4   0   6  -4  -4  -3  -1   0  -1    0   0   0   0   0   0   0   0   0   9  49   0   0  42   0   0   0   0   0   0  0.83 0.21
   10 A     5  -3  -2  -3  -2  -2  -2   1  -3  -1  -3  -2  -2  -3  -2   1   1  -4  -3  -1   72   0   0   0   0   0   0  10   0   5   0   0   0   0   0   4   9   0   0   0  0.65 0.21
   11 K    -2   5  -1   0  -4   1   0  -3  -2  -4  -4   5  -3  -4  -3  -1  -1  -4  -3  -4    0  42   0   5   0   3   2   0   0   0   0  45   0   0   0   0   2   0   0   0  0.87 0.22
   12 L     1   0   1   1  -2  -1   0  -1  -2  -3  -1   2  -2  -3  -2   4   0  -4  -3  -2   10   2   5   7   0   0   6   3   0   0   7  14   0   0   0  46   0   0   0   0  0.34 0.15
   13 F    -3  -4  -4  -5  -3  -4  -4  -4  -2  -1   2  -4  -1   7  -5  -2  -3  -1   4  -2    0   0   0   0   0   0   0   0   0   0  19   0   0  63   0   4   0   0  14   0  1.10 0.26
   14 L    -2  -3  -4  -4  -2  -2  -3  -3  -4   3   3  -3   0  -1  -4  -2  -1  -3  -2   4    0   0   0   0   0   2   0   2   0  20  35   0   0   0   0   2   0   0   0  38  0.51 0.17
   15 A     2  -1   4   1  -3   0   2  -1   1  -3  -2   0  -2  -1  -2   1  -1  -4  -2  -2   27   0  26   5   0   3  14   0   3   0   3   2   0   3   0  12   0   0   0   0  0.33 0.14
   16 S    -1   0   0   0  -3  -1   2   3  -2  -3  -2   1  -2  -3  -2   2  -1  -4  -3  -3    0   4   3   3   0   0  15  33   0   0   5   9   0   0   0  27   0   0   0   0  0.40 0.14
   17 K    -2   4   0  -1  -4   3   2  -3  -1  -4  -3   4  -2  -4  -2   0  -2  -4  -3  -3    0  33   3   0   0  12  15   0   0   0   0  30   0   0   0   7   0   0   0   0  0.66 0.19
   18 I    -2  -4  -4  -5  -2  -4  -4  -5  -4   5   3  -4   2  -1  -4  -3  -2  -3  -2   2    0   0   0   0   0   0   0   0   0  54  28   0   6   0   0   0   0   0   0  12  0.75 0.21
   19 T    -1  -2   2   0   0  -1  -1  -1  -2  -3  -2   0  -2  -3  -2   4   3  -4  -3  -2    0   0   8   4   2   0   0   3   0   0   5   5   0   0   0  52  21   0   0   0  0.51 0.21
   20 A     5  -3  -3  -3  -2  -2  -2   1  -3  -2  -3  -2  -2  -4   1   0   0  -4  -3   0   76   0   0   0   0   0   0   6   0   0   0   0   0   0   7   2   3   0   0   5  0.76 0.25
   21 I    -1  -1   1   3  -3   1   3  -2   0   0  -1   0  -1  -3  -1   0   0  -4  -2  -1    0   0   7  21   0   8  23   0   3   8   5   6   2   0   2   8   6   0   0   2  0.27 0.10
   22 E    -1  -2   0   3   1   1   3  -2  -2   0  -2  -1  -2  -3  -2   0   0  -3  -1   1    2   0   3  21   3   5  26   2   0   6   0   0   0   0   0   5   6   0   3  19  0.25 0.12
   23 F    -4  -5  -5  -6  -4  -5  -5  -5  -3  -2  -1  -5  -2   9  -6  -4  -4  -1   1  -3    0   0   0   0   0   0   0   0   0   0   0   0   0 100   0   0   0   0   0   0  2.10 0.41
   24 S     2  -2  -1  -1  -2  -1   2  -2  -2  -3  -3  -1  -2  -3  -2   4   1  -4  -3   0   23   0   0   0   0   0  20   0   0   0   0   0   0   0   0  45   6   0   0   7  0.49 0.20
   25 E    -2  -1   2   4  -4   0   4  -3  -1  -2  -4   1  -3  -4  -2   1   0  -4  -3  -3    0   0   9  23   0   0  42   0   0   3   0   8   0   0   0   8   7   0   0   0  0.61 0.18
   26 R     3   1   1   0  -2   2   0  -1   1  -3  -3   1  -2  -3   2   1   0  -3  -2  -2   33   9   5   3   0  10   4   0   5   0   0  11   0   0   8  10   3   0   0   0  0.29 0.11
   27 I    -3  -4  -4  -5  -4  -4  -4  -5  -1   3  -1  -4  -2   4  -5  -4  -3   0   7  -1    0   0   0   0   0   0   0   0   0  26   0   0   0  18   0   0   0   0  56   0  1.22 0.30
   28 C    -2  -3  -4  -4   5  -1  -4  -4  -3   4   0  -3   4   3  -4  -3  -2   4  -1   1    0   0   0   0  14   4   0   0   0  32   0   0  15  18   0   0   0   8   0   8  0.58 0.19
   29 V    -1  -1   0   0  -3   1   4  -3  -2   0  -1   2   0  -3  -2  -1  -1  -4  -3   1    3   0   5   2   0   2  43   0   0   6   3  15   4   0   0   3   0   0   0  14  0.36 0.16
   30 E     0  -2  -3  -2  -3  -1   2  -3  -3   0   3  -1   3   1  -3  -2  -1  -3  -2  -1    8   0   0   0   0   0  23   0   0   0  46   3  13   5   0   0   4   0   0   0  0.36 0.17
   31 R    -4   3  -4  -4  -5  -2   1  -4  -3  -5  -4  -2  -3  -2  -5  -4  -4  11   1  -5    0  22   0   0   0   0  13   0   0   0   0   0   0   0   0   0   0  63   3   0  2.24 0.43
   32 R    -3   7  -2  -3  -5  -1  -2  -1  -2  -5  -4   3  -3  -4  -3  -1  -2  -4  -3  -4    0  78   0   0   0   0   0   5   0   0   0  13   0   0   0   4   0   0   0   0  1.26 0.33
   33 R    -2   1   1   3  -3   0   2  -3  -2   2  -2   2   0  -3  -2   0   0  -4  -3  -1    0   8   9  19   0   0  14   0   0  21   0  17   3   0   0   4   5   0   0   0  0.25 0.13
   34 L    -2  -2   1  -1  -3   1   4  -3  -1  -2   1  -1  -1  -2  -3   1  -1  -3   1  -2    0   0  10   0   0   4  45   0   0   0  22   0   0   0   0  14   0   0   5   0  0.43 0.20
   35 Y    -2   4   0  -1  -4   0  -2   3  -1  -4  -3  -1  -3  -1  -3  -1  -2  -2   4  -3    0  35   5   3   0   5   0  28   0   0   0   0   0   0   0   2   0   0  22   0  0.59 0.22
   36 G    -2  -1   1   4  -3   1  -1   2  -2  -1   0  -1  -2  -3  -3   0   0  -4  -3  -2    0   3   5  37   0   7   0  20   0   4  12   0   0   0   0   7   5   0   0   2  0.35 0.14
   37 V    -1  -2   0  -3   0  -1  -2  -3  -2   1   3  -2   0   1  -3   0   0  -2   0   1    4   0   5   0   2   4   0   0   0   8  41   0   0   7   0   9   4   0   3  14  0.22 0.13
   38 K     0   1   0   1  -3   1   1   0  -2  -1   0   3  -1  -3  -2   0  -1  -3  -2  -2    8   4   4   9   0   6   9   9   0   3  15  28   0   0   0   3   3   0   0   0  0.17 0.11
   39 D    -2   1   1   3  -4   1   2  -1  -2  -3   0   3  -2  -3  -2  -1  -2  -4  -3  -3    0   6   8  24   0   8  13   4   0   0  15  22   0   0   0   0   0   0   0   0  0.35 0.16
   40 L     0  -3   1   5  -3   0  -1  -3  -2   1   1  -2  -1  -2  -1  -2  -2  -4  -1  -1    9   0   5  42   0   6   0   0   0  15  18   0   0   0   3   0   0   0   3   0  0.40 0.20
   41 S    -1  -2   4   4  -3  -1   1  -2  -2  -4  -4   0  -3  -4  -2   2   0  -5  -3  -3    4   0  26  31   0   0   7   0   0   0   0   7   0   0   0  22   4   0   0   0  0.62 0.22
   42 P     0   1  -1   1  -3   2   1  -2  -1  -1  -3   3  -2  -3   2   1  -1  -3   0  -1    6   3   0   9   0  10  10   0   0   4   0  31   0   0  10  10   0   0   4   5  0.30 0.14
   43 N     0   0   3   4  -3   1   2  -2  -1  -3  -3   2  -2  -4  -2   1  -1  -4  -3  -3    9   3  15  28   0   7  11   0   0   0   3  14   0   0   0  10   0   0   0   0  0.42 0.16
   44 I    -2  -3  -3  -1  -2  -3  -3  -4  -4   3   3  -3   0  -1  -3  -1   0  -3  -2   3    0   0   0   4   0   0   0   0   0  20  42   0   0   0   0   5   7   0   0  22  0.44 0.18
   45 L    -1  -2   1   2  -3   1   0   1  -2  -3  -1  -1   0  -1  -2   3  -1  -4  -3  -3    0   0   8  13   0   7   5  14   0   0   9   0   3   2   0  40   0   0   0   0  0.31 0.18
   46 N    -1   0   2   0  -4   1   5  -3   1  -4  -2   3  -3  -4  -3  -1  -1  -4  -3  -3    2   3  12   0   0   3  51   0   3   0   4  20   0   0   0   0   3   0   0   0  0.67 0.25
   47 C    -1  -2  -4  -5  10  -4  -4  -4  -4  -2  -2  -2  -3   0  -4  -2  -2  -3   1  -1    3   2   0   0  75   0   0   0   0   0   2   3   0   3   0   0   2   0   7   3  1.70 0.31
   48 G     1  -3  -1  -3   1  -2  -3   2  -3   0   4  -2   0  -1  -3  -1  -2  -3  -2  -1   12   0   3   0   3   0   0  17   0   0  57   0   0   0   0   5   0   0   0   0  0.33 0.13
   49 E     0   0  -1   0  -2  -1   2   0  -2  -3  -3  -1  -3  -3  -2   4   0  -3   0  -2    4   5   0   5   0   0  15   7   0   0   0   0   0   0   0  60   0   0   3   2  0.50 0.18
   50 E    -1  -2  -1  -1  -3   0   3  -2  -2  -2   0  -1  -2  -3  -2   4   1  -4  -3  -1    0   0   0   0   0   0  31   0   0   0  10   0   0   0   0  45  10   0   0   3  0.46 0.18
   51 L    -2  -4  -4  -4  -2  -3  -4  -5  -4   5   3  -4   3  -1  -4  -3  -2  -3  -2   1    0   0   0   0   0   0   0   0   0  58  29   0  10   0   0   0   0   0   0   2  0.75 0.20
   52 F    -4  -4  -5  -5  -4  -5  -5  -5  -3  -2  -1  -5  -2   8  -5  -2  -4  -1   1  -2    0   0   0   0   0   0   0   0   0   0   0   0   0  97   0   3   0   0   0   0  1.81 0.34
   53 M    -2  -4  -3  -2   8  -3  -4   0  -4   2  -1  -4   3  -2  -4  -2  -2  -3   0  -1    0   0   0   3  49   0   0  10   0  18   3   0  13   0   0   0   0   0   3   0  0.94 0.23
   54 A     2  -3  -4  -4  -2  -2  -3  -3  -3   2   3  -3   3  -1  -3  -2  -1  -3  -2   1   27   0   0   0   0   0   0   0   0  15  45   0   8   0   0   0   0   0   0   4  0.42 0.14
   55 A     6  -3  -3  -3  -2  -2  -2  -1  -3  -2  -2  -2  -2  -3  -2   0   0  -4  -3   1   87   0   0   0   0   0   0   0   0   0   0   0   0   0   0   0   3   0   0  10  0.89 0.26
   56 E    -3  -3   0   7  -5  -1   3  -3  -2  -5  -5  -2  -4  -5  -3  -2  -2  -5  -4  -4    0   0   0  78   0   0  22   0   0   0   0   0   0   0   0   0   0   0   0   0  1.42 0.28
   57 R    -1   2  -3  -3   6   1  -2  -3  -3  -1   2  -2   4  -2  -3  -1  -2  -3  -2   0    5  13   0   0  24   7   0   0   0   0  23   0  21   0   0   5   0   0   0   3  0.45 0.16
   58 F    -3  -4  -4  -5  -4  -4  -4  -5   0  -2  -2  -4  -2   6  -5  -3  -3   0   8  -3    0   0   0   0   0   0   0   0   0   0   0   0   0  36   0   0   0   0  64   0  1.61 0.31
   59 E    -2  -2   5   1   3  -1   2  -2  -1  -3  -4  -1  -3  -4  -3   0   3  -4  -3  -3    0   0  49   3   9   0  15   0   0   0   0   0   0   0   0   0  23   0   0   0  0.73 0.21
   60 P    -1  -3  -2   0  -4  -2   1  -3  -3  -4  -4  -2  -4  -5   7   2  -2  -5  -4  -3    2   0   0   5   0   0  10   0   0   0   0   0   0   0  63  19   0   0   0   0  1.41 0.24
   61 D    -1  -2   0   6  -4   0   3   1  -2  -4  -4   0  -4  -4  -2   0  -2  -5  -4  -4    2   0   2  58   0   2  19  10   0   0   0   4   0   0   0   3   0   0   0   0  0.85 0.19
   62 A     0  -2   1   1  -2  -1   0  -2  -2  -2  -2   0  -2  -1   4   2   0  -4  -2  -1    8   0   9   7   0   0   4   0   0   0   2   5   0   3  25  28   3   0   0   5  0.42 0.11
   63 D    -2  -2   0   6  -4  -1   2  -2  -2  -3  -4   1  -3  -1  -2   0  -2  -4  -3  -1    0   0   2  55   0   0  16   0   0   0   0  10   0   3   0   7   0   0   0   6  0.73 0.18
   64 R    -3   7  -2   0  -5   0   0  -4  -2  -5  -4   2  -3  -4  -3  -2  -2  -4  -3  -4    0  84   0   5   0   0   5   0   0   0   0   6   0   0   0   0   0   0   0   0  1.31 0.28
   65 A     1   2   1   2  -3   1   4  -2   1  -3  -3   0  -2  -4  -2   0  -1  -4  -3  -3   15  15   5  13   0   3  39   0   3   0   2   2   0   0   0   3   0   0   0   0  0.44 0.13
   66 N    -1  -1   1   4  -4   0   4  -1  -1  -4  -4   1  -3  -4   1   0  -1  -4  -3  -2    3   0   8  26   0   0  40   3   0   0   0   7   0   0   5   6   0   0   0   2  0.56 0.15
   67 Y    -2  -3   1  -1  -3  -2  -3   1   0  -1  -3  -3  -2   1  -4   1  -2   0   7  -2    0   0   6   4   0   0   0  10   0   4   0   0   0   0   0  12   0   0  63   0  0.91 0.24
   68 E    -2  -2  -2   2  -5   0   7  -4  -2  -5  -4  -1  -4  -5  -3  -2  -2  -5  -4  -4    0   0   0   6   0   0  94   0   0   0   0   0   0   0   0   0   0   0   0   0  1.43 0.30
   69 I    -3  -4  -4  -5  -3  -4  -4  -5  -3   2   4  -4   0   5  -4  -3  -2  -1   1   0    0   0   0   0   0   0   0   0   0  15  48   0   0  34   0   0   0   0   3   0  0.70 0.17
   70 D    -3  -3   3   7  -4  -2   0  -2  -2  -4  -5  -2  -4  -5  -3  -1   0  -5  -4  -4    0   0  19  73   0   0   0   0   0   0   0   0   0   0   0   2   6   0   0   0  1.24 0.24
   71 D     1  -2  -1   4  -4   1   4  -2  -2  -4  -4  -1  -3  -4  -2   0  -2  -4  -3  -3   12   0   0  34   0   3  44   0   0   0   0   0   0   0   0   8   0   0   0   0  0.75 0.18
   72 N     0  -1   1   3  -3   0   3   0  -1   0  -2   0  -2  -3  -2   0   0  -3  -1  -1    8   0   8  19   0   0  28   6   0  10   0   5   0   0   0   6   4   0   2   4  0.25 0.09
   73 G    -1   0  -1   0  -4   4   3   3  -1  -4  -4   0  -1  -4  -2   0   0  -3  -3  -3    0   2   0   3   0  30  22  32   0   0   0   3   1   0   0   3   4   0   0   0  0.56 0.15
   74 L    -3  -4  -5  -5  -3  -4  -4  -5  -4   0   6  -4   1  -1  -4  -4  -3  -3  -2   0    0   0   0   0   0   0   0   0   0   0 100   0   0   0   0   0   0   0   0   0  1.13 0.25
   75 K    -2   4  -2  -2  -4   0  -1  -3   1  -3  -1   4  -2  -1  -3  -2  -2   2   2  -3    0  34   0   0   0   0   0   0   3   0   6  41   0   3   0   0   0   3  10   0  0.62 0.17
   76 V     1   0   0   0  -2   1   1  -2  -1   0  -1   2  -1   1  -2   0  -1  -3   0   0   14   3   5   4   0   5   7   0   0  10   3  27   0   8   0   3   0   0   2  10  0.10 0.06
   77 E     1   1   0   0  -4   2   5  -3  -1  -4  -4   2  -3  -4  -2  -1  -2  -4  -3  -3   11   7   3   0   0   8  61   0   0   0   0  10   0   0   0   0   0   0   0   0  0.74 0.19
   78 V     0  -4  -4  -4  -2  -3  -4  -4  -4   3   1  -3   0  -2  -4  -3  -1  -4  -2   6    4   0   0   0   0   0   0   0   0  11   6   0   0   0   0   0   0   0   0  79  0.83 0.22
   79 R     0   3   2  -1   0   0   0  -2  -1  -1  -1   3  -1  -3  -2   1  -1  -3  -2  -1    4  19  12   0   2   2   3   0   0   5   4  25   2   0   0  18   0   0   0   3  0.25 0.10
   80 S     2   0   0   1  -2   1   1   0  -1  -2  -1   1  -1  -3  -2   1   1  -3  -2  -2   25   3   3  10   0  10   8   4   0   0   8   7   0   0   0  12  10   0   0   0  0.18 0.07
   81 I     0  -3  -3  -3  -2  -2   0  -3  -3   2   3  -2   0  -1  -3  -2   2  -3  -2   1    7   0   0   0   0   0   9   0   0  12  47   0   0   0   0   0  16   0   0   9  0.32 0.12
   82 L    -2  -3   0  -4  -2  -3  -4  -4  -3   2   4  -3   3  -1  -4  -3  -2  -3  -2   1    0   0   6   0   0   0   0   0   0  16  67   0   8   0   0   0   0   0   0   4  0.64 0.17
   83 E     0   0   1   3  -4   2   4  -2  -1  -2  -3   2  -2  -4  -2  -1  -1  -4  -3  -2    8   2   5  15   0  10  37   0   0   3   0  18   0   0   0   0   0   0   0   2  0.47 0.13
   84 K    -2   1   0   1  -4   1   2  -3  -2  -2  -2   5  -2  -4  -2  -1  -2  -4  -3  -3    0   3   2  10   0   3  13   0   0   2   4  63   0   0   0   0   0   0   0   0  0.63 0.17
   85 F    -3  -3  -4  -5  -3  -3  -4  -4  -1  -1   2  -4  -1   5  -4  -3  -3   6   5  -2    0   0   0   0   0   0   0   0   0   0  23   0   0  34   0   0   0  11  32   0  0.94 0.18
   86 K    -2   1   3  -1  -4   1   1  -2   3  -4  -4   5  -2  -4  -2  -1  -1  -4  -2  -3    0   0  22   0   0   5   5   0  12   0   0  56   0   0   0   0   0   0   0   0  0.65 0.16
   87 L    -2  -3  -4  -4  -2  -3  -3  -4  -3   1   4  -3   1   3  -4  -3  -2  -1   0   0    0   0   0   0   0   0   0   0   0   0  80   0   0  20   0   0   0   0   0   0  0.58 0.08

                      K         Lambda
Standard Ungapped    0.1389     0.3228
Standard Gapped      0.0437     0.2670
PSI Ungapped         0.1423     0.3105
PSI Gapped           0.0437     0.2670
