
Last position-specific scoring matrix computed, weighted observed percentages rounded down, information per position, and relative weight of gapless real matches to pseudocounts
            A   R   N   D   C   Q   E   G   H   I   L   K   M   F   P   S   T   W   Y   V   A   R   N   D   C   Q   E   G   H   I   L   K   M   F   P   S   T   W   Y   V
    1 L    -1  -3  -4  -4  -1  -2  -3  -4  -3   2   4  -3   2   1  -3  -3  -1  -2  -1   2    0   0   0   0   0   0   0   0   0  15  69   0   0   6   0   0   0   0   0  10  0.40 0.02
    2 N     0  -1   4   0  -2   0   0  -1   0  -3  -3   0  -2  -3  -2   3   1  -4  -2  -2    0   0  43   0   0   0   0   0   0   0   0   0   0   0   0  57   0   0   0   0  0.54 0.05
    3 D     1  -1   0   4  -2   0   3  -1  -1  -3  -3   0  -2  -3  -1   2   0  -4  -3  -2   18   0   0  34   0   0  27   0   0   0   0   0   0   0   0  20   0   0   0   0  0.46 0.05
    4 P     0  -1  -2  -1  -3  -1   1  -2  -2  -3  -3   2  -3  -4   6   0  -1  -4  -3  -3    7   0   0   0   0   0   8   0   0   0   0  23   0   0  56   6   0   0   0   0  1.10 0.11
    5 L    -1  -2  -3  -3  -2  -2  -3  -3  -3   1   4  -1   1  -1  -3  -1   0  -2  -2   1    0   0   0   0   0   0   0   0   0   6  62   6   0   0   0   6   5   0   0  13  0.36 0.10
    6 D    -2  -2   1   5  -4  -1   1  -1   0  -3  -2   1  -3  -4   3   0  -2  -4  -3  -3    0   0   4  45   0   0   9   4   3   0   4  11   0   0  18   4   0   0   0   0  0.63 0.15
    7 S    -1   1   2   2  -3   0   0   0  -1  -3  -3   1  -2  -1   0   3   1  -3  -2  -3    0  10  11  12   0   3   3   5   0   0   0   6   0   3   4  37   6   0   0   0  0.32 0.12
    8 G     1  -3  -2  -2  -2  -2  -3   2  -3   1   0  -2  -1  -2   0  -1   1  -3  -2   3    9   0   0   2   0   0   0  23   0   9   4   0   0   0   6   0   8   0   0  39  0.27 0.12
    9 R     0   1   1   1  -2   0   1  -1  -1   0  -2   2  -1  -2  -2   1   1  -3  -2   0    4  12  11   8   0   0   7   3   0   9   0  16   0   0   0  12  10   0   0   8  0.14 0.06
   10 F    -3  -3  -4  -4  -3  -3  -4  -4  -2   2   1  -3   0   6  -4  -3  -2   0   4   0    0   0   0   0   0   0   0   0   0  14  10   0   0  55   0   0   0   0  14   3  0.80 0.18
   11 S    -1  -2   1   1  -2  -1   0  -1  -2  -3  -3   0  -2  -3   3   3   3  -4  -3  -2    0   0   5   7   0   0   3   2   0   0   0   7   0   0  14  30  32   0   0   0  0.46 0.16
   12 R    -1   3   1   2  -3   3   2  -2   0  -2  -3   1  -2  -3  -2   0   1  -3  -2  -2    3  25   6  14   0  18  11   0   2   2   0   5   0   0   0   3   9   0   0   0  0.37 0.12
   13 K     0   2   0  -1  -3   1   0  -1   0  -3  -3   4  -2  -3   1   2  -1  -3  -2  -3    9  13   2   0   0   3   0   3   3   0   0  42   0   0   5  17   2   0   0   0  0.41 0.14
   14 Q    -2   0   2  -1  -4   6   0  -3  -1  -3  -3   1  -2  -4  -3   0   0  -3  -3  -1    0   0   9   0   0  70   0   0   0   0   0   5   0   0   0   5   4   0   0   7  0.88 0.26
   15 L    -2  -3  -4  -4  -2  -3  -4  -4  -4   2   4  -3   3   0  -4  -3  -2  -3  -2   1    2   0   0   0   0   0   0   0   0  12  72   0   9   3   0   0   0   0   0   2  0.69 0.18
   16 D    -1  -1   0   4  -3   4   1   1  -1  -3  -2   0  -2  -4  -2   1  -1  -4  -3  -3    1   0   0  28   0  35   4  12   0   0   4   5   0   0   0  11   0   0   0   0  0.50 0.16
   17 K    -2   2  -1  -2  -4   0  -1  -3   5  -4  -4   6  -3  -4  -3  -1  -2  -4  -2  -4    0   5   0   0   0   0   0   0  17   0   0  75   0   0   0   2   0   0   0   0  1.05 0.27
   18 K     0   0  -2  -2  -4   0   0  -2   0  -3  -3   6   2  -4  -2  -1  -2  -4  -3  -3    6   0   0   0   0   0   3   2   3   0   0  78   8   0   0   0   0   0   0   0  0.89 0.26
   19 Y    -3  -4  -4  -5  -4  -4  -4  -4  -2  -2   0  -4  -1   7  -5  -4  -3   5   5  -2    0   0   0   0   0   0   0   0   0   0   7   0   0  65   0   0   0   8  19   0  1.33 0.27
   20 K     0   2  -1  -1  -4   1   0  -3  -2  -4  -4   6  -2  -4  -2   0  -2  -4  -3  -3    6  10   0   3   0   4   0   0   0   0   0  71   0   0   0   6   0   0   0   0  0.84 0.23
   21 H    -4  -2  -2  -3  -5  -2  -2  -4  10  -6  -5  -3  -4  -3  -4  -3  -4  -5   0  -5    0   0   0   0   0   0   0   0 100   0   0   0   0   0   0   0   0   0   0   0  2.78 0.53
   22 A     5  -2  -2  -3  -2  -2  -2   0  -3  -1  -3   1  -2  -3  -2   0  -1  -4  -3   0   69   0   0   0   0   0   0   5   0   2   0  12   0   0   0   5   0   0   0   7  0.63 0.24
   23 G     0  -1   1   1  -2   1   2   2  -1   0  -2   0  -1  -2  -1   0  -1  -3   0   0   10   1   7   6   0   7  16  16   0   5   0   5   0   0   1   7   1   0   4  12  0.13 0.07
   24 D    -1  -1  -1   7  -5  -2   1  -3  -3  -5  -5  -2  -5  -5  -3  -2  -3  -6  -5  -5    5   4   0  88   0   0   3   0   0   0   0   0   0   0   0   0   0   0   0   0  1.62 0.36
   25 F    -4  -4  -4  -5  -4  -4  -5  -5  -3   0  -1  -4  -2   8  -5  -1  -3   5   2  -2    0   0   0   0   0   0   0   0   0   5   0   0   0  79   0   4   0   7   5   0  1.54 0.35
   26 G    -2  -4   0   1  -4  -3  -3   6  -3  -4  -2  -3  -3  -4  -4  -2  -3  -4  -4  -4    0   0   3   9   0   0   0  81   0   0   7   0   0   0   0   0   0   0   0   0  1.29 0.29
   27 I    -1  -3  -2   0  -2  -2  -2  -3  -2   3   1  -2   0   1  -2  -2  -1  -2   1   3    5   1   1   7   0   1   1   1   0  29  13   1   0   8   1   1   1   0   5  24  0.25 0.10
   28 S     1  -1   2   2  -2   0   0   0  -1  -1  -2   1  -1  -3  -2   1   2  -3  -2   0   13   0  14  11   0   2   6   5   0   4   1  10   0   0   0   9  17   0   0   5  0.17 0.07
   29 D     0  -2   0   1  -3  -1   1   3  -2  -2  -3  -1  -2  -2   1   0   1  -2   1  -1    7   0   4  11   0   0  10  32   0   0   0   0   0   0   8   3   9   0   9   5  0.31 0.15
   30 T    -1   1   2  -1  -2  -1  -1   0  -1  -2  -2   2  -2  -3   2   1   3  -3  -2  -2    1   6  11   1   0   1   1   9   0   1   1  15   0   1  10  10  31   0   0   1  0.30 0.15
   31 K     0   1   3   1  -3   0   0  -2  -1  -3  -3   3   0  -3   2   0  -1  -4  -3  -3   11   5  24   9   0   0   5   0   0   0   0  23   3   0  11   5   0   0   0   0  0.38 0.18
   32 K     0   1   0  -2  -3  -1  -1   1  -2  -1  -1   2  -2  -1   0   1  -1   5   1  -2    8   6   3   0   0   0   0  12   0   3   8  21   0   0   5  13   0  11   7   0  0.23 0.14
   33 N    -2  -2   7   1  -4  -2  -2   0   1  -4  -5   0  -3  -4  -3   1  -2  -5  -3  -4    0   0  70   5   0   0   0   6   3   0   0   3   0   0   0  10   0   0   0   0  1.14 0.39
   34 R     0   1   1  -2  -3  -1  -1  -1  -2  -3  -2   3   0  -4   4   1   0  -4  -3  -3    8   5   8   0   0   0   0   2   0   0   3  33   3   0  23   8   6   0   0   0  0.48 0.22
   35 E     2  -1   0   1  -2   1   3  -1  -2  -2  -3   0  -2  -3  -2   1   0  -3  -3  -1   31   0   2   5   0   5  26   3   0   2   0   6   0   0   0  10   5   0   0   4  0.30 0.17
   36 T     0  -2   4   1  -3  -1  -1   1  -2  -3  -3   0   1  -4  -3   1   3  -4  -3  -2    6   0  26   8   0   0   0  10   0   0   0   5   5   0   0  11  30   0   0   0  0.46 0.25
   37 L     0   1  -2  -3  -3   0  -1   1  -2   0   2   1   0   0  -3  -2  -2   2  -2   0    8  11   0   0   0   4   5  11   0   4  35  10   0   5   0   0   0   4   0   4  0.15 0.14
   38 T     1   1   0   0  -3   2   3  -2   1  -3  -3   2  -2  -1  -2   0   0  -3  -2  -1   14   7   4   4   0  12  24   0   4   0   0  16   0   3   0   3   6   0   0   4  0.30 0.17
   39 K     1   2  -2  -2  -3   3   2  -3  -2  -1   0   2   1  -3  -3   0  -2   3  -1  -2   13  14   0   0   0  19  14   0   0   4   8  12   6   0   0   4   0   5   2   0  0.30 0.19
   40 F    -4  -5  -5  -6   0  -5  -5  -5  -3  -2  -1  -5  -2   8  -6  -4  -4  -1   5   0    0   0   0   0   2   0   0   0   0   0   2   0   0  70   0   0   0   0  18   8  1.65 0.48
   41 R    -1   3  -1  -1  -4   2   4  -2   0  -1   0   2  -2  -3  -3  -1  -2  -4  -3  -2    2  20   2   0   0  10  32   3   2   4  10  10   0   0   0   3   0   0   0   2  0.40 0.21
   42 D     0  -1   2   4  -4   1   1  -1  -2  -4  -4   1  -1  -4  -2   1   0  -4  -3  -3    5   1   9  31   0   8   9   3   0   0   0  12   2   0   0  14   5   0   0   0  0.47 0.20
   43 A     5  -1  -2  -1  -2  -2  -1  -2  -3   0  -3   1  -2  -4  -3   1   0  -4  -3  -1   61   3   0   3   0   0   1   0   0   6   0  12   0   0   0   7   3   0   0   3  0.60 0.30
   44 I    -3  -4  -5  -5  -3  -4  -5  -5  -5   6   2  -4   4  -2  -5  -4  -3  -4  -3   2    0   0   0   0   0   0   0   0   0  65  14   0  14   0   0   0   0   0   0   7  1.15 0.40
   45 E    -1   3   2  -1  -3   2   2  -3   1  -1  -1   2  -2  -3  -3  -1  -1  -4  -2  -1    4  18  13   1   0  10  12   0   4   6   8  18   0   0   0   3   1   0   0   2  0.29 0.16
   46 E     1  -1   2   3  -3   0   2   0  -2  -3  -3   1  -3  -4  -1   1   0  -4  -3  -3   16   2  15  18   0   2  20   5   0   0   1   9   0   0   1   8   3   0   0   0  0.37 0.18
   47 H    -4  -3  -2  -4  -4  -2  -3  -4   9   1  -2  -3  -3   2  -4  -3  -3  -4   0   0    0   0   0   0   0   0   0   0  67   9   3   0   0  10   0   0   0   0   2   8  1.65 0.49
   48 L    -1  -1  -3  -4  -2  -3  -3   0   0   3   2  -3   4  -2  -4  -3  -1  -3  -2   2    2   3   0   0   0   0   0   9   3  24  21   0  16   0   0   0   3   0   0  20  0.41 0.22
   49 S     0   0   2   1  -3   0   1   1  -2  -2  -2   3  -2  -3  -2   1   1  -4  -3  -1    5   4  11   9   0   0   9  10   0   3   2  24   0   0   0   9   9   0   0   4  0.24 0.15
   50 D    -1  -3   3   5  -4  -2   0   0   1  -4  -3  -2  -3  -4  -3   2   0  -5  -3  -3    4   0  19  38   0   0   1   6   3   0   2   0   0   0   0  20   5   0   0   2  0.65 0.29
   51 K     2  -1  -2  -1  -3  -2  -2  -1  -2  -3  -3   2  -3  -3   6  -1   0  -3   0  -1   18   2   0   3   0   0   1   3   0   1   1  15   0   0  41   1   6   0   3   5  0.75 0.26
   52 D     0  -2   1   4  -3  -1   1   1  -1  -2  -2   0  -2  -3   0   1   1  -3  -3  -1    6   1   5  29   0   0  10   9   2   1   2   4   0   0   4  11  13   0   0   3  0.31 0.15
   53 T    -2  -2   2   0  -3  -1   1  -2  -2  -2  -3   2  -2  -3  -2   0   5  -3  -3  -1    1   1  10   4   0   0  12   1   0   1   1  12   0   0   1   3  49   0   0   4  0.57 0.28
   54 V    -1  -2  -3  -3  -2   0  -1  -3  -3   4   0  -2  -1   0  -1  -1   0  -3   0   3    3   1   0   1   0   7   3   1   0  37   1   2   0   4   3   3   6   0   2  26  0.35 0.20
   55 E    -1   1  -1  -1  -3   2   2  -3   2   0  -1   0  -1  -1   0   0  -1  -1   3  -1    3  10   2   1   0  10  17   1   5   9   5   4   0   0   3   7   1   0  18   3  0.20 0.14
   56 K     0   2   0   1  -3   2   0  -2   1  -2  -2   2  -1  -2   0   0   0  -3  -1  -1   11  11   2   8   0  16   4   1   3   1   3  18   1   2   5   5   3   0   2   5  0.19 0.11
   57 G     0  -2  -1  -2  -2  -2  -2   4  -1  -2  -2  -1  -2   1   1   1   0  -2   1  -2    1   1   1   1   0   1   1  47   0   1   1   1   0   9   7  13   8   0   7   1  0.41 0.11
   58 T     1   0   1   1  -2   0   0  -1  -1  -1  -1   1   0  -1  -1   0   1  -2  -1   0   13   5  10  12   0   1   4   1   0   1   1  17   4   4   1   1  16   0   0   8  0.11 0.05
   59 Y    -2  -2  -3  -3  -3  -2  -2  -3   0   0  -1  -2  -1   3  -3  -2  -2   5   7  -1    1   1   1   1   0   1   1   1   0   9   1   1   0  10   1   1   1   9  59   1  0.89 0.20
   60 R     0   5   0  -2  -3  -1  -1   0   3  -3  -1   1  -2  -3  -3   0  -1  -3  -2  -3   11  49   4   0   0   0   0   7   8   0   5   3   0   0   0   7   3   0   0   0  0.55 0.25
   61 R    -1   2   0  -1  -3  -1  -2   5  -2  -3  -1  -1  -2   1  -1  -1  -2   1  -2  -3    1  14   4   4   0   2   1  50   0   0   6   0   0   8   2   3   0   3   0   1  0.54 0.22
   62 E     0   0   1  -1  -2   3   2   0  -1  -1  -1   0  -1  -2  -2  -1   0  -2   0   0    5   3   7   2   0  22  14  10   0   3   6   4   0   0   1   1   6   0   4  12  0.15 0.11
   63 K    -1  -1  -1   0  -3   2   1   3  -2  -2  -3   1  -2  -3   1   0  -1  -3  -3  -2    1   1   2   6   0  15   9  34   0   2   1  14   0   0   6   3   2   0   0   3  0.37 0.16
   64 G     0  -2   0   3  -3   0   0   3  -2  -2  -3   0  -2  -3   2   0  -1  -3  -3  -2   10   1   4  25   0   6   3  25   0   3   1   5   0   0  10   3   2   0   0   1  0.36 0.14
   65 S     2  -2   0   0   0  -2   0   0  -3  -1  -2  -2  -2  -3  -2   3   0   2  -3   2   22   0   3   5   2   0   5   5   0   0   0   0   0   0   0  30   3   3   0  22  0.28 0.21
   66 K    -2   1   0   2  -3   1   0  -3   1   1  -1   2  -1   0  -2  -1   1   1   0   0    0  10   4  13   0   5   2   0   3  10   3  20   0   4   0   0  10   2   3  10  0.13 0.12
   67 V    -1  -2  -2  -3  -2  -2  -2   1   3   2   1  -2   0   0  -3  -2  -1  -1   3   1    0   0   0   0   0   0   0  17  17  17  17   0   0   0   0   0   0   0  17  17  0.19 0.07
   68 Y    -3  -4  -1  -4  -4  -3  -4  -4   0   1   0  -4  -2   5  -5  -3  -2   0   6  -1    0   0   3   0   0   0   0   0   2   8   6   0   0  35   0   0   2   0  41   4  1.03 0.31
   69 F    -2  -3  -3  -3  -3  -3   0  -4  -2   2   0  -3  -1   5  -4  -3  -2  -1   4   2    0   0   0   0   0   0   7   0   0  13   3   0   0  33   0   0   0   0  22  17  0.62 0.22
   70 N    -3   0   6   3  -4   1  -1  -2  -1  -4  -4   0  -3  -1  -3   0  -2  -4   0  -4    0   5  58  17   0   7   0   0   0   0   0   3   0   3   0   3   0   0   3   0  0.92 0.30
   71 P     0   1  -1  -1  -3  -1   0  -2  -2  -1   0   0  -2  -3   5   0   0  -4  -3  -1   11   7   2   3   0   1   6   0   0   5   9   7   0   0  37   7   4   0   0   1  0.55 0.16
   72 N    -1   1   2   1  -3   1   0  -2  -1  -1  -1   3  -2  -3  -2   0   2  -4  -3  -1    4   6  16   7   0   4   5   0   0   2   8  26   0   0   0   4  17   0   0   2  0.25 0.14
   73 T    -1  -3  -1  -2  -3  -2  -2   1  -3  -3  -3  -2  -3  -4   1   2   6  -4  -3  -2    0   0   2   0   0   0   0  11   0   0   0   0   0   0   7  12  66   0   0   0  0.88 0.33
   74 M    -2   0   5   1  -4   0  -2   3   2  -4  -4   1   0  -4  -3  -1  -2  -4  -3  -4    0   4  35   6   0   3   0  31   6   0   0   9   4   0   0   2   0   0   0   0  0.63 0.23
   75 N    -2   0   3   1  -3   1  -1  -3   2   1   1   1   0  -2  -3  -1  -1  -3  -1   0    0   3  25  11   0   9   0   0   7   9  20  10   2   0   0   0   0   0   2   4  0.23 0.15
   76 V     2  -2   3  -1   1  -2  -2   0   1  -1   0  -2   2  -2  -3  -1  -1   3  -2   2   24   0  18   1   4   0   0   7   5   0   6   0   8   0   0   0   0   5   0  21  0.23 0.17
   77 V     1  -4  -4  -4  -2  -3  -4  -4  -4   2   0  -3   1  -2  -4  -2   0  -4  -3   5   11   0   0   0   0   0   0   0   0   8   3   0   3   0   0   0   5   0   0  70  0.80 0.30
   78 I    -2  -4  -4  -4  -2  -3  -4  -4  -3   4   0  -3   4   2  -4  -1  -2  -3   1   4    0   0   0   0   0   0   0   0   0  28   0   0  16   8   0   5   0   0   4  39  0.61 0.24
   79 I    -1  -2  -2  -3  -2   0  -2  -3  -2   2   2  -1   1   1  -3  -1   2  -2   1   2    1   1   0   0   0   5   0   0   0  18  19   2   2   5   0   3  19   0   7  18  0.23 0.13
   80 K    -1   2   1   5  -4   0   0  -2   3  -4  -4   2  -3  -4  -3   0   0  -4  -3  -4    4  16   7  40   0   3   0   2   9   0   0  13   0   0   0   3   4   0   0   0  0.59 0.21
   81 S     1   0  -1  -2  -3  -1   0   0  -2  -3  -1   2  -2  -3   4   1  -1  -4  -3  -2   14   5   1   0   0   0   7   7   0   0   5  20   0   0  25  12   2   0   0   0  0.44 0.16
   82 N    -1  -1   3   5  -4  -1  -1  -1  -2  -3  -3   0  -3  -2  -1   1   1  -4  -3  -3    2   2  17  44   0   0   0   2   0   0   2   4   0   2   2  12  10   0   0   1  0.61 0.22
   83 G     0  -4  -1   0  -4  -3  -3   6  -3  -5  -5  -3  -4  -3  -4  -2  -3  -3   1  -4    4   0   2   4   0   0   0  81   0   0   0   0   0   0   0   0   0   0   7   0  1.36 0.34
   84 E    -2   0   4   1  -3   0   3  -2  -1  -3  -3   1   0  -4  -3   1   1  -4  -3  -2    0   3  29   6   0   0  28   2   0   1   0   6   4   0   0   9  11   0   0   1  0.47 0.20
   85 F    -4  -4  -5  -5  -4  -4  -5  -5  -3   1  -1  -4   2   7  -5  -4  -3  -1   4  -1    0   0   0   0   0   0   0   0   0   7   0   0   7  71   0   0   0   0  12   3  1.45 0.38
   86 L    -2  -4   0  -4  -3  -3  -4  -4  -4   3   2  -4   0  -1  -4  -3  -2   7  -1   4    0   0   5   0   0   0   0   0   0  17  22   0   0   0   0   0   0  19   0  37  0.77 0.26
   87 S    -1  -3  -1  -2  -3  -2  -2   1  -3  -2  -3  -2  -3  -4  -3   5   4  -4  -3  -2    0   0   0   0   0   0   0  10   0   2   0   0   0   0   0  52  35   0   0   0  0.81 0.32
   88 G     2  -4  -2  -3   1  -3  -3   6  -3  -4  -3  -3   2  -4  -3  -1  -3  -4  -4  -2   17   0   0   0   3   0   0  71   0   0   0   0   8   0   0   0   0   0   0   2  1.09 0.29
   89 W    -4  -5  -5  -6  -4  -4  -5  -5  -4  -1  -3  -5  -3   5  -6  -5  -4  11   3  -4    0   0   0   0   0   0   0   0   0   3   0   0   0  28   0   0   0  63   6   0  2.56 0.46
   90 K    -2   2  -1  -2  -4   1   1  -3   0  -2  -3   5  -3  -4   1  -2  -1  -4  -1  -3    0  10   1   0   0   2  10   0   2   4   0  60   0   0   6   0   3   0   2   0  0.70 0.24
   91 I    -2  -3  -4  -2  -2  -3  -3  -4  -3   1   4  -3   3   1  -3  -2  -2  -3  -2   1    0   0   0   3   0   0   0   0   0   6  66   0  12   4   0   3   0   0   0   5  0.63 0.20
   92 N     0  -1   3   1  -2  -1   1  -1  -1  -1  -2   0  -2  -3  -2   3   2  -3  -2  -1    3   1  18   8   0   0   7   1   0   3   1   5   0   0   1  34  12   0   0   4  0.31 0.12
   93 P     1  -1  -1  -1  -2   0  -1  -1  -2  -2  -2   0  -2  -3   6   1  -1  -3  -2  -1   12   1   1   1   0   3   1   2   1   1   2   5   1   1  42  17   1   0   1   6  0.69 0.13
   94 D     1  -1   0   2  -2   0   1   4   0  -3  -3  -1  -2  -3  -1   0   0  -2  -2  -2   10   1   1  17   0   2   9  37   3   1   2   3   0   1   1   5   4   0   1   1  0.35 0.09
   95 A     0  -1   0   1  -2   4   1   0  -1  -2  -2   0   0  -3  -2   1   2  -3  -2  -2    5   0   2   8   0  30   7   6   0   0   1   1   3   0   0  14  19   0   0   1  0.33 0.14
   96 D     0   0   1   2  -3   2   1  -2  -1  -1  -2   1  -2   0   3   0  -1  -2   0  -2    6   2   6  15   0  12   5   0   0   5   0  12   0   6  15   7   2   0   4   0  0.24 0.08
   97 N    -3   1   2  -2  -4   7   0  -3  -1  -4  -1  -1  -2  -4  -3  -2  -2  -4  -3  -4    0   4  12   0   0  77   0   0   0   0   7   0   0   0   0   0   0   0   0   0  1.24 0.36
   98 G    -2  -1  -3  -3  -3  -2  -1   0   0  -1   1  -3  -1   4  -4  -2  -2   0   5  -1    2   2   0   0   0   0   5  10   2   0  19   0   0  24   0   0   0   0  33   2  0.53 0.18
   99 R     0   1   1   2  -3   2   2  -2  -1  -2  -1   2   0  -3  -2   0   0   2  -2  -2    7   5   8  11   0   9  17   0   0   0   4  18   3   0   0   2   8   3   0   2  0.23 0.09
  100 I    -2  -2   5  -1  -3  -2  -2   0   2   0  -1  -2  -2   1  -3   0  -1  -2   3  -2    0   0  50   0   0   0   0   7   5   7   4   0   0   5   0   4   2   0  13   1  0.54 0.20
  101 Y    -2  -3  -3  -4  -3  -3  -3  -4   2   2   2  -3   1   3  -4  -3  -2   0   5   1    0   0   0   0   0   0   0   0   8  14  19   0   3  17   0   0   0   0  30   9  0.54 0.16
  102 L    -2   0  -3  -4  -2  -2  -3  -4  -3   3   3  -2   3   0  -3  -2   1  -3  -2   2    0   7   0   0   0   0   0   0   0  21  36   0  11   3   0   0  10   0   0  12  0.35 0.13
  103 E    -2   1   2   1  -4   1   2  -2   1  -3  -3   4   0  -4  -2   0   0  -4  -2  -3    0   5  15   6   0   5  15   0   3   0   0  43   3   0   0   2   4   0   0   0  0.48 0.16
  104 T    -2   1   4   1  -3   1  -1  -2  -1  -3  -2   2  -2  -3  -2   1   2  -4  -3  -3    0   7  37   5   0   6   0   0   0   0   2  14   0   0   0   7  22   0   0   0  0.47 0.16
  105 G    -1  -4  -2  -2  -4  -3  -1   7  -3  -5  -5  -3  -4  -5  -3  -2  -3  -4  -4  -5    0   0   0   0   0   0   6  94   0   0   0   0   0   0   0   0   0   0   0   0  1.59 0.29
  106 E     0   1  -1   0  -2  -1  -1  -3  -2   0  -1   1  -1   1  -3   0  -1  -2   2   3    7   7   2   6   0   0   3   0   0   0   1  10   0   9   0   5   1   0   9  39  0.14 0.11
  107 L    -2  -3  -5  -5  -2  -3  -4  -5  -4   1   5  -4   1  -1  -4  -4  -2  -3  -2   1    0   0   0   0   0   0   0   0   0   5  89   0   0   0   0   0   0   0   0   6  0.93 0.22

                      K         Lambda
Standard Ungapped    0.1344     0.3124
Standard Gapped      0.0463     0.2670
PSI Ungapped         0.1487     0.3059
PSI Gapped           0.0463     0.2670
