
Last position-specific scoring matrix computed, weighted observed percentages rounded down, information per position, and relative weight of gapless real matches to pseudocounts
            A   R   N   D   C   Q   E   G   H   I   L   K   M   F   P   S   T   W   Y   V   A   R   N   D   C   Q   E   G   H   I   L   K   M   F   P   S   T   W   Y   V
    1 K    -5   8  -4  -5  -7  -1  -3  -6  -4  -7  -6   4  -5  -7  -5  -4  -5  -6  -5  -6    0  75   0   0   0   2   0   0   0   0   0  23   0   0   0   0   0   0   0   0  2.09 0.69
    2 I    -1  -4  -3  -5  -4  -3  -3  -5  -3   4   0  -1  -1  -1  -4  -3   0  -4   2   5    4   0   1   0   0   1   1   0   0  24   7   5   1   2   0   1   6   0   7  39  0.66 0.35
    3 K    -2   4   0  -3  -5   0   1  -4  -2  -3  -3   4  -3  -3  -4  -1   1  -5  -4   2    3  21   4   0   0   3   8   0   0   1   1  28   0   1   0   3  10   0   0  17  0.56 0.35
    4 D    -3  -1   4   4  -5   1   3  -3  -2   0  -4   0  -4  -1  -4  -1  -2  -4  -4  -1    1   2  21  26   0   5  18   2   1   5   1   6   0   3   0   5   1   0   0   4  0.59 0.33
    5 P    -3  -4  -4  -4  -6   2  -3  -5  -2  -6  -6   2  -5  -6   7   3  -2  -7  -6  -3    1   0   0   0   0   9   1   0   1   0   0  10   0   0  48  26   1   0   0   2  1.44 0.63
    6 K     0  -1   1   0  -4   0   0   3  -1  -4  -4   2  -3  -3  -1   2   0  -5  -3  -3    5   2   5   4   0   4   7  27   1   1   1  15   1   1   3  16   5   0   1   1  0.37 0.24
    7 I    -1  -3  -2   0  -3  -2   0  -2  -3   2   1   0  -1   1  -3   1   0   0  -2   2    5   0   1   7   0   1   5   3   0  18  11   6   0   7   1  16   4   1   1  14  0.14 0.16
    8 L    -1  -2  -1   0   7  -3   0  -2  -2  -2   2  -2  -2  -2  -2   0   0  -4  -3  -2    4   2   2   5  29   1   6   2   1   1  24   2   0   1   2   9   5   0   1   2  0.62 0.30
    9 G    -2  -3  -2  -1  -2  -2   4   3  -2   0  -1  -2  -3   3  -2  -2  -2  -2  -2  -1    2   1   1   2   1   1  27  27   1   6   7   1   0  12   2   2   1   1   1   3  0.43 0.27
   10 I    -4  -5  -5  -2   9  -5  -4  -5  -6   1  -1  -5  -4  -2  -6  -2   4  -3  -5   1    1   0   0   2  46   0   1   1   0   8   5   0   0   2   0   2  22   0   0  10  1.59 0.63
   11 D    -2  -4   1   7   1  -4  -1  -4  -4  -5  -6  -4  -6  -6  -4  -3   4  -7  -5  -4    4   1   5  57   3   0   3   1   0   0   0   0   0   0   0   0  24   0   0   1  1.46 0.64
   12 P     1  -2  -2  -1  -4  -2   0   1  -2  -3  -3  -1  -3  -3   6   0  -1  -4  -4  -3   11   2   2   4   0   1   6  10   1   1   3   3   0   1  41   8   3   0   1   1  0.80 0.34
   13 N    -1  -2   2   1  -4  -2  -2   4  -1  -5  -3  -1  -4  -4  -3   2   3  -5  -4  -4    3   2   9   9   0   1   1  30   2   0   3   4   0   0   1  13  21   0   0   1  0.56 0.34
   14 V    -2  -4  -4  -5  -4  -4  -1  -4  -6  -1   0  -5  -3  -3  -4   0  -1  -6  -5   6    3   1   0   0   0   1   5   2   0   0   9   0   0   1   1   8   3   0   0  67  1.20 0.57
   15 T    -1   1   3  -1  -5   1  -1   0  -1  -5  -5   5  -3  -4   0  -2   1  -5   0  -3    5   6  14   3   0   6   3   7   1   0   0  35   0   1   4   1   7   0   4   1  0.54 0.34
   16 Q     0  -2  -3  -3  -6   7  -2  -2   4  -6  -6  -3   1  -3  -5   1  -2  -6  -1  -3    6   1   0   1   0  54   0   4   9   0   0   0   4   1   0  12   3   0   2   2  1.31 0.66
   17 Y    -1  -5  -5  -3  -6  -4  -1  -6   5  -2  -2  -5  -3   1  -6  -2  -2   4   8  -3    6   0   0   2   0   0   4   0  13   3   4   0   1   3   0   3   3   5  52   2  1.52 0.66
   18 T     3  -5  -4  -5  -5  -4  -5  -5  -5  -6  -6  -4  -5  -4  -3   6   4  -7  -5  -3   20   0   0   0   0   0   0   0   0   0   0   0   0   1   1  51  25   0   0   2  1.35 0.69
   19 G    -5  -6  -5  -6  -8  -7  -7   8  -7  -9  -9  -7  -8  -8  -7  -5  -7  -8  -8  -8    0   0   0   0   0   0   0 100   0   0   0   0   0   0   0   0   0   0   0   0  2.89 1.01
   20 Y    -7  -7  -7  -8  -8  -7  -7  -8   2  -7  -4  -7  -6   0  -8  -6  -6   5  10  -7    0   0   0   0   0   0   0   0   3   0   2   0   0   3   0   0   0   7  85   0  3.19 1.12
   21 L    -2  -6  -6  -7  -5  -4  -6  -3  -5   5   4  -6   0   3  -6  -5  -4  -4   2   1    2   0   0   0   0   0   0   3   0  30  37   0   2  11   0   0   0   0   7   8  0.96 0.45
   22 D    -4  -2   1   7  -7  -2   0  -5  -3  -6  -7   2  -6  -7  -2   0  -1  -7  -6  -6    1   2   5  61   0   1   5   0   1   0   0  11   0   0   2   6   4   0   0   0  1.43 0.63
   23 V    -2  -5  -2   0  -2  -4  -4  -4  -5   4   2  -4  -1  -1  -5  -4   0  -5  -1   4    2   0   2   6   0   0   0   1   0  27  23   0   0   2   0   1   4   0   2  28  0.69 0.36
   24 E    -1  -2   3   2  -4   0   1   2   2  -4  -4  -1  -3  -4   2   0   0  -4  -3  -3    5   2  13  13   0   3  11  18   5   1   1   4   0   0   9   6   6   0   0   1  0.35 0.22
   25 D     1  -2   2   2  -3   0   1   0   1  -3  -3   0  -3  -3   2   1  -1  -3  -1  -3   15   1   8  15   0   3   8   5   4   1   3   7   0   1   9  13   4   0   3   1  0.25 0.17
   26 E    -1   0   1   0  -3   1   2   0   1  -3  -2   2  -2  -2  -2   1   2  -3  -2  -2    3   4   6   5   0   5  17   6   4   1   3  17   0   1   1   9  12   0   1   3  0.23 0.15
   27 D     0  -2   4   5  -3  -1  -1   1   0  -3  -3  -2  -3  -3  -3   0   0  -4  -3  -3    9   1  17  32   0   2   3  11   2   1   2   1   0   1   1   7   6   0   1   2  0.58 0.28
   28 K     1   2  -2   1  -5   1   0  -1  -1  -3  -4   5   2  -5  -4  -1  -2  -5  -3  -3   10  10   1   8   0   6   4   4   2   1   1  40   5   0   0   5   2   0   0   2  0.63 0.37
   29 H    -5   1   3  -3  -6  -2  -3  -5  10  -7  -6  -1  -5  -6  -6   1  -4  -6  -3  -6    1   6  12   1   0   1   1   0  62   0   0   4   0   0   0  10   0   0   0   0  2.19 0.81
   30 F    -5  -6  -6  -7  -5  -5  -6  -7  -5   1   4  -6   6   3  -6  -5  -2  -3   4  -1    0   0   0   0   0   0   0   0   0   6  44   0  21  10   0   0   2   0  14   2  1.24 0.56
   31 F    -7  -8  -8  -9  -8  -8  -8  -8  -6  -5  -5  -8  -5   9  -9  -8  -7   6   1  -6    0   0   0   0   0   0   0   0   0   0   0   0   0  86   0   0   0  11   3   0  3.18 1.06
   32 F    -7  -7  -7  -8  -7  -7  -8  -8  -5  -5  -5  -7  -5   8  -8  -5  -7  -1   7  -6    0   0   0   0   0   0   0   0   0   0   0   0   0  61   0   1   0   1  38   0  2.77 0.97
   33 W    -5  -7  -8  -8  -7  -6  -7  -7  -4  -3  -4  -7  -3   2  -8  -5  -4  12   5  -5    1   0   0   0   0   0   0   0   0   2   1   0   1   7   0   1   1  69  15   1  3.49 1.13
   34 T    -2  -7  -7  -7  -6  -5  -7  -6   2  -4  -1  -7   0   9  -7  -6  -5  -4   4  -5    4   0   0   0   0   0   0   0   4   0   6   0   2  70   0   0   1   0  11   0  2.20 0.81
   35 F    -4  -7  -8  -8  -7  -7  -7  -8  -4  -4  -4  -6  -5   9  -8  -6  -6  -4   1  -3    1   0   0   0   0   0   0   0   0   1   0   0   0  90   0   0   0   0   4   1  3.02 1.02
   36 E    -3  -4  -4  -2  -8   0   8  -3  -5  -8  -7  -3  -4  -8  -4  -4  -5  -7  -7  -6    2   0   0   2   0   4  87   2   0   0   0   0   0   0   1   0   0   0   0   0  2.29 0.94
   37 S     2  -4  -1  -5  -5  -5  -5  -5  -4  -7  -7  -3  -6  -7  -2   7  -3  -7  -6  -6   17   1   3   0   0   0   0   0   0   0   0   1   0   0   2  75   1   0   0   0  1.76 0.83
   38 R    -5   8  -5  -6  -8   0  -4  -7  -4  -7  -4  -1  -6  -7  -7  -5  -6  -7  -6  -6    1  88   0   0   0   4   1   0   0   0   2   3   0   0   0   0   0   0   0   1  2.58 0.97
   39 N    -3   1   6  -1  -6  -2  -1  -1   3  -5  -6   0  -5  -6  -5   2  -1  -6  -5  -5    2   8  44   2   0   1   3   5   7   1   0   5   0   0   0  18   3   0   0   1  1.04 0.53
   40 D    -1  -2   5   6  -6  -2  -2  -3  -2  -2  -6   0  -5  -6  -5   1  -2  -4  -5  -4    4   2  26  41   0   2   2   1   1   3   0   5   0   0   0   9   2   0   0   1  1.08 0.53
   41 P     0  -4  -2  -5  -6  -4  -4  -5  -6  -6  -6  -3  -6  -4   8  -2  -4  -7  -6  -6    7   1   2   0   0   1   1   1   0   0   1   2   0   1  79   3   1   0   0   0  2.40 0.88
   42 A     2  -1   0   2  -4   0   2  -2  -2  -4  -4   3  -4  -4  -2   2  -1  -5  -4  -2   17   1   4  13   0   4  15   2   0   0   1  21   0   1   2  14   3   0   0   2  0.44 0.31
   43 K    -2   0   4   1  -5   0   1  -3   0  -4  -5   2  -2  -5  -4   1   4  -6  -4  -4    2   4  22   6   0   3   9   1   2   0   0  12   1   0   0   8  29   0   0   1  0.69 0.42
   44 D     3  -6  -4   7  -7  -1  -3  -5  -3  -7  -7  -3  -7  -7  -3  -2  -4  -8  -7  -4   23   0   0  68   0   3   0   0   1   0   0   1   0   0   1   2   0   0   0   1  1.87 0.79
   45 P    -5  -2  -6   2  -8  -6  -5  -7  -7  -8  -8  -6  -7  -8   8  -6  -6  -8  -8  -7    0   3   0  11   0   0   0   0   0   0   0   0   0   0  85   0   0   0   0   0  2.88 1.06
   46 V    -4  -6  -6  -7  -5  -6  -6  -7  -6   1   4  -6  -2   1  -6  -5   0  -2  -4   5    0   0   0   0   0   0   0   0   0   7  42   0   0   5   0   0   5   0   0  40  1.21 0.55
   47 I     0  -6  -5  -5  -4  -5  -5  -6  -6   4   0  -5   0  -4  -5  -2   2  -6  -5   5    6   0   0   0   0   0   0   0   0  23   7   0   2   0   0   2  15   0   0  43  1.02 0.50
   48 L    -3  -6  -7  -7  -5  -6  -6  -7  -6   3   5  -6   3   2  -6  -5  -3  -5  -4  -1    2   0   0   0   0   0   0   0   0  15  62   0   7   7   0   0   2   0   0   3  1.29 0.56
   49 W    -8  -8  -9 -10  -8  -5  -8  -8  -8  -8  -6  -9  -7  -3  -9  -8  -8  13  -2  -8    0   0   0   0   0   1   0   0   0   0   1   0   0   1   0   0   0  96   1   0  5.12 1.54
   50 L    -5  -6  -6  -7  -5  -4  -6  -6  -6   1   6  -6   4   1  -6  -5   1  -5  -5  -2    0   0   0   0   0   1   0   0   0   6  66   0  11   5   0   0   9   0   0   2  1.38 0.62
   51 N    -4  -5   7  -4  -6  -1  -3  -4  -4  -7  -7  -5  -6  -7  -4   1   4  -8  -6  -6    1   0  58   0   0   2   2   0   0   0   0   0   0   0   1  10  26   0   0   0  1.82 0.80
   52 G    -5  -7  -5  -6  -7  -7  -7   8  -7  -9  -8  -6  -8  -8  -7  -5  -6  -7  -8  -8    0   0   0   0   0   0   0  99   0   0   0   0   0   0   0   0   0   0   0   0  2.87 1.03
   53 G    -5  -7  -5  -6  -7  -7  -7   8  -7  -9  -9  -7  -8  -8  -7  -5  -7  -7  -8  -8    0   0   0   0   0   0   0  99   0   0   0   0   0   0   0   0   0   0   0   0  2.91 1.04
   54 P    -6  -8  -7  -7  -8  -7  -7  -8  -8  -8  -8  -6  -8  -9   9  -4  -6  -9  -8  -8    0   0   0   0   0   0   0   0   0   0   0   0   0   0  98   1   0   0   0   0  3.52 1.25
   55 G    -3  -7  -5  -6  -7  -7  -7   8  -4  -9  -8  -6  -8  -8  -7  -4  -6  -7  -8  -8    1   0   0   0   0   0   0  97   0   0   0   0   0   0   0   1   0   0   0   0  2.76 1.00
   56 C     0  -8  -7  -5  11  -7  -6   1  -7  -6  -6  -7  -3  -6  -7   1  -5  -7  -3  -3    7   0   0   1  65   0   1  10   0   0   0   0   1   0   0  12   0   0   1   2  2.57 0.94
   57 S    -3  -4  -4   0  -6  -5  -5  -3  -6  -7  -7  -5  -6  -5  -6   7  -3  -8  -7  -7    1   1   0   5   0   0   0   2   0   0   0   0   0   1   0  90   0   0   0   0  2.24 0.99
   58 S    -4  -6  -4  -5  -6  -5  -5  -1  -6  -8  -8  -5  -7  -6  -6   8  -3  -8  -7  -7    0   0   0   0   0   0   0   5   0   0   0   0   0   0   0  93   1   0   0   0  2.43 1.07
   59 L     0  -5  -4  -4  -5  -2   1  -5  -5   0   2  -4   7   0  -5   2   0  -5  -4  -3    7   0   1   0   0   1  10   0   0   4  19   0  32   4   0  15   6   0   0   1  0.87 0.52
   60 T    -2  -5  -4  -2  -3  -4  -5  -3  -5   4   3  -4   3   1  -5  -3   3  -1  -1   1    2   0   1   3   0   0   0   2   0  22  26   0   8   5   0   1  19   1   2   8  0.60 0.37
   61 G     3  -5  -4  -5  -6  -6  -6   7  -6  -7  -7  -6  -7  -7  -5  -3  -3  -7  -5  -6   23   1   0   0   0   0   0  72   0   0   0   0   0   0   0   1   2   0   0   0  1.91 0.79
   62 L    -1  -6  -4  -8  -5  -5  -7  -5  -7  -2   6  -6   3  -3  -7  -6  -5  -6  -5  -1    5   0   1   0   0   0   0   1   0   1  80   0   7   0   0   0   0   0   0   4  1.66 0.73
   63 F    -4  -7  -8  -8  -6  -7  -8  -8  -6  -3   4  -7   1   8  -8  -7  -5  -1  -1  -4    1   0   0   0   0   0   0   0   0   1  31   0   3  62   0   0   0   1   1   1  2.11 0.83
   64 F    -1  -4  -2  -3  -5   4   0  -3  -3  -4  -1  -3   6   4  -5  -3   1  -4   3  -2    4   0   1   1   0  20   6   2   0   0   5   0  22  17   0   1   8   0   9   2  0.80 0.49
   65 E    -5  -5  -4  -3  -9  -2   8  -5  -5  -8  -8  -4  -4  -9  -6  -5  -5  -8  -7  -6    0   0   1   0   0   1  95   1   0   0   0   0   0   0   0   0   0   0   0   0  2.74 1.12
   66 L    -5  -5   6  -5  -6  -5  -5  -6   2  -1   4  -5   1  -4  -6  -5  -4  -6  -5  -1    0   0  38   0   0   0   0   0   5   4  44   0   3   0   0   0   0   0   0   4  1.35 0.66
   67 G    -5  -8  -6  -7  -8  -7  -7   8  -7  -9  -9  -7  -8  -8  -7  -5  -7  -8  -8  -9    0   0   0   0   0   0   0 100   0   0   0   0   0   0   0   0   0   0   0   0  2.95 1.08
   68 P    -6  -7  -7  -7  -8  -7  -7  -7  -8  -8  -8  -7  -8  -9   9  -5  -7  -9  -8  -8    0   0   0   0   0   0   0   0   0   0   0   0   0   0  98   1   0   0   0   0  3.53 1.28
   69 S    -1  -8  -7  -8  11  -7  -7  -6  -7  -6  -5  -7  -6   3  -7   1  -5  -4   2  -6    5   0   0   0  66   0   0   0   0   0   0   0   0  10   0  11   0   0   7   0  2.74 0.99
   70 S    -2   4   1  -4  -5   0  -3  -4   3  -2   0   1  -1  -1  -4   2   1   0  -3  -4    2  27   7   0   0   4   0   1   7   2   9   7   2   3   0  17  10   1   1   0  0.49 0.36
   71 I    -4  -5  -7  -7  -5  -5  -7  -7  -7   6   0  -6   1   1  -6  -6  -4  -6  -3   5    1   1   0   0   0   0   0   0   0  49   6   0   3   5   0   0   0   0   1  34  1.52 0.65
   72 G     0  -2   6   2  -5   0  -2   0  -2  -3  -3  -1  -4  -5  -2   0   2  -6  -5  -2    7   2  36  12   0   4   2   6   1   1   2   4   0   0   1   6  13   0   0   3  0.64 0.40
   73 P     0  -2   2   3  -5   0   3   1  -2  -5  -4   1  -2  -4   2   1  -1  -6  -5  -4    6   1  10  15   0   3  21   9   1   0   1  10   1   0   9   9   2   0   0   1  0.46 0.31
   74 D    -1  -4   4   5  -6  -2   0   1   0  -5  -6  -1  -5  -6   0   0   0  -7  -5  -5    4   0  17  37   0   2   5  12   2   0   0   4   0   0   4   5   6   0   0   1  0.82 0.45
   75 L    -1  -2   3  -1  -3  -1  -1   2   1   0   2  -1   1  -2  -2   1   0  -4  -2  -2    3   1  14   3   0   2   3  14   3   6  25   3   4   1   2  10   5   0   1   1  0.20 0.20
   76 K    -1  -2   2  -1  -5  -1   1   1  -1  -4  -5   3  -4  -5  -4   3   3  -6  -4  -4    3   1  11   3   0   3   8  10   1   0   0  16   0   0   0  22  20   0   0   0  0.55 0.38
   77 P    -3  -5  -3  -3  -5  -5  -5  -5  -6  -2   2  -5  -2  -5   4  -1   5  -6  -5   0    2   0   1   1   0   0   0   1   0   2  23   0   0   0  17   3  42   0   0   7  1.00 0.57
   78 I    -1  -1  -2  -1  -4  -1   2  -4  -1   1  -2   2  -2  -3  -4   0   2  -5   0   3    3   3   1   3   0   3  12   1   1   7   1  12   1   1   0   7  15   0   4  26  0.32 0.28
   79 G    -3   1  -1  -2  -5  -3  -3  -4   4  -1   1  -2  -3   2   0  -1  -2   6   5   0    1   9   3   2   0   0   2   1   9   3  15   2   0   6   5   4   3  11  18   6  0.54 0.34
   80 N    -7  -3   9  -4  -8  -5  -5  -6   2  -8  -8  -5  -7  -3  -7  -4  -4  -8  -5  -8    0   1  90   0   0   0   0   0   5   0   0   0   0   1   0   0   1   0   0   0  2.92 1.12
   81 P    -3  -5  -1   0  -7  -2   2  -6  -5  -5  -7  -1  -7  -8   8  -3  -3  -8  -7  -6    2   0   3   5   0   2  11   0   0   1   0   4   0   0  68   1   1   0   0   0  2.00 0.85
   82 Y    -5  -6   0  -4  -7  -2  -1  -2   5  -4  -5  -6  -4   3  -5  -4  -4   4   8  -6    0   0   4   1   0   2   4   3  14   1   0   0   0  12   0   1   1   6  51   0  1.78 0.76
   83 S     1  -5  -4  -5  -6  -5  -5   2  -6  -7  -7  -5  -6  -7  -6   7  -4  -7  -6  -6   10   0   0   0   0   0   0  15   0   0   0   0   0   0   0  74   0   0   0   0  1.81 0.87
   84 W    -8  -8  -9 -10  -8  -8  -8  -8  -8  -8  -7  -9  -7  -1  -9  -8  -8  13  -4  -8    0   0   0   0   0   0   0   0   0   0   0   0   0   2   0   0   0  96   0   0  5.16 1.61
   85 N    -6  -5   8   2  -7  -5  -5  -5  -1  -6  -7  -5  -7  -7  -6  -1   2  -8  -5  -5    0   0  69  11   0   0   0   0   1   0   0   0   0   0   0   5  13   0   0   1  2.07 0.89
   86 S    -1  -1   5  -1  -5   1   3  -4  -2  -6  -5   1  -2  -6  -5   2   1  -6  -4  -5    5   2  29   2   0   5  19   0   1   0   1   9   1   0   0  16   9   0   1   0  0.75 0.46
   87 N    -1   0   5  -3  -5   0   1  -4   3  -1  -3   0  -3   1  -5  -1  -2  -5   1   1    6   4  32   0   0   3   8   0   6   3   1   6   0   6   0   3   1   0   6  12  0.54 0.37
   88 A     6  -5  -5  -5  -5  -5  -5  -3  -2  -6  -5  -5  -5  -4  -5   4  -2  -7  -6  -3   68   0   0   0   0   0   0   1   1   0   1   0   0   1   0  25   2   0   0   1  1.59 0.78
   89 T    -5  -4   8  -3  -7  -5  -5  -5   1  -7  -7  -5  -6  -6  -6   3   0  -7  -1  -7    0   0  67   0   0   0   0   0   3   0   0   0   0   0   0  21   5   0   2   0  2.06 0.90
   90 V    -5  -5  -6  -7  -5  -5  -6  -7  -6   4   3  -6   6  -4  -6  -6  -3  -6  -3   4    0   1   0   0   0   0   0   0   0  20  22   0  23   0   0   0   1   0   1  32  1.32 0.60
   91 I    -5  -6  -7  -7  -5  -6  -7  -7  -6   6   4  -6   0   3  -5  -6  -5  -5  -4   1    0   0   0   0   0   0   0   0   0  41  35   0   1  13   0   0   0   0   0   8  1.35 0.59
   92 F    -7  -7  -7  -8  -7  -7  -7  -8  -5  -4  -5  -7  -3   8  -8  -7  -7   6   6  -6    0   0   0   0   0   0   0   0   0   1   0   0   0  59   0   0   0  10  28   0  2.62 0.97
   93 L    -5  -6  -7  -7  -5  -6  -6  -7  -7   4   4  -6  -2  -3  -6  -6  -4  -6  -5   4    0   0   0   0   0   0   0   0   0  25  41   0   0   0   0   0   0   0   0  32  1.38 0.61
   94 D    -7  -7  -4   8  -8  -5  -1  -6  -6  -8  -8  -6  -8  -8  -6  -1  -6  -9  -8  -8    0   0   0  92   0   0   2   0   0   0   0   0   0   0   0   5   0   0   0   0  2.86 1.09
   95 Q    -5  -5  -3  -6  -8   9  -2  -7  -5  -6  -6  -4  -6  -9  -7  -3  -6  -7  -7  -8    0   0   1   0   0  94   1   0   0   0   1   0   0   0   0   1   0   0   0   0  3.14 1.27
   96 P    -6  -7  -7  -7  -8  -7  -6  -7  -7  -8  -7  -6  -8  -9   9  -6  -6  -9  -8  -7    0   0   0   0   0   0   0   0   0   0   1   0   0   0  98   0   0   0   0   0  3.51 1.28
   97 V     1  -4  -6  -5  -4  -5  -6  -4  -6   4  -1  -5  -2  -4  -4  -3   2  -6  -5   6   10   1   0   0   0   0   0   1   0  20   5   0   0   0   1   1  11   0   0  48  1.06 0.54
   98 N    -4  -5   4   0  -7  -2  -5   6  -5  -7  -7  -4  -7  -6  -3  -2  -3  -7  -5  -7    1   0  18   6   0   2   0  67   0   0   0   0   0   0   2   2   2   0   0   0  1.68 0.73
   99 V    -1  -6  -6  -6  -5  -6  -6  -6  -7  -2  -4  -6  -4  -6  -6  -2   5  -7  -6   6    5   0   0   0   0   0   0   0   0   1   0   0   0   0   0   2  35   0   0  57  1.67 0.78
  100 G    -5  -7  -5  -6  -7  -6  -7   8  -7  -8  -8  -6  -7  -8  -7  -5  -6  -7  -7  -8    0   0   0   0   0   0   0  98   0   0   0   0   0   0   0   0   0   0   0   0  2.82 1.03
  101 F    -7  -7  -7  -8  -7  -7  -7  -5  -5  -5  -3  -7  -4   9  -8  -7  -7  -1   6  -6    0   0   0   0   0   0   0   1   0   0   2   0   0  73   0   0   0   1  22   0  2.73 0.99
  102 S    -4  -6  -4  -5  -6  -5  -5  -5  -6  -7  -7  -5  -6  -7  -6   8  -3  -7  -2  -7    0   0   0   0   0   0   0   0   0   0   0   0   0   0   0  96   1   0   2   0  2.57 1.12
  103 Y    -6  -5  -3  -5  -6  -3  -6  -6   2  -4  -5  -4  -4   1  -5  -3  -6  -1  10  -4    0   1   1   1   0   1   0   0   3   1   1   1   0   5   1   2   0   1  78   1  2.63 0.98
  104 S     2  -2  -1  -1  -2  -1  -1   2  -2  -2  -2  -2  -2  -2  -2   3   1  -3  -1   0   20   2   2   2   1   2   4  15   0   1   3   1   0   1   2  25   8   0   3   7  0.30 0.21
  105 G    -3  -3   1   4  -5  -3   1   4  -3  -6  -6  -2  -5  -6  -1   1   0  -6  -5  -5    1   1   5  27   0   1   7  33   0   0   0   2   0   0   3  11   6   0   0   0  0.84 0.45
  106 S    -1  -2   1   3  -4  -1   0   3   1  -4  -4   1  -4  -5  -1   1   2  -5  -2  -2    3   1   6  16   0   2   4  21   4   1   1   8   0   0   4  10  14   0   1   3  0.36 0.26
  107 S     0   0   1   4  -5   0   3   0  -2  -3  -4  -1  -3  -5  -2   1   1  -5  -4  -3    6   4   6  22   0   3  22   7   1   1   2   2   0   0   2  12   8   0   0   1  0.47 0.31
  108 G     0   0   0   2  -2   0   0  -1   0  -1  -1   0  -1  -2   0   1   2  -3   0  -1    6   6   4  12   0   4   6   5   3   4   5   5   1   2   5  12  15   0   4   2  0.11 0.12
  109 V    -1  -3  -4   2  -3  -5  -3  -5  -5   1  -2  -5  -3  -4   1  -3  -1  -6   1   6    5   2   0  13   0   0   1   0   0   7   3   0   0   0   7   1   4   0   5  50  0.84 0.49
  110 S    -2  -1   2   3  -4  -3  -1   0   5  -3  -3   0  -4   0  -4   3   1  -3   0  -3    3   4  11  14   0   0   2   7  13   1   2   4   0   4   0  20   8   0   3   1  0.42 0.31
  111 N    -4  -4   5   3  -5  -4  -3  -2  -2  -6  -6  -4  -3  -6  -5   2   5  -3  -6  -5    0   1  25  15   0   0   1   2   1   0   0   1   0   0   0  16  38   0   0   0  1.19 0.63
  112 T    -2  -5  -4  -3  -5  -2   3  -5  -5  -5  -1  -4  -5  -6  -5   3   6  -6  -6  -4    3   0   0   1   0   1  22   0   0   0   6   0   0   0   0  23  42   0   0   1  1.14 0.65
  113 V     0  -1  -1   2  -4   0   3  -3  -1  -1  -2   0  -2  -1   1  -1   0  -2  -1   1   10   2   3  12   0   4  24   1   1   3   2   6   1   3   6   3   5   1   2  11  0.25 0.23
  114 A     2  -2  -1   3  -3   2   3   0  -1  -3  -2  -1  -1  -4  -3   0   0  -5  -4  -1   16   1   2  15   0  10  21   6   2   1   5   2   2   0   0   5   7   0   0   5  0.34 0.28
  115 A     6  -6  -6  -6  -5  -5  -5  -3  -6   0  -3  -5   0  -6  -5  -1  -3  -7  -6   3   64   0   0   0   0   0   0   2   0   4   1   0   2   0   0   3   1   0   0  22  1.39 0.69
  116 G     6  -5  -5  -5  -5  -2  -4   2  -5  -6  -6  -4  -3  -6  -5   2  -2  -7  -6  -4   60   0   0   0   0   2   1  17   0   0   0   0   1   0   0  16   2   0   0   1  1.31 0.67
  117 K    -1   1   1  -1  -5   1   3  -4  -1  -1  -3   4  -3  -5   1  -1  -2  -3  -4   0    5   7   7   3   0   6  21   1   1   4   1  23   0   0   7   3   1   0   0   9  0.42 0.31
  118 D    -1  -3   3   7  -7  -2  -2  -3   0  -6  -6  -4  -5  -2  -4  -2  -4  -7  -1  -6    6   2  12  63   0   2   1   2   2   0   1   1   0   2   1   3   0   0   3   0  1.54 0.70
  119 V    -1  -6  -6  -7  -5  -5  -6  -6  -6   3   1  -6   6   2  -6  -5  -2  -5  -4   5    6   0   0   0   0   0   0   0   0  17  12   0  17   7   0   0   2   0   0  37  1.08 0.52
  120 Y     0  -6  -4  -5  -6  -2  -6  -5   4  -3  -3  -5  -4   1  -7  -3  -4   8   8  -2    9   0   1   1   0   2   0   1   8   2   2   0   0   5   0   2   1  20  43   3  1.70 0.74
  121 N     3   0   1   1  -4   0   0  -3   2   0  -4   0  -3  -3  -4  -1   0   3  -1  -1   33   4   6   9   0   4   5   1   5   7   0   6   0   1   0   4   7   4   2   3  0.33 0.29
  122 F    -2  -7  -8  -8  -7  -7  -8  -7  -6  -2   0  -7   0   9  -8  -6  -6  -4  -2  -1    4   0   0   0   0   0   0   0   0   2   9   0   2  78   0   0   0   0   0   3  2.46 0.93
  123 L    -4  -6  -7  -7  -5  -6  -7  -7  -7   1   6  -6   2   1  -7  -6  -3  -5  -5   1    1   0   0   0   0   0   0   0   0   6  71   0   5   5   0   0   1   0   0  10  1.47 0.65
  124 E     0   0  -2  -2  -5   7   2  -5   0  -5  -3  -1  -4  -5  -5  -1   1  -6  -3  -2    8   5   1   2   0  50  10   0   2   1   2   2   0   0   0   3  10   0   1   2  1.11 0.62
  125 L     2  -3  -3  -4  -4  -1  -1   1  -4   3   3  -1   1  -2  -4  -2  -2  -5  -3   0   18   1   1   1   0   3   4  10   0  19  29   4   2   1   0   2   2   0   0   3  0.37 0.29
  126 F    -7  -8  -8  -8  -7  -8  -7  -8  -6  -4   0  -8  -5   9  -8  -7  -7   5  -2  -6    0   0   0   0   0   0   0   0   0   0   8   0   0  84   0   0   0   6   0   0  2.93 1.06
  127 F    -3  -4  -7  -8  -6  -7  -7  -7  -5  -1   2  -7   2   8  -7  -6  -4  -4   4  -1    2   1   0   0   0   0   0   0   0   3  17   0   4  57   0   0   1   0  11   4  1.73 0.71
  128 D     1  -1  -1   1  -5   2   4  -2   1  -5  -4   2  -2  -5  -4   1   0  -5  -3  -3   10   2   3   8   0   9  26   3   4   0   1  14   1   0   0  12   7   0   0   2  0.48 0.34
  129 Q     1   2   0  -2  -5   3   2  -2   4  -4  -2   3  -2  -5  -4  -1   0  -5  -4  -3   12  12   4   1   0  13  11   2   9   0   4  18   1   0   0   3   7   0   0   1  0.44 0.32
  130 F    -6  -4  -2  -7  -7  -6  -5  -6   6  -3  -2  -5  -1   8  -5  -4  -6  -3   3  -5    0   1   2   0   0   0   0   0  18   1   3   1   1  61   0   2   0   0   7   0  2.04 0.81
  131 P    -3  -4  -4  -2  -5  -4  -2  -4  -3  -7  -6  -2  -6  -6   8   1   0  -7  -7  -6    2   1   1   3   0   1   2   2   1   0   0   2   0   0  68  12   5   0   0   0  1.96 0.84
  132 E    -3  -1  -1   0  -6   5   4  -3   2  -6  -5   3  -4  -3  -5  -1  -2  -6  -4  -5    2   3   2   4   0  24  30   1   5   0   0  20   0   1   0   4   2   0   0   1  0.93 0.52
  133 Y    -5  -6  -6  -6  -6  -5  -4  -6  -4  -4   2  -4  -3   6  -4  -5  -5  -2   8  -4    1   0   0   0   0   0   1   1   0   1  20   1   0  27   1   1   0   0  44   0  1.73 0.72
  134 V     3  -1  -1   0  -1  -1   0  -1  -1   0  -1  -1  -1  -2  -1   1   0  -1  -1   0   28   3   3   6   1   2   6   4   1   5   6   3   1   2   2  12   4   1   1   8  0.15 0.10
  135 N    -1   0   2   1  -2   0   1  -1   2  -1  -1   3  -1  -1   0   0   0  -2   0  -1    5   4   9   6   1   3   7   5   5   4   6  21   1   3   4   6   4   1   3   3  0.12 0.07
  136 K     0   2  -1  -1  -2   3   1  -1  -1  -2  -2   3  -1  -2  -1   1  -1  -2  -2  -2    6  12   3   3   1  12   7   4   1   2   5  23   1   2   3   9   3   1   1   3  0.26 0.13
  137 G     0  -1   0   0  -2   0   0   3  -1  -2  -2   0  -2  -2  -1   2   0  -2  -2  -2    6   3   5   5   1   3   4  27   1   3   4   6   1   2   2  17   5   0   1   3  0.24 0.13
  138 Q    -3   5   4   0  -5   2  -3  -4  -1  -4   0  -1  -1  -4  -4  -2  -2  -2  -4  -2    1  37  20   4   0  11   0   1   2   0  12   3   1   0   0   2   2   1   0   3  0.81 0.45
  139 D    -1  -2  -1   6  -6  -3   2  -3  -4  -6  -6  -1  -6  -6   5  -1  -2  -7  -6  -6    5   3   2  40   0   1  10   2   0   0   0   4   0   0  25   5   2   0   0   0  1.11 0.55
  140 F    -7  -8  -8  -8  -4  -8  -8  -8  -6  -1   2  -8  -3   9  -8  -7  -6  -3  -2  -2    0   0   0   0   0   0   0   0   0   3  18   0   0  75   0   0   0   0   0   3  2.46 0.93
  141 H    -1  -5   0  -6  -7  -5  -5  -1   9  -3  -6  -6  -5   4  -7  -4  -4  -5   5  -4    6   0   4   0   0   0   0   6  45   2   0   0   0  15   0   1   1   0  19   1  1.80 0.77
  142 I    -4  -6  -7  -7  -5  -6  -7  -7  -7   7   3  -6   4   0  -7  -6  -5  -6  -4   2    1   0   0   0   0   0   0   0   0  52  22   0   9   4   0   0   0   0   0  12  1.47 0.63
  143 A     4  -5  -5  -5  -4  -5  -5  -3  -3  -2  -4  -5  -3   3  -5   1   3   6  -3  -1   40   0   0   0   0   0   0   1   0   2   1   0   1  11   0  12  19   9   0   4  0.96 0.56
  144 G    -1  -4  -5  -6  -7  -6  -6   7  -7  -8  -8  -6  -7  -8  -7  -3   3  -7  -7  -7    4   1   0   0   0   0   0  76   0   0   0   0   0   0   0   1  18   0   0   0  2.04 0.86
  145 E    -5  -5  -6  -4  -9  -1   8  -8  -5  -6  -8  -4  -5  -9  -7  -4  -6  -8  -7  -4    0   0   0   0   0   2  95   0   0   1   0   0   0   0   0   1   0   0   0   1  2.73 1.13
  146 S    -4  -6  -5  -6  -6  -6  -6  -5  -6  -8  -8  -6  -7  -8  -4   8  -4  -8  -7  -7    0   0   0   0   0   0   0   1   0   0   0   0   0   0   1  99   0   0   0   0  2.72 1.18
  147 Y    -8  -8  -8  -9  -8  -7  -8  -9  -3  -7  -7  -8  -7   1  -9  -8  -7   1  10  -7    0   0   0   0   0   0   0   0   0   0   0   0   0   3   0   0   0   1  95   0  3.73 1.34
  148 A     5  -6  -5  -6  -6  -6  -6   6  -6  -7  -7  -6  -6  -7  -5  -2  -5  -7  -7  -4   44   0   0   0   0   0   0  53   0   0   0   0   0   0   1   2   0   0   0   1  1.79 0.80
  149 G    -4  -7  -6  -6  -8  -7  -7   8  -7  -9  -9  -7  -8  -8  -7  -5  -7  -2  -8  -8    1   0   0   0   0   0   0  98   0   0   0   0   0   0   0   0   0   1   0   0  2.85 1.06
  150 H    -6   4  -5  -6  -8   1  -5  -7  10  -7  -8  -4  -5  -7  -7  -3  -1  -7  -4  -6    0  17   0   0   0   6   0   0  69   0   0   1   0   0   0   1   4   0   0   1  2.77 1.05
  151 Y    -7  -7  -7  -8  -8  -7  -7  -8   1  -5  -6  -7  -3   1  -8  -6  -7   3  10  -5    0   0   0   0   0   0   0   0   2   0   0   0   1   5   0   0   0   3  87   1  3.26 1.20
  152 I     0  -6  -6  -6  -5  -6  -6   3  -6   6   1  -6  -2  -4  -6  -4  -4  -6  -5   3    7   0   0   0   0   0   0  19   0  40  10   0   0   0   0   0   0   0   0  22  1.07 0.53
  153 P    -6  -5  -7  -7  -8  -7  -7  -8  -6  -8  -8  -6  -8  -9   9  -6  -6  -9  -8  -8    0   1   0   0   0   0   0   0   0   0   0   0   0   0  97   0   0   0   0   0  3.48 1.29
  154 V     4  -3   0  -2  -4  -1  -1  -2   1  -1  -1  -2  -2  -4  -3   0   1  -3   0   2   35   1   5   2   0   2   5   2   3   3   5   2   0   0   1   7   7   0   4  18  0.37 0.31
  155 F    -1  -6  -7  -6  -5  -6  -7  -7  -6   4   1  -6  -1   7  -7  -5  -2  -3  -1   0    6   0   0   0   0   0   0   0   0  21  14   0   1  46   0   0   3   0   1   7  1.34 0.59
  156 A     6  -6  -6  -6  -5  -5  -5   1  -6  -5  -6  -5  -3  -2  -5   0  -1  -6  -1  -1   73   0   0   0   0   0   0   8   0   0   0   0   0   2   0   6   3   0   3   3  1.49 0.74
  157 S     2   0   1  -1  -5  -2  -2  -4   5  -4  -5   0  -5  -4  -5   4   0  -5   1  -4   17   5   6   3   0   1   2   1  16   0   1   5   0   0   0  31   6   0   5   0  0.69 0.45
  158 E     1   2  -3  -2  -5   1   3  -5   2  -3  -3   0  -4  -1  -5  -3  -1  -4   5  -2   12  13   1   2   0   5  23   0   5   1   2   4   0   2   0   1   4   0  22   3  0.62 0.42
  159 I    -5  -7  -7  -7  -5  -7  -7  -8  -7   7   0  -7  -2   4  -7  -6  -5  -6  -4   3    0   0   0   0   0   0   0   0   0  60   7   0   1  15   0   0   0   0   0  16  1.73 0.71
  160 L    -3  -3   0  -2  -5   0  -2  -6   4   0   3  -3  -1   0  -5  -4  -4   3   4   2    2   1   4   3   0   4   3   0  11   5  27   1   1   3   0   1   0   4  17  13  0.58 0.39
  161 S    -2   1   0   4  -4   3   2  -4   0  -5  -5   3  -3  -6  -4   2  -1  -6  -5  -5    3   8   4  19   0  14  14   0   2   0   1  15   1   0   0  14   3   0   0   0  0.63 0.44
  162 H    -1   2   1  -2  -6   6   0   1   5  -6  -5   0   0  -6  -5  -2  -2  -6   0  -6    4   9   6   1   0  34   5  10  14   0   1   6   2   0   0   3   2   0   3   0  0.88 0.56
  163 K    -3  -3   8  -2  -7   0  -1  -3  -4  -8  -8   0  -7  -8  -1  -2  -3  -8  -7  -7    3   1  72   1   0   4   3   2   0   0   0   7   0   0   3   2   1   0   0   0  2.00 0.95
  164 D     1   0   1   2  -5   1   2   2  -2  -5  -4   3  -1  -5  -3  -1  -1  -5  -5  -3   11   3   7  12   0   5  12  15   1   0   1  22   2   0   1   3   4   0   0   1  0.43 0.33
  165 R     0   4  -2  -3  -5   1   2  -4  -2   1  -2   2  -3  -3   2  -1   0  -5  -2  -1    9  20   1   1   0   6  11   1   1   9   4  15   0   1   9   3   5   0   1   5  0.34 0.29
  166 N    -2   0   2  -2  -6   1  -1  -3   5  -3  -3   3  -4  -5   4   0   0  -3  -2  -3    3   5  10   1   0   5   3   2  13   1   2  17   0   0  22   5   6   0   1   2  0.61 0.41
  167 F    -6  -7  -6  -8  -6  -7  -6  -8  -7   7   1  -7  -1   2  -6  -7  -4   3  -4   2    0   0   0   0   0   0   0   0   0  63  12   0   1   9   0   0   1   3   0  10  1.70 0.77
  168 N    -5  -2   8   0  -8  -2  -2  -5   0  -8  -7  -1  -7  -8   1  -3  -4  -9  -6  -5    1   2  70   5   0   2   3   0   2   0   0   3   0   0   8   1   1   0   0   1  1.98 0.95
  169 L    -6  -7  -8  -8  -6  -5  -7  -8  -7   0   6  -7   0   1  -6  -7  -5  -6  -4  -1    0   0   0   0   0   1   0   0   0   3  83   0   2   6   0   0   0   0   0   4  1.88 0.86
  170 T     0   0   0  -1  -6   3   0  -4  -2  -4  -6   5  -5  -6  -5   0   1  -6  -5  -1    8   4   3   3   0  13   4   1   1   1   0  41   0   0   0   8   9   0   0   4  0.77 0.52
  171 S     0  -5  -4  -5  -6  -5  -5   4  -6  -6  -7  -5  -4  -5  -5   5   0  -7  -3  -2    8   0   0   0   0   0   0  34   0   0   0   0   0   1   0  47   5   0   1   3  1.30 0.74
  172 V    -4  -6  -7  -7   1  -6  -6  -7  -6   5   3  -6   1   1  -6  -5  -3  -6  -4   4    1   0   0   0   2   0   0   0   0  27  30   0   3   6   0   0   1   0   0  29  1.13 0.57
  173 L     3  -5  -5  -6  -5  -5  -5   3  -6   0   3  -4   5  -3  -5  -2  -4  -6  -5  -2   25   0   0   0   0   0   0  19   0   5  26   1  17   1   0   3   1   0   0   2  0.82 0.52
  174 I    -6  -8  -8  -8  -4  -7  -8  -6  -8   8   0  -7   0  -5  -8  -7  -4  -7  -6   3    0   0   0   0   0   0   0   1   0  76   6   0   2   0   0   0   1   0   0  14  2.20 0.93
  175 G    -2  -7   1  -4  -7  -5  -7   7  -7  -2  -8  -6  -5  -8  -7  -5  -5  -8  -8  -3    3   0   7   1   0   0   0  82   0   3   0   0   0   0   0   0   0   0   0   2  2.16 0.96
  176 N    -7  -6   9   0  -8  -6  -6  -6  -5  -9  -9  -4  -8  -9  -8  -4  -5  -9  -8  -8    0   0  93   5   0   0   0   0   0   0   0   1   0   0   0   0   0   0   0   0  3.16 1.31
  177 G    -1  -7  -5  -7  -8  -7  -7   8  -7  -7  -9  -5  -8  -8  -6  -4  -7  -8  -8  -8    4   0   0   0   0   0   0  93   0   0   0   1   0   0   0   1   0   0   0   0  2.67 1.11
  178 L    -5  -6  -6  -5   2  -3  -6  -6  -4   3   4  -6   2   1  -5  -5  -5   7   1  -1    1   0   0   1   4   1   0   0   0  14  45   0   4   5   1   0   0  17   4   3  1.22 0.61
  179 T    -5  -6  -5  -6  -5  -5  -6  -7  -6   2  -3  -6   1  -2  -5  -3   7  -3   1   3    0   0   0   0   0   0   0   0   0  12   1   0   3   2   0   1  58   0   4  16  1.47 0.80
  180 D    -3  -4   3   7  -7  -3  -1  -5  -1  -7  -8  -4  -5  -8  -6   2  -4  -8  -5  -5    2   1  11  63   0   1   2   0   1   0   0   1   0   0   0  15   0   0   0   1  1.76 0.85
  181 P    -1  -4  -6  -4  -7  -2  -1  -3  -6  -3  -4  -5  -1  -1   7  -1  -1   2  -2  -3    6   1   0   1   0   2   4   3   0   2   2   0   2   3  60   5   4   2   1   2  1.51 0.77
  182 L     1  -1  -2  -3  -4   0   0  -3  -1  -1   2   1   0   0  -1   0  -1  -3   3   0   13   4   1   1   0   3   7   2   1   3  23   9   2   3   3   6   2   0  12   6  0.17 0.20
  183 T    -2  -2   0  -1  -4  -2  -1  -5   0   4  -1  -2  -2  -3  -4  -1   4  -5   0   2    3   2   4   3   0   1   3   0   2  27   5   2   0   0   0   4  26   0   4  13  0.55 0.40
  184 Q    -4  -4  -5  -5  -8   9  -4  -7  -1  -3  -2  -4   3  -4  -7  -4  -1  -4  -6  -5    1   0   0   0   0  76   0   0   1   2   4   0   7   1   0   1   4   0   0   1  2.25 1.11
  185 Y     0  -5   0  -3  -4  -2  -3  -6  -2   0  -2  -6   2   4  -6  -2  -2   2   8  -2    7   0   4   1   0   2   2   0   1   5   4   0   4  13   0   3   2   3  45   2  1.20 0.64
  186 N     0   0  -3  -2  -5   1   1   1  -4  -4  -2   2  -3  -5   5  -1  -1  -4  -4  -5    9   4   1   2   0   6   8  13   0   1   5  14   1   0  30   3   3   0   0   0  0.63 0.43
  187 Y     3  -5  -4  -3  -5  -1  -2   1   3  -5  -5  -4  -3  -1  -4   3  -1   0   5  -4   21   0   0   2   0   2   3  11   7   0   1   0   1   2   0  24   3   1  20   0  0.72 0.50
  188 Y    -4  -2  -2  -5  -7  -4  -6  -5  -1  -2  -2  -5  -3   1  -7  -4  -3   4   9   0    2   2   2   1   0   1   0   1   1   3   3   0   1   5   0   1   2   5  64   6  1.95 0.90
  189 E     0   0  -3  -3  -4  -1   0  -1  -2   0   0  -2  -1   0   3  -2  -1  -3   4   1   10   5   1   1   0   3   8   4   1   7   8   2   1   3  17   2   4   0  15  10  0.28 0.26
  190 P    -3  -3   0   5  -7   0   3  -5  -4  -6  -5  -1  -4  -6   3  -3   2  -7  -5  -5    2   1   4  36   0   3  20   0   0   0   1   3   0   0  16   1  11   0   0   1  1.01 0.60
  191 M    -4  -6  -7  -8  -6  -6  -7  -7  -5   0   0  -6   8   5  -7  -6  -2   0   6  -2    2   0   0   0   0   0   0   0   0   4   9   0  32  19   0   0   3   1  29   2  1.72 0.82
  192 A     6  -4  -3  -5   3   1  -2   0  -5  -3  -2  -4   0  -5  -4   0  -1  -1  -5  -2   58   0   1   0   6   7   2   5   0   1   3   0   2   0   0   5   3   1   0   2  1.00 0.60
  193 C    -1  -4  -4  -6   9  -2  -3  -5  -1  -3   0  -3  -1  -1  -6  -4   1  -5   3   1    4   1   1   0  44   2   2   1   2   1   9   2   1   3   0   1   8   0  10   8  1.43 0.68
  194 G    -1  -2   3   1  -4   0   1   3   0  -4  -4   1  -3  -2  -3   1   3  -5  -2  -3    4   1  13   9   0   3   8  21   2   0   1   8   1   1   1   8  17   0   1   1  0.40 0.30
  195 E    -1  -1   6   0  -5   0   2   0  -1  -5  -5   1   0  -5  -1  -1  -1  -5  -3  -4    5   3  43   4   0   4  11   6   1   1   1   7   2   0   3   4   3   0   1   1  0.82 0.48
  196 G     1  -4  -1  -2  -4  -2  -3   4  -2  -3  -3  -1  -3  -4   4   1   1  -4  -2  -1   14   0   2   1   0   2   1  28   1   1   2   3   0   0  19   9  11   0   2   4  0.55 0.36
  197 G    -2  -3  -2  -3  -3  -3  -3   4  -1  -2  -1  -3  -2  -2  -1   0  -1  -3   6  -3    3   1   2   1   1   1   1  30   1   2   7   1   1   1   4   9   3   0  30   1  0.80 0.44
  198 E    -1  -1   1  -1  -3  -1   0   1   2   0  -1  -1  -1   0  -1  -2  -2   1   3   2    5   4   8   3   0   3   5  14   6   4   4   4   1   3   3   2   1   2  14  15  0.17 0.17
  199 P    -1  -2  -2  -1  -4   0  -1   0  -2   1  -2   2   1  -2   5  -2  -1  -4  -2   0    4   2   2   4   0   5   4   7   1  10   3  12   3   2  28   2   3   0   2   7  0.43 0.28
  200 S     1  -1  -1  -3  -4   0  -1  -3  -3  -2   0   1  -2  -3   5   0   0  -1  -2  -2   13   3   2   1   0   4   3   1   1   3  12   9   1   1  29   8   6   1   1   2  0.48 0.31
  201 V    -1  -5  -5  -2   0  -5  -4  -5  -5   3   3  -5   0   1  -5  -4  -3  -3  -1   4    6   0   0   2   2   0   1   1   0  18  28   0   1   5   0   0   1   0   2  30  0.74 0.41
  202 L    -2  -3  -1   0  -4   1  -3  -4  -4   3   2  -3   0   2  -3   0  -1  -3   0   2    2   1   2   5   0   7   1   0   0  16  24   1   1  10   1   6   4   0   4  12  0.31 0.25
  203 P    -2  -4   5   4  -6  -1  -1   0  -3  -6  -6  -2  -4  -5   1   3   1  -7  -4  -6    2   0  24  22   0   2   3   6   0   0   0   2   0   0   8  19   9   0   0   0  0.78 0.51
  204 S    -1  -1  -1   2  -4   1   2  -2  -2   2  -3   1  -3  -4   2   2  -1  -5  -3  -2    6   2   2  13   0   7  15   3   1  13   1   9   0   1   9  14   2   0   1   2  0.32 0.29
  205 E     1  -3  -2   1  -4   1   2  -2  -3  -3  -4   0  -3  -4  -1   3   3  -5  -3  -3   13   1   1   7   0   6  15   3   0   1   1   5   0   1   3  24  18   0   1   2  0.47 0.39
  206 E    -1   1  -2   1  -4   2   2  -3  -1  -1  -2  -1  -2  -3  -3  -1   3  -4   0   1    5   8   1   8   0  10  16   1   1   4   4   3   1   1   0   4  19   0   4  10  0.27 0.27
  207 C    -1  -4  -3  -3   9  -3  -4  -6   1  -3   0  -5  -3  -1  -6  -3  -2  -5   4  -3    5   1   1   2  47   1   1   0   3   1  10   1   1   2   0   2   3   0  16   2  1.66 0.75
  208 S     1  -1   1   2  -4   2   1  -3  -2  -2  -3   1  -3  -3  -2   0   1  -5  -3   1   10   3   7  14   0  11  10   1   0   2   1  10   0   1   1   8   7   0   0  13  0.26 0.25
  209 A     1   3   0  -1  -4   2   1  -2   0   0  -1   1  -2  -1  -3   0   0  -4   1  -2   15  16   3   2   0  10   7   2   2   6   6   8   1   2   0   8   6   0   5   2  0.19 0.20
  210 M     0  -6  -2  -7  -3  -4  -5  -6  -6   2   2  -6   8  -3  -6  -4  -2   1   0   0    8   0   3   0   0   1   0   0   0  12  20   0  42   1   0   1   2   2   3   4  1.35 0.69
  211 E     0   2   3   1  -5   0   1  -4  -1  -4  -3   4  -2  -5  -3   0  -1   0  -2  -4    9   9  12   9   0   4  10   0   2   0   3  28   1   0   1   5   3   1   1   1  0.49 0.36
  212 D     2   0   2   0  -4   2   1  -1  -1  -2  -3   1  -1  -3  -1   1   1  -4  -2  -2   16   4   8   5   0  12   9   3   1   2   2  11   1   1   3  11   8   0   1   3  0.22 0.22
  213 S     3  -1   1   0  -4   0  -2  -2  -1  -1   0   0   2  -2  -3   1  -1   1   2  -1   27   3   6   5   0   5   2   3   2   3   8   4   5   1   1  10   3   2   8   3  0.20 0.24
  214 L     0  -4  -1  -4  -4   0  -1  -4  -3   1   2  -3   2   1  -3  -2  -1  -1   3   2    8   0   3   1   0   4   4   1   0   8  23   0   5   5   1   3   3   1  12  16  0.31 0.26
  215 E    -1  -3   0  -1  -6   0  -1   0  -2  -5  -4   0  -3  -6   6   0  -1  -3  -2  -3    5   1   5   4   0   3   5   6   1   1   2   7   1   0  45   7   3   0   2   2  0.94 0.54
  216 R     0   5  -2  -1  -5   0   0   1  -1  -1  -3   1  -3  -4  -2  -2   1  -1  -3   0    6  29   1   3   0   4   7  13   1   3   2   7   0   0   2   2  10   1   1   7  0.38 0.31
  217 C    -5  -9  -9  -9  12  -6  -9  -9  -9  -5  -6  -9  -5  -2  -9  -7  -5  -8  -8  -3    1   0   0   0  92   0   0   0   0   1   1   0   0   2   0   0   1   0   0   2  4.22 1.51
  218 L    -1   1  -3  -2  -5   4   3  -3   0   0   1   1   1  -4  -4  -2  -1  -5  -4   1    6   6   1   2   0  19  17   2   2   4  15   9   4   0   0   2   3   0   0   9  0.37 0.33
  219 G     0   1  -1   2  -5   2   1  -2  -1  -4  -4   3  -2  -3   1   1  -1  -2  -1  -2    9   9   2  12   0  10   8   2   1   0   1  17   1   1   8  13   2   0   3   2  0.33 0.28
  220 L     2  -2  -2  -4  -5   2  -3  -4  -5  -2   4  -1   3  -1  -5  -2  -3   4  -1  -1   15   2   2   0   0  11   2   1   0   1  39   3   8   2   0   2   1   5   2   3  0.60 0.43
  221 I    -1  -5  -3  -4  -3  -2  -2  -4  -2   6   1  -4   2  -1  -5  -3   0  -5   1   1    6   0   1   1   0   2   3   2   1  42  13   1   6   2   0   2   6   0   5   9  0.69 0.42
  222 E     0   1   0   1  -6   3   3  -2  -2  -3  -4   4  -3  -6  -4  -1  -1  -6  -5  -2    6   6   4   9   0  13  22   2   1   1   2  22   0   0   0   5   4   0   0   2  0.55 0.40
  223 S     2  -1   1  -1  -3   1   0  -1  -1  -1   0   1  -1  -2  -3   2   0  -4  -1   0   20   3   7   2   0   7   5   3   1   3  10   9   1   1   0  16   5   0   2   5  0.16 0.20
  224 C    -4  -8  -6  -7  12  -7  -6  -3  -7  -6  -6  -6  -7  -7  -4  -5  -6  -7  -7  -5    1   0   0   0  90   0   1   3   0   0   0   1   0   0   1   1   0   0   0   0  4.05 1.42
  225 Y    -2  -1   2  -2  -4   2  -1  -1  -1   0  -2  -1   0  -1  -3  -2  -1  -1   7   0    3   3   9   2   0   9   4   5   1   6   3   3   2   1   2   2   4   0  35   6  0.61 0.40
  226 D     0   0   1   4  -4   1   1  -1  -1  -4  -3   2  -3  -4  -3   1   1  -3  -3  -3    8   5   7  26   0   5   9   5   1   1   3  11   0   0   1   8   8   0   1   1  0.40 0.29
  227 S     0  -1   1  -1  -4   0  -1  -1   2  -2  -2  -1  -2   1   0   2   3  -2   1  -2    6   3   8   3   0   4   2   4   5   2   3   3   0   6   5  14  24   1   5   3  0.25 0.25
  228 Q    -2  -1   2   1  -5   1   1   3   0  -3  -2   0  -3   1   3  -1  -2  -1  -1  -2    1   2  10   7   0   6   9  21   2   1   4   4   0   8  13   4   2   1   2   3  0.29 0.25
  229 S    -2  -4   3   5  -5  -3  -1   1  -4  -3  -5  -2  -3  -3  -5   3   1  -1  -4  -4    3   0  13  29   0   0   3  10   0   2   1   1   0   1   0  26   7   1   0   1  0.75 0.49
  230 V     1   1   2   1  -2   0   0  -1   0  -2  -2   0  -2  -2   2   0   1  -3  -1   1   11   8  11   7   0   3   5   4   2   1   3   3   0   2  10   7   9   0   3  10  0.13 0.15
  231 W     1  -2  -1   1  -2   0  -1  -2  -2   2   1  -1   0   1  -2   0   0   4  -1   0   14   2   2   8   1   4   4   2   0  13  12   3   3   5   1   8   6   6   1   4  0.11 0.14
  232 S     2  -3   0   2  -3  -2  -1  -2  -4   1  -2  -2  -2  -4  -1   2   3  -5  -4   1   18   1   4  12   0   1   2   2   0  10   4   1   0   0   2  13  17   0   0  10  0.30 0.28
  233 C    -6  -8  -8  -8  12  -8  -8  -8  -8  -5  -6  -8  -5  -6  -8  -6  -5  -3  -5  -6    0   0   0   0  94   0   0   0   0   1   1   0   0   0   0   0   1   0   1   0  4.37 1.51
  234 V     0   0   0  -1  -3   0   0  -1   0   1   0   0   0   0  -2   1   0  -1  -1   2    8   6   4   3   0   5   5   5   2   7   7   4   2   4   1  13   5   1   2  17  0.05 0.10
  235 P     3  -2   1   1  -4   0   0  -2  -2  -1  -1  -1  -1  -4   3   1   0  -5  -3  -1   26   2   6   7   0   4   6   2   1   3   6   4   2   0  14   8   5   0   1   3  0.28 0.25
  236 A     7  -5  -5  -6  -4  -4  -4  -1  -6  -4  -5  -4  -3  -6  -4   0  -2  -2  -6  -2   79   0   0   0   0   0   1   4   0   1   1   0   1   0   1   6   3   1   0   2  1.68 0.84
  237 T     0  -1  -1   1  -3   2   0  -1  -1  -1  -1  -2   1   0  -3   1   2   1   1  -1    8   3   3   8   0  13   5   4   1   2   7   1   3   4   1  12  12   2   6   5  0.14 0.19
  238 I     0  -1   2   1  -2   1   1  -2  -1   0   0  -1  -1  -1  -2   1   0  -3   0   0    7   3  12   8   1   5   9   2   1   6  11   3   2   2   1  13   6   0   3   7  0.09 0.13
  239 Y    -1  -3  -3  -3  -1  -1  -4  -5  -1   0  -1  -3   1   5  -5  -3  -1  -1   6   2    5   1   1   1   1   2   1   1   1   5   6   2   3  25   0   2   3   0  26  13  0.80 0.45
  240 C    -5  -6  -7  -7  12  -7  -6  -5  -7  -5  -6  -7  -6  -2  -7  -6  -4   3  -2  -5    1   0   0   0  86   0   1   1   0   0   0   0   0   2   0   0   1   3   1   1  3.82 1.34
  241 N    -2   0   5   1  -5   1   2  -2  -2  -1  -2  -2  -1  -2  -4   0  -1   4   2  -3    3   6  28   9   0   6  11   3   0   4   3   1   2   2   1   5   3   6   6   2  0.47 0.35
  242 N     0  -1   4   2  -4   0   2  -1  -3  -4  -3   0  -2  -3  -2   2   1  -5  -3  -2    7   3  18  12   0   4  13   5   0   1   3   4   1   1   2  17   9   0   1   2  0.36 0.30
  243 A     1   0   2  -1  -3   1   1   0   0   1  -1   0  -1  -1   0   0   0  -4   0   0   17   5  10   2   0   6  10   5   2  11   4   5   1   2   3   6   4   0   3   4  0.09 0.13
  244 Q    -3  -5  -5  -6  -4   0  -5  -5  -5   3   3  -4   3   3  -4  -3  -2  -4  -1   3    1   0   0   0   0   5   0   1   0  19  26   1   8  11   1   2   2   0   2  21  0.69 0.41
  245 L    -1  -2   0   0  -3  -1   1  -2  -2   1   1  -2   3   1  -3   0   0   0   0   1    4   2   4   5   0   2  13   3   0   8  16   1   8   7   0   8   5   1   3   9  0.13 0.17
  246 A     1  -1   0   0  -4   0   1   4  -3  -2  -2  -1  -1  -3  -3   2   0  -3  -2  -2   10   3   5   5   0   5   8  28   0   2   4   3   2   1   0  14   5   0   1   3  0.31 0.26
  247 P    -1  -5  -2  -4  -6  -4  -5  -4   0   2  -1  -4  -2  -2   7  -3  -4   1  -1   0    5   0   2   1   0   1   0   2   2  12   7   1   1   2  51   2   1   2   3   6  1.22 0.64
  248 Y    -2  -3  -4  -5  -4  -3  -4  -4  -2   1   2  -5   3   4  -3  -4  -2  -1   6  -1    3   1   1   1   0   1   1   1   0   8  19   0   7  16   2   1   2   0  31   5  0.91 0.49
  249 Q     1  -1   0   2  -3   2   1  -1  -2  -1  -1  -1   0   0  -3   1   0   1   2  -1   11   2   4  11   0  13   9   4   0   4   6   3   2   4   1   9   4   2   8   3  0.13 0.17
  250 R     1   1   2   0  -4   1   1   0   0  -1  -2   2  -1  -3  -2   0   0  -4  -1  -1   12   8   9   4   0   8  11   7   2   5   4  12   1   0   1   8   4   0   2   4  0.15 0.15
  251 T     2  -3   0  -2  -4  -2  -2   2  -2  -2  -1  -2  -1  -3   0   2   4  -5  -2  -2   15   1   4   1   0   1   2  14   1   2   5   1   1   1   5  16  27   0   1   2  0.41 0.34
  252 G    -3  -3   2   1   1  -3  -4   6   0  -6  -5   0  -6  -5  -4  -2  -3  -1  -3  -6    1   1   9   8   3   1   1  58   2   0   1   7   0   1   1   2   1   1   1   0  1.20 0.61
  253 R    -3   5  -1  -1  -5   0  -4  -5  -3   0   2   0   1   2  -5  -4  -3  -2   2  -1    1  33   3   4   0   4   0   1   0   5  18   5   3   9   0   0   1   0   6   5  0.57 0.39
  254 N    -6  -4   8   2  -7  -4  -5  -1  -3  -7  -8  -5  -7  -7  -7  -1  -5  -8  -6  -4    0   1  76  11   0   0   0   4   0   0   0   0   0   0   0   5   0   0   0   1  2.32 1.03
  255 V    -3   0  -2  -4  -5  -3  -4  -5  -2   0  -2  -4   2  -2   6  -2  -3  -5   3   3    2   5   2   1   0   1   1   1   1   4   3   1   6   2  34   3   1   0  10  24  0.89 0.53
  256 Y    -7  -7  -6  -4  -5  -7  -7  -8  -2  -7  -5  -7  -2   2  -8  -7  -6  -4  10  -7    0   0   0   1   0   0   0   0   1   0   1   0   1   7   0   0   0   0  87   0  3.34 1.33
  257 D    -7  -7   0   8  -8  -6  -4  -7  -6  -6  -8  -6  -8  -6  -7  -6  -5  -9  -3  -4    0   0   4  91   0   0   0   0   0   0   0   0   0   0   0   0   0   0   1   2  2.87 1.19
  258 I    -3  -3  -7  -7  -5  -6  -6  -7  -4   7   1  -6   1  -1  -5  -4  -4   1  -1   3    2   1   0   0   0   0   0   0   0  52  11   0   3   2   1   1   0   2   2  21  1.34 0.64
  259 R    -3   8  -4  -5  -7  -2  -4  -6  -4  -7  -6  -1  -4  -7  -6   0   2  -7  -2  -6    2  68   0   0   0   1   1   0   0   0   1   2   0   0   0   8  13   0   1   0  1.86 0.89
  260 K    -1   2  -2  -1  -5   2   1  -1   2  -2  -1   4  -1  -4  -3  -2  -1  -5  -1  -2    6  10   1   3   0  10   9   4   5   2   6  32   2   1   1   2   4   0   2   3  0.44 0.34
  261 D    -3   0   0   1  -5   1   1  -3  -1  -4  -3   4  -1  -5   5  -2  -1  -6  -5  -2    1   4   5   8   0   5   7   2   1   1   2  22   2   0  30   3   4   0   0   3  0.71 0.44
  262 C    -2  -3  -3  -2  11  -6  -6  -4  -6  -4  -4  -6  -5  -6  -1   0  -4  -6   0  -5    4   2   1   2  70   0   0   2   0   1   2   0   0   0   3   6   1   0   3   1  2.65 1.01
  263 E    -1  -3   1   4  -3   0   4  -1  -1  -1  -3   0  -4  -4  -1   0   1  -5  -4  -2    4   0   5  22   0   4  25   4   1   5   2   6   0   0   3   7   8   0   0   2  0.46 0.32
  264 G     0  -2   1   3   1  -1   0   2  -1  -2  -2  -1  -2  -3   0   0   1  -2  -2   0    6   2   6  18   3   2   5  20   1   3   3   2   1   1   4   7   8   0   1   8  0.22 0.17
  265 G    -1  -3   1   3  -4  -2   0   4  -3  -4  -3  -2  -4  -2   3   1  -1  -3  -4  -3    5   1   6  15   0   1   7  29   1   1   3   2   0   2  14  10   3   0   0   2  0.51 0.34
  266 N    -2  -3   3   3  -3   0   0   1  -1  -4  -4  -2   0  -3   3   2   1  -5  -4  -3    2   1  15  16   0   3   4   9   1   1   1   2   3   1  15  13  10   0   0   2  0.44 0.32
  267 L    -2  -3   0   1  -3  -3  -2  -1  -2   0   4  -3   2   0  -1  -2  -1  -1  -3  -2    4   1   5   8   0   1   2   4   1   4  46   1   5   3   4   3   4   1   0   2  0.44 0.29
  268 C    -4  -5  -2  -4  11  -5  -5  -5  -4  -5  -4  -5  -5  -1   1  -3  -2   2  -5  -4    1   1   2   1  69   1   1   1   1   1   2   1   0   3   7   2   3   3   0   1  2.67 0.95
  269 Y    -5  -5  -4  -3  -4  -5  -4  -4  -2  -3  -4  -4  -2   1   0  -4  -4  -2   9  -4    1   1   1   2   0   0   1   2   1   1   1   1   1   5   6   2   1   0  72   1  2.27 0.92
  270 P     0  -1  -1   1  -3  -1   0  -1  -3  -1  -2   1  -3  -2   5   0  -1  -3  -2  -1    7   3   3   8   0   2   6   4   1   3   4   8   1   2  34   6   4   0   1   4  0.55 0.28
  271 T    -2  -3   1   4  -5   1   3   0  -1   1  -3  -2  -2  -4   2  -1  -2  -5   0  -2    3   1   5  22   0   6  22   6   1   8   2   1   1   0   9   4   2   0   4   3  0.43 0.32
  272 L    -1  -3  -1  -1  -4  -2  -1  -2  -2   0   1  -3   4   4   1  -1   1  -3  -1   0    4   1   3   4   0   2   4   3   1   6  14   1  14  18   8   5   9   0   1   5  0.30 0.25
  273 Q     0  -1   0   2  -4   0   1   1  -2  -3  -3   1  -3  -4   2   2   1  -5  -3  -2    7   3   4  11   0   4   7   9   1   1   3   9   0   0   9  20   9   0   0   2  0.28 0.24
  274 D     0  -1   2   2  -5  -1  -3  -2   2  -4  -2  -1  -3  -1  -1  -1   0   6   5  -3    8   4  12  13   0   2   1   3   6   0   4   4   0   2   4   4   6  10  19   1  0.52 0.36
  275 I    -2  -6  -6  -6  -5  -5  -6  -4  -5   6   1  -5   4   0  -4  -3  -2  -2   2   3    4   0   0   0   0   0   0   1   0  43  11   0   8   4   1   1   2   1   6  16  0.97 0.50
  276 D     0  -1   0   2  -5   1   4  -2  -1  -3  -3  -1  -3  -4  -3   1   2  -5  -2  -1    7   3   4  12   0   7  26   3   1   1   3   3   0   0   1   9  15   0   1   4  0.41 0.33
  277 D     1   0   1   2  -4   1   1  -2  -1  -3  -3   3  -3  -3   0   0   2  -5  -4  -2   10   5   7  12   0   6   9   2   1   1   2  19   0   1   5   5  13   0   0   2  0.30 0.26
  278 Y    -7  -7  -7  -8  -7  -7  -7  -8  -4  -5  -1  -7  -5   6  -8  -7  -7   4   9  -6    0   0   0   0   0   0   0   0   0   0   5   0   0  30   0   0   0   5  58   0  2.59 1.08
  279 L    -4  -6  -7  -8  -6  -6  -7  -8  -7  -1   6  -7   4  -1  -5  -6  -5  -6  -5  -2    1   0   0   0   0   0   0   0   0   3  82   0   8   2   1   0   0   0   0   2  1.88 0.86
  280 N     0   0   8   1  -7   1  -4  -3  -2  -6  -7  -3  -5  -7  -6   0  -1  -8  -6  -7    7   5  60   7   0   5   0   1   1   0   0   1   0   0   0   7   4   0   0   0  1.56 0.80
  281 Q    -2   4   2   0  -5   3  -1  -4  -3  -4   1   1  -1  -3  -4   2   0  -5  -4  -4    2  19   8   6   0  15   2   0   0   0  15   9   1   1   0  14   6   0   0   0  0.46 0.38
  282 D     1  -1  -1   1  -6   0   1  -4  -3  -5  -6   1  -5  -7   6  -1   0  -7  -6  -5   12   3   3   9   0   3   8   1   1   1   0   9   0   0  41   5   5   0   0   0  0.97 0.56
  283 Y     0  -2  -1   4  -5  -1   2  -3   1  -5  -4   0  -5  -3  -3   3   1   0  -1  -4    9   2   2  21   0   2  16   2   3   0   1   5   0   1   1  23   7   1   2   1  0.50 0.39
  284 V    -4  -5  -2  -7  -5  -6  -7  -7  -5   2  -2  -6  -2  -1  -7  -5   2  -7  -5   7    1   1   2   0   0   0   0   0   0   9   2   0   1   3   0   0  13   0   0  68  1.65 0.81
  285 K    -4   5  -4  -5  -7   4  -3  -5  -2  -2  -2   4   4  -4  -6  -4  -3   3  -4  -1    1  28   0   0   0  21   0   1   1   3   4  22  10   1   0   0   1   4   0   4  1.01 0.61
  286 E     1   1   0   1  -4   2   3  -3  -1  -4  -4   3  -4  -6  -4   1  -1  -6  -4  -4   13   6   4   9   0   8  21   1   1   1   1  18   0   0   0  11   3   0   0   1  0.51 0.38
  287 A     5  -2  -3  -3  -5   0   0  -3  -3  -2  -1   1  -2  -2  -5   0   0  -6  -1  -2   54   2   1   1   0   4   5   1   0   2   6   7   1   1   0   6   5   0   2   2  0.74 0.51
  288 V    -5  -7  -8  -8  -6  -7  -7  -8  -7   4   6  -7  -2  -2  -7  -7  -5  -6  -5   0    0   0   0   0   0   0   0   0   0  23  69   0   0   1   0   0   0   0   0   5  1.74 0.80
  289 G    -5  -7   1  -5  -7  -6  -5   7   1  -9  -9  -6  -8  -8  -6  -2  -6  -8  -8  -8    0   0   7   0   0   0   1  85   3   0   0   0   0   0   0   3   0   0   0   0  2.32 1.01
  290 A     4  -6  -6  -7  -5  -4  -6  -5  -7   1  -3  -3  -4  -6  -5  -3  -2  -7  -6   6   29   0   0   0   0   1   0   1   0   6   2   1   0   0   0   2   2   0   0  56  1.40 0.74
  291 E    -3  -1   2   4  -5   2   3   0   1  -5  -5   0  -4  -5   2  -1  -2  -5  -5  -4    1   3   9  21   0   8  23   8   3   0   1   4   0   0   9   5   2   0   0   1  0.60 0.39
  292 V     0  -1   0   1  -3  -2  -2   0  -2   0  -1  -2  -2  -2   3   0   1  -4  -3   2    7   3   5   9   0   2   2   6   1   5   5   2   0   1  16   6   9   0   0  20  0.24 0.21
  293 D    -1   1   1   2  -4   0  -1   1   2   0  -3   2  -2  -4  -1   2   0  -4  -3  -2    3   9   5  12   0   3   3  10   5   7   2  13   1   0   2  17   5   0   0   3  0.22 0.21
  294 H    -2   0   4   0  -5   0   1  -3   0  -3  -4   2  -3  -3   0   1   2  -3   0  -2    3   3  23   4   0   4   9   2   2   1   1  14   0   1   4  10  14   0   3   3  0.41 0.33
  295 Y    -7  -7  -6  -9  -8  -7  -8  -8  -2  -6  -6  -5  -5   7  -8  -7  -4   9   7  -6    0   0   0   0   0   0   0   0   1   0   0   1   0  36   0   0   2  30  30   0  2.68 1.10
  296 E     0  -1   0  -1  -5   3   2  -3  -1  -3  -4   0  -2  -5  -4   2   3  -6  -4   1    6   3   4   3   0  14  13   2   1   1   1   6   1   0   0  15  19   0   0  11  0.42 0.37
  297 S     0  -3  -1  -2  -4   0   3   1  -3  -1  -2  -3   2  -2  -1   3   0   1  -2  -2    5   1   2   2   0   3  19  10   0   3   4   0   6   2   3  28   5   2   1   3  0.37 0.35
  298 C    -3  -6  -1  -3  10  -6  -4  -5  -3  -1  -3  -7  -4  -4  -7   0   0  -7  -3  -1    2   0   3   2  64   0   1   1   1   3   3   0   0   1   0   8   5   0   1   5  2.33 0.97
  299 N    -1  -4   6   0  -6  -4  -4  -4  -3  -6  -7  -3  -6  -7  -1   5  -2  -7  -6  -4    5   1  40   5   0   0   0   1   0   0   0   1   0   0   4  39   1   0   0   1  1.41 0.78
  300 F    -2  -1   2   3  -4  -1   0   0  -1  -3  -2  -1   3   1   1   0   1   2   0  -3    3   4  10  16   0   2   5   8   1   1   2   3  11   6   6   8   8   3   3   1  0.24 0.25
  301 D     1  -1   1   4  -5   1   2   0  -2  -4  -3   0  -2  -3  -1   0   1  -3  -3  -2   13   3   5  24   0   6  13   6   1   1   3   5   1   1   3   4  11   0   0   2  0.35 0.29
  302 I    -3  -7  -7  -7  -5  -7  -7  -7  -7   3  -2  -7  -4  -5   0  -5  -3  -7  -4   7    2   0   0   0   0   0   0   0   0  16   3   0   0   0   5   1   2   0   1  71  1.78 0.83
  303 N    -1  -4   4  -3  -5  -3  -1   1   3  -3  -3  -3   0   1  -5   0  -2  -1   6  -4    5   0  23   1   0   1   4  11   6   1   2   1   2   6   0   6   2   1  27   1  0.77 0.49
  304 R     1   2   1   2  -4   2   0  -1  -1  -1  -1  -1   0  -2  -3   1   0  -1   0  -2   12  13   6  11   0  10   6   3   1   3   7   3   3   2   0  10   5   1   3   2  0.16 0.18
  305 N     4   1   3   1  -5   0  -1   0   0  -5  -2   0   0  -5  -3  -1  -2  -6  -3  -4   33   9  17   8   0   3   3   8   2   0   4   4   2   0   1   2   2   0   1   0  0.47 0.38
  306 F    -6  -6  -7  -8  -7  -7  -7  -7  -6  -4  -1  -7   4   9  -8  -7  -6   1  -1  -5    1   0   0   0   0   0   0   0   0   1   5   0   8  80   0   0   0   2   1   0  2.73 1.08
  307 L     1   0   0   0  -3   1   0  -1   1   0   1  -2   1   0  -3   0   0   0   0   0   17   4   3   5   0   7   6   4   3   6  14   1   4   4   0   8   5   1   4   4  0.06 0.11
  308 F     1   0  -1  -1  -3   1  -1  -1  -1  -1   1   0   1   2  -2   0   0  -3   0   0   17   6   3   3   0   6   4   3   1   2  14   7   5   9   1   8   5   0   2   5  0.08 0.12
  309 A     1   0   1   0  -2   1  -1  -1   1  -2  -2   0  -1  -3  -2   2   4  -3  -2  -2   10   4   6   4   1   8   2   4   4   2   3   4   1   1   1  13  28   0   1   3  0.32 0.25
  310 G    -1  -2   1  -2  -4  -2  -3   6   0  -4  -1  -2   0  -2  -3  -1  -2  -1  -1  -3    5   2   6   3   0   2   2  54   2   1   8   2   2   1   1   3   2   1   2   2  0.83 0.40
  311 D    -6  -5  -4   8  -7  -2  -1  -6  -4  -7  -7  -5  -7  -7  -5  -4  -5  -7  -7  -7    0   1   0  89   0   2   3   0   0   0   0   0   0   0   1   1   1   0   0   0  2.70 1.10
  312 W    -2  -3  -1  -1  -5  -2   0   1   0  -1  -1  -3   1   3  -3  -1  -3   9   1  -2    3   1   3   4   0   2   6  11   2   3   5   2   4  10   2   4   1  29   5   2  0.89 0.48
  313 M     1  -4  -2  -5  -5  -2  -3  -2  -4  -1  -1  -5   8   1  -3   1  -2   0   1   0   13   0   2   1   0   2   2   3   0   3   4   0  38   6   1   9   2   1   5   7  0.90 0.55
  314 K    -3   4  -3  -4  -5   1  -2  -4   4  -2  -1   3   0   1  -5  -2  -1   0   0  -1    2  27   0   1   0   6   2   1  10   2   7  19   3   6   0   2   3   1   4   6  0.56 0.38
  315 P    -4  -3   5   1  -6  -3  -2  -4  -4  -6  -6  -4  -5  -7   6   3   0  -7  -5  -5    0   1  24   8   0   1   3   1   0   0   1   0   0   0  34  20   6   0   0   0  1.21 0.67
  316 Y    -1  -4  -2  -5  -3  -4  -4  -5  -1  -2   0  -4  -1   5  -4   3   2  -1   4  -2    5   1   2   0   0   0   0   0   1   1   9   0   1  23   1  24  13   1  14   2  0.72 0.48
  317 H     1   1   0   0  -4   3   1  -2   3  -1   0   0   0  -3  -3   0   0  -1  -1   0   10   6   3   4   0  14  11   2   9   3  10   3   2   0   1   5   6   1   2   7  0.16 0.19
  318 T     0   1  -1   0  -4   2   0  -1   1  -3  -2   0  -3  -1   3   0   0   0   1   0    8   7   2   6   0  11   6   3   4   1   4   6   0   3  16   5   4   2   6   7  0.20 0.19
  319 A    -1  -3  -2   3  -5   1  -1  -1   2  -3   1   0  -1   1  -3  -2  -1   0   5  -2    5   1   2  16   0   7   4   5   5   0  14   5   1   4   1   2   5   1  21   2  0.35 0.30
  320 V    -4  -6  -7  -7  -5  -6  -7  -7  -7   4   4  -6  -2  -2  -6  -6  -3  -6  -4   5    1   0   0   0   0   0   0   0   0  20  32   0   1   1   0   0   1   0   0  43  1.35 0.65
  321 T     3  -3  -2  -3  -5   0   2  -1  -3  -3  -4  -1  -5  -6   5   1   0  -6  -5  -2   25   1   2   0   0   3  14   4   0   2   2   4   0   0  27   8   4   0   0   2  0.69 0.46
  322 D     2  -1   0   2  -4   0   3   1  -1  -4  -3   0  -3   0   0   0   0  -2   2  -3   17   2   4  11   0   3  18   9   1   0   2   4   0   3   4   5   6   0   8   1  0.25 0.24
  323 L    -4  -6  -7  -7  -5  -4  -6  -7  -7   2   6  -6   2  -4  -6  -6  -2  -6  -4   3    1   0   0   0   0   1   0   0   0  12  63   0   3   0   0   0   2   0   0  18  1.38 0.66
  324 L    -3  -6  -7  -7  -5  -6  -7  -7  -7   3   6  -6  -2  -4  -7  -6  -4  -6  -5   1    2   0   0   0   0   0   0   0   0  13  74   0   0   0   0   0   1   0   0   7  1.65 0.75
  325 N     0  -4   4   3  -6   1   5  -4  -2  -5  -6   0  -5  -6  -4  -1  -4  -6  -3  -6    8   0  17  18   0   5  39   1   1   1   1   5   0   0   0   3   1   0   1   0  1.01 0.58
  326 Q     1   3   1   3  -5   1  -1  -3   2  -5  -4   1  -2  -5  -4   2  -2  -5  -2  -5   14  19   6  16   0   6   3   1   5   0   2   7   1   0   0  17   2   0   1   0  0.50 0.37
  327 D    -3  -3   1   1  -5  -1  -2   6  -3  -6  -6   0  -5  -6  -3  -2  -4  -5  -5  -6    1   2   7   8   0   3   3  64   1   0   1   5   0   0   1   2   1   0   0   0  1.34 0.62
  328 L    -4  -7  -7  -7  -5  -6  -7  -7  -5   6   1  -5   0  -2  -7  -6  -3  -6  -1   5    1   0   0   0   0   0   0   0   0  41  12   0   2   1   0   0   1   0   2  40  1.47 0.68
  329 P    -4   6   0   0  -7   0  -3  -6   0  -7  -6   3  -6  -7   4  -3  -3  -7  -6  -6    1  44   4   5   0   3   1   0   2   0   0  15   0   0  21   2   1   0   0   0  1.33 0.69
  330 I    -1  -6  -7  -7  -5  -6  -6  -6  -7   1   0  -6   0  -1  -6  -5   1  -7  -4   7    5   0   0   0   0   0   0   0   0   5   7   0   2   2   0   0   8   0   0  69  1.55 0.75
  331 L    -4  -7  -7  -8  -6  -6  -7  -8  -4  -2   7  -7   2  -3  -7  -4  -4  -6  -6  -2    1   0   0   0   0   0   0   0   0   2  86   0   4   1   0   1   1   0   0   2  1.91 0.86
  332 V    -2  -6  -4  -7  -5  -5  -6  -7  -4   7   2  -6   0  -2  -6  -5  -3  -6  -5   4    3   0   1   0   0   0   0   0   1  53  14   0   2   1   0   1   1   0   0  22  1.39 0.64
  333 Y    -5  -7  -7  -8  -8  -5  -7  -8  -4  -7  -3  -7  -4   2  -8  -7  -7   6  10  -6    1   0   0   0   0   0   0   0   0   0   2   0   0   6   0   0   0   9  79   0  3.09 1.22
  334 A     5  -5   0  -1  -4   0  -4  -4  -1  -4  -5  -4  -4  -5  -5   1  -3  -6   0   2   54   0   5   4   0   4   0   0   1   0   0   0   0   0   0  10   1   0   4  15  0.97 0.59
  335 G    -5  -6  -6  -7  -8  -7  -7   8  -7  -9  -9  -7  -8  -8  -7  -6  -7  -8  -8  -8    0   0   0   0   0   0   0  99   0   0   0   0   0   0   0   0   0   0   0   0  2.96 1.17
  336 D    -2  -4   2   7  -3  -4   2  -6  -5  -7  -7  -3  -4  -7  -6  -3   0  -8  -7  -4    4   1  10  62   1   0  10   0   0   0   0   1   0   0   0   1   7   0   0   1  1.63 0.79
  337 K     4  -1  -1  -4  -2   0  -2  -4  -1  -4   0   2   0  -3  -5  -2  -1  -2   4  -2   37   2   4   0   1   3   2   0   1   0  11  14   2   1   0   1   4   0  13   2  0.54 0.42
  338 D    -7  -7  -4   9  -9  -6  -4  -5  -3  -8  -9  -6  -8  -9  -7  -6  -6  -9  -8  -8    0   0   0  97   0   0   0   1   1   0   0   0   0   0   0   0   0   0   0   0  3.19 1.25
  339 F    -4  -6  -6  -7  -6  -6  -7  -4  -4  -1   3  -6  -1   5  -7  -5  -5   7   6  -3    1   0   0   0   0   0   0   1   0   4  26   0   2  25   0   0   1  16  22   1  1.51 0.69
  340 I     0  -4  -2  -7  -5  -1  -5  -6  -6   7  -1  -5   4  -3  -6  -5  -3  -6  -2   2    7   1   2   0   0   3   0   0   0  58   5   0   8   1   0   0   1   0   1  10  1.33 0.64
  341 C    -5  -9  -8  -9  12  -9  -9  -6  -9  -7  -3  -9  -7  -6  -8  -5  -5  -8  -8  -3    1   0   0   0  92   0   0   1   0   0   3   0   0   0   0   1   0   0   0   2  4.17 1.43
  342 N    -6  -6   9  -2  -8  -4  -6  -5  -1  -8  -9  -6  -7  -8  -4  -3  -5  -9  -7  -8    0   0  92   2   0   0   0   0   1   0   0   0   0   0   1   2   0   0   0   0  3.05 1.23
  343 W    -3  -7  -8  -9  -8  -7  -8  -6   3  -6  -6  -8  -7   1  -8  -4   0  12   5  -7    3   0   0   0   0   0   0   1   6   0   0   0   0   5   0   1   6  62  15   0  3.16 1.21
  344 L     0  -2  -2  -4  -3  -2  -3  -4  -3   3   3  -2   3   2  -3  -4  -3  -3   0   2    7   3   2   1   0   1   1   1   1  15  30   2   8   8   1   0   0   0   3  15  0.46 0.30
  345 G    -2  -7  -6  -6  -7  -7  -7   8  -7  -8  -8  -7  -4  -8  -7  -2  -7  -8  -8  -5    4   0   0   0   0   0   0  92   0   0   0   0   0   0   0   2   0   0   0   1  2.59 1.05
  346 N    -4  -5   7  -4  -1  -1  -3   2  -4  -2  -5  -3  -1  -3  -6  -2   0  -7  -5   0    1   0  58   0   1   2   1  13   0   3   1   1   2   1   0   2   5   0   0   8  1.38 0.71
  347 K    -3   1  -3  -1  -6   2   5  -5   1  -2   1   2  -2  -2  -5   0  -3  -5   1  -4    1   7   0   3   0   8  34   0   4   2  15  12   1   1   0   7   1   0   5   1  0.58 0.42
  348 A     4   4   0  -2  -3   1   0  -3  -1  -4  -2   0  -1  -6  -4  -2  -3  -1  -3  -3   40  23   4   3   0   5   6   1   1   0   3   5   2   0   1   2   1   1   1   1  0.69 0.47
  349 W    -4  -7  -7  -8  -7  -7  -6  -6  -7  -2  -1  -7   4  -2  -8  -2  -3  12  -3   1    2   0   0   0   0   0   1   1   0   2   6   0   9   1   0   3   2  64   0   8  2.99 1.15
  350 T     1  -5  -5  -5  -2  -5  -5  -5  -6   0  -1  -5   2  -4  -4   1   5  -6  -5   4   13   0   0   0   1   0   0   0   0   5   5   0   5   0   0  10  32   0   0  28  0.87 0.54
  351 D    -3   0   3   3  -5  -1   2  -4   3  -3   2   1  -1  -4  -4  -1  -2  -5  -1  -4    2   4  14  17   0   3  14   0   8   1  20   8   1   0   0   5   2   0   2   1  0.43 0.34
  352 V     4   0   2   0  -5   0   1  -1   0  -5  -4   1  -4  -6  -4   1  -1  -6  -5  -3   42   4  10   4   0   4   7   3   2   0   1   9   0   0   0   9   3   0   0   1  0.61 0.44
  353 L    -3  -7  -8  -8  -6  -6  -7  -8  -7   0   6  -7   6  -2  -7  -7  -4  -6  -5   0    2   0   0   0   0   0   0   0   0   5  65   0  21   1   0   0   1   0   0   6  1.71 0.78
  354 P    -2  -2   2   3  -6   3   4  -4  -2  -3  -5   1  -4  -6   1  -1  -2  -5  -5  -2    3   2  10  15   0  11  32   1   1   2   0   7   0   0   8   4   2   0   0   3  0.70 0.45
  355 W    -7  -8  -3  -8  -5  -7  -8  -8   0  -6  -7  -8  -7  -1  -8  -3   1  12   3  -8    0   0   2   0   0   0   0   0   2   0   0   0   0   2   0   2   9  73   8   0  3.68 1.34
  356 K    -1   0   0  -1  -4   0  -1  -3   0  -3  -4   2  -4  -2   2   3   2  -5  -1  -3    5   3   4   3   0   4   3   1   3   2   1  15   0   2  11  27  12   0   2   1  0.42 0.35
  357 Y    -3  -3  -2  -2  -7  -2  -4   6   4  -7  -5  -2  -5   3  -6  -3  -5  -6   1  -6    1   1   1   3   0   2   1  63   9   0   1   2   0  10   0   1   0   0   4   0  1.44 0.69
  358 D     0   1   0  -4  -6   6  -2  -1   4  -6  -4   3  -3  -6  -3   1  -1  -6  -4  -5    6   5   4   0   0  33   1   5  11   0   1  16   0   0   1  12   4   0   0   0  0.83 0.53
  359 E     2  -1  -1   2  -5   1   3  -2  -2  -3  -4   2  -4  -4   0   1   0  -5  -3  -3   17   2   2  12   0   4  19   2   1   1   1  15   0   0   4   9   7   0   0   1  0.39 0.32
  360 E     2  -2  -2   2  -5   1   5   1  -2  -4  -3   0  -5  -4  -3  -1  -1  -6  -5  -4   17   1   1   9   0   7  35  11   1   1   2   5   0   0   1   4   3   0   0   1  0.61 0.43
  361 F    -7  -8  -8  -9  -8  -8  -8  -9  -6  -4  -2  -8  -4   9  -9  -8  -7   2   5  -6    0   0   0   0   0   0   0   0   0   1   3   0   0  77   0   0   0   2  17   0  2.86 1.10
  362 A     2   2   4  -2  -5   2   0  -1   0  -3  -2   0  -4  -5  -4   0   0  -5  -3   0   16  12  22   1   0   8   6   4   2   0   3   6   0   0   0   6   4   0   0   8  0.37 0.31
  363 S     3   0   1  -1  -4   1   0  -2  -2  -4  -4   3  -3  -4  -3   2  -1  -6  -3  -3   30   5   8   3   0   5   5   3   1   0   1  16   0   1   0  15   4   0   1   2  0.44 0.35
  364 Q     5  -1  -4  -4  -5   4  -1  -3  -3  -4  -2   1  -3  -6  -5   1   1  -6  -5  -1   43   3   0   1   0  18   4   1   0   1   4   7   0   0   0   9   7   0   0   4  0.74 0.51
  365 K    -1  -2  -1   0  -6   1   3   0  -3  -5  -5   2  -4  -5   5   0  -1  -5  -5  -4    5   2   2   4   0   5  17   7   0   0   1  11   0   0  33   5   4   0   0   1  0.75 0.46
  366 V    -2  -1  -1   0  -4  -2   0  -5  -3  -1   3  -1   2   3  -2  -1   0   3   2   0    2   3   3   6   0   1   6   0   0   3  28   3   6  13   2   3   5   4   8   4  0.29 0.24
  367 R     0   4  -2  -3  -5   2   1  -3   1  -2  -2   3  -2  -5  -4   0   1  -5  -2   0    6  20   2   0   0   9   8   1   3   2   4  18   1   0   0   6  11   0   1   8  0.40 0.32
  368 N    -1  -4   2   3  -6  -2   2  -3  -3  -4  -4   0  -4  -6   5   0  -2  -7  -4  -3    5   0  11  16   0   1  12   1   1   1   1   6   0   0  33   7   2   0   0   2  0.86 0.50
  369 W    -6  -7  -7  -7  -6  -6  -7  -7  -5  -3   0  -7   0   5  -7  -7  -6  11   4  -3    0   0   0   0   0   0   0   0   0   2   9   0   2  21   0   0   0  52  10   2  2.69 1.01
  370 T    -2  -1  -2  -3  -2  -2  -2  -2  -1   1   0   0   1   0  -3   0   4  -2   2   2    2   3   2   1   1   1   2   2   1   8   7   7   4   4   1   5  26   1   7  14  0.26 0.21
  371 A     0  -1   0   0  -1   0   0   0   0   0   0   0   0  -1   0   1   1  -1   0   0   10   3   5   4   1   2   4   5   3   7  10   4   3   3   4  10  11   1   3   6  0.03 0.02
  372 S     0   0   1   0  -2   1   1   0   1  -1  -1   1  -1  -1   0   1   0  -1  -1  -1    9   3   6   5   1   5  10   7   3   3   7   9   1   3   4  13   4   1   2   4  0.07 0.05
  373 I    -2  -3  -2  -1  -3  -3  -1   0  -4   1   0  -2  -2   0  -2  -1  -2  -4  -3   5    3   1   2   3   0   1   4   7   0   5   6   3   0   4   2   4   2   0   1  51  0.62 0.36
  374 T    -2  -1   4   5  -4  -2   0   1   0  -5  -5  -1  -5  -5  -4   1   0  -4  -4  -5    3   3  17  33   0   1   6  12   2   0   1   3   0   0   1   9   7   0   0   0  0.71 0.41
  375 D    -3  -3   0   0  -6  -5  -3   7  -2  -5  -6  -2  -6  -6  -5  -3  -4  -6  -6  -6    2   1   5   5   0   0   1  74   1   1   1   3   0   0   1   2   1   0   0   1  1.70 0.74
  376 E     0   1  -1  -1  -5   2   3  -3   0  -2  -4   4  -3  -5  -4   0   1  -2  -3   1    6   8   2   2   0   7  18   1   3   2   1  25   0   0   0   5   8   1   0  10  0.43 0.33
  377 V     1   0  -1  -1  -4   0   3  -4   1   0  -3   2  -3  -4   2  -1   0  -1  -3   2   10   4   2   3   0   4  18   0   3   6   1  13   0   0   9   5   6   1   0  14  0.25 0.24
  378 A     6  -4  -5  -5  -5  -4  -5  -1  -3   0  -3  -2  -2  -1  -5  -2  -2  -3   3   2   57   1   0   0   0   0   0   4   1   4   2   2   1   2   0   1   1   0   9  13  0.99 0.59
  379 G    -2  -8  -6  -7  -8  -7  -7   8  -7  -9  -9  -7  -8  -8  -7  -5  -7  -8  -8  -8    3   0   0   0   0   0   0  97   0   0   0   0   0   0   0   0   0   0   0   0  2.84 1.12
  380 E    -1   1  -1  -1  -4   2   3  -4  -2  -1   1   1   0  -2  -4  -1   0   1  -1   0    3   6   2   2   0  10  24   0   1   3  14   9   2   2   0   5   7   2   2   6  0.27 0.26
  381 V    -2  -4  -5  -6  -5  -4  -4  -4  -4   1   0  -4   0   3  -6  -3   2   2   3   4    3   1   0   0   0   1   1   1   0   8   7   0   2  10   0   1  15   2  12  35  0.72 0.44
  382 K    -5   6  -2  -5  -8   2  -4  -7  -4  -5  -7   6  -5  -8  -6  -5  -4   0  -6  -7    0  34   1   0   0   8   0   0   0   1   0  52   0   0   0   0   1   1   0   0  1.81 0.86
  383 S     0  -3   4  -3  -5   1   1  -1   0  -5  -6  -2  -4  -6  -5   4   2  -6  -3  -5    8   0  18   0   0   6  11   4   2   0   0   2   0   0   0  35  13   0   1   0  0.78 0.53
  384 Y     4  -5  -4  -4  -5  -4  -4  -3   4  -3  -3  -4  -4   2  -5   0  -2  -1   5   2   33   0   0   1   0   0   1   2   8   1   1   1   0   9   0   7   2   1  19  15  0.79 0.51
  385 K    -2   0   1   2  -6  -1   0   5   0  -7  -7   1  -5  -7  -5  -1  -4  -6  -4  -6    2   6   6  12   0   3   6  48   2   0   0  10   0   0   0   5   0   0   0   0  0.97 0.53
  386 H    -3   1   6  -2  -6  -1  -3   2   2  -5  -3   0  -4  -6   2  -2   0  -7  -5  -5    2   7  40   1   0   2   1  17   4   1   2   6   0   0  10   2   6   0   0   0  0.88 0.53
  387 F    -6  -7  -8  -7  -6  -7  -8  -8  -7  -2   5  -7  -2   7  -8  -7  -6  -5  -2  -1    0   0   0   0   0   0   0   0   0   1  53   0   0  40   0   0   0   0   1   4  1.85 0.81
  388 T     2  -4  -2  -5  -5  -2  -5  -5  -3  -5  -6  -3  -5  -7  -5   4   6  -7  -6  -4   13   1   2   0   0   1   0   0   1   0   0   1   0   0   0  29  51   0   0   1  1.45 0.79
  389 Y    -7  -8  -8  -9  -7  -8  -8  -8  -6  -5  -1  -8  -1   9  -9  -7  -7   4   5  -5    0   0   0   0   0   0   0   0   0   0   4   0   1  71   0   0   0   4  19   0  2.66 1.03
  390 L     2  -5  -6  -6  -4  -3  -6  -5  -5   0   4  -5   2  -2  -6  -4  -1  -6  -3   4   21   0   0   0   0   1   0   0   0   4  36   0   5   1   0   0   4   0   1  26  0.84 0.49
  391 R    -4   6  -3  -5  -7   2  -1  -6  -5  -2  -4   2  -5  -5  -6  -3   3  -3  -5  -3    0  49   1   0   0   8   4   0   0   2   2  11   0   0   0   1  20   0   0   1  1.26 0.67
  392 V    -5  -7  -8  -8  -5  -7  -7  -8  -8   5  -1  -7   0   1  -7  -6  -5  -7  -4   6    0   0   0   0   0   0   0   0   0  29   4   0   2   5   0   0   0   0   0  60  1.77 0.78
  393 F    -3  -2  -2   1  -7  -3  -2  -7   4  -5  -4  -3  -5   5  -7  -4  -5  -1   7  -4    3   3   2  10   0   1   3   0  10   0   1   1   0  21   0   1   0   1  43   1  1.50 0.71
  394 N    -1  -2   3   3  -6   1   3   4  -3  -7  -6  -1  -6  -7  -5  -3  -4  -7  -5  -6    5   1  16  18   0   6  21  28   0   0   0   3   0   0   0   1   0   0   0   0  0.92 0.52
  395 G     7  -6  -6  -7  -6  -6  -6  -1  -7  -7  -7  -6  -6  -7  -6   1  -5  -8  -7  -5   86   0   0   0   0   0   0   3   0   0   0   0   0   0   0  10   0   0   0   0  2.14 0.99
  396 G    -5  -8  -6  -7  -8  -7  -7   8  -7  -9  -9  -7  -8  -9  -7  -2  -7  -8  -8  -9    0   0   0   0   0   0   0  97   0   0   0   0   0   0   0   3   0   0   0   0  2.84 1.11
  397 H    -8  -6  -5  -7  -9  -6  -6  -8  12 -10  -9  -7  -8  -7  -8  -7  -8  -9  -4  -9    0   0   0   0   0   0   0   0 100   0   0   0   0   0   0   0   0   0   0   0  4.52 1.55
  398 M    -5  -4  -7  -5  -4  -2   3  -4  -6  -4   0  -5  10  -1  -7  -4  -4  -4  -5  -4    1   1   0   0   0   2  19   2   0   0   9   0  62   2   0   1   1   0   0   0  2.18 0.97
  399 V     1  -7  -8  -8  -4  -7  -7  -7  -8  -1  -3  -7  -1  -6  -6  -6  -3  -8  -6   7   12   0   0   0   0   0   0   0   0   2   2   0   1   0   0   0   1   0   0  81  2.04 0.90
  400 P    -3  -8  -6  -6  -8  -7  -7  -5  -8  -8  -7  -7  -5  -6   9  -3  -5  -9  -8  -8    3   0   0   0   0   0   0   1   0   0   0   0   0   0  92   2   1   0   0   0  3.19 1.25
  401 F     1  -3  -5  -6  -6   0  -3  -4   4  -4  -1  -3   6   3  -6  -3  -2   0   6  -3   13   1   0   0   0   4   1   1   9   0   5   1  21  10   0   1   2   1  28   1  1.04 0.57
  402 D    -6  -6   1   8  -8  -5  -3  -5  -3  -7  -8  -5  -7   0  -7  -4  -5  -6   5  -7    0   0   5  70   0   0   1   0   0   0   0   0   0   3   0   1   0   0  18   0  2.18 0.93
  403 V    -5   1  -4  -4  -8   8  -3  -7  -3  -6  -6   3  -3  -5  -5  -5  -4  -4  -2  -3    0   6   0   1   0  66   1   0   0   0   1  19   1   1   0   0   1   0   1   2  1.99 0.94
  404 P    -5  -5  -7  -6  -8  -7  -7   0  -7  -8  -8  -6  -8  -9   9  -5  -6  -9  -8  -8    1   1   0   0   0   0   0   7   0   0   0   0   0   0  91   1   0   0   0   0  3.13 1.21
  405 E     1   1  -4   0  -6   2   5  -5  -3  -3  -4   3  -4  -6  -4  -3  -3  -6  -5   1   12   6   0   4   0   8  39   0   0   1   2  17   0   0   0   1   0   0   0   9  0.79 0.50
  406 N     4  -1   2  -4  -4  -1   2  -2  -2  -2  -2  -3  -4  -4  -3  -1  -1  -6  -4   2   37   3  11   0   0   2  15   2   1   1   3   0   0   0   1   3   2   0   0  17  0.57 0.42
  407 A     6  -6  -4  -6  -5  -5  -5  -2  -6  -5  -5  -5  -4  -7  -5   4   1  -7  -6  -5   56   0   0   0   0   0   0   2   0   0   1   0   0   0   0  33   7   0   0   0  1.48 0.77
  408 L    -4  -1  -6  -8  -6  -3  -6  -8  -6  -2   6  -6  -2   1  -7  -2  -5  -4  -1  -3    1   3   0   0   0   1   0   0   0   1  82   0   0   5   0   3   0   0   2   1  1.66 0.76
  409 S     2  -3  -2   4  -6   3   4  -4   0  -5  -5  -2  -3  -3  -5  -2  -1  -6  -1  -2   18   1   1  24   0  14  27   0   2   0   1   1   0   1   0   2   3   0   2   3  0.76 0.48
  410 M    -3  -6  -7  -8  -6  -6  -7  -8  -2   1   3  -6   9   2  -7  -6  -5  -6  -2   0    3   0   0   0   0   0   0   0   1   6  23   0  52   9   0   0   0   0   2   5  1.89 0.83
  411 V    -3  -6  -7  -7  -5  -6  -7  -7  -6   4   3  -6   1   6  -7  -6  -3  -3  -1   3    2   0   0   0   0   0   0   0   0  19  26   0   3  31   0   0   1   0   1  17  1.15 0.54
  412 N    -3   1   6   1  -6   2   0  -4  -1  -4  -5   1  -4  -5  -5   0   2  -4  -4  -4    1   9  38   6   0   7   7   0   1   1   1   9   0   0   0   7  11   0   0   1  0.84 0.50
  413 E    -3   7  -1  -3  -6   4  -2  -5  -3  -6  -5   2  -5  -7  -6   1  -1  -7  -5  -6    2  52   3   1   0  17   2   0   1   0   1   9   0   0   0   9   3   0   0   0  1.34 0.68
  414 W    -5  -8  -8  -9  -7  -7  -8  -8  -7   0  -5  -8  -5   5  -9  -7   0  11  -3  -1    1   0   0   0   0   0   0   0   0   4   1   0   0  24   0   0   7  57   0   5  3.00 1.11
  415 I    -5  -6  -5  -7  -5  -6  -7  -7  -7   5   4  -6   6  -1  -7  -6  -1  -6  -5   1    0   0   0   0   0   0   0   0   0  31  38   0  18   2   0   0   4   0   0   7  1.31 0.61
  416 H     2   1   2   0  -4   3  -1   1   2  -5  -4   0  -3  -2  -4   2  -1  -4  -1  -4   18   8  12   4   0  15   2   9   5   0   0   5   0   2   0  16   2   0   2   0  0.39 0.31
  417 G    -2  -6  -1  -3  -6  -4  -5   7  -2  -7  -7  -3  -6  -7  -6  -4  -5  -7  -7  -2    2   0   3   2   0   0   0  85   1   0   0   1   0   0   0   0   0   0   0   4  2.04 0.77
  418 G    -3  -2   2   4  -6  -2   4   1  -3  -6  -6   4  -5  -6  -3   0  -1  -6  -5  -5    0   1   8  22   0   0  27  10   0   0   0  23   0   0   1   5   3   0   0   0  0.79 0.42
  419 F    -4  -1  -2  -6  -4  -3  -5  -6   1   1   3  -4  -1   3  -5  -4  -4   7   5  -2    0   4   2   0   0   0   0   0   4   8  36   0   0  10   0   0   0  16  19   1  0.95 0.39
  420 S     3  -2   2  -1  -3  -1  -2   1  -2  -3  -3   0  -3  -4  -3   3   2  -1  -4  -3   24   0  11   2   0   2   0   9   1   0   3   4   0   0   0  31  13   1   0   0  0.46 0.26
  421 L    -3  -4  -5  -5  -3  -4  -5  -5  -4   1   4  -4   2   6  -5  -4  -3  -2   0  -1    0   0   0   0   0   0   0   0   0   4  46   0   5  44   0   0   0   0   0   1  1.00 0.27

                      K         Lambda
Standard Ungapped    0.1384     0.3184
Standard Gapped      0.0573     0.2670
PSI Ungapped         0.1872     0.3133
PSI Gapped           0.0573     0.2670
