
Last position-specific scoring matrix computed, weighted observed percentages rounded down, information per position, and relative weight of gapless real matches to pseudocounts
            A   R   N   D   C   Q   E   G   H   I   L   K   M   F   P   S   T   W   Y   V   A   R   N   D   C   Q   E   G   H   I   L   K   M   F   P   S   T   W   Y   V
    1 I    -3  -4  -5  -5  -3  -4  -5  -5  -5   5   2  -4   2  -2  -5  -4  -2  -4  -3   4    0   0   0   0   0   0   0   0   0  39  21   0   6   0   0   0   0   0   0  34  0.90 0.27
    2 I    -1   2   0  -3  -4   2   0  -3  -2  -1  -3   5  -3  -4  -2  -1   3  -5  -4  -1    3  12   3   0   0   7   4   0   1   4   0  41   0   0   1   1  19   0   0   4  0.57 0.27
    3 A     5  -4  -4  -4  -4  -3  -3  -3  -5  -3  -4  -3  -4  -2   6  -2  -3  -6  -4   0   50   0   0   0   0   0   0   1   0   1   0   1   0   2  39   0   0   0   0   6  1.27 0.43
    4 N    -4  -4   6   6  -6  -2  -2  -4   2  -6  -6  -3  -5  -6  -5  -2  -2  -7  -5  -6    0   0  45  47   0   0   0   0   5   0   0   0   0   0   0   1   1   0   0   0  1.64 0.50
    5 A     2  -4  -5  -5  -3  -4  -4  -4  -5   3   1  -4   0   0  -4  -3  -2  -4  -2   5   23   0   0   0   0   0   0   0   0  14  13   0   1   4   0   1   1   0   1  42  0.66 0.29
    6 V    -3  -5  -5  -5  -4  -5  -5  -6  -6   3  -2  -4  -2  -4  -5  -3   3  -6  -4   6    0   0   0   0   0   0   0   0   0  13   0   0   0   0   0   1  19   0   0  66  1.27 0.46
    7 V    -4  -6  -6  -7  -4  -6  -6  -7  -7  -1  -3  -6  -3  -4  -6  -5  -3  -6  -5   8    0   0   0   0   0   0   0   0   0   0   0   0   0   0   0   0   0   0   0 100  2.20 0.66
    8 A     6  -4  -2  -3  -2  -4  -4  -2  -5  -4  -5  -4  -4  -5  -4   2  -3  -6  -5  -3   83   0   1   1   0   0   0   1   0   0   0   0   0   0   0  12   0   0   0   0  1.50 0.54
    9 Q     1   0  -3  -3  -5   4  -1  -3  -2  -4  -2   5  -3  -5  -1  -1  -1  -2  -4  -4   13   2   0   0   0  24   0   0   1   1   5  45   0   0   3   2   3   1   0   0  0.81 0.37
   10 D    -5  -5   0   8  -7  -4  -2  -4  -3  -7  -7  -4  -7  -7  -5  -3  -4  -8  -2  -7    0   0   3  93   0   0   0   1   0   0   0   0   0   0   0   1   0   0   2   0  2.39 0.67
   11 G    -3  -4  -4  -4  -6  -5  -5   8  -6  -7  -7  -4  -6  -7  -6  -4  -5  -6  -7  -7    0   1   0   0   0   0   0  98   0   0   0   1   0   0   0   0   0   0   0   0  2.43 0.65
   12 T    -2  -3   0  -3  -4  -3  -3  -3  -4  -4  -5  -3  -4  -5  -4   6   3  -6  -5  -4    1   0   3   0   0   0   0   1   0   0   0   0   0   0   0  74  19   0   0   0  1.44 0.55
   13 G    -2  -6  -4  -2  -5  -5  -5   7  -3  -7  -7  -5  -6  -7  -6  -4  -5  -4  -6  -6    2   0   0   2   0   0   0  95   1   0   0   0   0   0   0   0   0   0   0   0  2.28 0.62
   14 D    -3  -1   5   3  -5   2  -1  -3   1  -5  -5   2  -4  -5  -4  -1   1  -6  -4  -5    0   3  37  19   0  10   1   1   4   0   0  15   0   0   0   1  10   0   0   0  0.85 0.35
   15 Y    -5  -5  -5  -6   0  -5  -6  -6   3  -4  -3  -5  -3   7  -6  -5  -5  -1   7  -1    0   0   0   0   2   0   0   0   8   0   1   0   0  46   0   0   0   0  39   4  1.85 0.54
   16 Q    -2   3  -1  -3  -5  -1  -1  -3  -2  -4  -4   5  -3  -5  -3   0   4  -5  -4  -4    1  15   2   0   0   1   2   1   1   0   1  43   0   0   0   6  26   0   0   0  0.86 0.37
   17 T    -3  -2  -1  -4  -4  -4  -4  -5  -5  -4  -5  -1  -4  -5  -3   2   7  -6  -5  -4    0   2   2   0   0   0   0   0   0   0   0   3   0   0   1  13  79   0   0   0  1.64 0.58
   18 L    -4  -6  -6  -6  -4  -6  -6  -6  -3   7  -1  -6  -2  -3  -6  -5  -3  -6  -4   4    0   0   0   0   0   0   0   0   1  69   2   0   0   0   0   0   0   0   0  28  1.65 0.51
   19 A     1  -1   4  -2  -3   1  -2   2  -2  -4  -3   1   1  -4  -3   2   1  -5  -4  -3   10   1  23   0   0   8   0  13   0   0   1  10   5   0   0  20   9   0   0   0  0.45 0.25
   20 E     2  -2  -2   4  -5   1   6  -3  -3  -6  -5  -2  -4  -6  -4  -2  -3  -6  -5  -5   19   1   0  23   0   4  50   1   0   0   0   0   0   0   0   0   0   0   0   0  1.14 0.44
   21 A     7  -5  -5  -5  -1  -4  -4  -1  -5  -5  -5  -4  -4  -6  -4  -2  -3  -6  -5  -3   96   0   0   0   1   0   0   2   0   0   0   0   0   0   0   1   0   0   0   0  1.90 0.62
   22 V    -3  -5  -6  -6  -4  -5  -5  -6  -6   5   3  -5  -1  -3  -5  -5  -3  -5  -4   5    0   0   0   0   0   0   0   0   0  30  27   0   0   0   0   0   0   0   0  42  1.10 0.38
   23 A     4  -1   3   1  -3  -1   0  -2  -2  -4  -3   2  -3  -4  -3   0  -1  -5  -3  -3   45   1  13   8   0   2   5   1   1   0   2  15   0   0   0   4   2   0   0   0  0.53 0.29
   24 A     6  -1  -3  -2  -3  -2  -2  -2  -1  -3  -3   0  -1   0  -4   0  -2  -3  -3  -2   67   2   1   2   0   1   2   1   2   1   1   7   1   4   0   6   1   0   0   2  0.82 0.37
   25 A     5  -4  -4  -5  -3  -4  -4  -3  -4   0  -2  -4   2  -3  -4  -1  -2  -5   1   3   60   0   0   0   0   0   0   0   0   6   3   0   5   0   0   1   0   0   5  19  0.89 0.39
   26 P     0  -4  -4  -4  -5  -3  -3  -2  -4  -5  -6  -2  -5  -6   8  -1  -3  -6  -6  -4    7   1   0   1   0   1   1   4   0   0   0   3   0   0  77   4   1   0   0   1  2.09 0.57
   27 D    -1   1   4   2  -4   0   2  -2  -1  -3  -3   4  -2  -4  -2   0  -1  -5  -3  -2    3   5  20  10   0   2  12   1   1   1   3  28   1   0   1   7   3   0   0   2  0.44 0.22
   28 K    -2   1   4  -1  -2   0  -1   0   2  -4  -2   4   0  -2  -3   0  -1  -4   1  -3    1   8  22   3   1   2   1   7   5   0   4  28   3   1   0   7   1   0   6   0  0.39 0.22
   29 S    -2  -1   1  -3  -3  -2  -3   2  -1  -4  -2  -2  -4  -2  -3   5   0  -4   1  -4    1   3   7   0   0   1   0  13   1   0   5   1   0   2   0  56   5   0   6   0  0.73 0.36
   30 K     0   1   2   0  -4   1   1   0  -2  -3  -3   3   0  -3  -1   1   1  -4  -3  -2    5   5  13   5   0   4   8   8   0   0   1  23   3   1   2  12   8   0   1   2  0.27 0.16
   31 T    -1   2  -1  -1  -4  -1  -1   4  -2  -3  -4   3  -2  -5  -3   0   2  -4  -4  -3    3  11   2   3   0   2   3  34   1   1   0  21   1   0   0   6  13   0   0   1  0.52 0.24
   32 R    -4   8  -4  -5  -6  -2  -3  -5  -1  -5  -5   0  -2  -4  -1  -4   0  -5   2  -5    0  77   0   0   0   0   0   0   1   0   0   2   1   0   3   0   6   0   8   0  1.68 0.54
   33 Y    -4  -4  -4  -6  -5  -4  -5  -6   0   0  -2  -4  -2   7  -5  -4   0   0   7   0    0   0   0   0   0   0   0   0   2   4   1   1   0  41   0   1   6   1  36   6  1.40 0.45
   34 V    -3  -5  -6  -6  -4  -5  -5  -6  -6   3   0  -5  -1  -3  -5  -4  -1  -6  -4   6    0   0   0   0   0   0   0   0   0  17   5   0   1   1   0   0   2   0   0  74  1.41 0.47
   35 I    -5  -6  -7  -7  -4  -6  -7  -7  -7   8  -1  -6   0  -3  -6  -6  -4  -6  -5   1    0   0   0   0   0   0   0   0   0  92   1   0   1   0   0   0   0   0   0   5  2.10 0.60
   36 Y    -5   0  -4  -6  -5  -3  -5  -6   6  -5  -3  -2  -4   1  -6  -5  -5  -2   9  -5    0   4   0   0   0   1   0   0  16   0   1   2   0   4   0   0   0   0  71   0  2.16 0.62
   37 V    -2  -5  -6  -6  -4  -5  -6  -6  -6   5  -1  -5  -1  -3  -5  -5  -3  -6  -4   6    1   0   0   0   0   0   0   0   0  28   3   0   0   0   0   0   0   0   0  67  1.47 0.48
   38 K    -3   1  -3  -4  -6  -2  -2  -5  -4  -6  -5   8  -4  -6  -4  -3  -1  -6  -5  -3    1   5   0   0   0   0   0   0   0   0   0  87   0   0   0   0   4   0   0   2  1.85 0.59
   39 R     4   1  -3  -3  -2   1   2  -2  -2  -4  -4   3  -3  -5  -3   0  -1  -5  -4  -3   44   8   0   0   0   6  14   2   1   0   0  18   0   0   0   5   2   0   0   0  0.60 0.30
   40 G    -3  -6  -4  -5  -6  -5  -5   8  -5  -7  -7  -5  -6  -7  -6  -4  -5  -6  -7  -7    0   0   0   0   0   0   0 100   0   0   0   0   0   0   0   0   0   0   0   0  2.46 0.64
   41 T    -2   0  -4  -5  -3  -3  -2  -4  -5   3  -1  -3  -1  -2  -4  -3   2  -3  -2   5    2   5   0   0   0   0   2   1   0  17   3   1   0   1   0   0  14   0   1  52  0.75 0.33
   42 Y    -6  -6  -6  -7  -6  -5  -6  -7  -2  -5  -5  -6  -5  -1  -7  -5  -6   0  10  -5    0   0   0   0   0   0   0   0   0   0   0   0   0   0   0   0   0   1  99   0  3.26 0.83
   43 K    -2   2   2   2  -4   1   2  -3   0  -3  -3   3  -2   0  -3  -1  -2  -3  -1  -1    1  11  10  11   0   4  18   0   2   1   2  25   1   5   0   4   1   0   1   4  0.37 0.20
   44 E    -4  -4  -4  -2  -7  -2   8  -5  -4  -7  -7  -3  -6  -7  -5  -4  -4  -7  -6  -6    0   0   0   0   0   0  99   0   0   0   0   0   0   0   0   0   0   0   0   0  2.42 0.71
   45 N    -3  -3   6  -2  -5  -1  -3  -3  -1  -1  -4   0  -3  -2  -4  -1   0  -3   5  -2    1   1  50   0   0   2   0   0   1   4   0   6   0   1   1   4   5   0  23   2  1.04 0.40
   46 V    -3  -5  -5  -6  -3  -5  -5  -6  -6   3   0  -5  -2  -2  -4  -4  -3  -5  -4   6    0   0   0   0   0   0   0   0   0  17   6   0   0   1   0   0   0   0   0  73  1.39 0.45
   47 E    -2   0   0   2  -4   0   4  -3  -2  -1  -2   1  -1  -3  -3   0   1  -4  -3   0    1   5   4  12   0   2  30   0   0   4   2  10   1   0   0   8  11   0   0   7  0.36 0.20
   48 V    -3  -5  -6  -6  -4  -5  -6  -6  -6   6   0  -5   1  -1  -5  -5  -3  -5  -4   5    0   0   0   0   0   0   0   0   0  48   4   0   2   1   0   0   0   0   0  44  1.35 0.44
   49 A     0  -1   0   1  -3  -2   0   3  -1  -3  -4   1  -3  -4   4   0   1  -4  -4  -2    7   3   4  10   0   0   6  21   1   1   0  10   0   0  20   5  10   0   0   2  0.42 0.19
   50 S    -2   3  -1  -3  -5  -1   0  -3  -3  -3  -4   6  -2  -3  -2   1   0  -5  -3  -3    1  15   2   0   0   1   3   0   0   1   1  51   1   1   1  13   5   0   1   1  0.78 0.33
   51 N    -2   0   3   1  -4   0   0  -1   1  -4  -4   4  -2  -4  -2   1   1  -2  -1  -4    1   2  16   6   0   3   5   3   4   0   1  35   1   0   1  12   7   0   2   0  0.47 0.24
   52 K    -2  -1  -1  -3  -4   1  -2  -4  -2  -2  -1   6   5  -4  -4  -2  -2  -5  -3   0    2   0   3   0   0   6   0   0   1   1   6  55  15   0   0   1   1   0   0   7  0.85 0.37
   53 M    -1   0  -1   0  -4  -1  -1  -3  -2  -2  -3   3  -2  -3   0   0   3   6  -2  -1    4   5   3   5   0   2   1   0   1   2   1  22   1   0   4   5  26  14   0   6  0.49 0.25
   54 N    -5  -3   8  -2  -6  -3  -3  -1   1  -5  -6  -2  -1  -4  -5  -3  -3  -5   1  -6    0   0  82   1   0   0   0   3   3   0   0   2   2   0   0   0   0   0   5   0  1.96 0.60
   55 L    -3  -5  -6  -6  -3  -5  -5  -6  -5   5   3  -5   0  -2  -5  -5  -3  -5  -3   4    0   0   0   0   0   0   0   0   0  35  32   0   1   0   0   0   0   0   0  33  1.05 0.36
   56 M    -2  -4  -4  -6  -4  -4  -5  -5  -5  -1   0  -4   9   1  -5  -3   2   0  -2   2    2   0   0   0   0   0   0   0   0   0   4   0  57   7   0   1  14   1   1  14  1.42 0.50
   57 I    -4  -5  -5  -6  -4  -4  -5  -6  -5   3   4  -5   6   4  -5  -4  -3  -2  -2   0    0   0   0   0   0   0   0   0   0  19  35   0  22  20   0   0   0   0   0   4  0.97 0.35
   58 V    -3  -4  -5  -5  -3  -4  -5  -6  -4   5   1  -5   1   0  -5  -4  -3  -1   4   4    0   0   0   0   0   0   0   0   0  33   9   0   3   3   0   0   0   1  15  36  0.89 0.33
   59 G    -3  -5  -4  -5  -6  -5  -5   8  -5  -7  -7  -5  -6  -7  -5  -3  -5  -6  -6  -7    0   0   0   0   0   0   0 100   0   0   0   0   0   0   0   0   0   0   0   0  2.43 0.63
   60 D    -4  -5  -2   8  -7  -3   1  -4  -4  -7  -7  -4  -6  -7  -5  -3  -4  -8  -6  -6    1   0   0  91   0   0   8   0   0   0   0   0   0   0   0   0   0   0   0   0  2.31 0.63
   61 G    -3  -6  -4  -5  -6  -5  -5   8  -5  -7  -7  -5  -6  -7  -5  -3  -5  -6  -6  -7    0   0   0   0   0   0   0  99   0   0   0   0   0   0   0   1   0   0   0   0  2.40 0.62
   62 M    -1   0  -3  -4  -4  -1  -3  -3  -4   3  -1   2   6  -3   3   0  -2  -4  -3  -1    5   6   0   0   0   2   0   1   0  24   2  15  23   0  13   7   0   0   0   1  0.50 0.28
   63 Y    -2   1   2   4  -4   0  -1   3  -2  -4  -4   0  -3  -4  -3  -1   1  -2  -1  -4    1   9  12  26   0   4   2  24   0   0   0   4   0   0   0   3  11   1   3   0  0.51 0.24
   64 A     1   1   0  -2  -4   1  -1  -3  -2  -2  -3   5  -3  -3  -3   1  -1  -5  -2  -1   13   6   4   1   0   7   2   0   0   1   2  45   0   0   0  10   2   0   1   5  0.52 0.27
   65 T    -3  -5  -3  -4  -4  -4  -4  -5  -5  -4  -5  -4  -4  -6  -4   0   8  -6  -5  -3    0   0   0   0   0   0   0   0   0   0   0   0   0   0   0   6  94   0   0   0  2.14 0.68
   66 T    -3  -1  -5  -5  -3  -4  -5  -6  -5   6  -1  -2  -1  -2  -5  -3  -2  -4  -3   4    0   5   0   0   0   0   0   0   0  57   1   3   1   1   0   2   1   0   0  28  1.08 0.39
   67 I    -4  -5  -6  -6  -4  -5  -6  -6  -6   7   0  -5  -1  -3  -5  -5  -2  -5  -4   4    0   0   0   0   0   0   0   0   0  67   3   0   0   0   0   0   1   0   0  28  1.50 0.47
   68 T    -2  -4  -3  -4  -4  -3  -3  -4  -4  -3  -4  -1  -3  -5  -4   2   7  -5  -4   0    2   0   0   0   0   0   0   0   0   1   0   4   0   0   0  17  70   0   0   5  1.33 0.50
   69 G     0  -5  -2  -4  -5  -4  -5   7  -5  -6  -6  -4  -5  -6  -5  -1  -4  -4  -6  -6    8   0   2   0   0   0   0  85   0   0   0   0   0   0   0   4   0   0   0   0  1.84 0.51
   70 S    -2   0   6   1  -4  -2  -2   0   1  -5  -5  -1  -4  -5  -4   4  -2  -5  -4  -5    0   5  37   6   0   0   0   6   3   0   0   3   0   0   0  38   0   0   0   0  0.91 0.38
   71 L    -3   6  -2  -2  -5   0  -2  -4   1  -3   1   4  -2  -4  -4  -2  -3  -5  -4  -4    0  41   1   2   0   3   0   0   4   0  16  31   0   0   0   1   0   0   0   0  0.92 0.36
   72 N    -2  -3   7  -2  -1  -3  -3  -3  -3  -6  -6  -3  -5  -6  -4   5  -2  -6  -5  -5    1   0  48   0   1   0   0   0   0   0   0   0   0   0   0  49   0   0   0   0  1.50 0.53
   73 V     0  -2  -1  -4  -1  -3  -4  -4   0   0  -2  -3  -1   5  -4  -3  -3  -2   2   5    7   2   3   0   1   0   0   0   2   1   0   1   0  26   0   1   0   0   7  45  0.70 0.32
   74 V     1   0  -1  -2  -2   0  -2   1  -1   2  -1   0   0  -2  -1   0  -1  -4  -2   3   16   4   2   2   0   5   0  10   1  12   1   7   3   1   3   4   2   0   1  26  0.13 0.13
   75 D    -2  -3   0   7  -6  -1  -1   2  -3  -4  -5  -1  -2  -6  -3  -2  -3  -6  -4  -5    2   1   2  68   0   3   1  13   0   1   1   3   1   0   1   2   1   0   1   0  1.33 0.43
   76 G    -3  -3   1  -4  -5  -4  -4   7  -4  -6  -6  -2  -5  -6  -5  -3  -4  -5  -6  -5    0   1   7   0   0   0   0  87   0   0   0   2   0   0   0   1   0   0   0   1  1.87 0.52
   77 S    -1  -3  -3  -4  -3  -3  -3  -4  -3   1   0  -3  -1   1  -3   2   2   8   2   1    4   1   0   0   0   0   0   0   0   8   6   1   0   5   0  19  13  20   8  13  0.61 0.27
   78 T    -2  -1  -1  -2  -4  -1  -3  -2  -2  -3  -4   0  -3  -5   1   1   6  -5  -4  -3    2   3   2   1   0   2   0   3   1   1   0   5   0   0   7  11  63   0   0   0  0.98 0.41
   79 T    -3  -4  -3  -4  -4  -4  -4  -5  -5  -2  -3  -4   0  -5  -4  -2   8  -6  -5  -3    1   0   0   0   0   0   0   0   0   2   2   0   2   0   0   0  92   0   0   0  1.98 0.64
   80 F    -5  -4  -5  -6  -5  -4  -5  -6  -3  -2  -1  -3   1   8  -1  -4  -4   1   5  -4    0   1   0   0   0   1   0   0   0   1   3   2   4  66   3   1   0   1  17   0  1.68 0.49
   81 R    -1   4   3   1  -4   2   0  -1   3  -4  -3   2  -2  -3  -3   0  -2  -4  -1  -4    4  24  16   6   0  10   2   4   8   0   2  13   1   1   0   7   1   0   1   0  0.43 0.21
   82 S    -2  -4  -2  -3  -2  -3  -3  -4  -4  -4  -5  -3  -4  -5  -4   5   5  -6  -5  -4    0   0   0   0   0   0   0   0   0   0   0   0   0   0   0  55  43   0   0   0  1.41 0.53
   83 A     7  -4  -4  -5  -2  -4  -4  -2  -5  -4  -4  -4  -4  -5  -2   0  -2  -6  -5  -3   92   1   0   0   0   0   0   1   0   0   0   0   0   0   2   3   1   0   0   0  1.65 0.56
   84 T    -3  -4  -3  -4  -4  -4  -4  -5  -5  -4  -4  -4  -4  -5  -4   0   8  -6  -5  -2    0   0   0   0   0   0   0   0   0   0   0   0   0   0   0   6  91   0   0   1  2.00 0.64
   85 L    -2  -5  -5  -6  -1  -5  -5  -5  -4  -1   1  -5   0   7  -5  -4  -4  -3  -1   4    3   0   0   0   2   0   0   0   0   0  12   0   2  51   0   0   0   0   0  29  1.20 0.41
   86 A     5  -4  -3  -3  -3  -3  -2   2  -4  -1  -4  -3  -3  -4  -3   1   0  -5  -3   0   58   0   0   1   0   0   3  16   0   3   0   0   0   0   0   8   5   0   1   5  0.76 0.33
   87 A     3  -3  -3  -5  -3  -4  -4  -4  -5   2  -2  -4  -2  -3  -4  -2  -2  -5  -4   5   25   2   1   0   0   0   0   0   0  11   1   0   0   0   0   2   1   0   0  57  0.89 0.37
   88 V     0  -2   1   0  -2   0   0  -2  -1   0  -1   0   2  -1  -3   2   1  -4  -2   2    4   1   8   5   0   5   5   0   1   6   4   4   6   2   0  21   8   0   0  19  0.14 0.13
   89 G     0  -3  -3  -4  -5  -5  -5   7  -5  -6  -6  -4  -5  -6  -5  -2  -4  -6  -6  -6    8   2   0   0   0   0   0  89   0   0   0   0   0   0   0   1   0   0   0   0  1.99 0.55
   90 Q    -1   1   1   5  -4   1   2  -2  -2  -2  -3   1  -3  -3   0   0  -1  -5  -3  -3    6   7   7  35   0   5  12   1   0   2   3  10   0   1   4   5   2   0   0   1  0.49 0.22
   91 G    -3  -1   1  -3  -5  -4  -4   7   2  -6  -6  -3  -5  -4  -5  -3  -4  -2  -2  -6    0   4   6   1   0   0   0  79   6   0   0   1   0   0   0   0   0   1   2   0  1.61 0.48
   92 F    -6  -3  -7  -7  -6  -7  -7  -7  -5  -2  -2  -6  -3   9  -7  -6  -6  -2   0  -4    0   1   0   0   0   0   0   0   0   1   1   0   0  96   0   0   0   0   0   0  2.73 0.70
   93 I    -3  -4  -5  -6  -4  -2  -5  -6  -5   6   2  -5   4  -1  -5  -4  -2   3  -3   2    0   0   0   0   0   2   0   0   0  52  14   0  11   2   0   0   1   4   0  14  1.00 0.36
   94 L     6  -4  -4  -4   2  -4  -4   1  -4  -4  -2  -3   1  -5  -4  -2  -3  -5  -4  -2   79   0   0   0   4   0   0   8   0   0   2   0   4   0   0   0   0   0   0   2  1.24 0.46
   95 Q    -3   6  -1  -3  -4   3  -2  -4  -2  -1  -3   4   0  -4  -4  -3  -3  -5  -4   0    0  46   2   0   0  12   0   0   0   5   2  22   3   0   0   0   0   0   0   7  0.91 0.35
   96 D    -2  -2   2   7  -5  -3  -1   2  -3  -5  -6  -3  -5  -5  -4   0  -3  -6  -4  -5    3   2  10  62   0   0   1  15   0   0   0   0   0   0   0   7   0   0   0   0  1.27 0.42
   97 I    -4  -5  -5  -6  -4  -4  -5  -6  -5   6   2  -5   7  -2  -5  -5  -3  -5  -4   1    0   0   0   0   0   0   0   0   0  51  13   0  29   1   0   0   0   0   0   4  1.34 0.44
   98 C    -1  -1  -3  -4   2  -3  -3   4  -4  -4  -4  -2  -3  -5  -2   0   5   2  -4  -3    4   3   0   0   5   1   0  28   0   0   0   1   0   0   2   4  50   3   0   0  0.91 0.38
   99 I    -5  -5  -6  -6  -5  -6  -4  -6  -4   3  -2  -6  -2   8  -6  -5  -4  -2   0   0    0   0   0   0   0   0   2   0   0  17   0   0   0  73   0   0   0   0   0   6  1.83 0.52
  100 Q    -3   5  -2  -2  -4   4   4  -4   1  -2  -3   0  -2  -5  -4  -2  -2  -3  -4  -1    0  30   0   0   0  19  32   0   3   3   1   2   0   0   0   1   2   0   0   5  0.81 0.34
  101 N    -5  -4   9  -2  -6  -3  -4  -2  -3  -6  -7  -4  -5  -6  -5  -3  -3  -7  -5  -6    0   0  97   0   0   0   0   2   0   0   0   0   0   0   0   0   0   0   0   0  2.58 0.70
  102 T    -2  -1  -1  -3  -4  -3  -4  -4  -4  -2  -4  -2  -3  -3  -4   1   7   1  -1  -3    2   3   2   1   0   0   0   0   0   2   0   1   0   1   0   7  76   2   2   0  1.36 0.50
  103 A     7  -4  -4  -5  -3  -4  -4  -3  -5  -4  -4  -4  -4  -5  -4  -1  -2  -5  -5  -2   94   0   0   0   0   0   0   0   0   0   0   0   0   0   0   2   1   0   0   2  1.73 0.57
  104 G    -2  -5  -3  -4  -5  -5  -5   7  -5  -7  -6  -5  -6  -6  -5  -3  -5  -5  -6  -6    1   0   0   0   0   0   0  97   0   0   0   0   0   0   0   0   0   0   0   0  2.27 0.59
  105 P     3  -4  -5  -4  -5  -4  -4  -3  -4  -5  -5  -4  -5  -6   8  -2  -4  -6  -5  -4   24   1   0   0   0   0   0   2   0   0   1   0   0   0  70   1   0   0   0   0  2.02 0.55
  106 A     2   0  -1   0  -3   2   3  -1   0  -1  -3   0  -2  -4  -2   1   0  -1  -3  -2   19   3   2   4   0  12  25   3   3   4   1   3   1   0   0  12   5   1   0   2  0.30 0.18
  107 K    -2   1   2  -3  -5  -1  -2   1  -3  -5  -5   6  -2  -5  -2  -2  -3  -5  -4  -5    3   4  11   0   0   0   0  11   0   0   0  66   1   0   2   1   0   0   0   0  1.14 0.42
  108 D    -3  -3  -1  -3  -6  -1  -1   2  10  -5  -4  -4  -4  -3  -5  -3  -4  -5  -1  -6    1   1   1   1   0   3   4  15  68   0   2   0   0   1   0   1   0   0   1   0  1.95 0.56
  109 Q    -4  -2  -3  -4  -6   9  -1  -3  -3  -6  -6  -2  -3  -6  -2  -3  -4  -5  -5  -6    1   0   0   0   0  94   1   2   0   0   0   0   0   0   2   0   0   0   0   0  2.45 0.73
  110 A     7  -4  -4  -5  -3  -4  -4  -1  -5  -4  -4  -4  -4  -5  -4  -1  -3  -5  -5  -2   94   0   0   0   0   0   0   2   0   0   0   0   0   0   0   1   0   0   0   1  1.73 0.57
  111 V    -3  -5  -6  -6  -4  -5  -5  -4  -6   0  -1  -5  -2  -4  -5  -5  -3  -6  -4   7    0   0   0   0   0   0   0   2   0   1   2   0   0   0   0   0   0   0   0  94  1.82 0.57
  112 A     7  -4  -5  -5  -3  -4  -4  -3  -5  -4  -4  -4  -4  -5  -2  -2  -3  -5  -5  -2   96   0   0   0   0   0   0   0   0   0   0   0   0   0   1   0   0   0   0   1  1.80 0.58
  113 L    -2  -5  -5  -6  -4  -4  -5  -6  -5   0   6  -5   0   1  -5  -3  -3  -4  -3   1    3   0   0   0   0   0   0   0   0   3  80   0   1   4   0   2   0   0   0   7  1.18 0.40
  114 R    -4   8  -2  -5  -6  -2  -3  -5  -1  -5  -1   0   1  -5  -5  -3  -2  -5  -2  -5    0  83   1   0   0   0   0   0   1   0   6   2   4   0   0   0   2   0   1   0  1.80 0.55
  115 V    -1  -4   1  -4  -1  -3  -4  -4  -4   1  -2  -4  -2  -4  -4   3  -1  -5  -4   5    1   0   6   0   1   0   0   0   0   5   1   0   0   0   0  30   1   0   0  54  0.86 0.38
  116 G     0  -3   2   1  -4   3  -1   4  -3  -4  -3  -2  -3  -5  -3   3  -1  -4  -4  -3    5   0   8   9   0  15   2  32   0   0   2   0   0   0   0  23   3   0   0   1  0.58 0.27
  117 A     4  -3  -3  -3  -3  -3  -3   1  -1  -4  -4  -3  -4  -5  -3   5  -1  -5  -4  -3   37   0   0   0   0   0   0  10   2   0   1   0   0   0   0  49   0   0   0   0  0.98 0.41
  118 D    -5  -5  -1   8  -6  -3  -1  -3  -4  -6  -7  -3  -6  -7  -5  -3  -4  -7  -6  -6    0   0   1  94   0   0   1   2   0   0   0   1   0   0   0   0   0   0   0   0  2.37 0.63
  119 M    -3   2  -2  -4  -3   2  -2  -2   3  -1   3   1   3   1  -4  -3  -3  -3   0  -2    0  14   1   0   0  11   1   3   9   1  34   8   9   6   0   0   0   0   2   0  0.40 0.23
  120 S     3  -4  -3  -3  -3  -3  -3  -3  -4  -4  -3  -3  -4  -3  -4   6   0  -5  -4  -1   20   0   0   0   0   0   0   1   0   0   1   0   0   1   0  69   4   0   0   4  1.15 0.47
  121 V     3  -5  -5  -5  -3  -4  -4  -4  -5   3  -1  -4  -2  -3  -4  -3   0  -5  -4   5   26   0   0   0   0   0   0   0   0  13   1   0   0   0   0   0   5   0   0  54  0.93 0.38
  122 I    -4  -5  -6  -6  -4  -6  -6  -6  -4   2   0  -6  -2   8  -6  -5  -4  -2   1   1    1   0   0   0   0   0   0   0   0  10   5   0   0  70   0   0   0   0   3   9  1.66 0.48
  123 N    -4  -5   0  -6  -5  -4  -5  -6   3  -4  -2  -5  -4   3  -6  -4  -5   0   9  -3    1   0   4   0   0   0   0   0   5   0   4   0   0   9   0   0   0   1  74   1  2.05 0.58
  124 R    -3   6   4  -2  -6   2  -1  -3   0  -5  -4   1  -4  -5  -4  -1  -3  -5  -4  -5    1  54  18   1   0  11   1   1   2   0   1   6   0   0   0   4   0   0   0   0  1.14 0.41
  125 C    -4  -7  -7  -7  12  -7  -8  -6  -7  -4  -3  -7  -5  -6  -7  -4  -5  -6  -6  -2    0   0   0   0  95   0   0   0   0   0   2   0   0   0   0   0   0   0   0   2  3.72 0.83
  126 R     1   3   0   0  -2   1  -1   0   0  -4  -4   0  -3  -4  -3   4   0  -3  -3  -3   13  18   4   3   1   5   2   6   2   0   1   3   0   0   0  37   3   0   0   1  0.45 0.25
  127 I    -4  -5  -3  -6  -4  -5  -6  -6  -4   5  -1  -5   5   6  -6  -5  -4  -3  -1   0    0   0   1   0   0   0   0   0   0  33   2   0  15  43   0   0   0   0   0   5  1.27 0.43
  128 D    -2   0  -1   4  -5   0   4  -4   0  -1  -2   1  -2  -2  -3  -1  -2  -5  -2  -1    3   4   2  29   0   1  32   0   2   5   4   9   0   2   0   2   0   0   1   4  0.54 0.25
  129 A     2  -5  -3  -4  -5  -4  -5   7  -5  -6  -6  -4  -5  -6  -5  -2  -4  -3  -6  -5   20   0   0   0   0   0   0  78   0   0   0   0   0   0   0   2   0   0   0   0  1.72 0.50
  130 Y    -5  -5  -4  -7  -6  -5  -6  -7   2  -5  -4  -5  -4   3  -7  -5  -5  -1   9  -5    0   0   1   0   0   0   0   0   4   0   0   0   0  11   0   0   0   0  84   0  2.64 0.70
  131 Q    -5  -3  -4  -4  -7   9  -2  -6  -3  -7  -5  -2  -4  -7  -5  -4  -4  -6  -5  -6    0   0   0   0   0  99   0   0   0   0   1   0   0   0   0   0   0   0   0   0  2.76 0.80
  132 D    -5  -5   0   8  -7  -4  -2  -5  -4  -7  -7  -4  -7  -7  -5  -3  -4  -8  -7  -7    0   0   3  97   0   0   0   0   0   0   0   0   0   0   0   1   0   0   0   0  2.55 0.68
  133 T    -1  -4  -3  -4  -4  -4  -4  -5  -5  -4  -5  -4  -4  -6  -4   1   8  -6  -5  -3    3   0   0   0   0   0   0   0   0   0   0   0   0   0   0   6  91   0   0   0  1.98 0.64
  134 L    -4  -5  -6  -7  -3  -5  -6  -7  -6  -1   6  -5   0  -1  -6  -5  -4  -5  -4  -2    0   0   0   0   0   0   0   0   0   1  96   0   1   1   0   0   0   0   0   1  1.73 0.53
  135 Y    -5  -5  -5  -7  -2  -5  -6  -7  -1  -5  -3  -5   0   2  -7  -5  -5   1  10  -5    0   0   0   0   1   0   0   0   1   0   1   0   3   4   0   0   0   1  89   0  2.72 0.72
  136 A     4  -4  -4  -4  -2  -3  -4  -3  -4  -1  -2  -3  -2  -4  -1  -1   3  -5  -3   4   38   0   0   0   0   0   0   0   0   1   1   0   0   0   3   1  19   0   1  36  0.76 0.36
  137 H    -4  -3  -3  -4  -6   2  -3  -6  10  -6  -3  -3  -3  -3  -6  -4  -5  -5   2  -5    0   1   0   0   0  10   1   0  77   0   3   0   0   1   0   0   0   0   7   1  2.47 0.67
  138 S     2  -2  -1  -3  -2  -2  -3  -3  -4  -4  -4  -2  -4  -5  -3   6   2  -5  -4  -2   19   1   1   0   0   1   0   0   0   0   0   1   0   0   0  61  13   0   0   2  1.01 0.43
  139 Q    -3  -1   4  -2  -4   2  -1  -1   4  -2   2   0   1   0  -4  -2  -2  -4   0  -3    1   1  24   1   0  11   2   4  13   0  25   6   5   3   0   1   0   0   4   0  0.41 0.24
  140 R    -4   8  -4  -4  -7  -2  -3  -6  -3  -6  -6   0  -5  -6  -6  -4  -3  -6  -5  -6    1  95   0   1   0   0   0   0   0   0   0   2   0   0   0   0   1   0   0   0  2.38 0.67
  141 Q    -5  -3  -4  -4  -7   9  -2  -6  -1  -7  -6  -2  -4  -7  -5  -4  -4  -6  -5  -6    0   0   0   0   0  99   0   0   1   0   0   0   0   0   0   0   0   0   0   0  2.74 0.80
  142 F    -6  -6  -7  -7  -6  -7  -7  -7  -5  -4  -2  -7  -3   9  -7  -6  -6  -2   2  -4    0   0   0   0   0   0   0   0   0   0   2   0   0  95   0   0   0   0   3   0  2.73 0.69
  143 Y    -5  -5  -6  -7  -6  -5  -6  -7  -2  -4  -4  -6  -4   3  -7  -5  -5  -1  10  -4    0   0   0   0   0   0   0   0   0   0   0   0   0   9   0   0   0   0  90   0  2.85 0.74
  144 R    -3   8  -4  -5  -6  -2  -3  -5  -3  -4  -5   1  -4  -6  -5  -3  -3  -6  -4  -3    1  87   0   0   0   0   0   0   0   1   0   7   0   0   0   1   1   0   0   2  2.03 0.60
  145 D    -3  -3   3   5  -6   0   5  -2  -2  -6  -6  -2  -5  -6  -3   0  -3  -6  -5  -5    1   0  13  32   0   2  43   2   0   0   0   1   0   0   1   4   0   0   0   0  1.11 0.40
  146 S    -4  -6  -6  -5  11  -7  -7  -6  -7  -5  -5  -7  -5  -5  -7  -2  -2  -6  -6  -5    0   0   0   1  94   0   0   0   0   0   0   0   0   0   0   3   2   0   0   0  3.61 0.82
  147 Y    -2   0   1   5  -4  -1   0  -3   1  -1  -2  -1  -3   0  -3  -1   1  -4   2   0    1   5   6  35   0   2   3   0   4   3   2   3   0   4   0   1  11   0   8  10  0.38 0.21
  148 V    -4  -6  -6  -6  -4  -6  -6  -7  -6   8  -1  -6  -2  -3  -6  -5  -4  -6  -4   3    0   0   0   0   0   0   0   0   0  82   0   0   0   0   0   0   0   0   0  18  1.84 0.54
  149 T    -1  -3  -3  -3  -4  -3  -3  -4  -1  -3  -3  -3  -3   0  -4   3   3  -2   7  -3    5   0   0   1   0   1   0   0   1   1   1   0   0   1   0  26  18   0  44   1  1.08 0.43
  150 G    -3  -4  -3  -4  -6  -5  -5   7  -5  -7  -7  -5  -6  -6  -5  -3  -5  -6  -6  -6    0   1   0   0   0   0   0  97   0   0   0   0   0   0   0   0   0   0   0   0  2.31 0.60
  151 T    -3  -4  -3  -4  -4  -4  -4  -5  -5  -4  -4  -3  -4  -5  -4  -1   8  -6  -5  -3    0   0   0   0   0   0   0   0   0   0   0   1   0   0   0   2  96   0   0   0  2.18 0.67
  152 V    -3  -5  -6  -6  -4  -5  -5  -6  -6   5  -1  -5   0  -3  -5  -4  -3  -5  -4   6    0   0   0   0   0   0   0   0   0  36   0   0   2   0   0   0   0   0   0  60  1.39 0.45
  153 D    -5  -5  -2   8  -7  -4  -2  -5  -4  -6  -7  -4  -6  -7  -5  -4  -4  -7  -6  -6    0   0   0  98   0   0   0   0   0   0   0   0   0   0   0   0   0   0   0   0  2.59 0.68
  154 F    -5  -6  -6  -7  -6  -6  -6  -6  -4  -3  -3  -6  -3   9  -7  -5  -5  -2   2  -4    1   0   0   0   0   0   0   0   0   0   1   0   0  92   0   0   0   0   4   0  2.58 0.65
  155 I    -4  -6  -6  -6  -4  -6  -6  -6  -6   8  -1  -5  -1  -3  -6  -5  -4  -5  -4   2    0   0   0   0   0   0   0   0   0  87   2   0   0   0   0   0   0   0   0  10  1.88 0.54
  156 F    -5  -6  -6  -7   2  -6  -6  -6  -5  -3  -3  -6  -3   9  -7  -5  -5  -2   0  -4    0   0   0   0   4   0   0   0   0   0   0   0   0  94   0   0   0   0   0   0  2.65 0.67
  157 G    -3  -5  -3  -4  -6  -5  -5   7  -5  -7  -7  -5  -6  -6  -5  -3  -5  -6  -6  -6    0   0   0   0   0   0   0  97   0   0   0   0   0   0   0   1   0   0   0   0  2.32 0.60
  158 N    -4  -3   7   5  -6  -2  -2  -4   0  -6  -6  -3  -5  -4  -5  -2  -3  -6  -1  -6    1   1  61  30   0   0   0   0   2   0   0   0   0   0   0   1   0   0   2   0  1.64 0.51
  159 A     6  -4  -4  -4  -3  -3  -3   1  -4  -4  -4  -3  -4  -5  -4   2  -2  -5  -4  -3   76   0   0   0   0   0   0   8   0   0   0   0   0   0   0  15   0   0   0   0  1.29 0.47
  160 A     6  -3  -3  -4  -3  -1  -3  -2  -4  -2  -3  -2  -3  -4  -2   1   1  -5  -4   0   69   0   1   0   0   3   0   1   0   2   1   2   0   0   1   7   8   0   0   5  0.93 0.38
  161 V     5  -4  -4  -4  -2  -4  -4  -3  -4  -1  -2  -4  -2  -4  -4  -1   0  -5  -4   5   48   0   0   0   1   0   0   0   0   0   0   0   0   0   0   2   6   0   0  42  0.95 0.40
  162 V    -3  -5  -5  -6  -4  -5  -5  -6  -6   2  -1  -5  -1  -3  -5  -4  -3  -5  -4   7    0   0   0   0   0   0   0   0   0  10   3   0   1   1   0   0   0   0   0  84  1.56 0.50
  163 F    -4  -5  -6  -6  -4  -5  -6  -6  -4   2   3  -5  -2   8  -6  -5  -4  -2   0  -2    0   0   0   0   0   0   0   0   0  10  27   0   0  61   0   0   0   0   0   0  1.52 0.46
  164 Q    -4  -2  -3  -4  -6   9  -2  -5  -3  -6  -5  -1  -4  -6  -5  -4  -4  -5  -5  -6    0   0   0   0   0  96   0   0   0   0   1   1   0   0   0   0   0   0   0   0  2.60 0.75
  165 K    -2  -1   7   0  -5  -2  -2  -1  -1  -5  -5   0  -4  -2  -4   0  -2  -6  -2  -5    2   3  69   4   0   0   1   4   1   0   0   4   0   2   0   7   1   0   2   0  1.35 0.45
  166 C    -4  -6  -5  -6  11  -6  -6  -6  -6  -5  -5  -6  -5  -6  -6   0  -3  -6  -4  -4    0   0   0   0  89   0   0   0   0   0   0   0   0   0   0   7   1   0   1   0  3.30 0.75
  167 Q    -2   0   4   2  -4   1   0  -3  -1  -1   0   1   0  -3  -3   0   1  -4  -1  -2    2   3  29  10   0   8   2   0   0   3  10  11   2   0   0   5  10   0   2   2  0.34 0.19
  168 L    -4  -5  -5  -6  -4  -5  -5  -6  -5   7   3  -5   2   0  -5  -5  -3  -4  -3   0    0   0   0   0   0   0   0   0   0  64  24   0   4   3   0   0   0   0   0   2  1.26 0.41
  169 V    -2  -2  -3  -4  -3  -1  -2  -4   1   2   1  -2   1   3  -4  -3  -1   1   4   2    2   2   1   0   0   4   2   0   3  12  15   1   3  12   0   1   3   1  21  16  0.37 0.18
  170 A     4  -4  -3  -4  -3  -3  -3  -3  -4   0  -1  -3  -2  -3   3   0  -1  -5  -4   3   39   0   0   0   0   0   0   1   0   4   5   0   0   0  15   4   3   0   0  28  0.61 0.29
  171 R    -4   8  -3  -5  -6  -2  -3  -5  -2  -6  -4   1  -4  -6  -5  -4  -3  -6  -5  -5    0  89   0   0   0   0   0   0   1   0   1   7   0   0   0   0   1   0   0   0  2.15 0.61
  172 K    -2   4   0  -3  -5   1  -2  -4  -3  -3   0   5  -1  -4  -3  -2  -2  -5  -3  -1    1  22   4   0   0   7   0   0   0   0  10  45   2   0   1   1   0   0   0   6  0.74 0.32
  173 P    -3  -5  -3  -4  -2  -4  -4  -1  -4  -6  -5  -4  -5  -6   8  -3  -4  -6  -6  -5    1   0   1   0   1   0   0   5   0   0   1   0   0   0  88   1   0   0   0   0  2.58 0.64
  174 G    -2  -2   1  -2  -3  -2  -3   0  -2   0   3  -3   7  -2  -3  -2  -2  -4  -3  -1    2   2   8   3   0   1   1   7   1   4  29   1  36   1   1   3   1   0   0   1  0.65 0.30
  175 K     0  -1   0   3  -4   0   1  -2   0  -3  -3   0  -2  -3   5   1  -1  -4  -3  -3    7   2   4  17   0   4   8   2   2   1   2   5   1   1  28  11   2   0   1   1  0.51 0.20
  176 Y    -2  -2   5  -1  -4   0  -2   5   1  -5  -3   0  -3  -4  -4   0  -2  -5  -3  -4    1   1  33   2   0   3   1  40   3   0   2   6   0   0   0   5   1   0   0   0  0.86 0.31
  177 Q    -3  -1  -3  -3  -5   8  -1  -3   0  -5  -5   0  -3  -6  -4  -2  -4  -5  -4  -5    1   2   0   0   0  85   0   1   2   0   1   4   0   0   0   2   0   0   0   0  2.02 0.62
  178 Q     0   0  -1  -2  -3   3   0  -2  -1  -2  -3   4  -2   2  -3   1   0  -3   0  -2    9   4   2   1   0  17   2   2   1   2   1  28   0  12   0   9   6   0   3   2  0.34 0.20
  179 N    -4  -3   8  -1   4  -3  -3  -2  -3  -1  -5  -3  -4  -5  -5  -2  -1  -6  -5  -2    1   0  76   2   8   0   0   1   0   4   1   0   0   0   0   1   3   0   0   3  1.68 0.52
  180 M     1  -3  -3  -4  -3  -3  -3  -4  -4   2  -1  -3   5  -1  -2   0   4  -4  -3   2   11   0   0   0   0   0   0   0   0  11   1   0  18   2   1   4  36   0   0  14  0.60 0.30
  181 V    -2  -5  -5  -5  -3  -4  -5  -5  -5   6   0  -4  -1   1  -5  -4  -2  -4  -1   5    2   0   0   0   0   0   0   0   0  46   5   0   0   5   0   0   0   0   2  37  1.02 0.35
  182 T    -2  -4  -3  -4  -4  -4  -4  -5  -5  -4  -2  -4  -4  -5  -4  -2   8  -5  -5  -2    1   0   0   0   0   0   0   0   0   0   3   0   0   0   0   0  92   0   0   1  1.95 0.62
  183 A     7  -5  -5  -5  -4  -4  -4  -3  -5  -4  -5  -4  -4  -4  -4  -2  -2  -6  -5  -3   97   0   0   0   0   0   0   0   0   0   0   0   0   1   0   0   2   0   0   0  1.85 0.61
  184 Q    -4  -2   0  -2  -7   9  -1  -5   2  -6  -6  -2  -4  -7  -5  -3  -4  -6  -5  -6    0   0   4   2   0  88   1   0   5   0   0   0   0   0   0   0   0   0   0   0  2.28 0.70
  185 G    -2  -5   0  -4  -5  -4  -5   7  -5  -7  -7  -3  -5  -6  -5   1  -4  -6  -6  -6    1   0   3   0   0   0   0  85   0   0   0   1   0   0   0   9   0   0   0   0  1.83 0.52
  186 R    -5   8  -4  -5  -7  -2  -2  -5  -4  -6  -6   1  -5  -6  -5  -4  -3  -2  -5  -6    0  89   0   0   0   0   1   0   0   0   0   7   0   0   0   0   1   1   0   0  2.20 0.63
  187 T     0  -1   0   1  -3  -1   1  -1  -3  -1  -2   2  -1  -3  -2   1   4  -4  -3  -1    5   2   4   8   0   0   8   3   0   4   2  19   1   1   0   7  32   0   0   4  0.32 0.21
  188 D    -4  -3   1   7  -3  -1   1  -4  -3  -4  -5  -2  -4  -4  -4  -1  -2  -6  -3  -5    0   0   5  74   1   2   5   0   0   1   1   1   0   1   0   4   2   0   1   1  1.53 0.48
  189 P    -2   0  -3  -3  -5  -2  -2  -3  -3  -3  -3   2  -3  -6   7  -1  -2  -6  -5  -3    2   4   1   1   0   1   1   1   0   1   2  11   0   0  65   4   2   0   0   1  1.59 0.47
  190 N    -3   2   7   1  -2  -1  -2   0   2  -5  -5  -1  -4   0  -4  -1  -2  -5  -1  -5    1  11  55   6   1   1   1   5   5   0   1   1   0   5   0   4   1   0   2   0  0.98 0.38
  191 Q    -3  -2  -3   0  -6   7   4  -4  -2  -5  -4  -1   1  -6  -4  -1  -3  -5  -4  -5    1   1   0   3   0  61  23   0   0   0   0   1   4   0   0   4   1   0   0   0  1.42 0.51
  192 A    -1  -2   7   0  -5  -3  -2  -3  -2  -3  -5  -1  -4  -4   2   0   1  -4  -3  -2    5   1  59   3   0   0   0   0   0   1   0   3   0   1   9   7   8   0   1   2  1.06 0.41
  193 T    -3  -4  -3  -4  -4  -4  -4  -1  -5  -3  -4  -3  -4  -5  -4   2   7  -6  -5  -3    0   0   0   0   0   0   0   5   0   1   0   0   0   0   0  11  83   0   0   0  1.70 0.58
  194 G    -1  -4  -3  -4  -3  -5  -5   7  -5  -6  -6  -4  -6  -6  -5  -3  -4  -6  -6  -4    5   1   0   0   0   0   0  92   0   0   0   0   0   0   0   0   0   0   0   1  2.08 0.56
  195 T    -4  -5  -5  -5  -4  -5  -5  -6  -5   6   0  -5   0   5  -5  -4   1  -4  -1   0    0   0   0   0   0   0   0   0   0  56   6   0   1  25   0   0  10   0   0   1  1.16 0.41
  196 S     0  -4  -3  -4  -1  -3  -3  -4  -4   0  -3  -3  -3  -4  -4   5   0  -5  -4   4    4   0   0   0   1   0   0   0   0   6   0   0   0   0   0  57   3   0   0  29  0.93 0.42
  197 I    -4  -5  -6  -6  -4  -5  -6  -6  -5   7   2  -5   0   3  -5  -5  -3  -4  -3   1    0   0   0   0   0   0   0   0   0  68  14   0   1  11   0   0   0   0   0   5  1.34 0.43
  198 Q    -4  -2  -3  -4  -6   7  -2  -5   8  -3  -3  -3  -3  -5  -5  -4  -4  -4  -3  -5    0   0   0   0   0  60   0   0  35   2   2   0   0   0   0   0   0   0   0   0  1.99 0.63
  199 F    -1   0   6   1  -5  -1  -2   0   0  -5  -5   2  -2   1  -4  -1  -3  -5  -3  -5    4   4  53   5   0   2   0   6   2   0   0  13   1   6   0   3   0   0   0   0  0.90 0.36
  200 C    -3  -6  -5  -6  11  -6  -6  -4  -6  -5  -5  -6  -5  -6  -6   2  -4  -6  -6  -4    0   0   0   0  81   0   0   1   0   0   0   0   0   0   0  16   0   0   0   0  2.99 0.72
  201 N    -2   5   2  -1  -3   0   0  -3   0  -3  -4   2  -3  -4  -3   0   3  -4  -2  -2    0  34  12   2   0   3   5   0   2   1   0   9   0   0   0   6  20   0   1   2  0.55 0.27
  202 I    -4  -5  -6  -6  -4  -5  -5  -6  -5   7   1  -5  -1   0  -4  -5  -3  -5  -3   3    0   0   0   0   0   0   0   0   0  68   7   0   1   3   0   0   0   0   0  20  1.35 0.43
  203 I     0   1  -1  -1  -2  -1   0  -1  -2   0   0   0   0  -2  -2   1   2  -2  -1   1    8   8   1   3   0   1   4   4   0   5  10   6   2   1   0  11  21   0   1  13  0.12 0.11
  204 A     5  -4  -4  -4  -3  -3  -3   1  -4  -4  -4  -3  -4  -5   5  -1  -1  -5  -4  -3   56   0   0   0   0   0   0   9   0   0   0   0   0   0  27   1   4   0   0   1  1.09 0.40
  205 S     3  -3  -1   2  -3  -1   2  -1   0  -3  -3  -2  -3  -1  -3   2   2  -3  -2  -2   33   0   2  14   0   0  13   2   3   0   2   0   0   3   0  13  12   0   1   1  0.37 0.22
  206 S     0  -2   0   1  -3   1   0   0  -2  -3  -4  -1  -3  -3   4   2  -1  -4  -2  -3    8   1   4   9   0   7   6   7   0   1   1   3   0   1  24  22   3   0   1   1  0.46 0.20
  207 D    -1  -3   0   7  -4  -2   2  -2  -1  -4  -4   0  -4  -5  -3  -1  -2  -5  -4  -4    6   1   3  60   0   1  12   2   1   0   1   6   0   0   1   2   1   0   0   1  1.07 0.34
  208 L    -3  -3  -4  -5  -3  -4  -4  -5  -4  -1   5  -4   0   3  -4  -3  -3  -2   1  -1    1   1   0   1   0   0   1   1   0   1  73   1   0  11   1   1   1   0   5   2  0.99 0.34
  209 E     1   0  -1   0  -2   0   1  -2  -1   0   0   1   0   1  -1   0   0  -1   0   0   15   5   1   4   0   3  10   2   1   5  11  13   1   7   1   5   5   0   4   7  0.05 0.05
  210 P     2  -2  -1  -2  -3  -2  -2  -1  -2  -3  -2  -1  -2  -3   6   1   0  -3  -3  -2   20   1   3   1   0   1   2   5   0   1   3   2   1   1  41  10   4   0   1   2  0.77 0.24
  211 V     0  -2   0   0  -2  -1   0  -2  -2   0   0  -2  -1  -1  -2   1   0  -2  -1   4    7   1   4   5   0   1   5   2   1   2   5   1   1   2   1  12   3   0   2  42  0.24 0.16
  212 L    -1   2   1  -2  -3   2  -1  -2  -2  -1  -1   4  -1  -3  -1   0  -1  -3  -2   0    4  13   6   1   0   9   1   3   0   3   6  30   1   1   3   7   2   0   1   9  0.25 0.14
  213 K     0  -1   2   0  -2  -1  -1   2   1  -3  -2   0  -2   1   0   2  -1  -2  -1  -2    7   3  13   4   0   2   2  21   3   1   5   6   0   7   4  16   3   0   1   1  0.18 0.11
  214 E     0   0   1  -1  -3   1   0  -1  -2  -2  -2   2  -2  -3  -1   3   2  -3  -3  -2    4   3   5   2   0   5   4   4   0   1   3  14   1   1   2  33  15   0   1   2  0.32 0.18
  215 F     0  -3  -1  -3  -3  -3  -3  -3  -2   2  -1  -3  -1   4  -3  -1   2  -2   2   3    6   0   4   1   0   0   1   1   1  13   2   1   1  23   1   3  13   0   9  22  0.38 0.19
  216 P    -1   2  -1  -2  -4   1   0  -3  -2  -4  -3   5  -1  -5   4  -1  -2  -5  -3  -4    3  11   3   1   0   7   4   1   0   0   2  39   1   0  20   4   1   0   1   1  0.69 0.28
  217 T     0  -4   0  -3  -4  -3  -3  -4  -4  -4  -4  -3  -4  -5  -3   3   6  -5  -4  -2    8   0   3   0   0   0   0   0   0   0   0   0   0   0   0  23  63   0   0   2  1.23 0.47
  218 Y    -5  -5  -6  -7  -6  -5  -6  -6  -2  -4  -4  -5  -4   4  -6  -5  -5  -1   9  -4    0   0   0   0   0   0   0   0   0   0   0   0   0  16   0   0   0   0  82   0  2.64 0.69
  219 L    -4  -5  -6  -7  -4  -5  -6  -7  -6  -1   6  -5   0  -1  -6  -5  -4  -4  -4  -2    0   0   0   0   0   0   0   0   0   0  97   0   1   1   0   0   0   0   0   0  1.75 0.54
  220 G    -1  -5  -3  -4  -6  -5  -5   7  -5  -7  -7  -5  -6  -6  -5  -3  -5  -6  -6  -6    3   0   0   0   0   0   0  96   0   0   0   0   0   0   0   0   0   0   0   0  2.28 0.60
  221 R    -5   8  -4  -5  -7  -2  -3  -6  -4  -6  -6  -1  -5  -6  -5  -4  -4  -6  -5  -4    0  98   0   0   0   0   0   0   0   0   0   0   0   0   0   0   0   0   0   1  2.53 0.69
  222 P    -4  -6  -5  -5  -6  -5  -5  -6  -6  -6  -6  -5  -6  -7   9  -3  -5  -7  -6  -6    0   0   0   0   0   0   0   0   0   0   0   0   0   0  98   1   0   0   0   0  3.13 0.75
  223 W    -7  -7  -8  -8  -6  -6  -7  -7  -6  -7  -6  -7  -6  -3  -8  -5  -7  13  -2  -7    0   0   0   0   0   0   0   0   0   0   0   0   0   0   0   1   0  98   0   0  4.77 0.99
  224 K    -3   2  -3  -3  -6   2  -2  -2  -1  -5  -5   7  -2  -6  -4  -3  -3  -5  -4  -5    0  11   0   0   0   9   1   3   1   0   0  72   1   0   0   1   0   0   0   0  1.43 0.48
  225 E     0   0   1   0  -4   3   4  -3  -2  -2  -1   2  -1  -4   1  -1  -1  -4  -3  -2    6   4   8   3   0  13  30   0   0   2   6  14   2   0   7   2   1   0   0   2  0.40 0.21
  226 Y    -5  -5  -5  -6  -3  -4  -5  -6   2  -4  -3  -5  -4   4  -6  -5  -5  -1   9  -4    0   0   0   0   1   0   0   0   4   0   2   0   0  17   0   0   0   0  76   0  2.34 0.63
  227 S     0  -4  -3  -3  -4  -3  -3  -3  -4  -5  -6  -3  -5  -6  -4   7  -2  -6  -5  -5    7   0   0   0   0   0   0   0   0   0   0   0   0   0   0  92   0   0   0   0  1.82 0.62
  228 R    -4   8  -3  -5  -6  -2  -3  -5  -3  -6  -4  -1  -4  -6  -5  -3   2  -6  -5  -5    0  84   0   0   0   0   0   0   0   0   1   1   0   0   0   0  12   0   0   0  1.99 0.59
  229 T     0  -4  -3  -4  -4  -4  -4  -5  -4  -3  -3  -4  -3  -5  -4  -1   7  -5  -4   2    5   0   0   0   0   0   0   0   0   0   1   0   0   0   0   1  79   0   0  13  1.57 0.55
  230 V    -2  -5  -6  -6  -4  -5  -5  -6  -6   4  -1  -5  -1  -3  -5  -4  -2  -5  -4   7    2   0   0   0   0   0   0   0   0  19   2   0   0   0   0   0   0   0   0  75  1.44 0.47
  231 V    -3  -5  -5  -6  -4  -5  -5  -6  -3   4  -1  -5  -2   5  -5  -4  -3  -2   4   4    0   0   0   0   0   0   0   0   0  26   1   0   0  25   0   0   0   0  16  31  1.03 0.37
  232 M    -4  -5  -6  -6  -5  -4  -5  -6  -5   1   2  -5  10  -2  -6  -5  -4  -5  -4  -2    0   0   0   0   0   0   0   0   0   6  14   0  78   1   0   0   0   0   0   1  2.30 0.66
  233 E    -3   0   0  -1  -5   6   4  -3  -2  -5  -2   3  -1  -5  -4  -2  -3  -5  -4  -4    0   2   4   2   0  36  26   1   0   0   3  21   2   0   0   0   1   0   0   0  0.88 0.36
  234 S    -2  -4  -1  -3   2  -3  -3  -3  -4  -5  -5  -3  -4  -5  -4   6   4  -6  -5  -4    0   0   2   0   3   0   0   1   0   0   0   0   0   0   0  68  25   0   0   0  1.34 0.51
  235 Y    -2  -2   1   0  -4  -1   0  -4  -1  -3  -3  -2  -2   4  -4   0   2  -1   6  -2    1   1   7   6   0   2   6   0   1   0   1   1   1  20   0   6  14   0  31   2  0.65 0.29
  236 L    -4  -5  -4  -6  -4  -4  -5  -6  -5   6   3  -5   5  -2  -5  -5  -3  -4  -4   0    0   0   1   0   0   0   0   0   0  52  27   0  17   1   0   0   0   0   0   2  1.17 0.40
  237 G    -1  -4  -1   6  -5  -2   0   4  -3  -5  -6  -3  -5  -6  -2   1  -2  -6  -5  -5    3   0   1  43   0   1   4  32   0   0   0   0   0   0   2  12   2   0   0   0  1.00 0.36
  238 G     0  -2   1   5  -4  -2   0   3  -3  -5  -5  -2  -4  -5  -1   2  -1  -4  -5  -4    7   2   6  39   0   1   3  21   0   0   0   1   0   0   2  17   2   0   0   0  0.73 0.30
  239 L    -1  -4  -4  -4  -2  -4  -4  -3   3   1   3  -4   0   4  -4  -2  -2  -2  -1   2    4   0   0   0   0   0   0   1   8   5  38   0   1  20   0   3   0   0   0  18  0.56 0.26
  240 I    -4  -5  -6  -6  -4  -5  -6  -6  -6   7   0  -5  -1  -3  -6  -5  -3  -5  -4   4    0   0   0   0   0   0   0   0   0  70   5   0   0   0   0   0   0   0   0  25  1.54 0.48
  241 N    -1   0   3   5  -4   2   0  -3   4  -5  -5  -1  -3  -5  -2   1  -2  -4  -3  -4    4   5  15  35   0  12   3   0  11   0   0   2   0   0   1   9   1   0   0   0  0.71 0.29
  242 P    -1  -3  -5  -5  -6  -3  -4  -4  -3  -6  -6  -2  -6  -7   8   0  -4  -4  -6  -5    5   1   0   0   0   1   0   1   0   0   0   2   0   0  81   8   0   0   0   0  2.31 0.61
  243 A     3   2  -2   0  -3   0   3  -3  -2  -3  -2   1  -2  -4  -3   0  -1  -4  -3   0   33  10   1   5   0   4  20   0   0   0   4   9   0   0   0   4   2   0   0   6  0.36 0.22
  244 G    -3  -6  -4  -5  -6  -5  -4   7  -5  -7  -7  -5  -6  -7  -5  -3  -5  -6  -6  -6    0   0   0   0   0   0   1  99   0   0   0   0   0   0   0   0   0   0   0   0  2.39 0.62
  245 W    -7  -7  -8  -9  -7  -6  -7  -7  -6  -7  -6  -7  -6  -2  -8  -7  -7  13   2  -7    0   0   0   0   0   0   0   0   0   0   0   0   0   1   0   0   0  95   4   0  4.60 0.97
  246 A     0  -1  -3  -4  -3  -2  -3  -3   0   0   4  -2   3   0  -4   0   0  -3  -1  -1    7   3   1   0   0   1   0   1   3   4  48   2   9   2   0   9   7   0   2   2  0.42 0.23
  247 E     0  -2  -3  -2  -5  -1   5  -4  -3  -3  -5   0  -4  -6   6  -2  -3  -6  -5  -4    6   1   0   1   0   1  44   1   0   1   0   4   0   0  38   2   1   0   0   1  1.26 0.43
  248 W    -7  -7  -8  -8  -6  -6  -7  -6  -6  -7  -5  -7  -1  -2  -8  -7  -7  13  -1  -7    0   0   0   0   0   0   0   0   0   0   1   0   1   0   0   0   0  96   1   0  4.60 0.97
  249 D    -1  -2   4   3  -4   0   0  -2  -1  -3  -3  -1   1  -3   0   3   0  -5  -2  -2    4   1  25  15   0   3   5   1   1   1   2   3   4   1   3  23   4   0   1   3  0.40 0.22
  250 G    -1  -3  -2  -2  -5  -4  -3   7  -3  -6  -6  -2  -5  -5  -4   0  -2  -5  -5  -5    4   1   1   2   0   0   1  78   1   0   0   2   0   0   1   6   3   0   0   0  1.47 0.44
  251 D    -1  -3   4   5  -4  -1   0   0  -2  -4  -5  -2  -4  -5  -2   2   2  -5  -3  -3    3   0  22  33   0   2   5   5   0   0   0   1   0   0   1  13  12   0   1   2  0.66 0.28
  252 F    -3  -4  -3  -3  -4  -1  -3  -3  -1  -2  -1  -4  -1   8  -4  -1  -1  -1   2  -1    2   0   1   2   0   3   2   2   1   1   3   1   1  63   0   5   5   0   5   5  1.14 0.39
  253 A     5  -4  -3  -4  -3  -3  -3   3  -2  -4  -4  -3  -3  -1   0  -1  -1  -4   0  -2   61   0   1   0   0   0   1  20   1   0   0   0   0   3   5   1   2   0   3   2  0.84 0.36
  254 L    -3  -4  -5  -6  -4  -2  -4  -5  -3   0   6  -4   0  -2   1  -4  -3  -4  -2  -1    1   0   0   0   0   2   0   0   1   3  79   0   0   1   8   0   1   0   1   2  1.12 0.41
  255 K    -1  -1   3   5  -4  -1   0  -2  -1  -5  -5   2  -4  -5  -3   3  -1  -5  -4  -4    3   2  14  34   0   1   4   1   1   0   0  16   0   0   0  22   1   0   0   0  0.72 0.30
  256 T    -3  -4  -2  -4  -4  -4  -4  -5  -5  -4  -5  -3  -4  -6  -4   0   8  -6  -5  -3    0   0   1   0   0   0   0   0   0   0   0   0   0   0   0   4  94   0   0   0  2.08 0.66
  257 L    -4  -5  -6  -6   3  -5  -5  -6  -5   2   6  -5  -1  -2  -4  -3  -3  -4  -4   0    0   0   0   0   6   0   0   0   0   9  80   0   0   0   0   2   0   0   0   3  1.27 0.43
  258 Y    -5  -5  -5  -5  -5  -5  -4  -6  -1  -4  -2  -5  -4   5  -6  -3  -4   3   8  -3    0   0   0   0   0   0   1   0   1   0   2   0   0  26   0   2   1   3  63   1  1.98 0.56
  259 Y    -5  -5  -6  -7  -6  -5  -6  -7  -2  -5  -4  -5  -4   2  -7  -5  -5  -1  10  -4    0   0   0   0   0   0   0   0   0   0   1   0   0   6   0   0   0   0  93   0  2.93 0.75
  260 G     4   0  -3  -4  -4  -3  -4   5  -4  -3  -4  -3  -4  -5  -4  -1  -2  -5  -5  -4   39   5   0   0   0   0   0  49   0   1   0   0   0   0   0   3   2   0   0   0  1.08 0.39
  261 E    -4  -3  -4  -2  -7  -1   8  -5  -3  -7  -6  -3  -5  -7  -4  -3  -4  -6  -5  -6    0   0   0   0   0   0  99   0   0   0   0   0   0   0   0   0   0   0   0   0  2.35 0.69
  262 F    -5  -5  -5  -6  -6  -5  -5  -6   0  -4  -4  -5  -4   4  -6  -4  -5  -1   9  -2    0   0   0   0   0   0   0   0   1   0   0   0   0  12   0   1   0   0  82   2  2.51 0.67
  263 M     1   1   2   0  -4   3   0   0  -2  -2  -1   1   5  -3  -3  -1  -2  -3  -3  -3   11   7  10   4   0  15   5   8   0   0   5  11  20   0   0   2   0   0   0   0  0.32 0.22
  264 N    -5  -4   9  -2  -1  -3  -4  -4  -3  -7  -7  -4  -6  -6  -5  -3  -3  -7  -6  -6    0   0  97   0   2   0   0   0   0   0   0   0   0   0   0   0   0   0   0   0  2.62 0.71
  265 N    -2   2   0  -2  -3  -1  -1  -3   0  -1  -3   1  -1   1  -3   1   3  -1   3  -1    1  15   4   1   0   1   4   1   2   3   0   7   1   6   0   9  27   0  13   4  0.31 0.21
  266 G    -3  -5  -3  -4  -6  -5  -5   7  -5  -7  -7  -5  -6  -6  -5  -3  -5  -6  -6  -6    0   0   0   0   0   0   0  98   0   0   0   0   0   0   0   0   0   0   0   0  2.37 0.61
  267 P     1  -3  -4  -3  -4  -4  -3  -2  -5  -5  -3  -4  -5  -6   8  -2  -3  -6  -5  -4   12   1   0   1   0   0   1   3   0   0   2   0   0   0  74   3   1   0   0   1  1.98 0.54
  268 G    -2  -4  -3  -4  -3  -5  -5   7  -5  -7  -6  -4  -6  -6  -5  -2  -4  -5  -6  -6    2   1   0   0   0   0   0  94   0   0   0   0   0   0   0   2   0   0   0   0  2.16 0.57
  269 A     5  -4  -3  -4  -3  -3  -3  -1  -4  -4  -4  -3  -4  -5  -3   4  -2  -3  -4  -3   59   0   0   0   0   0   0   4   0   0   0   0   0   0   0  36   0   0   0   0  1.16 0.45
  270 G     0  -2   3   2  -3  -2  -1   3  -2  -3  -4  -1  -3  -3  -2   2  -1  -4  -4  -1    9   2  17  14   0   1   1  25   0   0   1   3   0   1   1  20   1   0   0   4  0.44 0.21
  271 T    -3  -4  -3  -4  -3  -2  -3  -4  -4   0   0  -2   1  -3  -4  -1   6  -5  -4   1    0   0   0   0   0   2   0   0   0   4  10   2   3   0   0   1  65   0   0  11  1.04 0.42
  272 S     2   0   1   2  -3  -1  -1   1  -2  -3  -4   0  -3  -4  -3   3   1  -4  -4  -2   16   4   5  10   0   2   3  12   0   0   0   5   0   0   0  32   8   0   0   2  0.38 0.21
  273 K    -1   2   4  -1  -4   1  -1   3   0  -5  -4   3  -2  -4  -3   0  -2  -2  -3  -4    5  10  22   1   0   7   2  24   2   0   0  19   1   0   0   5   1   1   0   0  0.50 0.23
  274 R    -5   8  -4  -5  -7  -2  -3  -6  -4  -6  -6  -1  -5  -6  -6  -4  -5  -6  -5  -6    0  99   0   0   0   0   0   0   0   0   0   0   0   0   0   0   0   0   0   0  2.60 0.70
  275 V    -2  -6  -6  -6  -4  -5  -5  -6  -6   0  -2  -5  -2  -4  -5  -5  -3  -6  -4   7    2   0   0   0   0   0   0   0   0   2   0   0   0   0   0   0   0   0   0  94  1.89 0.58
  276 K    -2   1   3  -2  -5   1  -1  -3  -1  -4  -4   5  -3  -5  -2   0   2  -5  -4  -4    2   6  16   1   0   4   1   1   1   0   0  47   0   0   1   5  15   0   0   0  0.76 0.33
  277 W    -7  -7  -8  -8  -6  -6  -7  -7  -6  -7  -6  -7  -6  -3  -8  -7  -6  13  -2  -6    0   0   0   0   0   0   0   0   0   0   0   0   0   0   0   0   0  98   0   0  4.78 0.99
  278 P     0   1  -3  -3  -5  -1  -2  -1  -2  -4  -4   3  -4  -5   6   0  -1  -3  -4  -3    7   7   1   0   0   2   1   5   1   0   1  17   0   0  46   7   3   0   0   2  1.00 0.34
  279 G    -2  -4  -3  -4  -5  -4  -5   7  -5  -6  -6  -4  -5  -6  -5  -2  -2  -5  -6  -6    1   1   0   0   0   1   0  91   0   0   0   0   0   0   0   2   3   0   0   0  2.02 0.53
  280 Y    -4  -3  -5  -5  -4  -4  -5  -5   0   0  -1  -4  -3   5  -5  -4  -4  -1   8   0    1   1   0   0   0   0   0   1   2   6   5   0   0  25   0   0   0   0  52   5  1.44 0.43
  281 H    -4   4  -1  -3  -6   0  -2  -4   8  -5  -5   4  -3  -5  -4  -3  -3  -4  -2  -5    0  22   1   0   0   2   0   0  44   1   0  25   1   0   0   1   0   0   0   0  1.47 0.47
  282 V    -1  -1  -2  -3  -3  -1  -3  -3  -3   1   0   0  -1  -2   0  -1   0  -5  -3   5    3   3   2   0   0   3   1   2   1   4   5   7   0   1   4   3   6   0   0  54  0.50 0.27
  283 I    -3  -4  -1  -4  -4  -4  -4  -4  -5   6   2  -4   3  -1  -5  -2  -2  -5  -4   1    1   1   4   0   0   0   0   1   0  58  20   0   6   1   0   3   1   0   0   4  0.95 0.36
  284 T    -1   0   2  -1  -1  -1  -1  -2  -2   0   0   0   1  -2  -2   0   4  -3  -2  -1    2   4  12   2   1   3   2   2   1   6   8   6   5   2   2   3  37   0   1   2  0.30 0.18
  285 D    -2  -2   3   4  -3  -2  -1   0  -2  -4  -4  -2  -3  -4  -3   4   1  -4  -1  -3    1   1  15  22   0   1   1   6   0   0   1   1   1   0   0  37   9   0   2   1  0.64 0.29
  286 P     2   1  -2   0  -3   0   0  -2  -2  -3  -3   1  -2  -3   3   1   0  -2   0  -1   24   8   1   4   0   3   5   2   0   1   2   7   0   0  18  12   5   0   4   3  0.31 0.17
  287 A     2   0   1   1  -3   1   1  -2  -2  -2  -3   1  -2  -4  -2   2   2  -4  -2  -1   19   3   7   8   0   6  11   1   0   2   1   9   0   0   0  15  13   0   1   4  0.25 0.16
  288 K    -2  -2  -2   3  -5   3   6  -4   0  -3  -4  -2  -3  -4  -4  -2  -2  -3  -4   0    2   1   0  15   0  11  55   0   2   2   0   0   0   0   0   1   2   0   0   8  1.00 0.40
  289 A     7  -5  -5  -5  -4  -2  -4  -3  -5  -4  -4  -4  -4  -5  -4  -2  -3  -6  -5  -1   94   0   0   0   0   1   0   0   0   0   0   0   0   0   0   0   0   0   0   3  1.79 0.61
  290 M     1   0   1  -1  -2   1   0   0  -2  -1   0   0   1  -2  -2   2   1  -2  -1   0   13   3   6   1   0   6   6   5   0   2   8   4   4   1   0  21   8   1   2   6  0.11 0.11
  291 P    -1   2   3  -1  -4   3   0  -2   0  -4  -4   4  -2  -3   1  -1  -1  -2  -3  -4    3  10  17   2   0  14   5   1   2   0   1  30   1   1   6   4   3   1   1   0  0.52 0.25
  292 F    -6  -6  -7  -7  -6  -7  -7  -7  -4  -4  -3  -7  -4   9  -7  -6  -6  -1   4  -4    0   0   0   0   0   0   0   0   0   0   0   0   0  89   0   0   0   1  10   0  2.70 0.70
  293 T    -1  -4  -3  -4  -4  -4  -4  -4  -4  -4  -4  -4  -4  -6  -5   1   8  -6  -5  -3    3   0   0   0   0   0   0   0   0   0   0   0   0   0   0   6  88   0   0   0  1.95 0.65
  294 V     1  -5  -5  -6  -4  -5  -5  -4  -6   0  -2  -5  -2  -4   3  -4  -3  -6  -4   6   13   0   0   0   0   0   0   1   0   2   1   0   0   0  13   0   0   0   0  71  1.28 0.48
  295 A     2   0  -1   0  -3  -1   0   4  -1  -4  -3  -1  -3  -4  -3   1   0  -4  -1  -3   21   5   2   4   0   3   7  35   1   0   1   2   0   0   0  12   4   0   2   0  0.45 0.22
  296 K    -1   2   4  -1  -4   2   1  -2  -1  -4  -4   1  -3  -5   2   2  -1  -3  -3  -3    3  10  24   1   0  11   8   2   1   0   0   9   0   0   9  14   2   0   0   2  0.45 0.23
  297 L    -5  -6  -7  -7  -6  -6  -7  -7  -5  -3   1  -6  -1   9  -7  -6  -5  -1   0  -3    1   0   0   0   0   0   0   0   0   0  15   0   1  82   0   0   0   1   1   1  2.25 0.62
  298 I    -4  -5  -6  -6  -4  -5  -6  -6  -6   7   3  -5  -1   0  -6  -5  -2  -5  -2   0    0   0   0   0   0   0   0   0   0  62  28   0   0   4   0   0   2   0   1   3  1.31 0.44
  299 Q     1   0   0   2  -4   4   1  -1   2  -2  -1   0  -1  -3  -2   0  -1  -4  -1  -2   15   3   3  12   0  26   5   4   5   1   9   3   2   0   1   7   2   0   2   1  0.27 0.19
  300 G    -1  -5  -2  -4  -6  -4  -4   7  -5  -7  -7  -5  -6  -6  -5  -3  -5  -6  -6  -6    5   0   1   1   0   0   1  92   0   0   0   0   0   0   0   0   0   0   0   0  2.13 0.59
  301 G    -1  -1   4   4  -4   0   1   1   0  -4  -3  -1  -2  -4  -1   1  -1  -4  -2  -4    4   3  20  28   0   4   8  12   2   0   2   1   1   0   2  10   2   0   1   0  0.50 0.23
  302 S     0  -1   0   1  -3   1   0  -1  -1  -2   0   0  -1  -2  -1   3   2  -2  -2  -1    7   2   3   8   0   5   7   2   1   0  11   5   1   1   2  30  11   0   1   2  0.21 0.16
  303 W    -7  -7  -9  -9  -7  -7  -8  -7  -7  -7  -6  -8  -6  -2  -8  -7  -7  13  -2  -8    0   0   0   0   0   0   0   0   0   0   0   0   0   1   0   0   0  99   0   0  4.94 1.07
  304 L    -4  -5  -6  -6  -4  -5  -6  -7  -6   5   5  -5  -1  -2  -6  -5  -4  -5  -4   0    0   0   0   0   0   0   0   0   0  30  67   0   0   0   0   0   0   0   0   2  1.38 0.46
  305 R    -2  -1   1  -1  -5  -1  -2  -1  -2  -5  -5   2  -4  -6   7   0  -2  -4  -5  -4    3   3   7   2   0   2   2   5   1   0   0  12   0   0  54   7   2   0   0   1  1.24 0.41
  306 S     2  -1   0  -1  -3   1  -1   1  -3  -3  -3   0  -3  -3   1   3   0  -3  -1  -2   21   2   4   3   0   8   3   8   0   1   1   4   0   1   5  32   3   0   2   3  0.34 0.22
  307 T     0  -3  -2  -4  -4  -4  -4  -4  -5  -3  -3  -2  -3  -3  -4   1   7  -6  -3  -3    7   0   1   0   0   0   0   0   0   1   1   1   0   1   0   9  77   0   1   0  1.49 0.55
  308 G    -2  -2   1  -1  -5  -2  -4   6  -3  -6  -6  -2  -5  -6  -5   1  -2  -4  -5  -5    1   3   6   3   0   1   0  72   0   0   0   2   0   0   0   8   2   0   0   1  1.37 0.44
  309 V    -1  -5  -6  -6  -4  -5  -5  -5  -6   3  -2  -5  -2   2  -5  -3  -1  -5  -3   6    4   0   0   0   0   0   0   0   0  13   1   0   0   9   0   1   3   0   0  68  1.23 0.45
  310 A     0  -3  -3  -3  -5  -2  -3  -5  -5  -4  -5  -2  -5  -6   8  -1   1  -7  -6  -5    8   1   1   1   0   1   1   0   0   1   1   3   0   0  71   5   7   0   0   0  1.86 0.55
  311 Y    -4  -5  -4  -6  -4  -5  -6  -6   0  -3  -3  -6  -3   7  -6  -4  -5  -2   7   0    1   0   1   0   0   0   0   0   1   0   1   0   0  49   0   1   0   0  41   6  1.92 0.57
  312 V    -1  -1   0   2  -3   0  -1  -3  -1   0  -1   1  -1   0  -3   1   3  -2   0   0    2   2   2  11   0   4   3   0   2   7   4   8   1   5   0  11  28   1   3   6  0.21 0.17
  313 D     2  -3  -1   0  -3  -1   0   0  -2  -1   1  -2  -1  -1   2   3  -1  -4  -1  -2   19   0   2   5   0   1   5   7   0   2  16   1   1   2   9  25   1   0   2   1  0.22 0.18
  314 G    -3  -5  -1   0  -6  -4  -4   7  -5  -7  -7  -3  -6  -6  -5  -1  -2  -4  -6  -6    1   0   2   5   0   1   0  85   0   0   0   1   0   0   0   3   2   0   0   0  1.85 0.54
  315 L    -4  -5  -6  -6  -4  -5  -6  -6  -5   1   6  -5   2   3  -6  -5  -4  -4  -3  -2    0   0   0   0   0   0   0   0   0   5  79   0   5  11   0   0   0   0   0   0  1.40 0.46
  316 Y    -1  -1  -2  -2  -3  -2  -2  -2   3  -1  -1   0  -1   4  -2  -1  -1   3   5  -2    3   1   1   2   0   0   0   1   8   3   4  10   1  25   2   4   4   3  27   0  0.40 0.12
  317 D    -3  -2   6   4  -4  -1   2  -2  -1  -4  -5  -1  -3  -4  -3  -1  -1  -5  -3  -4    0   0  64  21   0   0  14   0   0   0   0   0   0   0   0   0   0   0   0   0  0.98 0.16

                      K         Lambda
Standard Ungapped    0.1338     0.3184
Standard Gapped      0.0651     0.2670
PSI Ungapped         0.2121     0.3142
PSI Gapped           0.0651     0.2670
