
Last position-specific scoring matrix computed, weighted observed percentages rounded down, information per position, and relative weight of gapless real matches to pseudocounts
            A   R   N   D   C   Q   E   G   H   I   L   K   M   F   P   S   T   W   Y   V   A   R   N   D   C   Q   E   G   H   I   L   K   M   F   P   S   T   W   Y   V
    1 F    -3  -4  -4  -5  -3  -3  -4  -5  -3   2   1  -4   5   3  -4  -3  -2  -2   3   4    0   0   0   0   0   0   0   0   0  10  12   0  20  15   0   0   0   0  11  33  0.68 0.28
    2 E     0  -3   2   6  -5   0   1   0  -4  -6  -6   0  -5  -6  -4   3  -3  -6  -5  -5    6   0   8  43   0   3   9   6   0   0   0   5   0   0   0  20   0   0   0   0  0.93 0.48
    3 N     3  -3   5   3  -5  -1  -2  -3   0  -5  -5  -3  -3  -6  -4   3   0  -6  -4  -4   23   0  25  14   0   3   2   1   3   0   0   1   1   0   0  20   6   0   0   1  0.73 0.47
    4 H    -3  -1   5   5  -7  -2   2  -3  -1  -5  -7   0  -6  -7  -3   0  -3  -7  -3  -5    2   3  23  37   0   1  15   2   2   0   0   5   0   0   1   6   1   0   1   1  1.03 0.57
    5 L    -4  -4  -4  -7  -5  -5  -6  -7  -6   1   5  -6   1   5  -7  -4  -3  -2   1  -1    1   1   1   0   0   0   0   0   0   8  54   0   2  22   0   1   2   0   4   3  1.23 0.62
    6 I    -4  -7  -5  -8  -6  -7  -7  -8  -8   7   0  -6   0  -4  -7  -7  -5  -7  -6   4    1   0   1   0   0   0   0   0   0  62   9   0   2   0   0   0   0   0   0  24  1.89 0.85
    7 S    -2   3   1   2  -6   3   2  -3   1  -5  -5   3  -5  -5  -4   1  -1  -6  -3  -3    3  15   6  12   0  12  14   1   3   0   1  17   0   0   0  10   3   0   1   1  0.55 0.41
    8 E     0   1   0   3  -5   2   1  -4  -1  -5  -4   2  -4  -5  -4   2   3  -6  -4  -4    7   7   4  16   0  11   8   1   1   0   1  12   0   0   0  12  18   0   0   1  0.51 0.41
    9 I     1  -5  -4  -6  -3  -4  -5  -5  -6   4   0  -4  -1  -3  -5   3   4  -6  -4   1   12   0   0   0   0   1   0   1   0  20   8   1   1   1   0  19  27   0   0   9  0.74 0.52
   10 C    -7  -5 -10 -11  12 -10 -11 -10 -10  -8  -8 -10  -8 -10 -10  -8  -8  -9 -10  -8    0   1   0   0  99   0   0   0   0   0   0   0   0   0   0   0   0   0   0   0  4.94 1.80
   11 P    -2   2   3  -2  -6   0  -1  -1  -1  -5  -4   5  -4  -5  -3   2   0  -6  -5  -3    3  11  12   2   0   4   3   4   1   0   1  30   0   0   1  18   6   0   0   2  0.64 0.47
   12 K     0   1   1  -2  -5   3  -1  -4   2  -3  -4   4  -3  -4  -3   1   1  -6  -4  -1    6   5   7   2   0  12   4   1   6   1   2  30   1   1   1  10   7   0   0   6  0.53 0.41
   13 T     1  -5  -1  -4   2  -3  -5  -5  -2  -4  -6  -3  -2  -6  -4   0   7  -8  -5  -4   12   1   3   1   4   1   0   1   1   1   0   1   1   0   1   6  64   0   0   1  1.53 0.88
   14 R     0   2  -1   2  -4   0   0  -3   0  -1   0   0  -2  -3   2   1   1  -3  -3  -2    6  11   2  12   0   4   4   2   2   4  11   5   0   1  12  11  11   0   0   2  0.21 0.23
   15 N    -5  -6   5   2  -7  -5  -3  -5   2  -5  -6  -1  -5   2  -7  -1  -3  -4   7  -5    1   0  22  11   0   0   1   1   4   1   0   4   0   9   0   5   1   0  39   1  1.41 0.78
   16 P    -2  -2  -2  -5  -4  -1  -4  -7  -1  -6  -7  -1  -7   0   6  -2  -4  -5   6  -5    4   3   2   0   0   3   1   0   2   0   0   4   0   4  43   4   1   0  29   1  1.56 0.86
   17 S     1  -1   2   4  -5   0   0  -3   0  -4  -5   1  -4  -5  -1   2   1  -4  -4  -3   12   3  10  25   0   3   6   2   2   1   0   7   0   0   3  16   8   0   0   1  0.52 0.40
   18 L    -5  -5  -5  -5  -6  -5  -3  -7  -2   0   5  -5  -1   5  -7  -4  -5  -5   1   1    1   0   1   1   0   0   2   0   1   4  50   1   1  23   0   1   0   0   4   9  1.18 0.63
   19 C    -8 -11 -10 -11  12 -10 -11 -10 -10  -8  -8 -10  -9 -10 -10  -8  -8 -10 -10  -8    0   0   0   0 100   0   0   0   0   0   0   0   0   0   0   0   0   0   0   0  5.03 1.85
   20 L    -3  -4  -3  -5  -5  -3  -2  -7  -5   3   1  -2   1   3  -6  -2  -1  -3   2   5    1   1   2   1   0   1   3   0   0  15  11   2   4  10   0   3   3   0   7  36  0.72 0.46
   21 Q     1   1   1  -1  -5   3   1  -4   1  -4  -5   2  -2  -5  -4   4   1  -5  -4  -4   13   6   6   3   0  11   7   1   3   1   0  10   1   0   0  27  10   0   0   1  0.53 0.45
   22 A     1  -5  -4  -5   1  -4  -4  -5  -6   0  -3  -5  -3   1  -6   5   3   2  -1   1    9   0   0   0   3   0   1   0   0   5   3   0   1   6   0  41  18   2   3   9  0.84 0.61
   23 L    -7  -8  -9  -9  -7  -7  -8  -9  -8   2   6  -8   0   2  -8  -8  -5  -7  -4  -2    0   0   0   0   0   0   0   0   0   9  78   0   2   7   0   0   0   0   0   3  1.92 0.93
   24 E     0   1   2  -3  -5   1   0  -1   0  -3  -2   2  -3  -4  -3   3   1  -6  -2  -2    7   6   8   1   0   7   5   4   2   1   5  15   1   0   1  26   7   0   1   2  0.36 0.34
   25 S     3  -1  -1  -1  -5  -2  -1  -1  -3  -3  -3  -2  -5  -5   2   5  -1  -7  -4  -2   21   3   3   4   0   2   3   4   1   1   2   2   0   0  10  38   4   0   1   2  0.66 0.53
   26 D    -2  -2   3   5  -4  -3  -3  -5   1  -2  -3  -2  -5   3  -6  -1  -2  -5   4  -3    3   3  13  33   0   1   1   0   4   2   3   3   0  10   0   5   2   0  15   2  0.84 0.54
   27 P     2  -3  -3  -5  -4  -4  -3  -4  -1  -6  -2  -1  -3  -4   7   0  -2  -7  -5  -5   17   1   1   0   0   1   1   1   2   0   5   4   1   1  53   8   2   0   0   1  1.40 0.80
   28 R    -1   3   1  -1  -5   1   1   1   1  -3  -3   1  -3  -5  -3   2   0  -5  -2  -2    5  18   7   4   0   6   8  12   3   2   2  10   0   0   1  14   5   0   1   2  0.32 0.29
   29 S     1  -4  -2  -4  -4  -4  -4  -1  -3   0  -4  -2  -5  -4  -2   6   2  -7  -5  -2   11   1   1   1   0   1   1   5   1   5   2   3   0   1   2  50  14   0   0   3  0.94 0.66
   30 A     2   0  -2  -2  -4   0  -1  -1   0   2  -1   1  -2  -1   2   1   0  -5  -3  -1   19   5   2   2   0   5   3   4   3  14   5   9   1   3   9   9   5   0   1   4  0.16 0.20
   31 S     0   0   1   0  -1   2  -2   1   1  -3  -4   2  -4  -4  -2   0   4  -6  -4  -4    8   4   7   5   2  11   2   9   3   1   1  13   0   1   2   8  23   0   0   1  0.40 0.36
   32 K     5  -1  -1  -2  -5   0  -3  -3  -5  -4   0  -2  -4  -3  -2   0   2  -6  -5  -2   47   3   3   2   0   4   1   2   0   1   9   2   0   1   2   6  14   0   0   2  0.74 0.54
   33 D    -3  -4   4   7  -7  -4  -3  -3  -6  -7  -6  -3  -7  -8  -3   3   0  -8  -7  -6    2   1  18  49   0   1   1   2   0   0   1   1   0   0   1  18   5   0   0   0  1.50 0.82
   34 L    -1  -2  -3  -2  -4  -3  -1  -4  -2   1   3  -2   0  -1   4  -2  -1  -5  -1   1    5   2   1   3   0   1   5   1   1   7  28   2   2   3  19   3   5   0   2  11  0.41 0.32
   35 K    -1   3   0  -2  -3   3   0  -2   2  -2  -2   2  -1  -1   0   1  -1  -4   0  -1    5  14   3   2   0  12   6   2   6   3   3  15   1   2   4   9   4   0   3   5  0.25 0.24
   36 G    -1   0  -1   2  -6   1   1   5  -2  -3  -2   0  -3  -6  -5   0  -1  -6  -6  -3    4   5   2  13   0   6   7  39   1   1   4   5   1   0   0   6   4   0   0   2  0.63 0.43
   37 L    -5  -7  -8  -6  -6  -7  -5  -8  -7  -1   6  -7  -1  -2  -7  -6  -5   1  -4   0    1   0   0   0   0   0   1   0   0   3  80   0   1   2   0   0   1   2   1   6  1.85 0.90
   38 G     6  -6  -4  -6   1  -5  -5   1  -6  -1  -1  -5  -2  -2  -5  -2   0  -6  -6   1   54   0   1   0   3   0   0  10   0   3   7   0   1   2   0   3   6   0   0  10  0.99 0.62
   39 Q     0   2  -1  -1  -3   2   0  -1   3   0   1   1   1  -2  -3   0  -1  -2  -1   0    7  11   3   3   0   9   6   3   7   5  13  10   3   1   1   5   4   0   2   7  0.12 0.14
   40 F     1  -6  -4  -6  -3  -6  -4  -5  -4   6   1  -5   1   0  -5  -3   1  -6   1   1   14   0   1   0   0   0   1   1   0  41  10   0   3   4   0   2   8   0   4  10  0.89 0.52
   41 S     5  -5  -4  -6  -4  -5  -3  -2  -6  -2  -1  -5   4  -4  -3   3   0  -7  -6  -1   40   0   0   0   0   0   1   4   0   3   7   0  10   1   1  20   6   0   0   5  0.85 0.60
   42 I    -1  -6  -5  -6  -5  -6  -6  -5  -7   4   3  -6   2   1  -6  -4   0  -6  -3   4    5   0   0   0   0   0   0   1   0  22  28   0   5   5   0   1   6   0   1  25  0.93 0.53
   43 D    -1   1   4   2  -4   1   1   0  -2  -4  -3   2  -3  -6  -5   2  -1  -6  -2  -4    5   6  19  12   0   6   8   6   1   1   2  12   1   0   0  14   4   0   2   1  0.44 0.36
   44 I     1  -4  -1  -3  -1   0  -3  -5  -3   2   2  -1   2  -1  -5  -2  -2  -3   1   3   14   1   3   1   1   4   1   0   1  11  17   5   6   2   0   2   2   0   5  24  0.40 0.31
   45 A     4  -5  -2  -3   0  -1  -4  -2  -3   1  -1  -4  -1  -5  -4   2   4  -4  -5   1   29   0   1   1   2   3   0   3   1   7   5   0   1   0   1  16  21   0   0   8  0.60 0.47
   46 Q     1   1  -2  -3  -3   1  -2  -3  -2   1   3   1   1  -1  -4   0  -1  -3  -1   0   11   7   2   1   0   7   3   2   1   8  27   8   3   2   0   8   4   0   2   4  0.21 0.22
   47 A     3   0   1   0  -4   1   0  -1   0  -2  -2   1  -2  -4  -3   2   1  -4  -2  -2   23   5   5   5   0   7   5   3   3   2   4   7   1   0   1  16   9   0   2   3  0.27 0.28
   48 S     0   1   5  -3  -6   0  -1  -3   3  -5  -4   3  -4  -3  -6   0   0  -6   0  -3    7   7  31   1   0   3   4   2   6   1   2  19   0   1   0   5   5   0   3   2  0.73 0.51
   49 A     5  -6  -6  -6  -3  -5  -6   0  -6   0  -2  -5  -1   0  -6  -1   2  -6  -3   2   52   0   0   0   0   0   0   7   0   4   4   0   1   4   0   4  10   0   1  12  0.99 0.64
   50 K    -1   1   2  -2  -4   1  -1  -2  -2  -2  -2   2  -2  -4  -4   2   4  -6  -1  -2    5   6  10   2   0   6   3   3   1   3   4  14   1   1   0  17  22   0   2   2  0.41 0.37
   51 Q     1  -1   3   3  -5   0   1   0   1  -3  -4   2  -4  -3  -4   2  -1  -2  -1  -3   10   3  12  14   0   3   8   6   3   1   2  11   0   1   0  17   4   0   2   2  0.34 0.31
   52 T     3  -6  -1  -6  -3  -6  -6  -3  -7   1  -1  -5   2  -6  -6  -1   6  -7  -6   0   21   0   3   0   1   0   0   2   0   7   5   1   5   0   0   4  45   0   0   7  1.09 0.72
   53 S     2   0  -2  -3  -2   0  -2  -2  -1   0   2   1   0  -1  -4   1  -1  -3  -1  -1   16   6   2   1   1   4   2   3   2   5  25   7   2   2   0  13   4   0   2   4  0.21 0.24
   54 K     2  -2   2   0  -1  -1  -1  -1   0  -3  -3   2  -4  -3  -3   2   1  -1   0  -2   19   2   9   6   1   3   4   5   2   2   2  12   0   1   0  18   8   1   4   3  0.27 0.29
   55 I    -1   0  -2  -2  -5   1  -2  -4   2   0   0   1   1   3  -5  -1   0  -1   5  -1    6   5   2   2   0   6   3   1   5   5   9   8   3  13   0   4   6   1  18   5  0.33 0.28
   56 I     1  -6  -6  -7  -3  -6  -5  -6  -6   5   2  -5   3   0  -5  -2  -2  -6  -4   3   10   0   0   0   0   0   1   1   0  35  15   1   7   4   1   3   2   0   0  19  0.95 0.54
   57 A     1  -1   1  -1  -2   1   0  -2   1  -2  -3   3  -2  -4  -2   3   0   0  -3  -3   14   3   7   4   1   7   5   3   4   2   2  17   1   0   1  20   6   1   1   2  0.32 0.31
   58 S     0   1   2   0  -3   1   1   0  -1  -4  -2   3  -1  -4  -3   2   0  -3  -2  -3    6   7   8   6   0   6   9   7   2   1   5  19   1   0   0  14   5   0   1   2  0.27 0.26
   59 L    -2  -3  -6  -5  -2  -2  -3  -5  -2   2   5  -4   2  -1  -6  -2  -4  -1  -3   1    3   1   0   1   1   2   2   1   1   9  58   1   5   2   0   3   1   1   1   7  1.02 0.59
   60 T     1   0  -1  -2  -3   0  -1  -1  -2   1   2   0   0  -1  -3   1   0  -4   0   0   11   4   2   2   0   4   3   4   1   8  22   6   2   2   1  14   6   0   3   4  0.13 0.17
   61 N     0   2   3   0  -6  -1  -1   0   1  -5  -4   5  -2  -3  -3   0  -2  -6  -1  -5    7  11  12   6   0   2   4   7   3   1   1  30   1   1   1   8   2   0   3   1  0.54 0.41
   62 Q     0   1   2   1  -5   2   0   0   1  -4  -2   2  -2  -4  -2   1   1  -5  -1  -2    6   6   9   8   0  10   5   9   3   1   4  15   1   1   1  11   8   0   2   2  0.24 0.24
   63 A     1  -1   1  -1  -2  -1   1   3  -1  -2  -4   0  -4  -3  -1   1   2  -5  -1  -1   14   2   7   3   1   2   8  19   1   2   1   6   0   1   2  11  13   0   2   4  0.28 0.27
   64 T    -1   0   1  -1  -4   0  -1  -1   0  -2   1   2   3  -2   0   1   2  -2  -2  -2    5   5   6   3   0   3   4   5   2   2  12  14   7   1   4  10  15   0   2   1  0.16 0.21
   65 D    -2  -1   1   6  -6  -2   0   0  -1  -5  -5   1  -2  -4  -1   0   0  -3  -2  -4    3   3   7  37   0   1   6   8   2   1   1  10   1   1   3   6   7   0   1   1  0.71 0.47
   66 P    -1   1  -2  -2  -6   0  -2  -1  -2  -4  -4   2  -2  -3   6  -1   0  -1  -2  -3    6   7   2   2   0   4   2   4   1   1   2  10   1   1  39   5   7   1   1   2  0.81 0.54
   67 K     0   3  -1   0  -3   1   0  -1   0  -2  -2   1  -1   0   0  -1   0  -2   1  -1    7  21   2   4   0   6   7   4   3   2   3   9   1   4   5   4   7   0   4   5  0.18 0.19
   68 L     0  -1  -1   0  -2   0   2  -3  -2   1   1  -2   0  -2  -3   0   0   0  -2   2    9   4   2   4   1   4  17   2   1   8  15   2   3   1   1   6   6   1   1  14  0.15 0.18
   69 K     0   3  -3  -2  -5   2   0  -2   0  -3  -2   4  -1  -2  -2  -2  -1   0   0  -1    7  18   1   2   0  10   6   3   2   2   3  25   1   2   2   3   3   2   4   4  0.43 0.35
   70 G     2   1   0   0  -3   2   1   0  -1  -3  -2   1  -1  -4  -1   1  -1  -5  -3  -1   17   7   4   4   1  12   8   8   1   2   3   8   1   1   3  12   3   0   1   4  0.21 0.23
   71 R     4   1  -3  -4   5  -2  -3  -2  -2  -2  -1  -1  -2  -4   1  -2  -2  -6  -2   0   38   6   2   1  13   2   1   4   1   2   6   3   1   1   6   3   2   0   2   7  0.63 0.46
   72 Y    -4  -7  -8  -8  -3  -7  -7  -8  -4   1   5  -7   2   0  -8  -5  -5  -1   5   0    1   0   0   0   1   0   0   0   0   6  58   0   5   3   0   1   1   1  18   5  1.46 0.79
   73 E     0   3   0   2  -5   1   1  -1   2  -4  -3   3  -2  -4  -5   1  -1  -3  -3  -3    9  14   5  10   0   6   7   5   5   1   3  16   1   0   0  11   4   0   1   1  0.35 0.31
   74 T    -1  -3  -1   6  -6  -1   0  -3   0  -1  -2  -3  -4  -2  -5   0   1  -4  -2   0    6   1   2  42   0   3   6   2   2   3   5   1   0   2   0   8   9   0   2   6  0.73 0.48
   75 C    -7  -9  -9  -9  12  -9  -9  -9  -9  -8  -8  -9  -8  -9  -9  -8  -8  -9  -9  -8    0   0   0   0  98   0   0   0   0   0   0   0   0   0   0   0   0   0   0   0  4.91 1.82
   76 S     1  -1  -3  -3  -4   0  -2  -3  -2   2   2  -1   0   0  -4   1  -2  -3  -1   2   13   3   1   1   0   4   3   2   1  10  19   5   2   5   0  10   2   0   2  17  0.23 0.22
   77 E    -2  -1  -1   3  -7   0   6  -1  -2  -4  -5   0  -2  -3  -5   0  -1  -3  -4  -2    3   3   2  14   0   4  44   5   1   1   1   6   1   1   0   6   3   0   0   3  0.84 0.55
   78 N    -1   0   3   1  -1   0   1  -2  -1  -2   2   1  -1  -1  -3   0  -1  -2  -1   0    5   5  14   7   2   5  10   2   2   1  20   7   2   2   1   6   3   1   2   6  0.15 0.18
   79 Y    -7  -7  -7  -8  -2  -7  -7  -8  -2   1   0  -7   2   3  -8  -6  -6  -2   9  -2    0   0   0   0   1   0   0   0   1   7  10   0   5  10   0   0   0   0  62   2  2.24 1.04
   80 A    -1  -1   2   2  -5   0   1   2  -2  -2  -2   1  -4  -4  -4   2  -1  -5  -3  -2    5   3   9  13   0   5  11  17   1   3   4   8   0   1   0  15   4   0   1   2  0.31 0.27
   81 D     0  -3   0   6  -6  -2   1  -2  -3  -3  -3  -2  -3  -3  -2   0   0  -4  -1  -3    8   2   4  45   0   1   9   4   1   2   4   3   1   1   2   6   5   0   2   2  0.81 0.52
   82 A     6  -6  -6  -6  -2  -6  -6  -2  -6   1  -3  -6  -1  -6  -6   2   0  -7  -6   0   58   0   0   0   1   0   0   3   0   6   2   0   1   0   0  15   5   0   0   7  1.25 0.74
   83 I    -1  -1  -1  -3  -5  -5  -3  -4  -5   4   2  -3   0  -2  -4  -3  -1  -6  -3   5    6   4   3   1   0   0   2   1   0  21  15   2   2   1   1   2   3   0   1  35  0.69 0.42
   84 D     0  -2   1   6  -6  -2   1  -1  -1  -5  -5   0  -5  -4  -2   1  -3  -2   1  -4    9   2   7  38   0   2   8   5   2   0   1   6   0   1   2   8   2   1   5   2  0.71 0.47
   85 S     1   1   2   2  -3   2   2  -2   1  -4  -2  -1  -2  -3  -4   1   0  -1  -1  -3   14   7  10  11   1  10  13   2   3   0   4   3   1   1   1  11   4   1   2   1  0.29 0.27
   86 L    -5  -3  -5  -8  -4  -6  -7  -8  -5   2   6  -7   1   2  -7  -7  -5  -6  -3   1    1   2   1   0   0   0   0   0   0  11  65   0   3   7   0   0   1   0   1   8  1.45 0.73
   87 G    -1   2   0   2  -5   2   2  -1   2  -4  -3   2  -3  -5   2   1   0  -5  -3  -2    5  10   5  11   0   8  11   5   4   1   2  10   0   0  10   9   5   0   1   2  0.31 0.27
   88 Q     0   1   0   3  -5   3   3  -1  -1  -3  -3   1  -2  -5  -4   0  -1  -6  -2  -2    8   8   4  16   0  13  16   5   1   2   2   9   1   0   0   6   3   0   2   3  0.39 0.32
   89 A     6  -6  -6  -6   0  -6  -5  -3  -6  -4  -4  -6   0  -7  -6   4  -1  -7  -7  -3   55   0   0   0   2   0   0   2   0   1   2   0   2   0   0  28   4   0   0   2  1.43 0.83
   90 K     0   0  -3  -3  -4  -1  -2  -3  -2   3   3   0   2  -1  -2  -2  -1  -1  -2   2    8   5   1   2   0   3   2   2   1  15  27   7   4   2   2   3   3   1   1  13  0.29 0.24
   91 Q     1   1   0   2  -4   2   2   1  -1  -3  -4   3  -2  -5  -2   0  -1  -6  -3  -2   13   8   5  10   0   8  11  10   1   1   1  15   1   0   2   5   4   0   1   3  0.28 0.26
   92 F     3  -4   0   2  -2  -1   2  -1   0  -3  -2  -2  -3   0  -5   2  -2  -3   1  -2   27   0   5  11   1   3  13   4   2   1   4   2   0   4   0  14   1   0   4   3  0.39 0.35
   93 L    -3  -6  -7  -6  -6  -7  -7  -5  -5   3   5  -7   4   2  -4  -5  -4  -6   0   1    2   0   0   0   0   0   0   1   0  12  52   0   8   9   1   1   1   0   3  10  1.17 0.63
   94 T     2   1   1   0  -5   0   0   0  -1  -4  -2   4  -2  -2  -3   1   0  -3  -4  -4   15   7   6   6   0   4   5   6   1   0   5  24   1   2   1   9   5   0   0   1  0.34 0.30
   95 S     2   1  -1  -1  -3   1   0  -1  -1  -3  -3   1  -1  -4  -4   3   1  -4  -4  -2   15   7   3   4   1   7   7   5   1   1   3   8   2   1   0  25   7   0   0   3  0.31 0.30
   96 G    -1   2   0  -1  -6   1   1   4   0  -5  -4   3  -4  -1  -4  -2  -3   4  -4  -5    4   9   5   3   0   5   8  29   2   0   2  19   0   2   0   3   1   5   0   0  0.61 0.43
   97 D     0   1   2   5  -7   2  -2  -4   3  -4  -6   0  -4  -5  -6   1  -2  -7  -4  -3    9   7   8  35   0   7   2   1   7   1   0   7   0   0   0   8   3   0   1   2  0.78 0.51
   98 Y    -3  -5  -5  -5  -5  -5  -5  -5  -2   0  -1  -3   5   4   1  -3  -3  -2   7  -2    2   1   1   1   0   0   1   1   1   5   6   2  12  14   7   2   2   0  41   3  1.34 0.73
   99 N     0   0   0   4  -5   0   0   1  -2  -3  -3   1  -2  -1  -2   2  -2  -1  -1  -2    7   4   4  21   0   4   4  12   1   1   3  10   1   2   2  17   1   1   2   3  0.32 0.29
  100 S    -2  -2   3   4  -6  -2   0   0  -3  -3  -2  -1  -3   2  -4   0   1  -5   2  -3    3   2  16  25   0   1   7   7   0   1   3   4   1   8   0   6   8   0   6   2  0.48 0.37
  101 L     5  -5  -6  -7  -3  -6  -6  -5  -6   1   1  -5   1  -2  -6  -3  -1  -7  -3   4   42   0   0   0   1   0   0   1   0   6  12   1   3   2   0   2   3   0   1  26  0.98 0.60
  102 N    -2   0   4  -1  -5   3   2  -4  -1  -2  -1   1   1   0  -3   0  -1  -5   0  -1    3   4  18   3   0  16  12   1   2   2   5   8   3   4   1   8   3   0   3   4  0.36 0.32
  103 I    -1  -2  -1   0  -5   0  -2  -4  -1   1  -2  -1   1  -3  -5   0   5  -3   1   2    4   2   3   5   0   5   3   1   1   6   3   4   4   1   0   7  32   0   5  12  0.46 0.39
  104 Y    -1  -1   0   0  -3   0  -2   0   4  -3  -1  -1   2  -2  -4  -1  -4   9   0  -2    6   3   5   5   1   3   3   7   9   1   6   4   4   1   1   5   1  28   3   4  0.89 0.53
  105 A     1  -6  -5  -6  -4  -5  -4  -4  -7   2   3  -6   4  -3  -6  -5  -2  -6  -4   5   13   0   0   0   0   0   1   1   0   9  24   0  11   1   0   1   3   0   0  33  0.94 0.55
  106 S    -1  -1   1  -1  -4  -3  -2   0  -5  -4  -3  -1  -1  -3  -6   6  -1  -4  -2  -2    5   4   6   3   0   1   3   6   0   1   2   4   1   1   0  54   3   0   1   3  0.93 0.64
  107 A     5  -3  -2   2  -2  -2  -2   0  -3  -3  -3  -1  -5  -4  -3   1  -1  -7  -4  -2   50   1   2  10   1   1   3   7   0   1   2   3   0   1   1   9   3   0   1   3  0.81 0.55
  108 A     6  -7  -7  -6  -4  -6  -7  -2  -7  -1  -5  -6  -3  -7  -6  -2   1  -8  -7   2   67   0   0   0   0   0   0   3   0   3   1   0   1   0   0   2   8   0   0  14  1.58 0.88
  109 F     1  -1  -3  -5  -4  -1  -2   0  -4   1   3  -1   4   0  -3  -1  -1  -3  -3   0   11   3   1   0   0   2   2   6   0   8  30   4  12   4   1   4   3   0   1   6  0.36 0.29
  110 D     0  -2   0   3  -4  -2   1   0  -4  -2  -4  -1  -4  -4  -4   0   4  -4  -4  -1    7   3   5  17   0   1   9   6   0   3   2   4   0   1   1   6  30   0   1   5  0.52 0.42
  111 G     2  -3   2   5  -4  -1   2  -1  -3  -3  -4  -2  -2  -4  -5  -1  -3  -2   3  -3   18   1  10  28   0   2  12   4   0   2   1   2   1   1   0   3   1   1  10   2  0.65 0.47
  112 A     3  -5  -4  -2  -3   1   2  -2  -1   1  -4  -4   1  -4   4   0  -1  -6  -3   1   23   0   0   2   0   6  13   3   2   8   1   0   3   1  17   6   3   0   1  11  0.47 0.40
  113 G    -1  -1   2   4  -5   0   1   0  -2  -2  -4  -1  -3  -2  -4   2   1  -3   0  -1    5   3   9  26   0   4   9   6   1   2   1   3   1   2   0  13   8   0   3   4  0.42 0.35
  114 T    -1  -3  -1   1  -6  -5  -2  -4  -1  -3  -2  -4  -1  -5  -6   2   6  -7  -1   0    6   1   3   7   0   0   3   1   1   1   4   1   1   0   0  12  48   0   3   8  0.95 0.64
  115 C    -8 -11 -10 -11  12 -10 -11 -10 -11  -9  -9 -11  -9 -10 -10  -6  -8 -10 -10  -5    0   0   0   0  98   0   0   0   0   0   0   0   0   0   0   1   0   0   0   1  4.96 1.85
  116 E    -3   1   0   2  -6   1   5  -2  -1  -2  -1  -1   1  -6  -5  -1   1  -7  -5  -3    2   7   4   9   0   5  39   3   2   3   7   3   3   0   0   4   8   0   0   2  0.64 0.47
  117 D     0  -2   3   6  -7  -1   2  -3  -2  -5  -5  -1  -2  -5  -5   0   0  -3  -4  -4    7   2  12  41   0   3  10   2   1   1   1   4   1   1   0   5   6   0   1   1  0.89 0.55
  118 S     1  -4  -1  -1  -4   1   1   5  -4  -3  -2  -1  -2  -5  -5   0  -2  -6  -4  -2   12   1   3   4   0   5   9  40   0   2   5   3   1   0   0   8   2   0   0   2  0.64 0.44
  119 F    -6  -8  -7  -6   2  -8  -8  -7  -7  -1   2  -8  -3   9  -8  -7  -6   1   0  -4    1   0   0   1   4   0   0   0   0   4  15   0   1  69   0   0   0   2   2   1  2.35 1.02
  120 E     1   1   0  -1  -5   2   2  -1  -1  -4  -3   3  -1  -3  -1   2  -1  -5  -3  -3   11   7   4   3   0   7  13   4   2   1   2  21   1   1   3  15   3   0   1   2  0.34 0.30
  121 G    -2   2  -1   2  -5  -1   3   4  -1  -3  -5  -1  -3  -4  -4   0   0  -3  -3  -4    3   9   2  12   0   3  19  28   1   1   1   3   1   1   0   6   7   0   1   1  0.54 0.39
  122 P     0   2   0   0  -3   0   0  -2  -1   0  -1   2   1  -2   2   0  -1  -4  -1   1    6  12   4   7   0   3   5   3   1   5   5  13   4   2   9   7   2   0   2  10  0.12 0.14
  123 P     1  -1   0   0  -3  -2   0   1  -1  -3  -3   2  -3  -3   3   1  -1  -4  -3  -2   11   3   4   6   0   1   7  11   1   2   3  15   0   1  17  10   3   0   1   2  0.32 0.25
  124 N     0  -1   1   2  -4   0   0   3  -1  -3  -4   2  -3  -3   2   0  -1  -3  -3  -2    6   3   7  10   0   3   5  23   1   1   1  14   1   1  10   5   3   0   1   4  0.34 0.26
  125 I    -1  -1  -1   0  -1  -1   0  -1  -1   1   1  -1   0  -1  -1  -1   0  -3   1   3    5   4   3   6   1   3   7   5   2  10  11   3   2   1   4   4   4   0   6  22  0.09 0.12
  126 P    -1   0  -2   0  -4  -1  -1  -3  -3  -1  -3   3  -3  -3   5  -1   0  -5  -4   0    5   4   2   5   0   3   3   2   0   3   2  21   0   1  27   5   7   0   1   8  0.58 0.38
  127 T     1  -3   1   0  -4   0  -2  -3  -5  -2  -4  -2  -3  -4   1   5   1  -6  -4  -2   10   1   5   4   0   4   2   1   0   2   1   3   1   1   8  44   9   0   1   3  0.72 0.53
  128 Q    -1  -4  -3   0  -6   1   1  -3  -1  -2  -1  -1  -2  -2   6   0  -1  -3  -3  -1    6   1   1   6   0   6  10   2   1   2   6   4   1   2  38   6   3   0   1   4  0.73 0.49
  129 L    -4  -7  -6  -8  -4  -5  -7  -8  -5   2   5  -5   3   1  -6  -6  -4  -6  -5   3    1   0   0   0   0   0   0   0   0  12  52   1   7   6   0   0   1   0   0  19  1.29 0.68
  130 H     2   2  -3  -2   1  -2  -3  -2  -1  -1  -2   1   0  -2  -2   1   3  -3  -4  -1   18  12   1   2   2   1   1   3   1   3   4   9   3   2   1  10  22   0   0   5  0.33 0.32
  131 Q     1   1   1   2  -4   1   0  -1  -1  -4  -4   3  -1  -4  -2   0   0  -3  -2  -1   12   7   8  13   0   6   5   5   1   1   1  20   1   1   1   5   6   0   2   4  0.30 0.27
  132 A    -1   5  -1  -1  -5   0   2  -3  -1  -2  -2   2   1  -4  -5  -2  -2  -1   0  -1    4  33   2   4   0   3  14   2   1   2   4  11   3   1   0   2   2   1   4   4  0.58 0.42
  133 D    -2  -5   6   2  -2  -4   1  -4  -5   1  -3  -4  -1  -5  -6   1  -1  -7  -6   1    3   0  36  12   1   0   8   1   0   9   3   1   2   0   0  10   4   0   0  11  0.86 0.57
  134 L    -1   2   1   2  -4   1   1  -1   0  -2  -1   2   0  -2  -4   0   0  -3   0   0    6  10   8  10   0   5   8   4   2   2   5  13   2   1   0   7   5   0   3   8  0.15 0.17
  135 K     0  -1   3   2  -4   0   1  -1   0   0  -1   1  -1  -1  -3  -1  -1  -2   0   1    9   3  13  13   0   3  10   5   2   5   4   7   2   2   0   3   3   0   4   9  0.15 0.17
  136 L    -1  -6  -6  -7  -4  -6  -5  -7  -6   2   3  -6   3   4  -7  -4  -2  -5   0   4    5   0   0   0   0   0   0   0   0   9  29   0   8  15   0   1   2   0   2  28  0.98 0.55
  137 E     1   2  -1  -1  -3   1   1  -2   2  -1  -3   2  -1   2  -4   1   0  -3  -2  -2   12  10   3   3   1   6   8   3   5   3   2  13   1  10   0   9   6   0   1   3  0.20 0.22
  138 D    -4   2   1   3  -4   4   1  -4   2  -1  -5   3  -2  -5  -6  -3  -4  -3   0  -5    1  11   7  15   0  20  10   1   5   3   1  18   1   0   0   1   1   0   3   1  0.71 0.50
  139 L    -4  -3  -7  -5  -5  -2  -3  -5  -1   2   5  -5   4   1  -7  -5  -3  -4  -2   2    1   1   0   1   0   2   2   1   1  11  50   1   9   5   0   0   2   0   1  12  0.99 0.56
  140 C     2  -6  -3  -6   8  -5  -6  -2  -7   0  -3  -6  -3  -4  -6   2   4  -7  -6   0   14   0   1   0  28   0   0   4   0   5   2   0   0   1   0  15  21   0   0   6  1.18 0.68
  141 D     0  -2   2   2  -4  -1  -1   0  -1  -3  -3  -1  -3  -6  -5   4   0  -6  -2  -1    8   2   9  12   0   2   4   6   1   2   3   3   0   0   0  35   5   0   1   5  0.51 0.43
  142 I    -4  -7   5  -4  -7  -7  -7  -7  -7   6  -2  -7   2  -4  -8  -5  -5  -8  -5   3    1   0  27   1   0   0   0   0   0  42   3   0   5   1   0   0   0   0   0  21  1.59 0.82
  143 V     5  -6  -4  -3   4  -6  -6  -2  -6   1  -2  -6  -3  -4  -3   0   1  -7  -6   1   49   0   1   2   7   0   0   3   0   9   3   0   1   1   2   6  10   0   0   8  0.94 0.61
  144 L     0   0  -6  -6  -3  -5  -4  -4  -7   0   5  -3   2  -1  -7  -2  -4  -3  -3  -1    7   5   0   0   0   0   1   2   0   4  62   2   5   2   0   3   1   0   1   4  1.04 0.61
  145 V     5  -4  -3   1   0  -4  -3   0  -4  -1  -3  -4  -1  -4  -5   1  -2  -6  -2   2   42   0   1   9   2   0   1   6   0   4   3   0   1   0   0  11   2   0   2  15  0.68 0.50
  146 I    -4  -8  -8  -8  -6  -7  -8  -9  -8   7   3  -8   1   2  -8  -6  -5  -7  -5   1    1   0   0   0   0   0   0   0   0  53  25   0   3   8   0   0   0   0   0   9  1.63 0.78
  147 S     0  -5  -1  -6  -1  -4  -4  -3  -5   5  -1  -5   0  -2  -6   1   2  -6  -5   3    8   0   3   0   1   0   1   2   0  34   4   0   2   1   0  11  12   0   0  20  0.77 0.49
  148 N    -2   1   6   2  -7  -1  -2  -2   2  -7  -5   3  -6  -7  -6   0   0  -7  -6  -5    4   8  38  11   0   2   2   2   4   0   1  16   0   0   0   7   5   0   0   0  0.98 0.59
  149 L    -2   1  -1  -5   0   0  -4  -5   0   1   4   0   5   0  -4  -1  -2  -4  -2  -1    2   8   3   0   2   4   1   0   2   6  37   6  14   4   0   4   2   0   1   2  0.55 0.39
  150 L    -7  -6  -9  -9  -6  -7  -8  -9  -5   1   6  -8   0   3  -8  -8  -6  -6  -5  -4    0   0   0   0   0   0   0   0   0   6  81   0   2  10   0   0   0   0   0   0  2.00 0.92
  151 P     5  -5  -4  -5  -5  -4  -4  -4  -5  -5  -6  -4  -5  -6   5   4  -3  -6  -6  -5   42   0   0   0   0   0   0   0   0   0   0   0   0   0  27  31   0   0   0   0  1.37 0.67

                      K         Lambda
Standard Ungapped    0.1306     0.3134
Standard Gapped      0.0483     0.2670
PSI Ungapped         0.1602     0.3124
PSI Gapped           0.0483     0.2670
