
Last position-specific scoring matrix computed, weighted observed percentages rounded down, information per position, and relative weight of gapless real matches to pseudocounts
           A  R  N  D  C  Q  E  G  H  I  L  K  M  F  P  S  T  W  Y  V   A   R   N   D   C   Q   E   G   H   I   L   K   M   F   P   S   T   W   Y   V
    1 I   -2 -3 -4 -4 -2 -3 -4 -4 -4  5  2 -3  1  0 -3 -3 -1 -3 -2  2    0   0   0   0   0   0   0   0   0  83  17   0   0   0   0   0   0   0   0   0  0.46 0.03
    2 E    0 -1  0  4 -3  1  4 -2 -1 -3 -3  0 -3 -4 -2  1 -1 -4 -3 -3    4   0   0  32   0   0  48   0   0   0   0   4   0   0   0  12   0   0   0   0  0.59 0.05
    3 E   -1 -1  0  2 -3  1  4 -2 -1 -1 -2  0 -2 -3  1  2  0 -3 -2 -1    0   0   0  13   0   4  41   0   0   5   1   0   0   0   6  23   3   0   0   4  0.38 0.06
    4 E   -2 -2  0  6 -4  0  3 -2  1 -4 -4 -1 -4 -4 -2 -1 -2 -5 -3 -4    0   0   0  70   0   0  26   0   4   0   0   0   0   0   0   0   0   0   0   0  1.01 0.11
    5 L   -2 -3 -3 -3 -3 -2 -2 -3 -3 -2  2 -2 -1 -3  7 -2 -2 -4 -3 -2    0   0   0   0   0   0   0   0   0   0  26   0   0   0  74   0   0   0   0   0  1.55 0.14
    6 L   -2 -3 -4 -4 -2 -3 -4 -4 -3  3  4 -3  3  0 -4 -3 -2 -2 -2  1    0   0   0   0   0   0   0   0   0  18  68   0  13   0   0   0   0   0   0   0  0.60 0.09
    7 L   -1 -1 -4 -4 -2 -1 -3 -4 -3  3  4 -2  1  0 -3 -3 -1 -3 -2  1    3   3   0   0   0   4   0   0   0  34  53   0   0   0   0   0   0   0   0   3  0.42 0.08
    8 Q   -2  0 -1  1 -4  6  3 -3 -1 -4 -2  0 -2 -4 -2 -1 -2 -3 -3 -3    0   0   0   5   0  74  18   0   0   0   3   0   0   0   0   0   0   0   0   0  0.92 0.15
    9 Q   -2  0 -1 -1 -4  7  1 -3 -1 -4 -3  0 -2 -4 -2 -1 -2 -3 -3 -3    0   0   0   0   0 100   0   0   0   0   0   0   0   0   0   0   0   0   0   0  1.37 0.20
   10 I   -2 -3 -4 -4 -2 -3 -4 -4 -4  5  1 -3  5 -1 -4 -3 -2 -3 -2  1    0   0   0   0   0   0   0   0   0  69   2   0  29   0   0   0   0   0   0   0  0.71 0.13
   11 D   -2 -1  4  4 -3  0  2 -1  1 -4 -4  0 -3 -1 -2  1 -1 -4 -2 -3    0   0  25  37   0   0  13   3   4   0   0   6   0   4   0   9   0   0   0   0  0.52 0.07
   12 N   -2 -2  6 -1 -3 -2 -2 -2 -1  3 -1 -2 -1 -2 -3 -1 -1 -4 -3  0    0   0  60   0   0   0   0   0   0  40   0   0   0   0   0   0   0   0   0   0  0.64 0.13
   13 I   -2 -4 -4 -4 -2 -3 -4 -5 -4  5  2 -3  1 -1 -4 -3 -1 -3 -2  3    0   0   0   0   0   0   0   0   0  75  14   0   0   0   0   0   0   0   0  11  0.67 0.11
   14 K   -2  5 -1 -2 -4  0  0 -3  1 -4 -3  5 -2 -4 -2  0  0 -4 -2 -3    0  38   0   0   0   0   0   0   4   0   0  51   0   0   0   3   4   0   0   0  0.69 0.11
   15 A    3 -1  0 -2 -2 -1 -2  3 -2 -3 -3 -1 -2 -3 -2  2 -1 -3 -3 -2   46   3   4   0   0   0   0  29   0   0   0   0   0   0   0  18   0   0   0   0  0.46 0.08
   16 Y   -3 -3 -3 -4 -4 -3 -3 -4  1 -2 -2 -3 -2  4 -4 -3 -3  1  8 -2    0   0   0   0   0   0   0   0   0   0   0   0   0  13   0   0   0   0  87   0  1.49 0.18
   17 I   -2 -4 -4 -4 -2 -4 -4 -5 -4  6  2 -4  1 -1 -4 -3 -2 -3 -2  2    0   0   0   0   0   0   0   0   0  82  13   0   0   0   0   0   0   0   0   4  0.74 0.12
   18 F   -2  2  0  0 -3  1  0 -3  0 -2 -1  3 -1  4 -3 -1 -2 -1  1 -1    0  12   3   6   0   5   3   0   3   0   0  29   0  36   0   0   0   0   0   3  0.31 0.07
   19 D   -2 -1  0  4 -4  6  2 -3 -1 -4 -4  0 -2 -4 -2 -1 -2 -4 -3 -3    0   0   0  36   0  60   4   0   0   0   0   0   0   0   0   0   0   0   0   0  0.90 0.14
   20 A    6 -2 -2 -3 -1 -2 -2 -1 -3 -2 -2 -2 -2 -3 -2  0 -1 -4 -3 -1  100   0   0   0   0   0   0   0   0   0   0   0   0   0   0   0   0   0   0   0  0.86 0.15
   21 K   -1  4 -1 -1 -4  1  1 -2 -1 -4 -3  5 -2 -4 -2 -1 -1 -4 -3 -3    4  34   0   0   0   3   6   0   0   0   0  52   0   0   0   0   0   0   0   0  0.69 0.10
   22 Q    1  0 -1  0 -3  4  2 -2  2 -2 -1  1 -1 -3 -2  0 -1 -3 -2 -2   21   0   0   3   0  33  20   0   6   0   8   4   0   0   0   3   2   0   0   0  0.33 0.07
   23 C    3 -2  0  2  4 -1  0 -1  0 -2 -3 -1 -2 -3 -2  2 -1 -3 -2 -2   42   0   1  19  15   0   3   0   2   0   0   0   0   0   0  17   0   0   1   0  0.36 0.08
   24 G   -1  0  0 -2  3  0 -2  5 -2 -3 -2  0  1 -3 -3 -1 -2 -3 -3 -3    0   5   6   0   9   6   0  57   0   0   3   8   8   0   0   0   0   0   0   0  0.54 0.08
   25 R   -2  6  1 -2 -4  0 -1 -3 -1 -4 -3  3 -2 -4 -3 -1 -2 -4 -3 -3    0  77   6   0   0   0   0   0   0   0   0  18   0   0   0   0   0   0   0   0  0.99 0.13
   26 L   -2 -3 -3 -4 -2 -2 -3 -4 -2  0  3 -3  3  4 -4 -2 -2  5  3 -1    1   0   0   0   0   0   0   0   0   0  35   0  16  22   0   1   1  12  12   0  0.52 0.08
   27 D   -3 -2  0  7 -5 -1  3 -2 -2 -4 -5 -1 -4 -5 -2 -1 -2 -5 -4 -4    0   0   0  85   0   0  15   0   0   0   0   0   0   0   0   0   0   0   0   0  1.25 0.15
   28 E   -2 -1 -1  1 -4  1  6 -3 -1 -3 -4  0 -3 -4 -2 -1 -2 -4 -3 -1    0   0   0   0   0   0  94   0   0   0   0   0   0   0   0   0   0   0   0   6  1.09 0.16
   29 V   -1 -3 -4 -4 -2 -3 -3 -4 -4  2  0 -3  1 -2 -3 -3 -1 -4 -2  5    0   0   0   0   0   0   0   0   0   6   0   0   3   0   0   0   0   0   0  91  0.75 0.13
   30 E    1  1  0  1 -3  1  4 -2 -1 -3 -3  1 -2 -4 -2  0 -1 -3 -3 -2   18  10   3   5   0   2  50   0   0   0   0   7   0   0   0   0   3   0   0   2  0.45 0.08
   31 V    0 -2 -2 -3 -1 -2 -2 -3 -3  1  1 -2  3 -1 -2  0  3 -3 -2  2    3   0   0   0   0   0   0   0   0   6   9   0  18   0   0   4  32   0   0  28  0.29 0.07
   32 L   -2 -3 -4 -4 -2 -1 -3 -4 -3  1  5 -3  1  0 -4 -3 -2 -2 -2  0    0   0   0   0   0   4   0   0   0   0  96   0   0   0   0   0   0   0   0   0  0.77 0.13
   33 T   -1 -1 -1  0 -3  3  4 -2 -1 -3 -3  0 -2 -4 -2  1  3 -3 -2 -2    1   0   0   0   0  16  44   0   0   0   0   2   0   0   0   7  29   0   0   0  0.53 0.10
   34 E    0  1  1  1 -3  2  4 -1  1 -3 -2  0 -2 -3 -2  0 -1 -3 -2 -3    8   7   5   3   0  11  52   4   3   0   6   0   0   0   0   3   0   0   0   0  0.44 0.08
   35 N   -3 -1  7  0 -4 -1 -1 -1  0 -4 -5  0 -3 -4 -3  0 -1 -5 -3 -4    0   0  96   0   0   0   0   0   0   0   0   4   0   0   0   0   0   0   0   0  1.31 0.17
   36 L   -2 -3 -4 -5 -2 -3 -4 -5 -4  1  5 -3  1  0 -4 -3 -2 -3 -2  0    0   0   0   0   0   0   0   0   0   0 100   0   0   0   0   0   0   0   0   0  0.85 0.13
   37 R   -2  5 -1 -2 -4  0 -1 -2  2 -4 -3  4 -2 -1 -2  0 -2 -3 -2 -3    0  53   0   0   0   0   0   2   6   0   0  30   0   3   0   5   0   0   0   0  0.65 0.10
   38 E   -2 -1 -1  2 -4  2  5 -3 -1 -3 -3  0  0 -3 -2 -1 -2 -3  0 -2    0   0   0  12   0   9  67   0   0   0   0   0   4   0   0   0   0   0   5   2  0.72 0.11
   39 L   -2 -3 -4 -5 -2 -3 -4 -5 -4  1  5 -3  1  1 -4 -3 -2 -2 -1  0    0   0   0   0   0   0   0   0   0   0  95   0   0   5   0   0   0   0   0   0  0.79 0.12
   40 K   -1  2 -1 -1 -3  5  2 -3 -1 -3 -1  3  0 -3 -2 -1  0 -3 -2 -2    0   9   0   0   0  41   9   0   0   0   5  26   3   0   0   0   7   0   0   0  0.49 0.09
   41 H   -1  3  1  1  0  2  2 -2  3 -3 -1  1 -1 -3 -2  1 -1 -3 -1 -2    2  25   5  10   3  11  12   0  11   0   7   2   0   0   0  11   0   0   1   0  0.26 0.05
   42 T    1 -1 -1  0 -2  0  4 -2 -1 -2 -3 -1 -2 -3 -2  0  3 -3  1 -2   16   0   0   0   0   0  43   0   0   0   0   0   0   0   0   0  35   0   6   0  0.46 0.11
   43 L   -2 -2 -3 -4  1 -2 -3 -4 -1  0  3 -1  0  3 -4 -3 -2  0  6  0    0   0   0   0   4   0   0   0   0   0  37   6   0   9   0   0   0   0  42   3  0.55 0.10
   44 A    1  0 -1  0 -2  1 -1 -2  1 -2 -1  1 -1  2 -2  0 -1  4  2 -1   24   5   0   8   0   7   0   0   3   0   2  12   0  13   0   6   2   8  11   1  0.19 0.05
   45 K   -1  3 -1 -1 -3  3  2 -2 -1 -3 -3  3 -2 -4 -2  0  0 -3 -2 -1    4  21   0   0   0  25  18   0   0   0   0  22   0   0   0   3   5   0   0   4  0.45 0.08
   46 Q   -2  2 -1 -1 -4  6  2 -3  2 -3 -2  0  2 -4 -2 -1 -2 -3 -2 -3    0   9   0   0   0  70   7   0   5   0   0   0   9   0   0   0   0   0   0   0  0.85 0.16
   47 K   -1  2 -1 -1 -4  5  1  0  1 -4 -3  4 -2 -4 -2  0 -1 -3 -2 -3    0   5   0   0   0  41   0   5   3   0   0  41   0   0   0   5   0   0   0   0  0.61 0.11
   48 G    0  3  0 -1 -3  3  2  2 -1 -3 -3  1 -2 -3 -2  0 -1 -3 -2 -3    6  29   4   0   0  21  13  23   0   0   0   3   0   0   0   0   2   0   0   0  0.39 0.05
   49 G    1  1  0  1 -1  0  0  3 -2 -3 -3  3 -2 -3 -2  1  0 -3 -3 -2    9   5   0   9   1   0   0  25   0   0   0  31   0   0   0  15   5   0   0   0  0.29 0.04
   50 T    1 -1  2  0 -1 -1 -1 -1 -1 -2 -2 -1 -1 -2  2  3  3 -3 -1 -1    9   0  11   2   0   0   0   0   0   0   2   0   0   0   9  34  31   0   2   0  0.32 0.04
   51 D   -2 -1  4  5 -4  0  1 -1 -1 -4 -4 -1 -3 -4 -2  0 -1 -4 -3 -3    0   0  40  60   0   0   0   0   0   0   0   0   0   0   0   0   0   0   0   0  0.79 0.04

                      K         Lambda
Standard Ungapped    0.1361     0.3147
Standard Gapped      0.0427     0.2670
PSI Ungapped         0.1380     0.3015
PSI Gapped           0.0427     0.2670
