
Last position-specific scoring matrix computed, weighted observed percentages rounded down, information per position, and relative weight of gapless real matches to pseudocounts
            A   R   N   D   C   Q   E   G   H   I   L   K   M   F   P   S   T   W   Y   V   A   R   N   D   C   Q   E   G   H   I   L   K   M   F   P   S   T   W   Y   V
    1 G     2  -3  -1  -2  -3  -2  -3   6  -3  -4  -4  -2  -3  -4  -3  -1  -2  -3  -4  -3   21   0   0   0   0   0   0  79   0   0   0   0   0   0   0   0   0   0   0   0  1.05 0.12
    2 S     0  -1   5  -1  -3  -1  -1  -1   2  -3  -4  -1  -2  -4  -2   3   1  -4  -3  -3    7   2  37   0   0   1   0   1   5   0   0   0   0   0   0  37   9   0   0   0  0.57 0.15
    3 A     3   2   1  -2  -3   0  -1  -1  -2  -3  -3   4  -2  -4   0   1  -1  -4  -3  -2   31  11   6   0   0   3   0   1   0   0   0  36   0   0   3   8   1   0   0   0  0.43 0.16
    4 L    -1  -2   0  -3  -2  -1  -3  -4  -2   3   2  -3   2   2  -3  -2   0  -3  -1   2    2   1   7   0   0   3   0   0   0  30  21   0   5   9   0   1   6   0   0  13  0.26 0.10
    5 R     0   4  -2  -3   5   0   0  -3  -1   0  -1   0  -1   0  -3  -1   0  -3   0  -1    8  33   0   0  16   3   5   0   1   9   3   1   1   6   0   1   7   0   4   2  0.29 0.13
    6 E    -2  -1   1   0  -4   5   4  -1   1  -4  -4   0  -2  -4  -1   1  -1  -4  -3  -4    0   1   6   1   0  41  30   3   3   0   0   2   0   0   2  10   0   0   0   0  0.70 0.21
    7 L     1  -3  -4  -4  -2  -3  -4  -3  -3   1   2  -3   0   5  -4  -2  -1  -2   1   2   15   0   0   0   0   0   0   0   0   7  24   0   0  35   0   1   1   0   2  15  0.47 0.16
    8 K    -3   0  -2  -3  -5  -1  -1  -3  -3  -5  -4   7  -3  -5  -3  -2  -3  -5  -4  -4    0   0   0   0   0   0   0   0   0   0   0  98   0   0   0   0   0   0   0   0  1.58 0.37
    9 V    -2  -4  -5  -5  -2  -4  -4  -5  -4   1   5  -4   1  -1  -4  -4  -2  -2  -2   3    0   0   0   0   0   0   0   0   0   2  70   0   0   0   0   0   0   0   0  27  0.84 0.23
   10 C    -2  -4  -5  -5   7  -4  -4  -5  -5   0  -1  -4  -1  -3  -4  -3  -2  -4  -3   6    1   0   0   0  29   0   0   0   0   0   0   0   0   0   0   0   0   0   0  69  1.23 0.31
   11 L    -3  -4  -5  -5  -3  -4  -5  -5  -5   1   6  -4   1  -1  -5  -4  -3  -3  -3  -1    0   0   0   0   0   0   0   0   0   4  96   0   0   0   0   0   0   0   0   0  1.21 0.30
   12 L    -3  -4  -5  -5  -3  -4  -5  -6  -5   0   6  -4   0  -1  -5  -4  -3  -3  -3  -1    0   0   0   0   0   0   0   0   0   1  98   0   0   0   0   0   0   0   0   0  1.27 0.32
   13 G    -2  -4  -2  -3  -4  -4  -4   7  -4  -6  -6  -3  -5  -5  -4  -2  -3  -4  -5  -5    0   0   0   0   0   0   0  99   0   0   0   0   0   0   0   0   0   0   0   0  1.90 0.36
   14 D    -3  -3  -1   6  -5  -1   5  -3  -2  -5  -5  -2  -4  -5  -3  -2  -3  -5  -4  -5    0   0   0  60   0   0  40   0   0   0   0   0   0   0   0   0   0   0   0   0  1.41 0.33
   15 T     1  -2  -1  -2  -2  -1  -2  -2  -3  -2  -2  -2   3  -3  -2   4   4  -4  -3  -1   12   0   0   0   0   1   0   0   0   0   1   0  11   0   0  40  33   0   0   2  0.60 0.24
   16 G     4  -3  -2  -3  -3  -3  -3   5  -2  -4  -4  -3  -3  -3  -3   0  -2  -4  -4  -2   38   0   0   0   0   0   0  54   1   0   0   0   0   1   0   5   0   0   0   2  0.93 0.25
   17 V     0  -4  -4  -5  -2  -4  -4  -4  -5   1  -1  -4  -1  -3  -4  -2   0  -4  -3   6    7   0   0   0   0   0   0   0   0   0   0   0   0   0   0   1   6   0   0  84  1.03 0.32
   18 G    -2  -4  -2  -3  -5  -4  -4   7  -4  -6  -6  -3  -5  -5  -4  -2  -4  -4  -5  -5    0   0   0   0   0   0   0  99   0   0   0   0   0   0   0   0   0   0   0   0  1.94 0.38
   19 K    -3   0  -2  -3  -5  -1  -1  -4  -3  -5  -5   7  -3  -5  -3  -2  -3  -5  -4  -4    0   0   0   0   0   0   0   0   0   0   0  99   0   0   0   0   0   0   0   0  1.69 0.42
   20 S    -1  -3  -1  -2  -3  -2  -2  -2  -3  -4  -4  -2  -3  -4  -3   6   1  -5  -4  -3    0   0   0   0   0   0   0   0   0   0   0   0   0   0   0  91   7   0   0   1  1.29 0.38
   21 S    -1  -3  -2  -2   5  -2  -2  -2  -3  -4  -4  -2  -3  -4  -3   6  -1  -5  -4  -3    0   0   0   0  12   0   0   0   0   0   0   0   0   0   0  86   0   0   0   0  1.29 0.38
   22 I    -3  -4  -5  -5  -2  -4  -4  -5  -4   5   4  -4   1  -1  -4  -4  -2  -3  -3   1    0   0   0   0   1   0   0   0   0  45  52   0   1   0   0   0   0   0   0   1  0.88 0.25
   23 M    -1  -4  -5  -5  -3  -4  -4  -5  -5   1  -1  -4  -1  -3  -4  -3  -1  -5  -3   7    4   0   0   0   0   0   0   0   0   0   1   0   1   0   0   1   1   0   0  92  1.23 0.35
   24 W    -2  -3  -4  -4   4  -2  -3  -3   0   0   4  -3   1  -1  -4  -3  -2   6   0   1    0   0   0   0  11   2   1   1   3   1  55   0   1   0   0   0   1  12   2   7  0.62 0.21
   25 R    -3   8  -2  -4  -5   0  -2  -4   0  -5  -3   0  -3  -5  -4  -3  -3  -5  -4  -4    0  93   0   0   0   3   0   0   2   0   1   0   0   0   0   0   0   0   0   0  1.77 0.40
   26 F    -4  -5  -5  -6  -4  -5  -5  -5  -3  -2  -1  -5  -2   9  -6  -4  -4  -1   2  -2    0   0   0   0   0   0   0   0   0   0   2   0   0  94   0   0   0   0   2   2  2.03 0.42
   27 V     0  -4  -4  -5   1  -4  -4  -4  -5   1  -1  -4  -1  -3  -4  -3  -2  -5  -3   6    9   0   0   0   2   0   0   0   0   2   0   0   0   0   0   1   0   0   0  85  1.08 0.32
   28 E    -2   2   0  -1  -3   3   2  -3  -1  -4  -4   4  -2  -4  -2   0   0  -4  -2  -3    1  12   3   0   0  13  15   0   0   0   0  42   0   0   0   8   4   0   1   0  0.59 0.19
   29 D    -2  -2   2   6  -3  -1  -1   4  -3  -5  -5  -2  -4  -5  -3  -1  -3  -5  -5  -5    0   1  11  50   1   1   0  34   0   0   0   0   0   0   0   1   0   0   0   0  1.02 0.27
   30 S    -2  -1   0   1  -4   5   2  -3   4  -2  -3   0  -2  -4  -3   2  -1  -4  -2  -3    0   1   2   7   0  42  10   0  13   2   1   1   0   0   0  18   3   0   0   1  0.64 0.24
   31 F    -4  -5  -5  -6  -5  -5  -5  -5  -3  -2  -2  -5  -2   9  -6  -5  -4  -1   2  -3    0   0   0   0   0   0   0   0   0   0   0   0   0  96   0   0   0   0   4   0  2.17 0.44
   32 D    -2  -1   1   5  -4   1   0  -3   4  -2  -1  -1  -2   1  -2   0  -2  -3   2  -2    1   2   4  39   0   5   1   0  12   1   5   4   1   8   1   5   1   0   8   2  0.42 0.16
   33 P    -1  -1  -1   3  -4   0   4  -3   3  -4  -4  -1  -3  -4   4  -1  -2  -5  -3  -4    3   2   0  17   0   1  39   1  10   1   1   0   0   0  24   2   1   0   0   0  0.79 0.23
   34 N    -2  -3   5  -2  -1  -1  -2  -3   1  -3  -3  -2  -3   3  -4   0  -1  -1   5  -3    3   0  38   0   2   2   0   0   3   0   0   0   0  16   0   4   3   0  28   0  0.75 0.25
   35 I    -2   2  -2  -3  -3   5  -1  -4  -2   3  -1   1  -1  -2  -2   1  -2  -4  -3  -1    0  10   0   0   0  36   0   0   0  30   3   7   1   1   1  10   0   0   0   0  0.49 0.23
   36 N    -2  -2   3   0  -4   0   5  -3  -2  -4  -3   0  -3  -5  -1   2  -1  -5  -4  -4    0   0  17   1   0   1  58   0   0   0   2   5   0   0   2  14   1   0   0   0  0.82 0.27
   37 P    -1  -3  -2  -3  -3  -2  -2  -3  -3  -4  -3  -2  -3  -5   6   4  -1  -5  -4  -1    2   0   1   0   0   0   0   0   0   0   1   0   0   0  48  42   0   0   0   5  1.25 0.32
   38 T    -2  -3  -2  -3  -3  -3  -3  -4  -4  -3  -3  -3  -3  -3  -3  -1   7  -5  -4  -2    0   0   0   0   0   0   0   0   0   0   1   0   0   1   0   0  98   0   0   0  1.68 0.45
   39 I    -3  -5  -5  -5  -3  -5  -5  -6  -5   7   0  -5  -1  -2  -5  -4  -2  -5  -3   2    0   0   0   0   0   0   0   0   0  92   0   0   0   0   0   0   2   0   0   6  1.48 0.38
   40 G    -2  -4  -2  -3  -5  -3  -1   7  -4  -6  -6  -3  -5  -5  -4  -2  -3  -5  -5  -5    0   0   0   0   0   0   5  94   0   0   0   0   0   0   0   0   0   0   0   0  1.78 0.37
   41 A     6  -3  -3  -4  -2  -3  -3  -1  -3  -2  -3  -3  -3  -4  -3  -1  -2  -4  -3   1   84   0   0   0   0   0   0   1   0   0   0   0   0   0   0   0   0   0   0   8  1.01 0.34
   42 S     5  -3  -2  -3  -2  -2  -2  -2  -3  -3  -3  -2  -3  -4   1   3  -1  -4  -3  -1   55   0   0   0   0   0   1   0   0   0   0   0   0   0   7  32   0   0   0   4  0.71 0.26
   43 F    -4  -5  -5  -5  -4  -5  -5  -5  -3  -2  -2  -5  -2   8  -1  -3   0  -1   1  -3    0   0   0   0   0   0   0   0   0   0   0   0   0  86   4   1   7   0   1   0  1.71 0.40
   44 M    -3  -3  -4  -4  -3  -3   0  -5  -3   0   4  -3   6   2  -4  -3  -2  -3  -2   1    0   0   0   0   0   0   7   0   0   0  44   0  30  11   0   0   0   0   0   6  0.71 0.25
   45 T    -1  -3   1  -2  -3  -2  -2   0  -3  -3  -3  -2  -3  -4  -3   2   6  -4  -3  -2    1   0   7   0   0   0   0   5   0   0   0   0   0   0   0  15  70   0   0   0  0.98 0.32
   46 K    -2   0  -2  -2  -5   6   0  -3   0  -4  -4   4  -3  -5   2  -2  -2  -4  -3  -4    0   2   0   0   0  53   0   0   2   0   0  31   0   0  11   1   0   0   0   0  1.06 0.32
   47 T    -1   2  -2  -3  -2  -2  -2  -3  -3  -1  -1   0   0  -3  -2   0   5  -4  -3   0    1  12   0   0   0   0   0   0   0   3   5   5   3   0   0   5  60   0   0   4  0.63 0.25
   48 V     0  -3  -4  -4   2  -3  -3  -4  -4   3   2  -3   3  -2  -2  -1  -1  -3  -2   4    5   0   0   0   6   0   0   0   0  14  17   0  10   0   1   4   0   0   0  42  0.46 0.18
   49 Q     1   0   1  -1   3   2   1  -2  -1  -1  -2   0  -2  -3   3   1   0  -4  -3  -1   11   3   7   1  10  14   9   0   1   3   0   2   0   0  17  12   6   0   0   3  0.30 0.12
   50 Y    -1  -3  -3  -3   3  -3  -3  -4  -2   1   3  -3   1   1  -4  -1  -2  -2   4   2    2   1   0   1   9   0   0   0   1   6  36   0   2   4   0   5   0   0  17  16  0.36 0.15
   51 Q    -2  -2   2   4  -4   2   1   2  -2  -3  -3  -1   1  -4  -1   1  -1  -4  -3  -3    0   0  13  27   0  15   8  16   0   0   1   1   7   0   2   9   1   0   0   0  0.43 0.16
   52 N    -3  -2   4   5  -4   1   2  -1  -2  -4  -2  -1  -3  -4  -2  -1  -1  -5  -4  -4    0   0  27  39   0   7  15   4   0   0   4   0   0   0   1   2   1   0   0   0  0.74 0.22
   53 E     1   1   0   1   0   1   2   0   0  -2  -3   1  -1  -3  -2   0   2  -3  -2  -1   10   6   2   8   2   5  18   9   2   0   0  10   1   0   0   3  20   0   0   3  0.21 0.10
   54 L    -1  -2  -2  -3  -2  -2  -3   0  -3  -1   2  -2  -1  -2  -2   0   5  -4  -3  -1    2   1   1   0   0   1   0   7   0   2  26   0   1   0   1   4  52   0   0   2  0.51 0.22
   55 H    -2  -3  -3  -4  -3  -3  -3  -4   6   3  -1  -3  -1  -1  -1  -3  -2  -4   1   4    0   0   0   0   0   0   0   0  29  16   0   0   0   2   3   0   0   0   5  44  0.76 0.27
   56 K    -3   2  -2  -3  -5   0   0  -4  -3  -5  -5   7  -3  -5  -3  -2  -3  -5  -4  -4    0   8   0   0   0   1   4   0   0   0   0  87   0   0   0   0   0   0   0   0  1.44 0.39
   57 F    -4  -4  -5  -5  -5   0  -5  -5  -3  -2  -1  -5  -2   8  -6  -4  -4  -1   3  -2    0   0   0   0   0   7   0   0   0   0   3   0   0  85   0   0   0   0   5   1  1.75 0.40
   58 L    -2  -2  -1   1  -4   2   5  -4  -2  -1   1  -1  -2  -3  -3   0  -2  -4  -3  -2    0   0   1   8   0   7  52   0   0   4  21   0   0   0   0   7   0   0   0   0  0.61 0.24
   59 I    -1  -5  -5  -5  -3  -4  -2  -5  -5   7   0  -4  -1  -2  -5  -4  -3  -5  -3   1    7   0   0   0   0   0   4   0   0  89   0   0   0   0   0   0   0   0   0   0  1.31 0.37
   60 W    -5  -5  -6  -6  -5  -5  -5  -1  -5  -5  -5  -5  -4  -2  -6  -1  -5  12  -1  -6    0   0   0   0   0   0   0   4   0   0   0   0   0   0   0   7   0  89   0   0  3.61 0.61
   61 D    -4  -4  -1   8   3  -2  -1  -4  -3  -5  -6  -3  -5  -6  -4  -2  -1  -6  -5  -5    0   0   0  89   7   0   0   0   0   0   0   0   0   0   0   0   4   0   0   0  1.79 0.41
   62 T    -2  -3  -2  -3  -3  -3  -3  -1  -4  -2  -3  -3   0  -4  -3   1   7  -5  -4  -2    0   0   0   0   0   0   0   4   0   1   0   0   3   0   0   7  85   0   0   0  1.29 0.39
   63 A     6  -3  -3  -4  -2   0  -3  -2  -4  -3  -1  -3  -2  -4  -3  -1  -2  -4  -4  -2   89   0   0   0   0   4   0   0   0   0   7   0   0   0   0   0   0   0   0   0  1.13 0.36
   64 G    -2  -4   1  -3  -5  -3  -2   7  -4  -6  -6  -3  -5  -5  -4  -2  -3  -5  -5  -5    0   0   7   0   0   0   2  91   0   0   0   0   0   0   0   0   0   0   0   0  1.72 0.37
   65 L    -3  -1  -2  -3  -5   8   0  -4  -2  -5  -4   0  -3   1  -4  -2  -3  -4  -3  -4    0   0   0   0   0  87   0   0   0   0   0   4   0   7   0   0   0   0   0   0  1.67 0.47
   66 E    -3  -2  -2  -1  -6   0   7  -4   3  -6  -5  -1  -4  -5  -3  -2  -3  -5  -4  -5    0   0   0   0   0   0  93   0   7   0   0   0   0   0   0   0   0   0   0   0  1.71 0.44
   67 R    -3   8  -2  -4  -5  -1  -2  -4  -2  -5  -4   2  -3  -5  -4  -1  -3  -5  -4  -5    0  89   0   0   0   0   0   0   0   0   0   7   0   0   0   4   0   0   0   0  1.72 0.41
   68 F    -4  -4  -4  -5   0  -4  -4  -5  -1  -2   0  -4  -2   5  -5  -4  -4   0   8  -2    0   0   0   0   2   0   0   0   0   0   6   0   0  23   0   0   0   0  65   2  1.55 0.37
   69 R     0   3  -2  -3   3  -1  -2  -3   8  -4  -3   1  -3  -3  -1  -2  -2  -4  -1  -3   11  17   0   0   9   1   0   0  44   0   2  11   0   0   2   1   0   0   0   0  0.86 0.26
   70 A     1  -2  -1  -2  -2  -1  -2  -1  -3  -2  -2  -2  -2  -4  -2   5   0  -4  -3   0    9   0   0   0   0   2   0   3   0   1   3   0   0   0   0  71   2   0   0   7  0.75 0.28
   71 L    -3  -4  -5  -5   2  -4  -4  -5  -4   0   6  -4   0  -1  -4  -4  -3  -3  -3  -1    0   0   0   0   4   0   0   0   0   0  92   0   0   0   0   1   0   0   0   0  1.14 0.31
   72 A     6  -3  -3  -3  -2  -3  -3  -2  -3  -1  -2  -2  -2  -4  -3  -1  -1  -4  -3   0   84   0   0   0   0   0   0   0   0   2   2   0   0   0   0   0   3   0   0   7  0.97 0.31
   73 P    -2  -4  -4  -3  -4  -3  -3  -4   0  -4  -1  -3  -3  -4   8  -2  -3  -5  -4  -4    2   0   0   0   0   0   0   0   3   0   7   0   0   0  81   1   0   0   0   0  2.00 0.38
   74 M    -3  -3  -4  -4  -3  -1  -4  -4  -3   0   1  -3   9  -2  -4  -3  -1  -3  -3   1    0   0   0   0   0   2   0   0   0   1   9   0  71   0   0   0   3   0   0  10  1.36 0.37
   75 Y    -3  -3  -4  -4   0  -3  -4  -3   1  -3   0  -4   0   1  -4  -2  -3   0   9  -3    0   0   0   0   2   0   0   2   1   0  10   0   2   0   0   2   0   0  77   0  1.57 0.38
   76 Y    -3  -4  -4  -5  -4  -3  -4  -4  -1  -3  -3  -4  -3   3  -4  -2  -3   4   9  -3    0   0   0   0   0   0   0   0   0   0   0   0   0   7   0   2   0   4  79   0  1.80 0.41
   77 R    -3   7  -2  -3  -5  -1  -2  -2  -2  -4  -4   0  -3  -3  -4  -1  -3  -3   1  -4    0  79   0   0   0   0   0   3   0   0   0   0   0   0   0   4   0   0   7   0  1.29 0.34
   78 G    -1  -3   3  -1  -4  -3  -3   6  -3  -2  -4  -2  -4  -4  -2   0  -2  -4  -1  -4    1   0  18   1   0   0   0  63   0   3   0   0   0   0   2   7   0   0   2   0  0.96 0.25
   79 S     5  -3  -2  -3  -2  -2  -2   0  -3  -2  -2  -2  -2  -3  -1   2  -1  -4  -3   0   61   0   0   0   0   0   0   3   0   0   3   0   0   0   2  20   0   0   0   9  0.63 0.24
   80 A     4  -1   1  -2   2   3  -1  -1  -1  -3  -2  -1  -2  -4  -2   1  -1  -4  -3  -1   41   1   8   0   5  23   0   1   1   0   4   1   0   0   0  12   1   0   0   2  0.43 0.20
   81 A     5  -3  -3  -3   3  -1  -2  -1   2  -3  -3  -2  -2  -2  -3   1  -1  -4  -3  -1   70   0   0   0   8   2   0   2   7   0   0   0   0   2   0   6   1   0   0   2  0.76 0.27
   82 A     6  -3  -3  -3  -2  -2  -2  -1  -3  -2  -2  -2  -2  -3  -2   0  -1  -4  -3  -1   82   0   0   0   0   0   1   1   0   0   3   0   0   0   0   4   0   0   0   3  0.91 0.29
   83 I    -1  -3  -3  -2  -2  -3  -3  -4  -3   4   2  -3   0   0  -3  -2  -1  -3  -2   3    3   0   0   2   0   0   1   1   0  42  14   0   0   2   0   2   1   0   0  26  0.46 0.17
   84 I    -1  -3  -3  -3  -1  -1  -3  -4  -3   4   0  -3   0  -2  -3  -1  -1  -3  -2   5    2   1   0   1   1   4   1   1   0  28   2   1   0   0   1   4   2   0   0  52  0.58 0.20
   85 V    -1  -4  -4  -4   1  -3  -4  -4  -4   1   0  -4  -1  -2  -2  -2  -2  -4  -1   6    3   0   0   0   3   0   0   0   0   1   7   0   0   0   2   2   0   0   2  78  0.86 0.28
   86 Y    -3  -3  -3  -4  -4  -3  -4  -5   3  -3  -2  -3   1   1  -4  -2   0   0   8  -3    0   0   0   0   0   0   0   0   5   0   1   0   4   2   0   2   7   0  76   0  1.60 0.38
   87 D    -3  -3   2   7  -1  -2   0  -2  -3  -4  -4  -2   0  -5  -1  -2  -1  -5  -4  -4    0   0   7  77   2   0   1   3   0   0   1   0   3   0   2   0   3   0   0   0  1.31 0.32
   88 I    -2  -4  -4  -4  -3  -4  -4  -5  -4   6   1  -4   0   0  -4  -4  -2  -3  -1   2    1   0   0   0   0   0   0   0   0  70  11   0   1   4   0   0   0   0   2   9  0.89 0.26
   89 T    -2  -2  -2  -3   3  -1  -2  -3  -3  -3  -3  -1  -2  -3   0   1   6  -4  -3  -2    1   1   1   0   7   2   0   0   0   0   0   3   0   1   4   5  75   0   0   0  1.02 0.32
   90 K    -1   1   4  -1  -2   2   0  -2   2  -3  -2   3  -2  -3  -2   2  -1  -3  -1  -3    0   6  24   1   0   8   3   1   7   1   3  22   1   0   0  19   0   0   2   1  0.36 0.15
   91 E     1   0  -1  -1  -3   4   2  -2  -1  -2  -2   1   0  -4   2   0   0  -3  -3  -2   11   3   0   1   0  30  17   1   0   1   2   6   4   0  10   5   7   0   0   1  0.39 0.16
   92 E     0  -2   0   5  -4   1   3  -2  -2  -4  -4  -1  -3  -5  -3   1  -1  -5  -4  -4   11   0   1  42   0   5  27   1   0   0   0   1   0   0   0   9   2   0   0   0  0.75 0.23
   93 T    -1  -3  -1  -2  -3  -2  -2  -2  -3  -4  -3  -2  -3  -4  -2   6   4  -5  -4  -3    0   0   0   0   0   0   0   0   0   0   3   0   0   0   0  71  26   0   0   0  1.05 0.35
   94 F    -4  -5  -5  -6  -4  -5  -5  -5  -3  -2   1  -5  -2   8  -6  -5  -4   0   2  -3    0   0   0   0   0   0   0   0   0   0  12   0   0  85   0   0   0   1   2   0  1.79 0.40
   95 S     1  -1   0   1  -3   2   1  -1   4  -1  -2   0  -1  -3  -2   1   0  -3  -1  -1   12   1   2   7   0  15  12   2  13   6   3   2   1   0   0  13   6   0   1   5  0.19 0.10
   96 T    -1   4  -1  -2  -3   1  -1  -1  -2  -3  -3   3  -2  -4  -3   0   4  -4  -3  -3    2  27   1   0   0   5   0   5   0   0   0  22   0   0   0   2  35   0   0   0  0.59 0.23
   97 L     5  -3  -4  -4  -2  -3  -3  -2  -4  -1   3  -3  -1  -2  -3  -1  -2  -4  -3   0   57   0   0   0   0   0   0   0   0   0  36   0   0   0   0   1   1   0   0   6  0.65 0.26
   98 K    -3   2  -2  -3  -5   1  -1  -4  -2  -4  -3   7  -3  -5  -3  -2  -2  -5  -4  -4    0   9   1   0   0   5   0   0   0   0   3  80   0   0   0   0   0   0   0   0  1.23 0.35
   99 N    -1   0   4   0  -3  -1  -1  -1   3  -4  -4   3  -2  -2  -2   2   0  -4   0  -3    4   3  27   4   0   0   0   2  10   0   0  22   1   1   1  16   6   0   3   0  0.39 0.17
  100 W    -5  -6  -7  -7  -5  -5  -6  -5  -5  -5  -4  -6  -4  -2  -7  -6  -5  13  -1  -6    0   0   0   0   0   0   0   0   0   0   1   0   0   0   0   0   0  97   0   0  4.12 0.67
  101 V    -1  -4  -4  -1  -3  -4  -4  -5  -5   3  -1  -4  -1  -3  -4  -3  -2  -5  -3   6    3   0   0   5   0   0   0   0   0  13   0   0   0   0   0   0   0   0   0  79  1.03 0.32
  102 R    -2   3   0  -1  -4   2   0  -2  -1  -4  -4   5  -3  -4  -3  -1  -2  -4  -3  -4    1  15   3   2   0  10   4   3   1   0   1  57   0   0   0   2   1   0   0   0  0.76 0.25
  103 E    -3  -2  -2  -1   0   0   7  -4  -2  -6  -5  -1  -4  -6  -3  -2  -3  -5  -4  -5    0   0   0   0   3   0  97   0   0   0   0   0   0   0   0   0   0   0   0   0  1.79 0.45
  104 L    -3  -4  -5  -6  -3  -4  -5  -6  -5   0   6  -4   0  -1  -5  -4  -3  -4  -3  -1    0   0   0   0   0   0   0   0   0   1  98   0   0   0   0   0   0   0   0   1  1.35 0.36
  105 R    -2   3  -1  -2  -5   6   0  -3   2  -5  -4   3  -3  -5  -1  -2  -2  -4  -3  -4    3  19   1   0   0  49   1   0   6   0   0  20   0   0   2   0   0   0   0   0  0.95 0.30
  106 Q    -1   5  -1  -1  -4   4   3  -3   0  -4  -4   2  -3  -4  -3  -1  -2  -4  -3  -4    3  36   0   0   0  23  21   1   1   0   0  10   0   0   0   3   0   0   0   0  0.71 0.24
  107 H    -3   1   0  -3  -5   6  -1  -4   7  -4  -3  -1  -3  -3  -4  -2  -3  -4   0  -3    0   5   3   0   0  42   0   0  38   1   2   1   0   1   0   1   0   0   2   1  1.12 0.34
  108 G     3  -4  -2  -3  -1  -3  -3   5  -1  -4  -4  -3  -3  -4  -3  -1  -2  -4  -4  -3   34   0   1   0   1   0   0  59   1   0   0   0   0   0   0   0   0   0   0   1  1.01 0.28
  109 P    -1  -2   4   1  -3  -2  -1  -2  -2  -4  -4  -2  -3  -4   5   2   0  -5  -4  -4    1   1  25   7   0   0   1   1   0   0   1   0   0   0  35  21   4   0   0   0  0.82 0.24
  110 P    -1  -2  -1  -1   0   0   2  -2  -3  -4  -4   0  -4  -5   7   0  -1  -5  -4  -4    5   1   2   2   3   4  18   2   0   0   0   4   0   0  52   5   2   0   0   0  1.10 0.26
  111 S    -2   0   6   3  -4  -1  -1   0   0  -4  -5  -1  -4  -5  -3   1  -1  -5  -4  -4    1   4  54  17   0   1   0   6   1   1   0   2   0   0   0  11   1   0   0   0  0.84 0.26
  112 I    -3  -4  -5  -5  -3  -4  -5  -4  -5   7   1  -4   2  -2  -4  -4  -2  -4  -3   2    0   0   0   0   0   0   0   1   0  76   9   1   6   0   0   0   1   0   0   6  1.08 0.31
  113 V    -1  -3  -5  -5  -3  -4  -4  -5  -5   3   0  -4  -1  -2  -4  -3  -1  -4  -3   6    2   1   0   0   0   0   0   0   0  13   3   0   0   0   0   0   2   0   0  78  1.01 0.30
  114 V    -2  -4  -5  -5  -3  -4  -4  -5  -4   5   1  -4   5  -2  -4  -4  -2  -4  -3   3    0   0   0   0   0   0   0   0   0  47   4   0  24   0   0   0   0   0   0  25  0.93 0.28
  115 A     6  -3  -3  -4  -1  -3  -3  -1  -3  -2  -3  -3  -1  -1  -3   0   0  -4  -3   0   81   0   0   0   0   0   0   1   0   1   0   0   2   2   0   3   4   0   0   5  0.92 0.31
  116 I    -3  -4  -5  -5  -3  -4  -4  -5  -4   4   4  -4   1  -1  -4  -4  -1  -3  -3   1    0   0   0   0   0   0   0   0   0  32  59   0   0   1   0   0   2   0   0   5  0.83 0.25
  117 A     5  -3  -3  -4   1  -3  -3  -2  -4  -1  -2  -3  -2  -4  -3   0  -1  -4  -3   2   70   0   0   0   3   0   0   0   0   0   1   0   0   0   0   2   2   0   0  21  0.81 0.29
  118 G     0  -4  -2  -3  -4  -4  -4   7  -4  -5  -5  -3  -5  -5  -4  -2  -3  -4  -5  -5    5   0   0   0   0   0   0  90   0   0   0   0   0   0   0   0   0   0   0   0  1.68 0.38
  119 N    -4  -3   8  -1  -5  -2  -3  -3  -2  -6  -6  -2  -5  -6  -4  -2  -2  -6  -5  -5    0   0  99   1   0   0   0   0   0   0   0   0   0   0   0   0   0   0   0   0  2.15 0.49
  120 K    -3   0  -2  -3  -5  -1  -1  -4  -3  -5  -5   7  -4  -5  -3  -2  -2  -5  -4  -5    0   0   0   0   0   0   0   0   0   0   0  99   0   0   0   0   1   0   0   0  1.72 0.45
  121 C     3  -3  -1  -3   8  -3  -3  -3  -3  -1   0  -2  -2  -3  -3   1  -1  -4  -1   0   28   0   3   0  36   0   0   0   0   2   9   1   0   0   0  10   1   0   2   6  0.69 0.23
  122 D    -4  -4  -1   8  -6  -2  -1  -4   2  -5  -6  -3  -5  -6  -4  -2  -3  -7  -5  -6    0   0   0  95   0   0   0   0   5   0   0   0   0   0   0   0   0   0   0   0  2.01 0.44
  123 L    -3  -4  -5  -5  -2  -4  -5  -6  -5   0   6  -3   2  -1  -5  -4  -3  -3  -3   0    0   0   0   0   1   0   0   0   0   1  92   1   3   0   0   0   0   0   0   2  1.20 0.33
  124 T     2  -2   0   0  -1   0   2   0   0  -1  -2  -1  -1  -3  -2   2   1  -4  -3   0   20   0   2   4   1   1  22   6   2   3   2   2   1   0   0  22   7   0   0   6  0.23 0.12
  125 D     0  -2   2   6  -4  -1   2  -1  -1  -4  -4  -1  -3  -4  -2   1  -1  -5  -3  -3    6   0  11  50   0   1  14   3   1   0   0   0   1   0   1   9   1   0   0   1  0.75 0.22
  126 V     0   2   0  -1  -3   1   0  -2  -1   1  -1   3   0  -3  -2   0  -1  -3  -2   1   11   9   4   3   0   8   5   0   1  14   4  24   1   0   0   4   0   0   0  11  0.15 0.10
  127 R    -4   8  -3  -4  -6  -1  -2  -5  -2  -5  -5   0  -4  -5  -4  -3  -3  -5  -4  -5    0  98   0   0   0   0   0   0   0   0   0   1   0   0   0   0   0   0   0   0  2.02 0.46
  128 E     1  -1  -2   0  -4   2   5  -3  -1  -3  -3   2   2  -4  -3  -1  -1  -4  -3  -2   11   0   0   2   0  10  46   0   0   0   0  16   7   0   0   2   3   0   0   3  0.56 0.22
  129 V    -2  -4  -5  -5  -3  -4  -4  -5  -5   3  -1  -4  -1   0  -4  -4  -1  -4  -3   6    0   0   0   0   0   0   0   0   0  10   0   0   0   4   0   0   1   0   0  84  1.17 0.34
  130 M     0  -1  -1   2  -2   0   2  -1   0  -3  -2  -1   2  -4   4   1   0  -4  -3  -3    5   2   1  11   0   4  14   2   3   0   2   0   9   0  26  14   7   0   0   0  0.45 0.16
  131 E     0   0  -1  -1  -2   0   2  -3   0  -1   0   0   0   1  -2   0   2  -2   2   0    7   5   2   0   0   2  16   0   1   2  13   6   1   7   1   6  17   0   8   6  0.10 0.08
  132 R    -1   2  -1   1  -5   2   5  -3  -1  -4  -4   3  -3  -5  -3  -1  -2  -4  -3  -4    4   9   1   5   0   9  44   0   0   0   0  23   0   0   0   2   0   0   0   0  0.72 0.24
  133 D    -3  -2  -1   5  -5   0   5  -4  -2  -3  -3  -1  -2  -5  -3  -2  -1  -5  -4  -2    1   1   0  39   0   1  49   0   0   2   1   0   1   0   0   0   3   0   0   2  1.04 0.32
  134 A     6  -3  -3  -4  -3  -3  -3   2  -4  -3  -4  -3  -3  -4  -3  -1  -1  -4  -4  -2   80   0   0   0   0   0   0  15   0   0   0   0   0   0   0   1   2   0   0   1  1.08 0.35
  135 K    -2   1  -1  -1  -4   4   3  -3   1  -4  -3   4  -1  -4  -3  -1  -2  -4  -3  -3    1   6   1   0   0  24  25   0   3   1   1  32   2   0   0   2   1   0   0   0  0.69 0.25
  136 D     2  -1   0   3  -2   2   3  -1  -1  -3  -3   1  -2  -4  -2   1   0  -4  -3  -2   22   1   2  20   0   8  22   1   0   0   1   7   0   0   0   7   5   0   0   1  0.37 0.16
  137 Y    -4  -4  -5  -5  -1  -4  -5  -5  -1  -3  -1  -4  -3   3  -5  -4  -4   0   9  -3    0   0   0   0   2   0   0   0   0   0   6   0   0  11   0   0   0   0  80   0  1.99 0.47
  138 A     7  -4  -4  -4  -3  -3  -3  -2  -4  -4  -4  -3  -3  -4  -3   0  -2  -5  -4  -2   97   0   0   0   0   0   0   0   0   0   0   0   0   0   0   2   0   0   0   0  1.47 0.43
  139 D    -2   0   1   4  -5   2   4  -2  -2  -4  -4   1  -3  -5  -3  -1  -2  -4  -3  -4    1   3   5  30   0   9  37   2   0   0   0   8   0   0   0   3   1   0   0   0  0.74 0.23
  140 S    -1  -1  -1   2  -4   0   5  -3  -2  -5  -4   0  -3  -5  -3   4  -1  -5  -4  -4    2   2   0  10   0   2  44   0   0   0   1   4   0   0   0  36   1   0   0   0  0.78 0.29
  141 I    -1  -3   5  -1  -3  -1   1  -3  -1   4  -2  -2   0  -3  -4  -1  -2  -5  -3   0    5   0  40   0   0   1  12   1   1  31   1   1   2   0   0   1   0   0   0   3  0.57 0.26
  142 H    -1  -2   2   0  -4  -2  -2   5   4  -5  -5  -2  -4  -4  -4   1  -2  -4  -3  -5    2   1   8   4   0   0   0  58  15   0   0   1   0   0   0  10   0   0   0   0  0.97 0.28
  143 A     3  -3  -4  -4   0  -3  -3  -3  -4   1   4  -3   3  -1  -3  -1  -2  -3  -3  -1   35   0   0   0   2   0   0   0   0   6  45   0   9   1   0   2   1   0   0   0  0.54 0.24
  144 I    -3  -3  -4  -4  -3  -4  -4  -5  -4   4   4  -4   2   3  -4  -3  -1  -3  -1   1    0   1   0   1   0   0   0   0   0  32  42   0   3  14   0   1   2   0   0   3  0.66 0.22
  145 F    -4  -5  -5  -6  -4  -5  -5  -5   0  -2  -2  -5   0   8  -6  -4  -4   2   3   0    0   0   0   0   0   0   0   0   2   0   0   0   2  79   0   1   0   2   5   8  1.67 0.41
  146 V    -1  -4  -4  -5   0  -3  -4  -3  -4   2   1  -3   5   3  -4  -3  -1  -2  -1   3    4   0   0   0   1   0   0   1   0  11   8   0  26  15   0   0   3   0   0  29  0.55 0.22
  147 E    -3  -2  -3  -1  -6   0   7  -4  -2  -6  -5  -1  -4  -6  -3  -2  -3  -5  -4  -5    0   0   0   0   0   0  99   0   0   0   0   0   0   0   0   0   0   0   0   0  1.90 0.47
  148 T     0  -3  -2  -3  -3  -3  -3  -4  -4  -2  -3  -3  -3  -4  -3  -1   7  -5  -4  -1    5   0   0   0   0   0   0   0   0   1   0   0   0   0   0   0  92   0   0   2  1.57 0.45
  149 S    -1   0   0  -2  -3  -2  -2  -3  -3  -5  -5  -2  -4  -5  -3   7  -1  -5  -4  -4    0   4   3   0   0   0   0   0   0   0   0   0   0   0   0  93   0   0   0   0  1.42 0.44
  150 A     7  -4  -4  -4  -3  -3  -3  -1  -4  -4  -4  -3  -3  -5  -3  -1  -2  -5  -4  -2   97   0   0   0   0   0   0   3   0   0   0   0   0   0   0   0   0   0   0   0  1.46 0.42
  151 K    -3   1  -2  -3  -5  -1  -1  -4  -3  -5  -2   7  -2  -5  -3  -2  -3  -5  -4  -4    0   3   0   0   0   0   0   0   0   0   4  93   1   0   0   0   0   0   0   0  1.58 0.43
  152 N    -2  -3   5  -1  -3  -2  -2  -3  -3  -3  -4  -2  -2  -4  -3   1   6  -5  -4  -3    1   0  30   2   0   0   1   0   0   1   0   0   0   0   0   7  57   0   0   0  0.99 0.33
  153 A     5  -3  -2  -2  -2  -2  -2   2  -3  -3  -4  -2  -2  -4  -2   2  -2  -4  -4  -2   66   0   1   2   0   0   0  16   0   0   0   1   1   0   1  12   0   0   0   0  0.81 0.29
  154 I    -1  -2  -1   0  -3   1   1  -3   1   3   0  -1   2  -1  -3  -1   1  -3  -1   1    5   0   1   6   0  10  12   0   4  26   3   2   9   1   0   3   8   0   2   8  0.15 0.12
  155 N    -3  -3   8  -1  -2  -2  -3   0  -1  -6  -6  -2  -3  -4  -4  -2  -2  -6  -4  -5    1   0  89   0   1   0   0   6   1   0   0   1   1   0   0   0   0   0   0   0  1.82 0.46
  156 I    -2  -4  -5  -5  -3  -4  -5  -5  -5   5  -1  -4  -1  -2  -4  -4  -2  -5  -3   6    0   0   0   0   0   0   0   0   0  34   0   0   0   0   0   0   0   0   0  63  1.13 0.34
  157 N    -1  -1   6   0  -4   1   1  -2   1  -4  -4   1  -3  -4  -1   0   0  -5  -3  -3    3   2  52   2   0   7  11   0   3   0   1   7   0   0   2   5   4   0   0   1  0.72 0.25
  158 E    -2  -2  -1   3  -5   1   6  -2   0  -5  -4  -1  -4  -5  -3  -1  -2  -1  -2  -4    1   0   1  19   0   5  64   2   1   0   1   1   0   0   0   2   1   1   1   0  1.06 0.32
  159 L    -3  -4  -5  -5  -1  -4  -4  -5  -5   3   5  -4   1  -1  -4  -4  -2  -4  -3   2    0   0   0   0   1   0   0   0   0  21  60   0   2   0   0   0   1   0   0  16  0.83 0.25
  160 F    -5  -5  -6  -6  -5  -6  -6  -3  -4  -3  -2  -6  -2   9  -6  -5  -5  -1   1  -3    0   0   0   0   0   0   0   2   0   0   0   0   0  98   0   0   0   0   0   0  2.33 0.51
  161 I    -2  -2  -2  -1  -3   2   0  -3   2   1   1  -1   2  -1  -3  -1   2  -1   2   1    1   0   0   3   0  12   8   0   5  11  13   2   7   0   0   1  15   1  11  10  0.17 0.12
  162 E     3  -1  -2   0  -3   1   4   1  -2  -4  -3   0  -2  -4  -3   0  -1  -4  -3  -3   28   1   0   2   0   4  43   9   0   0   1   4   1   0   0   4   2   0   0   0  0.55 0.23
  163 I    -4  -5  -6  -6  -3  -5  -6  -6  -6   7   1  -5  -1  -2  -5  -5  -3  -5  -4   1    0   0   0   0   0   0   0   0   0  93   5   0   0   0   0   0   0   0   0   2  1.65 0.42
  164 S     5  -3  -2  -3   1  -2  -2   1  -2  -4  -4  -2  -3  -4  -3   3  -1  -4  -4  -2   57   0   0   0   3   0   0   9   0   0   0   0   0   0   0  30   1   0   0   0  0.81 0.29
  165 R    -2   4   0  -2  -5   1   1  -3   1  -4  -3   5  -2  -4  -3  -1  -2  -4  -3  -3    0  21   4   0   0   6   7   1   4   0   2  49   1   0   0   4   1   0   0   0  0.72 0.25
  166 R    -1   5  -1  -3  -5   2  -1  -3   0  -4  -2   5  -3  -4  -3  -2  -2  -4   0  -4    3  32   1   0   0   9   1   0   1   0   4  45   0   0   0   0   0   0   3   0  0.82 0.27
  167 I    -3  -4  -5  -2  -3  -4  -4  -5  -5   4   5  -4   1  -1  -5  -4  -3  -4  -3   1    0   0   0   3   0   0   0   0   0  31  62   0   2   0   0   0   0   0   0   3  0.90 0.27
  168 P    -2  -5  -5  -4  -5  -4  -4  -5  -5  -5  -5  -3  -5  -6   9  -3  -4  -6  -6  -5    1   0   0   0   0   0   0   0   0   0   0   0   0   0  99   0   0   0   0   0  2.88 0.49
  169 S     1  -1   2  -1  -1  -1  -1  -1  -1  -2  -3  -1  -2  -3  -1   4   3  -3  -2  -2   13   0  12   0   0   0   0   0   0   0   0   0   0   0   0  51  23   0   0   0  0.43 0.07

                      K         Lambda
Standard Ungapped    0.1352     0.3205
Standard Gapped      0.0572     0.2670
PSI Ungapped         0.1869     0.3132
PSI Gapped           0.0572     0.2670
