
Last position-specific scoring matrix computed, weighted observed percentages rounded down, information per position, and relative weight of gapless real matches to pseudocounts
            A   R   N   D   C   Q   E   G   H   I   L   K   M   F   P   S   T   W   Y   V   A   R   N   D   C   Q   E   G   H   I   L   K   M   F   P   S   T   W   Y   V
    1 K    -1   3  -1  -1  -4   2   1  -2  -1  -4  -3   6  -2  -4  -2  -1  -1  -4  -3  -3    0  10   0   0   0  10   2   0   0   0   0  79   0   0   0   0   0   0   0   0  0.75 0.10
    2 E    -1  -1   2   3  -4   1   4  -1  -1  -3  -3   0  -3  -4  -2   1   0  -4  -3  -2    1   0   9  21   0   3  49   3   0   0   0   1   0   0   0   9   3   0   0   3  0.55 0.08
    3 K    -2   3  -1  -2  -4   1   0  -3  -1  -4  -3   6  -2  -4  -2  -1  -1  -4  -3  -3    0   9   0   0   0   2   0   0   1   0   0  85   0   0   0   2   1   0   0   0  0.85 0.13
    4 V     0  -2  -3  -3  -2  -2  -3  -3   0   2   1  -2   3  -1  -2  -2  -1  -3   0   4    5   0   0   0   0   0   0   1   3  13   6   3  12   0   1   0   2   0   3  50  0.29 0.07
    5 L    -1  -2  -4  -4  -2  -2  -3  -3  -2   1   5  -2   2   0  -3  -2  -2  -2  -1   0    3   1   0   0   0   2   1   1   1   0  84   1   5   0   0   1   1   0   1   0  0.56 0.10
    6 E    -1  -1   0   3  -4   1   6  -3  -1  -3  -3   0  -3  -4  -2   0  -2  -4  -3  -2    1   0   3  13   0   2  75   0   0   0   1   0   0   0   0   2   0   0   0   2  0.83 0.12
    7 M    -2  -1  -3  -4  -2  -1  -3  -4  -2   0   1  -1   8  -1  -3  -2   1  -3  -2   0    0   3   0   0   0   0   0   0   0   0   1   3  80   0   0   0  10   0   0   3  0.78 0.15
    8 T     0  -2   1  -1  -2  -1  -1   0  -2  -2  -2  -1  -1  -3   2   2   4  -3  -2  -1    3   0   6   0   0   0   0   6   0   0   2   0   1   0   9  19  54   0   0   0  0.42 0.07
    9 I    -2  -4  -4  -4  -2  -4  -4  -5  -4   6   1  -4   1  -1  -4  -3  -1  -4  -2   2    0   0   0   0   0   0   0   0   0  95   2   0   0   0   0   0   0   0   0   4  0.80 0.12
   10 E    -2  -1  -1   3  -5   1   6  -3  -1  -4  -4   0  -3  -4  -2  -1  -2  -4  -2  -3    0   0   0  17   0   0  82   0   0   0   0   0   0   0   0   0   0   0   1   0  0.96 0.12
   11 E    -2  -1   0   4  -4   2   5  -3  -1  -4  -4   0  -3  -4  -2  -1  -2  -4  -3  -3    0   0   0  23   0   6  71   0   0   0   0   0   0   0   0   0   0   0   0   0  0.89 0.10
   12 L    -2  -3  -4  -5  -2  -3  -4  -5  -4   1   5  -3   2   0  -4  -3  -2  -2  -2   0    0   0   0   0   0   0   0   0   0   1  95   0   3   1   0   0   0   0   0   0  0.73 0.10
   13 D    -2  -2   1   6  -4   0   3  -2  -2  -4  -4  -1  -4  -4  -2  -1  -2  -5  -4  -4    0   0   2  74   0   0  24   0   0   0   0   0   0   0   0   0   0   0   0   0  1.06 0.11
   14 L    -2  -3  -4  -5  -2  -3  -4  -5  -4   1   5  -3   2   1  -4  -3  -2  -2  -1   0    0   0   0   0   0   0   0   0   0   0  94   0   1   5   0   0   0   0   0   0  0.71 0.10
   15 S     0  -2   0  -1  -2  -1   1  -1  -2  -3  -3  -1  -2  -3  -2   5   1  -4  -3  -3    0   0   0   0   0   0   6   0   0   0   0   0   0   0   0  93   1   0   0   0  0.75 0.13
   16 V    -1  -3  -4  -4  -2  -2  -3  -4  -4   2   0  -3   0  -2  -3  -2  -1  -4  -2   6    1   0   0   0   0   1   0   0   0   0   0   0   0   0   0   0   0   0   0  97  0.72 0.12
   17 R    -2   7  -1  -3  -5   0  -1  -3  -1  -4  -3   1  -2  -4  -3  -2  -2  -4  -3  -4    0 100   0   0   0   0   0   0   0   0   0   0   0   0   0   0   0   0   0   0  1.27 0.14
   18 S     1  -2   0  -1  -2  -1  -1  -1  -2  -3  -3  -1  -2  -3  -1   5   1  -4  -3  -2    7   0   0   0   0   0   0   0   0   0   0   0   0   0   1  93   0   0   0   0  0.75 0.12
   19 Y    -2  -3  -2  -4  -3  -2  -3  -4   0  -2  -1  -3  -2   5  -4  -1  -2   1   7  -2    0   0   1   0   0   0   0   0   0   0   0   0   0  25   0   7   0   0  67   0  1.02 0.12
   20 N    -3  -1   7   1  -4  -1  -1  -1   0  -4  -5  -1  -3  -4  -3   0  -1  -5  -3  -4    0   0 100   0   0   0   0   0   0   0   0   0   0   0   0   0   0   0   0   0  1.30 0.15
   21 C    -1  -5  -4  -5  11  -4  -5  -4  -4  -2  -2  -4  -3  -4  -4  -2  -2  -4  -4  -2    0   0   0   0 100   0   0   0   0   0   0   0   0   0   0   0   0   0   0   0  2.18 0.18
   22 L    -2  -3  -4  -5  -2  -3  -4  -5  -4   1   5  -3   2   0  -4  -3  -2  -2  -2   0    0   0   0   0   0   0   0   0   0   0 100   0   0   0   0   0   0   0   0   0  0.79 0.11
   23 K    -2   2  -1  -2  -4   1   0  -2  -2  -4  -3   6  -2  -4  -2  -1  -2  -4  -3  -3    0   4   0   0   0   0   0   0   0   0   0  96   0   0   0   0   0   0   0   0  0.93 0.13
   24 R    -2   7  -1  -3  -5   0  -1  -3  -1  -4  -3   1  -2  -4  -3  -2  -2  -4  -3  -4    0 100   0   0   0   0   0   0   0   0   0   0   0   0   0   0   0   0   0   0  1.27 0.14
   25 A     5  -2  -2  -3  -1  -2  -2  -1  -2  -2  -2  -1  -2  -3  -2   1   0  -3  -3  -1   96   0   0   0   0   0   0   0   0   0   0   0   0   0   0   2   2   0   0   0  0.73 0.12
   26 G     0  -3   2  -1  -2  -2  -2   6  -2  -4  -4  -2  -3  -4  -3   0  -2  -3  -4  -4    2   0  10   2   1   1   1  79   0   0   0   0   0   0   0   5   0   0   0   0  0.98 0.09
   27 I    -2  -4  -4  -4  -2  -4  -4  -5  -4   6   1  -4   1  -1  -4  -3  -1  -4  -2   2    0   0   0   0   0   0   0   0   0  96   1   0   0   0   0   0   0   0   0   3  0.81 0.12
   28 N    -2  -1   6   1  -3   1  -1  -1   3  -3  -4  -1  -3  -3  -3   0  -1  -4  -2  -3    1   0  72   4   0   5   0   0  10   2   0   0   0   0   0   5   0   0   0   1  0.78 0.10
   29 T    -1  -1   0  -2  -2  -1  -2  -2  -2  -2  -2  -1  -2  -3  -2   1   6  -3  -3  -1    0   2   3   0   0   0   0   0   0   0   0   0   0   0   0   3  91   0   0   1  0.81 0.13
   30 V    -1  -3  -4  -4  -2  -3  -3  -4  -4   3   1  -3   0  -1  -3  -3  -1  -4  -2   5    0   0   0   0   0   0   0   0   0  11   3   0   0   0   0   0   0   0   0  86  0.64 0.10
   31 Q     0   0  -1   1  -3   3   4  -1   0  -3  -2   1  -1  -2  -2   0  -1  -3  -1  -2   10   1   1   3   0  24  45   4   1   0   1   2   2   1   0   3   0   0   1   0  0.45 0.07
   32 E    -2  -1   0   5  -4   1   5  -2  -1  -4  -4   0  -3  -4  -2  -1  -2  -4  -3  -4    1   0   0  46   0   1  51   0   0   0   0   1   0   0   0   0   0   0   0   0  0.89 0.10
   33 L    -2  -3  -4  -5  -2  -3  -4  -5  -4   1   5  -3   2   0  -4  -3  -2  -2  -2   0    0   0   0   0   0   0   0   0   0   2  98   0   0   0   0   0   0   0   0   0  0.76 0.10
   34 A     0  -2  -1  -2   1  -2  -2  -3  -3   2   0  -2   0  -2  -2   0   4  -3  -2   2    8   0   1   0   4   0   0   0   0  22   0   0   1   0   0   2  47   0   0  14  0.31 0.07
   35 N    -1   0   4   2  -3   3   2  -1   0  -3  -3   1  -2  -4  -2   1   0  -4  -2  -3    3   1  35   8   0  20  10   2   0   0   1   5   0   0   0  12   1   0   0   0  0.41 0.06
   36 K    -2   4  -1  -2  -4   1   0  -2  -1  -3  -3   5  -1  -4  -2  -1  -1  -4  -3  -3    0  20   0   0   0   1   0   0   1   0   0  75   2   0   0   0   2   0   0   0  0.73 0.10
   37 T     0  -2   0  -1  -2  -1  -1  -2  -2  -2  -2  -1  -2  -3  -2   3   5  -3  -2  -1    0   0   2   1   0   0   0   0   0   0   0   0   0   0   0  37  60   0   0   0  0.61 0.10
   38 E    -1  -1  -1   1  -4   1   6  -2   0  -3  -3   0  -1  -4   1   0  -1  -4  -3  -3    2   0   0   2   0   2  77   2   1   1   0   0   3   0   7   2   0   0   0   0  0.75 0.10
   39 E     0  -1   1   3  -3   1   4  -2  -1  -3  -3   1  -2  -4   0   0  -1  -4  -3  -3   10   0   4  22   0   3  44   0   0   0   1   6   0   0   3   4   2   0   0   0  0.48 0.06
   40 D    -2  -2   0   6  -4   1   4  -2  -1  -4  -4  -1  -3  -4  -2  -1  -2  -5  -3  -4    0   0   0  65   0   3  32   0   0   0   0   0   0   0   0   0   0   0   0   0  0.97 0.10
   41 M    -2  -3  -3  -4  -2  -2  -3  -4  -3   1   2  -3   8  -1  -4  -3  -2  -3  -2   0    0   0   0   0   0   0   0   0   0   6   6   0  88   0   0   0   0   0   0   0  1.01 0.16
   42 M    -2  -3  -3  -4  -2  -2  -3  -4  -3   2   1  -2   8  -1  -4  -2  -2  -3  -2   0    0   0   0   0   0   0   0   0   0  11   3   0  84   0   0   2   0   0   0   0  0.93 0.15
   43 K    -2   2  -1  -1  -4   1   0  -2  -1  -4  -3   6  -2  -4  -2  -1  -1  -4  -3  -3    0   5   1   0   0   0   1   1   0   0   0  92   0   0   0   1   0   0   0   0  0.86 0.12
   44 V    -1  -3  -4  -4  -2  -3  -3  -4  -4   2   0  -3   0  -2  -3  -3  -1  -4  -2   6    0   0   0   0   0   0   0   0   0   4   0   0   0   0   0   0   0   0   0  96  0.74 0.12
   45 R    -2   7  -1  -2  -4   0  -1  -3  -1  -4  -3   2  -2  -4  -3  -2  -2  -4  -3  -3    0  91   0   0   0   0   0   0   0   0   0   9   0   0   0   0   0   0   0   0  1.14 0.13
   46 N    -3  -1   7   0  -4  -1  -1  -1   0  -4  -4  -1  -3  -3  -3   0  -1  -4   1  -4    0   0  94   0   0   0   0   0   0   0   0   0   0   0   0   0   0   0   6   0  1.15 0.14
   47 L    -2  -3  -4  -5  -2  -3  -4  -5  -4   1   5  -3   2   0  -4  -3  -2  -2  -2   0    0   0   0   0   0   0   0   0   0   0  98   0   2   0   0   0   0   0   0   0  0.77 0.11
   48 G    -1  -3  -1  -2  -3  -2  -1   6  -3  -5  -5  -2  -4  -4  -3  -1  -2  -3  -4  -4    0   0   0   0   0   0   6  94   0   0   0   0   0   0   0   0   0   0   0   0  1.26 0.11
   49 R    -2   5   0  -2  -4   2   0  -3  -1  -4  -3   4  -2  -4  -2  -1  -2  -4  -2  -3    0  50   1   0   0   8   0   0   0   0   0  40   1   0   0   0   0   0   0   0  0.74 0.09
   50 K    -2   2  -1  -2  -4   1   0  -2  -2  -4  -3   6  -2  -4  -2  -1  -2  -4  -3  -3    0   6   0   0   0   0   0   0   0   0   0  94   0   0   0   0   0   0   0   0  0.91 0.13
   51 S     0  -2   0  -1  -2  -1  -1  -1  -2  -3  -3  -1  -2  -3  -2   6   1  -4  -3  -3    0   0   0   0   0   0   0   0   0   0   0   0   0   0   0 100   0   0   0   0  0.85 0.14
   52 L    -2  -3  -4  -5  -2  -3  -4  -5  -4   1   5  -3   2   1  -4  -3  -2  -2  -1   0    0   0   0   0   0   0   0   0   0   0  95   0   1   4   0   0   0   0   0   0  0.72 0.10
   53 E    -1  -1   0   4  -4   1   5  -2  -1  -3  -3   1  -3  -4  -2  -1  -1  -4  -3  -3    1   0   3  23   0   2  58   0   0   0   1  10   0   0   0   0   0   0   0   2  0.68 0.08
   54 E    -2  -1  -1   1  -5   1   6  -3  -1  -4  -4   0  -3  -4  -2  -1  -2  -4  -3  -3    0   0   0   0   0   0 100   0   0   0   0   0   0   0   0   0   0   0   0   0  1.17 0.14
   55 V    -1  -3  -4  -4  -2  -3  -3  -4  -4   3   0  -3   0  -1  -3  -3  -1  -4  -2   5    0   0   0   0   0   0   0   0   0  14   0   0   0   0   0   0   0   0   0  86  0.66 0.11
   56 K    -1   1  -1  -1  -3   2   1  -3  -1   1   0   3   0  -2  -2  -1   0  -3  -2   0    0   2   0   1   0  16   9   0   0  16  10  35   2   1   0   0   5   0   1   3  0.21 0.06
   57 A     1   0   2   1  -3   2   1  -1   1  -2  -2   1  -1  -1  -2   0  -1  -1   1  -1   17   2  13   9   0  11  11   2   5   2   3  11   0   1   0   3   1   1   8   3  0.14 0.03
   58 K    -2   2  -1  -2  -4   2   0  -3  -2  -4  -4   6  -2  -4  -2  -1  -2  -4  -3  -3    0   1   0   0   0   7   0   0   0   0   0  92   0   0   0   0   0   0   0   0  0.97 0.15
   59 L    -2  -3  -4  -5  -2  -3  -4  -5  -4   2   5  -3   1   0  -4  -3  -2  -3  -2   1    0   0   0   0   0   0   0   0   0   8  88   0   1   0   0   0   0   0   0   3  0.76 0.12
   60 E     2   0   1   1  -2   1   2  -1   2  -2  -2   2  -2  -3  -2   0   0  -3  -1  -2   30   3   7   6   0   5  16   1   8   2   0  15   0   0   0   3   3   0   1   1  0.22 0.05
   61 E     1  -1   0   3  -3   1   4  -1  -1  -3  -3   1  -1  -3  -2   2  -1  -4  -3  -2   14   0   0  17   0   1  38   2   0   0   1   6   2   0   0  17   1   0   0   1  0.39 0.08
   62 L    -2  -3  -4  -5  -1  -3  -4  -5  -3   1   5  -3   3   1  -4  -3  -2  -2  -1   0    0   0   0   0   1   0   0   0   0   3  80   0  11   3   0   0   0   0   2   0  0.70 0.12
   63 G    -1  -3   0   0  -4  -2  -1   6  -3  -5  -5  -2  -4  -4  -3  -1  -2  -4  -4  -4    0   0   4   5   0   0   3  87   0   0   0   0   0   0   0   1   0   0   0   0  1.24 0.15
   64 L    -2  -3  -4  -5  -2  -3  -4  -5  -4   1   5  -4   1   2  -4  -3  -2  -2   0   0    0   0   0   0   0   0   0   0   0   0  86   0   0   9   0   1   0   0   1   3  0.75 0.13
   65 G     1  -1   0   1  -2   0   0   3   0  -3  -3   0  -2  -3  -2   3   0  -4  -2  -2    9   0   2  10   0   1   4  22   3   0   0   3   0   0   0  42   2   0   0   1  0.37 0.08
   66 L    -3  -3  -4  -5  -2  -3  -4  -5  -3   0   5  -4   1   4  -4  -3  -2  -2   0   0    0   0   0   0   0   0   0   0   0   0  75   0   0  25   0   0   0   0   0   0  0.76 0.13
   67 R    -2   6  -1  -2  -4   1  -1  -3  -1  -4  -3   4  -2  -4  -3  -1  -2  -4  -3  -3    0  61   0   0   0   2   0   0   0   0   0  37   0   0   0   0   0   0   0   0  0.95 0.13

                      K         Lambda
Standard Ungapped    0.1301     0.3105
Standard Gapped      0.0513     0.2670
PSI Ungapped         0.1674     0.3161
PSI Gapped           0.0513     0.2670
