
Last position-specific scoring matrix computed, weighted observed percentages rounded down, information per position, and relative weight of gapless real matches to pseudocounts
            A   R   N   D   C   Q   E   G   H   I   L   K   M   F   P   S   T   W   Y   V   A   R   N   D   C   Q   E   G   H   I   L   K   M   F   P   S   T   W   Y   V
    1 H    -2  -1   5   0  -3   1   0  -1   5  -3  -3   0  -2  -2  -2   0  -1  -2   2  -3    0   0  55   0   0   8   0   0  29   0   0   0   0   0   0   0   0   0   8   0  0.56 0.04
    2 M    -4  -5  -6  -7  -5  -4  -5  -6  -1  -2  -1  -5  11  -3  -6  -5  -4  -5  -4  -3    1   0   0   0   0   0   0   0   1   0   0   0  98   0   0   0   0   0   0   0  2.98 0.76
    3 V    -3  -5  -5  -6  -3  -5  -5  -6  -5   6   2  -5  -1  -2  -5  -4  -2  -5  -3   4    0   0   0   0   0   0   0   0   0  48  19   0   0   0   0   1   1   0   0  31  1.08 0.37
    4 T    -2   1   1  -2  -2   0  -2  -4   0   1  -2   4  -1  -4  -3  -1   4  -5  -2  -1    0   5   8   1   0   2   0   0   2   9   2  28   1   0   0   1  36   0   1   4  0.53 0.29
    5 L    -3  -5  -5  -6  -3  -4  -5  -6  -5   4   4  -5   1   3  -5  -4  -3  -3  -2   1    0   0   0   0   0   0   0   0   0  30  47   0   2  13   0   0   0   0   0   8  0.90 0.32
    6 Y    -5  -5  -5  -6  -1  -5  -5  -6  -2  -1  -1  -5  -3   5  -6  -5  -5  -1   9  -4    0   0   0   0   1   0   0   0   0   3   5   0   0  20   0   0   0   0  71   0  2.09 0.59
    7 T    -2  -4  -3  -4  -3  -3  -3  -2  -4   0   0  -3  -1   1  -4   0   6  -4   1   1    0   0   0   0   0   0   0   2   0   6   6   0   1   6   0   7  58   0   6   8  0.78 0.36
    8 S     0  -1   0  -2  -3   0  -2  -1   2   0  -2  -1  -2  -2  -3   3   2  -3   2  -1    7   3   2   0   0   5   0   4   7   6   3   3   0   1   0  35  11   0  10   4  0.30 0.21
    9 P     0  -2   1  -3  -4  -3  -3  -2  -4  -4  -3  -2  -3  -2   7   1   1  -5  -4  -3    9   2   7   0   0   0   0   2   0   0   2   2   1   2  51  12  10   0   0   1  1.10 0.37
   10 S    -1  -3   2  -2  -4  -3  -3   0  -1  -3  -5  -2  -4  -3  -3   6  -1  -5  -3  -4    2   0   9   1   0   0   0   7   1   1   0   1   0   1   0  73   2   0   0   0  1.10 0.45
   11 C    -3  -6   0  -2  10  -5  -5  -5   0  -5  -5  -5  -5  -3  -5   1   0  -6  -5  -4    0   0   5   3  71   0   0   0   3   0   0   0   0   1   0  13   5   0   0   0  2.29 0.60
   12 T     1  -3   0  -3  -3  -1  -2  -3  -2  -1  -2  -2  -3  -3   0   2   5  -4  -2  -1   10   0   3   0   0   2   1   0   1   4   4   1   0   1   5  18  47   0   1   2  0.60 0.31
   13 S    -1  -4  -2  -3  -4  -3  -1  -2  -4  -5  -5  -3  -4  -5  -2   7  -1  -6  -2  -5    2   0   0   0   0   0   4   2   0   0   0   0   0   0   1  88   1   0   1   0  1.55 0.57
   14 C    -3  -5  -4  -5  10  -5  -5  -3  -1  -4  -5  -1  -3  -4  -5   3  -1  -6  -5  -3    0   0   0   0  68   0   0   1   1   0   0   4   0   0   0  20   3   0   0   1  2.21 0.60
   15 R    -4   7  -2  -4  -6   1  -3  -5  -3  -5  -2   2  -4  -5  -5  -3  -2  -6  -4  -5    0  75   1   0   0   5   0   0   0   0   4  12   0   0   0   0   3   0   0   0  1.63 0.52
   16 K    -3   2  -2  -3  -6  -1  -1  -4  -3  -5  -5   7  -1  -6  -4  -2  -2  -6  -5  -4    0   6   1   0   0   1   2   0   0   0   0  85   1   0   0   1   1   0   0   0  1.66 0.55
   17 A     6  -4  -4  -4  -3  -3  -4  -3  -4  -3  -2  -3  -1  -5  -4  -1   1  -5  -4   0   79   0   0   0   0   0   0   0   0   0   2   0   1   0   0   0  10   0   0   7  1.22 0.47
   18 R    -3   5  -3  -4  -5  -1  -1  -4  -1   1  -2   6   0  -5  -4  -3  -3  -5  -4  -1    0  28   0   0   0   0   2   0   1   8   3  51   2   0   0   0   0   0   0   5  1.00 0.40
   19 A     3   1   1  -1  -3   2   1  -2   0  -3  -3   2  -3  -4  -3   0   0  -4  -3  -3   31   6   7   2   0  11   8   1   3   1   1  18   0   0   0   6   5   0   0   0  0.37 0.22
   20 W    -7  -5  -8  -9  -7  -6  -7  -7  -6  -4  -6  -7  -5   0  -8  -7  -7  13   0  -7    0   1   0   0   0   0   0   0   0   1   0   0   0   4   0   0   0  93   2   0  4.40 0.96
   21 L    -4  -5  -6  -7  -4  -5  -6  -6  -5  -1   6  -5   3   3  -6  -5  -4  -4  -3  -2    0   0   0   0   0   0   0   0   0   0  82   0   5  12   0   0   0   0   0   0  1.47 0.50
   22 E    -1   1   2   2  -2   2   3  -3  -2   0  -2   3  -1  -4  -3  -1   0  -4  -2  -2    3   6  12   9   1   7  22   0   0   7   2  19   1   0   0   1   7   0   1   2  0.33 0.19
   23 E     1  -2   2   3  -4   1   4  -2  -2  -5  -5   1  -3  -5  -3   0  -1  -5  -2  -4   13   0   9  16   0   5  37   1   0   0   0  10   0   0   0   4   2   0   1   0  0.62 0.29
   24 H    -4  -2   4  -3  -6   1  -2  -5  10  -6  -6  -1  -5  -4  -5  -2  -4  -5   1  -6    0   1  22   0   0   5   2   0  62   0   0   3   0   0   0   1   0   0   4   0  1.97 0.60
   25 E    -2   0   3   3  -5   3   1   2   4  -5  -5   1  -4  -5  -3  -1  -3  -5  -3  -5    0   4  19  17   0  13   8  15  11   0   0  10   0   0   0   2   0   0   0   0  0.59 0.27
   26 I    -3  -5  -6  -6  -4  -5  -6  -6  -6   6   3  -5   1  -3  -5  -5  -3  -5  -4   3    1   0   0   0   0   0   0   0   0  58  22   0   2   0   0   0   0   0   0  17  1.23 0.42
   27 P     1  -2   0   3  -4   0   2  -3  -3  -4  -4   0  -4  -5   5   0  -1  -5  -4  -3   12   1   5  15   0   5  12   0   0   0   0   4   0   0  35   7   3   0   0   1  0.76 0.30
   28 F    -5  -5  -6  -7  -6  -5  -6  -6   0  -4  -3  -6  -3   7  -7  -5  -5  -2   7  -2    0   0   0   0   0   0   0   0   1   0   1   0   0  51   0   0   0   0  43   3  2.09 0.61
   29 V    -2   0   0  -1  -2   2   3  -3   0   1  -2   2  -1  -4  -3  -1   2  -4  -3   1    1   4   4   1   0  12  19   0   2   9   1  16   1   0   0   3  14   0   0  12  0.29 0.20
   30 E    -3  -3  -3  -1  -6   0   7  -5  -3  -4  -6  -1  -5  -6  -4  -3  -3  -6  -5  -3    1   0   1   2   0   2  87   0   0   1   0   3   0   0   0   1   1   0   0   1  1.81 0.61
   31 R    -4   6  -3  -4  -1   2  -1  -5   3   1  -4   3  -3  -2  -4  -3  -3  -5  -4  -2    0  48   0   0   2   7   2   0   7  11   0  19   0   2   0   0   0   0   0   2  0.98 0.40
   32 N    -4  -1   8   0  -6  -3  -2  -4   4  -6  -6  -1  -5  -6  -3   0  -3  -6  -2  -6    0   3  71   4   0   0   1   0   9   0   0   4   0   0   1   5   0   0   1   0  1.64 0.55
   33 I    -4  -5  -6  -6  -1  -5  -5  -6  -5   6   3  -5   2   1  -5  -5  -3  -4  -1   1    0   0   0   0   1   0   0   0   0  51  30   0   4   6   0   0   1   0   2   6  1.04 0.38
   34 F    -2  -4   0  -2  -4  -3  -2  -2  -1   1   0  -3   1   6  -4   1   1  -2   2  -1    2   0   5   2   0   0   2   3   1   8   5   1   4  41   0  10   8   0   4   2  0.56 0.28
   35 S     1   3   0   0  -3  -1  -1  -2   0  -2  -3   3  -3  -2  -3   2   2  -4  -2  -2    9  14   4   4   0   1   2   2   3   2   0  22   0   2   0  20  14   0   1   2  0.34 0.22
   36 E    -2  -1   2   3  -5   3   4  -3   2  -4  -5   0  -4  -5  -3   0   0  -5  -2  -3    2   2  10  16   0  12  32   1   5   1   0   5   0   0   0   8   5   0   2   1  0.60 0.28
   37 P    -1  -1  -3  -1   0  -2  -2  -1  -2  -3  -1   1  -4  -5   7  -1   1  -6  -5  -3    3   3   0   3   2   1   1   4   1   1   6   8   0   0  54   3   8   0   0   1  1.15 0.40
   38 L    -4  -5  -6  -6  -4  -4  -5  -6  -5   3   5  -5   2  -1   2  -5  -3  -4  -3   0    0   0   0   0   0   0   0   0   0  17  62   0   5   2  11   0   0   0   0   4  1.00 0.38
   39 S    -2  -1   2  -1  -2  -1  -1  -3  -2  -4  -4  -2  -3  -4  -4   4   5  -5  -4  -3    1   4   9   3   0   2   3   1   1   0   0   2   0   0   0  28  45   0   0   1  0.80 0.38
   40 I     0   2  -1   0  -1   1   1  -3   0   0  -1   2  -1  -2  -1   0   0  -3  -1   0    9  12   1   5   1   4  11   0   2   8   5  16   0   1   2   4   6   0   2  10  0.12 0.10
   41 D    -1  -1   2   4  -4   1   4  -2   0  -4  -4   2  -3  -3  -2   1   0  -5  -3  -3    4   2   8  23   0   4  29   1   2   0   0  12   0   2   1   8   4   0   0   1  0.53 0.24
   42 E    -4  -1  -2   3  -6   0   7  -5  -3  -2  -5  -2  -5  -6  -4  -3  -2  -6  -3  -5    0   2   0  13   0   2  75   0   0   3   1   1   0   0   0   0   1   0   1   0  1.46 0.50
   43 I    -3  -5  -5  -6  -3  -5  -5  -6  -5   5   4  -5   0   2  -5  -4  -3  -4  -2   2    1   0   0   0   0   0   0   0   0  38  42   0   1   8   0   0   0   0   0  10  0.93 0.33
   44 K    -3   1  -1  -1  -4   1  -1  -4  -3   1   2   5   1  -2  -3  -1  -1  -4  -2  -2    0   7   2   2   0   4   1   0   0   8  20  44   3   1   0   5   2   0   1   0  0.48 0.27
   45 Q     0   1   1   1  -4   4   2  -3   4  -3  -2   1  -1  -1  -3   0  -1  -3   1  -3    6   6   6   6   0  20  15   0  13   0   3   8   1   2   0   6   2   0   4   0  0.37 0.20
   46 I    -4  -5  -6  -6  -4  -5  -6  -6  -5   7   2  -5   4  -1  -5  -5  -3  -5  -3   1    0   0   0   0   0   0   0   0   0  68  18   0  10   2   0   0   0   0   0   3  1.30 0.42
   47 L    -3  -5  -6  -6  -4  -5  -5  -6  -5   1   6  -5   2   0  -5  -5  -2  -4  -3  -1    1   0   0   0   0   0   0   0   0   4  85   0   4   3   0   0   2   0   0   2  1.30 0.43
   48 R     1   3  -1  -2  -2   1   0  -2   0  -3  -3   1   1  -4  -3   4   1  -4  -3  -2   10  18   0   0   1   5   5   1   2   0   0   8   5   0   0  36   7   0   0   2  0.44 0.26
   49 M    -1   0  -2  -5  -3  -3  -4  -5  -2   0   4   1   4   0  -4  -3  -3  -3   0  -1    4   6   2   0   0   0   0   0   1   2  54   9  14   2   0   0   0   0   3   1  0.61 0.29
   50 T    -1  -4  -3  -4   3  -3  -1  -4  -4  -4  -4  -3  -4  -5  -4   2   7  -5  -4  -3    3   0   0   0   7   0   4   0   0   0   0   0   0   0   0  16  71   0   0   0  1.34 0.51
   51 E    -3  -3   0   0  -6  -1   7  -5  -3  -4  -3  -1  -3  -5  -1  -2   1  -5  -3  -3    0   0   4   3   0   0  74   0   0   1   2   1   1   0   3   1   8   0   1   1  1.25 0.47
   52 D    -3  -2   6   3  -5  -2   2  -1   1  -5  -3  -2  -3  -5  -4  -1  -1  -5  -2  -5    1   1  45  19   0   0  14   5   4   0   3   1   1   0   0   3   2   0   2   0  0.85 0.34
   53 G    -3  -2  -3  -2  -6  -5  -5   7  -5  -7  -7  -4  -6  -6  -5  -3  -5  -6  -6  -6    0   2   0   2   0   0   0  96   0   0   0   0   0   0   0   0   0   0   0   0  2.18 0.58
   54 T    -1  -4  -3  -4   0  -3  -4  -4  -4   2   0  -3  -1   2  -4  -1   5  -4  -3   2    4   0   0   0   2   0   0   0   0  10   8   0   1   8   0   3  48   0   0  15  0.65 0.32
   55 D    -2  -3  -1   5  -5   0   5  -3  -1  -4  -5  -2  -4  -4  -3   0   0  -1  -4  -4    2   0   1  40   0   2  37   1   1   1   1   1   0   1   0   8   6   1   0   1  0.96 0.36
   56 E    -1  -3  -1   6  -5  -1   4  -2  -3  -5  -5  -1  -5  -6  -2   1  -2  -6  -5  -5    4   0   1  45   0   1  33   3   0   0   0   3   0   0   1   9   1   0   0   0  1.04 0.38
   57 I    -4  -5  -6  -6  -4  -5  -6  -6  -6   7   3  -5   1  -2  -5  -5  -3  -5  -4   1    0   0   0   0   0   0   0   0   0  67  28   0   2   0   0   0   0   0   0   3  1.35 0.44
   58 I    -3  -5  -5  -5  -3  -5  -5  -6  -1   6   2  -5  -1   0  -5  -4  -2  -4   1   2    0   0   0   0   0   0   0   0   2  60  19   0   0   2   0   0   1   0   4  12  1.04 0.37
   59 S     2  -3  -1  -3  -1  -3  -3  -1  -4  -5  -4  -1  -4  -2  -3   6  -1  -5  -4  -4   15   0   1   0   1   0   0   4   0   0   1   2   0   2   0  72   2   0   0   0  1.09 0.46
   60 T    -2   2   0  -1  -3   0  -1  -3  -3  -2  -3   2  -3  -3  -1   1   5  -4  -1  -2    1  10   3   3   0   3   1   0   0   2   1  17   0   1   2   8  45   0   2   2  0.55 0.29
   61 R    -4   7  -2  -4   0   0   0  -5   1  -5  -4   2  -4  -5  -5  -3  -2  -5  -4  -5    0  72   2   0   2   2   4   0   3   0   1  12   0   0   0   0   2   0   0   0  1.49 0.48
   62 S     0  -3   1  -3   0  -3  -3  -1  -3  -5  -5   1  -4  -5  -3   6   0  -5  -1  -4    5   0   6   0   2   0   0   3   0   0   0   7   0   0   0  72   3   0   3   0  1.07 0.45
   63 K    -2   3   0  -2  -5   3  -1  -4  -1  -2  -2   5  -3  -1  -3  -1  -2  -4  -1  -4    3  14   5   1   0  12   1   0   1   3   3  49   0   3   0   2   1   0   2   0  0.69 0.31
   64 V     2  -2  -2   0   0  -1  -1  -3  -3   2   0  -1   0   0  -3   1   1  -3   1   2   20   0   0   5   2   1   2   0   0  17   4   2   1   3   0  12  10   0   5  15  0.17 0.14
   65 F    -1  -3  -5  -5  -4  -4  -5  -5  -2  -1  -2  -3   0   6  -3  -4   0  -1   7  -1    4   1   0   0   0   0   0   0   0   3   2   1   2  36   1   0   5   0  40   5  1.22 0.41
   66 Q    -1   1  -1  -1  -5   5   1  -3   0  -4  -4   5  -2  -5  -2  -1  -2  -5  -4  -2    4   4   2   1   0  28   8   1   2   0   0  41   1   0   1   4   1   0   0   3  0.77 0.34
   67 K     0   0   3   1  -4   2   2  -2  -1  -4  -4   3  -2  -4  -3   0  -1   3  -3  -3    9   3  14   7   0   9  16   1   1   0   1  24   1   0   0   7   3   4   0   0  0.41 0.21
   68 L    -3  -4  -2  -5  -4  -2  -5  -3  -1   0   5  -2   0   0  -5  -3  -2  -4   0  -1    1   0   2   0   0   2   0   2   2   3  74   2   1   3   0   1   3   0   3   1  0.93 0.40
   69 N     0  -1   5   2  -4  -1   0   0   2  -3  -4   2  -1  -4  -3   0  -1  -5  -1  -1    7   1  30  14   0   2   4   5   6   1   0  14   2   0   0   4   3   0   2   7  0.40 0.23
   70 V    -2  -3  -2   0   0  -1  -2  -4   1   3   1  -1   2  -1  -2  -2   0  -4  -1   3    2   0   1   5   2   2   2   0   5  24  13   4   6   2   1   2   4   0   1  24  0.27 0.18
   71 N    -2   0   3   6   0   0   0  -3  -3  -4  -4   0  -4  -5  -2   1  -1  -6  -5  -5    2   5  16  47   2   3   3   1   0   1   2   7   0   0   1   8   2   0   0   0  0.82 0.35
   72 V    -2  -3  -3  -5  -3  -4  -3  -5  -2   4   3  -4   1   4  -2  -3  -3  -3  -2   2    2   1   1   0   0   0   1   0   1  27  29   0   2  18   1   1   0   0   0  14  0.59 0.27
   73 E    -3  -2   2   5  -6   0   5  -3  -3  -6  -6  -2  -5  -6   0  -1  -2  -6  -3  -5    0   1  12  37   0   3  37   1   0   0   0   1   0   0   4   4   1   0   1   0  1.04 0.41
   74 S     0  -2   1   4  -4   1   4  -3  -2  -5  -5  -1  -3  -5  -2   2   0  -5  -3  -4    6   1   7  30   0   5  26   0   0   0   0   1   0   0   1  14   7   0   1   0  0.67 0.31
   75 M    -4  -4  -5  -6   0  -4  -5  -6  -5   1   5  -5   6  -1  -3  -3  -3  -1  -2   0    0   0   0   0   2   0   0   0   0   8  59   0  22   1   1   1   0   1   1   3  1.07 0.42
   76 P    -2  -3   0  -3  -4  -3  -3  -2   0  -5  -5  -1  -2  -5   3   5   3  -5  -4  -4    1   0   3   0   0   0   0   2   2   0   0   4   1   0  15  52  19   0   0   0  0.93 0.44
   77 L    -3  -4  -3  -5  -3  -4  -5  -5  -4   3   4  -4   3   2  -5  -4   0  -4  -2   2    0   0   1   0   0   0   0   0   0  20  46   0   8   7   0   0   6   0   0  12  0.72 0.31
   78 Q    -2  -1   4   1  -4   2   0  -1   0  -4  -4   2  -3  -4  -2   3   0  -5  -4  -3    0   1  28   5   0   8   5   3   1   0   1  13   0   0   1  27   4   0   0   1  0.54 0.29
   79 D    -2  -1  -1   2  -5   4   6  -2  -2  -5  -5   0  -4  -5  -4   0  -1  -5  -2  -4    1   1   2   8   0  19  53   3   0   0   0   4   0   0   0   5   2   0   1   0  0.97 0.41
   80 L     0  -4  -5  -6  -3  -4  -5  -5  -5   0   5  -4   3   2  -5  -4  -2   0  -3   1   11   0   0   0   0   0   0   0   0   1  62   0   6   7   0   0   1   1   0  11  0.83 0.36
   81 Y    -2  -3  -4  -5  -2  -4  -4  -5  -3   4   2  -1   1   1  -4  -4  -1  -3   3   2    1   1   0   0   1   0   0   0   0  33  20   4   2   5   0   0   3   0  12  17  0.58 0.27
   82 R    -1   0   1   3  -4   2   2  -2   1  -2  -3   2  -3  -4  -3   1   0  -4  -3  -1    5   3   6  20   0   8  15   1   3   2   0  16   0   0   0  10   5   0   0   5  0.35 0.19
   83 L    -1  -4  -5  -5  -3  -4  -3  -5  -4   2   5  -4   1   3  -5  -3  -3  -3   1   0    6   0   0   0   0   0   2   0   0  11  57   0   3  13   0   1   0   0   4   4  0.73 0.32
   84 I    -3  -5  -6  -6  -4  -5  -5  -6  -5   6   3  -5   2   0  -5  -5  -3  -4  -3   2    1   0   0   0   0   0   0   0   0  57  23   0   5   3   0   0   0   0   0  11  1.10 0.39
   85 N     0   1  -1  -2   0   4   1  -3  -1   1  -2   1   0  -3  -3   1   0  -4  -3   1    6   6   1   1   3  23  10   0   1  11   0   9   3   0   0  11   3   0   0  11  0.26 0.19
   86 E    -1   0   1   1  -5   3   5  -4  -1  -5  -4   3  -2  -5  -3  -1   0  -5  -4  -3    4   2   6   7   0  12  38   0   1   0   0  20   1   0   0   3   5   0   0   1  0.68 0.31
   87 H    -4  -1   6  -1  -5  -1   0  -4   6  -4  -5  -1  -4  -3  -4  -1  -1  -4   3  -5    0   2  41   1   0   2   7   0  23   1   0   3   0   0   0   4   3   0  13   0  1.05 0.41
   88 P    -2  -1  -5  -5  -6  -3  -4  -5  -3  -3  -4  -4  -2  -4   8  -4  -2  -7  -6  -4    2   4   0   0   0   1   0   0   1   2   2   0   1   1  82   0   2   0   0   1  2.27 0.63
   89 G    -1   1  -1  -1  -4   1   1   2   0  -4  -3   1  -2  -3  -3   3   0  -4  -3  -4    1   9   2   2   0   7  11  18   3   0   1  10   1   1   0  29   6   0   0   0  0.38 0.22
   90 L    -4  -5  -6  -6  -4  -4  -5  -6  -5   4   5  -5   4  -2  -5  -5  -3  -4  -3   1    0   0   0   0   0   0   0   0   0  24  61   0   9   0   0   0   0   0   0   6  1.12 0.40
   91 L    -4  -5  -6  -6  -4  -5  -6  -6  -6   2   6  -5   1  -2  -6  -5  -4  -4  -4  -1    0   0   0   0   0   0   0   0   0  11  85   0   3   0   0   0   0   0   0   2  1.44 0.48
   92 R    -4   7  -3  -4   1   0  -2  -5  -1  -6  -5   5  -4  -6  -4  -3  -4  -6  -5  -5    0  55   0   0   3   3   0   0   1   0   0  38   0   0   0   0   0   0   0   0  1.54 0.52
   93 R    -4   7   0  -4  -5  -1  -3  -5  -2  -3  -2   0  -4  -3  -5   0   0   0  -4  -3    0  69   5   0   0   1   0   0   0   1   3   3   0   1   0   7   7   1   0   1  1.26 0.46
   94 P    -4  -6  -6  -5  -6  -5  -5  -6  -6  -6  -7  -5  -6  -7   9  -4  -5  -7  -7  -6    0   0   0   0   0   0   0   0   0   0   0   0   0   0 100   0   0   0   0   0  3.23 0.78
   95 I    -4  -6  -6  -6  -4  -6  -6  -7  -6   7   2  -6   0  -1  -6  -5  -4  -5  -4   0    0   0   0   0   0   0   0   0   0  82  15   0   1   1   0   0   0   0   0   1  1.67 0.52
   96 I    -3  -5  -6  -6  -4  -5  -5  -6  -5   6   3  -5   4  -2  -5  -5  -3  -5  -4   1    1   0   0   0   0   0   0   0   0  63  21   0  10   0   0   0   0   0   0   5  1.25 0.42
   97 I    -2  -4  -4  -5  -2  -3  -4  -5  -2   4   2  -3   3   3  -4  -3   0  -3   1   3    0   0   0   0   1   1   0   0   1  24  15   0  11  16   0   0   7   0   4  20  0.54 0.24
   98 D    -3  -2   1   7  -2  -1   0  -3  -4  -6  -6  -2  -5  -6  -4  -1  -2  -7  -4  -6    1   1   5  77   1   2   2   1   0   0   0   1   0   0   0   5   1   0   0   0  1.62 0.50
   99 E    -2  -1   1   4  -5   0   4   1   1  -5  -5  -1  -4  -5  -1  -1  -2  -5  -4  -5    3   3   5  28   0   2  35  12   3   0   0   3   0   0   3   1   1   0   0   0  0.73 0.30
  100 K    -2   2   2  -1  -5   1   0  -3   3  -5  -4   6  -3  -5  -3  -1  -1  -5  -3  -4    2   8  11   3   0   4   5   0   7   0   1  52   0   0   0   3   3   0   1   0  0.80 0.34
  101 R    -3   6  -1  -3  -2   1  -1  -4   1  -5  -3   4  -3  -5  -4  -1  -2  -5  -4  -5    1  52   2   0   1   4   1   0   4   0   1  29   0   0   0   3   1   0   0   0  1.15 0.42
  102 L    -3  -4  -5  -6  -3  -4  -5  -6  -5   3   5  -5   4   1  -5  -4  -3  -4  -3   0    0   0   0   0   0   0   0   0   0  15  62   0  13   5   0   1   0   0   0   5  1.02 0.36
  103 Q    -3  -1  -3  -3  -5   7   0  -5  -1   0   1  -2   0  -4  -4  -3  -3  -4  -2   1    1   1   1   0   0  61   3   0   1   5  14   0   2   0   0   0   0   0   1  10  1.06 0.43
  104 V    -2  -5  -5  -5  -1  -4  -5  -5  -5   4   0  -4  -1  -1  -5  -3   1  -5  -3   6    1   0   0   0   1   0   0   0   0  29   3   0   0   1   0   1   8   0   0  56  1.03 0.37
  105 G    -3  -5  -3  -3  -6  -5  -5   7  -5  -7  -7  -5  -6  -6  -5  -3  -5  -6  -6  -6    0   0   0   1   0   0   0  99   0   0   0   0   0   0   0   0   0   0   0   0  2.32 0.59
  106 Y    -5  -5  -6  -6  -6  -5  -6  -6  -2  -4  -3  -5  -3   7  -6  -5  -5  -1   8  -4    0   0   0   0   0   0   0   0   0   0   0   0   0  44   0   0   0   0  56   0  2.24 0.59
  107 N    -4  -3   7   3  -5  -2  -2  -3   2  -6  -6  -1  -5  -6  -4   0  -2  -6  -5  -6    0   0  69  16   0   1   0   0   4   0   0   4   0   0   0   5   1   0   0   0  1.55 0.48
  108 E    -2  -2  -1   2  -5   2   6  -4  -1  -5  -4   1  -4  -5   0   0  -3  -5  -4  -4    3   0   2  12   0   7  57   0   1   0   1   6   0   0   4   7   0   0   0   0  0.94 0.36
  109 D    -2  -2   0   6  -6  -2   4  -3  -3  -5  -6  -2  -2  -6  -3  -1  -3  -6  -5  -4    2   1   2  57   0   0  30   1   0   0   0   1   1   0   0   2   1   0   0   1  1.31 0.43
  110 E    -1  -1   1   3  -5   1   6  -2  -1  -5  -5   1  -4  -3  -3  -1  -2  -5  -3  -5    3   1   5  19   0   3  53   3   1   0   0   7   0   1   0   2   1   0   0   0  0.91 0.34
  111 I    -2  -5  -6  -6  -4  -5  -6  -6  -5   7   1  -5   3  -1  -5  -5  -3  -1  -2   1    2   0   0   0   0   0   0   0   0  77   8   0   7   2   0   0   0   1   1   3  1.40 0.45
  112 R    -3   7  -2  -3  -6   0  -1  -1   0  -5  -4   1  -3  -5  -5  -3  -1  -5  -2  -4    1  74   1   1   0   3   2   6   2   0   0   4   1   0   0   0   4   0   1   1  1.40 0.46
  113 R     1   3  -1  -2   1   1  -1  -2  -2   0  -2   2   0  -3  -2   1   1  -4  -3   0   14  21   2   1   4   7   1   2   0   5   1  13   3   0   1   9   8   0   0   8  0.23 0.15
  114 F    -5  -6  -6  -7  -5  -6  -6  -6  -4  -2   0  -6   1   9  -7  -5  -5  -2   1  -4    0   0   0   0   0   0   0   0   0   1   8   0   3  87   0   0   0   0   1   0  2.24 0.59
  115 L     0  -3  -5  -5  -3  -4  -5  -5  -5   3   5  -4   2  -1  -5  -3  -2  -4  -3   1    7   1   0   0   0   0   0   0   0  21  56   0   3   1   0   1   1   0   0   9  0.78 0.29
  116 P    -3  -2  -4  -4  -5  -4  -2  -5  -5  -5  -5   0  -5  -6   8   0  -4  -6  -6  -5    1   1   0   0   0   0   1   0   0   1   0   5   0   0  83   6   0   0   0   0  2.31 0.57
  117 R    -2   7  -2  -4  -6   0  -2  -4   0  -4  -5   4  -4  -5  -2  -2  -3  -5  -4  -4    2  68   0   0   0   2   0   0   2   1   0  21   0   0   2   1   0   0   0   0  1.41 0.44
  118 K    -1   0   0   2  -4   1   3  -2   2  -4  -4   3  -3  -4  -1   1  -1  -4  -3  -3    2   3   3  12   0   4  26   1   7   0   0  24   0   0   1  14   3   0   0   1  0.49 0.20
  119 V    -2  -4  -4  -5  -2  -4  -4  -5  -5   4   2  -4   0  -2  -4  -3   1  -4  -3   5    0   0   0   0   0   0   0   0   0  22  18   0   1   0   0   0   7   0   0  52  0.75 0.25

                      K         Lambda
Standard Ungapped    0.1381     0.3211
Standard Gapped      0.0616     0.2670
PSI Ungapped         0.2006     0.3145
PSI Gapped           0.0616     0.2670
