
Last position-specific scoring matrix computed, weighted observed percentages rounded down, information per position, and relative weight of gapless real matches to pseudocounts
            A   R   N   D   C   Q   E   G   H   I   L   K   M   F   P   S   T   W   Y   V   A   R   N   D   C   Q   E   G   H   I   L   K   M   F   P   S   T   W   Y   V
    1 S     2  -2  -1  -1  -2  -1  -1   0  -2  -3  -3  -1  -2  -3   6   1   0  -4  -3  -2   29   0   3   0   0   0   0   5   0   0   0   0   0   0  47  17   0   0   0   0  0.83 0.04
    2 H    -1  -1   5   2  -3   0   1  -1   3  -4  -4   0  -3  -3  -2   1  -1  -4  -2  -3    1   0  51  11   0   3  10   1   9   0   0   1   0   0   0  13   0   0   0   0  0.54 0.06
    3 F    -3  -3  -3  -4  -3  -3  -3  -4   1  -2  -1  -3  -1   5  -4  -3  -3   1   7  -2    0   0   0   0   0   0   0   0   2   0   0   0   1  39   0   0   0   0  59   0  1.09 0.11
    4 D    -3  -2   1   7  -4  -1   1  -2  -2  -4  -4  -2  -4  -4  -2  -1  -2  -5  -4  -3    0   0   1  95   0   0   0   0   0   0   1   0   0   0   1   0   0   0   0   1  1.28 0.13
    5 Y    -3  -3  -3  -4  -3  -2  -3  -4   2  -2  -1  -3   0   4  -3  -3  -2   1   7  -2    0   0   0   0   0   0   0   0   5   0   3   0   3  12   1   0   0   0  75   1  1.06 0.12
    6 F    -3  -3  -4  -4  -3  -4  -4  -4  -2   0   2  -4   1   7  -4  -3  -3   0   2  -1    0   0   0   0   0   0   0   0   0   2  24   0   2  72   0   0   0   0   0   0  0.89 0.11
    7 K    -2   1  -1  -2  -4   1   0  -3  -2  -4  -3   6  -2  -4  -2  -1  -2  -4  -3  -3    0   0   0   0   0   0   0   0   0   0   0 100   0   0   0   0   0   0   0   0  1.02 0.14
    8 I    -2  -3  -4  -4  -2  -3  -4  -5  -4   2   5  -3   2   0  -4  -3  -2  -2  -2   1    0   0   0   0   0   0   0   0   0   8  90   0   1   0   0   0   0   0   0   1  0.71 0.10
    9 L    -2  -3  -4  -5  -2  -3  -4  -5  -4   1   5  -3   1   0  -4  -3  -2  -2  -2   0    0   0   0   0   0   0   0   0   0   0 100   0   0   0   0   0   0   0   0   0  0.82 0.11
   10 I    -2  -3  -4  -4  -2  -3  -4  -4  -4   3   4  -3   1   0  -4  -3  -2  -3  -2   1    0   0   0   0   0   0   0   0   0  32  68   0   0   0   0   0   0   0   0   0  0.61 0.09
   11 I    -2  -4  -4  -4  -2  -4  -4  -5  -4   6   1  -4   0  -1  -4  -3  -2  -4  -2   2    0   0   0   0   0   0   0   0   0  97   3   0   0   0   0   0   0   0   0   0  0.88 0.14
   12 G     0  -3  -1  -2  -3  -3  -3   7  -3  -5  -5  -2  -4  -4  -3  -1  -2  -3  -4  -4    3   0   0   0   0   0   0  97   0   0   0   0   0   0   0   0   0   0   0   0  1.39 0.13
   13 N    -2  -2   5   6  -4  -1   0  -2  -1  -4  -4  -1  -3  -4  -2  -1   0  -5  -4  -4    0   0  36  60   0   0   1   0   0   0   0   0   0   0   0   0   3   0   0   0  0.97 0.11
   14 S     1  -2   0  -1  -2  -1  -1  -1  -2  -3  -3  -1  -2  -3  -2   6   1  -4  -3  -3    3   0   0   0   0   0   0   0   0   0   0   0   0   0   0  97   0   0   0   0  0.86 0.15
   15 S     1  -2  -1  -2  -2  -2  -2   5  -2  -4  -4  -2  -3  -4  -2   3  -1  -3  -3  -3    5   0   0   0   0   0   0  60   0   0   0   0   0   0   0  35   0   0   0   0  0.79 0.10
   16 V    -1  -4  -4  -4  -2  -3  -3  -4  -4   2   0  -3   0  -2  -3  -3  -1   2  -2   6    0   0   0   0   0   0   0   0   0   0   0   0   0   0   0   0   0   3   0  97  0.78 0.13
   17 G     0  -3  -1  -2  -3  -3  -3   7  -3  -5  -5  -2  -4  -4  -3  -1  -2  -3  -4  -4    3   0   0   0   0   0   0  97   0   0   0   0   0   0   0   0   0   0   0   0  1.39 0.13
   18 K    -2   1  -1  -2  -4   0   0  -3  -2  -4  -4   6  -2  -4  -2  -1  -2  -4  -3  -3    0   0   0   0   0   0   0   0   0   0   0 100   0   0   0   0   0   0   0   0  1.04 0.15
   19 T     0   0   0  -2  -2  -1  -1  -2  -2  -2  -2  -1  -2  -3  -2   3   5  -3  -2  -1    0   3   0   0   0   0   0   0   0   0   0   0   0   0   0  34  62   0   0   0  0.64 0.11
   20 S    -1  -3  -2  -3   9  -2  -3  -2  -3  -3  -3  -3  -2  -3   0   3  -1  -4  -3  -2    0   0   0   0  59   0   0   0   0   0   0   0   0   0   3  37   0   0   0   0  1.12 0.14
   21 F    -2  -3  -3  -4   2  -3  -3  -4  -3   1   3  -3   1   4  -3  -2  -2  -1   1   1    1   0   0   0   6   0   0   0   0   5  37   0   0  33   0   3   0   0   0  15  0.39 0.06
   22 L    -2  -3  -4  -5  -1  -3  -4  -5  -4   1   5  -3   1   0  -4  -3  -2  -3  -2   0    0   0   0   0   1   0   0   0   0   1  99   0   0   0   0   0   0   0   0   0  0.84 0.13
   23 F    -3  -3  -4  -4  -1  -4  -4  -4  -3   0   3  -4   0   6  -4  -3  -2   0   1   0    0   0   0   0   1   0   0   0   0   0  32   0   1  63   0   0   0   0   0   3  0.80 0.11
   24 R    -3   7  -1  -3  -5   0  -1  -3  -1  -4  -3   1  -2  -4  -3  -2  -2  -4  -3  -4    0 100   0   0   0   0   0   0   0   0   0   0   0   0   0   0   0   0   0   0  1.38 0.17
   25 Y    -3  -3  -4  -4  -3  -3  -4  -4  -1  -1  -1  -4  -1   7  -4  -3  -3   1   6  -2    0   0   0   0   0   0   0   0   0   0   0   0   0  63   0   0   0   0  37   0  1.20 0.14
   26 A     3  -2  -1  -2   2  -1  -1  -1  -2  -2  -3  -1  -2  -3  -2   4   1  -3  -2  -1   43   0   0   0   6   0   0   0   0   0   0   0   0   0   0  47   2   0   0   2  0.49 0.10
   27 D    -2  -2   0   6  -5   0   3  -2  -2  -4  -4  -1  -4  -4  -2  -1  -2  -5  -4  -4    0   0   0  74   0   0  26   0   0   0   0   0   0   0   0   0   0   0   0   0  1.14 0.13
   28 D    -3  -3   1   7  -5  -1   1  -1  -2  -4  -5  -2  -4  -5  -3  -1  -2  -5  -4  -4    0   0   4  94   0   0   0   2   0   0   0   0   0   0   0   0   0   0   0   0  1.37 0.15
   29 S     2  -1   0  -1  -2   0  -1  -1  -1  -3  -3   0  -2  -3  -2   4   2  -3  -2  -2   24   0   0   0   0   2   1   0   1   0   0   2   0   0   0  57  13   0   0   0  0.48 0.09
   30 F    -3  -4  -4  -5  -3  -4  -4  -4  -2  -1  -1  -4  -1   8  -5  -3  -3   3   4  -2    0   0   0   0   0   0   0   0   0   0   0   0   0  87   0   0   0   3  10   0  1.31 0.15
   31 T    -1  -2   4  -1  -2  -1  -2  -2  -1  -1  -1  -1  -2  -3  -2   1   5  -4  -2  -1    1   0  26   0   0   0   0   0   1   1   4   0   0   0   0   3  62   0   0   1  0.57 0.11
   32 P     0  -2   0   0  -2  -1   0  -2  -2  -2  -3  -1  -2  -3   5   3   2  -4  -3  -2    3   0   4   5   0   0   2   0   0   1   0   0   0   0  32  32  21   0   0   0  0.64 0.08
   33 A     3  -2   0  -1  -1  -1  -1  -1  -2  -2  -3  -1  -2  -3  -2   4   3  -3  -2  -1   34   0   1   0   0   0   0   0   0   0   0   0   0   0   0  44  21   0   0   0  0.48 0.09
   34 F    -3  -4  -4  -5  -4  -4  -4  -4  -1  -1  -1  -4  -1   8  -5  -3  -3   0   4  -2    0   0   0   0   0   0   0   0   1   0   0   0   0  90   0   0   0   0   9   0  1.34 0.16
   35 V    -2  -4  -4  -4  -2  -3  -4  -4  -4   5   1  -3   0  -1  -3  -3  -1  -4  -2   4    0   0   0   0   0   0   0   0   0  62   0   0   0   0   0   0   0   0   0  38  0.68 0.11
   36 S     0  -2   0  -1  -2  -1  -1  -1  -2  -3  -3  -1  -2  -3  -2   5   3  -4  -3  -2    0   0   0   0   0   0   0   0   0   0   0   0   0   0   0  73  27   0   0   0  0.70 0.13
   37 T    -1  -2  -1  -2  -2  -2  -2  -3  -3  -2  -2  -2  -2  -3  -2   0   7  -4  -3  -1    0   0   0   0   0   0   0   0   0   0   0   0   0   0   0   0 100   0   0   0  1.07 0.17
   38 V    -2  -4  -4  -4  -2  -3  -4  -4  -4   5   1  -3   0  -1  -3  -3  -1  -4  -2   4    0   0   0   0   0   0   0   0   0  62   0   0   0   0   0   0   0   0   0  38  0.68 0.11
   39 G    -1  -3  -1  -2  -4  -3  -3   7  -3  -5  -5  -3  -4  -4  -3  -1  -3  -4  -4  -4    0   0   0   0   0   0   0 100   0   0   0   0   0   0   0   0   0   0   0   0  1.50 0.15
   40 I    -2  -4  -4  -4  -2  -4  -4  -5  -4   6   1  -4   0  -1  -4  -3  -2  -4  -2   2    0   0   0   0   0   0   0   0   0  92   0   0   0   0   0   0   0   0   0   8  0.87 0.14
   41 D    -3  -3   0   7  -5  -1   1  -2  -2  -4  -5  -2  -4  -5  -3  -1  -2  -6  -4  -4    0   0   0 100   0   0   0   0   0   0   0   0   0   0   0   0   0   0   0   0  1.52 0.17
   42 F    -3  -4  -4  -5  -4  -4  -4  -4  -2  -1  -1  -4  -1   8  -5  -4  -3   0   2  -2    0   0   0   0   0   0   0   0   0   0   0   0   0 100   0   0   0   0   0   0  1.51 0.18
   43 K    -2   1  -1  -2  -4   0   0  -3  -2  -4  -4   7  -2  -4  -2  -1  -2  -4  -3  -3    0   0   0   0   0   0   0   0   0   0   0 100   0   0   0   0   0   0   0   0  1.08 0.16
   44 V    -2  -4  -4  -4  -2  -3  -4  -4  -4   5   1  -3   0  -1  -3  -3  -1  -4  -2   4    0   0   0   0   0   0   0   0   0  62   0   0   0   0   0   0   0   0   0  38  0.68 0.11
   45 K    -2   5   0  -2  -4   1   0  -3  -1  -4  -3   5  -2  -4  -2  -1  -2  -4  -3  -3    0  49   2   0   0   1   0   0   0   0   0  48   0   0   0   0   0   0   0   0  0.85 0.12
   46 T    -1  -2  -1  -2  -2  -2  -2  -3  -3  -1  -2  -2  -2  -3  -2   0   6  -4  -3  -1    0   0   0   0   0   0   0   0   0   1   0   0   0   0   0   0  99   0   0   0  1.04 0.17
   47 I    -1  -4  -4  -4  -2  -3  -4  -4  -4   4   1  -3   0  -1  -3  -3  -1  -3  -2   4    0   0   0   0   0   0   0   0   0  44   1   0   0   1   0   0   0   0   0  54  0.62 0.10
   48 Y    -2  -1  -1   1  -4   0   4  -3   0  -3  -3   0  -2   2  -3  -1  -2  -1   4  -3    0   0   1   7   0   1  53   0   1   0   0   1   0  13   0   0   0   0  23   0  0.58 0.10
   49 R    -2   4  -2  -3  -3   1  -1  -4  -2   0   3   0   1  -1  -3  -2  -2  -3  -2   0    0  32   0   0   0   8   0   0   0   4  49   3   1   0   0   2   0   0   0   1  0.34 0.08
   50 N    -2  -1   4   5  -4   1   1  -1   3  -4  -4  -1  -3  -4  -2  -1  -1  -4  -2  -4    0   3  25  49   0   6   2   3  13   0   0   0   0   0   0   0   0   0   0   0  0.71 0.10
   51 D    -1  -2   1   3  -4  -1   0   5  -2  -4  -4  -2  -3  -4  -3  -1  -2  -4  -4  -4    2   0   6  24   0   0   7  61   0   0   0   0   0   0   0   0   0   0   0   0  0.80 0.09
   52 K    -2   1  -1  -2  -4   0   0  -3  -2  -4  -4   6  -2  -4  -2  -1  -1  -4  -3  -3    0   0   0   0   0   0   0   0   0   0   0  99   0   0   0   0   1   0   0   0  1.06 0.16
   53 R    -2   6  -1  -2  -4   0  -1  -3  -1  -4  -3   3  -2  -4  -3  -1   0  -4  -3  -3    0  65   1   0   0   0   0   0   0   0   0  26   0   0   0   0   8   0   0   0  0.84 0.12
   54 I    -2  -4  -4  -4  -2  -3  -4  -5  -4   5   1  -3   0  -1  -4  -3  -1  -4  -2   4    0   0   0   0   0   0   0   0   0  70   1   0   0   0   0   0   0   0   0  29  0.70 0.11
   55 K    -2   1  -1  -2  -4   0   0  -3  -2  -4  -4   6  -2  -4  -2  -1  -2  -4  -3  -3    0   0   0   0   0   0   2   0   0   0   0  98   0   0   0   0   0   0   0   0  1.05 0.16
   56 L    -2  -3  -4  -5  -2  -3  -4  -5  -4   1   5  -3   1   0  -4  -3  -2  -3  -2   0    0   0   0   0   0   0   0   0   0   0 100   0   0   0   0   0   0   0   0   0  0.86 0.13
   57 Q    -2   0  -1  -1  -4   8   1  -3  -1  -4  -3   0  -2  -5  -3  -1  -2  -3  -3  -3    0   0   0   0   0 100   0   0   0   0   0   0   0   0   0   0   0   0   0   0  1.38 0.20
   58 I    -2  -4  -4  -4  -2  -4  -4  -5  -4   6   1  -4   0  -1  -4  -3  -2  -4  -2   2    0   0   0   0   0   0   0   0   0  98   2   0   0   0   0   0   0   0   0   0  0.94 0.15
   59 W    -4  -4  -5  -6  -4  -3  -4  -4  -4  -4  -3  -5  -3   0  -5  -4  -4  12   1  -4    0   0   0   0   0   0   0   0   0   0   0   0   0   0   0   0   0 100   0   0  3.45 0.26
   60 D    -3  -3   1   7  -5  -1   1  -2  -2  -4  -5  -2  -4  -5  -3  -1  -2  -5  -4  -4    0   0   2  98   0   0   0   0   0   0   0   0   0   0   0   0   0   0   0   0  1.48 0.16
   61 T    -1  -2  -1  -2  -2  -2  -2  -3  -3  -2  -2  -2  -2  -3  -2   0   7  -4  -3  -1    0   0   0   0   0   0   0   0   0   0   0   0   0   0   0   0 100   0   0   0  1.07 0.17
   62 A     6  -2  -3  -3  -1  -2  -2  -1  -3  -2  -2  -2  -2  -3  -2   0  -1  -4  -3  -1   98   0   0   0   0   0   0   0   0   0   0   0   0   0   0   0   0   0   0   2  0.83 0.14
   63 G    -1  -3  -1  -2  -4  -3  -3   7  -3  -5  -5  -3  -4  -4  -3  -1  -3  -4  -4  -4    0   0   0   0   0   0   0 100   0   0   0   0   0   0   0   0   0   0   0   0  1.50 0.15
   64 L    -2   0  -1  -1  -4   8   1  -3  -1  -4  -3   0  -2  -4  -3  -1  -2  -3  -3  -3    0   0   0   0   0  99   0   0   0   0   1   0   0   0   0   0   0   0   0   0  1.34 0.19
   65 E    -2  -1  -1   1  -5   1   7  -3  -1  -4  -4   0  -3  -4  -2  -1  -2  -4  -3  -4    0   0   0   2   0   0  98   0   0   0   0   0   0   0   0   0   0   0   0   0  1.23 0.16
   66 R    -3   7  -1  -3  -5   0  -1  -3  -1  -4  -3   1  -2  -4  -3  -2  -2  -4  -3  -4    0 100   0   0   0   0   0   0   0   0   0   0   0   0   0   0   0   0   0   0  1.38 0.17
   67 Y    -3  -3  -4  -4  -3  -3  -4  -4  -1  -1  -1  -4  -1   7  -4  -3  -3   1   6  -2    0   0   0   0   0   0   0   0   0   0   0   0   0  62   0   0   0   0  38   0  1.20 0.14
   68 R    -2   7  -1  -3  -5   0  -1  -3   3  -4  -3   1  -2  -4  -3  -2  -2  -4  -2  -4    0  92   0   0   0   0   0   0   8   0   0   0   0   0   0   0   0   0   0   0  1.21 0.16
   69 T    -1  -2  -1  -2  -2  -2  -2  -3  -3  -2  -2  -2  -2  -3  -2   1   6  -4  -3  -1    0   0   0   0   0   0   0   0   0   0   0   0   0   0   0   1  99   0   0   0  1.04 0.17
   70 I    -2  -4  -4  -4  -2  -4  -4  -5  -4   6   1  -4   0  -1  -4  -3  -2  -4  -2   2    0   0   0   0   0   0   0   0   0  99   0   0   0   0   0   0   0   0   0   1  0.96 0.15
   71 T    -1  -2  -1  -2  -2  -2  -2  -3  -3  -2  -2  -2  -2  -3  -2   0   7  -4  -3  -1    0   0   0   0   0   0   0   0   0   0   0   0   0   0   0   0 100   0   0   0  1.07 0.17
   72 T    -1  -2   0  -2  -2  -2  -2  -2  -3  -2  -2  -2  -2  -3  -2   1   6  -4  -3  -1    0   0   2   0   0   0   0   0   0   0   0   0   0   0   0   8  90   0   0   1  0.90 0.15
   73 A     5  -2  -2  -2  -1  -1  -2  -1  -2  -2  -2  -1  -2  -3  -2   2   0  -4  -3  -1   83   0   0   0   0   0   0   0   0   0   0   0   0   0   0  16   0   0   0   1  0.67 0.12
   74 Y    -3  -3  -3  -4  -4  -3  -3  -4   1  -3  -2  -3  -2   2  -4  -3  -3   1   9  -2    0   0   0   0   0   0   0   0   0   0   0   0   0   0   0   0   0   0 100   0  1.74 0.20
   75 Y    -3  -3  -3  -4  -4  -3  -3  -4   1  -3  -2  -3  -2   2  -4  -3  -3   1   9  -2    0   0   0   0   0   0   0   0   0   0   0   0   0   0   0   0   0   0 100   0  1.74 0.20
   76 R    -3   7  -1  -3  -5   0  -1  -3  -1  -4  -3   1  -2  -4  -3  -2  -2  -4  -3  -4    0 100   0   0   0   0   0   0   0   0   0   0   0   0   0   0   0   0   0   0  1.38 0.17
   77 G    -1  -3  -1  -2  -4  -3  -3   7  -3  -5  -5  -2  -4  -4  -3  -1  -3  -4  -4  -4    0   0   2   0   0   0   0  98   0   0   0   0   0   0   0   0   0   0   0   0  1.45 0.14
   78 A     6  -2  -2  -3  -1  -2  -2  -1  -3  -2  -2  -2  -2  -3  -2   1  -1  -4  -3  -1   98   0   0   0   0   0   0   0   0   0   0   0   0   0   0   2   0   0   0   0  0.84 0.14
   79 G    -2  -2  -1  -3  -3  -1  -3  -3   3   0   1  -2   8  -1  -4  -2  -2  -3  -2  -1    0   0   3   1   0   0   0   1   8   0   2   0  84   0   0   0   0   0   0   0  0.99 0.18
   80 F    -1  -3  -1  -2  -4  -3  -3   7  -3  -5  -4  -3  -2  -3  -3  -1  -3  -3  -4  -4    0   0   0   0   0   0   0  97   0   0   0   0   2   1   0   0   0   0   0   0  1.40 0.14
   81 I    -2  -3  -4  -4  -2  -3  -4  -5  -4   5   3  -3   1  -1  -4  -3  -2  -3  -2   2    0   0   0   0   0   0   0   0   0  61  39   0   0   0   0   0   0   0   0   0  0.64 0.10
   82 L    -2  -3  -4  -4  -2  -2  -3  -4  -3   1   3  -3   7  -1  -4  -3  -2  -3  -2   2    0   0   0   0   0   0   0   0   0   1  28   0  58   0   0   0   0   0   0  13  0.71 0.13
   83 Y    -3  -3  -3  -4  -4  -3  -3  -4   1  -3  -2  -3  -2   2  -4  -3  -3   1   9  -2    0   0   0   0   0   0   0   0   0   0   0   0   0   2   0   0   0   0  98   0  1.71 0.20
   84 D    -3  -3   0   7  -5  -1   1  -2  -2  -4  -5  -2  -4  -5  -3  -1  -2  -6  -4  -4    0   0   0  99   0   0   1   0   0   0   0   0   0   0   0   0   0   0   0   0  1.50 0.17
   85 I    -1  -4  -4  -4  -2  -3  -4  -4  -4   5   1  -3   0  -1  -3  -3  -1  -4  -2   4    0   0   0   0   0   0   0   0   0  53   0   0   0   0   0   0   0   0   0  47  0.66 0.11
   86 T     0  -2  -1  -2  -1  -2  -2  -2  -3  -2  -2  -2  -2  -3  -2   1   6  -4  -3  -1    5   0   0   0   1   0   0   0   0   0   0   0   0   0   0   4  91   0   0   0  0.89 0.15
   87 N    -2  -2   6   4  -4   0   0  -1  -1  -4  -4  -1  -3  -4  -3   1  -1  -5  -3  -4    1   0  55  34   0   3   1   0   0   0   0   0   0   0   0   6   0   0   0   0  0.85 0.11
   88 E    -1   0  -1   1  -4   4   5  -3  -1  -4  -3   0  -2  -4   0  -1  -1  -4  -3  -3    3   1   1   4   0  21  65   0   0   0   1   1   1   0   3   0   1   0   0   0  0.76 0.11
   89 E    -1   2   0   2  -4   1   3  -2   0  -4  -3   3  -2  -4  -2   0  -1  -4  -3  -3    1  13   0  11   0   2  33   1   1   0   0  31   0   0   0   7   1   0   0   0  0.48 0.07
   90 S     0  -2   0  -1  -2  -1  -1  -1  -2  -3  -3  -1  -2  -3  -2   6   2  -4  -3  -3    0   0   0   0   0   0   0   0   0   0   0   0   0   0   0  93   7   0   0   0  0.84 0.15
   91 F    -3  -4  -4  -5  -4  -4  -4  -4  -2  -1  -1  -4  -1   8  -5  -4  -3   0   2  -2    0   0   0   0   0   0   0   0   0   0   0   0   0 100   0   0   0   0   0   0  1.51 0.18
   92 N    -1  -1   5   3   0   0   2  -1  -1  -3  -3   0  -3  -3  -2   0   0  -4  -2  -3    4   0  45  16   3   2  16   3   0   0   1   3   0   0   0   3   3   0   1   0  0.48 0.08
   93 A     2  -2   6   0  -2  -1  -1  -1   0  -3  -3  -1  -3  -4  -2   1  -1  -4  -3  -2   33   0  61   1   1   0   0   0   1   0   0   0   0   0   0   4   0   0   0   0  0.68 0.12
   94 V    -1  -4  -4  -4  -2  -3  -4  -4  -4   5   1  -3   0  -1  -3  -3  -1  -4  -2   4    0   0   0   0   0   0   0   0   0  50   0   0   0   0   0   0   0   0   0  50  0.66 0.11
   95 Q    -1   4  -1  -2  -4   4   0  -2   0  -3  -3   3  -2  -4  -2   0  -1  -3  -2  -2    2  35   0   0   0  33   0   0   1   0   0  22   0   0   0   5   1   0   0   2  0.59 0.09
   96 D    -2  -1   4   4  -3   1   0  -1  -1  -3  -4   1  -3  -4  -2   0   1  -4  -3  -3    0   0  29  38   0  10   0   1   0   0   0   9   0   0   0   0  13   0   0   0  0.57 0.08
   97 W    -4  -4  -5  -6  -4  -3  -4  -4  -4  -4  -3  -5  -3   0  -5  -4  -4  12   1  -4    0   0   0   0   0   0   0   0   0   0   0   0   0   0   0   0   0 100   0   0  3.45 0.26
   98 S     1  -2  -2  -3   1  -2  -2  -2   0   2   2  -2   2   2  -2   0   0  -2  -1   1   22   0   0   0   3   0   0   0   3  21  18   0   7  11   0   7   2   0   0   5  0.14 0.04
   99 T     0   4   1  -2  -2   0  -1  -1  -1  -3  -3   1  -2  -3  -2   1   3  -3  -2  -2    3  37   4   0   0   1   0   2   1   0   0   7   0   0   0  11  35   0   0   0  0.42 0.08
  100 Q    -2   0   5   0  -4   5   1  -2   0  -4  -4   0  -2  -4  -2   0  -1  -4  -3  -3    0   2  51   0   0  38   8   0   0   0   0   0   0   0   0   0   2   0   0   0  0.77 0.12
  101 I    -2  -4  -4  -4  -2  -4  -4  -5  -4   6   1  -4   1  -1  -4  -3  -1  -4  -2   3    0   0   0   0   0   0   0   0   0  84   2   0   1   0   0   0   0   0   0  14  0.77 0.12
  102 K    -2   0   0   3  -4   1   4  -2  -1  -4  -4   4  -3  -4  -2  -1  -1  -4  -3  -3    0   1   3  15   0   3  42   0   0   0   0  36   0   0   0   0   0   0   0   0  0.63 0.09
  103 T    -1   1  -1   0  -3   4   3  -3   0  -3  -3   0  -2  -4  -1   0   3  -3  -2  -2    0   8   0   0   0  26  29   0   1   0   0   0   0   0   2   0  34   0   0   0  0.48 0.09
  104 Y    -3  -2   0  -3  -4  -1  -2  -3   8  -2  -3  -2  -2   1  -4  -2  -3   0   6  -3    0   0   3   0   0   0   0   0  51   2   0   0   0   1   0   0   0   0  43   0  1.15 0.15
  105 S     4  -2  -1  -2  -1  -1  -1  -1  -2  -2  -3  -1  -2  -3  -1   3   0  -4  -3  -1   62   0   0   0   0   0   0   0   0   0   0   0   0   0   2  36   0   0   0   0  0.58 0.11
  106 W     0  -2   1  -2  -1  -2  -2  -1  -2  -3  -3  -2  -2  -1  -3   3   0   9   0  -3    3   0  10   0   1   0   0   2   0   0   0   0   0   1   0  44   4  34   0   0  0.90 0.12
  107 D     0  -1   0   5  -3   0   3  -2  -1  -4  -4   0  -3  -4   0   0  -1  -4  -3  -3   10   0   0  46   0   1  28   1   0   0   0   2   0   0   2   7   2   0   0   0  0.62 0.08
  108 N    -2  -2   5   4  -3  -1   0   1  -1  -4  -4  -1  -3  -4  -3   1   0  -4  -3  -4    0   0  51  30   0   0   0  12   0   0   0   0   0   0   0   6   2   0   0   0  0.73 0.10
  109 A     3  -3  -3  -3  -1  -2  -2  -2  -3   1  -1  -2   0  -2  -1  -1   0  -4  -2   4   37   0   0   0   0   0   0   0   0   0   0   0   0   0   2   0   1   0   0  60  0.44 0.10
  110 Q    -2   0   4   0  -2   5   3  -2   1  -4  -3   0  -2  -3  -2   0  -1  -3  -2  -3    0   0  28   1   1  39  26   0   2   0   0   1   0   0   0   1   0   0   1   0  0.63 0.10
  111 V    -1   2  -2  -2  -3   0  -1  -3  -2   0  -1   4  -1  -3  -2  -1  -1  -4  -2   3    0   7   0   0   0   0   0   0   0   0   2  53   0   0   0   0   0   0   0  38  0.40 0.10
  112 L    -2  -3  -4  -4  -2  -3  -3  -4  -3   4   2  -3   5  -1  -3  -3  -1  -3  -2   2    0   0   0   0   0   0   0   0   0  49  13   0  29   0   0   0   1   0   0   9  0.55 0.10
  113 L    -2  -3  -4  -4  -2  -3  -4  -5  -4   3   5  -3   2   0  -4  -3  -2  -3  -2   1    0   0   0   0   0   0   0   0   0  19  79   0   1   0   0   0   0   0   0   2  0.66 0.10
  114 V    -1  -3  -4  -4  -2  -3  -3  -4  -4   3   2  -3   1  -1  -3  -3  -1  -3  -2   4    1   0   0   0   0   0   0   0   0  18  25   0   0   0   0   0   0   0   0  53  0.46 0.08
  115 G     0  -3   0  -2  -3  -3  -3   7  -3  -5  -5  -2  -4  -4  -3  -1  -2  -4  -4  -4    2   0   2   0   0   0   0  95   0   0   0   0   0   0   0   0   0   0   0   0  1.38 0.14
  116 N    -3  -1   7   0  -4  -1  -1  -1   1  -4  -5  -1  -3  -4  -3   0  -1  -5  -3  -4    0   0  96   0   0   0   0   2   2   0   0   0   0   0   0   0   0   0   0   0  1.32 0.17
  117 K    -2   1  -1  -2  -4   0   0  -3  -2  -4  -4   7  -2  -4  -2  -1  -2  -4  -3  -3    0   0   0   0   0   0   0   0   0   0   0 100   0   0   0   0   0   0   0   0  1.08 0.16
  118 C     0  -4  -3  -4  10  -3  -4  -3  -4  -2  -2  -4  -2  -3  -4   0  -2  -3  -3  -2    9   0   0   0  80   0   0   0   0   0   1   0   1   1   0   8   0   0   0   0  1.58 0.17
  119 D    -3  -3   0   7  -5  -1   1  -2  -2  -4  -5  -2  -4  -5  -3  -1  -2  -5  -4  -4    0   0   0  99   0   0   1   0   0   0   0   0   0   0   0   0   0   0   0   0  1.49 0.16
  120 E    -2  -1   0   0  -3   0   4  -3  -1  -1   0  -1   5  -2  -2  -1   0  -3  -2  -1    0   0   4   2   0   0  46   0   0   0   8   0  32   1   0   1   4   0   0   2  0.42 0.10
  121 D    -1  -2   0   6  -4   0   3  -2  -1  -4  -4  -1  -4  -4  -2  -1  -1  -5  -4  -4    3   0   1  68   0   0  24   1   1   0   0   0   0   0   1   1   1   0   0   0  0.95 0.12
  122 E    -1   1   1   1  -4   1   4  -2  -1  -4  -3   4  -2  -4  -2   0  -1  -4  -3  -3    0   5   4   7   0   3  39   0   0   0   0  37   0   0   0   3   2   0   0   1  0.53 0.08
  123 R    -2   7  -1  -2  -4   0  -1  -3  -1  -4  -3   2  -2  -4  -3  -2  -2  -4  -3  -3    2  88   0   0   0   0   0   0   0   0   0   9   0   0   0   0   0   0   0   0  1.12 0.14
  124 V     1  -2  -2  -2  -2   2  -1  -2   0   1   0  -1   0  -2  -2  -1   0  -3  -2   3   18   0   0   0   0  21   1   0   2   5   4   0   2   0   0   1   3   0   0  42  0.21 0.07
  125 V    -1  -3  -4  -4  -2  -2  -3  -4  -4   3   0  -3   0  -1  -3  -2  -1  -4  -2   5    0   0   0   0   0   2   0   0   0  20   1   0   0   0   0   0   0   0   0  76  0.62 0.11
  126 S     0  -2   0  -1  -2  -1  -1  -1  -2  -3  -3  -1  -2  -3   4   4   2  -4  -3  -2    2   0   1   2   0   1   2   3   0   0   0   0   0   0  20  58  12   0   0   0  0.58 0.10
  127 S     0   1  -1  -2  -2   0   0  -2  -1  -1  -2   2  -1  -1  -1   1   3  -2   1  -1    8   5   0   0   0   1   4   1   1   1   1  23   1   2   2   6  33   0   9   3  0.20 0.05
  128 E     0  -1  -1   2  -4   2   5  -3  -1  -4  -4   0  -3  -4  -2   0  -1  -3  -1  -3    7   0   1  10   0   5  71   0   0   0   0   1   0   0   0   3   0   0   2   0  0.76 0.11
  129 R    -1   4  -1   2  -4   3   1  -2  -1  -3  -3   2  -2  -4  -2   0   0  -3  -2  -3    2  42   0  13   0  20   4   0   0   0   0  11   0   0   0   3   5   0   0   0  0.51 0.08
  130 G     0  -3  -1  -2   0  -3  -3   6  -3  -4  -4  -2  -3  -4  -3  -1  -2  -3  -4  -4    7   0   0   0   2   0   0  89   0   0   0   0   0   0   0   2   0   0   0   0  1.23 0.13
  131 R    -1   3  -1   0  -4   4   3  -3  -1  -4  -3   3  -2  -4  -1  -1  -1   1  -2  -3    1  15   1   0   0  31  27   0   0   0   0  20   0   0   2   0   0   2   0   0  0.56 0.08
  132 Q     2   2  -1  -1  -2   3   1  -2   2  -2  -1   2  -1  -3  -2   0  -1  -3  -2  -2   30  15   1   1   0  21   6   0   6   0   4  11   1   0   0   2   2   0   0   0  0.27 0.06
  133 L    -2  -3  -4  -4  -2  -3  -4  -5  -4   2   5  -3   1   1  -4  -3  -2  -2  -1   1    0   0   0   0   0   0   0   0   0   8  85   0   0   5   0   0   0   0   0   2  0.68 0.10
  134 A     5  -2  -2  -1  -1  -2  -2  -1  -3  -2  -2  -2  -2  -3  -2   0  -1  -4  -3  -1   96   0   0   2   0   0   0   1   0   0   0   0   0   0   0   1   0   0   0   0  0.79 0.14
  135 D    -1   0   1   5  -3   0   1  -1   0   0  -1   0  -1  -3  -2  -1  -1  -4  -3  -1    3   5   4  45   0   0   9   2   2  11   4   7   1   0   0   1   3   0   0   4  0.34 0.06
  136 H    -2  -1  -1   2  -4   3   5  -2   2  -4  -4   0  -3  -4  -2   0  -1  -4  -2  -3    0   0   0  12   0  17  61   2   5   0   0   0   0   0   0   2   1   0   0   0  0.73 0.10
  137 L    -2  -2  -2  -4  -2  -2  -3  -4   3   1   3  -3   1   2  -1  -3  -2  -1   4   0    0   1   2   0   0   0   0   0   9   3  50   0   2   6   2   0   0   0  25   1  0.40 0.08
  138 G    -1  -3   0  -2  -3  -2  -3   6  -3  -5  -5  -2  -4  -4  -3  -1  -2  -4  -4  -4    0   0   3   0   0   1   1  94   0   0   0   0   0   0   0   1   0   0   0   0  1.34 0.14
  139 F    -2  -3  -4  -4  -2  -3  -4  -4  -3   4   1  -3   0   4  -4  -3  -1  -2   0   2    0   0   0   0   0   0   0   0   0  52   9   0   0  28   0   0   1   0   0   9  0.50 0.09
  140 E    -1   2  -1   0  -4   2   3  -2  -1  -3  -3   3  -2  -4   4  -1  -1  -4  -3  -3    0  10   0   3   0   6  25   0   1   0   1  29   0   0  23   1   0   0   0   0  0.58 0.07
  141 F    -3  -4  -4  -5  -4  -4  -4  -4  -2  -1  -1  -4  -1   8  -5  -4  -3   0   3  -2    0   0   0   0   0   0   0   0   0   0   0   0   0  96   0   0   0   0   4   0  1.45 0.17
  142 F    -2  -3  -4  -4  -3  -3  -3  -4  -2   0   2  -3   4   5  -4  -3  -2  -1   2   0    0   0   0   0   0   0   2   0   0   2  21   0  22  47   0   1   0   0   4   2  0.59 0.10
  143 E    -2  -1  -1   1  -5   1   6  -3  -1  -4  -4   0  -3  -4  -2  -1  -2  -4  -3  -4    0   0   0   0   0   2  97   0   0   0   0   2   0   0   0   0   0   0   0   0  1.20 0.16
  144 A     2  -2  -1  -2  -1  -2  -2  -2  -3  -1  -2  -1  -1  -3  -2   1   5  -3  -2   0   25   0   0   0   0   0   0   0   0   0   0   0   0   0   0   3  66   0   0   6  0.58 0.11
  145 S     0  -2   0  -1  -2  -1  -1  -1  -2  -3  -4  -1  -3  -4  -2   6   1  -4  -3  -3    0   0   0   0   0   0   2   1   0   0   0   0   0   0   0  98   0   0   0   0  0.89 0.16
  146 A     6  -2  -3  -3  -1  -2  -2  -1  -3  -2  -2  -2  -2  -3  -2   0  -1  -4  -3  -1  100   0   0   0   0   0   0   0   0   0   0   0   0   0   0   0   0   0   0   0  0.86 0.15
  147 K    -2   1  -1  -2  -4   0   0  -3  -2  -4  -4   7  -2  -4  -2  -1  -2  -4  -3  -3    0   0   0   0   0   0   0   0   0   0   0 100   0   0   0   0   0   0   0   0  1.08 0.16
  148 D     2  -1   1   3  -2   0   2  -1  -1  -3  -3  -1  -2  -3  -2   1   1  -4  -3  -2   23   0   8  25   0   1  18   0   0   0   0   0   0   0   0  12  12   0   0   1  0.35 0.06
  149 N    -1  -1   6   1  -3  -1  -1  -1   0  -4  -4  -1  -3  -4  -3   2  -1  -4  -3  -3    5   0  74   2   0   0   0   2   0   0   0   1   0   0   0  15   0   0   0   0  0.87 0.13
  150 I    -2  -3  -3  -3  -2  -2  -2  -4  -2   5   1  -3   1  -1  -3  -2   0  -3  -2   2    1   0   0   1   0   2   4   0   1  63  10   0   2   0   0   0   8   0   0   9  0.41 0.08
  151 N    -2  -1   7   0  -4  -1  -1   0   0  -4  -5  -1  -3  -4  -3   0  -1  -5  -3  -4    0   0  93   0   0   1   0   3   1   0   0   1   0   0   0   2   0   0   0   0  1.23 0.16
  152 V    -1  -4  -4  -4  -2  -3  -3  -4  -4   3   0  -3   0  -2  -2  -3  -1  -4  -2   5    0   0   0   0   0   0   0   0   0  11   0   0   0   0   2   0   0   0   0  88  0.73 0.13
  153 K    -1   1   0   1  -4   1   5  -2  -1  -4  -4   3  -3  -4  -2  -1  -1  -4  -3  -3    1   7   3   6   0   0  54   1   0   0   0  27   0   0   0   0   1   0   0   0  0.63 0.09
  154 Q    -1   1   0   1  -4   5   3  -2  -1  -3  -3   2  -2  -4  -1   0  -1  -3  -2  -2    5   2   4   4   0  40  27   0   0   2   0  10   0   0   2   2   1   0   1   1  0.50 0.08
  155 T     4  -2  -2  -3  -1  -2  -2  -1  -3   0  -1  -2  -1  -2  -2   0   1  -3  -2   3   56   0   0   0   1   0   0   1   0   2   0   0   0   0   0   1   8   0   0  32  0.39 0.10
  156 F    -3  -4  -4  -5  -4  -5  -5  -4  -2  -1  -1  -4  -1   8  -5  -4  -3   0   2  -2    0   0   0   0   0   0   0   0   0   1   0   0   0  99   0   0   0   0   0   0  1.55 0.19
  157 E    -2  -1  -1   1  -2   0   3  -3  -1  -1   0  -1   2   4  -3  -1  -1  -1   2  -1    0   1   1   8   1   1  28   0   1   3   8   0  11  25   0   1   1   0   9   0  0.25 0.07
  158 R     0   3   0  -1   0   0   0  -2   0  -2  -2   1  -1  -3  -2   2   3  -3  -2  -2    8  27   0   2   2   2   4   0   2   0   2   3   1   0   0  17  30   0   1   0  0.30 0.07
  159 L    -2  -3  -3  -4  -2  -3  -4  -4  -4   2   5  -3   3   0  -4  -3  -2  -3  -2   0    0   0   1   0   0   0   0   0   0  12  77   0  10   0   0   0   0   0   0   0  0.66 0.11
  160 V     4  -3  -3  -2  -1  -2  -2  -1  -3   0  -1  -2  -1  -2  -2   0   0  -4  -2   3   58   0   0   1   0   0   0   1   0   0   0   0   0   0   0   0   3   0   0  37  0.45 0.11
  161 D     0   3   0   4  -3   0   1  -1  -1  -3  -3   1  -2  -3  -2   0  -1  -4  -2  -3    6  30   0  35   0   2   5   3   1   0   0   9   0   0   0   5   2   0   1   1  0.44 0.08
  162 V     0  -2   0   5  -3  -1   1  -2  -2   2  -1  -2  -1  -2  -2   0  -1  -4  -3   1    8   1   1  44   0   2   5   1   0  18   6   0   0   0   0   5   0   0   0  12  0.33 0.07
  163 I    -2  -4  -4  -4  -2  -4  -4  -5  -4   7   1  -4   0  -1  -4  -4  -2  -4  -2   2    0   0   0   0   0   0   0   0   0  98   0   0   0   0   0   0   0   0   0   2  1.01 0.17
  164 C    -1   0  -2  -3   7   0  -1  -3  -2  -2   0   4   0  -3  -3  -1  -2  -1  -3  -2    0   0   0   0  34   3   0   0   0   0  11  46   4   0   0   2   0   1   0   0  0.62 0.12
  165 E     0   0   1   3  -3   1   3  -1   0  -2  -2   2  -2  -3  -2   0   0  -3  -2  -1   11   2   7  19   0   5  22   1   2   1   1  15   0   0   0   4   7   0   1   3  0.28 0.05
  166 K    -2   4  -1  -1  -4   1   0  -2  -1  -4  -3   5  -2  -4  -2  -1  -2  -4  -3  -3    0  32   1   1   0   2   0   1   0   0   0  63   0   0   0   0   0   0   0   1  0.84 0.13
  167 S    -1  -2   2  -2  -2  -1  -2  -2  -2   0   1  -2   6  -1  -3   1   1  -3  -1  -1    1   0  13   0   0   1   1   0   0   3   6   0  47   0   0  17   9   0   1   0  0.36 0.10
  168 E     1   0   0   4  -3   1   4  -2  -1  -3  -3   0  -3  -4   1   0  -1  -4  -3  -3   13   3   2  26   0   1  40   0   1   0   1   2   0   0   6   4   0   0   0   0  0.49 0.07
  169 S     0  -1   1   0  -2   0   0   1  -1  -3  -3  -1  -2  -3  -1   4   2  -3  -2  -2    0   0   6   1   0   4   5   7   0   0   0   0   0   0   2  65  10   0   0   0  0.47 0.08
  170 L    -1   1  -1  -3  -2  -1  -2  -3  -2   1   3   1   1  -1  -2  -1   0  -3  -2   1    5  11   2   0   0   0   0   0   0   1  48  13   2   0   0   0   8   0   0  10  0.17 0.03
  171 D    -2  -1   1   5  -4   0   4  -2  -1  -4  -4   0  -3  -4  -2  -1  -1  -4  -3  -4    0   0   4  56   0   0  40   0   0   0   0   0   0   0   0   0   0   0   0   0  0.86 0.07

                      K         Lambda
Standard Ungapped    0.1360     0.3205
Standard Gapped      0.0513     0.2670
PSI Ungapped         0.1682     0.3166
PSI Gapped           0.0513     0.2670
