
Last position-specific scoring matrix computed, weighted observed percentages rounded down, information per position, and relative weight of gapless real matches to pseudocounts
            A   R   N   D   C   Q   E   G   H   I   L   K   M   F   P   S   T   W   Y   V   A   R   N   D   C   Q   E   G   H   I   L   K   M   F   P   S   T   W   Y   V
    1 T     0  -2  -1  -2  -1  -1  -1  -2  -2   0  -1  -1   0  -2  -1   1   4  -3  -2   2    0   0   0   0   0   0   0   0   0   0   0   0   0   0   0   0  76   0   0  24  0.34 0.00
    2 E    -1   3   0   0  -4   3   3  -2   0  -3  -3   3  -1  -3  -1   0  -1  -3  -2  -3    0  28   0   0   0  16  23   0   0   0   0  34   0   0   0   0   0   0   0   0  0.47 0.01
    3 E    -1   0   0   4  -4   1   4  -2  -1  -3  -3   2  -3  -4  -1   0  -1  -4  -3  -3    0   0   0  38   0   0  44   0   0   0   0  18   0   0   0   0   0   0   0   0  0.62 0.03
    4 E    -1  -1  -1   1  -4   1   5   2  -1  -4  -3   0  -3  -4  -2   0  -1  -3  -3  -3    0   0   0   0   0   0  79  21   0   0   0   0   0   0   0   0   0   0   0   0  0.65 0.05
    5 Y    -2  -1  -2  -3  -2  -2  -2  -3   0   1   0   0  -1   3  -3  -2  -1   1   5   1    0   0   0   0   0   0   0   0   0  13   0  13   0  12   0   0   0   0  46  16  0.41 0.06
    6 V    -2  -4  -4  -4  -2  -4  -4  -5  -4   5   1  -3   0  -1   2  -3  -2  -4  -2   3    0   0   0   0   0   0   0   0   0  68   5   0   0   0  11   0   0   0   0  16  0.71 0.18
    7 S     0  -2   2  -1  -2  -1  -1  -2  -2  -3  -1  -2  -2  -3  -2   5   1  -4  -3  -3    0   0  11   0   0   0   0   0   0   0   7   0   0   0   0  77   5   0   0   0  0.76 0.24
    8 P    -1  -1  -1   2  -4   0   3  -3  -2  -3  -2   2  -2  -4   4   0  -1  -4  -3  -3    0   0   0  15   0   0  22   0   0   0   5  22   0   0  26   9   0   0   0   0  0.59 0.14
    9 R    -3   7   2  -2  -5   0  -1  -3  -1  -5  -4   1  -3  -4  -3   0  -2  -4  -3  -4    0  83  12   0   0   0   0   0   0   0   0   0   0   0   0   5   0   0   0   0  1.25 0.28
   10 F    -3  -4  -4  -5  -4  -3  -4  -5  -1   0   0  -4  -1   6  -5  -3  -3   0   7  -2    0   0   0   0   0   0   0   0   0   7   5   0   0  36   0   0   0   0  52   0  1.20 0.25
   11 L     0  -2  -2  -3  -2  -2  -2  -1  -3   1   2  -1   2   1  -3   0   2  -2  -1   1    6   0   0   0   0   0   0   5   0  10  30   6   6   6   0   5  18   0   0   8  0.15 0.08
   12 V    -1  -4  -4  -4  -2  -4  -4  -4  -4   5   0  -4   0   1  -4  -3  -1  -3  -2   4    3   0   0   0   0   0   0   0   0  42   0   0   0   6   0   0   0   0   0  49  0.70 0.20
   13 A     1  -3  -1  -3  -2  -3  -3  -3  -3   4   0  -3   2  -2  -3  -2   0  -4  -2   4   15   0   5   0   0   0   0   0   0  31   0   0   7   0   0   0   6   0   0  37  0.39 0.14
   14 D    -2  -3   1   6  -5  -1   2   2  -2  -5  -5  -2  -4  -5  -3  -1  -2  -5  -4  -4    0   0   6  62   0   0  14  18   0   0   0   0   0   0   0   0   0   0   0   0  0.99 0.22
   15 G    -1   4   1   0  -4  -1  -1   4  -2  -4  -4   2  -3  -4  -3  -1  -2  -4  -3  -4    0  31   8   4   0   0   0  42   0   0   0  15   0   0   0   0   0   0   0   0  0.66 0.17
   16 F    -4  -4  -5  -5  -4  -5  -5  -5  -3  -2  -1  -5  -2   8  -5  -4  -4   6   3  -3    0   0   0   0   0   0   0   0   0   0   0   0   0  83   0   0   0  13   5   0  1.68 0.31
   17 L    -2  -3  -4  -4  -2  -3  -4  -5  -4   4   4  -4   1  -1  -4  -3  -2  -3  -2   2    0   0   0   0   0   0   0   0   0  29  54   0   0   0   0   0   0   0   0  18  0.65 0.17
   18 I    -2  -4  -4  -4  -2  -4  -4  -5  -5   5   0  -4   0  -2  -4  -3  -1  -4  -2   5    0   0   0   0   0   0   0   0   0  41   0   0   0   0   0   0   0   0   0  59  0.87 0.23
   19 D    -3  -3   1   7  -5  -2   0  -3   2  -5  -5  -2  -4  -5  -3  -2  -2  -6  -4  -5    0   0   5  88   0   0   0   0   6   0   0   0   0   0   0   0   0   0   0   0  1.53 0.30
   20 L    -2  -3  -3  -4  -2  -3  -3  -4   2   3   3  -3   1  -1  -3  -2   1  -3  -2   3    0   0   0   0   0   0   0   0   7  17  42   0   0   0   0   0  11   0   0  23  0.40 0.13
   21 A     2  -1  -1  -1  -2   1   1  -2  -2   0  -1   1  -1  -2   1   0   1  -3  -2   1   24   0   0   0   0   5  14   0   0   6   6  13   0   0   5   6  11   0   0  10  0.15 0.07
   22 E     0  -1  -1   0  -4   0   5   2  -2  -4  -4   2  -3  -4  -2   1   0  -4  -3  -3    7   0   0   0   0   0  52  16   0   0   0  12   0   0   0   8   5   0   0   0  0.56 0.17
   23 E    -2   4   2  -1  -4   0   2  -3  -1  -4  -4   4  -3  -4  -3  -1  -2  -4  -3  -4    0  32   9   0   0   0  15   0   0   0   0  43   0   0   0   0   0   0   0   0  0.75 0.19
   24 K    -2   3  -1   0   2   0  -1  -3  -2  -3  -3   5  -2  -4  -2   0  -2  -4  -3  -1    0  16   0   6   5   0   0   0   0   0   0  59   0   0   0   8   0   0   0   6  0.62 0.19
   25 P    -2  -3  -4  -4  -2  -3  -3  -4  -4   3   3  -3   0  -1   3  -3  -2  -3  -2   2    0   0   0   0   0   0   0   0   0  29  37   0   0   0  17   0   0   0   0  17  0.55 0.15
   26 I    -2  -4  -4  -4  -2  -4  -4  -5  -4   5   0  -4   2  -2  -4  -3  -1  -4  -2   5    0   0   0   0   0   0   0   0   0  44   0   0   4   0   0   0   0   0   0  52  0.81 0.21
   27 N    -2   1   5   5  -4  -1   0  -2  -1  -4  -5   1  -3  -4  -3   0  -1  -5  -4  -4    0   6  46  35   0   0   0   0   0   0   0   7   0   0   0   6   0   0   0   0  0.86 0.21
   28 P     0  -3  -3  -3  -4   0  -2  -4  -3  -4  -4  -2  -4   0   8  -2  -3  -5  -3  -4    6   0   0   0   0   5   0   0   0   0   0   0   0   6  83   0   0   0   0   0  1.99 0.31
   29 K    -2   1   3  -1  -3   2   1  -2  -1  -2  -1   3   2  -2  -2  -1  -1   3  -2  -2    1   4  18   1   0   8   6   1   0   1   7  34  10   0   1   1   1   6   0   1  0.31 0.11
   30 D    -1  -2   2   4   2  -1   1   0  -1  -3  -3  -1  -2   0  -2   2   0  -3  -2  -3    0   0  14  31   6   0   6   5   0   0   0   0   0   7   0  23   6   0   0   0  0.38 0.12
   31 P     0   0  -1  -1  -3   1   1  -1   3  -1  -2   0  -2   0   4   0   0  -3  -1  -2    5   6   0   0   0   6  13   4  11   5   0   5   0   6  27   5   6   0   0   0  0.39 0.10
   32 R    -2   3   1   2  -3   0   3  -2   1  -3  -3   2  -2  -3  -2  -1   0  -3  -2  -1    0  22   5   9   0   0  29   0   3   0   1  18   0   0   0   0   5   0   0   5  0.39 0.11
   33 L    -2  -3  -3  -3  -2  -2  -3  -3  -2   2   2  -3   0   2  -3  -1  -2   6   3   1    1   0   0   0   0   0   0   0   0  22  25   0   0  10   0   7   0  13  12   7  0.40 0.11
   34 L    -1   2  -2  -3  -2  -1  -2  -3  -2   0   3  -1   1   1  -2  -1  -1  -2  -1   0    1  19   1   1   0   1   1   1   0   1  50   1   0   7   1   6   1   0   1   6  0.25 0.10
   35 T     0   2  -1   0  -2   1   2   0  -1  -2   0   1  -1  -2  -2   0   1  -3  -2  -1    9  18   1   6   0   6  16   7   0   1  12   5   0   0   1   1  15   0   0   1  0.16 0.06
   36 L    -1   0   2  -1  -2  -1   0   0  -1   1   2  -1   0   1  -2   0   0  -2  -1   0    1   7  14   1   0   0   5   8   0  11  26   1   0   7   1  10   6   0   0   1  0.07 0.06
   37 L     0  -2  -3  -3   2  -2  -3  -1  -3   2   3  -2   2  -1  -3  -2   0  -2  -2   0    6   1   1   1   6   0   1   6   0  12  52   1   5   0   1   1   6   0   0   1  0.29 0.10
   38 K     0   1  -1  -2  -2  -1  -1  -2  -2  -2  -3   2  -2  -3   2   3   3  -3  -2  -2    7   7   0   0   0   0   0   0   0   0   1  15   0   0  11  26  31   0   0   0  0.39 0.13
   39 D    -1   0   1   4  -4   0   3  -2  -1  -3  -2  -1  -2   0   0   0  -1  -3   0  -3    4   5   6  37   0   0  21   0   0   0   5   0   0   6   4   7   0   0   5   0  0.41 0.13
   40 H    -2   1   1   1  -3  -1   2  -3   2  -2   0  -1  -1   3  -3   0  -2   3   2  -2    0  11  10   6   0   0  16   0   8   0  15   0   0  15   0   5   0   5   8   0  0.20 0.09
   41 Q    -2  -1   1   1  -4   3   5  -3  -1  -3  -4   0  -3  -4  -2  -1   0  -4  -3  -1    0   0   6   6   0  15  62   0   0   0   0   0   0   0   0   0   7   0   0   5  0.79 0.21
   42 R     1   5  -1   0  -4   0  -1  -3  -1  -3  -1   3  -2  -3  -3  -1  -2  -3   1  -3   14  45   0   6   0   0   0   0   0   0   5  25   0   0   0   0   0   0   6   0  0.54 0.17
   43 A     1  -1  -1   3  -3   0   4  -2  -2  -3  -3   3  -3  -4  -2   0   0  -4  -3  -3   11   0   0  19   0   0  34   0   0   0   0  24   0   0   0   5   6   0   0   0  0.50 0.15
   44 M     0  -1  -2   0  -2   1   0  -3   2   1   1   0   1   1  -2  -1  -1  -2   1   0   10   0   0   5   0  12   6   0   7  17  12   6   5   5   0   3   0   0   6   5  0.07 0.06
   45 I    -2  -3   0  -4  -2  -3  -3  -4  -3   4   3  -3   2  -1  -4  -3   0  -3  -2   2    0   0   6   0   0   0   0   0   0  37  39   0   6   0   0   0   5   0   0   7  0.47 0.14
   46 D     1  -1   1   1  -2   1   3   0  -1  -1   0   0  -1   0  -2   1  -1  -3  -2  -1   15   0   6   5   0   5  26   5   0   6  13   4   0   5   0  11   0   0   0   0  0.14 0.07
   47 Q    -1   1   1  -1  -3   3   1   1  -1  -3  -3   3  -2  -4  -2   2   1  -3  -3  -3    0   6   5   0   0  19   6  10   0   0   0  24   0   0   0  19  12   0   0   0  0.36 0.12
   48 M    -1   0   0  -2   2   3  -1  -3  -1  -2  -1   1   2   2  -3  -1  -1  -1   4  -2    4   5   6   0   6  19   0   0   0   0   3  10  11   9   0   0   4   0  22   0  0.27 0.13
   49 N    -2  -2   5   3  -4  -1  -1   1  -1  -4  -4   1  -3  -2   1  -1   0  -3   2  -3    0   0  36  22   0   0   0  11   0   0   0   8   0   0   7   0   5   0  11   0  0.50 0.16
   50 L    -3  -3  -4  -5  -3  -3  -4  -5  -4   2   5  -4   1   2   1  -3  -2  -3  -1   0    0   0   0   0   0   0   0   0   0  11  72   0   0   9   8   0   0   0   0   0  0.68 0.19
   51 V    -2  -3   0  -3  -2   0  -3  -4  -2   2   3  -3   2   3  -4  -2  -2  -1   1   1    0   0   7   0   0   5   0   0   0  16  33   0   5  21   0   0   0   0   5   8  0.32 0.11
   52 K    -2  -3   2   7  -5  -2   0  -3  -2  -2  -5   0  -4  -5  -3  -1  -2  -6  -4  -4    3   0   6  82   0   0   0   0   0   3   0   5   0   0   0   0   0   0   0   0  1.28 0.27
   53 W    -4  -5  -6  -6  -4  -4  -5  -5  -4  -3  -1  -5  -3  -1  -6  -5  -4  12   0  -1    0   0   0   0   0   0   0   0   0   0   6   0   0   0   0   0   0  87   0   6  3.16 0.44
   54 N    -2  -2   6   4  -4  -1  -1  -2   2  -4  -4  -1  -3  -4  -3   1   0  -5  -3  -4    0   0  50  27   0   0   0   0   7   0   0   0   0   0   0  10   6   0   0   0  0.84 0.21
   55 D    -1  -2   0   3  -2   0   0  -3  -2   2   0  -1  -1  -2  -2   1   0  -4  -2   2    0   0   5  22   0   6   6   0   0  17   5   0   0   0   0  12   5   0   0  23  0.19 0.09
   56 F    -3  -4  -4  -5  -3  -4  -4  -5  -3   1   4  -4   0   6  -4  -4  -3  -1   0  -1    0   0   0   0   0   0   0   0   0   5  50   0   0  45   0   0   0   0   0   0  0.86 0.21
   57 K    -2   2   0  -2  -3   1   0  -3  -2   1   0   4  -1   1  -2  -1  -2  -3  -2  -2    0   6   5   0   0   6   5   0   0  12  10  49   0   7   0   0   0   0   0   0  0.35 0.15
   58 K    -2  -1  -3  -2  -3   0   2  -4  -2  -1   3   2   0   4  -3  -2  -2  -2   0  -1    0   0   0   0   0   5  16   0   0   0  35  17   0  26   0   0   0   0   0   0  0.34 0.15
   59 Y     0  -2   1   2   1  -1  -1  -2  -1  -2  -2   0  -2  -2  -2   2   3  -2   2  -2    7   0   5  17   4   0   0   0   0   0   3   6   0   0   0  23  24   0  12   0  0.27 0.12
   60 Q     0   1   3  -1  -3   3   1  -2  -1  -3  -3   3  -2  -4  -2   1   1  -4  -3  -3    6   3  16   0   0  23   5   0   0   0   0  29   0   0   0  11   7   0   0   0  0.43 0.14
   61 D    -1  -1   0   3  -3   1   3   0   3  -3  -3  -1   1  -3  -2   1   1  -3   0  -3    0   0   0  19   0   6  29   5   9   0   0   0   6   0   0   8  13   0   5   0  0.36 0.12
   62 P     0  -3  -3  -2  -3  -2   0  -3  -3   0  -1  -2   1  -3   7   0  -2  -4  -3   0    8   0   0   0   0   0   7   0   0   6   5   0   6   0  57   6   0   0   0   5  1.07 0.20
   63 I    -2  -4  -4  -4  -3  -3  -4  -4  -2   4   0  -3   1   3  -4  -3  -2  -1   5   2    0   0   0   0   0   0   0   0   0  43   0   0   5  16   0   0   0   0  24  12  0.63 0.18
   64 P     0  -3  -3  -3  -4  -2   0   2  -3  -4  -4  -2  -4  -5   7  -2  -2  -5  -4  -4    6   0   0   0   0   0   6  15   0   0   0   0   0   0  73   0   0   0   0   0  1.69 0.27
   65 L    -1  -3  -3  -4   2  -3  -3  -4  -4   3   1  -3   0  -1  -3  -1   1  -3  -2   4    0   0   0   0   6   0   0   0   0  22  15   0   0   0   0   5  12   0   0  40  0.41 0.13
   66 K    -2   1  -1   2  -4   2  -1  -3  -1  -3  -2   0  -2   4  -3   0  -2  -1   5  -3    0   9   0  17   0  11   0   0   0   0   0   5   0  22   0   7   0   0  29   0  0.48 0.16
   67 A     2  -2   2   1   2  -1   0  -1  -2  -3  -3  -1  -2  -4  -2   4   0  -4  -3  -2   25   0  13   7   5   0   5   0   0   0   0   0   0   0   0  45   0   0   0   0  0.47 0.17
   68 K     0   2  -1  -1  -3   0   0   0  -2  -3  -3   2  -2  -4   3   1   2  -4  -3  -2    6  11   0   0   0   0   5   7   0   0   0  21   0   0  18  16  17   0   0   0  0.39 0.11
   69 T     0   0  -1  -1  -3   1   3  -1  -2  -1  -2   2   1  -3  -2   0   2  -3  -2   0    6   0   0   0   0   6  27   5   0   5   0  21   5   0   0   3  18   0   0   5  0.25 0.11
   70 L    -3  -4  -5  -5  -3  -4  -4  -5  -4   0   6  -4   1  -1  -4  -4  -2  -3  -2   0    0   0   0   0   0   0   0   0   0   0  97   0   0   0   0   0   0   0   0   3  1.05 0.26
   71 F    -4  -5  -5  -5  -4  -5  -5  -5  -3  -2  -1  -5  -2   8  -5  -4  -4  -1   2  -3    0   0   0   0   0   0   0   0   0   0   0   0   0 100   0   0   0   0   0   0  1.93 0.36
   72 K    -2  -1   2   4  -4   1   2  -2  -1  -4  -3   2  -3   0  -2  -1   0  -4  -2  -3    0   0  10  36   0   5  17   0   0   0   0  20   0   6   0   0   6   0   0   0  0.53 0.15
   73 F     0  -2  -2  -2  -2   0  -1  -3   3   1   2  -2   0   1  -3   0   0  -2   2   0    7   0   0   0   0   6   5   0  11  10  30   0   0   5   0   6   8   0  10   3  0.14 0.08
   74 C     0  -4  -4  -4   6  -3  -4  -4  -4   1   2  -3   0  -2  -3  -2  -1  -3  -2   3    8   0   0   0  27   0   0   0   0   6  27   0   0   0   0   0   0   0   0  32  0.60 0.17
   75 K    -1   1   3   2  -3   2   2   0   1  -4  -3   1  -2  -4  -2   0   0  -4  -2  -3    0   9  16  11   0  11  18   5   5   0   0  11   0   0   0   7   6   0   0   0  0.35 0.09
   76 Q     2  -1  -1  -2   2   1  -1  -2   0  -2  -1   0   1  -2  -2   2   2   3   1  -1   22   0   0   0   5   8   0   0   3   0   6   3   5   0   0  20  18   5   5   0  0.22 0.11
   77 I     0  -2   1   1  -2   1   2  -2  -2   1  -1  -1  -1  -2   0   2   1  -3  -2   0    7   0   6   6   0   5  16   0   0  15   3   0   0   0   5  21  11   0   0   6  0.15 0.08
   78 K    -1   0   2   1  -3   0   2  -2  -1  -2   0   2  -1  -3  -2   1   1  -4  -2  -1    0   0  15   5   0   0  18   0   0   0  13  21   0   0   0   9  12   0   0   6  0.22 0.10
   79 K    -1   3  -1  -1  -3   0   3  -2  -1  -1  -1   3  -1  -2  -2   0   0  -2   1  -2    0  17   0   0   0   0  23   0   0   5   6  28   0   0   0   5   5   0   7   0  0.29 0.11
   80 K    -2   3   2   3  -3   2   3  -2  -1  -3  -1   1   0  -3  -2  -1  -1  -3  -2  -3    0  18  11  16   0  10  23   0   0   0   6   9   3   0   0   0   0   0   0   0  0.37 0.10
   81 F    -3  -3  -4  -4  -3  -3  -4  -4  -2   0   2  -3   2   7  -4  -3  -3   0   3  -1    0   0   0   0   0   0   0   0   0   5  19   0   5  59   0   0   0   0   7   0  0.84 0.19
   82 L    -2  -3  -3  -4   2  -3  -3  -4  -2   2   1  -3   0   3  -3  -2   2   3   3   1    0   0   0   0   7   0   0   0   0  14  19   0   0  13   0   0  19   5  17   6  0.34 0.12
   83 R    -2   3  -2  -2  -4   2   3  -3  -1  -2   0   1  -1  -2  -3  -2  -2   7   1  -3    0  21   0   0   0  13  23   0   0   0  15   5   0   0   0   0   0  17   6   0  0.53 0.16
   84 G    -2  -3   0   6  -4  -2   0   1  -3  -3  -1  -2   1  -4  -3  -1   0  -5  -4  -3    0   0   0  70   0   0   0  11   0   0   6   0   7   0   0   0   6   0   0   0  0.93 0.23
   85 A     1   2  -1   2   1   0   2  -2  -1  -1  -2   1  -2   0  -2   0  -1  -3  -2  -1   15  12   0  11   5   0  23   0   0   5   0  11   0   5   0   8   0   0   0   6  0.18 0.08
   86 D    -2   1   2   4   2  -1   0  -2   2  -3  -3   1  -3  -3  -2   1   0  -3   0  -3    0  11  14  30   6   0   0   0   5   0   0  10   0   0   0  14   5   0   5   0  0.38 0.12
   87 F    -1  -3  -1  -2  -3  -2  -3   5   1  -3  -3  -2   1   2  -3   1   0  -3  -1  -3    0   0   0   0   0   0   0  57   5   0   0   0   5  15   0  12   6   0   0   0  0.67 0.18
   88 K    -1   2   1   1  -3   1   0   0   3  -2  -2   2  -2   0  -2   0  -1  -3  -1   0    0  14   5  11   0   6   0   8  10   0   0  24   0   6   0   7   0   0   0  10  0.20 0.09
   89 L     0  -3  -4  -4  -2  -3  -3  -4  -4   4   3  -1   1  -1  -3  -3  -1  -3  -2   3    6   0   0   0   0   0   0   0   0  31  38   6   0   0   0   0   0   0   0  20  0.42 0.13
   90 H    -2  -2   1  -2  -4  -1   0  -1   8  -3  -3  -2  -2   1  -3  -1   0   4   2  -1    0   0   6   0   0   0   6   5  50   0   0   0   0   6   0   5   5   6   5   6  0.74 0.20
   91 T    -1  -2  -2  -3  -2  -2  -2  -3  -3   2   2   1   0  -1  -2  -1   2   4  -1   2    0   0   0   0   0   0   0   0   0  15  24  12   0   0   0   0  18   6   0  20  0.24 0.10
   92 L     0  -1   1  -1  -2   1   0   0  -1  -1   1   0   1  -2   0   1   0  -3  -2   0    5   0  11   0   0  10   7   6   0   0  20   6   7   0   4  10   6   0   0   6  0.08 0.05
   93 P    -2   3  -2   0  -3  -1   1  -1   2  -3  -3  -1  -2  -3   5  -1  -2  -3   0  -1    0  22   0   6   0   0   8   5   6   0   1   0   0   0  37   0   0   0   5   7  0.63 0.14
   94 M    -1  -2  -1   2  -3  -1   1  -2  -2  -2  -1   0   4  -2   4   0   0  -3  -2  -2    1   0   0  17   0   0  12   0   0   0   4   6  23   0  22   7   5   0   0   0  0.39 0.12
   95 T    -1  -1  -1  -2  -2   1  -1   0  -2   1  -1   0   3   0  -2   1   3  -2  -2  -1    1   0   0   0   0   9   0   6   0  12   1   6  14   6   0   9  36   0   0   0  0.21 0.11
   96 V    -1   0  -2  -3  -2  -1   0  -3  -2   2   0   1   0   3  -3  -2  -1  -2   0   3    1   7   0   0   0   0   6   0   0  18   1  13   0  21   0   0   0   0   0  31  0.22 0.10
   97 L     0   1   0  -2  -2  -1  -1   0  -2   0  -1   2  -1  -1   0   0   2  -3  -2   0    6  10   5   0   0   0   0   6   0   5   6  24   0   3   5   4  21   0   0   6  0.13 0.07
   98 C     1   2  -2  -3   4  -1  -2  -1   1  -1  -1  -1  -1   0  -3  -1   0  -1   4   0   15  19   0   0  11   0   0   5   5   0   6   0   0   0   0   0   5   0  24  11  0.24 0.11
   99 S    -2   5  -1  -2  -4   0  -1  -3  -2  -4  -3   2  -2  -4   3   0   1  -4  -3  -3    0  54   0   0   0   0   0   0   0   0   0  12   0   0  15   6  13   0   0   0  0.75 0.19
  100 C    -1  -4  -3  -4   9  -3  -4   0  -3  -2  -3  -4  -2  -3  -4   1   0  -3   1   0    0   0   0   0  64   0   0   6   0   0   0   0   0   0   0  11   5   0   6   7  1.27 0.25
  101 V    -1  -4  -4  -4   2  -3  -4  -4   2   5   0  -3   2  -1  -4  -3  -2  -4  -2   3    5   0   0   0   6   0   0   0   7  61   0   0   6   0   0   0   0   0   0  16  0.57 0.18
  102 P     0   0   0  -2  -3   1  -1  -2  -2   0  -1   1  -1  -3   5   1   0  -4  -3  -1   10   6   4   0   0   6   0   0   0   9   5  12   0   0  29  10   6   0   0   0  0.41 0.10
  103 I    -2  -4  -4  -4  -2  -3  -4  -5  -4   4   4  -4   1  -1  -4  -3  -2  -3  -2   2    0   0   0   0   0   0   0   0   0  43  49   0   0   0   0   0   0   0   0   8  0.68 0.17
  104 L    -1   1   3   3   1  -1   0  -2   3  -3  -1  -1  -2   0  -3  -1  -2  -2   2  -3    6  10  20  22   4   0   5   0  12   0   6   0   0   6   0   0   0   0   8   0  0.28 0.10
  105 L    -3  -3  -4  -4  -3  -3  -4  -4  -3   1   4  -1   1   5  -4  -3  -2  -2   0   0    0   0   0   0   0   0   0   0   0   6  56   7   0  32   0   0   0   0   0   0  0.62 0.17
  106 D    -1   1   1   2  -4   1   1   1  -1  -4  -4   3  -3  -4   3  -1  -2  -4  -3  -3    0   7   6  12   0   8   9  13   0   0   0  27   0   0  18   0   0   0   0   0  0.45 0.11
  107 D    -1  -1   1   4  -4   0   2   1   2  -4  -4   1  -3  -4  -2   1  -1  -4  -3  -3    0   0   6  31   0   0  19  12   7   0   0  12   0   0   0  13   0   0   0   0  0.47 0.12
  108 Q    -2   0   1  -2  -3   0  -2  -3   2   0  -1   0  -1   5  -3   0  -2   4   2  -2    0   7  11   0   0   6   0   0   5   6   0   9   0  37   0   7   0   6   6   0  0.36 0.13
  109 T    -1  -2  -1  -2  -3  -2  -2   5  -3  -3  -4   1  -3  -4  -3   0   1  -4  -4  -1    0   0   0   0   0   0   0  65   0   0   0  10   0   0   0   5  12   0   0   7  0.78 0.17
  110 V    -2  -2  -3  -3  -2  -2  -3  -3  -3   2   0  -1  -1  -1   1  -2   2   6  -1   3    0   0   0   0   0   0   0   0   0  17   5   6   0   0   8   0  19  17   0  27  0.45 0.14
  111 Q    -2   5  -2  -2  -4   2  -1  -3  -2   1  -2   4  -2  -3  -3  -2  -2  -4  -3   0    0  40   0   0   0   9   0   0   0  11   0  34   0   0   0   0   0   0   0   6  0.59 0.17
  112 Y    -3  -3  -3  -4  -4  -2  -3  -4   5  -2  -2  -3  -2   2  -4  -3  -3   0   8   0    0   0   0   0   0   0   0   0  17   0   0   0   0   6   0   0   0   0  69   8  1.32 0.27
  113 L    -2  -4  -5  -5  -2  -3  -4  -5  -4   4   4  -4   1  -1  -4  -4  -2  -3  -2   1    0   0   0   0   0   0   0   0   0  33  67   0   0   0   0   0   0   0   0   0  0.78 0.19
  114 Y    -3  -3  -4  -5   3  -3  -4  -5   0  -3  -3  -3  -3   2  -5  -3  -3   1   9  -3    0   0   0   0   6   0   0   0   0   0   0   0   0   0   0   0   0   0  94   0  1.82 0.32
  115 D    -2  -1   0   4  -4   2   5  -3  -1  -4  -4   0  -3  -4  -2  -1  -2  -4  -3  -3    0   0   0  23   0   9  67   0   0   0   0   0   0   0   0   0   0   0   0   0  0.90 0.14
  116 D    -1  -2   3   4  -3  -1   0   2  -1  -3  -4  -1  -3  -3  -2   1   0  -4  -3  -3    0   0  22  41   0   0   0  19   0   0   0   0   0   0   0  18   0   0   0   0  0.51 0.04
  117 S     0   0   0  -1  -2   0  -1  -1  -1   1  -1   2  -1  -2  -1   3   0  -3  -2   0    0   0   0   0   0   0   0   0   0  25   0  25   0   0   0  50   0   0   0   0  0.18 0.03
  118 L    -1  -3  -3  -3  -2  -2  -3  -3  -3   2   1  -2   0   2   4  -2  -1  -2  -1   2    0   0   0   0   0   0   0   0   0  12  13   0   0  13  25   0   0   0   0  37  0.37 0.02
  119 E    -1   0   0   2  -4   2   5  -2   0  -4  -3   1  -2  -4  -1   0  -1  -3  -2  -3    0   0   0   0   0   0 100   0   0   0   0   0   0   0   0   0   0   0   0   0  0.78 0.02
  120 H    -2   0   1  -1  -3   0   0  -2   7  -3  -3  -1  -2  -1  -2  -1  -2  -2   2  -3    0   0   0   0   0   0   0   0   0   0   0   0   0   0   0   0   0   0   0   0  0.00     0.00

                      K         Lambda
Standard Ungapped    0.1412     0.3236
Standard Gapped      0.0434     0.2670
PSI Ungapped         0.1406     0.3136
PSI Gapped           0.0434     0.2670
70
