
Last position-specific scoring matrix computed, weighted observed percentages rounded down, information per position, and relative weight of gapless real matches to pseudocounts
            A   R   N   D   C   Q   E   G   H   I   L   K   M   F   P   S   T   W   Y   V   A   R   N   D   C   Q   E   G   H   I   L   K   M   F   P   S   T   W   Y   V
    1 E    -3  -1   2   1  -5   2   4  -3  -2  -5  -5   5  -3  -5  -3  -2  -2  -5  -4  -4    0   0  13   6   0   8  35   0   0   0   0  38   0   0   0   0   0   0   0   0  0.86 0.27
    2 L    -3  -3  -5  -5  -3  -4  -5  -5  -4   1   5  -4   5   0  -5  -4  -2   5  -1   0    0   1   0   0   0   0   0   0   0   6  57   0  17   3   0   0   1   9   1   5  0.90 0.28
    3 I    -2  -1   4  -2  -2  -2  -2  -3   1   2   2  -1   1   1  -4  -2  -2  -1  -1   1    2   3  30   0   1   0   1   0   3  12  26   2   2   6   0   0   0   1   2   9  0.32 0.18
    4 V    -2  -2  -3  -4  -1  -1  -2  -5  -1   3  -1  -3   0  -3  -4  -2   1  -5  -2   5    1   1   1   0   1   2   3   0   2  17   1   1   1   0   0   1   8   0   1  60  0.71 0.27
    5 K    -3   6  -3  -4  -5  -1  -2  -4  -3  -1  -2   5  -3  -5  -4  -3  -3  -5  -4  -2    0  56   0   0   0   0   0   0   0   4   4  34   0   0   0   0   0   0   0   3  1.21 0.36
    6 E     0   0  -1   2  -2  -1   1  -2  -1  -3  -3  -1  -3  -2  -2   2   4  -4  -3  -2    4   4   1  14   1   1   9   0   1   0   0   3   0   1   0  19  38   0   1   2  0.47 0.22
    7 E     0  -1   1   1  -1   1   3   3  -1  -4  -3   0  -3  -4  -1   0  -1  -4  -2  -3    5   2   8   7   1   5  23  27   1   0   2   6   0   0   2   8   2   0   1   0  0.36 0.15
    8 V     2  -2  -1   1   0  -1   1  -1   8  -4  -4  -1  -3  -3  -3   1  -2  -5  -2  -3   17   0   1   8   2   0   9   3  43   0   1   2   0   1   1  11   0   0   0   1  0.83 0.29
    9 E    -2  -2  -2   0  -4  -1   1  -3   0  -1  -2   0  -2   3  -1  -1  -1   1   6  -2    2   1   0   6   0   2  13   1   2   3   0   8   0  15   3   3   3   2  35   2  0.54 0.22
   10 T    -2  -4  -2  -4  -3  -3  -2  -4  -4  -2  -3  -3  -3  -5  -3  -1   7  -5  -4  -1    1   0   1   0   0   0   3   0   0   2   1   0   0   0   0   0  88   0   0   4  1.55 0.47
   11 N    -3  -4   3   3  -5  -3  -1  -4  -2  -4  -4  -3  -4  -5   7   0  -2  -6  -5  -4    1   0  18  20   0   0   2   0   0   0   1   0   0   0  51   5   1   0   0   1  1.33 0.34
   12 W    -2  -3  -3   1  -3  -1   0  -3  -3   2   2  -2   0  -1   4  -1  -1   0  -1   0    1   0   0   9   0   2   6   1   0  19  22   1   1   2  24   3   3   1   3   2  0.36 0.15
   13 D    -1   0   0   0  -3   0   1  -1  -1  -3  -4   1  -3  -5   6   0  -1  -5  -4  -3    4   5   4   5   0   3   9   4   1   1   1  10   0   0  42   7   3   0   0   1  0.77 0.22
   14 Y     0  -2   0  -3   3  -2  -3  -1   2  -2   0  -3  -1   2  -4   0  -1   4   5  -1    7   2   5   0   7   1   1   5   6   0   8   0   0   9   0   9   3   7  29   3  0.40 0.18
   15 G    -2   2  -3  -4  -5  -4  -4   7  -1  -6  -6  -3  -5  -5  -4  -2  -4  -5  -5  -6    0  11   0   0   0   0   0  87   2   0   0   0   0   0   0   0   0   0   0   0  1.71 0.41
   16 C     0  -2   0  -2   6  -2  -2  -3   1  -3  -3   0  -2   0   0   2   0   2   3  -1    5   1   4   1  25   1   2   0   3   0   0   7   0   4   5  17   6   2  13   3  0.44 0.19
   17 N    -1  -1   1   0  -2  -2  -1  -3  -2  -2   0  -1   0  -1   4   3   0  -3   2  -2    3   3   8   4   0   0   1   0   0   1   9   1   2   1  22  29   5   0   8   2  0.38 0.18
   18 P    -2  -5  -5  -4  -6  -4  -4  -5  -3  -6  -6  -4  -5  -6   9  -4  -4  -6  -1  -5    2   0   0   0   0   0   0   0   1   0   0   0   0   0  95   0   0   0   2   0  2.82 0.58
   19 Y     0  -2  -2   2  -3  -1   1  -1   1  -1   3  -2  -1  -1  -2  -1  -1   1   1  -1    9   0   1  14   0   2  13   3   3   1  36   0   0   0   1   5   2   2   7   1  0.19 0.15
   20 E    -2   1   2   2  -2   2   3  -3   0  -4  -4   4  -1  -5  -3   0  -2  -5  -3  -4    2   4  13  10   1   7  19   0   1   0   0  37   1   0   0   3   1   0   0   0  0.58 0.22
   21 R    -4   8  -3  -3  -5  -1  -2  -5  -3  -5  -4   0  -3  -5  -4  -3  -3  -5  -4  -5    0  95   0   1   0   0   0   0   0   0   0   0   1   0   0   0   0   0   0   0  2.04 0.49
   22 K    -1  -2  -1   3  -4  -2   0  -3  -3  -4  -4   0  -3  -4   6   2   1  -5  -4  -3    2   1   2  17   0   0   5   0   0   0   1   4   0   0  39  20   8   0   0   0  0.85 0.25
   23 I    -1  -4  -4  -3  -3  -3  -4  -4  -4   5   3  -3   2  -1   2  -3  -2  -3  -3   2    3   0   0   1   0   0   0   1   0  40  26   0   4   1  10   0   1   0   0  11  0.55 0.20
   24 E     2   0   0   1  -3   1   3  -1  -1  -3  -3   2  -2  -2  -1   0  -1  -4  -2  -2   19   3   3   8   0   3  27   4   1   0   2  17   0   1   2   4   3   0   0   1  0.30 0.15
   25 D     0  -2  -1   3  -4   1   5  -3  -2  -3  -3   0  -2  -4  -3   1   0  -4  -3  -2    6   0   1  14   0   5  45   0   0   1   2   4   1   0   0  13   5   0   0   2  0.58 0.23
   26 L    -3  -2  -3  -5  -4  -3  -4  -5   5  -2   3  -3  -2   0  -5  -4  -3  -1   7  -2    1   2   0   0   0   0   0   0  18   1  31   0   0   0   0   0   1   0  45   1  1.11 0.35
   27 I    -3   0  -5  -5  -1  -4  -4  -5  -4   4   4  -3   1  -1  -4  -4  -2  -4  -3   2    0   6   0   0   1   0   0   0   0  35  43   0   2   0   0   0   0   0   0  11  0.72 0.24
   28 K    -1   4   2   1  -4   1   1  -3  -1  -4  -3   3  -2  -4  -2   2   0  -4  -2  -3    4  23  10   7   0   4   8   0   0   0   1  22   0   0   0  16   3   0   1   0  0.44 0.18
   29 Y    -1  -1   1  -3  -1  -2  -2  -2   1  -2  -2  -1   0   4  -4   2  -1  -1   5  -1    3   2   8   0   1   0   1   1   4   0   1   4   3  17   0  17   3   0  29   4  0.44 0.21
   30 G    -2  -4  -3  -3  -5  -4  -4   7  -4  -6  -6  -4  -5  -5  -4   0  -3  -5  -5  -5    0   0   0   0   0   0   0  91   0   0   0   0   0   0   0   6   0   0   0   0  1.84 0.44
   31 V    -2  -4  -4  -5   0  -4  -4  -5  -4   4   1  -4   1   3  -4  -3  -2  -3  -1   5    1   0   0   0   2   0   0   0   0  25   6   0   3  12   0   1   0   0   1  48  0.73 0.26
   32 V    -3  -4  -5  -5  -2  -4  -5  -5  -5   6   1  -4   0  -2  -4  -4  -2  -4  -3   4    0   0   0   0   0   0   0   0   0  50   8   0   1   0   0   0   0   0   0  38  1.04 0.33
   33 V    -2  -1   7  -1   0  -2  -3  -3  -1   0  -2  -3  -3  -3  -3  -2  -2  -5  -3   1    2   2  68   0   2   0   0   0   1   5   5   0   0   1   1   0   1   0   1  10  1.12 0.38
   34 V    -3  -4  -5  -5  -3  -4  -4  -5  -5   3   5  -4   0  -1  -4  -4  -3  -4  -3   1    1   0   0   0   0   0   0   0   0  20  67   0   1   0   0   0   0   0   0   8  0.95 0.31
   35 D    -4  -4   0   8  -6  -3  -1  -4  -4  -5  -3  -3  -5  -5  -4  -3  -3  -1  -5  -5    0   0   2  91   0   0   0   0   0   0   4   0   0   0   0   0   0   1   0   0  1.99 0.51
   36 K    -3   0  -3  -3  -5  -1  -2  -4  -3  -5  -5   8  -4  -5  -4  -3  -3  -5  -4  -5    0   2   0   0   0   0   0   0   0   0   0  95   0   0   0   0   0   0   0   0  1.87 0.53
   37 P    -3  -5  -5  -5  -6  -4  -4  -5  -5  -6  -5  -4  -5  -7   9  -3  -3  -7  -6  -4    0   0   0   0   0   0   0   0   0   0   1   0   0   0  95   1   1   0   0   1  2.87 0.63
   38 R     2   1  -2  -3   0   0  -2  -2  -3  -3  -4   0  -2  -3   4   3  -1   1  -2  -2   19   8   0   0   2   3   0   1   0   1   0   5   1   1  24  30   0   2   1   2  0.54 0.24
   39 G    -3  -3   5  -2  -5  -3  -3   6  -3  -6  -6  -3  -5  -5  -4  -2  -3  -5  -5  -5    0   1  36   0   0   0   1  62   0   0   0   0   0   0   0   0   0   0   0   0  1.48 0.42
   40 P    -4  -5  -5  -4  -5  -4  -4  -5  -5  -5  -5  -4   1  -5   8  -4  -4   4  -5  -5    0   0   0   0   0   0   0   0   0   0   0   0   5   0  87   0   0   6   0   0  2.58 0.58
   41 T    -2  -3   1  -3  -3  -3  -3  -3  -3  -4  -4  -3  -4  -5  -2   5   4  -5  -4  -3    0   0   5   0   0   0   0   0   0   0   0   0   0   0   1  59  33   0   0   0  1.14 0.44
   42 S     1  -3  -2  -3  -3  -3  -3  -3  -4  -5  -5  -3  -4  -5  -3   7  -1  -5  -4  -4    9   0   0   0   0   0   0   0   0   0   0   0   0   0   0  90   0   0   0   0  1.57 0.54
   43 H    -5  -3  -1  -4  -6  -3  -3  -5  11  -6  -6  -4  -5  -4  -3  -3  -5  -6  -1  -6    0   0   2   0   0   0   0   0  95   0   0   0   0   0   1   1   0   0   0   0  3.13 0.72
   44 E    -3  -2  -3   1  -6   5   6  -4  -2  -6  -5  -2  -4  -6  -4  -3  -3  -5  -4  -5    0   0   0   6   0  27  66   0   0   0   0   0   0   0   0   0   0   0   0   0  1.51 0.48
   45 V    -1  -5  -5  -6  -1  -5  -5  -6  -6   3  -1  -5  -1  -3  -5  -4  -1  -5  -4   7    2   0   0   0   1   0   0   0   0  11   1   0   1   0   0   0   2   0   0  81  1.38 0.46
   46 S     2  -4  -3   0  -3  -3  -3  -4  -4  -1  -2  -3  -2  -4  -4   2   1  -5  -4   5   15   0   0   6   0   0   0   0   0   0   0   0   0   0   0  18   7   0   0  54  0.69 0.34
   47 T     5  -3  -3  -2  -3  -3  -2   0  -2  -3  -1  -3  -3  -3  -3   1   0  -4   1  -2   64   0   0   2   0   0   1   6   0   0   5   0   0   0   0  10   5   0   5   1  0.75 0.34
   48 W    -6  -2  -7  -8  -6  -6  -7  -6  -6  -6  -5  -5  -5  -1  -2  -6  -6  13  -1  -5    0   2   0   0   0   0   0   0   0   0   0   1   0   2   3   0   0  91   0   1  4.14 0.89
   49 V    -1  -5  -5  -5  -3  -4  -5  -3  -5   5   1  -4   0  -2  -5  -4  -2  -5  -3   5    3   0   0   0   0   0   0   3   0  36  11   0   1   0   0   0   1   0   0  46  0.93 0.34
   50 K    -3   5  -3  -4  -6  -1  -2  -2  -3  -5  -4   6  -4  -6  -4  -1  -3  -6  -4  -5    1  32   0   0   0   1   0   2   0   0   1  61   0   0   0   3   0   0   0   0  1.39 0.47
   51 K    -2   5   0   3  -5   0   1  -2  -2  -5  -4   3  -4  -5  -4  -1  -2  -5  -4  -4    1  40   4  18   0   3   6   2   0   0   0  21   0   0   0   4   1   0   0   0  0.81 0.31
   52 I     0  -4  -5  -5  -3  -3  -3  -5  -5   6   1  -4   5  -2  -4   0  -2  -4  -3   0   10   0   0   0   0   0   1   0   0  52  11   0  18   0   0   7   0   0   0   0  0.85 0.36
   53 L    -2  -4  -5  -5  -3  -4  -5  -5  -5   0   5  -4   1   2  -5  -2   0  -3  -2   0    3   0   0   0   0   0   0   0   0   3  68   0   1  11   0   3   6   0   0   6  0.85 0.34
   54 N    -2   3   2   1  -4  -1   0   3   0  -5  -5   2  -4  -5  -3  -1  -2  -5  -4  -4    2  22  13   6   0   0   7  29   3   0   0  13   0   0   0   3   2   0   0   0  0.54 0.24
   55 L    -1  -4  -4  -4   3  -2  -3  -3  -4   4   1  -4   0   0  -4  -3  -1  -4  -2   4    5   0   0   0   8   1   1   1   0  23  13   0   2   3   0   1   3   0   1  39  0.57 0.25
   56 D    -2  -1   2   3  -5   0   5  -2  -1  -5  -5   1  -4  -5   0   0  -1  -5  -4  -4    1   2   8  16   0   1  45   3   1   0   0   8   0   0   4   8   2   0   0   0  0.71 0.29
   57 K    -2   4  -3  -3  -5   0  -2  -2  -3  -5  -4   7  -4  -5  -4  -2  -2  -5  -4  -4    3  21   0   0   0   2   0   2   0   0   1  67   0   0   0   1   1   0   0   1  1.29 0.45
   58 A     3  -1  -3  -4  -1  -3  -3  -3  -4   0  -2  -3  -3  -4  -3   0   5  -5  -4   2   31   3   0   0   1   0   0   0   0   4   1   0   0   0   0   3  44   0   0  13  0.76 0.36
   59 G     1  -2  -3  -4  -5  -4  -4   6  -4  -6  -6   0  -5  -6  -1  -2  -4  -5  -5  -5   14   3   0   0   0   0   0  75   0   0   0   6   0   0   3   0   0   0   0   0  1.46 0.45
   60 H    -5  -4   1  -4  -7  -2  -4  -5  11  -7  -6  -4  -5  -5  -6  -4  -2  -6  -2  -7    0   0   6   0   0   1   0   0  91   0   0   0   0   0   0   0   3   0   0   0  3.06 0.77
   61 G     2  -3  -2  -3   0  -3  -3   3  -3  -2  -1  -3  -3  -2  -1   4   0  -4  -4  -2   20   0   0   0   1   0   0  20   0   2   6   0   0   2   3  40   5   0   0   1  0.53 0.28
   62 G    -3  -5  -3  -4  -5  -4   0   7  -5  -6  -6  -4  -5  -6  -5  -3  -4  -5  -6  -6    0   0   0   0   0   0   6  92   0   0   0   0   0   0   0   0   0   0   0   0  2.00 0.54
   63 T    -3  -4  -3  -4  -4  -3  -4  -4  -4  -4  -4   0  -4  -5  -4   0   7  -5  -4  -3    0   0   0   0   0   0   0   0   0   0   0   6   0   0   0   4  88   0   0   0  1.77 0.59
   64 L    -1  -5  -6  -6  -4  -4  -5  -6  -5  -1   6  -5   0  -2  -5  -4  -4  -4  -4  -2    6   0   0   0   0   0   0   0   0   0  92   0   0   0   0   0   0   0   0   0  1.46 0.48
   65 D    -5  -5  -1   8  -7  -4  -1  -5  -4  -7  -7  -4  -7  -7  -5  -4  -4  -8  -7  -7    0   0   1  97   0   0   2   0   0   0   0   0   0   0   0   0   0   0   0   0  2.53 0.70
   66 P    -4  -6  -5  -5  -6  -5  -5  -6  -6  -6  -7  -5  -6  -7   9  -1  -4  -7  -7  -6    0   0   0   0   0   0   0   0   0   0   0   0   0   0  95   5   0   0   0   0  3.02 0.78
   67 K    -3   1   2  -3  -5   1  -1   0  -1  -4  -4   6   0  -3  -3  -3  -3  -5  -3  -4    0   4   9   0   0   6   2   6   1   0   0  65   3   1   0   0   0   0   1   1  1.05 0.43
   68 V     1  -5  -5  -6  -4  -5  -5  -5  -5   0  -2  -5  -2   0  -3  -4  -2  -5  -4   7   11   0   0   0   0   0   0   0   0   0   0   0   0   5   1   0   1   0   0  81  1.40 0.52
   69 T    -2  -4  -3  -3  -4  -3  -3  -4  -4  -4  -4  -3  -3  -5  -3   3   7  -5  -4  -3    2   0   0   1   0   0   0   0   0   0   0   0   0   0   1  20  74   0   0   0  1.49 0.56
   70 G    -3  -2  -3  -4  -5  -4  -5   7  -5  -6  -6  -4  -5  -6  -5  -3  -4  -5  -5  -6    0   2   0   0   0   0   0  94   0   0   0   0   0   0   0   0   0   0   0   0  2.12 0.60
   71 V    -2  -5   0  -5   8  -2  -5  -4  -5   0  -1  -4  -2  -4  -5  -2  -3  -5  -4   5    2   0   6   0  37   2   0   1   0   2   3   0   0   0   0   3   0   0   0  42  1.24 0.45
   72 L    -4  -5  -6  -6  -4  -3  -5  -6  -5  -1   6  -5  -1  -2  -3  -5  -4  -4  -4  -2    0   0   0   0   0   1   0   0   0   0  94   0   0   0   2   0   0   0   0   0  1.62 0.55
   73 P    -3  -5  -5  -4  -4  -4  -4  -5  -2   4   0  -4  -3  -4   7  -3  -1  -5  -4   0    1   0   0   0   0   0   0   0   1  25   9   0   0   0  52   1   4   0   0   5  1.35 0.46
   74 V    -3  -3  -5  -5  -3  -4  -5  -5  -5   4   0  -4   2  -3  -4  -3   0  -5  -3   5    0   1   0   0   0   0   0   0   0  29   6   0   4   0   0   1   5   0   0  51  0.99 0.39
   75 A     2  -4  -4  -5   8  -4  -5   1  -4  -3   1  -4   3  -3  -4  -3  -2  -2  -2  -2   17   0   0   0  38   0   0  12   0   0  17   0  10   1   0   0   1   1   1   1  1.03 0.40
   76 L    -2  -3  -4  -5  -3  -4  -4  -5  -4   4   4  -4   0  -1  -1  -4   0  -4  -3   1    1   1   1   0   0   0   0   0   0  28  49   0   1   2   3   0   6   0   0   7  0.74 0.32
   77 E    -1  -3   2   4  -5  -2   2   5  -2  -5  -5  -2  -4  -5  -4  -2  -3  -5  -5  -5    5   1  10  23   0   1  16  43   0   0   0   1   0   0   0   0   0   0   0   0  0.89 0.36
   78 R    -3   5   3   2  -5  -1   1  -3  -1  -4  -4   2  -3  -5  -2  -1  -1  -5  -4  -1    1  37  15  12   0   1  10   1   1   0   0  12   0   0   1   3   2   0   0   4  0.65 0.31
   79 A     6  -3  -4  -4  -2  -3  -4   0  -4  -1  -4  -3  -1  -5  -4   0  -1  -5  -4  -3   77   1   0   0   1   0   0   6   0   5   0   0   2   0   0   5   3   0   0   0  1.18 0.49
   80 T    -2  -3  -3  -4  -4  -3  -4  -4  -3  -3  -4  -3  -2   0  -4  -1   7  -5  -4   0    2   1   0   0   0   0   0   0   1   1   1   0   1   5   0   1  80   0   0   5  1.52 0.58
   81 K    -4   7  -3  -4  -3  -2  -3  -5  -3  -5  -4   4  -4   0  -4  -3  -4  -5  -4  -5    0  67   0   0   1   0   0   0   0   0   1  24   0   4   0   0   0   0   0   0  1.62 0.56
   82 T     0  -4  -5  -5   0  -4  -4  -4  -4   2   4  -4   2   1  -4  -3  -2  -4  -3   2   10   0   0   0   2   0   0   0   0   8  52   0   3   4   0   1   2   0   0  16  0.64 0.29
   83 I     2  -3  -2  -4  -3  -3  -1  -3  -4   2   0  -2   3  -3  -3  -1   0  -4  -3   4   24   0   1   0   0   0   4   1   0  11   8   2   7   0   0   3   4   0   0  34  0.42 0.26
   84 P    -2   0   1   0  -5   3   0   0   0  -4  -4   5  -1  -5   2   0  -2  -5  -4  -4    1   4   7   4   0  17   4   8   2   0   1  36   1   0   9   4   1   0   0   0  0.58 0.30
   85 M     1  -3  -1  -3   0  -2  -3  -2  -2   1   0  -2   0   0  -3   3   0  -3   2   2   12   1   2   0   1   0   0   1   1   9   7   1   2   4   0  29   3   0   7  19  0.26 0.20
   86 W    -2  -3   0  -3  -4   5  -2  -4  -3   0   2  -2  -1   3  -4  -3  -2   1  -2   1    1   0   4   0   0  31   1   1   0   6  25   0   0  14   0   0   1   2   0  11  0.55 0.32
   87 H    -2  -1  -2  -1  -4   5  -2  -4   2   0   2  -2   0  -3  -3   0   0  -4  -3  -1    2   3   1   3   0  36   0   0   5   6  25   0   2   0   0   7   5   0   0   3  0.51 0.31
   88 I    -1   0   1   0  -3   0   3   2   2  -2  -1   0  -2  -2  -1   1  -1  -4  -2  -3    2   3   7   5   0   2  21  16   5   2   7   6   1   1   3  14   3   0   1   0  0.21 0.15
   89 P     4  -2  -2  -3  -3  -2  -1   2   1  -3  -1  -2  -1  -3  -2   2  -1  -4  -2  -2   40   1   0   1   0   0   3  16   3   1   5   1   2   0   1  20   3   0   1   1  0.47 0.27
   90 P    -1  -1  -1   1  -4  -2  -1   5  -2  -3  -4   0  -4  -4   2  -1  -1  -4  -3  -2    3   4   2  10   0   1   2  49   1   2   1   5   0   1  11   4   2   0   1   2  0.67 0.27
   91 K    -4  -1  -3  -4  -6  -2  -2  -4  -4  -5  -5   8  -4  -6  -4  -3  -4  -6  -5  -5    0   0   0   0   0   0   0   0   0   0   0  95   0   0   0   0   0   0   0   0  2.11 0.66
   92 E    -3  -2  -3   1  -5  -1   7  -3  -3  -5  -5  -2  -4  -5  -4  -1  -1  -5  -4  -2    2   2   0   4   0   1  80   1   0   0   0   0   0   0   0   3   3   0   0   2  1.50 0.53
   93 Y    -5  -5  -5  -6  -5  -5  -5  -6  -2  -5  -4  -5  -4   0  -6  -5  -5  -1  10  -4    0   0   0   0   0   0   0   0   0   0   0   0   0   0   0   0   0   0  95   0  2.95 0.80
   94 V    -2  -1  -5  -3  -3  -3  -4  -5  -2   4  -1  -4   0  -3  -4  -4  -2  -5  -2   6    1   3   0   2   0   1   1   0   1  19   2   0   1   0   0   0   1   0   1  65  1.04 0.41
   95 C     3  -5  -4  -5   9  -4  -4   1  -5  -2  -4  -4   0  -1  -4   0  -1  -5  -4  -1   26   0   0   0  42   0   0  12   0   1   0   0   3   2   0   5   3   0   0   3  1.22 0.46
   96 L    -2  -4  -5  -5  -1  -4  -1  -5  -2   4   2  -4  -1  -3  -4  -4  -1  -1  -3   5    1   0   0   0   1   0   6   0   1  20  16   0   0   0   0   0   2   1   0  51  0.82 0.37
   97 M     0  -4  -5  -5   0  -4  -5  -3  -4   2   3  -4   6   3  -5  -4  -3  -3  -2   1    7   0   0   0   2   0   0   2   0  11  24   0  29  14   0   0   0   0   0  11  0.75 0.35
   98 H    -3   5   0  -2  -5   3   3  -4   2  -4  -4   2  -4  -5  -4  -2  -1  -5  -3  -4    1  34   5   0   0  13  22   0   5   0   1  13   0   0   0   1   3   0   0   0  0.83 0.37
   99 L    -3  -5  -5  -6   1  -5  -5  -6  -5   1   5  -5   0   4  -5  -5  -2  -3  -2   0    1   0   0   0   3   0   0   0   0   8  62   0   1  19   0   0   1   0   0   5  1.03 0.41
  100 H    -4  -4  -2  -1  -6  -1  -3  -2  10  -6  -4  -2  -5   0  -6  -3  -5  -5   0  -6    1   0   1   3   0   2   1   4  78   0   1   2   0   5   0   1   0   0   2   0  2.46 0.75
  101 R     0   0   0   2   2  -1   1   3  -2  -3  -4   1  -2  -4  -3   2  -1  -4  -4  -3    8   5   4  15   5   1   9  21   0   1   1  12   1   0   0  16   1   0   0   1  0.33 0.20
  102 D     1  -1  -1   3  -3  -1   1  -1  -1  -4  -3   0  -3  -4   3   1   0  -5  -4  -3   16   2   2  23   0   2   8   3   2   0   2   6   0   0  15  13   5   0   0   0  0.41 0.23
  103 A     1  -3  -4  -4  -2  -2  -3  -3  -4   3   0  -2  -1   0   1  -2   0  -4  -1   4   11   1   0   0   0   1   1   2   0  14   7   1   1   4   8   1   4   0   1  41  0.44 0.25
  104 S    -2  -2   2   3  -4  -1   1  -1  -3  -5  -5   0  -3  -5   4   2   0  -5  -4  -4    1   1   9  20   0   1   9   4   0   0   0   6   1   0  24  19   6   0   0   0  0.65 0.31
  105 E    -1   1  -1   1  -4   1   4  -2  -1  -2  -2   1  -2   0   1  -1   0  -3  -1  -1    3   6   2   8   0   6  35   1   1   2   3   9   1   5   6   3   5   0   1   4  0.34 0.19
  106 E     2   1   0   1  -3   1   3  -1   0  -3  -3   2  -2  -3  -1   0  -1  -4  -3  -2   19   7   3   9   0   6  22   3   2   0   2  13   0   1   1   7   3   0   0   2  0.30 0.18
  107 D    -1   2  -1   3  -5   2   2  -3  -2  -3  -3   4  -2  -5  -3  -1  -2  -5  -4  -3    5   9   2  20   0   8  11   1   0   1   2  34   1   0   1   2   1   0   0   1  0.58 0.30
  108 I    -1  -4  -5  -5  -3  -4  -5  -5  -5   4   3  -3   0   3  -5  -4  -2  -4  -2   3    5   0   0   0   0   0   0   0   0  27  33   1   1  11   0   0   1   0   0  21  0.68 0.28
  109 L     1   3  -1   0  -3   0   2  -2  -1   0  -1   2  -1  -3  -2   0   1  -4  -1  -1   12  24   1   5   0   2  13   2   1   6   5  11   1   0   1   3   8   0   2   4  0.21 0.14
  110 R     0   3   2   1  -4   2   2  -2  -2  -4  -3   2  -2  -4  -2   0  -1  -3  -2  -3    8  19   9   8   0   7  18   1   0   0   1  14   1   0   1   8   3   0   1   1  0.36 0.19
  111 V     3  -3  -3  -4   0  -3  -3  -2  -2   3  -1  -3  -1  -3  -4  -2   0  -2  -2   4   30   0   1   0   2   0   1   2   1  16   2   1   0   0   0   1   6   1   1  35  0.51 0.28
  112 F    -1  -4  -5  -5   2  -4  -4  -5  -4   2   4  -4   2   3  -4  -3  -2  -3  -1   2    4   0   0   0   5   0   0   0   0  11  44   0   5  12   0   1   1   0   1  15  0.58 0.24
  113 K     1   1   3   0  -4   1   4  -2  -2  -3  -4   2  -2  -4  -1   1  -1  -4  -3  -3   10   8  15   4   0   5  29   2   0   1   0  14   0   0   2   8   1   0   0   0  0.44 0.21
  114 E    -1   0  -1  -1  -4   2   3  -2  -1  -2  -1   1   0   1  -3   0   2  -3  -1  -2    4   4   1   1   0   7  28   2   1   1   4  11   2   8   0   7  16   0   2   1  0.28 0.18
  115 F    -4  -5  -6  -6  -5  -5  -6  -3  -4  -1   3  -5   0   8  -6  -5  -4  -2   1  -3    0   0   0   0   0   0   0   2   0   1  29   0   1  65   0   0   0   0   1   0  1.56 0.47
  116 T    -2  -1  -1  -2   0   0   2  -3  -2   0  -2   1  -2  -4  -3   1   4  -4  -3   1    1   2   1   0   2   4  18   0   1   5   2   8   0   0   0   8  35   0   0  14  0.40 0.24
  117 G     0  -3   1  -4  -5  -4  -4   7  -4  -6  -6  -4  -5  -6  -5  -1  -2  -5  -5  -5    5   1   7   0   0   0   0  83   0   0   0   0   0   0   0   2   2   0   0   0  1.67 0.47
  118 R     2   1  -2   0  -2  -1   3  -3  -1  -2  -1   1  -2  -4   2  -1   0  -4  -3   0   24   6   0   5   0   1  21   0   1   1   7   8   0   0  12   2   4   0   0   6  0.28 0.17
  119 I    -3  -3  -2  -5   0  -2  -4  -5  -4   5   3   0   1  -2  -4  -4  -2  -4  -3   2    0   0   2   0   2   1   0   0   0  47  29   9   2   0   0   0   1   0   0   9  0.73 0.30
  120 Y    -4  -1  -4  -5  -4  -2  -2  -5  -1  -1  -1  -2  -1   6  -5   0  -3  -1   7  -2    0   4   0   0   0   2   2   0   1   3   4   2   2  32   0   8   1   0  39   1  1.06 0.37
  121 Q    -4  -2  -3  -4  -6   9  -1  -5   3  -6  -6  -2  -4  -6  -5  -3  -4  -5  -4  -6    0   0   0   0   0  93   0   0   7   0   0   0   0   0   0   0   0   0   0   0  2.41 0.72
  122 R    -2   6  -3  -4  -5  -1  -1  -4  -3  -3   1   3   0  -4  -3  -3  -2  -5  -4  -2    2  52   0   0   0   0   2   0   0   0  14  22   3   0   1   0   2   0   0   3  0.92 0.36
  123 R    -4   8  -3  -4  -6  -2  -3  -5  -3  -6  -5   1  -4  -6   1  -4  -4  -6  -5  -5    0  86   0   0   0   0   0   0   0   0   0   7   0   0   7   0   0   0   0   0  1.99 0.58
  124 I    -2  -3  -3  -4  -3  -1  -2  -3  -4   4   0  -1   0  -2   0  -1   2  -4  -3   4    1   0   0   0   0   2   2   2   0  33   3   4   1   1   4   3  14   0   0  30  0.48 0.25
  125 R    -4   7  -3  -4  -5   0  -1  -5  -3  -4  -4   2  -3  -5  -4  -3  -3  -5  -4  -1    0  79   0   0   0   3   3   0   0   0   0   7   0   0   0   0   0   0   0   6  1.56 0.52
  126 K    -2   2   2  -2  -3   0   2  -3   0  -2  -3   1  -1  -4  -3   0   5   0  -3  -2    1  11  10   0   0   2  12   0   2   1   0  11   1   0   0   4  42   1   0   1  0.52 0.30
  127 I    -3  -4  -5  -5  -3  -4  -5  -5  -5   6   0  -2   1  -2  -5  -2  -2  -5  -3   4    0   0   0   0   0   0   0   0   0  60   4   3   3   0   0   4   0   0   0  28  1.04 0.40
  128 H    -4  -2  -2  -3  -5  -2  -2  -5   4  -3  -4  -2  -3   2  -2  -1  -4  -1   8  -4    0   2   2   1   0   1   2   0   9   1   0   2   0   6   3   5   0   0  67   0  1.51 0.52
  129 E    -1   0   0   3  -1   0   4  -2   0  -4  -4   0  -3  -3  -3   1  -1   0   2  -4    3   6   2  18   1   3  34   1   1   0   0   5   0   0   0  14   2   1   8   0  0.48 0.25
  130 L    -1  -3  -1  -3   0  -2  -2  -3  -3   3   3  -3   1   0  -3   1  -1  -3  -2   0    2   0   4   0   2   1   3   0   0  19  38   0   2   4   0  18   2   0   0   4  0.32 0.21
  131 E    -2   1   1   3  -2   1   4  -3   0  -4  -4   3  -3  -4  -3  -1   0   0  -3  -4    2   5   7  17   1   4  33   0   2   0   0  20   0   0   0   2   6   2   0   0  0.55 0.25
  132 L    -1  -4  -4  -4  -3  -2  -4  -4  -4   3   4  -4   3   1  -2  -3  -3  -3   0   2    5   0   0   0   0   2   0   0   0  15  42   0   6   6   2   0   0   0   2  16  0.58 0.30
  133 L    -3  -4  -2  -5  -1  -4  -4  -5  -2   2   5  -3   0  -1  -4  -3  -1  -1   0   0    1   0   2   0   1   0   0   0   1  11  64   1   1   2   0   2   3   1   3   5  0.82 0.40
  134 D    -4  -1  -3   4  -5   0   6  -3  -3  -5  -5  -1  -4  -5  -4  -1  -3  -5  -5  -5    1   3   0  20   0   3  63   2   0   0   1   2   0   0   0   3   0   0   0   0  1.35 0.59
  135 K    -2   0  -2  -4   1  -1  -2  -2   1   1  -1  -1   1   3  -4  -1  -1  -1   5   1    2   7   2   0   4   3   1   3   4  11   3   3   3  13   0   3   4   0  24  11  0.33 0.23
  136 D    -2   0   1   6  -5   0   3  -2  -1  -4  -3   0  -4  -3  -3  -1  -2  -5  -2  -3    3   5   5  46   0   3  16   2   1   0   3   6   0   1   0   4   2   0   2   1  0.78 0.38
  137 G    -1   0   1   3  -4   1   2   2  -2  -3  -3   1  -2  -1  -1  -1  -2  -4  -3  -3    3   5   7  17   0   5  18  20   0   1   3   9   1   4   3   3   1   0   0   0  0.34 0.22
  138 K    -2   5   1   1  -1   0   2  -3   0  -4  -4   2  -2  -4   0  -1  -1  -2  -3  -2    1  39   6   6   1   3  13   1   2   0   1  11   1   0   4   3   2   1   0   4  0.59 0.33
  139 D    -2   3   0   2  -4   1   0  -3   0  -1   0   0   1   2  -3  -1  -1  -3   1  -1    0  23   3  12   0   6   6   0   3   2  10   5   5  11   0   3   3   0   4   2  0.23 0.19
  140 V     1  -1   1  -1  -2  -1  -2   1   3   1  -1  -2   0  -1  -3  -1   0   1  -2   2   15   3   9   3   0   3   0  11   9   6   4   0   2   3   0   0   4   2   0  25  0.15 0.17
  141 L    -2  -1  -3  -4  -3  -3  -3  -4  -3   2   4  -1   2  -2  -3  -1   0  -3  -3   1    1   4   0   1   0   0   1   1   0  11  53   4   6   0   1   5   5   0   0   8  0.52 0.28
  142 F    -1  -4  -4  -4  -3  -3  -4  -2  -3   1   2  -4   2   6  -4  -3  -2  -2   1   0    4   1   1   1   0   1   1   4   0   8  19   1   5  44   1   1   3   0   2   5  0.72 0.30
  143 R    -3   5  -1  -2  -1   0  -1  -2   1  -2  -3   2  -1  -3  -3   0  -2   8  -2  -3    1  32   3   2   1   3   3   2   4   3   2  10   1   0   1   6   2  22   0   1  0.82 0.34
  144 V     1  -2  -2  -2   4  -2  -2  -2  -2   1   1  -2   2  -1   2  -1   1  -2  -2   1   12   1   0   1  11   0   1   1   0  12  12   1  11   0  12   1  12   0   0  12  0.19 0.09
  145 K     0   3   0   0  -2   0   1   1   1  -2  -2   1  -2  -2  -2   2   0  -1  -2  -2    3  18   2   3   0   1  10  10   5   1   5   7   0   1   1  26   3   1   1   1  0.21 0.11
  146 C    -2  -4  -4  -4  10  -4  -4  -4  -4   0  -3  -4  -3  -4  -4  -1  -1  -4  -4   0    1   1   0   1  70   0   1   1   0   7   1   1   0   0   1   6   2   0   0   7  1.91 0.41
  147 Q    -2  -2  -1   1  -4   2   6  -2  -2  -4  -3  -1  -3  -1  -2   1  -2  -3  -3  -3    2   1   1   6   0   7  61   1   0   1   1   1   0   4   1  12   1   0   0   1  0.83 0.27
  148 S     4  -2  -2  -2  -2  -2  -2  -1  -1  -3  -3   0  -2  -3   0   3  -1  -3  -3  -2   49   1   1   1   0   1   1   2   1   1   1   5   0   1   4  29   1   0   0   1  0.56 0.22
  149 G    -1  -3   1  -2  -3  -3  -3   6  -3  -4  -4  -3  -3  -4  -3  -2  -3  -3  -4  -4    1   1   7   1   0   1   1  80   0   1   1   1   0   1   1   1   1   0   0   1  1.33 0.30
  150 T    -2  -3  -2  -2  -2  -2  -2  -3  -3  -2  -2  -2  -2   2  -2   0   6  -3  -2  -1    1   1   1   1   0   1   1   1   0   1   1   1   0  10   1   4  73   0   0   2  0.99 0.31
  151 Y    -3  -3  -3  -4  -3  -3  -3  -4  -1  -3  -3  -3  -3   1  -4  -3   0   0   9  -3    1   1   1   1   0   1   1   1   0   1   1   1   0   1   1   1   7   0  79   1  1.73 0.40
  152 I    -1  -3  -3  -3  -2  -3  -3  -4  -3   5   1  -3   3  -1  -3  -3  -2  -3  -2   3    4   1   1   1   0   1   1   1   0  45   8   1   9   1   1   1   1   0   0  24  0.61 0.21
  153 R    -3   8  -2  -3  -4  -1  -2  -3  -2  -4  -3   0  -3  -4  -3   0  -3  -4  -3  -4    1  82   1   1   0   1   1   1   0   1   1   1   0   1   1   6   1   0   0   1  1.50 0.40
  154 K    -2  -1  -2  -2  -3  -1  -1  -3  -2  -2  -2   4  -2  -3  -2   1   5  -3  -3  -1    1   1   1   1   0   1   1   1   0   1   3  34   0   1   1  10  40   0   0   5  0.61 0.27
  155 L    -2  -3  -4  -4  -3  -3  -3  -4  -2   1   5  -3   2   1  -3  -3  -2   0   0   0    1   1   1   1   0   1   1   1   1   5  68   1   5   5   1   2   1   1   3   2  0.71 0.25
  156 C    -1  -4  -4  -4  10  -4  -4  -4  -4   0  -2  -4  -3   1  -4  -2  -3  -3  -2   0    5   1   1   1  66   1   1   1   0   6   2   1   0   6   1   2   1   0   1   5  1.75 0.42
  157 E    -2   0  -1   0  -3  -1  -1  -3   6   0  -2  -2  -1   1  -3  -2   0   0   2   3    2   4   1   6   0   2   3   1  26   2   1   1   1   6   1   1   7   1   6  27  0.38 0.20
  158 D    -3  -2   1   6  -4   0  -1  -3   7  -4  -4  -2  -3  -4  -3  -2  -3  -4  -2  -4    1   1   5  48   0   3   1   1  32   1   1   1   0   1   1   1   1   0   0   1  1.22 0.36
  159 I    -2  -3  -4  -4  -2  -3  -4  -4  -3   4   3  -3   3   1  -3  -3  -2  -3  -2   1    2   1   0   1   0   0   1   1   0  36  34   1   9   6   1   1   1   0   0   5  0.59 0.22
  160 G    -1  -4  -2  -3  -1  -3  -4   7  -4  -5  -5  -3  -4  -4  -4  -2  -3  -4  -4  -4    2   1   0   1   1   0   1  88   0   1   1   1   0   0   1   1   1   0   0   1  1.68 0.42
  161 E    -2   0  -2   0  -3  -1   2  -3  -2   0   3  -1   1   1  -3  -2  -2  -2   1  -1    1   5   2   4   0   1  20   1   0   4  42   3   2   7   1   2   1   0   4   2  0.27 0.16
  162 A     2  -1  -2  -3  -2  -1  -2  -2  -2   2   2  -1   1   0  -2  -1  -1  -2   0   2   25   2   1   1   0   2   1   1   1  12  25   3   2   3   1   1   1   0   3  15  0.20 0.13
  163 L    -2  -1  -4  -4   0  -3  -3  -4  -3   1   5  -3   3  -1  -3  -2  -1  -3  -2   0    3   3   0   1   2   0   1   1   0   3  68   1   6   0   1   2   3   0   1   4  0.69 0.26
  164 G    -2  -2  -1  -3  -2  -3  -3   7  -3  -4  -4  -2  -4  -4  -3  -2  -3  -4  -4  -3    1   2   3   1   1   0   1  83   0   1   2   1   0   0   1   1   1   0   0   1  1.48 0.38
  165 T    -1  -1  -3  -3   6  -2  -3  -3  -1   0  -2   0   0  -3   0  -1   3  -3  -1   3    2   3   0   1  20   0   1   1   2   3   1   5   2   0   4   3  20   0   2  31  0.45 0.22
  166 S    -1  -2   0  -1  -2  -3  -2   6   0  -4  -4  -1  -4  -4  -1  -1  -3  -4  -4  -4    1   1   5   3   1   0   3  70   3   0   1   4   0   0   2   3   1   0   0   1  1.07 0.31
  167 A     5  -2  -3  -3   0  -2  -3   3  -3  -2  -3  -2  -2  -4  -3   0  -2  -4  -3   0   57   2   0   0   2   0   1  23   0   2   1   0   0   0   0   2   0   0   0   7  0.68 0.28
  168 H    -2  -2   2  -2  -4   3   0  -3   8  -3  -4  -2  -3  -2  -3  -1   0  -3   2  -3    1   1  10   0   0  12   5   0  50   1   1   1   0   1   0   3   5   0   5   2  1.10 0.36
  169 M    -3  -4  -4  -5  -4  -3  -4  -4  -4  -1   2  -4  10  -2  -4  -4  -3  -3  -1  -2    1   0   0   1   0   0   1   1   0   0  12   1  78   0   0   1   1   0   2   1  1.92 0.52
  170 Q     0   1  -1  -2  -3   3   0   2  -1  -1   0   0  -1  -2  -1   0   0  -3   0  -1    8   8   0   1   0  24   4  16   0   5   9   5   0   1   2   7   4   0   3   3  0.18 0.12
  171 E    -1  -2  -1   2  -4   1   6  -3   3  -4  -4  -1  -3   0  -2  -2  -3  -4  -3  -4    3   0   1  10   0   3  61   2   8   0   1   1   0   5   1   1   1   0   0   1  0.92 0.31
  172 L    -3  -4  -4  -5  -3  -4  -4  -5  -4   1   6  -4   0  -1  -4  -4  -3  -3  -3  -1    1   0   0   1   0   0   1   1   0   6  86   1   0   0   0   1   1   0   0   1  1.16 0.35
  173 R    -3   7  -2  -3  -4  -1  -2  -4  -1  -2  -2   0  -3  -4  -4  -3  -2  -4  -3  -2    1  80   0   1   0   0   1   1   1   3   4   2   0   0   0   1   3   0   0   2  1.46 0.41
  174 R    -3   8  -3  -3  -5  -1  -2  -4  -2  -5  -4   1  -3  -4  -4  -3  -3  -4  -4  -4    1  85   0   1   0   0   1   1   0   0   1   6   0   0   0   1   1   0   0   1  1.75 0.46
  175 T    -1  -3  -1  -2  -1  -2  -3  -3  -3   2  -1  -2  -1  -3  -3   0   5  -4  -3   3    2   0   2   2   1   0   1   1   0  14   2   1   0   0   0   5  42   0   0  24  0.53 0.24
  176 K     1   6  -2  -3  -4   0  -2  -1  -2  -2  -3   2  -1  -4  -3  -1  -2  -4  -3  -2   11  53   0   1   0   2   1   6   0   3   1  13   2   0   0   4   1   0   0   1  0.73 0.26
  177 S     0  -3  -2  -3  -3  -1  -3  -3  -3  -2  -3  -3  -3   1  -3   5   4  -4  -3   1    6   0   0   0   0   2   0   0   0   1   0   0   0   6   0  50  24   0   0  11  0.70 0.33
  178 G    -1  -4  -2   0  -5  -4  -3   7  -4  -6  -6  -4  -5  -5  -4  -1  -1  -5  -3  -4    3   0   1   6   0   0   1  80   0   0   0   0   0   0   0   3   4   0   1   1  1.46 0.41
  179 C     0  -1   3  -1   1   0  -1  -1  -1   1  -2  -1  -2  -3   5  -1  -1  -4  -3   0    6   3  18   2   3   3   3   4   1  11   1   1   0   1  28   3   3   0   0   8  0.42 0.18
  180 F    -4  -4  -3  -5  -2  -1  -4  -5  -1   2   2  -4   3   7  -5  -3  -2  -2   1  -1    0   0   1   0   1   3   0   0   2  11  19   1   7  50   0   1   2   0   2   1  0.89 0.31
  181 E    -1   0   0   3  -1   2   0   0   0  -3  -2   0  -3  -3  -3   2   3  -4  -2  -3    1   4   3  21   1  10   1   6   2   1   3   4   0   1   0  21  20   0   1   0  0.33 0.19
  182 E    -3  -3  -2   3  -2  -1   7  -3  -3  -1  -3  -2  -4  -5  -4  -3  -3  -5  -5  -4    0   0   0  16   1   0  74   2   0   5   3   0   0   0   0   0   0   0   0   0  1.32 0.45
  183 K    -1   1   2   5  -4  -1   1  -2  -1  -3  -4   1  -3  -5  -3   0   0  -5  -3  -4    4   6   9  45   0   1   6   1   1   1   0  11   1   0   0   7   6   0   1   0  0.66 0.25
  184 D    -3  -2   3   5  -2  -1   3  -2   1  -4  -4   0  -2  -5  -3   0   0  -5  -3  -3    0   1  17  34   1   1  19   2   4   1   0   4   1   0   0   6   7   0   0   2  0.66 0.28
  185 A     1  -3   0  -4   3  -3  -4  -3   0   0   4  -3   4  -2  -3  -1   0  -1  -3  -1   13   0   5   0   6   0   0   1   2   3  43   0  15   0   0   5   5   1   0   2  0.47 0.26
  186 V    -2  -3  -4  -4   0  -4  -4  -5   3   1   1  -4   0  -1  -5  -2  -2  -4   0   5    1   1   0   0   2   0   0   0   8   6  10   0   2   2   0   3   1   0   3  60  0.77 0.35
  187 Y    -2   0  -1  -2  -4  -3  -3  -4  -4  -3  -4  -2  -2   0  -2   1   7  -5  -1  -3    1   4   2   1   0   0   0   0   0   1   0   2   1   4   2   9  72   0   2   0  1.19 0.49
  188 L     0  -4  -5  -6  -1  -4  -5  -4  -5   0   5  -4   6  -1  -5  -4  -2  -4  -3  -1    7   0   0   0   1   0   0   1   0   1  65   0  22   1   0   0   2   0   0   1  1.12 0.43
  189 Q    -3  -2  -2  -2  -6   5   1  -5   9  -6  -4  -3  -4  -5  -3  -3  -3  -5  -1  -5    2   1   1   1   0  29   9   0  52   0   1   0   0   0   1   1   1   0   1   0  1.67 0.55
  190 D    -3  -3  -1   7  -6   1   3  -3  -3  -6  -6  -2  -3  -6  -2  -3  -2  -6  -5  -6    2   1   1  68   0   5  19   1   0   0   0   0   1   0   1   0   2   0   0   0  1.52 0.50
  191 L    -2  -3  -5  -6  -2  -4  -5  -6  -5   2   4  -4   0   2  -5  -4  -3  -4  -3   4    1   1   0   0   1   0   0   0   0   9  47   0   0   7   0   0   0   0   0  34  0.84 0.33
  192 L     1  -1  -2  -3  -2   0  -1  -3  -2   1   2   1   2  -1  -3   0   1  -1  -1   1   12   2   0   0   0   3   3   0   0   6  29  10   5   1   0   8   8   1   1   9  0.15 0.13
  193 D    -3  -2  -1   8  -6  -1   2  -3  -4  -6  -6  -3  -5  -6  -3  -3  -4  -6  -3  -6    2   1   1  79   0   2  11   1   0   0   0   0   0   0   1   0   0   0   1   0  1.76 0.54
  194 A     6  -2  -4  -4  -2  -2  -3  -1  -4  -4  -4  -3  -4  -5  -2   0  -3  -5  -2  -3   85   2   0   0   1   1   1   3   0   0   0   0   0   0   1   3   0   0   1   0  1.34 0.50
  195 Y    -2  -2  -3  -4  -1   3  -2  -3  -1   0   2   0   3   1  -2  -3  -2  -2   5   1    3   1   1   0   1  17   0   1   1   2  21   5   8   4   1   0   0   0  21  11  0.40 0.24
  196 V     2  -3  -3  -3  -2  -2  -1  -3   3  -1  -3  -3  -1   0  -4  -2  -1   8   4   1   21   0   0   1   1   1   4   1   8   4   1   1   2   2   0   2   3  20  19  11  0.71 0.30
  197 F    -1   0  -3  -2  -2  -1  -1  -3  -2   1   2  -2   2   4  -3  -2  -1   0   0   1    5   7   0   2   1   2   4   1   1   9  19   2   5  24   1   1   2   1   2  11  0.27 0.17
  198 W     0  -2  -4  -5  -3  -3  -4  -3   0  -4  -1  -4  -1   1  -4  -1  -2  10   6  -4    7   2   1   1   1   1   1   2   2   1   5   1   2   4   1   4   2  35  28   1  1.50 0.50
  199 K     0   3  -1   3  -4   0   1  -3  -2  -2  -2   3  -2  -4  -3  -1  -1  -4  -3  -2    9  21   1  22   0   2   7   0   0   2   5  22   1   0   0   2   3   0   0   2  0.46 0.26
  200 E    -1  -1   4   1   0   1   4  -3   1  -4  -4   0  -3  -4   0  -1   0  -4  -4  -3    5   1  20   5   2   6  35   1   3   0   1   6   0   0   4   4   6   0   0   1  0.56 0.36
  201 D    -1   1   1   2   1   0   2   0   2  -2  -1   0  -1  -1  -2   0   1  -3   1  -2    2   7   5  15   3   4  13   6   6   1   7   4   1   2   1   4  13   0   6   1  0.16 0.15
  202 G    -1   1   0   1  -2  -1  -2   5   0  -5  -4   3  -2  -5  -3  -2  -3  -5  -4  -5    3   7   4   9   1   1   1  44   2   0   1  20   1   0   1   1   1   0   0   0  0.73 0.41
  203 D    -4   0   2   7  -5  -2   1  -4  -1  -2  -4   0  -5  -5  -4  -2  -3  -1  -3  -3    0   5   8  60   0   1   6   0   1   3   2   5   0   0   0   3   1   1   1   1  1.17 0.56
  204 E    -2  -1  -1   2  -5   0   6  -2  -1  -3  -4  -1  -4  -5   1  -1  -1  -5  -4  -3    2   2   2  12   0   2  53   3   1   1   2   2   0   0   8   4   3   0   0   2  0.88 0.49
  205 E     0   0  -1   2  -3  -1   2   0   0  -3  -4   0  -3  -2  -3   3   2  -4  -3  -2    6   4   1  10   0   1  16   7   2   1   0   5   0   2   0  27  14   0   0   3  0.34 0.29
  206 E    -1  -1  -4  -3  -2  -1  -1  -4   1  -3   1  -1  -1   1   2  -3  -2   2   6  -1    7   3   0   1   1   2   5   1   3   0  13   5   1   5  10   1   1   3  33   4  0.54 0.36
  207 L    -4  -5  -6  -6  -4  -5  -5  -6  -5   2   6  -5   1   1  -5  -2  -4  -4  -4  -1    0   0   0   0   0   0   0   0   0   8  78   0   2   4   0   4   0   0   0   2  1.33 0.62
  208 R    -3   7  -2  -1  -2   0  -1  -5  -3  -5  -2   1  -2  -3  -5  -1  -3  -6  -2  -3    2  65   1   3   1   3   4   0   0   0   5   5   1   1   0   4   1   0   2   2  1.25 0.64
  209 R    -1   4  -1   1  -2   0   1  -1   2  -5  -3   3  -3  -4  -1   0  -1  -5  -1  -4    4  28   2   7   1   3  11   3   5   0   2  20   0   0   3   6   3   0   2   0  0.49 0.33
  210 V     0  -4  -4  -5   1  -4  -4  -2   1   3  -1  -1   3  -1  -4  -3  -1  -4   0   4   10   0   0   0   4   0   0   4   4  17   3   3  10   2   0   1   2   0   3  37  0.53 0.33
  211 I    -4  -5  -6  -6  -4  -5  -5  -6  -5   6   1  -5   1   1  -5  -5  -2  -5  -4   4    0   0   0   0   0   0   0   0   0  48   8   0   3   5   0   0   2   0   0  32  1.19 0.51
  212 K    -1   2  -2  -1  -3   1  -1  -2   0   1   1   1   2  -1  -1   0  -1  -3   1  -1    3  11   1   4   0   7   1   2   3   9  19  11   7   1   3   7   1   0   6   3  0.12 0.15
  213 P    -4  -5  -2  -1  -6  -1  -2  -6  -5  -6  -6  -5  -6  -7   8  -1  -5  -7  -6  -6    0   0   2   3   0   3   2   0   0   0   0   0   0   0  83   5   0   0   0   0  2.49 0.88
  214 M     1  -3  -5  -5  -1  -3  -4  -3  -5   2   3  -4   5  -2   1  -2  -3  -4  -4   1   14   1   0   0   1   1   0   2   0  11  32   0  19   1   6   3   0   0   0  11  0.57 0.36
  215 E    -3  -4  -1   1  -7  -2   7  -3  -4  -6  -5  -2  -6  -7  -1  -2  -2  -7  -6  -3    1   0   3   6   0   0  77   2   0   0   1   1   0   0   3   1   2   0   0   2  1.62 0.74
  216 Y     0   3   0  -1  -2   1   0  -2   0  -1  -1   1   0   1  -3   0   0  -1   2   0    9  18   4   3   1   6   7   1   2   2   6   6   2   8   0   6   4   0   9   6  0.13 0.14
  217 G     4  -4  -4  -5   0  -4  -4  -1  -5   1   3  -4   0  -3  -4   0  -2  -5  -4  -1   39   0   0   0   2   0   0   5   0   8  33   0   2   0   0   8   1   0   0   2  0.64 0.40
  218 L    -1  -5  -1  -6  -4  -5  -5  -6  -5   0   5  -5   0   1  -5  -4  -1  -4  -3   3    4   0   4   0   0   0   0   0   0   4  59   0   1   7   0   1   3   0   0  18  0.90 0.44
  219 R     0   0  -1   0   3   0   1  -1  -2   0  -2  -1  -2  -4  -1   1   3  -4  -3   1    7   6   1   5   8   2  13   3   1   4   1   3   0   0   2  12  19   0   0  12  0.20 0.18
  220 H    -2  -2   2   1  -5  -2   1   2   7  -4  -4  -2  -4   1  -2   0   0  -5  -1  -4    1   1   8   9   0   1   8  15  30   0   1   2   0   6   2   7   7   0   1   0  0.62 0.34
  221 L    -4  -4  -4  -4  -4  -4  -3  -5   4   2   4  -3   2   1  -5  -3  -3  -3   4  -1    0   0   0   1   0   0   1   0  12   9  45   1   6   6   0   1   1   0  15   2  0.75 0.36
  222 K    -2  -2  -3  -5  -6  -1  -4  -4  -5  -6  -6   5  -5  -7   7  -2  -4  -7  -6  -6    2   1   1   0   0   3   0   1   0   0   0  31   0   0  59   2   0   0   0   0  1.86 0.68
  223 K    -2   5  -3  -1  -5  -1  -2  -3  -1  -4  -4   5  -4  -4  -1   0  -2  -2  -4  -3    3  39   0   3   0   1   1   1   1   1   1  35   0   1   2   6   2   1   0   1  0.93 0.44
  224 V    -3  -6  -6  -6  -2  -5  -6  -6  -6   6   1  -5  -1  -3  -6  -5  -3   2  -1   5    1   0   0   0   0   0   0   0   0  43   9   0   1   0   0   0   0   3   2  41  1.24 0.50
  225 V    -2  -3  -5  -5  -4  -3  -1  -5  -4   4  -1  -3   1   0  -5  -3   1   4   1   4    1   1   0   0   0   1   4   0   0  22   2   1   4   3   0   0  11   6   6  39  0.68 0.36
  226 V    -3  -6  -6  -6  -4  -5  -6  -6  -6   6   0  -5   2  -3  -6  -5  -3  -6  -4   5    1   0   0   0   0   0   0   0   0  41   5   0   5   0   0   0   0   0   0  47  1.40 0.54
  227 K     1   4  -1   0  -5  -2  -2  -4  -1  -5  -3   6  -3  -4  -3  -1  -3  -6  -4  -5   15  20   2   4   0   0   1   1   1   0   3  50   0   1   1   2   0   0   0   0  0.94 0.46
  228 D    -1  -2   0   7  -6  -3   0  -4  -4  -6  -6  -3  -6  -5   2  -1  -1  -7  -4  -6    4   3   2  66   0   0   4   0   0   0   0   1   0   1  11   4   3   0   1   0  1.45 0.57
  229 S    -1  -3   0  -1  -4  -3  -2  -1  -4  -5  -5  -3  -3  -6  -4   6   3  -6  -5  -5    2   1   5   2   0   0   2   5   0   0   1   1   0   0   0  64  18   0   0   0  1.16 0.57
  230 A     6  -2  -5  -5   2  -4  -4  -3  -5  -5  -5  -4  -4  -6  -4   1   1  -6  -5  -4   80   2   0   0   4   0   0   0   0   0   0   0   0   0   0   7   7   0   0   0  1.51 0.65
  231 V     2  -5  -5  -6  -4  -2  -5  -5  -5   2  -1  -2  -1  -4  -5  -2  -3  -6  -4   6   17   0   0   0   0   1   0   0   0  10   3   2   1   0   0   2   0   0   0  64  1.08 0.49
  232 D    -2   2   5   5  -3  -2   1  -3   0  -5  -5   1  -4  -5  -4   0  -2  -6  -2  -5    3  12  29  29   1   0   9   0   2   0   0   8   0   0   0   5   1   0   1   0  0.82 0.38
  233 A     5  -1   1  -3  -3   0   1  -2  -4  -4  -4  -3  -4  -5  -2   1  -1  -5  -4  -3   61   3   6   0   0   3   9   2   0   0   0   0   0   0   2  10   3   0   0   0  0.86 0.45
  234 I    -2  -5  -6  -6  -4  -5  -5  -6  -6   5   1  -5   0  -2  -5  -4  -3  -5  -4   5    2   0   0   0   0   0   0   0   0  39  11   0   1   0   0   1   0   0   0  45  1.20 0.47
  235 C     3  -5  -5  -6   9  -5  -4  -4  -5  -2  -1  -2  -2  -5  -5  -2  -1  -2  -5  -1   30   0   0   0  50   0   1   0   0   2   5   2   1   0   0   2   4   1   0   3  1.62 0.58
  236 H    -3  -2   2  -3  -4   0   0  -5   8  -5  -5  -2  -2  -1  -5  -1  -1  -3   6  -5    1   1   8   1   0   3   6   0  36   0   0   2   1   1   0   5   3   0  30   0  1.28 0.52
  237 G    -3  -5  -4  -5  -6  -5  -5   8  -5  -7  -7  -5  -6  -6  -5  -4  -5  -6  -6  -6    0   0   0   0   0   0   0  97   0   0   0   0   0   0   0   0   0   0   0   0  2.39 0.71
  238 A     6  -4  -4  -4  -3  -2  -4  -1  -4  -4  -2  -3  -4  -5  -4   2  -3  -5  -5  -2   73   0   0   0   0   2   0   4   0   0   4   0   0   0   0  15   0   0   0   1  1.21 0.53
  239 D    -1   0   0   2  -4   1  -2  -2  -1  -4  -4   4  -2  -5   4   0  -1  -5  -1  -3    4   3   4  14   0   6   0   2   1   0   0  28   1   0  24   6   3   0   2   2  0.60 0.30
  240 V    -3  -5  -5  -6  -3  -4  -5  -6  -5   2   5  -5   1  -1  -5  -4  -1  -4  -3   3    1   0   0   0   0   0   0   0   0  11  60   0   2   1   0   0   2   0   0  22  1.00 0.41
  241 Y     3  -4  -2  -4  -2  -1  -4  -3   0  -3  -1  -3   6  -1  -4  -1  -1  -3   6  -3   30   0   2   0   0   2   0   2   2   0   4   0  22   1   0   4   4   0  27   0  0.81 0.42
  242 V     3  -2  -4  -4  -3  -3  -3  -1  -3   3   1  -3  -1  -3   1  -2  -2   2  -3   2   30   2   0   0   0   0   0   4   0  17  17   1   1   0   7   2   0   4   0  16  0.37 0.24
  243 R    -2  -2  -3  -4  -5  -2  -3   1  -5  -5  -5  -2  -4  -6   8  -1  -3  -6  -6  -1    3   2   1   0   0   2   1  10   0   0   0   2   0   0  68   4   1   0   0   5  1.75 0.60
  244 G    -2  -5  -3  -4  -5  -5  -5   7  -5  -6  -6  -4  -5  -6  -5  -3  -2  -5  -6  -3    2   0   0   0   0   0   0  90   0   0   0   0   0   0   0   0   2   0   0   2  2.08 0.66
  245 I    -3  -5  -5  -5  -3  -5  -5  -3  -5   5   2  -5  -1  -3  -5  -4  -3  -5  -4   5    1   0   0   0   0   0   0   2   0  29  18   0   0   0   0   0   0   0   0  47  1.06 0.43
  246 A     1  -2  -4  -4   0  -3  -3  -3  -2   2   3  -1   0   0  -4  -1  -1  -4  -3   2   12   2   0   0   1   0   0   1   1  11  38   5   1   3   0   6   1   0   0  16  0.35 0.23
  247 K     2   4  -2   0  -4   0   1  -1  -2  -3  -2   2   0  -4  -1   0  -2  -4  -2  -2   18  29   0   6   0   3   7   4   0   1   2  12   3   0   3   8   1   0   1   2  0.38 0.25
  248 L    -1  -3  -4  -4  -2  -3  -4  -3  -2   2   2  -1   0   4  -4  -3  -2  -2   4   1    5   1   0   0   1   0   0   2   0  13  19   4   1  19   0   1   2   0  19  12  0.49 0.26
  249 S    -1  -2  -1   4  -4   0   4  -3   0  -2  -4  -1  -3  -4   1   1   1  -5  -3  -2    4   0   1  26   0   3  29   1   2   3   0   3   0   0   6   9   9   0   1   2  0.55 0.30
  250 K     0  -1   1   3  -3   0   1   1  -2  -4  -3   1  -1  -4   1   1   0  -4  -3  -3    8   3   7  23   0   4   7  11   0   0   2   8   2   0   6  13   5   0   0   1  0.31 0.19
  251 G    -1  -2   3   4  -3  -1   1   3  -2  -4  -4  -1  -3   0   0  -1  -1  -4  -3  -4    4   1  17  23   0   2   8  25   0   0   1   3   0   4   4   2   3   0   0   1  0.50 0.26
  252 I    -1  -5  -5  -4  -4  -4  -5  -5  -4   5   1  -4  -1   4   2  -4  -3  -4  -1   1    5   0   0   0   0   0   0   0   0  46   8   0   1  18  10   0   1   0   2   9  0.82 0.37
  253 G    -1   1   0   2  -4   2   3  -1  -1  -4  -3   2  -1  -2  -2   0  -1  -4  -3  -3    5   7   3  11   0   7  26   5   1   0   2  17   2   2   1   7   3   0   0   1  0.37 0.22
  254 K    -1   2  -1   0  -1   0   1  -3  -1   0   0   3   0  -3   0  -1  -1  -3  -3   1    5  12   1   5   1   2  10   0   1   4  10  25   2   0   4   2   3   0   0  12  0.20 0.17
  255 G    -2  -3   3   2  -5  -3  -1   6   0  -5  -4  -2  -5  -1  -3  -2  -3  -5  -3  -5    1   0  18  10   0   0   3  54   3   0   2   2   0   3   1   1   1   0   1   0  0.98 0.41
  256 E     0  -2   0   5  -5   3   3  -3  -2  -5  -5   0  -2  -4   0   1  -2  -5  -4  -4    7   1   2  33   0  12  22   1   0   0   0   4   1   0   4  10   2   0   0   0  0.69 0.34
  257 T    -2   1  -1  -1  -4   0   3  -4  -3   0   3  -2   2  -1  -3  -2   1  -4  -2   0    1   9   2   2   0   3  22   0   0   6  30   1   5   2   0   1  11   0   1   4  0.31 0.24
  258 V    -1  -5  -6  -6  -2  -5  -5  -6  -6   3  -1  -5  -1  -4  -2  -4  -2  -5  -4   6    3   0   0   0   1   0   0   0   0  16   3   0   0   0   3   0   1   0   0  71  1.36 0.54
  259 L     5   1  -4  -4   1  -3  -4  -1  -4  -1  -1  -3  -1  -4  -4  -1  -1  -5  -3   3   47   8   0   0   3   0   0   4   0   1   3   0   1   0   0   2   2   0   1  27  0.67 0.38
  260 V    -3  -4  -4  -5   5  -4  -4  -5  -4   4   3  -4   2  -1  -4  -3  -3  -4  -2   3    1   0   1   0  15   0   0   0   0  24  26   0   4   2   0   1   0   0   1  23  0.76 0.33
  261 E    -3  -3  -2  -4   0  -2  -2  -4   0   2   1  -3   5   3  -4  -3  -2  -2   4   1    0   0   2   0   2   2   2   0   3  13  13   1  20  12   0   1   2   0  16   9  0.52 0.28
  262 T    -2  -4  -3  -2  -4  -3  -4  -2  -4  -3  -4  -3  -4  -4  -4   2   7  -5  -4  -3    1   0   0   2   0   0   0   3   0   1   1   0   0   1   0  15  73   0   0   0  1.45 0.60
  263 L    -1  -3  -2  -2  -3   1   1  -1  -2  -2   2  -2  -1  -3   3  -1   3  -1  -1  -2    4   0   0   2   0   6  11   4   1   0  22   0   1   0  17   2  25   1   2   1  0.36 0.24
  264 K    -3   1   1   3  -4  -1  -1  -3  -3  -4  -4   6  -2  -5  -3  -1  -1  -5  -4  -3    1   4   5  15   0   2   1   1   0   1   1  59   1   0   0   4   2   0   0   1  0.98 0.41
  265 G    -3  -1   2   1  -5  -3  -2   6  -3  -5  -6  -2  -5  -5  -4  -3  -4  -5  -5  -5    0   3   9   7   0   0   2  72   0   1   0   3   0   0   0   0   0   0   0   0  1.40 0.49
  266 E     1  -1  -3  -1  -5   1   6  -4  -3  -5  -4  -1  -4  -5  -3  -1   0  -5  -4  -3   12   2   0   2   0   4  65   1   0   0   1   2   0   0   0   3   6   0   0   1  1.12 0.47
  267 A     5  -4  -4  -4  -3  -3  -4  -2  -4  -1   3  -4  -1   1  -4  -2  -3  -4  -3   0   48   0   0   0   0   0   0   3   0   2  33   0   1   6   0   0   0   0   0   4  0.72 0.38
  268 V    -3  -5  -5  -5  -3  -5  -5  -5  -5   5   1  -5  -1  -3  -5  -4  -3  -5  -4   6    0   0   0   0   0   0   0   0   0  32  11   0   0   0   0   0   0   0   0  54  1.21 0.46
  269 A     5  -4  -4  -4   7  -4  -4   2  -4  -4  -4  -4  -4  -5  -4   0  -3  -5  -4  -3   48   0   0   0  27   0   0  16   0   0   0   0   0   0   0   4   0   0   0   1  1.20 0.48
  270 V    -2  -4  -5  -5  -3  -4  -4  -5  -4   3   5  -4   1  -1  -4  -3   0  -4  -2   1    2   0   0   0   0   0   0   0   0  20  54   0   2   2   0   1   7   0   1   9  0.79 0.34
  271 G     3  -5  -4  -4  -1  -4  -5   6  -5  -4  -5  -4  -5  -5  -5  -2  -4  -5   0  -3   27   0   0   0   1   0   0  65   0   1   0   0   0   0   0   1   0   0   4   1  1.42 0.53
  272 K    -3   3  -1  -3  -4   0   2  -4  -2   3  -2   2  -2  -3  -3  -2   1  -2  -2   0    0  17   2   0   0   2  17   0   0  23   1  17   0   0   0   1  11   0   1   7  0.41 0.28
  273 A     5  -2  -4  -4  -2  -1  -3  -2  -4  -2   1  -3   2  -2  -1   1  -2  -5  -3  -1   59   1   0   0   1   3   0   1   0   1  12   0   6   2   2   8   1   0   0   3  0.73 0.40
  274 L    -2  -1  -2  -3  -3   2   0  -4  -3   0   3  -1   1  -2  -4  -2   0  -4  -3   3    2   2   2   1   0  12   5   0   0   1  38   3   3   0   0   2   6   0   0  21  0.38 0.26
  275 M     0  -4  -3  -4   0  -3  -3   2  -3   0   0  -3   8  -2  -4  -2  -2  -4  -1   2    6   0   1   0   2   0   1  16   0   3   6   1  43   1   0   2   1   0   2  15  0.85 0.42
  276 N    -1  -3   2   4  -3  -2  -1  -1  -3  -4  -4  -2  -4  -4  -1   3   4  -5  -4  -3    3   0  10  28   0   0   2   4   0   0   0   0   0   1   3  22  25   0   0   1  0.67 0.35
  277 T     1  -3  -2  -3  -2  -2  -1  -1  -3  -1  -3  -2  -3  -1   3   3   4  -2  -2  -2   10   0   0   0   0   0   2   4   0   3   1   1   0   3  14  25  32   0   1   1  0.55 0.31
  278 K     2   0   0   1  -2   1   2  -1   0  -2  -2   1  -1  -3   0   1   0  -2  -2  -1   18   3   5   8   0   7  15   4   3   1   2   7   1   1   3  11   4   1   1   6  0.16 0.11
  279 E    -1   1   0   2  -3   1   3  -2  -2  -2  -2   1  -2  -3  -2   0   0  -3  -2   1    5   6   3  12   0   6  27   3   0   1   2   6   0   1   1   5   7   0   1  14  0.27 0.16
  280 I    -2  -3  -3  -3  -3  -3  -3  -4  -3   5   1  -3   6   0  -3  -3  -2  -1  -1   1    3   1   2   1   0   1   1   1   0  40  12   1  21   4   1   1   1   1   2   6  0.69 0.29
  281 L     2  -1  -2  -1   1  -1   0  -2  -2   0   1   1   1   0  -2   1   0  -2  -1   0   21   3   1   3   3   2   4   1   1   4  13  10   6   4   1  14   4   0   2   4  0.09 0.10
  282 N    -1  -1   1   3  -1   0   0  -2  -1  -2  -2   1   0  -4   1   1   3  -4  -3  -2    3   2   6  22   1   4   5   2   1   2   3   8   2   0   6  10  22   0   0   2  0.31 0.21
  283 A     3  -3  -1  -4   6  -3  -2   1  -4  -1  -1  -1   2  -3  -4   0  -1  -3  -4   0   26   1   2   0  21   0   2  12   0   2   5   4   8   0   0   6   3   0   0   7  0.49 0.28
  284 D    -1  -2  -1   6  -5  -1   3  -3  -2  -5  -5   2  -4  -5  -1   0   0  -6  -5  -5    4   1   2  45   0   2  17   1   0   0   0  15   0   0   3   5   5   0   0   0  0.89 0.39
  285 K    -2   2  -1  -1  -4  -1   0  -3   7  -4  -4   3  -3  -4   0   2   0  -4  -1  -3    1  13   1   2   0   1   6   2  28   0   1  17   0   0   5  14   4   0   2   1  0.64 0.32
  286 G    -3  -1  -2  -3  -5  -4  -4   7  -4  -6  -6  -3  -5  -5  -4  -3  -4  -5  -5  -5    1   3   2   1   0   0   1  87   0   0   1   1   0   0   0   0   0   0   0   1  1.89 0.60
  287 V    -2  -3  -4  -3  -1  -2   0  -4  -2   4   2  -3   0  -1  -3  -2   0  -2  -1   3    2   1   0   0   1   2   7   0   1  29  18   1   1   2   1   1   7   0   2  23  0.40 0.23
  288 A     2  -5  -5  -6   1  -5  -5  -5  -6   2  -2  -5   0  -1  -5  -4  -3  -5  -4   6   18   0   0   0   2   0   0   0   0   9   0   0   2   3   0   0   0   0   0  66  1.18 0.51
  289 V     4  -5  -5  -5   2  -4  -4  -3  -5   1  -1  -4  -2   0  -4  -2  -2  -5  -4   5   40   0   0   0   4   0   0   1   0   5   3   0   0   4   0   1   1   0   0  40  0.83 0.43
  290 D     0   2   0   3  -5  -1   1  -3  -2  -3  -4   5  -4  -3  -2   0  -1  -5  -3  -3    7   9   3  19   0   1   6   1   0   1   1  39   0   1   2   6   3   0   0   1  0.59 0.32
  291 V    -2  -4  -4  -4  -3  -4  -4  -5  -4   3   2  -4   0   0   3  -2   2  -4  -3   2    3   0   0   0   0   0   0   0   0  22  22   0   1   3  14   2  18   0   0  14  0.54 0.30
  292 E    -3  -1  -1   2  -5   0   4  -3  -3  -3  -3   5  -3  -4  -4  -2   1  -5  -4  -2    0   2   2  12   0   1  28   1   0   1   2  38   0   1   0   2   7   0   0   3  0.75 0.39
  293 R    -2   8  -2  -5  -3  -2  -3  -5   0  -5  -4   2  -3  -6  -5  -2  -1  -6  -4  -4    3  75   1   0   0   0   0   0   2   0   1   8   1   0   0   3   5   0   0   1  1.65 0.62
  294 V    -4  -6  -5  -7   2  -6  -6  -7  -7   2  -2  -6  -2  -4  -6  -5  -3  -6  -5   7    0   0   0   0   4   0   0   0   0   8   1   0   0   0   0   0   0   0   0  86  1.80 0.66
  295 Y    -4  -5  -6  -6  -4  -5  -5  -6  -3   5   3  -5   1   4  -5  -5  -3  -4  -1   1    0   0   0   0   0   0   0   0   1  39  30   0   3  16   0   0   0   0   2   9  0.96 0.39
  296 M    -4  -5  -6  -7  -5  -3  -6  -6  -5   1   0  -5  10  -4  -6  -5  -4  -5  -5   3    0   0   0   0   0   1   0   0   0   8   3   0  72   0   0   0   0   0   0  16  2.18 0.73
  297 D    -1  -1   0   4  -5   0   5  -4  -2  -5  -3   1  -4  -5   0  -2  -2  -5  -4  -4    5   2   4  21   0   3  46   0   1   0   2   7   0   0   5   1   2   0   0   1  0.80 0.34
  298 R    -1   6  -3  -3  -5  -2  -2  -3  -2  -2  -4   2  -4  -5   5  -2  -1  -5  -4  -4    6  47   0   0   0   0   1   1   1   3   0   9   0   0  26   2   3   0   0   0  1.05 0.40
  299 G    -3  -4   2   6  -5  -3  -1   4  -4  -6  -6  -3  -5  -6  -4  -2  -3  -6  -5  -6    1   0   7  49   0   0   2  38   0   0   0   1   0   0   0   2   0   0   0   0  1.29 0.43
  300 T    -2  -3  -3  -4  -3  -3  -3  -4  -1   2   1  -3  -1  -3  -4  -1   6   1  -2   2    0   1   0   0   0   0   0   0   2  11  11   0   0   0   0   2  56   2   1  13  0.82 0.37
  301 Y    -5  -5  -6  -6  -6  -5  -2  -7  -2  -5  -5  -5  -5   0  -6  -5  -5  -1  10  -5    0   0   0   0   0   0   3   0   0   0   0   0   0   0   0   0   0   0  96   0  2.94 0.77
  302 P    -4  -4  -5  -3  -6  -3  -2  -4  -5  -6  -6  -4  -6  -7   9  -4  -4  -7  -6  -6    0   1   0   1   0   1   2   1   0   0   0   0   0   0  95   0   0   0   0   0  2.91 0.71
  303 R    -2   7  -3  -4  -6  -1  -2  -4  -3  -5  -5   5  -2  -5  -2  -1  -3  -5  -4  -5    1  58   0   0   0   1   0   0   0   0   0  35   1   0   2   3   0   0   0   0  1.40 0.44
  304 M    -2  -3  -4  -5  -3  -2  -4  -4  -3   2   1  -3   8   1  -4  -3  -2  -3  -2   1    0   0   0   0   0   0   0   0   0  10   5   0  70   5   0   0   0   0   0  10  0.98 0.22

                      K         Lambda
Standard Ungapped    0.1384     0.3189
Standard Gapped      0.0599     0.2670
PSI Ungapped         0.1959     0.3163
PSI Gapped           0.0599     0.2670
