
Last position-specific scoring matrix computed, weighted observed percentages rounded down, information per position, and relative weight of gapless real matches to pseudocounts
            A   R   N   D   C   Q   E   G   H   I   L   K   M   F   P   S   T   W   Y   V   A   R   N   D   C   Q   E   G   H   I   L   K   M   F   P   S   T   W   Y   V
    1 E    -2   4  -1   0  -5   2   3  -3   3  -4  -4   4  -3  -4  -3  -2  -2  -4  -3  -4    0  27   0   4   0  10  19   0   7   0   0  34   0   0   0   0   0   0   0   0  0.76 0.22
    2 R    -3  -3  -5  -5  -3  -4  -5  -6  -5   6   2  -4   6  -2  -5  -4  -3  -4  -3   0    0   1   0   0   0   0   0   0   0  51  20   0  26   0   0   0   0   0   0   2  1.13 0.34
    3 K    -4   7  -1  -4  -6   1  -2  -5  -1  -5  -4   3  -1  -5  -4  -3  -3  -5  -4  -5    0  75   2   0   0   5   0   0   1   0   0  14   2   0   0   0   0   0   0   0  1.59 0.42
    4 K    -3   4  -3  -3  -1   0  -2  -4  -1  -2  -4   6  -4  -2  -4  -3  -3  -5  -1  -3    0  21   0   0   1   3   0   0   1   3   0  64   0   2   0   0   0   0   3   1  1.19 0.40
    5 C    -4  -7   2  -6  11  -6  -7  -6  -6  -5  -5  -6  -5  -6  -7  -4  -4  -6  -6  -5    0   0   9   0  91   0   0   0   0   0   0   0   0   0   0   0   0   0   0   0  3.50 0.73
    6 P    -2   0  -2  -2  -2  -2  -1  -3  -4  -3  -2   0  -2  -5   6   2   1  -5  -4  -2    2   5   1   2   1   1   4   1   0   1   4   6   1   0  47  14   7   0   0   3  0.94 0.32
    7 K    -1   2   2   1  -4   1   1  -2   0  -3  -4   3  -3  -3  -3   2  -1  -5  -3  -2    2  11  11   8   0   5   8   1   2   1   0  24   0   1   0  20   2   0   0   3  0.41 0.21
    8 C    -4  -5  -4   5  10  -5  -4  -5  -5  -5  -5  -1  -5  -6  -5  -2  -2  -6  -6  -5    0   0   0  29  61   0   0   0   0   0   0   5   0   0   0   2   3   0   0   0  2.25 0.61
    9 G    -2   3   1  -2  -3   0  -1   4   1  -5  -5   3  -3  -3  -2  -1  -2   0  -2  -5    0  16   8   1   1   5   3  37   4   0   0  17   1   1   1   2   1   1   1   0  0.63 0.28
   10 L     0   3  -2  -3  -3   1   1  -3   0   3  -1   0  -1  -3  -3  -1   0  -2  -3   1    6  21   1   0   0   6  10   1   2  22   2   6   1   0   0   2   7   1   0  12  0.28 0.21
   11 Y    -6  -6  -6  -7  -7  -6  -6  -7  -3  -6  -5  -2  -5  -1  -7  -6  -6   3  10  -6    0   0   0   0   0   0   0   0   0   0   0   3   0   0   0   0   0   3  94   0  3.25 0.96
   12 T    -2  -5  -4  -5  -5  -4  -5  -5  -5  -5  -5  -4  -5  -6  -5   2   8  -6  -5  -4    3   0   0   0   0   0   0   0   0   0   0   0   0   0   0  11  86   0   0   0  2.08 0.77
   13 L    -4  -5  -4  -6  -4  -5  -6  -6  -6   1   6  -5   2  -1  -6  -4   0  -5  -4  -1    0   0   1   0   0   0   0   0   0   5  79   0   5   2   0   1   6   0   0   1  1.35 0.52
   14 K    -1   1  -1  -2  -6   1   0  -2  -2  -6  -4   6  -4  -2  -4   1  -2  -6  -3  -5    3   6   2   1   0   7   6   3   1   0   1  57   0   2   0  10   1   0   1   0  0.98 0.52
   15 E    -2  -1   0   3  -6  -1   2  -3  -1  -3  -3   5  -4  -4  -1  -1  -1  -6  -5  -4    2   1   4  20   0   1  14   1   1   1   2  41   0   1   3   3   3   0   0   1  0.75 0.44
   16 I    -1   0  -1  -2   0  -1   0  -4   0   2   0   1   0   0  -3  -1   2  -3  -1   3    4   6   2   2   2   2   5   0   3  14   5   8   2   5   0   3  14   0   2  23  0.17 0.18
   17 C    -1  -4  -1   2   9  -3  -3  -1  -1  -3  -2  -3  -1  -4  -3   0   0  -4  -4  -3    5   1   3  10  48   1   1   5   1   1   4   1   1   1   1   7   7   0   1   1  1.29 0.47
   18 P    -2  -4  -2   0  -5  -1  -1  -4  -1  -3  -4  -2  -4  -5   8  -1   0  -5  -5  -4    3   0   2   5   0   2   3   1   1   2   2   2   0   0  65   3   5   0   0   1  1.64 0.61
   19 K    -1   0   1   2  -3   0   2  -2   1  -1  -1   1   0  -2  -2   0  -1  -3   1   1    4   4   9  13   0   3  14   2   4   4   5  11   3   1   0   4   2   0   6  12  0.14 0.13
   20 C    -1  -2  -1  -1   9  -1  -1  -1  -1  -2  -2  -2  -2  -2  -2  -1  -2  -2  -2  -2    5   2   4   4  49   3   3   4   2   2   4   2   1   1   2   5   2   0   1   2  1.19 0.33
   21 G    -3  -2   0  -1  -6  -1  -2   7   0  -6  -3  -1  -5  -6  -5  -1  -4  -6  -6  -6    0   2   5   3   0   2   3  72   2   0   3   3   0   0   0   3   0   0   0   0  1.46 0.58
   22 E     1  -1  -1  -2  -1   1   3   3   0  -3  -3   1  -1  -5  -4   0  -1  -5  -4  -2   12   3   2   0   2   5  26  24   2   2   2   8   2   0   0   6   3   0   0   2  0.42 0.29
   23 K    -1  -1  -2   0  -1   0   2  -1   0  -1  -2   2  -1  -2   4  -1  -2  -5  -1  -1    5   2   1   5   1   4  14   4   2   3   5  13   1   2  26   2   1   0   2   6  0.38 0.24
   24 T     0  -5  -1  -5   3  -5  -5  -5  -5  -1  -1  -5  -4  -5  -1  -1   7   2  -5  -1    8   0   3   0   5   0   0   0   0   3   7   0   0   0   3   3  63   3   0   4  1.25 0.61
   25 V    -1   1  -2  -1   0   1   2  -2  -1   1   0   2   0   0  -3  -1  -1  -4  -1   1    2   6   1   1   3   8  17   3   1   9   8  13   2   4   0   5   3   0   2  12  0.13 0.15
   26 I    -1  -2   3  -2  -4  -2  -3  -3  -4   0  -3  -2   0  -3  -2   4   1  -6  -2   2    3   1  13   2   0   1   1   2   0   5   2   1   3   1   2  38   9   0   1  14  0.56 0.40
   27 P     5  -5  -1  -5  -4  -4  -4  -4  -5   1  -5  -4  -4  -6   4   1   0  -6  -5   0   45   0   2   0   0   0   0   0   0   7   0   0   0   0  22  11   6   0   0   6  0.97 0.51
   28 K     2  -2  -1  -2  -4  -1  -3  -3   8  -1  -3   0  -3  -2  -4   1  -3  -5   1  -3   19   1   1   1   0   1   0   1  44   4   2   7   0   1   0  11   0   0   4   2  0.99 0.39
   29 P    -4  -4  -4  -4  -5  -4  -4  -4  -4  -5  -5  -4  -5  -5   8  -3  -4  -5  -5  -5    1   1   0   1   0   0   1   1   0   1   1   1   0   0  90   1   1   0   0   1  2.72 0.63
   30 P     5  -4  -4  -4  -1  -2  -3  -3  -1  -4  -2  -3  -1  -5   4  -1   1  -5  -4  -2   55   0   0   0   1   2   0   0   1   0   3   0   2   0  23   1  10   0   0   1  0.99 0.41
   31 K    -4   6  -3  -4  -6   0   1  -5  -3  -6  -5   3  -4  -6   3  -3  -4  -6  -5  -5    0  52   0   0   0   2  10   0   0   0   0  20   0   0  15   0   0   0   0   0  1.32 0.45
   32 F    -3  -6  -6  -7  -5  -6  -6  -6  -4  -3  -2  -6  -3   8  -6  -5  -5   2   5   1    1   0   0   0   0   0   0   0   0   0   2   0   0  68   0   0   0   2  17  10  1.91 0.55
   33 S    -2  -4   0   1  -4   2  -3  -2  -4  -6  -6  -3  -5  -6  -4   6  -1  -6  -5  -5    0   0   3   7   0  10   0   2   0   0   0   0   0   0   0  77   1   0   0   0  1.41 0.55
   34 L    -4  -5  -5  -5  -6  -5  -5  -6  -6  -2  -3  -1  -5  -6   8  -4  -2  -7  -2  -3    0   0   0   0   0   0   0   0   0   3   3   4   0   0  85   0   2   0   1   2  2.50 0.64
   35 E    -1  -2  -1   5  -5   0   5  -3  -2  -3  -3  -1  -2  -5  -2  -2  -1  -6  -5  -2    4   1   2  32   0   2  42   1   1   1   2   2   1   0   1   1   4   0   0   3  0.88 0.34
   36 D    -5  -5   0   8  -7  -4   0  -5  -5  -7  -7  -4  -7  -7  -5  -4  -5  -8  -7  -7    0   0   2  93   0   0   4   0   0   0   0   0   0   0   0   0   0   0   0   0  2.50 0.65
   37 R    -2   3  -1  -2  -5  -1  -2  -4  -2  -4  -5   6  -4  -5   4  -2   0  -6  -4  -4    2  12   3   2   0   1   0   0   1   1   0  52   0   0  18   2   6   0   0   1  1.00 0.38
   38 W    -5  -2  -2  -6  -5  -4  -5  -6   2  -4  -2  -5   0   4  -6  -4  -4   4   8  -1    0   2   2   0   0   0   0   0   4   0   2   0   3  15   0   1   0   4  62   5  1.73 0.51
   39 G     1  -2  -2  -3  -4   2  -3   4  -3  -2  -3  -2  -1  -4  -4   3  -2  -1  -4   0   10   1   0   0   0  13   0  37   0   2   1   1   1   0   0  26   0   1   0   7  0.64 0.30
   40 K    -2   4  -3  -2  -5   1   3  -4  -2  -3  -4   4  -2  -4  -4  -2  -2  -4   1   0    2  26   0   1   0   3  19   1   0   1   1  33   0   0   0   0   1   0   5   8  0.72 0.32
   41 Y    -4  -4  -4  -5  -6   2  -1  -6   5  -2  -3  -4  -4   0  -4  -4  -4  -1   9  -4    1   0   0   0   0   9   3   0  12   3   1   0   0   2   1   0   0   0  69   0  1.90 0.58
   42 R    -5   8  -4  -5  -7  -2  -3  -6  -4  -7  -6  -1  -5  -6  -6  -4  -4  -6  -5  -6    0 100   0   0   0   0   0   0   0   0   0   0   0   0   0   0   0   0   0   0  2.60 0.67
   43 R    -3   6  -4  -4  -4  -2  -3  -5  -3   4   0  -1  -2  -2  -4  -3  -2  -2   0   1    0  46   0   0   0   0   0   0   0  30   9   0   0   1   0   0   1   1   4   8  0.84 0.32
   44 L     2   0  -2  -3  -3   0  -1  -3  -3   1   1   2   3  -2  -3  -1   1  -3  -3  -1   21   5   0   0   0   3   4   0   0  13  14  20  10   0   0   1   8   0   0   0  0.23 0.16
   45 K     0  -1  -1  -2   0  -1   0  -3  -3   1   3   0   3  -1  -3  -1   0  -2  -2   0    8   1   2   2   2   2   6   1   0   9  36   8  13   1   0   3   4   0   0   3  0.23 0.15
   46 R    -3   4  -3  -3  -5  -1  -1  -4  -3  -5  -5   7  -4  -3  -3  -3  -3  -5   0  -5    0  21   0   0   0   1   2   0   0   0   0  69   0   1   1   0   0   0   3   0  1.35 0.43
   47 A     0   1   0  -1  -3   2   2   0  -1  -1   0   1  -1  -2  -2   1   0  -3  -2   0    6   8   5   0   0  11  14   6   0   2   9  12   1   1   0  14   3   0   0   7  0.13 0.08
   48 L    -1   0  -1  -3  -2   0   0  -3  -2   0   2  -1   3   1  -3  -1  -1   4  -1   1    4   7   3   0   0   3   8   0   0   2  29   1  13   7   0   6   2   7   0   9  0.19 0.11
   49 K     0   0   0  -1  -3   0   2  -1  -1  -2  -1   4   0  -1  -2   1  -1  -3   1  -2    9   1   5   0   0   1  15   3   0   0   7  35   2   2   0  11   0   0   7   2  0.26 0.14
   50 N    -1   2   3   0   0   0   0   3  -1  -4  -4   1  -3  -4  -3   1  -1  -4  -3  -4    0  14  24   2   3   4   7  29   0   0   0   7   0   0   0   9   2   0   0   0  0.45 0.14
   51 K    -2   4  -1  -2  -4   0  -1  -3  -1  -4  -3   5  -2  -3  -2   1  -1  -4   0  -3    0  32   0   0   0   0   0   0   0   0   0  52   0   0   0  13   0   0   3   0  0.76 0.18
   52 N    -1  -1   5   0  -3   1  -1   2   0  -4  -4  -1  -2  -4  -2   1   0  -4  -3  -3    0   0  62   0   0   9   0  15   0   0   0   0   0   0   0  14   0   0   0   0  0.61 0.06

                      K         Lambda
Standard Ungapped    0.1400     0.3194
Standard Gapped      0.0541     0.2670
PSI Ungapped         0.1731     0.3075
PSI Gapped           0.0541     0.2670
