
Last position-specific scoring matrix computed, weighted observed percentages rounded down, information per position, and relative weight of gapless real matches to pseudocounts
            A   R   N   D   C   Q   E   G   H   I   L   K   M   F   P   S   T   W   Y   V   A   R   N   D   C   Q   E   G   H   I   L   K   M   F   P   S   T   W   Y   V
    1 K    -1   2   0   0  -4   3   3  -2   0  -3  -3   3  -1  -3  -1   0  -1  -3  -2  -3    0  11   0   0   0  23  24   0   0   0   0  42   0   0   0   0   0   0   0   0  0.50 0.03
    2 A     2  -1   4   0  -2  -1  -1  -1  -1  -3  -3  -1  -2  -3  -2   2   2  -4  -2  -2   34   0  39   0   0   0   0   0   0   0   0   0   0   0   0  14  13   0   0   0  0.43 0.09
    3 S     1  -2   0  -1  -2  -1  -1   2  -2  -3  -3  -1  -3  -3   4   3   0  -4  -3  -3    9   0   3   0   0   0   0  19   0   0   0   0   0   0  20  48   0   0   0   0  0.57 0.11
    4 S     0   2   1  -1  -2  -1  -1   1  -1  -1  -2   1  -2   0  -2   3   0  -2   3  -2    0  13   7   0   0   0   0  12   0   5   0   6   0   4   0  38   0   0  15   0  0.23 0.08
    5 I    -2  -4  -4  -4  -2  -3  -4  -4  -4   5   1  -3   0  -1  -3  -3  -1  -4  -2   4    0   0   0   0   0   0   0   0   0  57   0   0   0   0   0   0   0   0   0  43  0.69 0.14
    6 E    -1   0  -1   0  -3   1   3   0  -1  -1  -1   1  -1  -2  -2   2   1  -2   1  -2    0   3   0   0   0   4  32   5   0   4   6   9   0   0   0  23   9   0   6   0  0.23 0.07
    7 L    -1  -2  -3  -4  -2  -2  -3  -3  -2   2   2  -2   4   0  -3  -2   0  -1   3   1    5   0   0   0   0   0   0   0   0  19  20   0  23   0   0   0   6   0  17  11  0.31 0.08
    8 K     1   0   0   2  -2   0   3  -1  -1  -1  -2   1  -1  -3  -2   0   1  -3  -2   1   12   3   2  15   0   0  29   2   0   0   0   7   0   0   0   0  10   0   0  20  0.22 0.07
    9 F    -2  -3  -4  -4  -2  -3  -4  -4  -3   1   3  -3   1   5  -4  -3  -2  -1   1   0    0   0   0   0   0   0   0   0   0   8  40   0   3  42   0   0   0   0   2   5  0.57 0.11
   10 D    -2  -2   1   6  -4  -1   0  -2  -2  -4  -4  -1  -4  -4  -2   2  -1  -5  -4  -4    0   0   3  77   0   0   0   0   0   0   0   0   0   0   0  20   0   0   0   0  1.06 0.17
   11 R    -2   2   1  -1  -4   0   0  -2  -1  -4  -3   6  -2  -4  -2  -1   0  -4  -3  -3    0   7   5   0   0   0   0   0   0   0   0  83   0   0   0   0   4   0   0   0  0.82 0.17
   12 N     0  -2   3   0  -2  -1  -1  -2  -2  -2  -3  -1  -2  -3  -2   2   5  -4  -3  -1    4   0  17   5   0   0   0   0   0   0   0   0   0   0   0  12  61   0   0   0  0.56 0.14
   13 K     0  -1   0  -1  -2  -1   0  -1  -2  -2  -2   2  -2  -2   2   2   3  -3   0  -1    6   0   2   0   0   0   3   4   0   0   0  22   0   0  10  15  30   0   4   4  0.27 0.08
   14 G     3  -3  -3  -3  -1  -2  -2   0  -3   2  -1  -2  -1  -2  -2  -1  -1  -3  -2   3   48   0   0   0   0   0   0   6   0  16   0   0   0   0   0   0   0   0   0  30  0.36 0.12
   15 E     1  -1   1  -1  -2   1   2  -2   3  -2  -1   1  -1  -1  -2   1   0  -2   2  -1   13   0   5   0   0   4  17   0  13   0   6  10   0   0   0  17   2   0  11   2  0.19 0.07
   16 V     0  -2  -3  -2  -2  -2   0  -3  -3   3   0   0   0  -2  -3  -2   0  -4  -2   4    4   0   0   0   0   0  10   0   0  22   0  10   0   0   0   0   4   0   0  51  0.33 0.12
   17 G    -1  -3   3   1  -4  -2  -2   6  -2  -5  -5  -2  -4  -4  -3  -1  -2  -4  -4  -4    0   0  19   6   0   0   0  75   0   0   0   0   0   0   0   0   0   0   0   0  1.10 0.19
   18 D    -3  -2   0   7  -5   0   3  -3  -2  -4  -5  -1  -4  -5  -2  -1  -2  -5  -4  -4    0   0   0  76   0   3  21   0   0   0   0   0   0   0   0   0   0   0   0   0  1.22 0.22
   19 I    -2  -3  -3  -3  -2  -3  -3  -4  -4   5   0  -1   0  -2  -3  -2   3  -4  -2   2    0   0   0   0   0   0   0   0   0  60   0   4   0   0   0   0  25   0   0  11  0.55 0.18
   20 L    -2  -4  -4  -4  -2  -3  -4  -4  -4   5   2  -3   0   3  -4  -3  -2  -3  -1   3    0   0   0   0   0   0   0   0   0  54  12   0   0  14   0   0   0   0   0  21  0.58 0.15
   21 I    -1   0   0  -2  -2  -1   0  -3  -2   1  -2   1  -1  -2  -2   0   4   4  -2  -1    0   5   2   0   0   0   6   0   0  13   0  14   0   0   0   4  50   6   0   0  0.38 0.15
   22 G     3  -3  -3  -3  -1  -2  -2   0  -3   1   1  -2   0  -1  -2  -1  -1  -3   0   2   49   0   0   0   0   0   0   6   0   5  18   0   0   0   0   0   0   0   4  18  0.28 0.12
   23 T     1  -2  -1   2  -2  -1   0  -2  -2  -2  -2   0  -2  -3  -2   1   4  -3   0  -1   17   0   0  14   0   0   6   0   0   0   0   4   0   0   0   7  46   0   3   2  0.37 0.13
   24 V    -2  -4  -4  -4  -2  -3  -4  -4  -4   5   1  -3   0  -1  -4  -3  -1  -4  -2   4    0   0   0   0   0   0   0   0   0  45  10   0   0   0   0   0   0   0   0  45  0.66 0.17
   25 R    -1   3   2  -1  -3   0  -1  -2  -1   0  -1   2   1  -2  -2   0  -1  -3  -1   0    0  21  18   0   0   2   0   0   0  10   0  23   6   0   0   8   0   0   2   9  0.24 0.10
   26 I     2  -3  -3  -4  -2  -3  -3  -3  -4   4   1  -3   0  -1  -3  -2  -1  -3  -2   3   23   0   0   0   0   0   0   0   0  37   4   0   0   0   0   0   0   0   0  36  0.44 0.14
   27 N     0  -1   4   2  -3   1   3  -2  -1  -4  -4   1  -3  -4  -2   1  -1  -4  -3  -3    6   0  31  12   0   5  22   0   0   0   0  11   0   0   0  13   0   0   0   0  0.47 0.12
   28 N    -1  -1   6   1  -4   1   2   1  -1  -4  -4   0  -3  -4  -3   0  -1  -4  -3  -3    6   0  57   4   0   8  12   8   0   0   0   5   0   0   0   0   0   0   0   0  0.67 0.17
   29 I     0  -3  -3  -4  -2  -3  -3  -4  -4   5   1  -3   1  -1  -3  -2   1  -3  -2   3    6   0   0   0   0   0   0   0   0  52   4   0   2   0   0   0   9   0   0  27  0.50 0.14
   30 K     1   0   1  -1  -2  -1  -1  -2   1  -2  -2   2  -2   0   0   1   2  -2   1  -2   14   4   7   0   0   0   0   0   4   0   0  19   0   4   4  15  23   0   6   0  0.21 0.09
   31 N    -2  -1   7   2  -4  -1   0   0  -1  -4  -5   0  -3  -4  -3  -1  -1  -5  -3  -4    0   0  71  10   0   0   4   7   0   0   0   7   0   0   0   0   0   0   0   0  0.96 0.21
   32 F    -3  -3  -4  -4  -3  -3  -4  -4  -3   1   3  -4   2   6  -4  -3  -2  -1   1   1    0   0   0   0   0   0   0   0   0   2  37   0   4  49   0   0   0   0   0   8  0.71 0.17
   33 A     4  -2  -1   1   1  -1  -1  -1  -2  -3  -3  -2  -2  -2  -2   2  -1  -3   1  -2   61   0   0  12   3   0   0   0   0   0   0   0   0   0   0  19   0   0   6   0  0.47 0.16
   34 G     0  -3  -1  -2  -3  -3  -3   6  -3  -4  -4  -2  -3  -4  -3  -1   1  -4  -4  -4    3   0   0   0   0   0   0  85   0   0   0   0   0   0   0   0  12   0   0   0  1.23 0.22
   35 F    -1  -3  -4  -4   0  -3  -3  -4   0  -1  -1  -3  -2   3  -4  -3  -3   6   7  -2    6   0   0   0   2   0   0   0   0   4   2   0   0   7   0   0   0  14  64   0  1.19 0.23
   36 Q    -2   0  -1   1  -4   7   2  -3  -1  -4  -4   0  -2  -5  -3  -1  -2  -3  -3  -4    0   0   0   6   0  84  11   0   0   0   0   0   0   0   0   0   0   0   0   0  1.25 0.28
   37 V    -1  -3  -4  -4  -2  -3  -4  -4  -3   2   1  -3   0   4  -4  -3  -1  -2   0   4    4   0   0   0   0   0   0   0   0   8  13   0   0  30   0   0   0   0   0  45  0.49 0.14
   38 N    -2   0   6   2  -4  -1   1  -1  -1  -4  -4  -1  -3  -4  -3   0   0  -5  -3  -4    0   6  64  10   0   0  12   3   0   0   0   0   0   0   0   0   6   0   0   0  0.82 0.19
   39 I    -2  -4  -4  -4  -2  -3  -4  -5  -4   5   2  -3   2  -1  -4  -3  -2  -3  -2   3    0   0   0   0   0   0   0   0   0  68  14   0   5   0   0   0   0   0   0  13  0.71 0.17
   40 V     1   0   0  -1  -3   0   1  -2  -2  -2  -2   4  -2  -3  -2   0   2  -4  -3   0   11   0   5   0   0   0   6   0   0   0   0  52   0   0   0   0  15   0   0  11  0.38 0.14
   41 Y    -3  -3  -4  -5  -4  -3  -4  -4   0  -2  -2  -3  -2   5  -5  -3  -3   1   8  -2    0   0   0   0   0   0   0   0   0   0   0   0   0  30   0   0   0   0  70   0  1.49 0.27
   42 D    -3  -3   2   7  -5  -2   0  -3  -2  -5  -5  -2  -4  -5  -3  -1  -2  -6  -4  -5    0   0   7  93   0   0   0   0   0   0   0   0   0   0   0   0   0   0   0   0  1.54 0.27
   43 P    -1  -3  -3   0  -4  -2  -2  -3  -3  -4  -4  -2  -4  -5   8  -2  -1  -5  -4  -4    2   0   0   6   0   0   0   0   0   0   0   0   0   0  88   0   4   0   0   0  2.11 0.28
   44 K     2  -1   2  -1  -2   0   1   0  -1  -2  -3   1  -2  -3  -2   2   2  -3  -2  -2   25   0  11   0   0   3   8   6   0   0   0   8   0   0   0  14  24   0   0   0  0.28 0.09
   45 V     0  -1  -3  -4  -2  -2  -3  -4  -3   2   1  -1   2  -1  -3  -2  -1  -3   1   4    4   5   0   0   0   0   0   0   0  11   7   5   7   0   0   0   0   0   6  56  0.42 0.18
   46 L    -2  -3  -4  -5  -2  -3  -4  -5  -4   2   5  -4   1  -1  -4  -3  -2  -3  -2   2    0   0   0   0   0   0   0   0   0  10  74   0   0   0   0   0   0   0   0  16  0.77 0.22
   47 M    -2  -1  -1  -1  -4   5   4  -3  -1  -3  -3   1   2  -4  -2   0  -2  -4  -3  -3    0   0   0   0   0  45  32   0   0   0   0   7   9   0   0   7   0   0   0   0  0.78 0.26
   48 A     4  -3  -3  -3  -2  -2  -2  -2  -3  -2  -2  -2  -2   2   5  -1  -2  -3   1   0   49   0   0   0   0   0   0   0   0   0   0   0   0  11  28   0   0   0   5   7  0.67 0.22
   49 V    -2  -3  -4  -4  -2   0  -3  -4  -4   4   1  -3   0   0  -4  -3  -1   2  -2   4    0   0   0   0   0   7   0   0   0  29   7   0   0   3   0   0   0   3   0  51  0.56 0.20
   50 D    -1  -1   4   4  -3  -1   1   1  -1  -3  -3   1  -3  -3  -2   0  -1  -3  -3  -3    1   1  33  26   0   1   9  12   0   1   1   7   0   0   1   5   1   0   0   1  0.49 0.14
   51 P    -1  -2  -2   0  -2  -2  -2  -2  -2   1   0  -2  -1   0   4  -1   0  -2   0   2    1   1   1   8   0   1   1   1   0   8   8   1   0   3  25   4   8   0   5  24  0.31 0.09
   52 E     0  -1   1   3  -2   2   2  -2  -1  -1  -1   0  -1  -2  -1   1  -1  -3  -2  -2    6   1   6  20   0  12  20   1   0   6   7   4   0   1   1  12   1   0   1   1  0.23 0.08
   53 T     0  -1  -1   0  -2  -1   1  -2  -2  -1   0  -1  -1  -2  -1   1   4  -2  -2  -1    6   1   1   5   0   1  11   1   0   1  12   1   0   1   1   5  49   0   1   1  0.31 0.13
   54 G    -1  -1  -1   1  -2  -1  -1   5  -2  -2  -2   1  -2  -2  -1  -1  -1  -2  -2  -2    2   1   1  11   1   1   2  54   1   1   3  10   1   1   1   2   2   0   1   4  0.50 0.11
   55 K     0   0   1   1  -2   2   1  -1  -1  -2  -2   2  -1  -3  -1   1   0  -3  -2  -1    8   1   6   7   0  13  10   1   0   1   1  24   0   1   1  13   5   0   1   6  0.21 0.08
   56 E     2  -2  -2  -1  -2  -1   1   0  -2  -3  -3  -1  -2  -1   5  -1  -1  -3  -2  -2   28   0   0   3   0   0  14   7   0   0   1   1   0   4  36   1   1   0   0   2  0.64 0.16
   57 F    -2  -2  -3  -3  -2  -2  -1  -3   0   1   1  -2  -1   3  -3  -2  -2   0   6   0    1   1   1   1   0   1   4   1   0  12  14   1   0  13   1   1   1   0  43   4  0.54 0.15
   58 T     0  -1   1   1   1   0   1   1  -1  -2  -2   1  -2  -3  -1   0   3  -3  -2  -2    4   1   5   8   4   1  14  15   0   1   1  12   0   1   1   3  29   0   1   1  0.22 0.09
   59 S     0   0   3   3  -3   0   1   0  -1  -2  -3   1  -2  -2  -2   1   1  -3   0  -2    4   3  21  19   0   0   7   7   0   3   1   9   0   0   0   9  10   0   5   1  0.24 0.08
   60 S     1   1   0   0  -2  -1  -1   0  -2   0  -2   0  -2  -3  -2   3   1  -3  -2  -1    8  10   2   4   0   0   1   4   0   7   1   6   0   0   0  45  10   0   0   1  0.29 0.13
   61 T     0  -1  -1  -1  -2   3   0  -2  -2  -2  -2  -1  -1  -3   1   1   4  -3  -2  -1    5   1   1   1   0  18   6   1   0   1   1   1   0   1   5   7  50   0   0   1  0.46 0.17
   62 F    -1  -2  -1  -3  -2  -2  -2  -3  -2   2   1  -2   4   3  -3  -1  -1   3   2   1    1   1   4   1   0   1   1   1   0  16   7   1  21  15   1   4   1   6   7  14  0.25 0.10
   63 P    -2  -3   0  -2  -3  -2   0  -3  -2  -3  -1  -2  -2   2   7  -2  -2  -3  -2  -3    1   0   7   0   0   0   7   1   0   0   5   1   0  12  62   1   1   0   0   1  1.24 0.24
   64 P     0  -1  -1   2  -2   1   0   1  -2  -2  -1   0  -1  -3   2   1   1  -3  -2  -1    6   0   0  15   0  11   5  11   0   0   5   7   0   0  10  11  13   0   0   6  0.19 0.07
   65 G     0  -2   2   0  -3  -1  -1   4  -2  -1  -1  -2  -2  -2  -2   1  -1  -3   1  -1    8   0  13   4   0   0   4  36   0   7   5   0   0   0   0  12   0   0   7   4  0.28 0.11
   66 R     1   1  -1   0  -3   0   0   5  -2  -4  -4  -1  -3  -4  -3   1  -1  -4  -3  -3   10   9   0   4   0   5   7  53   0   0   0   0   0   0   0  11   2   0   0   0  0.60 0.17
   67 T    -1  -2   2   3  -2  -1   1  -1  -2  -2  -1   0  -2  -3  -2   1   3  -4  -3  -1    0   0  13  18   0   0   6   4   0   0   7   4   0   0   0   9  34   0   0   4  0.31 0.14
   68 V    -2  -3  -4  -4  -2  -3  -4  -4  -4   4   4  -3   1   1  -3  -3  -1  -3  -2   2    0   0   0   0   0   0   0   0   0  32  50   0   0   5   0   0   4   0   0   7  0.53 0.16
   69 L    -2  -3  -4  -4  -2  -3  -3  -4  -3   0   5  -3   1   1   1  -3  -2  -2  -2   0    1   1   0   1   0   0   1   1   0   1  80   1   0   5   6   1   1   0   0   1  0.66 0.19
   70 K    -1   0   3   1  -2   1   0  -1  -1   0   0   2  -1  -2   1   0   0  -3  -2   0    1   0  21   6   0   8   3   3   0   4  10  20   0   0   5   4   2   0   0  11  0.15 0.08
   71 N     0   0   5   1  -3  -1  -1   1  -1  -3  -3   1  -3  -4  -2   1   1  -4  -3  -3    5   3  48   7   0   0   0   8   0   0   0   8   0   0   0   7  10   0   0   0  0.53 0.16
   72 N     0   1   1   1  -3   1   1   2  -1  -3  -3   0  -2  -2   1   2   0  -2   1  -2    2   9   5   9   0   6   9  17   0   0   0   0   0   0   6  21   6   0   7   0  0.22 0.08
   73 A     1  -1   1   2  -3   0   3   2  -1  -3  -3   0  -2  -3  -2   0   0  -3  -2  -2   12   1   8  16   0   3  26  16   0   1   1   6   0   0   1   1   8   0   0   1  0.30 0.09
   74 Y    -2  -3  -3  -4  -3  -3  -3   1   0  -2  -2  -3  -2   5  -4  -2  -1   0   7  -2    0   0   0   0   0   0   0  15   0   0   0   0   0  24   0   0   5   0  51   0  0.93 0.24
   75 G    -1  -2   1  -2  -2  -1  -2   3  -2   0   0   0  -1  -2  -2   1   1  -3  -2   0    0   0   9   0   0   2   0  30   0   5  13   6   0   0   0  11  10   0   0  11  0.19 0.08
   76 P     0  -2  -2  -2  -2  -2  -2  -2  -3   0  -1  -1  -1   0   5   0   1  -3  -2   1    9   0   0   0   0   0   0   0   0   8   3   3   0   5  37   9  12   0   0  12  0.56 0.13
   77 I     0  -1  -2  -3  -2  -2  -2  -3  -2   2   1  -2   2   4  -3   0   2  -1   1   0    6   2   0   0   0   0   0   0   0  14  10   0   8  25   0   5  24   0   2   0  0.25 0.12
   78 Q     0   0   1   0  -3   1   0   2  -1  -3  -3   0  -2  -1   3   0   0  -2   0  -2    7   5   9   6   0   7   3  16   0   0   0   5   0   4  20   7   3   0   4   3  0.27 0.07
   79 I     0  -2  -2  -2  -2   2  -1  -1  -2   2   1  -1   2   2  -2  -1   0  -2   0   1    8   0   0   0   0  17   0   4   0  16  10   2   8  12   0   0   5   0   2  14  0.12 0.08
   80 A     3  -2  -2  -2  -1  -2  -2   0  -3   0  -1  -2  -1  -2  -2   1   0  -3  -2   3   38   0   0   0   0   0   0   7   0   0   0   0   0   0   0  14   3   0   0  35  0.33 0.15
   81 D     2  -1  -1   1  -2  -1   1   1  -2  -1  -1   0  -1  -2  -1   2   1  -3  -2  -1   20   1   0   8   0   0  10  12   0   3   6   4   0   0   1  19  11   0   0   3  0.16 0.06
   82 N    -1  -1   6  -1  -3  -1  -1  -2   6  -4  -3  -1  -3  -3  -3   0  -1  -4  -1  -3    6   1  53   1   0   0   1   1  27   1   1   1   0   0   1   5   1   0   0   1  0.87 0.22
   83 D    -1   1   4   4  -3   1   0  -2   1  -3  -3   2  -2  -3  -2  -1  -1  -4  -2  -3    6   6  28  27   0   6   1   1   2   0   1  19   0   0   0   1   1   0   0   1  0.48 0.14
   84 P    -1   0  -2  -3  -2  -2  -2  -3  -3   2   2  -1   0  -1   3  -1  -1  -3  -2   2    1   6   0   1   0   0   1   1   0  19  21   2   0   0  20   6   1   0   0  21  0.31 0.10
   85 E    -1  -1   1   1  -2   0   3  -1  -1  -2  -2   1  -2  -2  -1   2   1  -2   0  -2    2   1   8   6   0   1  27   4   0   1   4   7   0   1   1  26   6   0   4   1  0.25 0.09
   86 K     0   0   1   0  -3   2   3  -1  -1  -3  -2   3  -2  -3  -1   1  -1  -2  -2  -2    4   1   5   1   0  10  31   3   0   1   2  24   0   1   1  12   1   0   1   1  0.35 0.10
   87 G    -1  -2  -1  -2  -3  -2  -2   6  -2  -3  -3  -2  -3  -3  -2  -1  -2  -3  -3  -3    2   1   1   1   0   1   1  82   0   1   2   1   0   1   1   1   1   0   1   1  1.12 0.20
   88 I    -2  -3   0  -3  -2  -3  -3  -3  -3   5   1  -3   0  -1  -3  -2   1  -3  -2   2    1   1   5   1   0   0   1   1   0  58   6   1   0   0   1   1   9   0   0  14  0.47 0.16
   89 L    -2  -3  -3   1  -2  -3  -3  -4  -3   4   4  -3   1  -1  -3  -3  -2  -3  -2   1    0   0   0  10   0   0   0   0   0  32  49   0   0   0   0   0   0   0   0   5  0.47 0.16
   90 N    -3   0   7   0  -4  -1  -2  -2  -1  -4  -4  -1  -3  -4  -3  -1   1  -4  -3  -4    0   5  81   0   0   0   0   0   0   0   0   0   0   0   0   0   9   0   0   0  1.24 0.30
   91 F    -1  -4  -4  -4  -3  -4  -4  -4  -3   2   0  -4  -1   7  -4  -3  -3  -1   1   0    5   0   0   0   0   0   0   0   0  13   3   0   0  71   0   0   0   0   0   6  1.01 0.24
   92 A     3  -2  -1  -2  -2  -2  -2   4  -2  -3  -3  -2  -2  -3  -2   2  -1  -3  -3  -2   38   0   0   0   0   0   0  33   0   0   0   0   0   0   0  24   0   0   0   0  0.58 0.17
   93 L     1   2   2  -1  -3   0   0   1  -1  -2   0   3  -1  -3  -2   0  -1  -3  -2  -2   13  10  13   0   0   0   3  10   0   0  14  30   0   0   0   2   2   0   0   0  0.20 0.10
   94 A     2  -1  -1  -2   2  -1  -1   1  -2  -1  -1   1  -1  -2  -2   1   2  -3  -1   0   27   0   0   0   5   0   0   8   0   0   5  10   0   0   0  12  22   0   3   5  0.20 0.10
   95 Y    -2  -3  -3  -4  -3  -2  -3  -4   0   1   1  -3   1   1  -3  -3  -2   0   7  -1    1   1   0   1   0   0   1   1   0  10  12   1   5   0   1   1   1   0  64   1  0.97 0.24
   96 S     0  -2  -1  -2  -2  -2  -2  -2  -2   0   1  -2   2  -2   1   0   3  -3  -2   2    3   1   3   1   0   0   1   1   0   3  16   1   9   0   6   6  32   0   0  18  0.22 0.10
   97 Y    -1  -1   4   1  -3  -1  -1   3  -1  -3  -3  -1  -2  -1  -2   0  -1  -2   3  -3    3   3  32   8   0   0   1  25   0   1   1   1   0   0   1   5   1   0  18   1  0.45 0.14
   98 I    -2  -2  -3  -3  -2  -2  -2  -3  -2   2   4  -1   2   0  -2  -2  -1  -2  -1   1    1   1   1   1   0   1   1   1   0  14  53   6   5   3   1   1   3   0   1   5  0.31 0.10
   99 A    -1  -1   3   3  -3   0   2  -1  -1  -3  -2   0  -2  -3   1   1   1  -3  -2  -2    4   1  19  22   0   0  13   3   0   1   4   6   0   0   6  11   8   0   0   1  0.31 0.09
  100 G     2  -1  -1   2  -2   0   1   1  -1  -2  -2   1  -2  -3  -1   1   0  -3  -2  -1   32   1   1  15   0   1  10   8   0   1   1  11   0   1   1   9   3   0   1   3  0.22 0.08
  101 Y     0  -2  -2   0  -3  -2  -2  -3   0  -2  -2  -2  -2   1   1  -2  -2   0   7  -2   11   1   1   6   0   1   1   1   0   1   1   1   0   1   7   1   1   0  64   1  0.91 0.22
  102 K     1   5  -1  -2  -3   0  -1  -2  -1  -3  -3   4  -2  -3  -2  -1  -2  -3  -2  -3   12  51   0   1   0   0   1   1   0   1   1  29   0   0   1   1   1   0   0   1  0.72 0.19
  103 E     2  -1   0  -1  -2   0   2  -2  -1  -1   0   0   0  -2  -2   1   0  -3  -2   0   25   0   5   0   0   3  20   0   0   0  13   5   3   0   0  12   5   0   0   6  0.15 0.08
  104 T     1  -1  -1   0  -2  -1   0  -1  -2  -3  -3   1  -2  -3  -2   5   2  -4  -3  -2    6   0   0   5   0   0   3   3   0   0   0   8   0   0   0  62  11   0   0   0  0.54 0.19
  105 G     0  -3   1  -2  -3  -2  -2   5  -2  -3  -3  -2   1   0  -3  -1   1  -3  -3  -3    5   0   6   0   0   0   3  62   0   0   0   0   5   5   0   0  11   0   0   0  0.71 0.18
  106 V     0   0  -1  -1  -2   1   0  -2  -2   1  -1   1   0  -2   1   1   0  -3  -2   1   10   2   3   1   0  10   3   1   0  13   3  15   3   0   6  13   1   0   0  17  0.10 0.06
  107 A     2  -2   0   0  -2  -1   0   1  -2  -3  -3  -1  -2  -3   5   1   0  -4  -3  -2   22   0   5   5   0   0   5  10   0   0   1   0   0   0  37   9   4   0   0   0  0.65 0.14
  108 E    -2  -1  -1   1  -3   1   5  -3  -1  -2  -3   1  -2  -3   1  -1  -2  -3  -3   0    1   1   1   6   0   4  62   1   0   1   1   6   0   0   6   1   1   0   0  10  0.64 0.18
  109 E    -1   0   0   0  -2   0   2   2   2  -2  -3   0  -2  -3  -2   2   2  -3  -2  -1    0   3   2   3   0   2  20  16   7   0   1   3   0   0   0  19  17   0   0   5  0.24 0.10
  110 S    -1  -1   1   0  -2  -1  -1  -2  -2  -3  -3  -1  -2  -4  -2   4   5  -4  -3  -2    0   2   5   5   0   0   0   0   0   0   0   0   0   0   0  42  46   0   0   0  0.69 0.24
  111 G    -1  -4  -2  -3  -4  -3  -4   7  -4  -5  -5  -3  -4  -5  -4  -2  -3  -4  -5  -5    0   0   0   0   0   0   0 100   0   0   0   0   0   0   0   0   0   0   0   0  1.79 0.33
  112 I    -1  -3  -2  -3  -2  -2  -3  -3  -3   3  -1  -2  -1  -2   1   1   3  -4  -2   2    3   0   0   0   0   0   0   0   0  30   0   0   0   0   6   9  34   0   0  18  0.40 0.17
  113 I     0  -3  -4  -4  -2  -3  -4  -4  -4   3   4  -3   1  -1  -3  -3  -2  -3  -2   2    8   0   0   0   0   0   0   0   0  25  50   0   0   0   0   0   0   0   0  18  0.54 0.16
  114 A     5  -3  -3  -3  -2  -2  -2   2  -3  -2   1  -2  -2  -3  -2   0  -1  -4  -3  -1   68   0   0   0   0   0   0  17   0   0  15   0   0   0   0   0   0   0   0   0  0.62 0.22
  115 K    -1   1  -1  -2  -2   1   1  -3  -2   2   0   2   0  -2  -2   0  -1  -3  -2   2    0   6   3   0   0   9   8   0   0  14   9  17   0   0   0   5   0   0   0  28  0.16 0.10
  116 I    -1  -4  -4  -4  -2  -4  -4  -4  -4   5   1  -4   0  -1  -4  -3  -2  -4  -2   3    5   0   0   0   0   0   0   0   0  64   5   0   0   0   0   0   0   0   0  26  0.78 0.22
  117 G    -1   1   0  -1  -3   1   1   4  -2  -3  -3   1   1  -3  -2   0   1  -3  -1  -3    0   7   2   0   0   5  10  39   0   0   0  13   6   0   0   2  13   0   3   0  0.37 0.13
  118 F    -4  -5  -5  -5  -4  -5  -5  -5  -3  -2  -1  -5  -2   8  -5  -4  -4  -1   1  -3    0   0   0   0   0   0   0   0   0   0   0   0   0 100   0   0   0   0   0   0  1.97 0.39
  119 K    -2   3   1  -2  -4   0  -1  -3  -2  -3  -4   6  -3  -4  -3  -2  -2  -4  -3  -1    0  10   6   0   0   0   0   0   0   0   0  79   0   0   0   0   0   0   0   5  0.97 0.28
  120 I     2  -3  -4  -4  -2  -3  -3  -3  -4   2   0  -3   2  -2  -3  -2  -1  -4  -2   5   20   0   0   0   0   0   0   0   0   5   0   0   5   0   0   0   0   0   0  70  0.68 0.23
  121 L    -2  -1  -4  -4  -3  -2  -3  -4  -3   2   5   1   1  -1  -4  -3  -2  -3  -2   0    0   2   0   0   0   0   0   0   0  10  73  15   0   0   0   0   0   0   0   0  0.63 0.21
  122 Q     1   2   0  -1  -3   3   0  -2  -1  -3  -3   4  -2  -4  -2   2   1  -4  -3  -3   10   7   3   0   0  17   0   0   0   0   0  38   0   0   0  17   7   0   0   0  0.45 0.16
  123 K     1  -1   1   2  -3   0   3   0  -1  -2  -2   1  -2  -3  -1   0  -1  -4  -3  -1   20   0   8  13   0   0  28   5   0   0   2  11   0   0   2   3   0   0   0   6  0.28 0.11
  124 K    -1  -1   1  -1  -3   1   2   3   1  -4  -3   2  -2  -4   0   0   0  -3  -2  -3    0   0   7   0   0   8  18  26   5   0   0  19   0   0   3   6   8   0   0   0  0.36 0.12
  125 S     1  -1   1   1  -3   1   3  -2  -1  -3  -3   0  -2  -4   3   2   1  -4  -3  -2   13   0   6   5   0   8  24   0   0   0   0   2   0   0  18  16   7   0   0   0  0.43 0.12
  126 T    -1  -3  -1  -2  -2  -2  -1  -3  -3   0  -2  -2  -2  -3  -2   1   6  -4  -3   0    3   0   0   0   0   0   3   0   0   5   0   0   0   0   0   8  78   0   0   3  0.89 0.28
  127 A     1  -1   0  -1  -2   2   1  -1  -2  -2  -3   1  -2  -3  -2   2   3  -3  -3  -1    9   0   2   0   0  14  12   3   0   0   0  10   0   0   0  18  30   0   0   2  0.34 0.14
  128 V    -2  -4  -4  -4  -2  -3  -4  -5  -4   5   2  -4   2  -1  -4  -3  -2  -4  -2   3    0   0   0   0   0   0   0   0   0  57  14   0   5   0   0   0   0   0   0  24  0.73 0.20
  129 K     1   2  -1   0  -3   0   0  -2   0  -2  -1   3  -1   0  -2   0   0  -3  -2   0   14  12   0   6   0   0   4   0   2   0   4  31   0   5   0   7   5   0   0   9  0.18 0.10
  130 F    -3  -4  -5  -5  -3  -4  -5  -5  -3  -1   3  -4   0   7  -5  -4  -3  -1   1  -2    0   0   0   0   0   0   0   0   0   0  30   0   0  70   0   0   0   0   0   0  1.23 0.29
  131 Q     0   1  -1   2  -4   3   5  -3  -1  -4  -3   0  -3  -3  -2   0   0  -3   0  -3    6   5   0   8   0  13  52   0   0   0   0   3   0   0   0   3   5   0   5   0  0.61 0.19
  132 D    -3  -2   5   4  -4   1   2  -2  -1  -4  -4  -1  -3  -1  -3  -1  -2  -4  -3  -2    0   0  44  32   0   4  11   0   0   0   0   2   0   4   0   0   0   0   0   3  0.76 0.21
  133 T     2  -2  -1  -2  -2  -2  -2  -1  -2  -1   0  -2  -1   1  -2   2   4  -3  -2   0   18   0   0   0   0   0   0   3   0   0  10   0   0   8   0  14  41   0   0   6  0.31 0.14
  134 L     0  -1  -1   1  -2   1   2  -2  -1  -1  -1   0  -1  -2   2   1   2  -3  -1  -1    8   0   0   7   0   7  22   0   0   2   6   3   0   0  10  15  16   0   3   0  0.23 0.08
  135 S     1  -1  -1  -2  -2  -1  -1  -2  -2  -2  -1   0  -1   0  -2   3   2  -3  -2   0   11   2   0   0   0   0   0   0   0   0   8   6   0   6   0  42  20   0   0   5  0.30 0.14
  136 M    -2  -2  -3  -3  -2  -2   0  -3  -3   3   1  -2   7  -1  -3  -2   0  -3  -2   0    1   0   0   0   0   0   6   1   0  20   6   0  53   0   0   1   7   0   0   3  0.63 0.20
  137 P    -1  -3   0  -2  -3  -2  -2   0  -3  -3  -4  -2  -3  -4   7  -1  -1  -4  -3  -3    3   0   4   0   0   0   0   8   0   0   1   0   0   0  72   3   4   0   0   0  1.56 0.22
  138 G    -1  -2   4   3  -3  -1   0   4  -2  -4  -4  -2  -3  -4  -3  -1   1  -4  -3  -3    0   0  30  19   0   0   4  36   0   0   0   0   0   0   0   0  12   0   0   0  0.64 0.16
  139 A     4  -2  -1  -2  -2   1  -1   2  -2  -3  -3  -1  -2  -3  -2   3  -1  -4  -3  -2   51   0   0   0   0   7   0  13   0   0   0   0   0   0   0  28   0   0   0   0  0.53 0.17
  140 I    -1  -2  -1  -1  -2  -2  -2  -3  -3   4   1   0   0  -1  -3  -2  -1  -3  -2   3    0   0   4   3   0   0   0   0   0  39   5   8   0   0   0   0   0   0   0  36  0.37 0.13
  141 S     1  -1   0   2  -2  -1   1  -2  -2  -3  -2   1  -2  -3   1   3   1  -4  -3  -2    7   0   2  16   0   0   6   0   0   0   2   8   0   0   8  42   9   0   0   0  0.38 0.12
  142 G     1  -3  -2  -3  -3  -3  -3   6  -3  -5  -5  -3  -4  -4  -3  -1  -3  -4  -4  -4   14   0   0   0   0   0   0  86   0   0   0   0   0   0   0   0   0   0   0   0  1.35 0.24
  143 T    -1  -3  -2  -3  -2  -2  -2  -3  -3   1   0  -2  -1  -2  -3   0   5  -4  -2   2    0   0   0   0   0   0   0   0   0   7   9   0   0   0   0   0  64   0   0  21  0.61 0.19
  144 Q    -1  -2   1  -2  -2   0  -2  -3  -1  -1   1  -2   3   1  -3   0   2  -1   4   0    0   0   8   0   0   4   0   0   0   0  12   0  19   5   0   9  15   0  24   3  0.26 0.11
  145 L    -2  -3  -4  -4  -2  -3  -4  -5  -4   3   4  -3   3  -1  -4  -3  -2  -3  -2   1    0   0   0   0   0   0   0   0   0  19  68   0   7   0   0   0   0   0   0   6  0.66 0.14
  146 F    -3  -3  -4  -4  -3  -3  -4  -4  -1   0   0  -4  -1   6  -4  -2  -3   0   5  -1    0   0   0   0   0   0   0   0   0   5   7   0   0  58   0   4   0   0  26   0  0.94 0.16
  147 D    -3  -3   2   7  -5  -1   0  -2  -2  -4  -5  -2  -4  -5  -3  -1  -2  -6  -4  -4    0   0   7  93   0   0   0   0   0   0   0   0   0   0   0   0   0   0   0   0  1.50 0.22
  148 W    -4  -5  -6  -6  -4  -4  -5  -4  -4  -4  -3  -5  -3  -1  -6  -5  -4  12   1  -5    0   0   0   0   0   0   0   0   0   0   0   0   0   0   0   0   0 100   0   0  3.65 0.36
  149 D    -2  -2   4   4  -4  -1  -1  -2   0  -3  -3  -2  -3  -1  -3   0  -2  -1   5  -3    0   0  27  38   0   0   0   0   0   0   0   0   0   0   0   5   0   0  30   0  0.72 0.15
  150 G     0  -3   0  -2  -3  -2  -3   6  -3  -3  -2  -2  -3   0  -3   0  -1  -3  -3  -3    6   0   5   0   0   0   0  71   0   0   4   0   0   6   0   3   4   0   0   0  0.83 0.13
  151 E    -1  -1   5   2  -4   0   3  -2  -1  -4  -4   2  -3  -3  -2   0  -1  -4   0  -3    5   0  40  10   0   0  29   0   0   0   0  13   0   0   0   0   0   0   4   0  0.56 0.12
  152 V    -1   3   1  -2  -3   1   0  -3  -1   1  -1   2   1  -2  -2  -1   1  -3  -2   0    0  29   6   0   0   9   5   0   0  11   0  12   8   0   0   0  10   0   0  10  0.23 0.07
  153 I    -2  -4  -4  -4  -2  -3  -4  -5  -4   5   2  -3   1  -1  -4  -3  -2  -3   0   2    0   0   0   0   0   0   0   0   0  67  23   0   0   0   0   0   0   0   5   5  0.66 0.14
  154 T     1   2   0  -1  -2  -1  -1   1  -2  -3  -3   0  -2  -3  -2   3   3  -3  -3  -2    5  13   0   0   0   0   0   8   0   0   0   4   0   0   0  44  26   0   0   0  0.42 0.12
  155 G     0  -3   2   1  -3  -2   0   5  -2  -4  -4  -2  -3  -3  -3  -1  -2  -3  -1  -4    5   0  10   9   0   0   8  65   0   0   0   0   0   0   0   0   0   0   3   0  0.79 0.13
  156 Y    -3  -3  -4  -5   2  -3  -4  -4   0  -2  -2  -3  -2   4  -4  -3  -3   1   8  -2    0   0   0   0   5   0   0   0   0   0   0   0   0  13   0   0   0   0  82   0  1.51 0.23
  157 E     0  -1   0   1  -2   0   1  -2  -2   0  -2   1  -1  -1  -2   3   2  -3  -2  -1    0   0   4   7   0   0  11   0   0   8   0  12   0   4   0  32  18   0   0   4  0.21 0.08
  158 V    -1  -4  -4  -4  -2  -3  -4  -4  -4   3   0  -3   0  -2  -3  -3  -1  -4  -2   6    0   0   0   0   0   0   0   0   0  14   0   0   0   0   0   0   0   0   0  86  0.84 0.18
  159 I     0  -2  -1  -2  -2   0   0  -3  -3   4   0  -1   0  -2  -3  -2   0  -3  -2   2    5   0   4   0   0   5   8   0   0  49   0   4   0   0   0   0   7   0   0  18  0.27 0.09
  160 Q    -2   0   1  -1  -4   7   1  -3  -1  -4  -4   0  -2  -5  -3  -1  -2  -3  -3  -4    0   0   7   0   0  93   0   0   0   0   0   0   0   0   0   0   0   0   0   0  1.36 0.25
  161 P     0  -3  -3  -3  -4  -2  -2  -3  -3  -4  -4  -2  -3  -5   8   0  -2  -5  -4  -3    9   0   0   0   0   0   0   0   0   0   0   0   0   0  86   6   0   0   0   0  2.02 0.22
  162 D     1  -1  -1   2  -3   2   1   2  -2  -3  -3   0  -2  -4   3   0  -1  -4  -3  -3   14   0   0  19   0  14   8  22   0   0   0   4   0   0  16   4   0   0   0   0  0.41 0.07
  163 V     0  -1  -2  -2  -2   0   1  -1  -2   1   1  -1   1  -2   0   1   0  -3  -2   2    3   0   0   0   0   5  11   3   0   9  11   3   4   0   4  17   3   0   0  26  0.10 0.05
  164 L    -2  -4  -4  -4  -2  -4  -4  -5  -4   6   2  -4   1  -1  -4  -3  -2  -3  -2   2    0   0   0   0   0   0   0   0   0  75  17   0   0   0   0   0   0   0   0   8  0.75 0.15
  165 S     0  -1   5   0  -3  -1  -1  -1  -1  -3  -3   2  -2  -4  -2   1   1  -4  -3  -2    4   0  53   0   0   0   0   0   0   0   0  16   0   0   0  11  12   0   0   4  0.55 0.12
  166 L    -1  -3  -4  -4  -2  -3  -3  -4  -3   3   2  -3   1   2  -3  -3  -1  -2  -1   3    0   0   0   0   0   0   0   0   0  37  25   0   0  12   0   0   0   0   0  26  0.39 0.05

                      K         Lambda
Standard Ungapped    0.1369     0.3157
Standard Gapped      0.0474     0.2670
PSI Ungapped         0.1547     0.3090
PSI Gapped           0.0474     0.2670
