
Last position-specific scoring matrix computed, weighted observed percentages rounded down, information per position, and relative weight of gapless real matches to pseudocounts
            A   R   N   D   C   Q   E   G   H   I   L   K   M   F   P   S   T   W   Y   V   A   R   N   D   C   Q   E   G   H   I   L   K   M   F   P   S   T   W   Y   V
    1 S     2  -3  -1  -2  -3  -2  -2  -2  -3  -4  -4  -2  -3  -4  -3   5   3  -5  -4  -3   18   0   1   0   0   0   0   0   0   0   0   0   0   0   0  61  19   0   0   0  0.94 0.37
    2 A     4  -3  -1   1  -3  -1   1  -1  -3  -3  -3  -1  -3  -4  -3   3   1  -4  -4  -1   39   0   1   7   0   1   7   3   0   0   1   3   0   0   0  26   9   0   0   4  0.48 0.27
    3 S     1  -1   3   0  -3  -1   1   2  -1  -2  -2   0  -2  -3  -1   2   0  -1  -3  -1   16   1  16   3   0   2  10  14   1   2   3   3   1   0   3  15   5   1   0   5  0.20 0.14
    4 D    -1  -3   0   5  -4  -2   2   0  -3  -4  -5  -1  -4  -5   2   2   0  -5  -4  -3    3   0   2  33   0   0  17   8   0   0   0   3   0   0   9  19   5   0   0   1  0.62 0.31
    5 G     2  -2   0  -1  -4  -1   1   4  -2  -3  -4   1  -3  -5  -3   1  -1  -4  -4  -3   15   0   4   3   0   2  10  40   0   1   1   9   0   0   0  11   2   0   0   1  0.55 0.28
    6 F    -4  -5  -5  -5  -4  -5  -5  -1  -3  -1   3  -5  -1   7  -6  -4  -3  -1   1  -2    0   0   0   1   0   0   0   6   0   2  35   0   1  50   0   0   1   1   2   1  1.21 0.47
    7 K    -3   0   0  -3  -6   4   0  -3  -3  -5  -3   5  -3  -6   4  -3  -3  -5  -5  -4    1   2   4   1   0  22   3   1   0   0   2  43   0   0  19   0   0   0   0   0  1.02 0.47
    8 A     3  -4  -2  -3  -1  -2  -3  -3  -4  -1  -3  -3  -3  -5  -3   5   0  -5  -4   1   20   0   0   0   1   1   0   1   0   4   2   1   0   0   0  58   3   0   0  10  0.90 0.48
    9 N     1  -3   1   3  -2  -1   1  -2  -1  -4  -4  -1  -3   0  -2   3   1  -4  -2  -3   11   0   7  20   0   1  11   0   2   0   0   2   0   5   1  30   7   0   1   1  0.45 0.29
   10 L     3  -2  -2  -1  -3   0   2  -1  -2  -1   1   0  -2  -2   1   0  -1  -4  -3   0   29   1   1   3   0   4  14   3   0   2  16   6   0   1   7   4   2   0   0   7  0.20 0.19
   11 V     1  -4  -4  -5  -3  -4  -4  -5  -4   3   2  -4   0  -1  -4  -3   1  -4   0   4   11   0   0   0   0   0   0   0   0  19  23   0   1   2   0   0   8   0   3  33  0.59 0.31
   12 F    -6  -6  -7  -7  -3  -6  -4  -7  -5  -1   0  -6   1   9  -7  -6  -5  -1  -1  -4    0   0   0   0   0   0   1   0   0   3   8   0   4  83   0   0   0   0   0   0  2.29 0.73
   13 K     0   0   0   3  -5   1   4  -2  -2  -4  -4   3  -3  -4  -3  -1  -1  -5  -4  -3    9   5   3  18   0   5  31   2   0   0   0  18   0   1   0   4   3   0   0   1  0.58 0.31
   14 E     1  -1  -1   1  -3   2   3  -2  -2   0   0   0   0  -2  -3  -1   0  -4  -2   0   13   3   1   5   0  11  29   3   0   7   8   5   3   1   0   1   4   0   1   6  0.25 0.20
   15 I    -4  -5  -6  -6  -4  -5  -6  -6  -5   6   2  -5   5  -1  -5  -5  -3  -5  -2   1    0   0   0   0   0   0   0   0   0  57  21   0  15   1   0   0   0   0   1   4  1.30 0.50
   16 E     1   0   2   0  -3   1   3   2  -1  -3  -4   2  -3  -3  -2   1  -1  -4  -3  -3   11   3  10   3   0   5  20  14   1   2   0  18   0   1   1   9   2   0   0   0  0.33 0.21
   17 K     0   2   0   2  -3   1   2  -1   0  -2  -3   2  -2  -3  -1   0  -1  -4  -3  -2    8  15   5  11   0   7  13   4   2   3   2  16   0   0   2   7   2   0   0   2  0.25 0.16
   18 K     2   3   0  -3  -1   0  -1   0   3  -2  -2   0   0   0  -3   0  -1  -3   0   0   22  19   3   0   1   3   3   8  10   1   2   5   2   4   0   6   3   0   3   7  0.21 0.18
   19 L    -3  -4  -5  -5  -2  -4  -4  -6  -5   3   4  -4   3   1  -3  -4  -2  -4  -3   2    1   1   0   0   0   0   1   0   0  19  50   0   8   6   1   0   1   0   0  11  0.82 0.36
   20 E     0   0   1   1  -4   2   3  -3  -2  -4  -3   4  -3  -5  -3   2  -1  -5  -4  -4    8   1   5   8   0  10  18   0   0   1   1  30   0   0   0  15   3   0   0   0  0.52 0.30
   21 E     2  -2   0   3  -2   0   4  -2  -2  -4  -3   0  -3  -4  -3   1   1  -5  -4  -3   19   1   2  18   1   3  30   1   0   0   1   4   0   0   0   7  11   0   0   1  0.51 0.29
   22 E    -2  -2   1   5  -4   0   4  -3  -1  -1  -3   0  -1  -4  -3  -1  -2  -5  -3   0    3   0   6  32   0   2  29   1   1   4   2   5   1   0   1   2   1   0   0   9  0.61 0.31
   23 G    -1   2  -2  -2  -3  -1   0   4  -2  -3  -3   2  -3  -3   2  -1  -2  -3  -3  -3    3  13   1   1   0   1   5  40   0   1   1  14   0   1  10   4   1   0   1   2  0.55 0.23
   24 E     1   0   0   1  -3   1   2  -2   0  -3  -3   3  -2  -3   1  -1  -1  -3  -3  -3   15   2   3   8   0   4  17   2   3   1   1  28   1   1   8   3   1   0   0   1  0.36 0.20
   25 Q     1  -1   1   3  -3   3   3  -1  -1  -2  -3   1  -2  -4  -2   0  -1  -3  -3  -2   11   1   6  16   0  14  22   4   0   2   1   9   0   0   1   7   2   0   0   2  0.36 0.19
   26 F     1  -3  -3  -4  -3   0  -2  -3  -3   1   3  -2   2   1  -3  -2  -2  -2  -1   2   16   0   1   0   0   5   1   2   0   6  38   2   6   6   0   1   1   0   2  13  0.34 0.22
   27 V     0  -5  -5  -5  -3  -2  -5  -5  -5   4  -1  -2   0  -3  -5  -3  -1  -5  -4   6    7   0   0   0   0   2   0   0   0  25   2   2   2   0   0   1   2   0   0  56  0.98 0.43
   28 K    -2   0   0  -1  -6   0   1  -2  -3  -5  -5   7  -4  -6  -3  -1  -3  -6  -5  -5    2   2   3   3   0   3   8   2   0   0   0  72   0   0   1   3   1   0   0   0  1.28 0.52
   29 K     0   0  -1  -3  -5   2  -1  -2  -3  -5  -4   6  -2  -5  -4   0   0  -5  -4  -4    7   3   2   1   0  10   1   2   0   0   1  61   1   0   0   6   5   0   0   0  0.99 0.45
   30 I     0  -4  -4  -4  -2  -4  -4   0  -5   4  -1  -4   1  -1  -4  -3   2  -5  -3   4    6   0   0   0   0   0   0   9   0  24   1   0   3   2   0   0  16   0   0  38  0.63 0.33
   31 G    -2   1   6  -1  -5   2  -2   3  -2  -6  -5   2  -4  -6  -4  -1  -3  -6  -5  -5    2   7  44   1   0   9   0  19   0   0   0  15   0   0   0   2   0   0   0   0  0.96 0.43
   32 G     5  -4  -3  -4  -2  -4  -4   5  -4  -4  -2  -4  -4  -3  -4   0  -2  -5  -4  -3   50   0   0   0   1   0   0  38   0   0   4   0   0   1   0   4   1   0   0   0  1.03 0.45
   33 I    -3  -5  -4  -6  -3  -5  -5  -6  -6   5  -1  -4  -2  -3  -5  -2  -1  -5  -4   6    1   0   1   0   0   0   0   0   0  35   1   1   0   0   0   3   3   0   0  56  1.24 0.49
   34 F    -5  -6  -6  -7  -5  -6  -6  -6  -3   0  -2  -6  -3   8  -6  -5  -5  -2   6  -2    0   0   0   0   0   0   0   0   0   6   1   0   0  60   0   0   0   0  30   3  1.96 0.63
   35 A     2   0  -2  -2   1   5   2   1   0  -3   0  -1  -2  -3  -3  -1  -2  -4  -3  -1   17   5   0   0   3  29  15  10   2   1  10   1   0   0   0   1   1   0   0   4  0.39 0.28
   36 F    -5  -5  -6  -6  -5  -5  -6  -6  -4   1   1  -6   1   7  -6  -5  -5   6   3  -2    0   0   0   0   0   0   0   0   0   7  11   0   3  58   0   0   0  13   7   1  1.64 0.54
   37 K    -2   0   4   2  -4   0   1  -3   4  -2  -4   3  -3  -4  -3  -2   2  -5  -3  -1    1   3  22  11   0   3  10   0  10   3   0  18   0   0   0   0  14   0   0   4  0.48 0.28
   38 V    -3  -5  -6  -6  -4  -5  -5  -6  -6   6   3  -5   0  -2  -5  -5  -3  -5  -4   4    0   0   0   0   0   0   0   0   0  44  27   0   1   0   0   0   0   0   0  28  1.14 0.43
   39 K     0  -1  -1  -2  -4  -1  -2  -3  -3  -2  -2   4  -2  -4  -3   2   4  -5  -2  -1    5   1   1   1   0   1   0   0   0   1   2  34   1   0   0  13  34   0   1   3  0.67 0.38
   40 D    -2  -1   5   2  -2  -1  -1   1  -2  -4  -4   3  -3  -4   1  -1  -1  -4  -3  -3    1   2  33  14   1   1   3   9   0   1   1  19   0   0   8   2   2   0   1   2  0.57 0.26
   41 G     1  -1   0   0  -2  -1   1   3  -1  -2  -2   2  -2  -3  -1   0  -1  -2  -2  -2   11   1   4   6   0   1   8  31   1   2   2  14   1   1   3   7   4   0   1   2  0.28 0.12
   42 P     0  -1   0   2  -3   1   1  -1  -1  -3  -3   3  -2  -3   3   0  -1  -3  -2  -2   10   1   2  15   0   4  10   3   1   1   2  21   1   1  17   6   2   0   1   1  0.36 0.16
   43 G    -1  -3   0  -1  -4  -2  -3   7  -4  -5  -5  -3  -4  -5  -4  -1  -3  -4  -4  -4    3   1   5   3   0   1   1  77   0   1   1   1   0   0   1   3   1   0   0   1  1.43 0.45
   44 G     0  -1   1   0  -3   0   1   4  -1  -2  -3   3  -2  -1  -2  -1  -1  -3  -3  -2    5   1   9   4   0   3   8  32   1   2   1  21   0   3   1   3   2   0   1   2  0.37 0.18
   45 K     0  -1   0   1  -3   1   2  -2   0  -1  -2   3  -2  -3   0  -1   2  -3  -2  -1    7   1   3   6   0   5  17   1   2   5   2  21   1   0   4   1  17   0   1   5  0.24 0.17
   46 E     1  -2  -1  -1  -3   1   4  -1  -2   0  -2  -1  -1  -3  -1  -1   1  -4  -3   1   16   1   1   1   0   4  37   3   0   5   1   2   1   1   3   3  10   0   0  10  0.37 0.24
   47 A     2   0  -2  -1  -2   0   1   2  -2  -2  -1   1  -1  -3  -2   0  -1  -3  -3   0   26   4   1   3   1   5   9  21   1   1   6   9   2   0   1   4   1   0   0   7  0.21 0.14
   48 T    -1  -1  -1  -2  -2   2  -1  -3  -2   0  -2   2  -1  -1  -2   2   3  -3   0   1    2   1   1   1   0  11   3   0   0   6   2  12   0   3   1  19  21   0   3  13  0.25 0.21
   49 W    -7  -6  -8  -8  -6  -4  -7  -7  -6  -3  -3  -7  -5   2  -8  -7  -6  12   2  -6    0   0   0   0   0   1   0   0   0   2   2   0   0   6   0   0   0  84   5   0  3.93 0.99
   50 V    -2  -4  -2  -4  -2  -3  -3  -3   3   0  -2  -3  -2   2  -4  -2   5  -3   3   2    1   0   1   0   1   0   1   1   7   5   2   0   0   9   0   1  42   0  10  19  0.66 0.36
   51 V    -2  -5  -5  -5  -3  -4  -5  -5  -5   5   3  -4   1  -2  -5  -4  -2  -4  -3   4    2   0   0   0   0   0   0   0   0  41  27   0   2   0   0   0   1   0   0  26  0.95 0.38
   52 D    -5  -5   1   8  -6  -4  -2  -4  -4  -6  -7  -4  -6  -7  -5  -3  -4  -7  -6  -6    0   0   4  93   0   0   0   0   0   0   0   0   0   0   0   1   0   0   0   0  2.41 0.73
   53 V     0  -4  -5  -5   1  -4  -5  -5  -5  -1   5  -4   2   1  -5  -4  -2  -4  -3   1    8   0   0   0   3   0   0   0   0   0  71   0   4   4   0   1   1   0   0   8  0.98 0.41
   54 K    -3  -1  -3  -4  -6  -2  -2  -5  -4  -6  -6   8  -3  -6  -4  -3  -3  -6  -5  -5    1   1   0   0   0   0   0   0   0   0   0  95   0   0   0   1   1   0   0   0  2.16 0.73
   55 N    -3  -2   6   0  -4  -1   1  -2  -2  -4  -5   2  -4  -5  -4   1   2  -5  -4  -3    1   0  43   4   0   2   7   1   0   0   0  15   0   0   0  12  12   0   0   1  0.82 0.38
   56 G     0  -2   0   0  -1  -2  -1   5  -3  -4  -4   1  -4  -4  -1   0   0  -4  -4  -4    8   1   3   4   1   1   4  52   0   0   1   9   0   0   3   6   5   0   0   0  0.70 0.29
   57 K     0  -1   1  -1  -4   0   1   3  -3  -4  -4   3  -3  -4   0   2   0  -4  -4  -3    5   2   6   1   0   2   8  22   0   0   0  23   0   0   3  21   5   0   0   2  0.42 0.25
   58 G    -2  -4  -3  -3  -5  -3  -3   6  -4  -3  -3  -1  -4  -5   0  -2  -1  -5  -5   1    1   0   0   0   0   0   2  67   0   1   3   3   0   0   6   2   3   0   0  11  1.13 0.44
   59 S     1  -1   0   0  -1   0   0  -2  -1  -1  -3   3  -2  -3  -2   3   0  -3   1   0   10   0   3   4   1   3   5   1   1   3   0  20   0   0   1  27   6   0   7   8  0.26 0.21
   60 V     0  -1  -3  -3   0  -2  -1  -1  -3   2   0   0   1  -2  -2  -2  -1  -4   1   4    5   3   0   0   2   1   3   6   0   8   4   8   3   0   2   1   2   0   5  46  0.36 0.25
   61 L     0  -2  -2  -2  -3  -1   0   3  -1  -1  -1   1  -2  -1  -3  -1   1  -2   4  -1    5   1   1   2   0   1   7  28   1   3   4  10   0   1   0   2  10   0  17   5  0.27 0.21
   62 P     0  -1  -1  -1  -3   2   1   1   0  -3  -2   2  -2   0   2   0  -1  -3   2  -1   10   1   2   1   0  10   9  13   2   0   2  14   0   5  12   3   3   0   8   3  0.19 0.15
   63 N    -1  -2   2   1  -3  -1  -1   5  -1  -5  -5   0  -2  -4   2  -1  -2  -4   1  -3    4   1  12   7   0   2   2  44   1   0   0   5   1   0  10   2   1   0   5   1  0.62 0.30
   64 S     1  -2  -1  -1  -2   0   2   1  -1  -3  -2   1  -3  -4   3   1  -1  -4  -3  -3   15   0   1   2   1   3  18  10   1   0   3   8   0   0  18  14   2   0   0   1  0.35 0.21
   65 D     1  -2  -1   1  -3  -1   0   3  -2  -3  -3   1  -3  -4   3   1   0  -4  -4  -2   16   0   1  10   0   1   7  21   0   1   1  10   0   0  15   9   4   0   0   2  0.35 0.20
   66 K    -1   1  -1   1  -4   0   1   3  -3  -3  -3   2  -3  -4   2   0  -1  -4  -4  -2    4   7   1   8   0   3   7  24   0   1   1  18   0   0  13   5   3   0   0   3  0.34 0.20
   67 K    -2   0  -1  -2  -4  -1  -2  -3  -1  -5  -5   6  -4  -6   2   0   0  -6  -4  -5    2   3   2   2   0   1   0   1   1   0   0  66   0   0   9   6   4   0   0   0  1.11 0.50
   68 A     5  -4  -3  -4   0  -3  -4  -1  -4  -4  -4  -3  -4  -5   5  -1  -2  -5  -5   0   53   0   1   0   2   0   0   3   0   0   0   0   0   0  29   2   1   0   0   6  1.07 0.48
   69 D    -4  -4   1   8  -6  -2  -1  -3  -4  -6  -7  -3  -6  -7  -5  -2  -1  -7  -6  -6    1   0   6  83   0   1   2   1   0   0   0   1   0   0   0   1   4   0   0   0  1.97 0.65
   70 C     2  -5  -4  -5   6  -4  -5  -5  -5   0  -2  -4  -2  -4  -4  -3   2  -5  -4   5   15   0   0   0  19   0   0   0   0   2   1   0   0   0   0   0  16   0   0  46  0.98 0.44
   71 T    -2  -4  -2  -4  -4  -1  -1  -5  -3   1  -3  -3  -3  -4  -4  -1   7  -5  -4   2    1   0   1   0   0   3   3   0   0   6   0   1   0   0   0   1  69   0   0  13  1.22 0.54
   72 I    -4  -5  -5  -6  -4  -5  -5  -6  -5   4   3  -5   4   5  -5  -5  -3  -3  -2   0    0   0   0   0   0   0   0   0   0  30  30   0  12  25   0   0   0   0   0   4  0.99 0.40
   73 T    -1  -2   0  -3  -3  -2  -3  -3  -4   2  -2  -1  -2  -4  -4   2   5  -5  -4  -1    3   1   5   0   0   1   0   0   0  15   3   2   0   0   0  17  49   0   0   2  0.75 0.40
   74 M    -2  -4  -5  -6  -2  -4  -5  -6  -5   3   4  -4   6   1  -5  -4  -2  -4  -3   2    2   0   0   0   0   0   0   0   0  19  36   0  26   5   0   0   1   0   0  11  0.93 0.39
   75 A     1  -2   0   1  -3  -2  -1  -1  -3  -3  -3   2  -3  -5   0   4   1  -5  -4  -3   12   0   3   9   0   0   2   2   0   1   1  12   0   0   4  46   7   0   0   1  0.56 0.34
   76 D    -3  -4  -1   8  -6  -3   1  -4  -3  -6  -6  -3  -6  -6  -4   0  -1  -7  -6  -6    2   0   1  78   0   0   8   1   0   0   0   0   0   0   0   7   4   0   0   0  1.79 0.61
   77 S     1  -2  -1   3  -4   0   4  -1  -1  -4  -4   0  -2  -5  -1   1   0  -5  -4  -3   14   0   1  21   0   2  30   3   2   1   0   4   1   0   3  12   6   0   0   1  0.52 0.28
   78 D    -5  -5   1   8  -6  -3  -1  -4  -2  -3  -5  -4  -5  -6  -5  -3   0  -7  -6  -1    0   0   5  80   0   0   1   0   1   1   0   0   0   0   0   0   7   0   0   4  1.83 0.63
   79 F    -5  -6  -6  -7  -2  -6  -6  -6  -5  -1   1  -6   2   8  -7  -5  -5   0   0   0    0   0   0   0   1   0   0   0   0   2  10   0   6  75   0   0   0   1   0   5  1.88 0.61
   80 L     0  -3  -3  -4  -2  -1  -3   0  -4   1   1  -3   5   0  -4  -2  -1  -4  -1   3    8   0   0   0   0   3   1   8   0   8  12   1  19   4   0   1   3   0   1  30  0.41 0.26
   81 A     2  -1   0   3  -4   2   2  -1  -2  -4  -4   3  -3  -5  -2   0  -2  -5  -4  -4   16   0   5  18   0  10  16   2   0   0   1  26   0   0   1   4   0   0   0   0  0.54 0.30
   82 L    -4  -5  -6  -6  -4  -4  -5  -6  -5   2   5  -5   5   0  -5  -5  -3  -4  -3   2    0   0   0   0   0   0   0   0   0  12  54   0  18   3   0   0   0   0   0  13  1.04 0.42
   83 M     3  -4  -4  -5  -1  -4  -4  -3  -4   1  -1  -4   4   3  -4  -2  -2  -4  -1   3   33   0   0   0   1   0   0   1   0   7   2   0  12  13   0   2   0   0   1  29  0.62 0.35
   84 T     1  -2   0   0  -3   0   0  -2  -3  -1   1  -1   1  -2  -3   2   3  -3  -3  -1   10   0   5   6   0   5   6   0   0   2  17   1   3   0   0  21  19   0   0   2  0.24 0.21
   85 G    -3  -4  -1  -4  -6  -3  -5   7  -5  -7  -7  -4  -6  -7  -5  -3  -5  -6  -6  -7    0   1   2   0   0   1   0  96   0   0   0   1   0   0   0   0   0   0   0   0  2.28 0.69
   86 K    -3   1  -2  -3  -6   0  -1  -5  -4  -6  -6   7  -4  -6  -4  -2  -1  -6  -5  -5    0   3   1   1   0   3   2   0   0   0   0  86   0   0   0   1   3   0   0   0  1.80 0.65
   87 M     1  -4  -5  -5  -2  -3  -5  -5  -5   0   5  -4   4  -2  -5  -3  -2  -4  -4   0   15   0   0   0   1   0   0   0   0   4  62   0  13   0   0   1   2   0   0   3  0.92 0.41
   88 N    -4  -2   7   2  -6   0  -3  -4  -2  -6  -6   2  -4  -6  -2  -2  -2  -7  -5  -5    0   1  67  10   0   3   0   0   0   0   0  15   0   0   2   1   1   0   0   0  1.53 0.58
   89 P     3  -5  -4  -4  -5  -4  -4   2  -2  -5  -5  -4  -5  -6   7  -2  -4  -6  -6  -5   22   0   0   0   0   0   0  14   1   0   1   0   0   0  61   1   0   0   0   0  1.72 0.58
   90 Q    -2  -2  -2  -2  -6   8  -2  -5  -2  -6  -5  -2  -1  -6  -5  -3   1  -6  -5  -4    2   1   1   2   0  81   0   0   1   0   0   0   2   0   0   0  10   0   0   1  1.98 0.75
   91 S    -1   2   0  -3  -4   2  -2  -3  -3  -1  -2   5   4  -4  -3   0   1   0  -4  -2    3   8   3   0   0  10   0   1   0   3   2  41  11   0   0   6   9   1   0   1  0.57 0.33
   92 A     6  -4  -5  -5  -3  -4  -4  -3  -5  -3   1  -4  -2  -4  -4  -1  -3  -5  -5  -2   81   0   0   0   0   0   0   0   0   0  16   0   1   0   0   1   0   0   0   1  1.36 0.56
   93 F    -6  -6  -6  -7  -6  -6  -7  -7  -4  -3  -2  -6  -3   9  -7  -5  -5  -2   2  -4    0   0   0   0   0   0   0   0   0   0   2   0   0  94   0   1   0   0   3   0  2.70 0.76
   94 F    -4  -5  -6  -6  -5  -4  -6  -6  -5   0   1  -5   9   5  -6  -4  -3  -4  -2  -2    0   0   0   0   0   0   0   0   0   3   8   0  60  26   0   1   1   0   0   1  1.89 0.65
   95 Q     0   1   0  -2  -4   4  -1   0  -1  -4  -4   1  -1  -4  -3   3   2  -4  -4  -3    8   6   4   0   0  20   0   7   1   0   0   9   2   0   0  32  11   0   0   1  0.48 0.30
   96 G    -3  -4  -3  -4  -6  -3  -5   7  -5  -7  -7  -2  -6  -6  -5  -3  -5  -6  -6  -6    0   1   0   0   0   1   0  96   0   0   0   2   0   0   0   1   0   0   0   0  2.22 0.64
   97 K    -1   2  -3  -4  -6   0  -2  -4  -4  -5  -4   7  -4  -6  -4  -3  -4  -6  -5  -5    4   6   0   0   0   2   0   1   0   0   1  85   0   0   0   0   0   0   0   0  1.73 0.61
   98 L    -4  -5  -6  -6  -4  -5  -5  -6  -5   1   6  -5   3   0  -5  -5  -4  -4  -3   0    0   0   0   0   0   0   0   0   0   7  79   0   7   4   0   0   0   0   0   3  1.31 0.47
   99 K    -4   0  -3  -4  -6  -1  -2  -5  -4  -6  -6   8  -3  -6  -4  -3  -3  -6  -5  -5    0   2   1   0   0   1   0   0   0   0   0  94   0   0   0   1   1   0   0   0  2.06 0.67
  100 I     0  -5  -4  -5  -3  -5  -5  -5  -5   6   0  -5  -1  -2  -5  -4  -1  -5  -3   4    6   0   1   0   0   0   0   0   0  57   3   0   0   0   0   0   3   0   1  29  1.12 0.43
  101 T    -1   2  -2  -3  -5   2  -1  -3   0  -4  -4   6  -3  -5  -2   1   1  -5  -4  -4    3   9   0   0   0   9   0   1   2   0   0  54   0   0   1  10   9   0   0   0  0.88 0.39
  102 G    -3  -6  -4  -4  -6  -5  -5   7  -5  -7  -7  -5  -6  -6  -2  -3  -5  -6  -6  -6    0   0   0   0   0   0   0  98   0   0   0   0   0   0   2   0   0   0   0   0  2.35 0.66
  103 N    -3  -3   8   3  -5  -1  -3  -3  -2  -6  -6   0  -5  -6  -5   1  -3  -7  -5  -6    1   0  71  13   0   1   0   0   1   0   0   5   0   0   0   8   0   0   0   0  1.64 0.56
  104 M    -2  -4  -5  -6  -4  -2  -5  -6  -5   4   1  -4   8  -2  -5  -4  -3  -4  -4   3    3   0   0   0   0   1   0   0   0  27  10   0  43   0   0   0   0   0   0  16  1.22 0.46
  105 G     1  -3  -3  -4  -4  -1  -4   3  -4  -2   0  -4   8  -3  -3   0  -1  -4  -4  -2   10   0   1   0   0   3   0  22   0   1   5   0  46   0   1   8   2   0   0   1  0.96 0.43
  106 L     0  -2  -4  -5  -4  -3  -3  -5  -4  -1   5   3   2  -1  -4  -3  -3  -4  -3  -1    7   1   0   0   0   0   0   0   0   1  60  22   4   2   0   0   0   0   0   2  0.78 0.36
  107 A     6  -4  -4  -4  -3  -3  -3  -1  -4  -4  -3  -3  -2  -5  -1   2  -1  -5  -4  -3   77   0   0   0   0   0   0   4   0   0   2   0   1   0   2  12   3   0   0   0  1.18 0.48
  108 M    -1  -3  -3  -3  -4   5  -2  -4  -1   1  -1  -3   6  -4  -4  -2   4  -3  -3  -2    4   0   0   0   0  29   0   0   1   7   4   0  29   0   0   1  25   0   0   1  0.91 0.44
  109 K    -2   0  -2  -4  -3  -2  -2  -5  -4  -6  -3   8  -4  -6  -4  -2  -4  -6  -5  -5    2   2   1   0   1   0   0   0   0   0   2  91   0   0   0   1   0   0   0   0  1.87 0.63
  110 L    -3  -5  -6  -6  -2  -5  -5  -6  -5   1   6  -5   3   2  -5  -5  -4  -4  -3  -1    1   0   0   0   1   0   0   0   0   5  78   0   6   9   0   0   0   0   0   1  1.26 0.44
  111 Q    -2  -1  -1   2  -5   4   4  -1  -2  -3  -4   0  -1  -5  -1  -1   1  -5  -4  -3    2   3   2  12   0  20  35   5   0   1   0   4   1   0   2   2  10   0   0   0  0.59 0.29
  112 N    -1   0   1   0  -3   0  -1   0  -1  -3  -3   2   2  -4   4   0   1  -4  -3  -1    5   5   9   6   0   3   3   8   1   0   1  13   8   0  22   5  10   0   0   3  0.34 0.18
  113 L    -2  -3  -4  -3  -3  -3  -4  -4  -1   4   4  -4   1  -1  -2  -3  -2  -3  -2   3    1   1   0   2   0   0   0   1   2  26  41   0   2   1   2   0   0   0   0  18  0.63 0.26
  114 Q    -3  -2  -2   1  -3   3  -2  -4  -3   0   3   0   4   2  -3  -3  -2  -3  -2  -1    0   0   1   8   0  16   1   0   0   2  33   7  16  10   0   1   1   0   0   1  0.43 0.25
  115 L    -1   0   0  -2  -3  -1  -1  -1  -2   0   1   4  -1  -2   0  -1   0  -4  -2  -1    4   3   5   1   0   1   1   4   0   8  16  39   0   2   4   3   6   0   0   3  0.27 0.20
  116 Q     0   1  -1   2  -4   4   1  -2   0  -3  -2   3  -2   0  -1  -1  -1  -4  -2  -3    9   5   2  14   0  21   5   2   1   0   2  23   0   6   2   3   3   0   0   1  0.35 0.20
  117 P     2  -2  -1  -3  -2   1  -2  -1  -2  -2  -1   0   3  -2   4  -1  -2   3   2  -2   21   1   2   1   0   7   1   4   0   1   6   6  10   0  20   2   1   4  10   1  0.35 0.21
  118 G     2  -1   1  -1  -2   2  -1   1   0  -2  -1   1  -1  -2   2   0   0  -3  -2  -1   23   2   7   1   0  10   1  10   3   1   5  10   1   1   9   6   5   0   0   3  0.18 0.13
  119 N    -3   1   1   0  -5   0  -1  -3  -2  -4  -5   6  -3  -5   1  -2  -3  -5  -4  -4    0   5   7   5   0   3   2   1   1   1   0  65   1   0   7   1   0   0   0   0  1.09 0.44
  120 A     5  -4  -3  -4  -3  -3  -3  -2  -4  -3  -4  -2  -3  -5   0   4  -2  -5  -4  -1   63   0   0   0   0   0   0   0   0   1   0   1   0   0   3  29   0   0   0   3  1.04 0.43
  121 K    -3   0  -1  -4  -6  -1  -2  -4  -4  -6  -5   8  -4  -6  -4  -3  -1  -6  -5  -5    1   2   2   0   0   0   0   0   0   0   0  93   0   0   0   0   3   0   0   0  1.88 0.59
  122 L    -4  -5  -6  -6  -4  -5  -6  -6  -5   0   6  -5   1  -2  -6  -5  -4  -4  -4  -2    0   0   0   0   0   0   0   0   0   2  96   0   3   0   0   0   0   0   0   0  1.61 0.49

                      K         Lambda
Standard Ungapped    0.1333     0.3139
Standard Gapped      0.0537     0.2670
PSI Ungapped         0.1759     0.3192
PSI Gapped           0.0537     0.2670
