
Last position-specific scoring matrix computed, weighted observed percentages rounded down, information per position, and relative weight of gapless real matches to pseudocounts
            A   R   N   D   C   Q   E   G   H   I   L   K   M   F   P   S   T   W   Y   V   A   R   N   D   C   Q   E   G   H   I   L   K   M   F   P   S   T   W   Y   V
    1 H    -3  -1   3  -2  -4   1  -1  -3   9  -5  -4  -2  -3  -3  -3  -2  -3  -4   0  -4    0   0  15   0   0   5   0   0  79   0   0   0   0   0   0   0   0   0   0   0  1.57 0.24
    2 P    -2  -4  -2   0  -5  -1  -1  -4  -4  -5  -5  -3  -4  -5   8  -2  -3  -6  -5  -4    1   0   1   4   0   3   3   0   0   0   0   0   0   0  87   1   0   0   0   0  2.22 0.33
    3 Q    -3  -2   7   4  -5   1  -1  -1   0  -5  -5  -2  -4  -5  -4  -1  -2  -6  -4  -5    0   0  64  22   0   8   0   4   1   0   0   0   0   0   0   1   0   0   0   0  1.26 0.32
    4 P     4  -4  -4  -4  -2  -3  -3  -3  -4  -4  -4  -3  -4  -5   7  -1  -2  -5  -4  -2   40   0   0   0   1   0   0   0   0   0   0   0   0   0  56   2   0   0   0   2  1.52 0.34
    5 F    -4  -3  -5  -5  -4  -4  -5  -5  -2  -1   2  -4   2   7  -5  -4  -3  -1   4  -1    0   1   0   0   0   0   0   0   0   0  22   0   4  53   0   0   0   0  17   2  1.13 0.28
    6 E     0  -1  -1   1  -4   2   6  -2  -2  -4  -4   1  -3  -5  -3   0  -1  -4  -4  -4    9   1   2   4   0   7  61   1   0   0   0  10   0   0   0   5   2   0   0   0  0.84 0.25
    7 E    -2   0  -2  -1  -2   1   6  -4  -2   2  -3   1  -3  -4  -3  -2  -2  -5  -4  -3    1   4   0   0   1   3  68   0   0  15   1   7   0   0   0   0   1   0   0   0  0.94 0.30
    8 G    -1  -5  -3  -4  -5  -4  -4   7  -4  -6  -6  -4  -5  -5  -4  -2  -4  -5  -5  -5    2   0   0   0   0   0   0  98   0   0   0   0   0   0   0   0   0   0   0   0  1.99 0.40
    9 L    -2   0  -3  -1   2   2  -2  -4  -3   1   2   2   3  -2  -3  -2  -2  -3  -2   1    0   3   0   3   6  11   0   0   0   5  29  20   9   0   0   0   0   0   0  14  0.28 0.15
   10 R    -1   4  -1   1  -4   2   3  -3  -2  -1  -3   3  -2  -4  -3  -1  -1  -4  -3  -3    2  27   1   6   0  11  19   0   0   5   1  26   0   0   0   1   1   0   0   1  0.55 0.19
   11 R    -2   2  -1  -3  -1  -1  -2  -4   0   2   2   2   1   0  -3  -2  -2  -3   1   0    0  17   2   0   1   2   0   0   2  15  32  15   4   2   0   1   0   0   5   2  0.25 0.13
   12 L    -1  -3  -4  -5  -2  -3  -4  -4  -3   0   4  -3   6   2  -4  -2  -2  -3  -2   0    4   1   0   0   1   0   0   0   0   0  43   0  35  10   0   2   0   0   0   3  0.79 0.25
   13 Q     0   3   0   0  -4   2   4  -2   0  -3  -2   2  -1  -4  -2  -1  -1  -4  -3  -3    6  19   2   2   0   9  36   1   2   0   2  14   2   0   0   0   2   0   0   0  0.50 0.17
   14 E     0   0   2   0  -4   1   4  -2   2  -3  -3   2  -1  -4  -2   0  -1  -4  -3  -3    9   2  14   2   0   4  39   0   5   0   2  13   2   0   0   6   1   0   0   0  0.46 0.16
   15 G    -2  -4  -1  -3  -4  -3  -3   7  -4  -5  -5  -3  -4  -5  -4  -2  -2  -4  -5  -5    0   0   2   0   0   0   1  92   0   0   0   0   0   0   0   0   2   0   0   0  1.72 0.34
   16 D    -3  -1   4   5  -4  -1   0  -3  -1  -4  -1   1  -3  -4  -3   0  -1  -5  -4  -4    0   1  22  46   0   0   2   0   1   0   8  13   0   0   0   5   2   0   0   0  0.73 0.22
   17 L    -3  -4  -5  -5  -3  -4  -4  -5  -4   3   5  -4   0   0  -4  -4  -3  -3  -3   0    0   0   0   0   0   0   0   0   0  14  80   0   0   2   0   0   0   0   0   2  1.02 0.27
   18 P     1  -2  -1  -2  -3  -2  -2  -2  -3  -3  -4  -2  -3  -4   6   4  -1  -5  -4  -3    8   1   3   0   0   0   0   2   0   2   0   0   0   0  37  47   0   0   0   0  1.02 0.28
   19 N    -1  -2   3   1  -3  -1   3   0  -2  -2   1  -1  -1  -3  -3   2  -1  -4  -3  -1    1   0  18   5   0   0  25   5   0   1  20   0   1   0   0  19   1   0   0   3  0.28 0.15
   20 A     6  -3  -3  -3  -2  -3  -3  -2  -3  -3  -3  -3  -3  -4  -3   0   0  -4  -4  -2   89   0   0   0   0   0   0   0   0   0   0   0   0   0   0   4   5   0   0   0  1.20 0.34
   21 V     3  -3  -4  -4  -2  -3  -3  -2  -4   2  -1  -3   1  -2  -3  -1  -1  -4  -3   4   36   0   0   0   0   0   0   1   0  12   1   0   3   0   0   1   0   0   0  45  0.59 0.22
   22 L    -3  -1  -5  -5  -3  -4  -4  -5  -4   0   6  -4   2  -1  -4  -4  -3  -3  -3  -1    0   3   0   0   0   0   0   0   0   0  92   0   3   0   0   0   0   0   0   0  1.20 0.31
   23 L     4  -3  -3  -4   6  -3  -3  -2  -3  -2   1  -3  -1   0  -3  -1  -2  -3   0  -1   51   0   0   0  18   0   0   0   0   0  20   0   0   5   0   0   0   0   4   0  0.63 0.23
   24 F    -4  -4  -5  -5  -4  -5  -5  -5  -3  -2   2  -5   0   8  -5  -4  -4  -1   2  -2    0   0   0   0   0   0   0   0   0   0  20   0   2  73   0   0   0   0   3   0  1.49 0.34
   25 E    -3  -2  -2  -1  -6   0   7  -4  -2  -5  -5  -1  -4  -5  -3  -2  -3  -5  -4  -5    0   0   0   0   0   0  97   0   0   0   0   0   0   0   0   0   0   0   0   0  1.84 0.43
   26 A     6  -2  -3  -3  -2  -2  -2  -2  -3  -3  -3  -2  -3  -4  -3   0  -2  -4  -3   0   84   2   0   0   0   0   1   0   0   0   0   2   0   0   0   5   0   0   0   5  1.04 0.32
   27 A     6  -2  -3  -2  -2  -2   1  -2  -3  -3  -3  -1  -3  -4  -3  -1  -2  -4  -3  -1   80   1   0   1   0   0   9   0   0   0   0   3   0   0   0   0   0   0   0   3  0.94 0.30
   28 V     1  -4  -4  -4   1  -3  -4  -4  -4   2  -1  -2  -1  -2  -4  -3  -1  -4  -3   6   12   0   0   0   4   0   0   0   0  11   1   2   0   0   0   0   1   0   0  68  0.82 0.26
   29 Q    -2  -1  -2  -2  -4   7   0  -4   0  -3   1   2   0  -4  -3  -1  -2  -4  -3  -3    3   1   0   0   0  62   1   0   1   0  16  10   2   0   0   2   0   0   0   0  0.95 0.31
   30 Q    -1   2  -1  -2  -4   5   1  -3   0  -2  -2   4  -2  -4  -3  -1  -2  -4  -3  -3    3   9   1   0   0  32   6   0   2   2   3  38   0   0   0   1   1   0   0   1  0.69 0.23
   31 D    -3  -2   4   5  -4   1   2  -2   0  -3  -4  -1  -4  -4  -3  -1  -2  -5  -4  -4    0   0  26  44   0   7  12   2   1   2   0   2   0   0   0   1   1   0   0   0  0.87 0.24
   32 P    -2  -3  -3  -2  -5  -2   1  -3  -4  -3  -5  -2  -4  -5   8  -1  -2  -5  -5  -4    1   1   1   1   0   1  10   1   0   1   0   1   0   0  76   2   2   0   0   0  1.88 0.36
   33 K    -1   0   3   2  -3   2   3   0   1  -4  -4   1  -3  -4  -2   1  -1  -4  -2  -3    3   2  15  13   0  10  24   5   3   0   0   8   0   0   0  13   1   0   1   0  0.40 0.13
   34 H    -3   0   4   3  -5  -2  -1  -3   8  -4  -5  -2  -4  -2  -4  -1  -3  -4  -1  -4    0   5  21  20   0   0   0   0  46   1   0   0   0   2   0   3   0   0   0   0  1.17 0.31
   35 M     3  -3  -3  -3  -2  -1  -2  -2  -3   1  -1  -2   2  -3   0   1   0  -4  -3   3   30   0   0   0   0   3   0   0   0   6   1   0   7   0   5  15   2   0   0  29  0.33 0.16
   36 E    -2  -2   0   3  -5   2   6  -3  -2  -4  -2   0  -2  -4  -3  -1  -2  -4  -4  -4    1   0   3  17   0   6  61   1   0   0   4   2   1   0   0   2   0   0   0   0  0.94 0.27
   37 A     6  -2  -3  -3  -2  -3  -3   1  -3  -1  -3  -3  -3  -2  -3  -1  -1  -4  -3  -1   78   2   0   0   0   0   0  10   0   3   0   0   0   1   0   0   1   0   0   3  0.92 0.29
   38 W    -5  -3  -6  -7  -5  -5  -6  -5  -5  -5  -5  -6  -4  -2  -6  -5  -5  13  -1  -6    0   2   0   0   0   0   0   0   0   0   0   0   0   0   0   0   0  96   0   0  4.15 0.64
   39 Q    -1   1  -2  -2   0   4   1  -3  -2  -1   1   0   0   0  -3  -1   0  -3  -1   1    3  10   0   1   3  28   6   1   0   0  19   2   2   3   0   1   8   0   2  11  0.22 0.13
   40 Y    -2   1  -2  -3  -2   0  -2  -4   2  -1   2   1   2   1  -3  -2  -1   0   4  -1    2   7   1   1   0   4   1   0   6   0  26  12   8   4   0   0   2   1  22   3  0.29 0.14
   41 L    -3  -4  -5  -5   0  -4  -4  -5  -5   0   6  -4   0  -2  -5  -4  -3  -4  -3  -1    0   0   0   0   2   0   1   0   0   1  95   0   0   0   0   0   0   0   0   0  1.32 0.34
   42 G    -2  -4  -2  -3  -4  -4  -4   7  -4  -5  -4  -4  -4  -5  -4  -2  -4  -4  -5  -5    1   0   0   0   0   0   0  95   0   0   2   0   0   0   0   0   0   0   0   0  1.86 0.37
   43 T     0  -1   0  -2  -2   0   0  -2  -2   1   1   0   1  -1  -2   1   3  -3  -2   0    4   1   4   0   0   5   7   1   0  12  12   5   4   2   0   9  31   0   0   2  0.18 0.11
   44 T     3  -1  -2  -3   2  -2  -2  -2  -3  -1  -2  -1  -2  -3  -2   2   4  -4  -3   2   26   3   0   0   5   0   0   0   0   0   2   1   0   0   0  13  31   0   0  17  0.40 0.18
   45 Q    -3   0  -2  -3  -5   8  -1  -4   4  -5  -4  -1  -3  -5  -4  -2  -3  -4  -3  -5    0   2   1   0   0  84   0   0  11   0   1   0   0   0   0   0   0   0   0   0  1.78 0.45
   46 A     6  -3  -3  -3   0   0  -3  -2  -3  -3  -3  -2  -3  -4  -3  -1   2  -4  -4  -2   79   0   0   0   2   4   0   0   0   1   0   0   0   0   0   0  13   0   0   0  1.02 0.32
   47 E    -2  -2  -2   0  -1   5   6  -4  -2  -5  -4  -1  -2  -5  -3  -2  -2  -4  -4  -4    1   0   0   2   2  35  57   0   0   0   0   0   1   0   0   0   1   0   0   0  1.24 0.34
   48 N    -4  -3   8  -1  -5  -2  -3  -3  -2  -5  -4  -3  -4  -5  -4  -1  -2  -6  -4  -5    0   0  95   0   0   0   0   0   0   0   1   0   0   0   0   2   0   0   0   0  2.07 0.46
   49 E    -3  -1  -2   2  -6   0   7  -4  -2  -6  -5  -1  -4  -6  -3  -2  -3  -5  -4  -5    0   2   0   8   0   0  90   0   0   0   0   0   0   0   0   0   0   0   0   0  1.69 0.41
   50 Q    -3   1   2   1  -5   4   0  -3   1  -4  -4   5   1  -4  -3  -2  -2  -4  -3  -4    0   5  10  10   0  28   0   0   3   0   0  40   5   0   0   0   0   0   0   0  0.75 0.25
   51 E    -3  -3  -2   5  -6  -1   6  -4  -2  -5  -5  -2  -4  -5  -1  -2  -3  -5  -5  -5    0   0   0  37   0   0  61   0   0   0   0   0   0   0   2   0   0   0   0   0  1.41 0.35
   52 L    -1  -2  -1  -1   0   3   0  -2  -2   0   1  -1   0  -1   3   0   1  -3  -2  -1    3   0   2   1   3  18   6   1   0   7  17   0   1   3  18   9   9   0   1   0  0.25 0.12
   53 L     3  -2   0  -2  -3   2  -1  -1  -2  -2   0  -1  -1  -2   3   1  -1  -4  -3  -2   36   1   6   1   0  15   0   2   0   0  12   3   1   1  14   7   1   0   0   0  0.35 0.16
   54 A     6  -2  -3  -4  -3  -3  -3   2  -4  -4  -4  -3  -3  -4  -3   0  -1  -5  -4  -2   81   2   0   0   0   0   0  14   0   0   0   0   0   0   0   2   1   0   0   0  1.09 0.33
   55 I    -3  -5  -5  -5  -3  -5  -5  -6  -6   7   0  -5  -1  -2  -5  -4  -2  -5  -4   1    1   0   0   0   0   0   0   0   0  95   1   0   0   0   0   0   2   0   0   1  1.63 0.40
   56 S     3   3   0  -2   0  -1  -2  -2  -2  -2  -3  -1  -2  -3  -1   2   0  -4  -2   0   31  24   4   0   2   0   0   1   0   1   0   1   0   0   2  22   5   0   0   9  0.38 0.18
   57 A     6  -4  -3  -4  -1  -3  -3  -2  -4  -4  -4  -3  -3  -4  -3   1  -2  -5  -2  -2   91   0   0   0   1   0   0   0   0   0   0   0   0   0   0   7   0   0   1   0  1.31 0.37
   58 L    -3  -4  -5  -3  -3  -4  -4  -5  -4   0   5  -4   3   2  -5  -4  -2  -3  -1  -1    0   0   0   1   0   0   0   0   0   0  79   0   9   7   0   0   2   0   2   0  1.02 0.29
   59 R    -2   3   2  -1  -5   2   4  -3   1  -4  -3   3   2  -4  -3  -2  -2  -4  -3  -4    0  16  11   0   0  10  36   0   3   0   0  17   8   0   0   0   0   0   0   0  0.64 0.22
   60 R    -2   5  -1  -2  -5   3   0  -3   1  -5  -4   4  -3  -5  -3  -2  -3  -4  -3  -4    1  42   2   0   0  18   3   1   4   0   0  29   0   0   0   0   0   0   0   0  0.93 0.27
   61 C     4  -5  -4  -5   9  -4  -4  -3  -4  -3  -4  -4  -3  -5  -4   0  -2  -5  -4  -3   41   0   0   0  54   0   0   0   0   0   0   0   0   0   0   5   0   0   0   0  1.70 0.39
   62 L    -3  -2  -4  -5  -3   0  -4  -5  -1   2   5  -3   1  -1  -4  -4  -2  -3  -2   1    0   1   0   0   0   6   0   0   2  11  69   0   2   0   0   0   1   0   1   6  0.75 0.23
   63 E    -1   0  -1   2  -2   1   5  -3  -2  -4  -4   3  -3  -5  -3   0  -1  -4  -3  -4    2   3   1  10   1   5  45   1   0   0   0  23   0   0   0   6   3   0   0   0  0.68 0.22
   64 L     0  -4  -5  -5  -3  -3  -3  -4  -3   2   5  -4   1   0  -4  -3  -2  -3  -2   0    9   0   0   0   0   0   1   0   0  11  70   0   1   2   0   1   0   0   0   4  0.75 0.23
   65 K    -3   0   2   6  -5   3   1  -3   2  -5  -5   1  -4  -5  -3  -1  -2  -5  -4  -4    0   3   8  49   0  17   6   1   4   0   0   9   0   0   0   2   0   0   0   0  0.89 0.25
   66 P    -3  -3  -2  -3  -5  -2  -3  -2  -4  -5  -5  -2  -5  -6   8  -2  -3  -6  -5  -4    1   1   2   1   0   1   1   2   0   0   0   1   0   0  88   2   0   0   0   0  2.39 0.44
   67 D    -1   0   5   3  -3   0   1   0   1  -3  -4   0  -2  -4  -3   1   2  -4  -3  -3    2   3  33  15   0   2   8   8   3   0   0   3   1   0   0   8  13   0   0   0  0.47 0.16
   68 N    -4  -2   8  -1  -1  -1  -3  -3  -2  -5  -3  -3  -4  -5  -4  -2  -2  -6  -5  -5    0   1  93   1   1   2   0   0   0   0   3   0   0   0   0   0   0   0   0   0  1.95 0.45
   69 Q    -2   0  -3  -4  -3   0  -2  -2  -3   0   5  -2   1  -2  -2  -1  -2  -3  -3   0    2   7   1   0   0   6   1   3   0   0  68   1   2   0   2   4   0   0   0   2  0.56 0.22
   70 T     0  -1  -1   2  -3   1   3  -2  -1  -2  -3   0  -1  -4   2   0   2  -4  -3  -1    6   1   1  14   0   6  23   1   1   1   0   6   1   0   9   4  22   0   0   3  0.36 0.14
   71 A     6  -4  -4  -4  -2  -3  -3  -1  -4  -2  -3  -3  -3  -4  -3  -1  -2  -5  -4   2   82   0   0   0   0   0   0   2   0   0   0   0   0   0   0   0   0   0   0  16  1.10 0.34
   72 L    -3  -3  -5  -6  -3  -4  -5  -5  -4   0   5  -4   3  -1  -5  -4  -3   4  -1  -1    0   1   0   0   0   0   0   0   0   2  83   0   7   0   0   0   0   6   2   0  1.13 0.31
   73 M    -3  -4  -5  -5  -4  -2  -4  -5  -4   0   2  -2   9  -2  -5  -4  -3  -4  -3  -1    0   0   0   0   0   1   0   0   0   3  19   3  73   0   0   0   0   0   0   1  1.68 0.42
   74 A     4  -3   0  -3  -1  -2  -2   2  -3  -3  -3  -2  -3  -4  -3   2   2  -4  -3  -2   54   0   3   0   1   0   0  16   0   0   0   0   0   0   0  12  13   0   0   0  0.66 0.23
   75 L    -2  -4  -5  -6  -3  -4  -5  -6  -5   0   6  -4   0  -2  -5  -4  -3  -4  -3   0    2   0   0   0   0   0   0   0   0   2  94   0   0   0   0   0   0   0   0   2  1.32 0.34
   76 A     6  -3  -3  -4  -2  -3  -3   1  -4  -4  -4  -3  -3  -4  -3   1  -2  -5  -4  -2   82   0   0   0   0   0   0   8   0   0   0   0   0   0   0   9   0   0   0   0  1.13 0.34
   77 V     0  -4  -5  -5  -3  -4  -4  -5  -5   3  -1  -4   0  -3  -4  -3  -2  -5  -3   6    7   0   0   0   0   0   0   0   0  16   0   0   1   0   0   0   1   0   0  75  1.09 0.31
   78 S     0  -3  -2  -3   4  -2  -3  -2  -3  -5  -5  -3  -4  -5  -3   6  -1  -5  -4  -4    2   0   0   0   8   0   0   2   0   0   0   0   0   0   0  88   0   0   0   0  1.37 0.40
   79 F    -4  -4  -4  -5  -5  -4  -4  -5   4  -3   0  -4  -3   4  -5  -4  -4   0   8  -3    0   0   0   0   0   0   1   0   8   0   8   0   0  15   0   0   0   0  68   0  1.67 0.38
   80 T     0  -3  -2  -3  -3  -3  -3  -4  -4   1  -3  -3  -2  -4  -3  -1   7  -5  -4  -1    5   0   0   0   0   0   0   0   0  11   0   0   0   0   0   0  82   0   0   2  1.29 0.38
   81 N    -4  -3   8  -1  -5  -2  -3  -3  -2  -6  -6  -3  -5  -6  -5  -2  -3  -6  -5  -6    0   0 100   0   0   0   0   0   0   0   0   0   0   0   0   0   0   0   0   0  2.30 0.50
   82 E    -3  -2  -2   0  -6   0   7  -4  -2  -4  -5  -1  -4  -5  -3  -1   0  -5  -4  -4    0   0   0   2   0   0  89   0   0   1   0   0   0   0   0   2   5   0   0   0  1.59 0.40
   83 S    -1  -3   0  -2   0  -2  -3   4  -1  -4  -1  -2  -3  -3  -3   4  -1  -4  -4  -3    0   1   4   0   2   0   0  43   1   0   8   1   0   1   0  39   0   0   0   1  0.71 0.24
   84 L    -3  -3  -4  -4   2   0   0  -5   1  -2   2  -3   3   0  -4  -3  -3  -1   6  -1    0   0   0   0   6   4   8   0   3   0  23   0  11   1   0   0   0   0  42   3  0.76 0.25
   85 Q    -2   0  -1   5  -5   5   1  -2   1  -5  -4  -1  -3  -3  -1  -1  -3  -4  -1  -4    2   4   0  37   0  41   3   1   3   0   1   2   0   1   2   1   0   0   2   0  0.88 0.28
   86 R     0   1   3  -1  -3   1  -1  -1   1  -2  -1   1  -1  -3   0   2   0  -4  -2  -1    9  10  18   1   0   6   0   1   5   0   5   8   1   0   3  20   6   0   1   5  0.21 0.11
   87 Q     1  -1   0   1  -3   4   2  -2   1  -3  -3  -1  -2  -4  -2   0   2  -4  -1  -2   17   0   3   7   0  31  11   0   3   0   2   1   0   0   0   5  17   0   1   0  0.44 0.19
   88 A     7  -4  -4  -4  -3  -3  -3  -2  -4  -4  -4  -3  -3  -5  -3   0  -2  -5  -4  -2   98   0   0   0   0   0   0   0   0   0   0   0   0   0   0   2   0   0   0   0  1.52 0.41
   89 C    -3  -4  -4  -5   7  -4  -5  -4  -1  -2   1  -4  -2   3  -5  -3  -3  -1   6  -1    1   0   0   0  33   0   0   1   1   0  16   0   0  11   0   0   0   0  33   3  1.13 0.29
   90 E     0   3   0   1  -3   1   2  -3   1  -2  -2   2  -2  -3  -2   0   0  -4  -2  -2    8  23   4   5   0   6  19   0   3   2   5  13   0   0   0   6   5   0   0   2  0.30 0.12
   91 I     1  -3  -2  -3   1  -1  -3  -3  -1  -2  -2  -2   4  -2  -3   0   5  -3   2  -1   13   0   0   0   2   3   0   0   1   1   0   0  18   0   0   4  48   0   8   2  0.62 0.25
   92 L    -4  -4  -6  -6  -3  -4  -5  -6  -5   0   6  -5   0  -2  -5  -5  -3  -4  -3  -1    0   0   0   0   0   0   0   0   0   0 100   0   0   0   0   0   0   0   0   0  1.49 0.37
   93 R    -2   3   1  -1  -3   0   4  -2   0  -2  -1   2  -1  -2  -3  -1  -2  -3   1  -2    0  17   6   0   1   1  39   2   1   2   5  12   1   1   0   3   1   0   7   2  0.43 0.17
   94 D    -2   5   1   3  -4   1   1   0  -1  -4  -3   1  -3  -4  -3   0  -1  -4  -3  -4    2  41   6  17   0   5   5   7   1   0   1   7   0   0   0   7   2   0   0   0  0.56 0.18
   95 W    -6  -6  -7  -8  -6  -5  -6  -6  -6  -6  -5  -6  -5  -2  -7  -6  -6  13  -1  -6    0   0   0   0   0   0   0   0   0   0   0   0   0   0   0   0   0 100   0   0  4.47 0.69
   96 L    -3  -4  -5  -5  -3  -4  -5  -5  -5   4   5  -4   1  -1  -4  -4  -3  -3  -3   1    0   0   0   0   0   0   0   0   0  23  69   0   2   1   0   0   0   0   0   4  0.97 0.26
   97 R     1   3   0   0  -1   1   1  -1   0  -2  -1   2  -1  -2  -1   0  -1  -2  -1  -1   12  20   3   3   1   5  11   2   3   2   7  14   1   1   1   4   3   0   2   4  0.15 0.06
   98 Y     1   0   2  -1   0   1  -1  -1   4  -1  -2   0  -1  -1  -1   0  -1  -1   2   0   13   3  15   2   2   7   2   2  15   2   3   8   1   1   2   3   2   0  10   7  0.16 0.07
   99 T    -1  -1   5  -1  -3  -1  -1  -2   5  -2  -3   0  -2  -3  -2   2   1  -3  -2  -3    1   1  33   1   0   1   2   1  19   2   2   4   0   1   1  22   8   0   1   1  0.56 0.17
  100 P    -1  -3  -2  -2  -3   1   0  -3   0  -3  -3  -2  -3  -4   6  -1   2  -4  -3   0    3   0   0   1   0   7   6   0   2   0   1   0   0   0  49   4  15   0   0  10  0.98 0.23
  101 A     0   2  -2  -3  -5   0  -1  -2  -2  -4  -4   6  -3  -5  -3  -2  -2  -5  -4  -4    9  10   0   0   0   1   0   3   1   0   1  75   0   0   0   0   0   0   0   0  1.13 0.32
  102 Y    -4  -4  -5  -6  -5  -4  -5  -3  -1  -4  -4  -4  -4   0  -6  -4  -4   0   9  -4    0   0   0   0   0   0   0   3   0   0   0   0   0   0   0   0   0   0  97   0  2.57 0.52
  103 A     1   0  -1  -2  -3   0  -1   1  -1  -4  -4   2  -3  -4   5   1  -1  -4  -3  -3   13   5   2   0   0   3   2  10   1   0   0  17   0   0  36   9   2   0   0   0  0.69 0.19
  104 H    -1  -2   1   1  -4   3   1  -2   7  -3  -3  -1  -3  -3  -3   1   1  -4   0  -3    4   0   5  10   0  16   7   2  33   0   2   0   0   0   0  10   8   0   3   1  0.59 0.21
  105 L    -3  -4  -5  -5  -3  -4  -4  -5  -4   4   4  -4   1  -1  -4  -4  -2  -3  -3   2    0   0   0   0   0   0   0   0   0  25  59   0   1   1   0   0   0   0   0  14  0.85 0.24
  106 V     2  -3  -3  -3  -1  -1  -2  -3  -1   2   1  -2   0  -1  -3  -1   0  -2  -2   3   24   0   0   0   1   2   1   0   1  11  13   1   1   1   0   3   4   0   0  36  0.32 0.15
  107 P     0   0   0   1  -3   1   1  -1  -2  -3  -3   2  -3  -4   5   1  -1  -4  -3  -2    5   4   2   8   0   6   6   4   0   1   1  16   0   0  30  11   3   0   0   1  0.52 0.14
  108 S     0   0   0   0  -3   1   1  -1   0  -3  -4   0  -2  -4   4   3   0  -4  -3  -3    7   5   4   3   0   6   7   4   3   1   0   3   1   0  25  28   2   0   0   0  0.50 0.16
  109 K     1   1   1   1  -3   1   2  -2   2  -3  -3   3  -2  -3   0   0   0  -4  -1  -2   12   4   7   7   0   3  17   1   6   0   1  25   0   0   5   5   4   0   2   1  0.29 0.11
  110 R     0   3   1   1  -3   1   1  -1   0  -1  -2   0  -1  -2   2   0   0  -3  -2  -2    9  24   6   7   0   4   8   4   2   5   2   2   1   1  11   8   6   0   1   0  0.22 0.08
  111 I    -1  -1   0   0  -2   0   0  -1   0   1   1   0   0  -1   1   0   0  -3  -2   0    3   3   6   5   0   5   7   5   3  15  21   4   2   0   7   5   3   0   0   6  0.05 0.04
  112 L     0  -2  -2   0  -2   0   0  -2   0   1   1  -1   2   0   1   0   0  -2   0   1    9   0   0   6   0   3   6   1   4   5  21   3   9   4   7   6   3   0   3  10  0.08 0.05
  113 G    -1  -1   2   0  -3  -1   0   4  -1  -3  -3   0  -3  -3  -1   2   0  -3  -3  -3    2   1  14   3   0   1   5  33   1   0   1   6   0   0   2  22   7   0   0   0  0.42 0.14
  114 S     0  -2   0  -1  -3  -1  -1  -2  -2  -2  -2   0  -2   3   3   3   0  -2   0  -2    4   1   3   2   0   1   2   2   0   2   1   5   0  18  13  39   6   0   1   1  0.38 0.16
  115 L     0  -2  -2  -2  -2  -1  -1  -3  -2   1   2  -2   1   2   1  -1   2  -2   0   0    6   0   0   2   0   1   3   0   0   6  30   1   4   9   6   2  22   0   2   3  0.19 0.11
  116 L    -1  -2  -1   3  -3  -1   0  -2  -1   1   2  -2   2  -1  -1   0  -1  -3  -2   0    3   0   1  27   0   1   4   1   1  10  25   1   7   1   2   7   1   0   0   5  0.22 0.11
  117 S    -1   4   0   2  -1   0   0   0  -2  -3  -3   0  -2  -1   1   2   1  -3  -2  -2    2  28   4  13   1   1   2   7   0   1   1   1   0   3   7  21   7   0   1   1  0.30 0.13
  118 D     0  -1   0   3   0   2   1   0   2  -3  -3   0  -2   0  -1   1  -1  -3   1  -2    4   2   2  20   2  12   6   5   8   0   1   3   1   7   2  17   2   0   4   2  0.21 0.10
  119 S     0  -1   1   1  -2   1   1  -1  -1  -1   0   0  -1  -3  -1   2   0  -3  -2  -1    8   2   6   6   1   7  12   3   1   4  10   7   1   0   2  29   2   0   0   1  0.17 0.10
  120 L    -2   0  -2  -3  -2   0  -1  -3  -2   1   4   0   1   0  -2  -2  -1  -2   1   1    1   6   1   0   0   4   2   1   0   3  50   5   2   2   1   2   4   0   6   9  0.27 0.13
  121 F    -3  -2   2  -3  -4  -1  -1  -4   7  -2   1  -3  -2   4  -4  -1  -3  -2   3  -2    0   2  10   0   0   1   2   0  35   0  15   0   0  19   0   3   0   0  10   1  0.73 0.23
  122 L     0   1   1   2  -3   1   2  -1  -1  -2  -1   2  -1  -3  -1   0   0  -3  -1  -2   12   7   8  11   0   7  20   2   1   1   7  13   1   0   2   2   4   0   1   2  0.20 0.08
  123 E    -2   3  -1   3  -4   1   3  -2   0  -3  -3   2  -3  -3  -3  -1  -2  -3   1  -3    2  24   1  16   0   4  29   2   1   1   1  11   0   1   0   2   0   0   5   1  0.51 0.17
  124 V    -2  -2  -5  -5  -3  -4  -4  -5  -5   3   0  -4  -1  -3  -4  -3  -2  -5  -3   6    0   2   0   0   0   0   0   0   0  13   6   0   0   0   0   1   1   0   0  77  1.08 0.31
  125 K     0   1  -2  -2  -1   3   0  -3  -2  -1  -1   3  -2  -4  -3  -1   4  -4  -3  -1    7   5   0   0   1  14   5   0   0   3   5  22   0   0   0   1  34   0   0   2  0.40 0.19
  126 E    -2   1   2   4  -4   2   4  -2  -2  -4  -3   0  -3  -3  -3   0  -1  -4  -3  -3    1  10  13  24   0   8  31   2   0   0   2   1   0   1   0   5   2   0   0   1  0.57 0.18
  127 L    -3   0  -4  -5  -3  -1  -3  -5  -4   0   5  -2   3  -1  -4  -4  -3  -3  -1   0    0   6   0   0   0   3   1   0   0   2  72   2   9   1   0   0   0   0   1   4  0.78 0.25
  128 F    -4  -4  -5  -6  -5  -5  -5  -5  -2  -3  -1  -5  -2   8  -6  -3  -4  -1   6  -3    0   1   0   0   0   0   0   0   0   0   2   0   0  69   0   2   0   0  26   0  1.76 0.38
  129 L    -3  -4   0  -4  -3  -1  -3  -5  -4   4   4  -4   1  -1  -4  -3  -2   1  -3   0    0   0   7   0   0   3   1   0   0  32  53   0   1   0   0   0   1   2   0   1  0.70 0.23
  130 A     1   1   0   0  -4   4   4  -2  -1  -4  -3   2  -3  -4  -2  -1  -1  -4  -3  -3   14   6   3   4   0  20  31   0   1   0   0  16   0   0   0   2   3   0   0   0  0.52 0.18
  131 A     6  -4  -4  -4  -2  -3  -3  -2  -4  -1  -2  -3  -3  -4  -3  -1  -2  -5  -4   0   89   0   0   0   0   0   0   1   0   2   2   0   0   0   0   0   0   0   0   5  1.21 0.36
  132 V     6  -4  -4  -4  -2  -3  -3  -2  -4  -1  -3  -3  -2  -4  -3  -1  -2  -5  -4   3   78   0   0   0   0   0   0   0   0   1   0   0   0   0   0   1   0   0   0  20  1.04 0.33
  133 R    -2   5   2  -2   1   5   0  -3   2  -4  -2   0  -2  -4  -4  -2  -2  -4  -3  -3    1  36  11   0   3  37   2   1   5   0   3   1   1   0   0   0   0   0   0   1  0.84 0.27
  134 L    -1   0  -1  -3  -3   2  -2  -4  -1   0   4  -1   4  -2  -3  -1  -1  -3  -2  -1    3   6   2   0   0  13   1   0   1   3  46   3  14   0   0   6   3   0   0   0  0.38 0.18
  135 D     0  -1   3   1  -2   1   0  -1   0  -3  -1  -1  -2  -2  -3   3   0  -4  -3  -2    8   1  22   8   1   7   3   2   2   0   7   0   1   2   0  36   1   0   0   1  0.37 0.17
  136 P    -2  -3  -4  -4  -5  -3  -3  -1  -4  -5  -3  -3  -4  -5   8  -1  -2  -6  -5  -3    3   1   0   0   0   0   0   5   0   0   2   1   0   0  81   4   2   0   0   1  2.05 0.39
  137 T     0  -2   2   3  -3   1   3   0  -1  -3  -3  -1  -2  -3  -1   1   1  -4  -3  -2    6   0  10  24   0   5  20   7   1   0   1   0   0   0   2  13   8   0   0   2  0.36 0.12
  138 S    -1  -1   1   0  -1   2   2   3   0  -3  -2  -1   0  -3  -2   0   0  -3  -2  -2    2   2   8   4   1  15  14  29   3   1   2   1   3   0   1   8   6   0   0   1  0.31 0.11
  139 I    -1  -3  -3  -4  -2  -2  -3  -3  -3   4   1  -3   6  -1  -2  -3  -2  -3  -2   3    4   1   0   1   0   0   1   2   0  27   6   1  30   1   2   1   1   0   0  23  0.58 0.19
  140 D    -4  -4  -1   8  -6  -3  -1  -4  -3  -5  -6  -3  -5  -6  -4  -3  -3  -6  -5  -5    0   0   0  98   0   0   0   0   0   0   0   0   0   0   0   0   0   0   0   0  2.19 0.45
  141 P     3  -4  -3  -3  -3  -3  -3  -3  -1  -3  -4  -3  -3  -4   7  -1  -2  -5  -3  -1   34   0   0   0   0   0   0   0   2   0   0   0   0   0  55   3   0   0   1   5  1.37 0.31
  142 D    -3  -3  -1   7  -5  -1   1  -3  -3  -5  -5  -3  -5  -5  -3  -1  -3  -6  -5  -5    1   0   1  86   0   2   7   0   0   0   0   0   0   0   0   2   0   0   0   0  1.73 0.38
  143 V    -2  -4  -5  -5  -3  -4  -4  -5  -5   2   2  -4  -1  -2  -4  -4  -2  -4  -3   6    0   0   0   0   0   0   0   0   0   4  17   0   0   0   0   0   0   0   0  78  1.10 0.31
  144 Q    -3  -1  -2  -3  -5   8  -1  -4   3  -5  -5  -1  -3  -5  -4  -3  -3  -4  -3  -5    0   0   0   0   0  90   0   0   8   0   0   0   0   0   0   0   0   0   0   0  1.98 0.48
  145 C    -2  -3   1  -2   6  -2  -1  -4  -3   2   0  -3   1  -2  -3  -1   1  -4  -3   3    0   0   8   1  20   0   6   0   0  13   7   0   4   0   0   4  12   0   0  26  0.39 0.16
  146 G     1  -4  -3  -3   1  -4  -4   6  -4  -4  -3  -3  -4  -4  -4  -2  -3  -4  -4   0   12   0   0   0   3   0   0  74   0   0   2   0   0   0   0   0   0   0   0   8  1.23 0.30
  147 L    -4  -4  -6  -6  -3  -4  -5  -6  -5   0   6  -5   1  -2  -5  -5  -3  -4  -3  -1    0   0   0   0   0   0   0   0   0   0  99   0   1   0   0   0   0   0   0   0  1.46 0.36
  148 G    -2  -4  -3  -4  -5  -4  -4   7  -4  -6  -6  -2  -5  -5  -4  -2  -4  -5  -5  -6    0   0   0   0   0   0   0  98   0   0   0   2   0   0   0   0   0   0   0   0  2.03 0.41
  149 V    -2  -5  -5  -5  -3  -4  -5  -5  -5   2   0  -4  -1  -3  -5  -4  -1  -5  -3   7    0   0   0   0   0   0   0   0   0   4   4   0   0   0   0   0   1   0   0  91  1.39 0.37
  150 L    -3  -4  -6  -6  -3  -4  -5  -6  -5   0   6  -5   1  -2  -5  -5  -3  -4  -3   0    0   0   0   0   0   0   0   0   0   1  95   0   1   0   0   0   0   0   0   3  1.37 0.35
  151 F    -4  -5  -5  -6   1  -5  -5  -5   0  -2  -1  -5  -2   8  -6  -4  -4  -1   5  -3    0   0   0   0   3   0   0   0   2   0   3   0   0  69   0   0   0   0  23   0  1.70 0.37
  152 N    -4  -3   7  -2  -5  -3  -3  -3   2  -5  -5  -3  -4  -1  -5  -2  -2  -2   6  -4    0   0  58   0   0   0   0   0   5   0   0   0   0   0   0   0   1   0  36   0  1.50 0.39
  153 L     0  -3  -3  -4   1  -3  -4   2  -4   1   4  -3   1  -2  -4  -1  -2  -3  -3   0    9   0   0   0   3   0   0  19   0   5  55   0   2   0   0   5   0   0   0   2  0.47 0.19
  154 S     1  -2   3   0  -3  -2  -2  -1  -2  -3  -4  -1   0  -4  -3   5   0  -4  -2  -2   12   0  15   4   0   0   0   2   0   1   0   1   4   0   0  56   3   0   1   1  0.65 0.25
  155 G    -1   2   1   0  -3   0   3   4  -2  -5  -4  -1  -3  -4  -3   1  -2  -4  -4  -4    1  14   6   4   1   2  30  33   0   0   0   0   0   0   0   9   1   0   0   0  0.59 0.20
  156 E    -3  -2   0   4  -6   1   6  -3  -2  -5  -5  -1  -4  -5  -3  -2  -3  -5  -4  -5    0   0   4  19   0   3  74   1   0   0   0   0   0   0   0   0   0   0   0   0  1.37 0.35
  157 Y    -4  -4  -3  -5  -5  -4  -5  -5  -1  -3  -2  -4  -3   5  -5  -3  -4   0   8  -3    0   0   1   0   0   0   0   0   0   1   1   0   0  29   0   2   0   0  67   0  1.86 0.41
  158 D    -3  -3   1   7  -5  -1   2  -3  -3  -5  -5  -2  -5  -5  -3  -1  -2  -6  -5  -4    0   0   6  72   0   1  14   1   0   0   0   1   0   0   0   2   1   0   0   1  1.41 0.33
  159 K    -3   2  -2  -3  -5  -1  -1  -4  -3  -5  -5   7  -4  -5  -3  -2  -3  -5  -4  -5    0   8   0   0   0   0   0   0   0   0   0  92   0   0   0   0   0   0   0   0  1.68 0.42
  160 A     6  -3  -3  -4  -2  -3  -3  -2  -4  -3  -4  -3  -3  -4  -3   0   2  -5  -4  -2   86   0   0   0   0   0   0   0   0   0   0   0   0   0   0   1  13   0   0   0  1.23 0.36
  161 V     0  -4  -5  -5  -2  -4  -4  -5  -5   4   0  -4   1  -2  -3  -3  -2  -4  -3   5    8   0   0   0   0   0   0   0   0  29   1   0   2   0   1   1   0   0   0  58  0.87 0.26
  162 D    -1  -4  -1   7  -5  -2   2  -3  -3  -4  -6  -3  -5  -6  -4  -2  -3  -6  -5  -5    4   0   0  84   0   0   8   1   0   1   0   0   0   0   0   1   1   0   0   0  1.68 0.38
  163 C     1  -5  -5  -5  11  -5  -5  -4  -5  -4  -4  -5  -4  -4  -5   0  -3  -5  -5  -3   10   0   0   0  82   0   0   0   0   0   0   0   0   1   0   7   0   0   0   0  2.54 0.48
  164 F    -5  -5  -5  -6  -5  -6  -6  -6  -3  -1  -2  -6  -1   9  -6  -5  -4  -1   2  -3    0   0   0   0   0   0   0   0   0   2   0   0   1  93   0   0   0   0   3   0  2.19 0.45
  165 T    -2   3   1  -2  -3   3   0  -2   0  -3  -3   3  -2  -4  -3   2   2  -4  -3  -2    0  17   8   0   0  15   2   2   2   0   0  22   0   0   0  15  13   0   0   3  0.42 0.17
  166 A     5  -2  -3  -3  -2  -2  -3  -2  -3  -3  -2  -2  -2  -4  -3   1   2  -4  -3  -1   72   2   0   0   0   0   0   0   0   0   4   0   0   0   0   8  13   0   0   2  0.85 0.29
  167 A     6  -4  -4  -4  -3  -3  -3  -1  -4  -4  -4  -3  -3  -4  -3  -1  -2  -5  -4  -2   97   0   0   0   0   0   0   1   0   0   0   0   0   0   0   0   1   0   0   1  1.46 0.40
  168 L    -3  -4  -5  -6  -3  -4  -5  -6  -5   2   6  -4   0  -1  -5  -4  -3  -4  -3   0    0   0   0   0   0   0   0   0   0   7  89   0   0   0   0   0   0   0   0   4  1.23 0.32
  169 S     2  -1   0  -1  -3   3   1  -1   2  -2  -3   1  -1  -3  -2   3   0  -4  -2  -2   19   1   4   1   0  15   6   2   6   2   1   9   1   0   0  26   6   0   0   1  0.31 0.14
  170 V     0  -3  -3  -3  -2  -2  -3  -2  -2   1   0  -2   0  -2  -3   2   0  -4  -3   4    4   1   0   0   0   1   0   3   1   7   8   1   1   0   0  25   2   0   0  48  0.46 0.20
  171 R    -1   6   1   0  -3   0  -1  -3   0  -4  -4   3  -3  -4  -3  -1   1  -4  -3  -4    4  53   5   4   0   2   1   0   2   0   0  16   0   0   0   4   8   0   0   0  0.80 0.24
  172 P    -2  -3  -4  -2  -5  -2   2  -4  -4  -5  -5  -2  -5  -6   8   0  -3  -6  -3  -5    1   1   0   2   0   1  13   0   0   0   0   1   0   0  77   5   0   0   1   0  2.01 0.39
  173 N    -3   0   4   3  -5   5   2  -3   1  -5  -4   0  -3  -5  -3  -1  -2  -4  -3  -4    0   2  21  21   0  32  14   0   4   0   0   4   0   0   0   2   1   0   0   0  0.76 0.24
  174 D    -3  -3   2   7  -5  -2   0  -1  -3  -2  -2  -2  -4  -4  -3  -1  -3  -5  -4  -1    0   0   8  70   0   0   3   3   0   2   5   1   0   0   0   2   0   0   0   5  1.11 0.29
  175 Y     2  -3  -2  -3  -3  -2   0  -3   5  -3  -3  -2  -3   0   0   1  -2  -1   6  -3   22   0   0   0   0   0   7   0  20   0   0   0   0   2   6   9   0   0  34   0  0.72 0.24
  176 L    -2   2  -1  -3   0  -1  -2  -3  -3   0   4   1   2  -2  -3   0  -2  -3  -2  -1    0  11   2   0   2   1   1   1   0   1  52   9   4   0   0  11   0   0   0   2  0.36 0.17
  177 L    -2  -4  -3  -5  -3  -4  -4  -5  -4   0   5  -4   3  -1  -4  -3  -1  -3  -3   0    1   0   1   0   0   0   0   0   0   1  84   0   7   0   0   1   2   0   0   2  1.05 0.29
  178 W    -5  -6  -6  -7  -5  -5  -6  -5  -5  -5  -5  -6  -4  -2  -6  -6  -5  13  -1  -6    0   0   0   0   0   0   0   0   0   0   0   0   0   0   0   0   0  97   0   0  4.23 0.66
  179 N    -4  -3   8  -1  -5  -2  -3  -3  -2  -6  -6  -3  -5  -5  -4  -2  -2  -6  -4  -5    0   0  98   0   0   0   0   0   0   0   0   0   0   0   0   0   0   0   0   0  2.21 0.48
  180 K    -3   7  -2  -3  -5  -1  -2  -4  -2  -5  -4   4  -3  -5  -4  -3  -3  -5  -4  -4    0  67   0   0   0   0   0   0   0   0   0  32   0   0   0   0   0   0   0   0  1.48 0.35
  181 L    -3  -4  -5  -6  -3  -4  -5  -6  -5   0   6  -5   1  -1  -5  -4  -3  -1  -2   0    0   0   0   0   0   0   0   0   0   0  95   0   1   0   0   0   0   1   1   3  1.33 0.34
  182 G    -2  -5  -3  -4  -5  -4  -4   7  -4  -6  -6  -4  -5  -5  -4  -2  -4  -5  -5  -5    0   0   0   0   0   0   0  98   0   0   0   0   0   0   0   2   0   0   0   0  2.04 0.41
  183 A     7  -4  -4  -4  -3  -3  -3  -2  -4  -4  -4  -3  -3  -5  -3  -1  -2  -5  -4  -2  100   0   0   0   0   0   0   0   0   0   0   0   0   0   0   0   0   0   0   0  1.57 0.42
  184 T    -1  -3  -2  -3  -3  -3  -3  -3  -4  -3  -4  -3  -3  -4  -3   3   7  -5  -4  -2    1   0   0   0   0   0   0   0   0   1   0   0   0   0   0  19  79   0   0   0  1.38 0.39
  185 L    -3  -3  -5  -5  -3   1  -4  -5  -4   0   6  -4   1  -2  -5  -4  -3  -4  -3  -1    0   0   0   0   0   8   0   0   0   0  90   0   2   0   0   0   0   0   0   0  1.20 0.33
  186 A     7  -4  -4  -4  -3  -3  -3  -2  -4  -4  -4  -3  -3  -5  -3  -1  -2  -5  -4  -2  100   0   0   0   0   0   0   0   0   0   0   0   0   0   0   0   0   0   0   0  1.57 0.42
  187 N    -4  -3   8  -1  -5  -2  -3  -3  -2  -6  -6  -3  -5  -6  -5  -2  -3  -6  -5  -6    0   0 100   0   0   0   0   0   0   0   0   0   0   0   0   0   0   0   0   0  2.30 0.50
  188 G    -1  -3   0  -2  -3  -3  -3   5  -3  -5  -5  -3  -4  -5  -3   5  -1  -4  -3  -4    0   0   3   0   0   0   0  46   0   0   0   0   0   0   0  51   0   0   1   0  1.08 0.31
  189 N    -2   0   4   2  -4   1  -1   3  -1  -2  -4  -2  -3  -4  -3   1  -1  -4  -3  -1    0   4  29  12   0   6   0  26   1   2   0   0   0   0   0  13   1   0   0   6  0.48 0.18
  190 Q    -3   7  -1  -1  -5   4  -1  -4  -2  -5  -4   2  -1  -5  -4  -2  -3  -5  -4  -4    0  68   1   3   0  18   0   0   0   0   0   9   1   0   0   0   0   0   0   0  1.31 0.34
  191 S    -1  -3  -2  -2  -1  -2  -2  -3  -3  -4  -4  -2  -4  -5   1   6   0  -5  -4  -4    0   0   0   0   1   0   0   0   0   0   1   0   0   0   5  88   4   0   0   0  1.31 0.39
  192 E     1  -2  -2   0  -5   0   6  -4  -2  -4  -4  -1  -2  -5  -1  -2  -2  -5  -4  -1   13   0   0   1   0   0  74   0   0   0   1   0   1   0   3   0   1   0   0   6  1.08 0.33
  193 E    -3  -2  -2   3  -6   1   7  -2  -2  -5  -5  -1  -4  -5  -3  -2  -2  -5  -4  -5    1   0   0  13   0   3  80   3   0   0   0   0   0   0   0   0   1   0   0   0  1.41 0.36
  194 A     7  -4  -4  -4  -3  -3  -3  -2  -4  -4  -4  -3  -3  -5  -3  -1  -2  -5  -4  -2  100   0   0   0   0   0   0   0   0   0   0   0   0   0   0   0   0   0   0   0  1.57 0.42
  195 V    -3  -5  -5  -5  -3  -4  -5  -5  -5   6   0  -4  -1  -2  -5  -4  -2  -2  -3   5    0   0   0   0   0   0   0   0   0  51   1   0   0   0   0   0   0   0   0  47  1.15 0.31
  196 A     2  -2   0   2  -3   2   4  -2   0  -3  -1  -1  -1  -3  -2  -1   0  -4  -2  -2   20   0   5  13   0   8  35   0   2   0   7   0   1   0   0   1   4   0   1   2  0.40 0.17
  197 A     6  -4  -4  -4  -3  -3  -3  -2  -4  -3  -3  -3  -1  -4  -3  -1  -2  -5  -4  -1   96   0   0   0   0   0   0   0   0   0   0   0   2   0   0   1   0   0   0   2  1.42 0.39
  198 Y    -5  -4  -5  -6  -5  -4  -5  -6  -1  -4  -4  -5  -4   0  -6  -4  -4   0  10  -4    0   0   0   0   0   0   0   0   0   0   0   0   0   0   0   0   0   0 100   0  2.75 0.55
  199 R    -2   3  -1  -2  -1   3   2  -3   6  -4  -3  -1  -2   1  -3   0   0  -3   0  -3    0  21   0   0   1  15  15   0  23   0   0   0   0   8   0   6   8   0   3   0  0.55 0.21
  200 R    -3   5   1  -2  -5   4   1  -3   2  -4  -4   3  -1  -4  -3  -1  -2  -4  -3  -4    0  36   7   0   0  20   5   0   5   0   0  23   2   0   0   1   1   0   0   0  0.78 0.23
  201 A     7  -4  -4  -4  -3  -3  -3  -2  -4  -4  -4  -3  -3  -5  -3  -1  -2  -5  -4  -2  100   0   0   0   0   0   0   0   0   0   0   0   0   0   0   0   0   0   0   0  1.57 0.42
  202 L    -4  -4  -6  -6  -3  -4  -5  -6  -5   0   6  -5   0  -2  -5  -5  -3  -4  -3  -1    0   0   0   0   0   0   0   0   0   2  97   0   0   0   0   0   0   0   0   1  1.41 0.36
  203 E    -1  -1   1   2  -4   4   4  -3  -1  -4  -4   0  -3  -4  -3   0   0  -4  -3  -3    4   2   8  11   0  20  39   1   1   0   0   2   0   0   0   6   6   0   0   0  0.62 0.20
  204 L    -3  -2  -5  -5  -3  -3  -4  -5  -3   3   5  -4   1  -1  -5  -4  -3  -3  -1   0    0   3   0   0   0   1   0   0   0  20  73   0   1   0   0   0   0   0   1   1  0.94 0.27
  205 Q    -1   2   2  -1  -2   4   0  -3   1  -4  -4   3  -2  -2  -3   1  -2  -4  -1  -3    2  13  14   0   1  25   4   0   4   0   0  20   0   1   0  13   0   0   3   0  0.49 0.18
  206 P    -3  -5  -5  -4  -5  -4  -4  -4  -5  -5  -6  -4  -5  -6   9  -3  -3  -6  -6  -5    0   0   0   0   0   0   0   0   0   0   0   0   0   0  98   0   1   0   0   0  2.90 0.51
  207 G    -1  -3   4  -2  -4  -2  -3   5  -2  -4  -4  -2  -2  -4  -3   1   1  -4  -4  -3    2   0  30   0   0   0   0  46   0   0   1   0   1   0   0  10   8   0   0   1  0.84 0.24
  208 Y    -4  -5  -5  -6  -5  -5  -5  -5  -2  -3  -2  -5  -2   8  -6  -5  -4  -1   6  -3    0   0   0   0   0   0   0   0   0   0   0   0   0  73   0   0   0   0  27   0  1.97 0.41
  209 I    -2  -5  -5  -5  -3  -4  -5  -5  -5   5  -1  -4  -1  -2  -4  -4  -2  -5  -3   5    0   0   0   0   0   0   0   0   0  41   0   0   0   0   0   0   0   0   0  59  1.19 0.32
  210 R    -4   8  -3  -4  -6   0  -2  -5  -3  -6  -5   0  -4  -5  -5  -3  -4  -5  -4  -5    0  99   0   0   0   1   0   0   0   0   0   0   0   0   0   0   0   0   0   0  2.14 0.47
  211 S     5  -3  -3  -3   0  -2  -3  -2  -3  -3  -3  -2  -3  -4  -3   3  -1  -4  -4   0   67   0   0   0   2   0   0   0   0   0   0   0   0   0   0  24   2   0   0   5  0.90 0.30
  212 R    -4   8  -3  -4  -6  -1  -3  -5   0  -5  -5   0  -4  -5  -5  -3  -4   5  -3  -5    0  90   0   0   0   0   0   0   1   0   0   0   0   0   0   0   0   8   0   0  1.95 0.44
  213 Y     0  -4  -5  -6  -2  -4  -4  -5  -1  -4  -4  -4  -3   2  -5  -4  -4   0   9  -4    8   0   0   0   1   0   0   0   0   0   0   0   0   3   0   0   0   0  87   0  2.18 0.47
  214 N    -4  -3   8  -1  -5  -2  -3  -3  -2  -6  -6  -3  -5  -6  -5  -2  -3  -6  -5  -6    0   0 100   0   0   0   0   0   0   0   0   0   0   0   0   0   0   0   0   0  2.30 0.50
  215 L    -3  -4  -5  -5  -3  -4  -5  -5  -5   1   5  -4   3  -1  -5  -4  -3  -4  -3   2    0   0   0   0   0   0   0   0   0   3  78   0   8   0   0   0   0   0   0  11  1.06 0.29
  216 G     1  -4  -3  -3  -4  -4  -4   7  -4  -6  -5  -3  -5  -5  -4  -1  -3  -5  -5  -5   11   0   0   0   0   0   0  87   0   0   0   0   0   0   0   1   0   0   0   0  1.69 0.36
  217 I    -3  -5  -5  -5  -3  -4  -5  -5  -5   6   0  -4   0  -2  -5  -4  -2  -5  -3   5    0   0   0   0   0   0   0   0   0  57   0   0   1   0   0   0   0   0   0  42  1.19 0.31
  218 S     0  -3  -2  -3   2  -2  -2  -2  -3  -2  -4  -2  -3  -4  -3   6   1  -5  -4  -3    4   0   0   0   5   0   0   1   0   3   0   0   0   0   0  82   6   0   0   0  1.14 0.36
  219 C    -3  -6  -5  -6  11  -5  -6  -5  -4  -4  -4  -5  -4   0  -5   0  -3  -4   2  -3    0   0   0   0  82   0   0   0   0   0   0   0   0   3   0   6   0   0   9   0  2.55 0.48
  220 I     0  -4  -5  -5  -3  -4  -4  -5  -5   6   0  -4   4  -2  -4  -3  -2  -4  -3   2    8   0   0   0   0   0   0   0   0  63   3   0  14   0   0   0   0   0   0  12  0.95 0.28
  221 N    -4  -3   8  -1  -5  -1  -3  -3   2  -6  -6  -2  -5  -5  -4  -2  -2  -6  -4  -5    0   0  93   0   0   1   0   0   4   0   0   1   0   0   0   0   1   0   0   0  2.04 0.46
  222 L    -3  -3  -4  -5  -3   1  -4  -5  -4   4   4  -3   3  -1  -4  -4  -3  -3  -3   0    0   0   0   0   0   8   0   0   0  28  55   0   9   0   0   0   0   0   0   0  0.79 0.24
  223 G    -1  -1   0  -2  -4  -2  -3   6  -3  -5  -5   1  -4  -5  -4  -1  -3  -5  -5  -5    1   3   5   1   0   1   0  77   0   0   0   8   0   0   0   4   0   0   0   0  1.29 0.30
  224 A     4  -3  -3  -4   7   0  -3  -3  -4  -2  -2  -3   3  -4  -3   0  -1  -4  -4  -1   44   1   0   0  33   4   0   0   0   0   1   0   9   0   0   3   2   0   0   3  0.95 0.28
  225 H    -4  -3  -2  -5  -5  -3  -3  -5   7  -4  -3  -4  -3   1  -5  -4  -4  -1   8  -4    0   0   1   0   0   0   1   0  32   0   2   0   0   2   0   0   0   0  62   0  1.89 0.42
  226 R    -1   5  -1   0  -5   1   2  -3  -1  -4  -4   4  -3  -5   1  -2  -2  -4  -3  -4    4  36   2   4   0   6  12   0   1   0   0  30   0   0   6   0   0   0   0   0  0.72 0.22
  227 E    -3  -2  -2   2  -6   2   7  -4  -2  -5  -5  -1  -4  -6  -3  -2  -3  -5  -4  -4    0   0   0   7   0   7  85   0   0   0   0   0   0   0   0   0   0   0   0   0  1.58 0.39
  228 A     6  -3  -3  -4  -2  -3  -3  -1  -4  -4  -4  -3  -3  -4  -3   1  -2  -5  -4  -2   89   0   0   0   0   0   0   1   0   0   0   0   0   0   0  10   0   0   0   0  1.28 0.36
  229 V     4  -4  -4  -4  -1  -3  -3  -1  -4   2  -2  -3  -1  -3  -3  -1  -2  -4  -3   4   49   0   0   0   1   0   0   4   0  13   0   0   0   0   0   0   0   0   0  34  0.65 0.24
  230 E    -2   1  -2   0  -1   2   6   0  -2  -5  -4  -1  -3  -5  -2   1  -2  -5  -4  -4    1   7   0   2   2   7  61   7   0   0   0   1   0   0   1  11   0   0   0   0  0.86 0.27
  231 H    -4  -3   2  -3  -5  -1  -3  -4  10  -5  -5  -3  -4  -3  -5  -2  -4  -4   4  -5    0   0   8   0   0   1   0   0  77   0   0   0   0   0   0   1   0   0  13   0  2.15 0.44
  232 F    -3  -4  -5  -5  -3  -4  -5  -5  -3   0   4  -4   0   6  -5  -4  -3  -2   3  -1    0   0   0   0   0   0   0   0   0   3  49   0   0  39   0   0   1   0   9   0  0.98 0.26
  233 L    -3  -4  -5  -5  -3  -4  -5  -5  -5   1   5  -4   1  -1  -5  -4  -3  -4  -3   2    0   0   0   0   0   0   0   0   0   4  80   0   2   0   0   0   0   0   0  14  1.05 0.28
  234 E     0   1  -1  -2  -3  -1   1   1  -2  -1  -3  -1  -2  -3  -2   2   4  -4  -3  -1    7   9   0   0   0   0  13  13   0   3   0   0   1   0   0  14  35   0   0   5  0.35 0.17
  235 A     6  -4  -3  -4  -3  -3  -3   1  -4  -3  -4  -3  -3  -4  -3  -1  -2  -5  -4  -1   88   0   0   0   0   0   0   9   0   0   0   0   0   0   0   1   0   0   0   2  1.21 0.35
  236 L    -3  -4  -6  -6  -3  -4  -5  -6  -5   0   6  -5   0  -1  -5  -5  -3  -4  -3  -1    0   0   0   0   0   0   0   0   0   1  98   0   0   0   0   0   0   0   0   1  1.40 0.35
  237 N     2  -2   4   1  -3  -1   0  -1   0  -3  -3  -1  -3  -4  -3   3   1  -4  -3  -2   18   0  31   5   0   0   4   1   2   0   2   1   0   0   0  30   6   0   0   1  0.51 0.19
  238 M    -3  -3  -4  -5  -4   3  -3  -5  -1  -1   3  -3   9  -2  -5  -4  -3  -4  -3  -1    0   0   0   0   0  13   0   0   1   0  21   0  63   0   0   0   0   0   0   1  1.39 0.38
  239 Q    -3  -2   2  -2  -5   6  -1  -4   7  -5  -5  -1  -3  -5  -4  -2  -3  -4  -2  -5    0   0   9   0   0  52   0   0  37   0   0   1   0   0   0   1   0   0   0   0  1.49 0.38
  240 R     1   4  -1  -1  -4   2   1  -2  -2  -4  -3   3  -2  -3   2  -1  -1  -4  -3  -3   17  26   0   1   0  12   9   1   0   0   0  20   0   1   9   1   2   0   0   0  0.47 0.16
  241 K     0   2   0  -2  -2   1   0  -2   1  -2  -2   3  -2  -3  -2   1   0  -4  -2   1    8  10   2   1   1   7   2   0   3   0   0  32   0   0   0   9   5   0   0  17  0.28 0.14
  242 S     2  -2   1   0  -2  -1   1   2   0  -2  -2  -1  -2  -3  -2   2   1  -3  -2  -1   18   1   5   3   0   1  11  14   2   2   2   1   0   0   1  26   8   0   0   5  0.23 0.10
  243 R     0   4   1   0  -3   1   1   0   0  -2  -2   1  -1  -3  -2   0  -1   0  -1  -2    7  29   8   3   0   4  11   8   1   2   2   8   1   0   1   6   2   2   2   2  0.24 0.09
  244 G     1  -1   1   1  -2   0   1   3  -1  -1  -1  -1  -1  -2  -2   0   0  -2  -2  -1   11   1   6   7   0   4   9  31   1   4   6   2   0   1   1   4   4   0   1   6  0.19 0.07
  245 P     0   0   0   1  -2   0   0  -1  -2   0  -1  -1   0  -2   4   1   0  -1  -2   0    8   5   3   9   0   5   4   4   0   7   4   2   2   1  22  11   5   1   1   6  0.24 0.07
  246 R     0   2   1   0  -2   2   0   0  -1  -1  -1   1  -1  -2   0   1   0  -2  -2  -1    7  16   6   6   0  13   2   8   1   3   7   6   0   1   3  11   4   0   0   5  0.12 0.05
  247 G     0   1   1  -1   1   0  -1   4  -1  -2  -2  -1   0  -2  -2   1   0  -3  -2  -2    6   8   7   2   4   4   4  36   1   1   3   1   4   2   1  10   5   0   1   1  0.28 0.09
  248 E     0  -1   0   1  -2   1   2   1  -1  -2  -1   0   0  -3   1   2   0  -3  -2  -2    6   2   4   6   0   6  20  12   0   2   5   2   2   1   7  17   6   0   0   1  0.18 0.07
  249 G     0  -1   1  -1  -2   2   0   3   2  -3  -3  -1  -2  -3   0   1   0  -3  -2  -1    7   1   5   2   0  14   3  24   7   1   1   2   1   0   4  15   7   0   0   4  0.26 0.10
  250 G     1  -1   1   0  -2   2  -1   2   1  -2  -2   0  -1  -3   1   1   0  -3  -2  -1   12   1   9   3   0  16   1  19   4   2   1   3   1   0   6  12   4   0   0   5  0.20 0.09
  251 A     1  -1   4  -1  -2   2  -1   0   0  -1  -2  -1  -2  -3  -2   0   0  -3  -2   1   15   2  31   0   0  11   2   7   1   3   3   1   0   0   0   3   6   0   0  12  0.27 0.13
  252 M    -2   1  -2  -1  -3   3  -1  -3  -2   0   0  -1   7  -2  -1  -1  -1  -3  -2   0    1   7   1   3   0  19   2   1   0   4   3   1  40   0   3   4   4   0   1   5  0.54 0.22
  253 S     1  -3   0  -2  -3  -2  -2  -2  -3  -4  -5  -2  -4  -5  -3   6  -1  -5  -4  -4    9   0   3   0   0   0   0   1   0   0   0   0   0   0   0  86   0   0   0   0  1.31 0.39
  254 E    -1  -2   3   4  -3  -1   2   0  -2  -4  -3  -1  -3  -4  -3   2   3  -5  -3  -3    2   1  14  25   0   0  14   5   0   0   1   1   0   0   0  15  21   0   0   0  0.51 0.19
  255 N    -1  -3   7  -1  -4  -2  -2  -2  -2  -2  -4  -2  -4  -5  -4   2   3  -5  -4  -4    3   0  60   0   0   0   0   1   0   2   0   0   0   0   0  16  18   0   0   0  1.10 0.33
  256 I     0  -4  -5  -5  -3  -4  -4  -4  -5   6   3  -4   0  -2  -4  -2  -2  -4  -3   1    8   0   0   0   0   0   0   1   0  58  29   0   0   0   0   3   0   0   0   2  0.84 0.26
  257 W    -5  -4  -6  -6  -5  -4  -5  -5  -2  -2  -1  -5  -1   0  -6  -5  -2  11   5  -3    0   1   0   0   0   0   0   0   1   2   6   0   2   1   0   0   3  67  17   1  2.68 0.49
  258 S     0  -1   0   3  -3   2   2  -2  -2  -3  -4  -1  -3  -4  -1   3   0  -4  -3  -3    8   1   1  22   0  10  17   2   0   1   0   0   0   0   2  32   5   0   0   0  0.50 0.19
  259 T     0  -3  -2  -3  -3  -3  -3  -4  -3  -3  -3  -3   0  -3  -3   1   6  -4   2  -2    8   0   0   0   0   0   0   0   0   0   1   0   3   0   0   6  73   0   9   0  1.12 0.36
  260 L    -4  -4  -6  -6  -3  -4  -5  -6  -5   0   6  -5   0  -2  -5  -5  -3  -4  -3  -1    0   0   0   0   0   0   0   0   0   0  98   0   0   0   0   0   0   0   0   2  1.45 0.37
  261 R    -3   7  -2  -4  -6   0  -2  -4   0  -5  -4   3  -4  -5  -4  -3  -3  -5  -4  -5    0  77   1   0   0   2   0   0   1   0   0  19   0   0   0   0   0   0   0   0  1.62 0.39
  262 L    -3   5  -3  -4  -4  -2  -3  -4  -3   2   1   0   6  -2  -4  -1  -2  -4  -3  -1    0  34   0   0   0   0   0   0   0  16  13   3  29   1   0   4   0   0   0   0  0.73 0.27
  263 A     4  -3  -3  -3   1  -3  -3  -2  -4  -1  -1  -3  -2  -3  -3   1   1  -4  -3   3   44   0   0   0   2   0   0   0   0   0   3   0   0   0   0  10   6   0   0  33  0.55 0.23
  264 L    -2  -4  -4  -5   0  -4  -4  -5  -3   2   3  -4   2   5  -4  -3  -2  -2   0   1    2   0   0   0   2   0   0   0   0  13  33   0   4  37   0   1   1   0   0   6  0.68 0.21
  265 S    -1  -3  -1  -2  -3  -2  -2  -1  -3   2   0  -2   0  -3  -3   5   2  -4  -2  -1    1   0   2   0   0   0   0   3   0  14   8   0   2   0   0  56  11   0   1   3  0.54 0.24
  266 M     0  -1  -2  -3   3   2  -2  -1  -3   0   2  -2   5   0  -3  -2  -1  -3  -1  -1   10   4   2   0   7  14   0   6   0   1  26   0  22   4   0   1   2   0   1   1  0.30 0.17
  267 L     0  -4  -3  -5  -4  -3  -4  -5  -4  -1   2  -4   9  -2  -5  -2  -3  -4  -3  -2   10   0   1   0   0   0   0   0   0   0  19   0  69   0   0   2   0   0   0   0  1.53 0.42
  268 G    -1  -2   2   4  -4  -2   0   4   0  -5  -4  -2  -4  -4  -2   1  -2  -4  -4  -4    3   1  10  24   0   0   5  42   3   0   1   0   0   0   1  11   0   0   0   0  0.69 0.21
  269 Q    -3   7  -1  -2  -5   3   0  -4  -2  -4  -4   1  -3  -5  -4  -2  -2  -5  -2  -4    0  68   1   2   0  14   5   0   0   0   0   6   0   0   0   1   1   0   1   0  1.25 0.34
  270 S    -1   4   2   0  -4   0   0  -2   1  -4  -4   0  -3  -3   2   2   0  -4   0  -2    2  34   9   3   0   3   4   1   3   0   0   2   0   0  12  17   3   0   4   2  0.45 0.18
  271 D    -4  -3   0   7  -6  -1   3  -3   0  -5  -6  -2  -5  -6  -2  -2  -3  -6  -5  -5    0   0   2  72   0   1  19   1   2   0   0   0   0   0   1   1   0   0   0   0  1.49 0.36
  272 A     0  -4  -5  -5  -3  -4  -4  -4  -4   0   5  -4   4  -1  -5  -3  -3  -4  -3  -1    8   0   0   0   0   0   0   0   0   0  79   0  10   1   0   1   0   0   0   1  1.02 0.31
  273 Y     2  -1  -1  -2  -2   0  -2  -2   0   0   2  -2   1   2  -3  -1  -1  -2   3   0   23   2   2   1   0   5   0   0   3   5  22   0   4  10   0   4   1   0  15   2  0.21 0.13
  274 G     0   0  -1   2  -4   2   4   1  -1  -4  -4   1  -3  -4   0   0  -1  -4  -3  -3    9   2   1  15   0  10  33  10   1   0   0   9   0   0   5   3   1   0   0   1  0.45 0.16
  275 A     4   0  -2  -2  -2   0  -1  -2   2  -2   0   2   0  -3  -3   0  -1  -4  -2   0   50   3   0   2   0   2   1   0   7   1   8  14   3   0   0   2   0   0   1   6  0.38 0.20
  276 A     2  -4  -4  -5   6  -4  -4  -4  -4   2  -1  -3  -1  -3  -4  -2  -2  -4  -3   5   21   0   0   0  17   0   0   0   0   9   3   1   0   0   0   0   0   0   0  50  0.79 0.27
  277 D    -1  -2   2   5  -4  -1   1  -2  -2  -4  -4  -1  -4  -5   4   0  -1  -5  -4  -2    4   1  12  41   0   1   8   1   0   0   0   2   0   0  18   7   2   0   0   3  0.74 0.22
  278 A     1   1   2   1  -3  -1   0   3  -2  -2  -2   0  -1  -3  -2   1  -1  -4  -2  -1   14   9  13   9   0   1   5  24   0   2   2   3   2   0   1  10   1   0   1   3  0.24 0.10
  279 R    -1   5  -2  -4  -4   0  -2   1   1  -2  -2   0   5  -3  -4  -2  -2  -4  -3  -1    3  46   0   0   0   2   0  12   4   1   0   3  24   0   0   1   0   0   0   3  0.76 0.28
  280 D    -4  -3   5   7  -5  -2   0  -2  -1  -5  -6  -3  -5  -6  -4  -2  -3  -6  -5  -5    0   0  27  68   0   0   1   1   1   0   0   0   0   0   0   0   0   0   0   0  1.56 0.38
  281 L    -3  -4  -5  -5  -3  -4  -5  -5  -5   1   5  -4   0  -2   1  -4  -3  -4  -3   1    1   0   0   0   0   0   0   0   0   3  81   0   0   0   7   0   0   0   0   9  1.05 0.31
  282 S     0  -2   3   5  -4   1   1  -2  -2  -3  -4  -2  -3  -4   0   1  -1  -5  -4  -4    6   0  14  43   0   8   9   1   0   1   0   0   0   1   4  10   3   0   0   0  0.68 0.22
  283 T     1   1  -2  -2  -2   2   0  -2  -2   0   0   0   0  -1  -1   0   1  -3  -2   1   18   9   0   1   0  15   3   1   0   7   9   2   2   3   2   4  11   0   0  13  0.12 0.09
  284 L    -4  -4  -5  -6  -4  -5  -5  -6  -4  -1   5  -5  -1   6  -5  -4  -4  -2   0  -2    0   0   0   0   0   0   0   0   0   0  56   0   0  44   0   0   0   0   0   0  1.27 0.34
  285 L    -2   5   4  -2  -4   2  -2  -3   0  -2   0   1   1  -4  -4  -2  -2  -4  -3  -3    1  40  24   0   0  10   0   0   1   1  14   5   4   0   0   1   0   0   0   0  0.65 0.24
  286 T     1   2   1   0  -3   0   1   2  -2  -3  -3   3  -3  -4   0   0   0  -4  -3  -2   10  10   5   4   0   2   9  17   0   0   0  28   0   0   4   4   6   0   0   1  0.32 0.13
  287 M     2  -2  -2   0  -4   1   5  -3   1  -2  -3  -1   2  -2  -3  -2  -2  -4  -3  -2   18   0   0   3   0   3  57   0   4   2   0   1   8   2   0   0   1   0   0   1  0.77 0.28
  288 F    -5  -5  -6  -6  -5  -6  -6  -6  -4  -3  -1  -6  -2   9  -6  -5  -5  -1   1  -3    0   0   0   0   0   0   0   0   0   0   2   0   0  97   0   0   0   0   1   0  2.38 0.49
  289 G    -1  -1   3   3  -4  -1   2   1  -2  -4  -4   1  -3  -4   2   0  -1  -4  -4  -4    2   1  16  22   0   0  18  13   0   0   0   9   0   0  11   6   2   0   0   0  0.49 0.16
  290 L    -3  -4  -5  -5  -3  -3  -4  -5  -2   3   3  -4   2   6  -5  -4  -3  -2   0   0    0   0   0   0   0   1   0   0   1  16  26   0   6  45   0   0   0   0   0   5  0.85 0.24
  291 P     0   2   2   1  -3   3   3  -2  -1  -3  -3   1  -2  -4   2   0  -1  -3  -2  -3    8  16  14   3   0  17  25   0   0   0   0   6   0   0  11   0   0   0   0   0  0.41 0.07
  292 Q    -1   1   0   0  -4   5   4  -2   0  -3  -3   1  -1  -4  -2   0  -1  -3  -2  -3    0   7   0   0   0  48  45   0   0   0   0   0   0   0   0   0   0   0   0   0  0.66 0.05

                      K         Lambda
Standard Ungapped    0.1341     0.3189
Standard Gapped      0.0554     0.2670
PSI Ungapped         0.1805     0.3147
PSI Gapped           0.0554     0.2670
