
Last position-specific scoring matrix computed, weighted observed percentages rounded down, information per position, and relative weight of gapless real matches to pseudocounts
           A  R  N  D  C  Q  E  G  H  I  L  K  M  F  P  S  T  W  Y  V   A   R   N   D   C   Q   E   G   H   I   L   K   M   F   P   S   T   W   Y   V
    1 E   -1  1  0  2 -4  4  4 -2  0 -4 -3  1 -2 -4 -2 -1 -1 -3 -2 -3    0   9   0  11   0  26  54   0   0   0   0   0   0   0   0   0   0   0   0   0  0.66 0.07
    2 D   -3 -3  0  7 -5 -1  1 -2 -2 -4 -5 -2 -4 -5 -3 -1 -2 -5 -4 -4    0   0   0 100   0   0   0   0   0   0   0   0   0   0   0   0   0   0   0   0  1.54 0.20
    3 P   -2 -3 -3 -3 -4 -2 -2 -3 -3  0 -3 -2 -3 -4  8 -2 -2 -5 -4 -3    0   0   0   0   0   0   0   0   0   8   0   0   0   0  92   0   0   0   0   0  2.17 0.21
    4 F   -3 -4 -4 -5 -4 -4 -4 -4 -2 -1 -1 -4 -1  8 -5 -4 -3  0  2 -2    0   0   0   0   0   0   0   0   0   0   0   0   0 100   0   0   0   0   0   0  1.58 0.23
    5 Q   -2 -1 -1  4 -4  3  4 -3 -1 -1 -3  0 -2 -2 -2 -1 -2 -2  2 -2    0   0   0  27   0  17  37   0   0   7   0   0   0   0   0   0   0   0  11   0  0.53 0.11
    6 Q   -2  0 -1  1 -4  7  2 -3 -1 -4 -3  0 -2 -4 -2 -1 -2 -3 -3 -3    0   0   0   6   0  81  13   0   0   0   0   0   0   0   0   0   0   0   0   0  1.11 0.20
    7 V   -1 -4 -4 -4 -2 -3 -4 -4 -4  2  0 -3  0 -2 -3 -3 -1 -4 -2  6    0   0   0   0   0   0   0   0   0   0   0   0   0   0   0   0   0   0   0 100  0.92 0.19
    8 V    1 -3 -3 -4 -2 -3 -3 -3 -3  1  2 -3  1  1 -3 -2 -1 -3 -1  3   16   0   0   0   0   0   0   0   0   0  32   0   0   7   0   0   0   0   0  45  0.35 0.09
    9 K   -1  2  3  1  2  2  1 -2 -1 -3 -3  3 -2 -3 -2  0  0 -3 -2 -3    0  12  20   5   6  11   5   0   0   0   0  29   0   0   0   7   5   0   0   0  0.36 0.07
   10 D   -3 -3  0  7 -5 -1  1 -2 -2 -4 -5 -2 -4 -5 -3 -1 -2 -6 -4 -4    0   0   0 100   0   0   0   0   0   0   0   0   0   0   0   0   0   0   0   0  1.58 0.22
   11 T    2 -2 -1 -2 -2 -2 -2 -2 -3  0 -2 -2 -1 -3 -2  0  5 -3 -3 -1   19   0   0   0   0   0   0   0   0   7   0   0   0   0   0   0  74   0   0   0  0.67 0.16
   12 K   -2  4 -1 -1 -4  2  3 -3 -1 -4 -3  4 -2 -4 -2 -1 -2 -4 -3 -3    0  29   0   0   0   7  23   0   0   0   0  41   0   0   0   0   0   0   0   0  0.66 0.12
   13 E   -2 -1 -1  3 -5  1  6 -3 -1 -4 -4  0 -3 -4 -2 -1 -2 -4 -3 -4    0   0   0  12   0   0  88   0   0   0   0   0   0   0   0   0   0   0   0   0  1.14 0.19
   14 Q   -2  0 -1 -2 -4  8  1 -3 -1 -4 -3  0 -2 -5 -3 -1 -2 -3 -3 -4    0   0   0   0   0 100   0   0   0   0   0   0   0   0   0   0   0   0   0   0  1.45 0.25
   15 L   -1 -3 -4 -4 -2 -3 -3 -4 -3  4  3 -3  2 -1 -3 -2 -1 -3 -2  2    6   0   0   0   0   0   0   0   0  43  34   0   5   0   0   0   0   0   0  12  0.45 0.09
   16 N   -1  1  3  1 -3  1  3  0 -1 -3 -3  1 -2 -3 -2  1  1 -3 -2 -3    0   8  19   4   0   5  25   5   0   0   0  10   0   0   0  12  11   0   0   0  0.34 0.07
   17 R   -2  6 -1 -2 -4  3  0 -3 -1 -4 -3  2 -2 -4 -3 -1 -2 -4 -3 -3    0  74   0   0   0  18   0   0   0   0   0   8   0   0   0   0   0   0   0   0  1.02 0.17
   18 I   -2 -3 -4 -4 -2 -3 -4 -5 -4  2  5 -3  1  0 -4 -3 -2 -3 -2  0    0   0   0   0   0   0   0   0   0  12  88   0   0   0   0   0   0   0   0   0  0.77 0.14
   19 N    1  1  1  0 -2  1  0 -2 -1 -1  0  1 -1 -2 -2  2  0 -3 -2 -1   11   9   6   3   0   5   6   0   0   0  18  12   0   0   0  26   3   0   0   0  0.15 0.05
   20 N    0 -1  3  1 -3  4  0 -2  3 -2 -2  0 -1 -3 -2  1 -1 -3 -2 -1    5   0  17   5   0  41   0   0   9   0   4   0   0   0   0  14   0   0   0   5  0.39 0.11
   21 Y   -2 -2 -2 -3 -3 -2 -2 -3  4  1 -1 -2 -1  5 -3 -2 -2  0  5 -1    1   1   1   1   0   0   1   1  15  14   1   1   0  33   1   1   1   0  28   1  0.55 0.10
   22 I   -1 -2 -2 -3 -2  0 -2 -3 -2  2  3 -2  1  1 -2 -2 -1 -2 -1  1    1   1   1   1   0   8   1   1   0  18  54   1   0   5   1   1   1   0   1   1  0.27 0.06
   23 T    0  1  0  1 -1  0  1 -1 -1 -1 -2  1 -1 -2 -1  2  2 -2 -1 -1    3   7   1   9   1   1  13   2   1   2   3   7   1   1   2  17  26   0   1   2  0.17 0.03
   24 R   -1  2  0 -1 -2  3  0  0 -1 -2 -2  0 -1 -2  2  1  2 -2 -2 -2    2  20   1   1   0  21   1   6   1   1   2   1   1   1   9  12  16   0   1   2  0.24 0.05
   25 H    0  1  2  1 -3  0  0 -2  6 -3 -3  1 -2 -2 -2  1 -1 -3  0 -3    7   6  14   7   0   0   1   1  38   1   1   8   0   0   1  14   1   0   0   1  0.44 0.09
   26 N   -1  1  4  1 -3  0  0  2  2 -3 -3  0 -2 -2 -2  0  0 -2  1 -3    0  12  33   6   0   0   5  17   6   0   0   0   0   0   0   7   6   0   7   0  0.32 0.07
   27 T    1  0  0 -1 -2  1 -1 -2 -2 -2 -2 -1 -2 -3  3  2  3 -3 -2  0    9   7   5   0   0   8   0   0   0   0   0   0   0   0  19  16  29   0   0   7  0.37 0.08
   28 A    1  0  0 -1 -2  1 -1  1  1 -1 -2 -1 -1 -2 -2  2  2 -3 -2 -1   13   5   0   0   0  10   0  13   5   6   0   0   0   0   0  27  19   0   0   0  0.22 0.06
   29 D   -1 -1  4  3 -3  0  1 -1  2 -3 -3  1 -2 -3  0  0 -1 -4 -2 -2    0   0  31  25   0   0   6   0   6   0   0  12   0   0   4   7   0   0   0   5  0.40 0.08
   30 D    1 -1  0  3 -2  0  3 -2 -1 -1 -2 -1 -2 -3 -1  0  0 -3 -2  0   14   1   1  27   0   1  31   1   0   1   1   1   0   0   1   1   8   0   0  12  0.32 0.07
   31 Q    1  0 -1  0 -2  3  2 -1 -1 -1 -1  0 -1 -2 -1  1  0 -2 -1  0   12   1   1   1   0  23  23   2   0   1   8   1   1   1   1   9   7   0   1   6  0.20 0.05
   32 E    0  0  0  2 -2  0  1 -2 -1  0 -1  0  0 -2  1  1  0 -2  0  0    5   6   5  17   0   1  13   1   0   7   1   6   6   0   7  12   1   0   5   6  0.12 0.03
   33 E    1  0  1  2 -2  1  3  0 -1 -3 -3  1 -2 -3 -1  0 -1 -3 -2 -2   17   0   9  15   0   6  24   6   0   0   1  13   0   0   0   5   0   0   0   0  0.29 0.05
   34 E   -2 -1 -1  1 -4  1  6 -3 -1 -4 -3  0 -3 -4 -2 -1 -2 -3 -3 -3    1   0   0   0   0   0  93   1   0   0   1   0   0   0   0   1   0   0   0   0  1.11 0.18
   35 I   -1  0 -3 -3 -2 -2 -3 -3 -2  4  0 -2  0  0 -3 -2 -1 -2  2  3    1   7   0   0   0   0   0   1   0  39   1   0   0   0   0   1   0   0  12  36  0.35 0.09
   36 Q    0  2  2  2 -3  4  1 -2 -1 -3 -1  1 -1 -3 -2  0 -1 -3 -2 -2    5  12  12  11   0  38   0   1   0   0   6   5   0   0   0   8   0   0   0   0  0.36 0.08
   37 D   -2 -1 -1  4 -5  1  6 -1 -1 -4 -4  0 -3 -4 -2 -1 -2 -4 -3 -4    0   0   0  22   0   0  73   5   0   0   0   0   0   0   0   0   0   0   0   0  0.94 0.16
   38 I   -2 -4 -4 -4 -2 -3 -4 -1 -4  5  1 -3  0 -1 -4 -3 -2 -3 -2  2    0   0   0   0   0   0   0   7   0  78   7   0   0   0   0   0   0   0   0   9  0.65 0.14
   39 L   -2 -3 -4 -4 -2 -3 -3 -4 -3  3  3 -3  2  1 -3 -3 -1 -2 -1  3    0   0   0   0   0   0   0   0   0  29  34   0   5   5   0   0   0   0   0  27  0.44 0.08
   40 K    0  0  2  3 -3  2  3  0 -1 -3 -3  1 -2 -4 -2  1 -1 -4 -3 -3    7   0  14  19   0  14  23   4   0   0   0  12   0   0   0   7   0   0   0   0  0.40 0.07
   41 D   -2 -2  0  6 -5  0  4 -2 -2 -4 -4 -1 -4 -4 -2 -1 -2 -5 -4 -4    0   0   0  72   0   0  28   0   0   0   0   0   0   0   0   0   0   0   0   0  1.15 0.17
   42 V    0 -3 -4 -4 -2 -3 -3 -4 -4  4  1 -3  0 -1 -3 -2 -1 -3 -2  4    7   0   0   0   0   0   0   0   0  34   6   0   0   0   0   0   0   0   0  53  0.53 0.11
   43 E    0  1  1  2 -3  2  4 -2 -1 -3 -3  2 -2 -4 -2  0 -1 -4 -3 -3   11   5   8  11   0   7  41   0   0   0   0  17   0   0   0   0   0   0   0   0  0.48 0.09
   44 E   -2 -1 -1  3 -5  1  6 -3 -1 -4 -4  0 -3 -4 -2 -1 -2 -4 -3 -4    0   0   0  17   0   0  83   0   0   0   0   0   0   0   0   0   0   0   0   0  1.10 0.18
   45 T    1 -2 -1 -2 -2 -2 -2 -2 -3 -2 -2 -2 -2 -3 -2  0  6 -4 -3 -1   14   0   0   0   0   0   0   0   0   0   0   0   0   0   0   0  86   0   0   0  0.87 0.19
   46 I   -2 -3 -4 -4 -2 -3 -4 -4 -4  4  3 -3  1 -1 -3 -3 -1 -3 -2  2    0   0   0   0   0   0   0   0   0  54  34   0   0   0   0   0   0   0   0  12  0.59 0.11
   47 V   -1  2  0 -1 -2  2  2 -3 -1  1 -1  1 -1 -2 -2 -1 -1 -3 -2  2    0  12   7   0   0  12  16   0   0  12   0   9   0   0   0   0   0   0   0  32  0.19 0.07
   48 D   -3 -3  0  7 -5 -1  1 -2 -2 -4 -5 -2 -4 -5 -3 -1 -2 -5 -4 -4    0   0   0  94   0   0   6   0   0   0   0   0   0   0   0   0   0   0   0   0  1.45 0.20
   49 L   -2 -3 -4 -5 -2 -3 -4 -5 -4  1  5 -3  1  0 -4 -3 -2 -3 -2  0    0   0   0   0   0   0   0   0   0   0 100   0   0   0   0   0   0   0   0   0  0.91 0.17
   50 D   -2 -2  4  5 -4  1  2 -2 -1 -4 -4 -1 -3 -3 -2 -1 -1 -4  0 -4    0   0  25  49   0   7  14   0   0   0   0   0   0   0   0   0   0   0   5   0  0.75 0.12
   51 R    0  5 -1 -1 -3  0  1 -2 -1 -3 -3  3 -2 -3 -2  1 -1 -3 -2 -3    7  46   0   0   0   0   7   0   0   0   0  22   0   0   0  18   0   0   0   0  0.56 0.11
   52 S    0 -2  0 -1 -2 -1 -1 -1 -2 -4 -4 -1 -3 -4 -2  6  0 -4 -3 -3    0   0   0   0   0   0   0   0   0   0   0   0   0   0   0 100   0   0   0   0  0.99 0.21
   53 I    0 -3 -4 -4 -2 -3 -3 -4 -4  4  2 -3  1 -1 -3 -2 -1 -3 -2  3    7   0   0   0   0   0   0   0   0  48  24   0   0   0   0   0   0   0   0  21  0.47 0.10
   54 I    1 -2 -1  0 -2 -1  2 -2 -2  2  0 -1  1 -2 -2  0  1 -3 -2  1   12   0   0   5   0   0  24   0   0  27   0   0   6   0   0   8   9   0   0  10  0.16 0.06
   55 V   -1 -3 -4 -4 -2 -3 -3 -4 -4  3  0 -3  2 -1 -3 -3 -1 -4 -2  5    0   0   0   0   0   0   0   0   0  16   0   0   7   0   0   0   0   0   0  77  0.68 0.15
   56 M   -2 -3 -4 -4 -2 -2 -3 -4 -3  4  2 -3  6 -1 -4 -3 -2 -3 -2  1    0   0   0   0   0   0   0   0   0  35  11   0  47   0   0   0   0   0   0   6  0.67 0.15
   57 K    0  3 -1 -1 -3  2  2  0 -1 -3 -3  4 -2 -3 -2  0 -1 -3 -2 -3    6  16   0   0   0   9  17   6   0   0   0  38   0   0   0   5   0   0   0   0  0.40 0.08
   58 R   -2  6 -1  0 -4  3  0 -3 -1 -4 -3  2 -2 -4 -3 -1 -2 -4 -3 -3    0  64   0   5   0  20   0   0   0   0   0  11   0   0   0   0   0   0   0   0  0.86 0.15
   59 D   -1 -1  4  3 -3  0  2 -2 -1 -3 -3 -1 -3 -4 -2  2  1 -4 -3 -3    0   0  27  23   0   0  18   0   0   0   0   0   0   0   0  22  11   0   0   0  0.50 0.10
   60 E    0 -1  2  2 -2  2  2 -1 -1 -2 -2  0 -1 -2 -1  0  0 -2 -2 -1    8   1  14  13   0  14  23   1   0   1   2   1   0   1   1   6   6   0   1   7  0.24 0.04
   61 N    0 -2  4  1 -3 -1  0  3 -1 -4 -4 -1 -3 -4  2  1 -1 -4 -3 -3    5   0  33   5   0   0   7  29   0   0   0   0   0   0  13   7   0   0   0   0  0.51 0.09
   62 E    2 -1  1 -1 -2  1  2  0 -1 -2 -2  1 -2 -2 -2  1 -1 -2  1 -1   24   0  11   0   0   8  16   5   0   0   0  10   0   0   0  12   0   0   7   5  0.19 0.06
   63 D   -1 -2  0  5 -3  0  2 -2 -2 -3 -3 -1  1 -3 -2  2  1 -4 -3 -3    0   0   0  47   0   0  14   0   0   0   0   0   8   0   0  22  10   0   0   0  0.56 0.11
   64 V    0 -3 -2 -3 -2 -2 -2 -3 -3  3  0 -2  0 -2 -2 -1  3 -3 -2  3    7   0   0   0   0   0   0   0   0  27   0   0   0   0   0   0  34   0   0  32  0.38 0.11
   65 S    2 -1 -1 -1 -2  2  0  0 -2 -1  0 -1 -1 -2 -2  2  0 -3 -2  0   22   0   0   0   0  18   5   4   0   0  16   0   0   0   0  24   0   0   0  10  0.17 0.07
   66 G    2 -2  2  2 -2 -1  1  2 -1 -2 -3 -1 -2 -3 -2  0  0 -3 -3 -1   24   0  15  11   0   0  15  21   0   0   0   0   0   0   0   0   7   0   0   7  0.27 0.06
   67 R   -2  7 -1 -2 -4  0 -1 -3 -1 -4 -3  3 -2 -4 -3 -2 -2 -4 -3 -4    0  83   0   0   0   0   0   0   0   0   0  17   0   0   0   0   0   0   0   0  1.16 0.18
   68 E   -2  3 -1  0 -4  2  5 -1 -1 -4 -3  2 -2 -4 -2 -1 -2 -4 -3 -3    0  22   0   0   0   5  58   4   0   0   0  10   0   0   0   0   0   0   0   0  0.69 0.13
   69 A    1  1  1 -1 -2  1  1 -2  2 -1 -1  1 -1 -1 -2  0  1 -2  1  0   13  10  11   0   0   5  12   0   6   0   5   7   0   0   0   4  10   0   8  10  0.11 0.03
   70 Q   -1  4  1  0 -3  3  3 -2 -1 -3 -3  1 -2 -4 -2  0  0 -3 -2 -3    4  33   5   0   0  16  28   0   0   0   0   0   0   0   0   7   5   0   0   0  0.49 0.10
   71 V   -1 -3 -4 -4 -2 -3 -3 -4 -4  2  2 -3  3 -1 -3 -3 -1 -3 -2  4    0   0   0   0   0   0   0   0   0  10  23   0  13   0   0   0   0   0   0  54  0.50 0.11
   72 K    2  0  1  1 -2  3  2  0 -1 -3 -3  2 -2 -3 -2  1 -1 -3 -2 -2   25   0   5   5   0  22  13   5   0   0   0  17   0   0   0   6   0   0   0   0  0.32 0.07
   73 N    1 -1  3  2 -2  3  1 -1 -1 -3 -3  1 -2 -3 -2  2  0 -4 -2 -3   12   0  21  13   0  19   4   0   0   0   0   5   0   0   0  26   0   0   0   0  0.38 0.08
   74 I   -2 -3 -4 -4 -2 -3 -4 -5 -4  2  5 -3  1  0 -4 -3 -2 -3 -2  1    0   0   0   0   0   0   0   0   0  12  83   0   0   0   0   0   0   0   0   5  0.71 0.13
   75 K   -2  4 -1 -1 -4  2  3 -3 -1 -4 -3  4 -2 -4 -2 -1 -2 -4 -3 -3    0  36   0   0   0   8  23   0   0   0   0  33   0   0   0   0   0   0   0   0  0.67 0.12
   76 Q    0  1  2  2 -3  2  1 -2  3 -3 -3  1 -2 -3 -2  2 -1 -3 -1 -3    4   6  14  10   0  12   6   0  14   0   0  12   0   0   0  22   0   0   0   0  0.33 0.07
   77 Q    1  0  1  1 -3  3  3 -2 -1 -3 -1  2 -1 -3 -2  0 -1 -3 -2 -2   13   0   8   5   0  22  27   0   0   0   7  13   0   0   0   5   0   0   0   0  0.33 0.08
   78 L   -2 -3 -4 -4 -2 -3 -4 -4 -2  0  4 -3  1  3 -4 -3 -2 -1  4  0    0   0   0   0   0   0   0   0   0   0  64   0   0  17   0   0   0   0  19   0  0.62 0.12
   79 D    0  0  1  3 -3  1  2  0 -1 -3 -1  2 -2 -3 -2  0 -1 -4 -3 -2   12   0   6  26   0   5  16   4   0   0   6  25   0   0   0   0   0   0   0   0  0.32 0.07
   80 A    0  2  0  2 -3  1  1 -2 -1 -1 -2  2 -1 -3 -2  1  1 -3 -2 -2   11  16   0  13   0   8   5   0   0   6   0  22   0   0   0   8  11   0   0   0  0.24 0.05
   81 L   -2 -3 -4 -4  3 -3 -4 -4 -4  2  4 -3  1  0 -4 -3 -2 -3 -2  1    0   0   0   0   8   0   0   0   0  13  73   0   0   0   0   0   0   0   0   6  0.60 0.12
   82 K   -2  1 -1 -1 -4  3  2 -2 -1 -4 -3  5 -2 -4 -2 -1 -1 -4 -3 -3    0   0   0   0   0  19  13   0   0   0   0  68   0   0   0   0   0   0   0   0  0.75 0.14
   83 L   -1 -1 -1  0 -2 -1 -1 -2 -2  1  1  0  0  1 -2  1  1 -2  1  0    0   0   0   7   0   0   0   0   0  17  25   9   0   5   0  13  18   0   7   0  0.09 0.03
   84 R   -1  4  2 -1 -4  4  1 -2  0 -3 -3  3 -1 -3 -2 -1 -1 -3 -2 -3    0  34  13   0   0  31   0   0   0   0   0  23   0   0   0   0   0   0   0   0  0.54 0.06
   85 F    0 -3 -3 -3 -2 -3 -3  1 -2  1  0 -3  0  5 -3 -1 -2  0  2  0   15   0   0   0   0   0   0  16   0  13   0   0   0  56   0   0   0   0   0   0  0.36 0.04
   86 D   -1  0  4  3 -3  1  2 -1  0 -3 -3  2 -2 -4 -2  0 -1 -4 -3 -3    0   0  30  28   0   0  15   0   0   0   0  27   0   0   0   0   0   0   0   0  0.49 0.03
   87 R   -1  3 -1 -1 -3  2  0 -2 -1 -1 -1  3 -1 -3 -2 -1 -1 -3 -2  0    0  30   0   0   0  10   0   0   0   0   0  39   0   0   0   0   0   0   0  21  0.31 0.01
   88 R   -1  4  0 -1 -3  3  1 -2  0 -3 -2  3 -1 -3 -2 -1 -1 -3 -2 -3    0  49   0   0   0  26   0   0   0   0   0  25   0   0   0   0   0   0   0   0  0.55 0.01
   89 I   -1 -2 -3 -4 -1 -2 -3 -4 -3  3  3 -2  3  0 -3 -2 -1 -2 -1  2    0   0   0   0   0   0   0   0   0  31  52   0  17   0   0   0   0   0   0   0  0.35 0.00

                      K         Lambda
Standard Ungapped    0.1332     0.3135
Standard Gapped      0.0435     0.2670
PSI Ungapped         0.1438     0.3068
PSI Gapped           0.0435     0.2670
