
Last position-specific scoring matrix computed, weighted observed percentages rounded down, information per position, and relative weight of gapless real matches to pseudocounts
            A   R   N   D   C   Q   E   G   H   I   L   K   M   F   P   S   T   W   Y   V   A   R   N   D   C   Q   E   G   H   I   L   K   M   F   P   S   T   W   Y   V
    1 A     6  -3  -3  -3  -2  -2  -2  -1  -3  -3  -3  -2  -3  -4  -2   2  -1  -4  -3  -2   81   0   0   0   0   0   0   0   0   0   0   0   0   0   0  19   0   0   0   0  1.03 0.30
    2 D    -2  -3  -1   5  -5   0   2   3  -1  -5  -5  -2  -4  -5  -3  -2  -1  -5  -4  -4    1   0   1  46   0   3  16  29   1   0   0   0   0   0   0   0   3   0   0   1  0.92 0.28
    3 T     0  -1  -1   0  -1  -1   1  -1  -2   1   0  -1   1  -2  -1   0   3  -3  -2   1    4   1   1   6   1   1  11   4   0  14   7   2   6   0   1   6  26   0   0   7  0.14 0.11
    4 V     0  -3  -3  -4  -2  -3  -2  -3  -4   3   1  -2   1  -2   0  -1   1  -4  -3   3    7   0   0   0   0   0   3   1   0  24  12   3   3   0   5   2   9   0   0  31  0.34 0.17
    5 T     0   0   0   0  -3  -1   1  -1   1  -2  -2   0  -2  -3   4   1   2  -4  -1  -1    4   5   2   5   0   2   8   5   3   0   3   6   0   0  22   8  21   0   2   3  0.34 0.15
    6 L     0  -1  -4  -4  -3  -1  -3  -4  -2   1   4  -2   4  -1  -2  -1  -2  -3  -3   2   10   4   0   0   0   3   1   0   1   5  42   2  14   0   2   3   0   0   0  13  0.42 0.21
    7 P     2  -4  -4  -3  -5  -4  -2  -3  -5  -5  -5  -2  -5  -6   8  -2  -2  -6  -5  -4   15   0   0   1   0   0   3   2   0   0   0   2   0   0  72   2   2   0   0   1  1.92 0.52
    8 F    -1  -3  -2  -2  -3  -2  -3   2  -1   0   1  -2   0   5  -3  -1   1  -2   1   0    3   1   1   1   0   2   1  16   1   4  18   1   1  28   0   3  10   0   4   5  0.31 0.18
    9 A     4  -3  -3   2  -3  -3  -1   1  -3  -1   0  -2  -2  -3  -2  -1  -2   4  -3   0   44   1   0  12   0   0   4  12   0   3   9   1   0   0   1   1   0   6   0   7  0.43 0.26
   10 N    -1   0   5   2  -4   2   1  -1  -1  -3  -3   0  -2  -2  -1  -1   0  -5  -3  -4    6   5  31  12   0  10  11   4   1   1   2   5   1   2   2   1   5   0   1   0  0.45 0.24
   11 G     1   0  -1   0  -3   0  -1   4  -3  -1  -3  -2  -2  -4  -1   1   0  -4  -4  -2   14   4   1   6   0   6   4  38   0   4   2   0   1   0   2  11   5   0   0   2  0.45 0.23
   12 E    -1  -2   1   1  -4   0   3  -3  -2  -2  -2  -1  -1  -3   3   1   0   0  -2  -2    4   1   7   9   0   4  27   1   0   2   4   2   1   1  17  10   6   2   1   2  0.40 0.23
   13 R    -3   4   0   5  -5  -1   1  -2  -2  -4  -4   1  -3  -5  -4   0  -2  -5  -4  -3    1  26   3  35   0   2   7   3   0   0   1   8   0   0   0   7   2   0   0   2  0.75 0.35
   14 P    -2  -3  -4   1  -6  -3   1  -2  -2  -3  -6  -4  -1  -6   7  -2  -2  -7  -6  -3    3   1   0   7   0   1   8   3   1   2   0   0   2   0  66   3   2   0   0   1  1.69 0.59
   15 L    -4  -4  -4  -2  -5  -2  -4  -5  -2  -1   3  -4   2   4  -4  -4  -2   2   6  -2    1   0   0   3   0   2   0   0   1   2  28   0   5  19   1   1   2   3  31   1  0.94 0.41
   16 V     3  -2  -1  -2  -2  -2  -1  -2  -2   0  -2   0  -1  -3   1   2   1  -4  -3   2   26   2   2   2   0   0   4   2   1   4   2   5   1   1   7  16   8   0   0  18  0.27 0.22
   17 M     2   0   2   1  -3   1   0  -1   0  -1  -1   0   0  -3  -1   0   0  -3  -2  -1   20   4  13   9   0   5   4   4   3   4   6   6   3   0   2   6   7   0   1   3  0.12 0.11
   18 Y    -4  -4  -3   3  -5  -3   3  -4  -3  -1  -1  -3  -2   4  -3  -3  -3   5   4  -4    1   0   0  21   0   0  20   1   0   3   4   0   1  18   1   1   1   9  17   0  0.82 0.39
   19 P    -2  -5  -2  -3  -3  -3  -2   0  -5  -6  -6   0  -5  -6   8  -2  -4  -6  -6  -3    2   0   2   1   1   1   2   6   0   0   0   7   0   0  72   3   0   0   0   2  1.96 0.66
   20 G     0  -1  -2   0  -4   3   1   3   0  -2  -4   2  -3  -4   1  -1  -1  -4  -3  -2    6   1   1   5   0  17   9  25   2   3   1  13   0   0   7   3   3   0   1   3  0.38 0.25
   21 K    -2   6  -3  -1  -6  -1  -2  -5  -1  -6  -5   5  -4  -6  -4  -2  -4  -2  -5  -3    3  39   1   3   0   2   2   0   2   0   0  42   0   0   1   2   0   1   0   2  1.30 0.54
   22 R    -1   2   0   3  -4  -1   0   0   6  -4  -3   1  -2  -3   0   0  -1  -5  -2  -3    4  14   4  18   0   1   5   7  20   0   3   7   1   0   4   6   2   0   1   1  0.47 0.27
   23 P     0  -2  -2   1  -5  -3   0   2  -2  -6  -5  -2  -4  -6   6   0  -2  -6  -3  -5    7   2   1   9   0   1   6  14   1   0   1   2   0   0  47   5   2   0   1   0  1.10 0.47
   24 L     0  -4  -5  -3  -1  -3  -5  -5  -6  -1   5  -5   6   0  -6  -2  -4  -3  -4  -1    8   1   0   2   1   1   0   0   0   1  58   0  18   3   0   2   0   0   0   3  1.08 0.50
   25 I    -3  -2  -5  -3  -3  -3  -3  -4  -4   6   2  -1   0  -2  -5  -3   1  -5  -3   1    1   2   0   1   0   1   2   1   0  47  22   3   2   1   0   2   8   0   0   6  0.80 0.40
   26 G    -2   1  -4  -4  -4  -1  -3  -2  -4   1   1   1   0  -3  -1  -3   1  -2  -2   4    2   7   0   0   0   3   1   3   0   6  13   8   2   0   3   1  10   1   1  39  0.45 0.31
   27 L    -2   2  -2  -4  -2   1  -3  -4   5   2   2  -1   0   0  -4  -3  -3  -4   0   1    2  13   2   0   1   7   0   0  16  10  26   3   2   4   1   1   1   0   2  10  0.45 0.29
   28 T    -2   1   5  -2  -2   1  -1   0  -2  -5  -5  -2  -4  -5  -3   3   3  -6  -5  -2    2   8  28   1   1   6   3   6   1   0   0   1   0   0   1  19  21   0   0   3  0.69 0.41
   29 A     1  -1  -1   3  -3   1   1  -2   1  -2  -1   0  -2  -3  -1   2   1  -3  -2  -1   12   2   2  18   0   5   7   1   3   1   5   5   0   1   3  18   9   0   1   5  0.24 0.20
   30 R    -2   6   0  -1  -6   0   0  -5   1  -4  -3   4  -4  -5  -5   0  -1  -3  -3  -4    3  40   5   2   0   4   6   0   3   1   2  22   0   0   0   7   3   0   1   1  0.86 0.43
   31 P    -3  -6  -6  -5  -6  -5  -4  -1  -6  -5  -6  -5  -6  -7   8  -2  -4  -7  -6  -5    2   0   0   0   0   0   1   5   0   1   1   0   0   0  84   2   1   0   0   1  2.62 0.88
   32 P    -3  -1  -3  -3   1  -2  -1  -4  -2   0   1  -3  -1   5   4  -3   0   3   2  -1    1   3   1   1   3   1   5   1   1   5  12   0   1  25  20   0   5   4   5   3  0.54 0.30
   33 Q    -4  -5   8  -2  -1   2  -3  -5   0  -5  -1  -4  -4  -4  -6  -3   1  -2  -6  -2    1   0  66   1   1   8   1   0   2   0   7   0   0   1   0   0   7   1   0   4  1.62 0.70
   34 L     5  -2  -5  -5  -3  -1  -4  -2  -2   0   3  -3  -1  -4  -5  -2  -4  -5  -1  -1   51   2   0   0   0   3   0   2   1   6  27   1   1   0   0   1   0   0   2   2  0.84 0.47
   35 E    -6  -3  -5  -3  -8  -1   8  -4  -4  -8  -8  -4  -7  -6  -5  -3  -5  -7  -3  -7    0   1   0   0   0   1  93   1   0   0   0   0   0   0   0   1   0   0   1   0  2.49 0.95
   36 T    -1  -5  -4  -5  -2  -5  -5  -5  -6  -4  -4  -5   0  -1   5   0   6  -6  -5  -3    4   0   0   0   1   0   0   0   0   1   1   0   3   2  26   5  56   0   0   1  1.48 0.67
   37 P    -2   1  -4  -4  -5  -3  -3  -6  -2  -7  -6  -1  -6  -8   8  -3  -2  -8  -6  -6    3   7   1   1   0   1   1   0   1   0   0   5   0   0  74   2   2   0   0   0  2.19 0.82
   38 F     1   3  -3  -4  -3  -2  -1  -3  -4   0   1  -2   0   3   3  -1  -3   2  -1   0   11  16   0   0   0   1   3   2   0   6  15   1   2  16  14   3   1   2   1   6  0.32 0.24
   39 S     1  -1  -1   1  -5   0   3  -1   5  -5  -5  -1  -3  -5   0   2  -1  -4  -1  -4   12   4   1   7   0   3  22   5  13   0   0   3   0   0   5  19   3   0   1   0  0.48 0.31
   40 V     3  -2  -3  -2  -1  -1  -1  -2  -3   0   2  -1   1   0  -3  -1  -2  -4   1   2   27   1   1   2   1   2   5   2   0   3  23   3   3   4   1   3   1   0   4  14  0.25 0.22
   41 F    -5  -6  -5  -6  -5  -4  -7  -7  -4  -1   6  -6   1   5  -7  -6  -5  -5  -1  -3    0   0   1   0   0   1   0   0   0   2  67   0   2  24   0   0   0   0   1   0  1.58 0.63
   42 D     1   1   2   3  -3  -2  -1   1  -1   0  -2  -2  -1  -3  -2  -1   0  -4  -3   1   11   9   9  20   0   1   1  13   1   5   3   1   1   0   1   4   6   0   1  10  0.20 0.17
   43 E    -1   1  -1   4  -4   1   4  -1   0  -4  -4  -1  -4  -4  -2   1   1  -5  -1  -4    6   6   2  22   0   6  24   4   2   0   0   3   0   0   1  10  10   0   2   0  0.51 0.30
   44 G     1  -2   1   2  -2   0  -2   3   2  -4  -4  -1  -3  -2  -2   2  -1   0  -1  -4   10   2   8  11   1   3   2  24   5   0   1   4   0   2   2  21   3   2   2   1  0.37 0.23
   45 L    -1  -1  -3  -2  -3  -2  -1  -3  -1   0   0  -2  -1   4   2  -2  -1   3   4   2    5   4   1   2   0   1   5   2   1   4   7   1   1  18  11   1   3   3  14  14  0.34 0.20
   46 I    -4  -2  -5  -5  -4  -5  -5  -6  -1   5   2  -4  -2   1  -5  -5  -3  -2   0   3    1   2   0   1   0   0   0   0   2  41  20   1   0   6   0   0   1   0   3  21  0.93 0.41
   47 T    -5  -6  -5  -5  -5  -4  -5  -6  -6  -5  -6  -4  -2  -6  -5  -3   8  -7  -6  -2    0   0   0   0   0   0   0   0   0   0   0   1   1   0   0   0  94   0   0   2  2.57 0.96
   48 P    -3  -6  -7  -5  -8  -5  -6  -6  -7  -8  -8  -5  -7  -8   9  -3  -4  -8  -8  -7    2   0   0   1   0   0   0   1   0   0   0   0   0   0  93   2   1   0   0   0  3.14 1.05
   49 N     1  -2   6  -2  -4  -1  -1  -3  -2  -2  -3  -1  -3  -3   0   0   2  -6  -3   1   12   2  38   1   0   3   3   0   0   2   3   3   0   1   4   5  12   0   1  10  0.61 0.37
   50 D    -1  -1   1   5  -6  -1   3   1   0  -6  -6  -1  -5  -6  -1   0  -3  -6  -5  -5    5   3   6  38   0   1  21  10   2   0   0   4   0   0   3   7   1   0   0   0  0.84 0.42
   51 A     1   2  -1  -3  -3   1  -1  -4   0   0   3   0   0   0  -4  -2  -1  -4  -1  -1   15  14   2   1   0   8   3   0   2   4  31   5   1   3   0   2   2   0   2   4  0.27 0.23
   52 F    -5  -6  -6  -7  -6  -6  -6  -5   5  -3   1  -6   2   8  -4  -4  -4  -2  -1  -2    1   0   0   0   0   0   0   1  13   1  10   0   5  64   1   1   1   0   1   2  1.90 0.70
   53 F    -7  -7  -7  -8  -7  -7  -7  -8  -4  -5  -4  -7  -5   8  -8  -7  -7  -3   8  -6    0   0   0   0   0   0   0   0   0   0   0   0   0  55   0   0   0   0  44   0  2.78 0.93
   54 V    -3  -2  -6  -3   0  -5  -3  -5  -4   3  -1   0  -3  -4  -6  -4  -1  -6  -5   6    2   2   0   2   2   0   1   1   0  15   4   6   0   0   0   1   3   0   0  61  1.15 0.52
   55 R    -6   9  -5  -7  -8  -4  -5  -7  -5  -7  -1  -3  -6  -7  -7  -5  -6  -8  -7  -6    0  93   0   0   0   0   0   0   0   0   6   0   0   0   0   1   0   0   0   0  2.80 0.98
   56 Y    -5  -5   7  -3  -5  -3  -5  -5   1  -3  -6  -5  -3  -5  -6   0  -1   6   3  -3    0   0  61   1   0   1   0   0   3   2   0   0   1   0   0   6   3  10  10   2  1.73 0.72
   57 H    -7  -5   5  -5  -8  -3  -5  -7  11  -8  -8  -6  -7  -7  -7  -6  -6  -8  -4  -8    0   0  23   0   0   1   0   0  77   0   0   0   0   0   0   0   0   0   0   0  3.34 1.08
   58 L    -1  -3  -3  -3  -3  -2  -3   1  -1  -1   3  -3   2   3  -3  -2   0   4   1   0    4   1   1   1   0   2   1  10   1   2  33   1   6  13   1   2   5   5   5   5  0.34 0.19
   59 A     2  -2  -2  -1  -3  -2  -1   2  -3  -3  -2  -2  -3  -4   5   0  -2   2  -3  -3   18   2   1   4   0   2   3  15   0   2   4   2   0   1  31   8   2   3   0   2  0.63 0.30
   60 G     0  -3   0   2  -3  -2  -2   1  -3   1  -1  -2  -1  -3   1   0   1  -1   0   2    5   1   5  13   0   0   1  11   0   7   5   1   1   0   8   5  10   1   3  21  0.19 0.18
   61 I    -4  -5  -6  -6  -3  -6  -6  -7  -4   4  -2  -5  -3  -1   7  -4  -4  -7  -2   0    1   0   0   0   1   0   0   0   0  27   3   0   0   3  56   1   1   0   1   6  1.77 0.69
   62 P    -1  -3  -2   1  -3  -1  -1  -3  -2  -2  -3  -2  -3  -3   6  -1  -2  -3  -3   1    5   1   2   8   0   2   4   2   1   2   2   2   1   1  47   4   2   0   1  12  0.96 0.34
   63 L     0  -1   0   0  -1   0   1  -1  -1   0   0   0   0   0   1   0   1  -1   0   0    7   3   3   4   1   3  11   3   1   5  12   5   2   4   9   4  13   1   3   8  0.06 0.05
   64 E     1   1   1   2  -2   1   2  -1   1  -2  -2   0  -2  -3  -1   2   0  -4  -2  -1   10   6   7  12   1   6  13   3   3   2   3   5   0   0   2  15   4   0   1   6  0.20 0.15
   65 I    -2  -4  -4  -1  -4  -3  -3  -4  -3   5   2  -2  -1  -2  -2  -4  -1  -5  -2   3    3   1   0   5   0   1   1   1   1  41  17   2   1   1   2   0   3   0   1  18  0.71 0.34
   66 D    -2  -4   2   8  -5  -3   0  -4  -3  -5  -6  -2  -6  -6  -4  -1  -3  -7  -5  -6    3   1   7  72   0   1   4   1   1   1   1   2   0   0   1   4   1   0   0   0  1.79 0.67
   67 P     3   0  -4  -3  -4  -3   0  -1  -3   0  -1  -2  -2  -4   6  -2  -1  -5  -5  -1   23   6   0   1   0   0   6   4   0   7   7   1   1   1  35   1   3   0   0   4  0.72 0.38
   68 D     2   0   0   4  -4   0   3  -1  -1  -5  -4   1  -4  -5  -3   1  -1  -4  -4  -4   19   4   4  26   0   4  16   4   2   0   1   9   0   0   0   8   3   0   0   0  0.54 0.32
   69 A     1   0   1   2  -3  -1   0   0  -1  -3  -4   1  -3  -4  -3   2   3  -5  -3  -3   15   5   6  10   0   3   7   7   2   1   1   7   0   1   1  13  23   0   0   0  0.35 0.26
   70 F    -7  -6  -7  -8  -7  -6  -7  -7   4  -6  -4  -7  -6   4  -8  -7  -5  10   6  -6    0   0   0   0   0   0   0   0  10   0   1   0   0  13   0   0   0  44  30   0  2.80 0.91
   71 R    -1   6  -3  -4  -1   0   1  -5  -1  -5  -4   1  -3  -2  -4   0   3  -1  -3  -2    3  40   0   0   1   4   7   0   2   0   1   9   0   2   0   7  18   1   1   2  0.78 0.43
   72 L    -5  -6  -7  -7  -5  -6  -7  -8  -7   2   6  -6  -1   0  -7  -6  -5  -6  -5   2    0   0   0   0   0   0   0   0   0   9  73   0   0   3   0   0   0   0   0  15  1.55 0.62
   73 E    -1   2  -1  -2  -3   1   3  -4   1  -3  -4   1  -2  -4  -2   1   4  -3  -3  -1    4  12   2   0   0   6  17   0   3   1   0   9   1   0   1  12  26   0   0   4  0.48 0.33
   74 I    -5  -7  -7  -7  -5  -6  -7  -6  -7   6   1  -6  -2  -2  -7  -6  -4  -6  -5   5    0   0   0   0   0   0   0   0   0  43   9   0   0   2   0   0   0   0   0  46  1.62 0.63
   75 K    -1  -1   0   4  -2  -1   3   2   1  -4  -5   0  -4  -4  -4   1   0   0  -3  -2    4   3   4  22   1   2  18  16   4   0   0   7   0   0   0   9   6   1   0   3  0.43 0.27
   76 G    -4  -7  -4  -4  -7  -6  -6   7  -6  -5  -3  -6  -5  -7  -6  -4  -4  -3  -7  -5    0   0   0   1   0   0   0  91   0   1   4   0   0   0   0   1   1   0   0   1  2.34 0.82
   77 K     1  -1   0  -1  -1   0   2  -2   1  -2   2   0   1  -2   0   0  -2  -4  -3  -2   12   3   4   2   2   3  19   2   5   1  23   5   5   1   5   6   1   0   0   1  0.18 0.18
   78 V    -1  -3  -3  -1   0  -5  -4  -1  -5   1  -2  -3  -3  -2  -1  -3  -2  -6  -5   6    4   1   1   5   2   0   1   5   0   4   2   1   0   1   3   2   2   0   0  65  1.06 0.51
   79 G     0   0   2   2  -4   0   3   2   0  -3  -4   2  -3  -5  -2  -1  -1  -5  -4  -3    8   6   9  13   0   3  20  16   2   1   1  12   0   0   1   3   3   0   0   1  0.38 0.24
   80 T    -1   4   2  -2  -4   2   0  -1   1  -4  -5   3  -3  -5  -4   0   2  -5  -4  -4    3  22  11   1   0   9   5   5   3   0   0  18   0   0   0   5  14   0   0   1  0.53 0.32
   81 P    -1  -3  -4  -3  -5  -2   1  -4  -2  -4  -6  -1  -3  -7   7   1   0  -7  -6  -3    5   1   1   1   0   1   9   1   1   1   0   3   1   0  57  10   7   0   0   2  1.45 0.61
   82 L    -2   2  -4  -5  -3  -1  -3  -3  -3   1   4   2   1   0  -5  -3  -1  -4  -2   1    3  11   0   0   0   2   0   1   1   7  40  14   3   3   0   1   3   0   1  10  0.48 0.30
   83 S    -1   0  -2   0  -2   0   3  -4  -2  -3  -3   1  -1  -3  -4   3   3  -5  -3  -2    4   4   1   4   1   3  20   0   1   1   3   7   1   1   0  23  22   0   1   3  0.46 0.32
   84 L    -5  -6  -7  -7  -5  -6  -6  -7  -5   1   5  -6   0   5  -7  -5  -5  -2   3  -1    0   0   0   0   0   0   0   0   0   7  57   0   1  20   0   1   0   0  11   2  1.33 0.55
   85 S    -3  -2  -2   0  -5  -4  -3  -1  -2  -5  -5  -3  -5  -2  -4   5   5  -6  -4  -5    1   1   2   4   0   0   1   4   1   0   1   1   0   2   1  46  35   0   1   0  1.15 0.59
   86 L    -3  -5  -6  -6  -5  -5  -6  -6  -5   2   5  -5   4   1  -4  -4  -4  -4   2   1    2   0   0   0   0   0   0   0   0   8  57   0   8   5   1   1   0   0   8  10  1.07 0.47
   87 Q     3   0   0   4  -3   1   2   0  -1  -5  -4   1  -4  -5  -3   0  -2  -5  -5  -4   23   5   3  24   0   5  15   5   1   0   1   8   0   0   1   7   2   0   0   0  0.52 0.32
   88 D    -1  -3  -3   6  -7   2   5  -4  -4  -7  -7  -3  -6  -6  -5  -2  -4  -7  -5  -6    5   1   0  46   0   7  36   1   0   0   0   0   0   0   0   2   0   0   0   0  1.52 0.64
   89 L    -5  -6  -7  -6  -5  -6  -7  -8  -7   3   6  -7  -2  -3  -7  -6  -5  -6  -5  -2    0   0   0   1   0   0   0   0   0  16  82   0   0   0   0   0   0   0   0   1  1.86 0.71
   90 K    -3   4  -4  -4  -5   1  -3  -5  -3  -2   0   6   0  -4  -4  -3  -3   0  -1  -3    1  20   0   0   0   7   0   0   0   2  10  49   2   0   0   0   1   1   2   2  1.04 0.49
   91 N     2   3   1  -2  -2   1   0  -2   0  -3  -3   1  -2  -4  -3   2   2  -4  -3  -3   19  16   6   2   1   5   5   2   2   1   2   7   1   0   1  15  15   0   0   1  0.35 0.23
   92 D    -1   3   1   1  -3   1   1  -1  -1  -2  -1   4   0  -3  -2  -1  -1  -2  -2  -2    4  14   5   9   1   4   7   4   1   3   5  29   3   1   1   3   2   1   1   2  0.33 0.17
   93 F    -3  -5  -6  -6  -5  -5  -5  -4  -3  -3   3  -5   4   7  -5  -5  -5  -2   2  -3    2   0   0   0   0   0   1   1   0   0  27   0  11  50   0   0   0   0   5   0  1.51 0.57
   94 P    -2   0  -4   0  -6  -1   2   0  -2  -6  -6   2  -6  -7   7  -3  -2  -7  -6  -5    2   5   0   4   0   2  13   8   1   0   0  14   0   0  48   1   2   0   0   0  1.25 0.54
   95 A     1   1  -2  -3  -3   3  -1  -3   3  -2  -2   2  -3  -4   2   1   0  -5  -3  -1   11   7   1   0   0  13   2   1   7   2   4  17   0   0  11  13   6   0   0   6  0.33 0.25
   96 S    -1   0  -4  -4  -3  -1   0  -5   6  -1  -3   0  -3  -1  -5  -3   0  -4   3   4    4   6   0   0   0   3   7   0  20   2   1   6   0   2   0   1   7   0  10  31  0.64 0.37
   97 E    -2  -1  -1  -1  -4  -2   4  -5  -3  -3  -5  -1  -4  -6  -5   1   6  -6  -5  -3    2   2   3   2   0   1  27   0   1   1   0   3   0   0   0  12  45   0   0   1  1.04 0.54
   98 V    -2   0  -5  -6  -4  -1  -3  -6  -2   3   1  -4   0  -1  -5  -4  -1  -4   2   5    2   7   0   0   0   2   1   0   1  19  12   0   2   2   0   0   3   0   7  41  0.75 0.38
   99 V     2   0  -2  -3  -4   2  -2  -3  -2  -1  -3  -2  -1  -5   0  -1   4  -5  -4   3   15   5   1   1   0   9   2   1   1   3   1   1   1   0   4   3  33   0   0  20  0.53 0.36
  100 A     5  -3  -4  -5   0  -4  -4  -3  -1  -2   1  -4   2  -4  -4   0   0  -5  -2   2   50   1   0   0   2   0   0   0   1   1  12   0   6   0   0   5   4   0   1  16  0.79 0.44
  101 V     0  -5  -5  -5  -4  -2  -5  -5  -4  -1  -2  -5  -1   0  -3  -3   5  -1  -4   5    9   0   0   0   0   1   0   0   0   2   3   0   1   3   1   1  37   1   0  40  1.01 0.52
  102 N    -4  -5   2  -5  -2  -4  -5  -6  -2   3   5  -4   3  -2  -6  -4  -3  -5  -4   1    0   0  13   0   1   0   0   0   1  13  53   0   8   1   0   0   1   0   0   8  0.99 0.46
  103 Q    -4  -4  -5  -4  -8   7   5  -6  -3  -6  -6  -3   1  -7  -6  -5  -5  -7  -6  -4    1   0   0   0   0  56  38   0   0   0   0   0   3   0   0   0   0   0   0   1  2.04 0.83
  104 C    -6  -9  -8  -9  12  -9  -9  -8  -9  -7  -7  -9  -7  -8  -8  -6  -6  -8  -8  -6    0   0   0   0 100   0   0   0   0   0   0   0   0   0   0   0   0   0   0   0  4.64 1.28
  105 S     5  -5  -4  -5  -1  -4  -4   2  -5  -6  -6  -4  -5  -6  -5   4  -1  -6  -6  -5   50   0   0   0   1   0   0  16   0   0   0   0   0   0   0  30   3   0   0   0  1.25 0.59
  106 G    -4  -7  -5  -5  -7  -7  -7   8  -7  -9  -9  -6  -7  -8  -7  -5  -6  -7  -8  -8    0   0   0   0   0   0   0 100   0   0   0   0   0   0   0   0   0   0   0   0  2.84 0.93
  107 N    -7  -5   9  -3  -8  -5  -5  -5  -4  -7  -9  -5  -7  -8  -7  -4  -4  -9  -7  -8    0   0  98   0   0   0   0   0   0   0   0   0   0   0   0   1   1   0   0   0  3.21 1.07
  108 S    -3   5  -3  -5  -6  -4  -4   5  -5  -7  -6  -1  -4  -7  -5   3  -4  -6  -6  -6    1  34   1   0   0   0   0  41   0   0   0   3   0   0   0  19   0   0   0   0  1.35 0.59
  109 R    -6   9  -5  -7  -3  -2  -5  -7  -5  -8  -7  -2  -6  -8  -7  -6  -6  -8  -7  -7    0  97   0   0   1   1   0   0   0   0   0   1   0   0   0   0   0   0   0   0  3.02 1.02
  110 G     3  -2   0  -2  -4  -2  -2   2  -1  -3  -4   0  -4  -5  -4   4   1  -5  -4  -2   26   1   4   2   0   1   1  18   2   1   1   6   0   0   0  29   7   0   0   2  0.57 0.35
  111 F     0  -1  -1   0  -5  -2   3  -1   2  -3   1  -3  -2   4  -3  -2  -2  -1   2  -3    8   4   2   5   0   1  21   5   5   0  16   0   1  20   1   1   3   0   8   0  0.37 0.27
  112 V    -5  -4  -6  -7  -6  -5  -6  -7  -4  -3   1  -6   7   7  -5  -2  -5  -4   2  -1    0   1   0   0   0   0   0   0   0   0  11   0  27  45   1   3   0   0   7   5  1.63 0.64
  113 E     0   1   2   1  -4   2   1  -2   0  -2  -3  -1  -1  -2   0   2   1  -4  -1  -1    7   8   9   8   0   9  11   1   2   2   0   2   1   2   5  14  12   0   3   4  0.22 0.18
  114 P    -2   0  -2  -2  -6  -2  -1  -5   1  -6  -6   3  -6  -7   7  -1  -2  -7  -6  -6    3   5   1   2   0   1   3   0   4   0   0  21   0   0  52   5   2   0   0   0  1.45 0.60
  115 R    -2   4  -2  -2  -5   2   0  -3   0  -1  -4   4  -3  -5   3  -1  -1  -5  -3  -3    3  24   1   2   0   9   5   2   2   4   1  23   0   0  14   5   4   0   1   1  0.60 0.34
  116 V     2  -4  -5  -6  -4  -4  -5  -4  -6  -1  -2  -4  -1  -5   4  -4   1  -6  -4   5   16   1   0   0   0   1   0   1   0   2   2   1   1   0  19   0  10   0   0  46  0.98 0.49
  117 G     0   1   0  -1  -3   0   0   1   0  -3  -3   3  -1  -1   2   2  -1  -4  -1  -2    6   6   5   2   0   3   4   9   2   1   1  19   1   4  10  20   3   0   1   3  0.25 0.20
  118 G    -3  -6  -5  -5  -7  -4  -1   7  -6  -8  -8  -4  -7  -7  -4  -1  -5  -7  -5  -7    1   0   0   0   0   0   4  87   0   0   0   1   0   0   1   5   0   0   1   0  2.20 0.78
  119 G     0  -3   3   0  -3   1   0   1  -2   0   1  -3  -1  -3  -4  -1   2  -4  -3   1    8   0  15   5   0   6   5   9   1   6  18   0   0   0   0   2  13   0   0  13  0.22 0.21
  120 Q    -1  -2  -1  -1  -6   7   0   0  -4  -4  -3  -2  -2  -6   4  -1  -4  -6  -5  -5    5   1   2   3   0  45   4   6   0   1   3   1   1   0  22   4   0   0   0   0  1.11 0.55
  121 L    -6  -8  -9  -9  -7  -7  -8  -8  -8  -7  -1  -5  -6  -3  -9  -6  -5  13  -3  -7    1   0   0   0   0   0   0   0   0   0   7   1   0   0   0   0   1  88   0   0  4.44 1.27
  122 A     0  -1   0   2  -4   0   0   4  -2  -4  -2  -1  -2  -2  -4   0   2  -5  -3  -3    7   4   4  10   0   5   7  29   1   0   3   4   1   1   0   6  16   0   0   1  0.37 0.24
  123 N    -1  -1   3   0  -3  -1  -1  -2   2   1   0  -1  -1  -1   0  -1   0  -4   1   2    4   4  18   6   0   3   3   2   7   7   9   2   1   1   4   1   7   0   5  17  0.15 0.16
  124 G     0  -5  -4  -4  -2  -5   0   7  -6  -7  -7  -5  -6  -6  -6  -1  -3  -7  -5  -7    6   0   0   1   1   0   6  80   0   0   0   0   0   0   0   4   2   0   0   0  1.87 0.69
  125 A     7  -6  -5  -6  -5  -4  -5   0  -6  -4  -3  -5  -5  -6  -4  -1  -4  -7  -6  -2   83   0   0   0   0   0   0   7   0   1   2   0   0   0   1   3   0   0   0   2  1.74 0.72
  126 M     0  -6  -6  -7  -5  -5  -6  -6  -6   5  -1  -6   6  -4  -6  -5  -2  -6  -5   4    9   0   0   0   0   0   0   0   0  33   4   0  21   0   0   0   1   0   0  31  1.28 0.54
  127 G     0  -6  -4  -5  -1  -5  -5   6  -3  -7  -7  -5  -1  -4  -6   4  -4  -6  -2  -6    5   0   0   0   1   0   0  62   1   0   0   0   2   1   0  27   0   0   1   0  1.56 0.64
  128 N    -3  -5   7  -3   7  -1  -5  -5  -2  -6  -6  -5  -5  -5  -6  -3   3  -7  -6  -2    1   0  47   0  23   2   0   0   1   0   0   0   0   0   0   1  21   0   0   3  1.71 0.69
  129 A     6  -5  -5  -6   1  -5  -5   0  -6  -4  -5  -5  -5  -6   0  -1  -3  -6  -4   1   74   0   0   0   2   0   0   5   0   0   0   0   0   0   4   4   1   0   1   9  1.43 0.64
  130 R    -2   4  -1  -1  -2   0   3  -4  -1  -1  -2   2   0  -4  -4  -1   0  -2  -3   1    2  24   2   2   1   4  22   0   1   3   4  10   3   0   0   4   7   0   1  11  0.43 0.29
  131 W    -8  -8  -9 -10  -8  -8  -9  -8  -8  -8  -7  -9  -3   2  -9  -8  -8  13  -2  -8    0   0   0   0   0   0   0   0   0   0   0   0   1   7   0   0   0  92   0   0  4.86 1.36
  132 R     0   2  -3  -4  -3  -2  -1   1  -3  -4  -4   1  -3  -5  -4   1   6  -6  -4  -2    6  11   0   0   0   1   3  10   0   0   1   8   0   0   0   8  48   0   0   2  0.82 0.46
  133 G    -4  -7  -5  -6  -7  -7  -7   8  -7  -9  -9  -6  -8  -8  -7  -5  -6  -7  -8  -8    0   0   0   0   0   0   0 100   0   0   0   0   0   0   0   0   0   0   0   0  2.87 0.94
  134 V     2  -6  -6  -7  -2  -6  -6  -6  -7   0  -3  -6  -3  -4  -1  -5  -1  -7  -5   7   16   0   0   0   1   0   0   0   0   3   0   0   0   0   3   0   4   0   0  72  1.60 0.67
  135 P    -3   6  -5  -5  -5  -3  -4  -5  -3  -6  -1   1  -5  -6   5  -1  -4  -2  -4  -6    2  47   0   0   0   0   0   0   0   0   7   7   0   0  30   5   1   1   0   0  1.42 0.61
  136 L    -6  -6  -8  -8  -5  -6  -7  -8  -7  -2   7  -7  -1  -3  -7  -7  -5  -6  -4   1    0   0   0   0   0   0   0   0   0   0  91   0   1   1   0   0   0   0   0   7  2.00 0.74
  137 K     2   5  -3  -4   2  -2  -3  -2  -1  -4  -5   4  -2  -6  -5   1  -2  -6  -3  -3   19  33   0   0   4   0   0   2   1   1   0  23   1   0   0  12   1   0   0   1  0.85 0.45
  138 A     0  -3  -2   7  -6  -2   0  -4  -3  -5  -3  -3  -6  -6  -2  -2   0  -3  -2  -3    8   1   1  65   0   1   6   1   0   0   3   1   0   0   2   1   6   0   1   2  1.39 0.59
  139 V    -4  -6  -7  -7  -5  -6  -7  -7  -7   2   3  -6  -2  -4  -6  -6  -4  -6  -5   6    0   0   0   0   0   0   0   0   0  10  25   0   0   0   0   0   0   0   0  64  1.61 0.63
  140 L    -4  -6  -8  -8  -5  -6  -7  -8  -7  -1   7  -7  -2  -3  -7  -7  -5  -6  -5   0    1   0   0   0   0   0   0   0   0   3  92   0   0   0   0   0   0   0   0   5  2.01 0.74
  141 E     2   1   0   2  -4   1   4  -3  -1  -3  -1   2  -1  -5  -4  -2  -2  -5  -4  -4   18   8   4  12   0   5  28   1   1   1   6  11   1   0   0   1   1   0   0   0  0.48 0.31
  142 K     2   3  -2   2  -4   0   1  -3   1  -3   0   2   1  -3  -3  -1  -3  -4   0  -3   22  16   0  12   0   4   8   1   4   0  10  11   3   0   0   3   0   0   4   0  0.32 0.25
  143 A     6  -5  -5  -6   2  -4  -5  -1  -3  -3  -2  -3  -3  -4  -5  -2  -2  -6  -2   2   67   0   0   0   4   1   0   4   1   1   4   1   0   0   0   2   2   0   1  12  1.17 0.56
  144 G    -4  -3  -4  -4  -5  -4  -4   7  -4  -8  -8  -2  -7  -8  -5  -5  -6  -7  -7  -7    1   2   0   1   0   1   1  91   0   0   0   3   0   0   0   0   0   0   0   0  2.33 0.81
  145 V    -2  -5  -6  -5  -4  -5  -5  -3  -2   4   2  -5   0  -1  -1  -4  -3  -4   0   5    2   0   0   0   0   0   0   3   1  21  18   0   1   2   4   0   1   0   4  42  0.85 0.40
  146 Q     0   1  -1   2  -4   2   0  -2   0  -4  -2   4  -2  -5  -1   0   0  -5  -3  -2    9   8   3  12   0   9   4   3   2   0   4  30   1   0   2   7   5   0   0   2  0.39 0.26
  147 A     2   0  -1   3  -4  -1   2  -2  -2  -4  -3   0  -4  -5   4   1  -1  -4  -4  -2   18   5   2  16   0   2  12   2   1   0   2   5   0   0  19  11   3   0   0   2  0.47 0.28
  148 G    -2  -2   1   4  -5  -2   1   4   0  -5  -6  -2  -5  -6  -4   0   0  -6  -4  -5    2   2   7  25   0   1   7  36   3   0   0   2   0   0   0   8   6   0   0   0  0.78 0.38
  149 A     6  -4  -4  -1  -3  -4   0   1  -5  -2  -4  -4  -1  -5  -4   0  -1  -6  -3  -1   64   0   0   3   0   0   5  10   0   2   1   0   1   0   0   4   4   0   1   3  1.01 0.51
  150 K     0   2  -2  -4   0  -1  -2  -2  -1  -1   0   3   0  -3  -3  -2  -1  -4  -3   4    7  14   2   0   2   2   2   2   1   2   8  18   2   0   1   1   3   0   0  33  0.41 0.29
  151 Q    -2  -3  -3   1  -5   3   2  -4   7  -6  -5  -4  -5   1  -5  -3  -5   3   5  -5    3   1   0   8   0  12  16   1  31   0   0   0   0   4   0   1   0   4  17   0  1.21 0.53
  152 V    -2  -5  -6  -5  -3  -5  -5  -5  -6   3   1  -5  -1  -3  -5  -4   0  -6  -4   6    3   0   0   1   0   0   0   0   0  17  10   0   1   1   0   1   6   0   0  60  1.24 0.51
  153 T     1   0  -2  -3   2   2   0   1   1   0   0  -2   1  -3  -3  -1   1   0  -1   1   15   5   0   0   6  10   6  11   3   5   6   1   4   0   0   2   8   1   2  12  0.13 0.15
  154 F    -2  -5  -4  -6  -1  -5  -6  -4   3  -2   0  -5   0   8   1  -3  -4  -3   3  -2    3   0   1   0   1   0   0   1   6   2   7   0   2  56   7   1   1   0   8   3  1.39 0.54
  155 G     0   1   1   0  -3   0   3  -2   1  -3  -3  -1  -2  -3  -4   0   2  -2   2   0    6   7   8   5   0   3  24   3   4   1   1   1   1   0   0   5  16   1   8   6  0.31 0.24
  156 G     0  -6  -4  -4   1  -5  -6   7  -6  -7  -7  -5  -6  -7  -6   1  -4  -6  -7  -6    8   0   0   0   3   0   0  77   0   0   0   0   0   0   0   9   1   0   0   0  1.88 0.69
  157 L     2  -3  -3  -2   0  -2  -3  -2   0  -1   3  -2   2  -1  -1  -2   0  -1   1   0   24   1   1   2   2   1   1   3   3   2  31   2   6   2   4   1   5   1   5   4  0.27 0.22
  158 D    -5  -5  -2   8  -7  -2   1  -1  -2  -7  -7  -4  -6  -7  -5  -4  -4  -7  -6  -5    0   0   1  79   0   2   9   6   1   0   0   0   0   0   0   0   0   0   0   1  2.13 0.76
  159 G     1   1  -1  -1  -2   1   0   1   2  -2  -2   1  -1  -1  -1   1   0  -3  -2   0   14   7   1   2   0   7   6  13   6   2   3   9   2   2   3   8   7   0   1   7  0.11 0.10
  160 P     0  -3  -2   2   2  -2   1   3   4  -4  -4  -2  -4  -4   4  -1  -2  -4  -3  -3    6   1   1  11   5   1   9  21  13   1   1   1   0   0  20   4   2   0   0   2  0.60 0.30
  161 V    -1  -1  -3  -2   1  -1   0  -3  -2   1   2   0   0  -1   2  -2  -1  -3   0   2    5   3   0   2   3   1   5   1   1   8  19   8   2   1  10   1   2   0   3  22  0.18 0.15
  162 I     0  -1  -1   1   0   0   1  -1  -1   0   1  -1   1  -2  -2   1   0  -3  -1   1    5   2   2  10   2   5  11   3   1   3  15   2   3   1   1  16   4   0   2  11  0.10 0.11
  163 P     0  -2  -2   1  -4  -2   1   3  -2  -5  -4  -2  -4  -5   6  -1  -1  -5  -3  -4    8   2   1   9   0   2  10  20   1   0   1   2   0   0  36   3   3   0   1   1  0.81 0.36
  164 E     0  -1   1   3  -2   1   2   2  -2  -4  -4   1  -3  -4  -2   0   1  -4  -4  -1    6   2   7  19   1   5  13  16   0   0   1   8   0   0   2   5  11   0   0   4  0.33 0.21
  165 T     0  -1  -2   0  -2  -1   0   3  -2  -2  -3   1  -2  -4   1   0   2  -4  -3  -1    8   2   1   4   1   2   8  26   1   2   2  11   0   0   7   6  16   0   1   3  0.30 0.20
  166 P    -1  -2  -2   0  -3   0   0  -1   0   1  -1  -1  -2  -1   4  -1   0  -3  -1   1    5   2   2   6   0   6   7   6   2   8   6   2   1   2  24   3   7   0   2   9  0.29 0.16
  167 D     1   0   1   4  -2   0  -1  -3   1  -3  -3  -1  -2  -4   4  -1  -1   1  -1  -1   12   5   5  24   1   4   3   1   3   1   1   4   1   0  19   3   4   2   2   4  0.42 0.24
  168 F    -5  -6  -6  -7  -6  -6  -6  -7  -4   2  -1  -6  -2   6  -7  -6  -5  -3   7   1    0   0   0   0   0   0   0   0   0  11   4   0   1  35   0   0   0   0  39   8  1.74 0.64
  169 V     1  -1  -3  -3  -1   0   2   3  -3  -1  -3   0  -1  -3  -4   2  -1  -5  -4   0   10   2   0   0   1   4  16  27   0   4   2   5   1   1   0  15   3   0   0   8  0.37 0.26
  170 K     2   6  -4  -5  -6  -2  -4  -1  -2  -5  -5   3  -5  -6  -5  -1  -3  -6  -5  -2   20  49   0   0   0   1   0   5   1   0   0  17   0   0   0   3   1   0   0   4  1.18 0.54
  171 A     1  -5  -4  -4  -3  -4  -3   2  -5  -6  -6  -4  -6  -6   1   6  -3  -7  -6  -6    9   0   0   0   0   0   2  15   0   0   0   0   0   0   6  68   0   0   0   0  1.45 0.67
  172 L    -4  -6  -7  -7  -1  -6  -6  -7  -6   5   4  -6   0  -3  -6  -5  -3  -4  -4   3    1   0   0   0   1   0   0   0   0  36  39   0   2   0   0   0   1   0   0  20  1.25 0.50
  173 S    -3  -5  -3   1  -7  -5  -1  -5  -4  -7  -7  -4  -7  -8   8   0  -2  -8  -7  -6    2   0   1   9   0   0   3   1   0   0   0   1   0   0  74   6   2   0   0   0  2.20 0.80
  174 I    -2  -3  -5  -6  -4  -5  -6  -6  -6   5   4  -5   3   0  -4  -5  -4  -4  -3   2    3   1   0   0   0   0   0   0   0  29  43   0   7   3   1   0   0   0   0  11  1.00 0.43
  175 D     2  -1   0   3  -4   0   3  -1  -1  -3  -4   0  -3  -4  -3   2  -1   2  -3  -3   20   3   3  19   0   2  19   4   1   1   1   5   0   0   1  13   3   3   0   1  0.41 0.27
  176 H    -2   1  -3   0  -6   1   0  -4   5  -4  -4   6  -2  -5  -4  -3  -2  -6  -3  -3    2   7   0   4   0   6   6   0  14   1   1  51   1   0   0   1   3   0   0   2  1.05 0.48
  177 A     7  -5  -5  -4   0  -5  -3  -3  -5  -3  -4  -5  -4  -6  -2  -2  -4  -6  -5  -1   84   0   0   1   2   0   1   1   0   1   2   0   0   0   2   1   0   0   0   3  1.72 0.70
  178 T    -2   1  -3  -6  -4  -3  -4  -5  -5   0   4  -4   7  -2  -4  -3   0  -3  -4   0    4   9   1   0   0   1   1   0   0   3  41   0  26   1   1   1   5   0   0   5  0.92 0.45
  179 D    -1   0   1   5  -5   0   3  -2   2  -3  -3  -2  -1  -5  -4   0  -2  -6  -4  -4    6   5   6  37   0   4  18   2   6   2   3   1   2   0   0   6   2   0   0   0  0.69 0.35
  180 G     0  -2  -1   3  -4  -1   2   3  -3  -4  -4  -1  -4  -5   5  -2  -2  -5  -4  -4    7   2   2  16   0   3  15  20   0   1   1   2   0   0  27   2   1   0   0   1  0.71 0.33
  181 E    -4  -3   1   6  -6  -2   5  -3   2  -6  -5  -3  -4  -6  -5  -2  -3  -6  -4  -6    1   1   5  47   0   1  33   2   4   0   1   0   0   0   0   2   1   0   1   0  1.39 0.57
  182 V     1  -5  -2  -6   1  -5  -5  -4  -6   0  -2  -5  -3  -5  -2  -2   3  -6  -5   6   12   0   2   0   3   0   0   1   0   4   1   0   0   0   2   2  18   0   0  55  1.07 0.52
  183 M    -5  -6  -7  -7  -5  -6  -6  -7  -6   4   5  -6   5  -3  -6  -6  -5  -5  -5  -1    0   0   0   0   0   0   0   0   0  23  59   0  15   0   0   0   0   0   0   3  1.50 0.59
  184 L    -5  -6  -7  -7  -5  -6  -6  -7  -6   4   6  -6  -2  -3  -6  -6  -4  -6  -5   2    0   0   0   0   0   0   0   0   0  20  66   0   0   0   0   0   0   0   0  13  1.49 0.58
  185 A     7  -6  -6  -6  -4  -5  -5  -4  -6  -4  -6  -5  -5  -7  -5  -3  -4  -7  -6  -1   95   0   0   0   0   0   0   0   0   1   0   0   0   0   0   0   0   0   0   4  2.25 0.87
  186 Y    -6  -6  -7  -8  -7  -6  -7  -7   0  -6  -1  -7  -5   3  -8  -6  -3   9   8  -5    0   0   0   0   0   0   0   0   2   0   5   0   0  11   0   0   2  27  53   0  2.53 0.85
  187 S     3  -2  -4  -1  -6   1   6   0  -1  -6  -4   0  -5  -6  -4   0  -2  -6  -5  -5   22   2   0   2   0   5  49   6   1   0   1   4   0   0   0   6   1   0   0   0  0.95 0.49
  188 M    -6  -6  -7  -8  -7  -1  -7  -8  -4  -2  -1  -6  11  -4  -8  -7  -6  -6  -1  -4    0   0   0   0   0   3   0   0   0   1   4   0  89   0   0   0   0   0   2   1  3.36 1.11
  189 N    -7  -5   9  -3  -8  -5  -4  -5  -4  -8  -9  -5  -7  -8  -7  -4  -5  -9  -7  -8    0   0  99   0   0   0   0   0   0   0   0   0   0   0   0   0   0   0   0   0  3.27 1.08
  190 G    -4  -6  -2   2  -5  -5  -3   7  -6  -8  -8  -6  -7  -8  -6  -3  -6  -7  -7  -8    0   0   2   9   0   0   1  86   0   0   0   0   0   0   0   1   0   0   0   0  2.24 0.79
  191 A     1  -1  -4  -1  -6   3   6  -4  -1  -6  -5   1  -4  -7  -5  -3  -2  -6  -5  -2   11   3   0   1   0  13  55   1   1   0   0   8   0   0   0   1   2   0   0   2  1.18 0.56
  192 D    -1  -3  -4   3  -7  -1   0  -6  -5  -5  -5  -4  -6  -7   7  -3  -2  -7  -7  -3    6   1   0  19   0   3   7   0   0   1   1   0   0   0  57   1   3   0   0   2  1.63 0.65
  193 L    -5  -6  -7  -7  -5  -6  -7  -8  -7   4   6  -6   2  -3  -7  -6  -5  -6  -5  -2    0   0   0   0   0   0   0   0   0  18  77   0   4   0   0   0   0   0   0   1  1.76 0.66
  194 P    -3  -3   0  -5  -6  -4  -5  -5   0  -6  -3  -4  -5  -7   8   1   1  -4  -6  -6    2   2   4   0   0   0   0   1   3   0   3   1   0   0  67   9   8   0   0   0  1.90 0.73
  195 W     0   3  -3  -4  -5  -2  -2  -5   0  -1   1  -2   1   1   4  -3  -3   1   2  -2    8  20   1   0   0   1   1   0   2   2  16   1   4   6  24   0   1   2   7   2  0.56 0.33
  196 L     1  -4  -2   5  -5   1   1  -4  -3  -1   2  -1   1  -4  -3  -3  -2  -2  -4  -1   12   0   1  32   0   7   9   0   0   2  22   4   3   0   1   0   1   1   0   5  0.52 0.33
  197 N    -7  -4   5  -5  -8  -2  -5  -7  10  -8  -8  -5  -7  -6  -7  -5  -6  -8  -2  -8    0   0  23   0   0   2   0   0  74   0   0   0   0   0   0   0   0   0   1   0  3.18 1.02
  198 G    -4  -7  -5  -6  -7  -7  -7   8  -7  -9  -9  -6  -8  -8  -7  -5  -6  -7  -8  -8    0   0   0   0   0   0   0 100   0   0   0   0   0   0   0   0   0   0   0   0  2.87 0.94
  199 Y     0  -4  -6  -6  -5  -6  -6   2   2  -5  -5  -5  -5   6  -7  -4  -5  -2   7  -4    9   1   0   0   0   0   0  14   4   0   0   0   0  35   0   1   0   0  35   0  1.56 0.62
  200 P    -6  -7  -7  -7  -8  -7  -6  -7  -7  -8  -8  -6  -8  -9   9  -6  -6  -9  -8  -8    0   0   0   0   0   0   0   0   0   0   0   0   0   0 100   0   0   0   0   0  3.59 1.15
  201 L    -2  -6  -7  -7  -3  -6  -6  -7  -6   1   5  -6   0   0  -6  -5  -4  -5  -4   4    3   0   0   0   0   0   0   0   0   6  60   0   1   3   0   0   0   0   0  27  1.27 0.53
  202 R    -6   9  -5  -7  -8  -4  -5  -7  -5  -8  -7  -1  -6  -8  -7  -6  -6  -8  -7  -6    0  98   0   0   0   0   0   0   0   0   0   2   0   0   0   0   0   0   0   0  3.05 1.02
  203 L     0  -6  -5  -7  -2  -5  -6  -6  -6   0   5  -5   1  -3  -6  -5  -3  -5  -4   4   10   0   0   0   1   0   0   0   0   4  55   0   2   0   0   0   1   0   0  26  1.11 0.49
  204 V    -4  -7  -7  -7  -5  -6  -7  -7  -7   6   0  -6  -2  -3  -6  -6  -4  -7  -5   6    0   0   0   0   0   0   0   0   0  38   7   0   0   1   0   0   0   0   0  54  1.71 0.64
  205 V    -1  -7  -6  -7   1  -6  -7  -7  -7   1  -2  -6  -1  -1  -6  -5  -2  -7  -5   7    5   0   0   0   2   0   0   0   0   6   1   0   1   3   0   0   2   0   0  80  1.80 0.70
  206 P    -4  -7  -7  -6  -8  -5  -6   0  -7  -8  -6  -6  -7  -9   9  -4  -6  -9  -8  -7    1   0   0   0   0   0   0   8   0   0   1   0   0   0  90   1   0   0   0   0  3.01 1.01
  207 G    -4  -7  -3  -5  -7  -3  -6   7  -3  -8  -8  -6  -7  -8  -7  -2  -5  -7  -7  -8    0   0   1   0   0   1   0  93   1   0   0   0   0   0   0   3   1   0   0   0  2.51 0.85
  208 Y    -5  -2  -4  -7  -5  -6  -6  -7   2  -1  -5  -3  -4   1  -7  -4  -3  10   6   2    1   2   1   0   0   0   0   0   4   4   0   1   0   6   0   1   2  41  25  13  2.04 0.73
  209 Y    -1  -5  -5  -4  -4  -3  -3  -5  -3   2  -2  -5  -3   3   3  -3   0  -3   6   3    6   0   0   0   0   1   1   0   0  11   2   0   0  10  13   1   6   0  28  19  0.79 0.41
  210 G     3  -6  -5  -5  -5  -6  -6   7  -6  -7  -7  -5  -6  -7  -6   0  -5  -7  -7  -6   21   0   0   0   0   0   0  74   0   0   0   0   0   0   0   5   0   0   0   0  1.92 0.71
  211 T     3  -4  -2  -2  -3  -4  -4  -4  -5   0  -3  -4   4  -5  -4   2   3  -6  -5   2   30   0   2   2   0   0   0   0   0   5   0   0  13   0   0  15  19   0   0  14  0.70 0.42
  212 Y     2   5   2  -4   0  -3  -4  -5  -1  -3  -4  -3  -2  -4  -5  -1  -1  -4   4  -1   21  34  11   0   2   0   0   0   1   2   1   0   1   0   0   3   3   0  17   5  0.81 0.45
  213 W    -3  -5   3  -4  -1   0  -5  -5   2  -7  -6  -5  -6  -5  -6   5  -3   9  -4  -6    1   0  15   0   1   4   0   0   5   0   0   0   0   0   0  48   0  25   0   0  1.73 0.73
  214 V    -3  -6  -6  -6  -5   0  -6   0  -2   3  -2  -6   0  -5  -3  -4  -3  -6  -5   6    1   0   0   0   0   4   0   7   1  14   1   0   2   0   1   0   1   0   0  68  1.40 0.60
  215 K    -6  -3  -5  -6  -8  -3  -4  -6  -6  -8  -7   8  -6  -8  -6  -5  -6  -8  -7  -7    0   0   0   0   0   0   0   0   0   0   0 100   0   0   0   0   0   0   0   0  2.91 1.02
  216 H    -3  -7  -8  -9  -2  -6  -7  -8   4  -7  -6  -8   2  -3  -8  -5  -5  12   2  -7    2   0   0   0   1   0   0   0  10   0   0   0   5   0   0   1   1  72   7   0  3.64 1.10
  217 L    -3  -6  -7  -7  -4  -6  -7  -7  -7   1   6  -6  -2  -4  -7  -6  -4  -6  -5   3    1   0   0   0   0   0   0   0   0   7  72   0   0   0   0   0   0   0   0  19  1.54 0.61
  218 N    -1   1   2   2  -3   0   0   1   0  -4  -4   2  -3  -5  -3   2   2  -5  -4  -3    4   8  10  11   0   3   4  13   2   0   0  12   0   0   0  13  17   0   0   2  0.35 0.24
  219 E    -1   4  -1   2  -3   1   1  -1   2  -5  -5   2  -4  -4  -4   1   0   0  -3  -4    4  29   2  10   0   4   9   5   5   0   0  13   0   1   0  10   5   1   0   0  0.54 0.31
  220 I    -5  -7  -7  -7  -5  -7  -7  -8  -7   8   1  -7  -1  -4  -7  -7  -5  -7  -5   2    0   0   0   0   0   0   0   0   0  79  10   0   1   0   0   0   0   0   0  11  2.12 0.74
  221 T     0   1   0  -1  -3   0   2  -3   0  -1  -2  -1  -1  -3  -4   1   3   1  -2   0    9   7   4   3   0   3  16   0   2   4   3   2   1   1   0  10  25   2   1   8  0.29 0.24
  222 V     0  -6  -6  -7  -3  -6  -6  -6  -6   3   1  -6  -2   2  -4  -5  -4  -6  -4   6    6   0   0   0   0   0   0   0   0  13  12   0   0   7   1   0   0   0   0  61  1.30 0.55
  223 I    -1   3  -3  -3  -3   0  -2  -3  -4   1   1  -2   1  -4  -4   3   2  -5  -4   0    3  16   0   1   0   5   2   1   0   9  15   0   3   0   0  24  13   0   0   7  0.35 0.28
  224 D     1  -2   2   5  -2  -2   2  -3  -3  -5  -5   0  -3  -6   1   0   1  -6  -4  -3   12   2   7  38   1   1  11   1   0   0   0   5   1   0   6   5   9   0   0   1  0.70 0.37
  225 K     0   2  -1   0  -4   3   4  -2   3  -4  -4   2  -3  -5  -4  -1   1  -5  -4  -3    7   9   2   5   0  12  26   3   7   1   1  15   0   0   0   2   8   0   0   2  0.50 0.31
  226 E    -2  -3  -4  -3  -6   0   5  -5  -3  -2  -5  -2  -4  -5   5  -3  -3  -6  -2   1    2   1   0   0   0   4  40   0   0   2   0   1   0   0  33   1   1   0   2  10  1.19 0.56
  227 F    -2  -3  -2   1   2  -3  -4  -4   5  -4  -1  -3  -4   4  -3   4  -1  -2   1  -4    2   1   1   7   4   0   0   0  13   0   7   1   0  20   1  35   3   1   4   0  0.75 0.43
  228 D    -2  -3  -1   5  -5   2   1  -2   0  -5  -3   0  -1  -3   1  -1   1  -5  -1  -4    2   0   2  34   0  11  10   3   2   0   3   5   2   1   8   4  10   0   3   0  0.57 0.33
  229 G     1  -4   4  -3  -3  -3  -4   5  -4  -6  -4  -4  -5  -5  -5   3  -1  -6  -6  -5    9   0  18   0   1   1   0  44   0   0   1   0   0   0   0  22   3   0   0   0  1.07 0.50
  230 F    -1  -2  -2  -5  -5   0  -2  -5   5  -3  -4   0  -2   6   3  -3  -2   0   4  -2    4   2   2   0   0   5   2   0  14   1   0   5   1  30  14   1   2   1  14   2  0.85 0.42
  231 W    -5  -5  -5  -3  -6   0  -3  -3  -4   1  -5   2  -2   5  -7  -6  -5  10   3  -5    0   0   0   1   0   5   1   2   0   8   0  11   1  20   0   0   0  39   9   0  1.81 0.67
  232 M    -5  -4   1  -4  -7   7  -2  -6   0  -5  -4  -4   8  -6  -6  -4  -2  -6  -4  -4    1   0   6   0   0  47   1   0   2   0   0   0  39   0   0   0   2   0   0   1  2.04 0.83
  233 K     2   1  -1  -1  -4   4  -1  -2  -2  -3  -4   1  -1  -5  -4   0   3  -5  -4  -2   20   9   3   3   0  22   2   2   1   1   0   7   1   0   0   5  21   0   0   2  0.53 0.35
  234 T    -2   2   1   0  -4   0  -1  -1   2  -2  -3   3  -2  -4   1   1   2  -4  -2   0    1  12   6   4   0   4   3   5   6   2   2  18   0   0   6   9  13   0   1   7  0.24 0.20
  235 A     3  -1  -3   5  -5  -3  -1   0  -2  -5  -4  -3  -5  -2  -4   1  -2  -3   0  -3   29   4   0  35   0   0   3   7   1   0   1   1   0   2   0  11   1   0   3   2  0.75 0.41
  236 F    -7  -7  -7  -8  -8  -7  -7  -8  -3  -7  -6  -7  -6  -2  -8  -7  -7  -3  10  -6    0   0   0   0   0   0   0   0   0   0   0   0   0   0   0   0   0   0  99   0  3.78 1.18
  237 R    -3   6  -3  -5  -4  -1  -3  -5  -2  -4  -3   5  -1  -6  -5  -3  -2  -2  -5  -1    2  51   0   0   0   2   0   0   1   1   2  29   2   0   0   1   2   1   0   4  1.35 0.56
  238 I    -2  -4  -4  -5   2  -3  -4  -2  -4   3   2  -4   3  -1  -4   0  -2  -2   3   3    2   0   0   0   4   1   0   3   0  21  17   0   8   1   0   7   2   0  10  22  0.51 0.28
  239 P    -3   0  -4  -4  -4  -2  -4  -4  -4  -3   0  -3  -3   4   6  -2  -2   1   0  -3    2   6   1   1   0   2   1   1   0   1  10   1   0  18  46   3   2   2   3   2  1.14 0.44
  240 D     0  -1   0   3   0   0  -1   1  -1  -2  -3   1  -3  -3   4   1  -1  -2  -3  -2    7   2   4  17   2   3   2   9   1   2   2   8   0   1  23   9   2   0   0   2  0.41 0.21
  241 N     0  -1   3  -1  -2  -1   0  -1   1  -1  -2  -1  -2  -2   3   0   2  -1   1   0    6   3  15   3   1   2   5   4   4   3   2   3   1   1  17   5  13   1   6   8  0.25 0.16
  242 A     1  -2   0   3  -3  -1   0  -1  -1  -3  -3  -1  -3  -3   5   0  -1  -4  -3  -2   11   2   4  18   0   2   6   5   1   1   2   3   0   1  27   7   4   0   1   4  0.50 0.23
  243 C     0  -1   0  -1   4  -1  -1  -1   0   0  -1  -2   0   0  -2  -1   0   5   0   3    7   4   5   4   9   2   3   5   2   5   3   1   2   3   1   3   4   8   3  24  0.21 0.14
  244 A     2  -1   1   3  -2   0   1   0   0  -2  -2   0  -2  -2   0  -1   0  -3  -2  -1   21   3   7  20   1   4   7   6   2   2   2   4   1   2   4   3   7   0   1   4  0.21 0.14
  245 C     0  -1   1  -1   4  -1  -1  -2  -1  -2  -2  -1  -1  -2   4   0   1   4  -1  -1    6   2   7   4   9   2   2   3   1   2   4   3   1   1  21   7  10   7   2   3  0.37 0.19
  246 T    -1  -2   0   1  -2  -1   0   2  -1   0  -2  -2   0  -3   0  -1   0   1  -3   2    3   2   4   9   1   3   7  19   2   3   2   2   2   0   4   4   7   2   0  22  0.17 0.15
  247 E     0  -1   1   3  -3   0   3  -2  -2  -3  -3   0  -3  -4   1   0   2  -4  -3  -2    9   3   6  20   0   3  23   2   1   1   2   4   0   1   6   5  12   0   1   2  0.39 0.22
  248 P    -1   0  -1   0  -3   0  -1  -2  -2   0  -2   1  -2   2   5  -1  -1   2  -1  -1    5   5   2   5   0   5   4   2   1   5   3   8   1   9  29   4   2   3   1   5  0.42 0.20
  249 G     0  -3   0   2  -3  -1   0   4  -1  -3  -3   0  -3  -3  -1   0  -1  -2  -2   0    7   1   3  11   0   2   6  35   1   1   2   6   0   1   2   7   3   1   1   9  0.39 0.21
  250 K     0   0   0   1  -3   1   1  -1   1  -1  -2   2  -2  -2   0   1   1   0  -1  -1   10   4   3   7   0   6  11   2   4   3   4  13   0   1   5  11   9   1   2   3  0.13 0.10
  251 A     2  -1   0   1  -3  -1  -1   0  -2  -2  -2   1  -1  -3   3   0   1   0  -2   0   18   2   3   7   0   2   3   7   1   1   4  10   1   1  16   7   8   1   1   6  0.22 0.15
  252 P     0  -2  -1   2  -4  -1   1  -1  -3  -3  -2  -1  -3  -1   5  -1  -2   6   0  -1    7   2   2  11   0   2   9   5   0   1   3   4   0   2  27   3   2  10   4   6  0.52 0.27
  253 T     2  -2  -1   2  -2  -1   2   0  -2  -3  -3   0  -2  -1   1   1   0   2  -1  -2   17   1   1  14   1   2  14   6   1   1   1   5   1   4   7  11   7   3   2   3  0.23 0.17
  254 A     0   1   0   1  -3   0   1   0  -1  -2  -2   2   0   0   1   0   1  -2  -1  -1    8   7   5  11   0   2   7   7   1   1   2  15   3   6   7   6   8   0   1   3  0.12 0.09
  255 T     0   1  -1  -1  -2   0  -1   0  -2  -1  -1   0   2  -1  -2   1   3  -3  -1  -1    6   9   1   3   1   4   3   8   0   4   5   5   7   2   1  12  21   0   3   4  0.15 0.14
  256 I     0   2  -2  -2   1   0  -1  -3  -1   2  -1   0   0  -1   2  -1   0  -3  -1   2   10  13   1   2   3   3   4   1   1  12   2   5   3   3   9   2   4   0   1  19  0.15 0.12
  257 P    -1  -3  -3  -3  -3  -3  -2  -3  -3   0  -3  -2  -2  -3   7   1  -1  -4  -2  -1    4   2   1   1   0   1   2   2   0   7   2   2   1   1  52  11   4   0   2   4  1.15 0.40
  258 I    -4  -1  -2  -5  -4  -1  -5  -6  -2   6   2  -5   1  -3  -5  -5  -4  -5  -2   3    0   3   2   0   0   3   0   0   1  50  16   0   3   0   0   0   0   0   2  18  1.07 0.45
  259 N     0  -3   1  -2  -5   4   2   0  -1  -5  -3  -2   1  -4  -4   0   3   5  -1  -4    6   1   7   1   0  20  15   8   1   0   1   1   5   0   0   6  17   8   2   0  0.54 0.35
  260 R    -1   3  -1   1  -5   0   4  -3   0  -3  -2   0  -3  -4  -1   1   0  -4  -4  -2    5  18   1   8   0   4  29   1   2   1   5   3   0   0   3   9   7   0   0   3  0.42 0.28
  261 F    -4  -5  -2  -7  -4   1  -6  -7  -5   1   2  -5   9   2  -5  -5  -3  -1   0  -1    0   0   2   0   0   6   0   0   0   6  20   0  48   9   0   0   1   1   3   4  1.47 0.61
  262 D    -1   0   2  -2  -5  -1  -2  -3  -3  -1  -4  -1  -3  -5   6  -1   1  -4  -5   0    5   4  10   2   0   3   2   1   0   3   2   3   1   0  47   4   7   0   0   6  1.01 0.46
  263 V    -4  -6  -7  -7  -5  -6  -6  -7  -7   2   1  -6  -3  -5   2  -5  -2  -7  -5   6    0   0   0   0   0   0   0   0   0  10  11   0   0   0  11   0   2   0   0  66  1.49 0.61
  264 R    -4   4   4  -4  -6   4  -2  -5  -2  -4  -6   5  -3  -6  -1  -3   0  -6  -5  -5    0  20  17   0   0  16   1   0   1   1   0  35   0   0   4   0   5   0   0   1  1.05 0.51
  265 S     1  -5  -4  -5   3  -5  -5  -1  -5  -7  -7  -5  -6  -7  -5   7  -3  -7  -6  -6    9   0   0   0   6   0   0   4   0   0   0   0   0   0   0  82   0   0   0   0  1.93 0.82
  266 F     3  -4  -5  -2  -4  -2  -3  -4  -3   1   2  -4  -2   4  -4  -3  -2   5  -2   1   28   1   0   2   0   2   1   0   1   7  19   0   0  17   0   1   2   8   0  12  0.57 0.34
  267 I    -4  -7  -7  -7  -5  -6  -7  -7  -7   7  -1  -6   1   1  -1  -6  -4  -6  -4   2    1   0   0   0   0   0   0   0   0  71   3   0   2   7   3   0   0   0   0  12  1.74 0.65
  268 T     0  -4   0  -1   6  -1  -2  -2  -5  -2  -2  -4  -3  -2  -4  -2   5  -2  -4  -1    8   0   4   4  15   3   3   3   0   1   5   0   0   2   0   2  45   1   0   4  0.83 0.44
  269 N     0   0   2   0  -2   0   1  -1   1  -3  -1  -2  -2   1  -1   2   0  -1   2  -2    5   5   9   3   1   4  10   3   3   1   5   1   0   8   2  22   7   1   8   2  0.19 0.18
  270 V    -4  -6  -6  -6  -4  -5  -6  -7  -1  -1   1  -5   1  -5   8  -5  -4  -7  -6   1    1   0   0   0   0   0   0   0   2   4  12   0   3   0  69   0   1   0   0   8  1.99 0.74
  271 E     2   0  -2   0  -2   1   1  -2  -1  -2  -1   1  -1  -4  -1   1   1   1  -3  -1   20   5   1   6   0   7  12   2   1   0   8   9   1   0   2   9  10   2   0   4  0.18 0.17
  272 N    -1   1   1   4  -4   0   1  -1  -1  -4  -3  -1  -3  -4   3   1   0  -1  -4  -3    4  10   8  28   0   3   8   4   1   0   3   2   0   0  12   9   6   1   0   1  0.46 0.27
  273 G    -2   0   1   1  -5  -2  -1   6  -1  -4  -4  -3  -3  -4  -4  -1  -1  -5  -3  -2    3   5   6   8   0   2   3  56   1   1   1   1   1   1   0   3   3   0   1   3  0.91 0.41
  274 A     3   1  -1   2  -3   2   2  -1  -3  -3  -4  -2  -3  -5  -4   1   1  -5  -3  -2   27   6   2  10   0  11  15   3   0   1   0   0   0   0   0  12   9   0   0   2  0.43 0.30
  275 S     0   1  -2  -1  -2   1   1  -3   0   0  -1   1   0  -1   0   0   2  -1  -2   1    7   8   1   2   0   5   8   1   2   5   3  10   2   3   4   7  18   1   0  12  0.13 0.14
  276 V    -2  -4  -5  -5  -4  -4  -4  -5   0   3   3  -3  -1   0  -4  -3  -2  -2  -3   4    2   1   0   0   0   0   1   0   3  18  32   1   1   3   1   1   2   0   0  34  0.78 0.36
  277 K     1   1  -1   0  -2   0   0  -2  -1  -3  -3   3  -3  -5   3   0  -1  -5  -3  -2   15   8   2   6   1   3   7   2   2   2   1  23   0   0  17   7   3   0   1   2  0.41 0.25
  278 A     3   0  -1   0  -2  -1  -1  -1  -1  -3  -1   0  -2  -4   3   1   0  -4  -3  -1   31   7   2   5   0   2   3   4   2   1   7   4   0   0  14   8   4   0   0   4  0.29 0.22
  279 G    -2  -2   0   0  -6  -3  -3   7  -3  -7  -7  -3  -2  -6  -3  -1  -4  -6  -6  -6    2   3   4   5   0   1   1  74   1   0   0   2   1   0   1   4   1   0   0   0  1.58 0.60
  280 E    -1   2  -1  -1  -2   2   2  -2  -1  -3  -3   2  -2  -1   3  -1   0  -3  -1  -3    4  13   2   2   1  10  16   2   1   1   2  11   1   3  17   4   7   0   2   2  0.39 0.25
  281 V    -1  -3  -2  -5   0  -2  -4  -5   3   3   1  -4   0  -1  -4  -3   1  -4   1   4    3   1   2   0   2   2   0   0   8  15  15   0   1   2   0   0   9   0   6  33  0.54 0.31
  282 P     0   1  -1  -1  -3   1   2  -3  -1  -1  -1   0   1  -3   0  -1   3  -4  -3   0    7   9   2   3   0   7  15   1   1   3   5   6   3   1   4   3  23   0   0   8  0.24 0.21
  283 L    -3  -6  -7  -7  -2  -6  -6  -7  -7   5   3  -6  -1  -3  -6  -5  -4  -6  -5   5    1   0   0   0   1   0   0   0   0  29  24   0   1   1   0   0   0   0   0  43  1.32 0.53
  284 R    -1   5  -2  -3  -3   1   0  -3   2  -5  -4   3  -2  -1  -4   0   1  -5  -1  -4    6  35   1   1   0   6   5   1   5   0   1  18   1   3   0   6   9   0   2   1  0.67 0.37
  285 G    -4  -7  -5  -6  -7  -6  -7   8  -7  -8  -8  -6  -7  -8  -7  -5  -6  -7  -8  -8    0   0   0   0   0   0   0  99   0   0   0   0   0   0   0   0   0   0   0   0  2.83 0.92
  286 I    -1   2  -5  -6  -5  -3  -5  -6   4   3  -1  -2  -2   1  -5  -4  -4  -1   6   2    6  10   0   0   0   0   0   0  10  17   5   2   1   4   0   0   0   1  31  13  0.86 0.42
  287 A     7  -6  -6  -6  -5  -5  -5  -3  -6  -6  -6  -5  -5  -7  -5  -1  -3  -7  -6  -4   94   0   0   0   0   0   0   1   0   0   0   0   0   0   0   4   1   0   0   0  2.21 0.85
  288 F    -5  -7  -6  -8  -6  -6  -7  -7  -3  -2  -1  -7   1   5  -8  -7  -5  11   2   0    1   0   0   0   0   0   0   0   1   3   5   0   4  23   0   0   1  50   6   6  2.50 0.82
  289 D     2  -5  -2   3  -2  -4  -3   2  -5  -6  -6  -4  -5  -6  -2   5   1  -4  -5  -4   17   0   1  14   1   0   0  13   0   0   0   0   0   0   1  46   6   0   0   0  0.95 0.51
  290 G    -2  -7  -4  -4  -4  -3  -6   7  -6  -8  -8  -6  -7  -6  -6  -3  -5  -7  -5  -7    3   0   0   1   0   1   0  93   0   0   0   0   0   0   0   1   0   0   1   0  2.45 0.83
  291 G    -2  -1  -1   3  -5  -2   2   5   0  -3  -3  -2   1  -4  -4  -2   0  -1  -2  -4    3   3   2  16   0   1  12  42   3   2   2   2   4   1   1   2   5   1   2   0  0.68 0.36
  292 Y     1   4   0  -1  -1  -1  -2   3   2  -4  -2  -1  -4  -4  -4   0  -1  -5   0  -2   10  29   5   3   1   1   2  23   5   0   3   3   0   0   0   7   2   0   3   3  0.47 0.29
  293 G     2   1  -2   0  -5  -1   1   4  -1  -5  -5   0  -3  -5   3  -1  -1  -5  -4  -2   15  10   1   4   0   2   8  30   1   0   0   6   0   0  13   3   4   0   0   2  0.48 0.28
  294 I    -3  -7  -7  -7  -3  -6  -7  -7  -7   6  -1  -6  -3  -4  -7  -6  -4  -7  -5   5    1   0   0   0   1   0   0   0   0  49   4   0   0   0   0   0   0   0   0  45  1.78 0.66
  295 T     2   2  -1  -1  -4   0   2  -3  -3   1  -3   2  -2  -4  -3   0   1  -5  -3   2   16  10   2   2   0   2  14   1   0   8   0  14   1   0   0   6   9   0   0  15  0.27 0.23
  296 Q    -1   6  -3  -2  -6   1   1  -2  -2  -6  -6   3  -3  -5  -5   0  -2  -6  -5  -5    5  46   1   2   0   5   9   3   1   0   0  19   1   0   0   7   2   0   0   0  1.03 0.48
  297 V    -4  -7  -7  -8  -5  -7  -7  -8  -8   0  -2  -7   1  -5  -7  -6  -4  -7  -6   8    0   0   0   0   0   0   0   0   0   3   2   0   3   0   0   0   0   0   0  92  2.34 0.84
  298 S    -2  -3  -3   5  -7   1   6  -5   1  -6  -3  -3  -3  -5  -5  -3  -4  -2  -3  -5    4   1   0  30   0   5  49   0   3   0   3   0   1   0   0   1   0   1   1   1  1.32 0.59
  299 V    -4  -6  -7  -7  -4  -6  -6  -7  -7   3   0  -6  -3   0  -6  -6  -3  -2  -1   7    0   0   0   0   0   0   0   0   0  16   7   0   0   4   0   0   1   1   3  68  1.58 0.62
  300 S    -3  -4  -4  -5  -1  -3  -4  -3  -5  -7  -7  -5  -6  -7  -5   7   0  -7  -6  -6    1   1   0   0   1   1   0   2   0   0   0   0   0   0   0  90   5   0   0   0  2.14 0.88
  301 A     1  -4  -2  -3  -3  -3  -3  -3  -3   3   1  -3   0  -1  -2  -1   3  -4   0   2   11   0   2   1   0   0   1   2   1  15  15   0   1   3   1   2  25   0   3  16  0.38 0.26
  302 D    -5  -6   1   8  -8  -5  -3  -3  -6  -8  -8  -5  -8  -8  -5  -5  -4  -9  -8  -8    1   0   5  91   0   0   0   2   0   0   0   0   0   0   0   0   1   0   0   0  2.72 0.92
  303 A    -2  -3   0   1  -6  -2  -2   6   0  -6  -6  -3  -5   2  -5  -2  -4  -5   0  -6    2   1   3   9   0   2   3  61   2   0   0   2   0  10   0   2   0   0   3   0  1.19 0.50
  304 G    -4  -7  -4  -4  -7  -6  -5   8  -6  -8  -8  -6  -7  -7  -6  -4  -6  -7  -7  -6    0   0   0   1   0   0   1  96   0   0   0   0   0   0   0   1   0   0   0   0  2.61 0.86
  305 K     1   3  -1  -2  -4   2   1  -2   0  -3  -2   4  -1  -4  -3   0   0  -4  -4  -2   13  17   2   2   0   8   8   2   2   1   4  28   1   0   0   4   4   0   0   3  0.43 0.27
  306 S    -3  -2   1  -2  -5  -2  -4  -2   0  -4  -5  -3  -4  -6  -2   3   6  -6  -5  -4    1   2   6   2   0   1   1   3   3   0   0   1   0   0   2  20  58   0   0   0  1.26 0.60
  307 W    -9  -9 -10 -10  -8  -8  -9  -8  -8  -9  -8  -9  -7  -4 -10  -9  -8  13  -3  -9    0   0   0   0   0   0   0   0   0   0   0   0   0   0   0   0   0 100   0   0  5.37 1.47
  308 T    -1   3  -1  -1  -3   4  -1  -4   4  -1  -2   1   0  -2  -4   0   0  -3  -1   0    3  18   3   3   0  22   3   0  10   3   3   6   2   1   0   6   7   0   2   6  0.40 0.27
  309 N     0   1  -1   1  -4   3   3  -3  -1  -3  -3   1  -3  -5   3  -1   0  -5  -3  -1   10   6   3   8   0  13  20   1   1   1   2   8   0   0  13   3   6   0   1   5  0.37 0.25
  310 A     7  -6  -6  -6   2  -5  -5  -3  -6  -6  -6  -5  -4  -7  -5  -2   0  -7  -6  -3   87   0   0   0   4   0   0   1   0   0   0   0   0   0   0   1   4   0   0   2  1.96 0.79
  311 T    -1   3  -1   1  -2   2   3  -3   1  -3  -4   2  -3  -5  -4   0   1  -5  -4  -2    4  15   2   9   1  11  21   1   3   1   1  12   0   0   0   6  11   0   0   2  0.46 0.29
  312 L    -4  -1  -7  -7  -5  -6  -6  -7  -6   1   6  -5   0   0  -6  -6  -4  -3  -5   0    1   4   0   0   0   0   0   0   0   7  77   0   1   3   0   0   1   0   0   5  1.47 0.59
  313 D    -1  -1  -1   2  -3   0   2   3   2  -2  -1   0  -2  -3  -3   0   0  -4  -1  -2    3   2   2  11   0   4  13  28   6   2   7   5   0   1   0   4   7   0   2   2  0.29 0.20
  314 P     0   0  -2   1  -5   2   2   0   1  -5  -5   2  -4  -5   5  -2  -2  -5  -1  -4    8   6   1   7   0   9  11   7   3   0   0  13   0   0  27   2   2   0   2   0  0.60 0.32
  315 G    -1  -1  -2   5  -6   1   1  -2  -4  -6  -6  -1  -5  -6   5  -2  -1  -7  -4  -4    6   3   1  32   0   6  10   3   0   0   0   4   0   0  28   2   3   0   1   1  0.95 0.45
  316 L     0   0   0  -1  -3  -1   1  -1   2  -1   1   0  -1  -2   2   0  -1  -4   0   0    9   5   3   2   0   2  12   4   6   1  18   5   1   0  11   5   2   0   3   8  0.12 0.13
  317 G    -2   2   3  -1  -4   0  -1   5  -1  -4  -4   0  -5  -6  -4   0  -3  -6  -5  -4    2  10  15   3   0   5   4  42   1   1   1   5   0   0   0   8   1   0   0   1  0.73 0.37
  318 K    -1   5  -3  -1  -5   0  -2  -2   0  -6  -5   4  -5  -6   4  -2  -1  -6  -4  -4    6  31   1   3   0   4   1   2   2   0   1  22   0   0  21   2   3   0   0   1  0.88 0.44
  319 Y    -4  -4  -3  -5  -6  -5  -6  -1   0  -5  -2  -6  -3   4  -6  -4  -5   9   7  -5    1   1   2   1   0   0   0   5   2   0   4   0   1  16   0   1   0  30  36   0  1.99 0.72
  320 S     5  -5  -4  -3   0  -2  -4   0  -5  -5  -5  -4  -5  -6  -5   4  -1  -5  -6  -3   56   0   0   1   2   1   0   6   0   0   0   0   0   0   0  29   2   0   0   2  1.23 0.59
  321 F    -8  -7  -9 -10  -8  -8  -8  -7  -8  -7  -5  -9  -7   5  -7  -8  -8  12  -1  -6    0   0   0   0   0   0   0   0   0   0   1   0   0  18   0   0   0  79   1   1  4.22 1.23
  322 R    -3   6  -4  -4  -2   4  -3  -6  -3  -4  -4   0  -4  -3  -5  -1   3  -4  -3   2    1  40   0   0   1  17   0   0   0   0   0   4   0   1   0   4  17   0   1  14  1.00 0.51
  323 G    -3   4  -3  -3  -4   2   1  -2   3  -3   2  -1  -2   0   0  -2  -1  -2  -3  -3    1  24   1   1   0  10   8   3   6   0  26   2   0   4   5   2   4   1   0   1  0.41 0.30
  324 W    -8  -8  -9 -10  -8  -8  -9  -8  -8  -7  -6  -9  -6   5  -9  -8  -8  12  -2  -8    0   0   0   0   0   0   0   0   0   0   0   0   0  23   0   0   0  77   0   0  4.25 1.24
  325 K    -1   2   0  -1  -5   2   3  -4   2  -4  -4   1  -4  -4  -4   2   2  -5  -3  -1    3  13   3   2   0   8  22   0   5   0   1   8   0   0   0  16  12   0   1   5  0.47 0.31
  326 A     3  -4  -4  -5  -2  -4  -4  -3   0   1   2  -4   0   2  -4  -2   1  -3   3   1   26   0   0   0   1   0   0   2   2   6  21   0   2  10   0   2   8   0  13   8  0.45 0.29
  327 V     0   1   0   2  -3   1   2  -3  -1  -2  -3   0  -1  -4   2   0   2  -5  -2  -1    7   7   4  10   0   6  12   1   1   2   1   4   2   0  11   7  18   0   1   6  0.26 0.20
  328 L     0  -5  -6  -7  -5  -5  -5  -5  -4   2   2  -5   0   1  -6  -4  -2   9  -2   3    8   0   0   0   0   0   0   1   0   9  17   0   2   5   0   1   3  29   1  24  1.24 0.51
  329 P    -2   0   0   3  -4   0   1  -4  -2  -5  -5   1  -4  -5   6   0   1  -6  -2  -2    2   5   4  15   0   3   9   0   1   0   0   9   0   0  35   6   8   0   2   3  0.78 0.39
  330 L     1  -1  -3  -3  -3  -1  -2  -3  -2   1   3  -1  -1   2   1  -2  -2   0  -2   2   15   3   1   1   0   2   2   1   1   5  30   4   0  11   6   2   1   2   0  13  0.28 0.22
  331 T     1   0  -2   0  -5   1   1  -3  -2  -4  -4   0  -3  -5   5   0   1  -5  -4  -2   11   6   1   5   0   5  11   2   1   0   1   5   0   0  31   5  11   0   0   3  0.62 0.33
  332 K     2   1  -3  -1  -5   1  -1  -2  -1  -5  -4   3  -4  -6   5  -1   0  -6  -4  -2   19   7   1   3   0   6   4   2   2   0   1  17   0   0  30   2   5   0   0   2  0.71 0.38
  333 G    -2  -4  -3  -3  -6  -4  -4   7  -6  -7  -6  -1  -6  -7  -5  -3  -4  -6  -7  -6    2   1   1   1   0   0   1  84   0   0   1   4   0   0   0   2   1   0   0   0  2.03 0.72
  334 D     0   1  -1   0  -3   1   3  -2  -1  -4  -4   0  -3  -2   2   0   1  -4   3  -3    7   8   2   6   0   5  22   2   1   0   1   6   0   1  10   6   8   0  13   2  0.37 0.26
  335 H    -2  -1  -3  -5  -1  -2  -3  -3   6  -3   0  -1   0   0  -5  -3   0  -1   6   1    3   3   1   0   2   2   1   2  20   1   7   4   3   3   0   1   8   0  31  10  0.84 0.42
  336 V    -2   0  -1  -1  -5   1   5  -5   0  -2  -4  -1  -3  -4  -3  -2   3  -6  -5   1    3   5   2   3   0   6  37   0   2   2   1   2   0   0   1   2  23   0   0  12  0.68 0.41
  337 L    -5  -6  -7  -7  -3  -6  -6  -7  -7   5   4  -6  -1   0  -6  -6  -4  -4  -4   3    0   0   0   0   0   0   0   0   0  32  46   0   0   3   0   0   0   0   0  18  1.31 0.53
  338 M     0   1  -5  -6   0  -3  -4  -4  -5   0   1  -1   5  -2  -5  -2  -1   8  -1   2    9   8   0   0   2   1   0   1   0   5  12   5  14   1   0   2   3  19   2  17  0.72 0.37
  339 C     4  -5  -5  -6   6  -5  -5  -5  -6  -2  -4  -5  -4  -5  -5   2  -2  -6  -4   4   37   0   0   0  17   0   0   0   0   1   0   0   0   0   0  18   1   0   0  26  1.16 0.56
  340 R    -5   8  -5  -6  -5  -3  -4  -7  -5  -7  -6   5  -5  -7  -6  -5  -5  -7  -6  -5    0  70   0   0   0   0   0   0   0   0   0  28   0   0   0   0   0   0   0   1  2.28 0.84
  341 A     7  -6  -6  -6   1  -5  -6  -4  -6  -6  -6  -5  -6  -7  -5  -3  -3  -7  -6  -3   94   0   0   0   3   0   0   0   0   0   0   0   0   0   0   0   1   0   0   1  2.27 0.88
  342 T    -3  -5  -5  -5  -4  -4  -3  -5  -3   1  -4  -4  -1  -1  -5  -2   6   6  -3   3    1   0   0   0   0   1   2   0   1   7   0   1   1   2   0   2  52   9   1  21  1.23 0.59
  343 N    -5  -6   4   8  -6  -5  -3  -3  -5  -8  -8  -5  -7  -8  -6  -2  -4  -9  -7  -8    1   0  16  79   0   0   0   2   0   0   0   0   0   0   0   2   1   0   0   0  2.35 0.84
  344 A     2   1   0   1  -3  -1   2  -2  -2  -3  -3  -1  -1  -5  -4   3   2  -5  -4  -2   15   9   5   8   0   1  12   2   0   1   1   2   1   0   0  26  13   0   0   3  0.40 0.29
  345 R     3   0   1   0  -3   0   0  -1  -1  -2  -2   1  -3  -4  -3   2   1  -5  -3  -2   27   4   5   6   0   3   6   3   2   3   4   9   0   0   0  17   8   0   1   2  0.28 0.23
  346 G    -1  -5  -4  -5  -3  -5  -6   7  -3  -7  -7  -5  -6  -3  -6  -3  -6  -5   4  -7    4   0   1   0   1   0   0  76   1   0   0   0   0   1   0   1   0   0  15   0  1.96 0.73
  347 E    -1   2   6   0  -2   2   1  -3   1  -3  -4  -1  -4  -5  -5  -2  -2  -6  -5   0    6  12  40   5   1   8   9   1   3   2   1   3   0   0   0   1   2   0   0   6  0.75 0.41
  348 T     0  -2  -3  -5  -1  -2  -2  -3  -5  -1  -2  -4   2  -5  -5   2   5  -3  -5   3    5   2   0   0   1   2   2   2   0   3   2   0   6   0   0  14  36   0   0  24  0.72 0.43
  349 Q    -6  -4  -5  -6  -8   9  -3  -7  -5  -8  -7  -4  -1  -9  -7  -5  -6  -7  -7  -8    0   0   0   0   0  99   0   0   0   0   0   0   1   0   0   0   0   0   0   0  3.32 1.18
  350 P    -4  -5  -7  -6  -8  -4  -5  -6  -7  -8  -8  -5  -7  -9   9  -5  -3  -9  -8  -5    1   1   0   0   0   1   0   0   0   0   0   0   0   0  93   0   1   0   0   1  3.16 1.05
  351 M     0  -2  -4   2  -5  -1   4  -4  -3  -1   1  -2   5   1  -3  -3  -1  -5  -4   1    8   2   0  10   0   1  29   0   0   3  11   1  16   5   1   1   3   0   0   9  0.49 0.33
  352 Q     1   1  -2   2  -4   2   3  -3   0  -3  -3   0  -3  -3  -3   0   2  -5  -4   0   12   8   1  11   0   8  21   1   2   1   2   4   0   1   0   8  12   0   0   9  0.32 0.25
  353 A     2   0  -1  -1  -3   1  -1   0   0  -1  -3  -3  -3  -4   5   0   0  -5  -4  -1   21   6   3   3   0   6   3   5   2   5   1   0   0   0  29   7   5   0   0   4  0.53 0.31
  354 T     0   0   0   0  -3   0  -1  -1  -2   3   0  -2  -1  -1   2  -1   0  -4  -2   1    7   5   4   5   0   5   3   6   1  23   6   1   1   2  13   3   4   0   1   9  0.17 0.16
  355 W    -7  -8  -8  -5  -8  -6  -1  -8   1  -8  -5  -7  -3  -1  -2  -4  -7  12   1  -8    0   0   0   1   0   0   4   0   3   0   1   0   1   2   2   2   0  80   4   0  3.89 1.18
  356 N    -7  -5   9   0  -8  -3  -4  -5  -2  -8  -8  -5  -5  -8  -7  -4  -4  -9  -7  -8    0   0  93   4   0   1   1   0   1   0   0   0   0   0   0   0   0   0   0   0  2.99 1.02
  357 P    -1   2  -2  -3  -1  -1  -2  -3   0  -1   1  -2  -1   0   5  -3  -1  -2  -1  -1    4  10   2   1   1   2   3   2   2   3  17   1   2   5  34   1   4   0   2   3  0.58 0.32
  358 A     0   5  -2  -4  -6   2  -1   2  -1  -5  -2   3  -4  -6  -4  -1  -3  -6  -4  -5   10  36   1   0   0   8   2  15   1   0   4  17   0   0   1   5   0   0   0   0  0.76 0.40
  359 G    -4  -7  -4  -6  -7  -6  -6   8  -6  -8  -8  -6  -7  -7  -6  -3  -4  -7  -7  -7    0   0   0   0   0   0   0  95   0   0   0   0   0   0   0   2   1   0   0   0  2.60 0.87
  360 Y    -6  -6  -1  -7  -3  -6  -7  -7  -3  -1  -1  -6   0   2  -7  -6  -6  -3   9   2    0   0   3   0   1   0   0   0   0   4   5   0   2   7   0   0   0   0  65  13  2.07 0.77
  361 M     1  -2  -1  -4   0  -2  -2   2   0  -1   4  -3   4  -3  -5  -3  -3  -5  -4  -1   10   2   3   0   2   1   2  16   3   3  40   1  12   0   0   0   0   0   0   3  0.54 0.33
  362 R    -1   2   6  -3   1  -3  -4  -1   2  -3  -4  -3  -3   1  -5   0  -2   3   3  -4    5  13  37   0   3   0   0   4   4   1   1   0   0   7   0   6   1   5  12   1  0.82 0.44
  363 N    -3  -4   8   0  -4  -4  -5  -3   0  -7  -8  -5  -6  -7  -6  -1   1  -8  -6  -6    2   0  78   4   0   0   0   2   2   0   0   0   0   0   0   3   9   0   0   0  2.20 0.82
  364 V     4  -2  -2  -4   0  -2  -4   2  -2  -3  -3  -2   1  -3  -2   2  -1   0  -4   1   41   1   1   0   2   1   0  13   1   0   2   2   3   1   1  15   2   2   0  12  0.56 0.36
  365 V    -2  -6  -7  -7   4  -4  -6  -7  -5   3  -3  -6   1  -3  -5  -5  -4  10   1   4    3   0   0   0   7   1   0   0   0  18   1   0   3   0   1   1   0  34   5  27  1.70 0.64
  366 E    -2  -2  -3   0  -6   2   3  -5   9  -3  -5  -4  -2  -3  -2  -2  -5  -6  -2  -1    3   1   0   6   0   9  19   1  46   1   0   0   1   1   2   3   0   0   1   5  1.43 0.60
  367 A     0   6  -4  -4  -2   0  -2  -3   0  -4  -5   1  -1  -5   0   0   2  -6  -4  -3    8  51   0   0   1   3   1   2   2   1   0   6   2   0   5   5  12   0   0   1  0.97 0.48
  368 T    -3  -5  -6  -6  -4  -2  -5  -6   2   4   0  -5  -2  -3  -6  -4   1   0  -4   6    1   0   0   0   0   2   0   0   5  24   6   0   0   1   0   1   8   1   0  51  1.13 0.50
  369 R     1   3   0   0  -4   1   0  -1   3  -4  -4   2  -3  -5   2   0   1  -5  -3  -3   15  16   5   5   0   5   6   3   7   0   0  11   0   0  11   4  11   0   1   1  0.36 0.24
  370 V    -4  -6  -7  -7  -2  -6  -7  -7  -7   3   0  -6  -2  -2  -6  -6  -4  -6  -4   7    0   0   0   0   1   0   0   0   0  15   9   0   0   2   0   0   0   0   0  73  1.72 0.65
  371 I    -2   2   0  -1   0   0   0  -4   2  -1   0   1  -1  -3  -3   0   4  -2  -2   1    1  10   3   2   2   3   4   0   5   4   8  11   1   1   1   6  28   0   1   9  0.28 0.23
  372 A     2  -6  -5  -7   1  -4  -6  -5  -6   0  -3  -6  -3  -5  -6  -3  -3  -7  -5   7   14   0   0   0   3   1   0   1   0   2   1   0   0   0   0   2   1   0   0  76  1.60 0.64
  373 A     6  -4  -3  -4  -3  -3  -3  -2  -4  -4  -4  -3  -4  -5  -3   3  -2  -5  -4  -3   76   0   0   0   0   0   0   0   0   0   0   0   0   0   0  24   0   0   0   0  1.32 0.47

                      K         Lambda
Standard Ungapped    0.1377     0.3187
Standard Gapped      0.0597     0.2670
PSI Ungapped         0.1951     0.3146
PSI Gapped           0.0597     0.2670
