
Last position-specific scoring matrix computed, weighted observed percentages rounded down, information per position, and relative weight of gapless real matches to pseudocounts
            A   R   N   D   C   Q   E   G   H   I   L   K   M   F   P   S   T   W   Y   V   A   R   N   D   C   Q   E   G   H   I   L   K   M   F   P   S   T   W   Y   V
    1 L    -1  -2  -3  -4  -1  -2  -3  -4  -3   1   4  -2   2   0  -3  -2  -1  -2  -1   1    0   0   0   0   0   0   0   0   0   0   0   0   0   0   0   0   0   0   0   0  0.00     0.00
    2 Y    -2  -2  -2  -3  -2  -1  -2  -3   2  -1  -1  -2  -1   3  -3  -2  -2   2   7  -1    0   0   0   0   0   0   0   0   0   0   0   0   0   0   0   0   0   0   0   0  0.00     0.00
    3 F    -3  -3  -3  -4  -3  -4  -4  -4  -1   0   0  -3   0   7  -4  -3  -2   1   3  -1    0   0   0   0   0   0   0   0   0   0   0   0   0 100   0   0   0   0   0   0  0.86 0.04
    4 Q    -1   0  -1  -1  -3   4   2  -3  -1  -1   0   1   4  -2  -2   0  -1  -3  -2  -1    0   0   0   0   0  33  16   0   0   0   8   8  27   0   0   8   0   0   0   0  0.37 0.11
    5 G     0  -3  -3  -3  -2  -3  -3   2  -4   2   0  -3   0  -2  -3  -2  -1  -4  -2   5    6   0   0   0   0   0   0  21   0   8   0   0   0   0   0   0   0   0   0  66  0.48 0.15
    6 H    -1  -2   1  -3  -5  -1  -2  -2  10  -5  -5  -3  -3  -3  -4  -2  -3  -4   2  -5    6   0   5   0   0   0   0   3  81   0   0   0   0   0   0   0   0   0   6   0  1.83 0.40
    7 M    -3  -2  -4  -5  -4  -3  -2  -5  -4   2   2  -2   8  -2   0  -1  -3  -4  -1   0    0   1   0   0   0   0   2   0   0  11  17   3  52   0   4   4   0   0   2   4  0.99 0.39
    8 E     0  -2  -1  -1  -3   0   3   1  -2  -3  -2   0  -1  -2  -3   1  -1   6   1  -2    5   0   2   2   0   3  25  14   0   0   2   6   2   0   0  14   2  11   6   3  0.37 0.19
    9 G     0   2  -1  -1   4  -2  -2   3  -3  -3  -2  -2  -3  -2  -3   3   0  -4  -3  -2    7  16   2   2  10   0   1  25   0   0   3   0   0   2   0  25   3   0   0   3  0.41 0.22
   10 V    -1  -2  -3  -4   4  -3  -3  -4   2   2   2  -3   0  -2  -3  -3   0  -4  -2   4    2   1   0   0   9   0   1   1   6  12  21   0   2   0   0   1   6   0   0  35  0.50 0.24
   11 R    -3   8  -3  -4  -5   1  -3  -4  -3  -5  -2   0  -4  -5  -4  -3  -3  -5  -4  -4    2  77   0   1   0   6   1   1   0   1   4   4   0   0   1   1   1   0   0   1  1.73 0.56
   12 W    -6  -7  -7  -7  -6  -6  -4  -5  -6  -3  -2  -7  -5  -2  -7  -7  -6  12   3  -5    0   0   0   0   0   0   1   1   0   2   4   0   0   1   0   0   0  80   7   1  3.83 1.12
   13 A     4   0  -3  -3  -1   0  -3  -2  -2  -1   1  -2  -3   0  -3  -2  -2  -2   2   0   44   6   1   1   1   4   0   2   0   3  12   2   0   3   1   1   2   0   9   7  0.46 0.32
   14 F    -3  -5  -6  -6   2  -5  -4  -6  -4   3  -1  -5  -1   6  -5  -5  -2  -4  -2   4    2   0   0   0   4   0   1   0   0  18   4   0   1  30   0   0   2   0   0  35  1.10 0.48
   15 S    -2   0   4   4   0  -2  -1  -4   1  -5  -4   0  -4   0  -1   3  -1  -5  -4  -4    1   6  20  24   2   1   2   0   3   0   1   5   0   5   4  21   3   0   0   1  0.61 0.36
   16 C    -2  -5  -4  -5   5  -4  -5  -4   1   2   4  -5   0  -1  -4  -1   0   0   1   2    2   0   1   0  11   0   0   1   3  14  38   0   1   2   1   4   5   1   5  12  0.60 0.33
   17 G     1  -1   0   2  -4   0   1   1   2  -3  -4   0  -3  -5  -2   3  -1  -1  -4  -2   12   3   5  13   0   3  11  12   5   1   0   4   0   0   1  23   3   1   0   4  0.34 0.25
   18 T     1   2   1   1  -3   1   2  -2  -1  -2  -1   1  -2  -3  -1   1   0  -4  -2  -1   11  12   7   8   0   4  12   2   1   2   5  11   0   1   3  10   7   0   1   4  0.17 0.14
   19 W    -1  -4  -3  -4  -4  -4  -1  -4  -4  -2   0  -3  -3   0  -4   0   0  11  -2  -2    5   1   1   1   0   1   4   2   0   2  10   1   0   4   1   9   6  48   0   3  1.73 0.59
   20 L    -1   1   1   2  -1   0   1  -2   0  -1   1   0   0  -2   0   0   1  -3  -2  -1    3   8   8  12   1   3   7   1   2   3  18   6   2   1   4   7   9   0   1   2  0.10 0.10
   21 P    -2  -2  -1   0  -4  -2   0  -3   0  -1  -1  -2  -3  -1   7  -2   0  -4  -3  -3    2   3   3   5   0   2   6   2   2   4   6   1   1   3  50   2   6   0   1   2  1.02 0.43
   22 S    -1  -2   1   2   0   0  -1  -2  -2  -2  -4  -2  -4  -5  -1   5   3  -2  -3  -4    3   2   6  10   2   4   2   2   1   2   1   2   0   0   3  41  17   1   1   0  0.67 0.43
   23 R     0   2  -1   1  -2   0   3  -2  -2  -2  -1   0  -2  -4   3   0  -1  -5  -3  -2    9  11   1   9   1   4  20   3   1   2   5   5   1   0  15   5   4   0   1   3  0.30 0.22
   24 A     2  -2   0   2  -3   1   2  -2   1  -2  -2   0  -1  -2  -1   1   0  -2  -1  -2   18   1   3  12   0   6  16   2   4   2   4   4   1   1   3  11   5   0   2   3  0.20 0.18
   25 E    -3  -1   0   3  -2   4   5  -4   2  -4  -1  -1  -4  -3  -4  -2  -1  -5  -3  -4    1   3   3  14   1  19  33   1   4   1   8   3   0   1   0   2   5   0   1   1  0.70 0.42
   26 W    -4  -2  -5  -6  -5  -3  -3  -6  -3   1   2  -5  -3   5  -5  -4  -2   8   4  -1    1   2   0   0   0   1   2   0   0   7  18   1   0  26   0   1   3  19  12   5  1.16 0.51
   27 L     0   1   1   1  -1   3   2  -3  -1  -2   1   1  -2  -3  -2   1  -1  -2  -3  -3    7   8   7   9   1  12  12   1   1   2  14   7   0   1   1  11   3   0   0   1  0.21 0.20
   28 L     0   3  -1  -2  -3   2   0  -3   1  -2   1   1  -1   1  -2   0  -1  -2   0  -2   10  15   3   2   0  11   6   1   3   1  18   9   1   6   2   5   3   1   2   1  0.18 0.18
   29 A     3  -3  -5  -4   3  -3  -5  -3  -2  -1   4  -3   0   1  -4  -2  -2  -1   0  -2   26   1   0   1   6   1   0   2   1   3  40   1   2   5   0   3   1   1   3   2  0.62 0.37
   30 V     0   0  -2  -4   0  -1  -2  -3  -1   1   3   0   3   0  -4  -1   0  -1   0   0   10   5   2   0   2   2   2   1   1   5  32   5  10   4   0   4   5   1   3   5  0.27 0.21
   31 R     1   3   1   0  -4   2   0  -1   1  -4  -2   1  -2  -4  -3   2   0  -3  -3  -4   12  14   7   6   0  11   4   4   3   0   4   6   1   0   1  19   5   0   0   1  0.32 0.26
   32 S    -1  -1  -2  -4   4  -2  -4  -5  -2   1   3  -2   0   2  -5  -1   1   2   0   0    4   4   1   0  10   2   1   0   1   8  32   2   1   9   0   5   8   3   4   5  0.41 0.27
   33 I    -4  -6  -7  -7  -4  -5  -7  -7  -7   4   5  -6   0  -2  -7  -5  -4  -3  -5   3    1   0   0   0   0   0   0   0   0  18  57   0   2   1   0   0   1   0   0  18  1.36 0.59
   34 Q    -2  -3   1   2  -1   3  -3  -4  -2  -6  -6  -4  -6  -7   3   5   0  -7  -6  -6    3   1   6  10   1  11   1   1   1   0   0   0   0   0  13  45   6   0   0   0  1.00 0.59
   35 P     1  -1   0   1  -4   1   3  -3  -3  -3  -1   0  -2  -4   4   1   0  -6  -5  -2   10   3   4   8   0   5  17   1   0   1   6   4   1   1  21   9   5   0   0   3  0.41 0.29
   36 E     0  -3  -2   5  -4  -1   5  -3   3  -4  -6  -2  -6  -7  -4  -1  -2  -7  -6  -5    8   1   2  26   0   2  42   2   6   1   1   2   0   0   1   3   2   0   0   1  1.10 0.57
   37 E    -5   2  -5   1  -8  -2   7  -6  -1  -8  -8   2  -7  -8  -6  -2  -4  -8  -5  -7    1   9   0   6   0   1  65   0   1   0   0  13   0   0   0   3   1   0   0   0  1.71 0.78
   38 K    -1   5  -4  -5  -2   4  -3  -5   1   0  -1   3  -2  -2  -5  -3  -3  -2  -3  -2    5  32   0   0   1  17   0   0   3   6   6  20   1   1   0   2   1   1   1   3  0.81 0.47
   39 E     2  -1   0   1  -2   2   3  -2   0  -3  -1   1  -2  -5  -1   0  -1  -3  -2  -2   17   3   4   7   1   8  24   2   2   1   6   8   1   0   2   6   3   0   1   3  0.28 0.24
   40 R    -1   7  -3  -3  -8   0  -3  -6  -5  -6  -7   4  -6  -7  -5  -2  -4  -7  -3  -6    5  57   1   2   0   4   1   0   0   0   0  23   0   0   0   3   1   0   1   0  1.66 0.74
   41 I     3  -4  -4  -6   1  -1  -4  -5  -1   5  -1  -4   1  -2  -5  -2  -2  -5   0   2   27   1   1   0   3   3   0   0   2  31   6   0   3   2   0   3   2   0   3  15  0.71 0.40
   42 G     1   1   1   2  -4   1   1   0  -1  -3  -1   1   1  -4  -3   0  -1  -3  -3  -3   11   7   7  12   0   6  11   9   1   1   7  11   5   0   1   7   4   0   0   0  0.20 0.18
   43 Q    -2   7  -1  -3  -5   2  -3  -3  -2  -8  -7   3  -4  -6  -6  -3  -4  -7  -6  -7    4  61   3   1   0   9   1   2   1   0   0  15   0   0   0   2   1   0   0   0  1.66 0.73
   44 F    -6  -8  -8  -9  -8  -5  -8  -8  -6  -3  -1  -6  -1   9  -9  -5  -7  -4   5  -6    1   0   0   0   0   1   0   0   0   1   6   0   2  69   0   1   0   0  19   0  2.53 0.94
   45 V    -1   4  -3  -5  -3  -2  -3  -4   4   0   0   2   0  -2  -5  -3  -3  -3   4   2    4  21   1   0   1   1   1   1  11   4   9  10   2   1   0   1   0   0  14  18  0.57 0.36
   46 F    -6   3   1  -4  -3   0  -5  -4   4  -4  -3   1   0   7  -7  -4  -5  -4   1  -4    0  13   6   1   0   4   0   1   9   1   2   9   3  44   0   1   0   0   4   1  1.21 0.57
   47 A     0   1  -2   0  -5   1   3  -3  -1  -1  -2   2   0  -3   3  -1  -2   0  -1  -2   10   9   1   5   0   6  18   2   1   3   3  12   2   1  16   3   2   1   2   3  0.32 0.24
   48 R    -1   3  -2   1  -1   1   4  -4  -1  -2  -4   3  -5  -6  -2   0  -4  -4  -5  -4    5  17   1   8   2   5  26   1   2   2   2  21   0   0   1   6   0   0   0   1  0.66 0.40
   49 D    -2  -6  -2   8  -8  -4  -4  -4   5  -8  -5  -5  -8  -6  -5  -1  -5  -9  -5  -8    4   0   1  72   0   1   0   1  13   0   2   0   0   0   1   4   1   0   0   0  2.16 0.88
   50 A     3   6  -5  -5  -2   3  -4  -4  -3  -3  -4   1  -5  -2  -5  -1  -3  -6  -3  -2   28  37   0   0   1  12   0   1   0   2   1   7   0   2   0   5   1   0   1   3  0.99 0.54
   51 K    -3   3   0  -1   0   1  -1  -5   4   0   0   4  -2  -3  -5  -3  -2  -1   1  -1    1  13   5   3   2   7   3   0  10   6   9  25   0   1   0   1   2   1   4   5  0.43 0.30
   52 A     1   7  -3  -5  -3   2  -3  -5  -1  -5  -1  -1  -1  -3  -5   0  -3  -7  -4  -6   10  54   1   0   1   9   1   1   2   0   7   2   2   1   0   8   1   0   0   0  1.20 0.60
   53 A     3  -4  -4  -5   3  -5  -5  -2  -1  -4  -5  -5  -5   5  -5   3   2  -2   3  -4   23   1   0   0   5   0   0   4   2   0   0   0   0  25   0  19  10   0   9   0  0.87 0.50
   54 M    -3  -4  -7  -7  -2  -3  -7  -6  -7   3   5  -6   3  -3  -7  -5  -2  -4  -5   2    2   1   0   0   1   1   0   0   0  15  57   0   6   0   0   1   3   0   0  12  1.21 0.55
   55 A     3  -5  -4  -6   0  -4  -5  -3  -5   3   1  -4   0   0  -5  -3   0  -2   1   3   23   0   1   0   2   1   0   1   0  20  15   0   2   3   0   1   5   0   4  22  0.60 0.35
   56 G     3  -5  -3  -6  -3  -5  -6   5  -6  -7  -7  -4  -6  -5  -6   3   0  -7  -7  -2   22   0   1   0   0   0   0  46   0   0   0   0   0   0   0  20   6   0   0   3  1.24 0.61
   57 R    -5   7  -4   2  -3  -1   2  -4   4  -7  -6  -1  -6  -5  -7  -5  -6  -5  -5  -6    0  60   0   9   1   3  12   1   9   0   1   2   0   1   0   0   0   0   0   0  1.69 0.74
   58 L     2  -5  -2  -6  -2  -5  -6   2  -6   0   4  -5   2  -2  -6  -2  -2  -2  -3   1   15   0   2   0   1   0   0  17   0   5  42   0   4   1   0   2   2   1   1   9  0.67 0.39
   59 M    -2  -4  -5  -7  -2  -5  -5  -5  -6   1   5  -5   4   0  -7  -3  -2  -4  -1  -2    3   1   1   0   1   0   1   1   0   8  62   0  10   4   0   2   3   0   3   2  1.19 0.55
   60 I    -2  -3  -6  -6  -5   2  -5  -5  -6   3   4  -4   3  -3  -1  -3  -2  -6  -5   3    4   1   0   0   0  10   0   1   0  14  39   1   8   0   3   1   2   0   0  16  0.79 0.42
   61 R    -7   8  -5  -7  -6  -3  -4  -8  -2  -5  -4   0  -7  -7  -8  -6  -7  -8   1  -8    0  84   0   0   0   1   1   0   1   1   2   4   0   0   0   0   0   0   5   0  2.60 1.00
   62 K     0   1  -2  -2  -1   0  -1  -3   1   0  -1   2   0  -1  -4   1   1   1   3  -1    8   9   1   1   1   4   3   1   3   5   7  16   3   2   0  12   8   2  11   3  0.19 0.19
   63 L     1  -4  -6  -6   0  -2  -5  -5  -6   4   3  -5   1   0  -6  -4   0  -3  -1   2   12   0   0   0   2   2   0   0   0  25  29   0   3   3   0   1   5   0   2  15  0.69 0.36
   64 V    -1  -6  -7  -7  -3  -6  -7  -7  -7   4   5  -6  -1  -2  -7  -4  -2  -6  -5   3    6   0   0   0   1   0   0   0   0  21  49   0   1   1   0   1   3   0   0  18  1.19 0.53
   65 A     2   0   0  -4   5  -1  -4   2   4  -2  -3  -1  -2  -4  -5   3  -1  -1  -3  -3   19   4   3   0  10   2   0  13   9   2   2   3   1   1   0  25   3   1   0   1  0.55 0.36
   66 E    -2   4   0   1  -2   2   3  -3   1  -4  -2   2  -3  -3  -4   0  -1  -2  -3  -3    2  25   4   7   1   8  17   2   3   1   4  13   0   1   0   6   4   0   0   2  0.48 0.31
   67 K     0   0  -1  -2   1   0  -1  -5   1  -3  -1   2   0  -1  -5  -2  -2  -3   6   0    7   5   2   2   3   4   4   0   3   1   5  15   3   1   0   2   3   0  33   6  0.68 0.40
   68 L     0  -3  -5  -5   1  -4  -4  -5  -2  -1   4  -4   1   2  -5   0   1  -2   3  -2    7   1   0   1   3   1   1   1   1   2  47   0   2   7   0   6   8   1  10   2  0.69 0.38
   69 N    -2  -1   3   1  -1   1  -1   5   2  -6  -5   1  -5  -4  -2   0  -3  -3  -3  -6    3   3  14   7   1   7   3  37   4   0   1   8   0   1   2   5   1   0   1   0  0.68 0.38
   70 I    -2  -1  -5  -6   0  -2  -3  -6  -6   6   2  -2   0  -3  -6  -4  -1  -6  -1   3    3   3   0   0   2   2   2   0   0  39  22   3   2   0   0   1   3   0   2  16  0.85 0.41
   71 P     1  -1   1   2  -4  -1   1  -3  -2  -5  -4   1  -2  -5   5   1  -2  -6  -4  -4   11   4   6  10   0   2   7   1   1   1   2   9   1   0  29  11   2   0   1   1  0.63 0.37
   72 W    -1  -2   3  -5  -6  -4  -3  -4  -2  -5  -4  -2  -2   0   6  -2  -4   7   2  -5    4   2  15   0   0   1   2   1   1   0   2   3   1   4  38   3   1  13   8   1  1.25 0.59
   73 N     1   1   2   2  -4   1   3  -2   3  -4  -5   1  -3  -4  -2   1  -1  -3  -2  -3   12   7  11  10   0   6  17   3   7   1   0   7   0   0   2  11   4   0   1   1  0.36 0.25
   74 H     0   0   0   4  -1   2   4  -3   1  -5  -3   0  -3  -5  -5   1  -1  -6  -3  -4    9   4   3  21   1  10  26   2   3   0   3   4   1   0   0   8   3   0   1   0  0.57 0.36
   75 I    -5  -7  -8  -6  -6  -7  -8  -8  -8   7   2  -7   0  -2  -8  -7  -5   6  -5   3    1   0   0   1   0   0   0   0   0  50  18   0   2   1   0   0   0  10   0  18  1.64 0.67
   76 R    -2   4   1   0  -1   2   2  -2   1   0  -2   1  -2  -5  -4   0   0  -5  -4   0    3  21   6   5   1   9  14   2   3   6   3   8   1   0   0   7   5   0   0   8  0.31 0.24
   77 L    -7  -4  -8  -9  -7  -8  -8  -8  -7   3   2  -8  -3   8  -8  -7  -7  -1   0  -2    0   1   0   0   0   0   0   0   0  17  15   0   0  61   0   0   0   1   3   2  2.09 0.79
   78 Q     0   1   0   0   0   2   2   0  -2  -1  -3   1  -3  -4  -4   1   0  -1  -2  -1    7   9   4   6   2  11  14   8   1   5   1   8   0   0   0  11   5   1   1   5  0.20 0.19
   79 R    -1   5  -2  -5  -2  -2  -3  -6  -2  -4  -3   1  -5  -2  -5  -3   1  -5   6  -2    6  34   2   0   1   1   1   0   1   1   3   9   0   1   0   2   8   0  27   3  1.06 0.55
   80 T    -4  -4   5   1  -6   0  -1   2  -1  -6  -4  -5  -6  -7  -6   1   4  -7  -6  -5    0   0  29   6   0   5   3  14   1   0   2   0   0   0   0  11  28   0   0   0  0.99 0.55
   81 A     1  -1  -2   1   0   0   3  -4  -3  -3  -3   0  -3  -4   3   1  -1  -6  -3  -2   12   4   1   7   2   3  24   1   0   1   3   6   0   1  16  12   3   0   1   3  0.46 0.32
   82 K    -3   2   1  -3  -5  -1   0  -2   5  -5  -4   2  -4   1  -6  -2  -1   0   6  -5    2  10   8   1   0   3   7   4  12   0   1  13   0   6   0   2   3   1  27   0  0.79 0.44
   83 G    -5  -3   0  -4   0  -5  -5   7  -7  -9  -9  -5  -8  -9  -8  -4  -7  -8  -9  -9    0   2   4   1   2   0   1  88   0   0   0   1   0   0   0   1   0   0   0   0  2.43 0.93
   84 K    -7   2  -6  -7  -9  -2  -5  -7  -6  -9  -8   8  -7  -9  -7  -6  -7  -9  -8  -8    0  10   0   0   0   1   0   0   0   0   0  89   0   0   0   0   0   0   0   0  2.78 1.07
   85 P    -7  -9  -8  -8  -9  -8  -8  -9  -9  -9  -6  -7  -9 -10   9  -5  -7 -10  -9  -9    0   0   0   0   0   0   0   0   0   0   1   0   0   0  99   1   0   0   0   0  3.66 1.33
   86 V    -2  -1  -5  -4   0  -2   0  -5   0  -1  -2  -3  -2   5  -6   1  -3  -3   6   0    4   4   0   1   2   2   8   1   2   3   3   1   1  21   0  10   1   0  29   6  0.83 0.44
   87 L    -3  -7  -7  -8  -2  -6  -7  -8  -3   3   6  -7  -1  -2  -7  -6  -5   2  -3   2    2   0   0   0   1   0   0   0   1  13  63   0   1   1   0   0   0   3   1  14  1.40 0.60
   88 A     3   0  -1   0   0   0   0  -2  -2   0  -1   1  -1  -4  -2   0   0  -4  -3   1   26   5   2   6   2   4   6   2   1   7   4  11   1   0   1   5   5   0   0  10  0.20 0.17
   89 K     0  -1   3   1  -2   0   0   3   1  -2  -3   1  -3  -3  -1   0  -1  -2  -1  -2    8   3  16   9   1   4   6  20   3   2   2   8   0   1   2   7   4   1   2   2  0.26 0.17
   90 D     0  -1   1   2  -2   0   1   0  -1  -2  -2   0  -2  -2   3   0   0  -3  -2  -2    6   3   8  12   1   4  11   6   1   2   4   6   1   1  16   7   5   0   2   2  0.24 0.14
   91 S     0  -1   0   0  -1   0   0   0   1  -1  -1   0  -1   0   0   2   0  -1  -1   0    9   2   5   5   1   4   6   6   5   5   6   5   0   4   5  17   6   1   2   6  0.06 0.06
   92 S     1   0   0   0  -1   1   1   1   0  -1   0   0  -1   0   0   1   0  -2  -1  -1   11   4   5   4   1   6   8  10   2   3   9   6   1   5   4  11   5   0   2   3  0.05 0.04
   93 N     0  -1   2   1   1   1   0   0   1  -1  -1   0  -1  -1   1   1   1  -1  -1  -1    5   3  12   6   3   6   5   9   3   4   6   4   2   2   6  12   7   1   2   3  0.08 0.05
   94 P     0   0   0   0  -1   0   0  -1   1  -1  -1   0  -1   1   3   0   0  -1  -1  -1    8   5   4   6   2   5   5   5   4   4   5   6   2   8  14   6   4   1   2   4  0.10 0.04
   95 Y     0  -1  -1  -1  -1   0   0  -1   2  -1   0  -1  -1   2   1   0  -1   0   3  -1    7   3   3   4   1   3   7   5   6   3  10   3   1  10   6   8   3   1  12   5  0.08 0.06
   96 P    -1  -1   0  -1  -2  -1  -1  -2  -1  -1   0  -1  -1   0   5   1   0   0  -2  -1    3   3   3   4   1   2   3   3   1   4   9   4   1   4  30  12   7   1   1   3  0.40 0.16
   97 N    -1   0   3   2  -2   0  -1   1   1  -3  -3  -1  -3  -3   3   1   0  -2  -2  -3    4   6  20  11   1   3   3  13   4   1   2   3   0   1  13   9   4   1   1   1  0.32 0.17
   98 F    -3  -4  -2  -5  -1  -4  -5  -5   1   3   3  -4   0   5  -5  -3  -3   3   1   0    2   0   3   0   1   0   0   0   4  17  30   0   1  24   0   1   1   4   4   6  0.70 0.32
   99 N    -2   1   4   1   0   1   0  -2   5  -4  -3  -1  -3   1  -3   1  -2  -1   1  -4    3   7  19   6   3   8   5   3  17   0   1   2   0   7   0  11   2   1   5   1  0.44 0.27
  100 F    -6  -7  -2  -7  -7  -7  -7  -7   2  -3  -2  -7  -4   9  -8  -6  -6  -3   3  -4    0   0   3   0   0   0   0   0   4   1   2   0   0  81   0   0   0   0   8   1  2.51 0.80
  101 N    -6  -5   9  -3  -7  -5  -5  -5  -4  -8  -8  -5  -7  -1  -7  -1  -4  -8  -6  -7    0   0  93   0   0   0   0   0   0   0   0   0   0   3   0   4   0   0   0   0  2.84 0.95
  102 I    -3  -5  -2  -6  -4  -5  -6  -6  -6   4   4  -5  -1  -2  -4  -4  -2  -5  -3   4    1   0   3   0   0   0   0   0   0  28  36   0   1   0   1   1   2   0   0  27  0.97 0.42
  103 S    -2  -5  -3  -4  -5  -4  -4  -4  -5  -6  -6  -4  -5  -6  -5   7   0  -6  -5  -5    2   0   0   0   0   0   0   0   0   0   0   0   0   0   0  90   5   0   0   0  2.07 0.80
  104 H    -6  -3  -2  -3  -7  -4  -5  -6  11  -7  -7  -5  -6  -6  -6  -5  -6  -6  -3  -7    0   1   1   1   0   0   0   0  93   0   0   0   0   0   0   0   0   0   0   0  3.71 1.05
  105 Q    -1  -3  -1   0  -1   3  -2  -3   4  -5  -5  -2  -4  -5  -4   5   1  -5  -4  -4    5   0   2   6   2  16   2   1   9   0   0   1   0   0   0  47  10   0   0   0  0.90 0.47
  106 G    -1  -1   0  -1  -2   1   0   6   2  -5  -5  -1  -5  -5  -4  -1  -3  -5  -4  -5    5   3   3   4   1   7   6  58   5   1   1   3   0   0   0   3   1   0   0   0  0.99 0.41
  107 D    -2  -1   1   5  -1  -1   2   2   0  -5  -5  -1  -5  -5  -3   0  -2  -5  -4  -4    3   4   6  39   2   2  14  14   2   0   0   3   0   0   1   7   2   0   1   1  0.75 0.35
  108 Y    -4  -2  -5  -6  -1  -3  -4  -6   0   0   2  -3   2   2  -5  -5  -3   8   6  -1    1   2   0   0   1   1   1   0   2   4  21   1   5   6   0   0   2  24  24   4  1.19 0.46
  109 A     3  -5  -4  -5  -1  -5  -5  -3  -5   3  -1  -5  -2  -4  -5  -2   0  -6  -4   5   28   0   1   0   1   0   0   2   0  14   3   0   1   0   0   2   5   0   0  44  0.88 0.43
  110 V     2  -5  -5  -6  -2  -5  -5  -3  -6   2   2  -5   0  -4  -5  -3  -3  -5  -4   5   19   0   0   0   1   0   0   2   0   8  21   0   2   0   0   1   1   0   0  46  0.88 0.42
  111 L    -3  -5  -6  -6   8  -5  -6  -4  -5   3   3  -5   1   2  -6  -4  -3  -4   3   0    1   0   0   0  28   0   0   1   0  16  26   0   3   7   0   1   1   0   9   6  1.04 0.42
  112 A     6  -5  -5  -5  -4  -4  -4   1  -5  -2  -3  -4  -4  -5  -4  -2  -2  -6  -3   0   73   0   0   0   0   0   0  12   0   2   2   0   0   0   0   2   2   0   1   5  1.33 0.58
  113 A     1  -4  -4  -4   1  -4  -4  -2  -4   3   0  -4  -1   2  -4   1  -1   0  -2   4   12   0   0   0   3   0   0   3   0  16   6   0   1  11   0  12   3   2   0  31  0.46 0.28
  114 E     1  -2  -1   1   2  -1   2   0  -2  -3  -4  -2  -3  -5  -3   3   2  -5  -4  -3   10   1   2   9   4   2  17   8   1   1   1   0   1   0   0  26  16   0   0   1  0.44 0.30
  115 P     0   2  -1  -1   2   1   0  -1   2  -2  -1   1  -2  -2   3   0  -1  -1   0  -2    6  12   2   3   5   7   4   3   6   2   7   7   1   2  18   9   1   1   3   2  0.23 0.15
  116 E    -1  -1   3   3  -2   0   2   1   1  -3  -1   0  -3   0  -2   0   0  -4  -2  -3    4   3  14  18   1   4  15  10   3   1   6   4   0   5   1   4   5   0   1   1  0.25 0.17
  117 L     0   3  -1  -1   4   0  -1  -1   1  -1   0  -1   0   1  -1   0  -1  -2   1  -1    9  18   2   3  10   3   3   5   4   2   8   2   2   6   3   7   2   0   4   5  0.11 0.11
  118 Q    -1   1   1   0  -4   2   2  -3  -2  -1   0   0  -2  -3   4   0  -1  -4  -3  -2    4   7   6   6   0  12  14   1   0   3   9   5   1   1  20   8   2   0   0   2  0.34 0.21
  119 V    -4  -5  -6  -6   1  -5  -5  -6  -6   5   2  -5   0  -3  -5  -4  -2  -5  -4   5    0   0   0   0   3   0   0   0   0  34  15   0   1   0   0   1   2   0   0  43  1.18 0.47
  120 G    -4  -6  -4  -5  -6  -6  -6   8  -6  -7  -7  -5  -6  -7  -6  -4  -5  -6  -7  -7    0   0   0   0   0   0   0  98   0   0   0   0   0   0   0   0   0   0   0   0  2.63 0.82
  121 I    -2  -6  -6  -6   0  -5  -6  -6  -6   6  -1  -5  -2  -4  -5  -5  -2  -6  -4   6    2   0   0   0   2   0   0   0   0  40   4   0   0   0   0   0   2   0   0  47  1.45 0.53
  122 D    -6  -6  -3   9  -7  -5  -3  -5  -5  -7  -7  -5  -7  -7  -6  -5  -5  -7  -7  -7    0   0   0  96   0   0   0   0   0   0   0   0   0   0   0   0   0   0   0   0  2.91 0.91
  123 I    -3  -5  -6  -6  -1  -5  -5  -6  -6   5   1  -5  -2  -4  -5  -4  -2  -5  -4   5    1   0   0   0   1   0   0   0   0  37   9   0   0   0   0   1   2   0   0  46  1.35 0.50
  124 M    -3  -3  -4  -3  -6  -1   6  -6  -4  -3  -4  -3   6  -5  -5  -4  -3  -6  -5   1    2   1   0   1   0   2  61   0   0   1   0   0  20   0   0   0   1   0   0   9  1.56 0.64
  125 K    -1   2   0   0   1   2   0  -3   2  -3  -3   3  -2  -2  -2   0  -1   0   1  -3    6  13   3   4   3  10   6   1   6   1   2  24   0   2   1   7   2   2   6   1  0.33 0.21
  126 T    -1  -3  -3  -4  -1  -1  -3  -4   1   4   1  -2   2  -1  -2  -2   1  -2  -1   3    4   1   1   0   1   3   1   1   3  30  11   1   6   2   2   2   9   1   2  18  0.42 0.23
  127 S    -1   4   0   2  -3   1   1  -2  -1  -2  -3   2  -3  -4  -3   1  -1  -4  -4  -3    4  25   4  14   0   6  10   2   1   2   1  15   0   0   1  10   3   0   0   2  0.46 0.25
  128 F    -1   2  -1   0  -2   0   1  -1   0   0   0   0   0   0   2   0   0  -1   1  -1    5  15   2   6   1   4   8   3   2   5   9   6   2   3   9   5   5   1   6   3  0.09 0.06
  129 P    -1   1   0   0  -2   0   0  -1  -1   1  -1   0  -1  -2   4   0  -1  -3  -2   0    5   7   4   5   1   3   5   5   2  10   4   6   2   2  25   7   3   0   1   5  0.28 0.12
  130 G    -1   1   0   1  -2   0   0   1   0  -1  -1   0  -1   1   0   0   0   0   0  -1    4  11   5   8   1   5   6  12   2   4   4   6   2   7   5   4   4   2   2   5  0.06 0.04
  131 R    -1   2   1   0  -1   1   1   1   1  -2  -1   1  -1  -2   0   0  -1  -2  -1  -2    5  15   9   5   1   6   9  12   3   2   5   7   2   1   3   7   3   0   2   3  0.13 0.09
  132 G    -1   1   0   1  -1   1   2   0   0  -1  -1   1   0  -2   0   0   0   4  -1  -1    5   7   3   7   1   6  14   7   2   4   5  10   2   2   4   7   6   6   1   4  0.11 0.08
  133 S     0   1   1   0  -1   0   0  -1   0  -2  -2  -1   1  -2   2   2   2  -3  -2  -2    5   7   6   5   1   4   5   4   2   1   4   3   4   2  12  14  16   0   1   3  0.19 0.16
  134 I     0   0  -2  -2  -1  -1  -2  -2  -1   2   1  -1   2   0   0  -1   0  -2  -1   1   10   7   2   2   1   3   2   3   2  13  17   2   6   3   4   3   6   0   2  13  0.10 0.10
  135 P     1  -1  -1   1  -1  -1   0  -2  -1  -1  -1  -1  -2  -3   4   1   1   0  -3   0   10   3   2   9   1   2   6   3   1   3   8   4   0   1  22  10   8   1   1   6  0.28 0.21
  136 E    -2  -2   1   4  -4   0   4  -2  -3   0  -3  -1  -2  -2  -3   0  -1  -1  -2  -3    3   2   6  24   0   4  28   3   0   7   2   2   1   2   1   6   3   1   1   2  0.52 0.36
  137 F     0  -3  -2   0  -2  -2  -2  -3  -1   1   0  -2   0   6  -3  -1  -2   1   3   0    7   1   2   6   1   2   3   2   1   7   8   2   2  33   1   4   2   1   8   5  0.49 0.31
  138 F    -2  -2  -2   0  -3  -2   1  -3  -2   2   2  -2   1   4  -3  -3  -2   0   0   1    3   2   1   6   0   2   9   2   1  11  23   3   3  19   1   1   2   1   3   9  0.32 0.25
  139 H     0   1   2   2  -2   3   3  -1   2  -3  -3   0  -3  -4  -2   1  -1  -4  -2  -3    7   7   8  11   1  12  19   3   5   1   3   6   0   0   2  10   2   0   1   1  0.33 0.28
  140 I    -2  -3  -1  -3  -1  -4  -4  -4  -2   4   3  -3   2  -1  -3  -1   1  -1  -2   0    3   2   4   2   1   0   0   1   1  29  25   1   5   3   1   5   9   1   1   5  0.47 0.34
  141 M     0  -2  -2   0   3  -2  -2   0  -2   1   0  -2   2   1  -2   0   0  -2   1   0    8   0   0   8   8   0   0   8   0   8   8   0   8   8   0   8   8   0   8   8  0.08 0.11
  142 K    -1   2   1   1  -5   1   2  -2  -1  -5  -4   4  -4  -5  -3   1   0  -5  -3  -3    6  11   6   6   0   7  11   3   2   0   2  27   0   0   1  10   5   0   1   2  0.50 0.34
  143 R    -3   6   0   0  -6   0   0  -2   4  -6  -4   0  -3  -4  -4   2  -2  -3  -1  -4    2  37   4   5   0   4   5   3   8   0   1   4   1   1   1  16   2   0   2   1  0.78 0.48
  144 K    -3  -4  -1  -6   2   3  -5  -6   1  -1  -3  -2  -3   7  -6  -1  -3  -4   4   0    3   1   3   0   5  11   0   0   4   3   2   3   0  39   0   4   2   0  14   7  1.09 0.57
  145 F    -4  -8  -8  -9  -3  -8  -8  -8  -7  -5   2  -8   0   9  -8  -8  -7  -5  -2  -6    2   0   0   0   1   0   0   0   0   0  15   0   2  78   0   0   0   0   1   0  2.75 1.10
  146 T     2  -4  -3  -4   0  -5  -4  -3   2  -6  -4  -4  -6  -5  -6   6   4  -7  -6  -5   13   1   1   1   2   0   1   2   4   0   2   1   0   0   0  48  24   0   0   1  1.27 0.75
  147 N     1  -1  -1   2  -3  -1   2  -3  -2  -5  -4   1  -2  -5   5   0  -1  -6  -4  -2   10   3   3  10   1   3  16   2   1   0   1   9   1   0  28   6   3   0   1   3  0.60 0.41
  148 K     0   2   0   1  -2   1   1  -2   2  -1  -1   1  -1  -2  -3   1   0  -3  -2  -2    8  12   5   8   1   5  11   3   5   4   6   8   1   1   1  10   7   0   1   2  0.16 0.16
  149 E    -6  -6  -6  -1  -8  -4   8  -7  -6  -8  -8  -5  -7  -8  -6  -6  -6  -8  -7  -7    0   0   0   2   0   0  94   0   0   0   0   0   0   0   0   0   0   0   0   0  2.91 1.26
  150 W    -1   1  -3  -5   0  -2  -3  -5   1   0   0  -2  -2   1  -6  -2  -3   9   5   0    5   6   2   0   2   2   1   1   3   6   8   3   1   5   0   3   2  25  20   6  1.04 0.53
  151 E     2   1   1   1  -3   1   3  -2   1  -1  -3   1  -2  -4  -4   0  -1  -3  -1  -3   16   9   7   8   0   6  21   2   3   5   1   8   1   1   0   6   3   0   3   1  0.31 0.27
  152 T     1  -2   0   2   0   2   0  -3   0  -2  -1  -2   1   0  -4   0   0   3   3   0   13   2   5  10   2   9   5   1   2   2   5   2   3   4   0   6   7   4  12   7  0.20 0.21
  153 I    -4  -5  -7  -7  -6  -6  -3  -6  -7   6   4  -5   1   0  -7  -6  -5   0  -2   1    2   1   0   0   0   0   2   1   0  38  38   1   4   4   0   0   0   1   1   7  1.25 0.60
  154 R    -1   3   1  -2  -2   1  -1  -3   0  -1   1   2   3   0  -4  -1  -1  -4  -2  -1    6  19   6   1   1   7   3   2   3   3  14  11   7   5   0   5   4   0   1   4  0.23 0.21
  155 S     2   0   2  -2  -3   1   1   0  -3  -4  -5   0  -2  -4  -3   3   0  -6  -3  -3   19   5   9   1   1   6   9   7   0   1   1   6   1   0   1  25   6   0   1   1  0.44 0.36
  156 F     1  -2  -2  -3  -1   2  -2  -2  -1   1   3  -2   2   0   0  -1  -1  -4  -2   0   13   2   2   1   1  10   2   3   2   6  28   2   4   3   5   5   3   0   1   5  0.21 0.20
  157 K     0  -1   1  -2  -3  -2   0   1  -1  -1  -3   1  -3  -4   5   0   0  -3  -5  -3    8   3   7   2   0   2   5  12   2   3   3  10   0   1  28   6   5   0   0   1  0.51 0.34
  158 D     0  -3   1   4  -1  -2  -1  -1  -2  -3  -4  -1  -2  -3   2   2   2  -5  -4  -2    9   1   7  22   2   2   4   4   1   1   2   4   1   1  10  16  11   0   0   2  0.41 0.29
  159 E    -2  -2  -2   2  -3   1   4  -1   1  -3  -2  -1  -3  -4   3   0  -3  -5  -4  -3    3   1   1  12   1   5  32   5   3   2   4   3   1   1  15   8   1   0   1   2  0.59 0.40
  160 W     1   0   0   2  -2   1   1  -1   1  -3  -1   0  -1   0  -1   0  -1   3  -1  -2   13   5   5  13   1   8   8   4   4   1   6   5   2   4   3   7   4   5   2   2  0.15 0.14
  161 T     0   2  -1   1  -3   2   4  -2  -2  -2  -1   1   1  -4  -3   1  -1  -2  -2  -3    7  10   3   6   1  10  24   2   1   2   6   8   3   1   1   9   4   0   1   1  0.33 0.27
  162 Q    -3   4  -3  -5  -6   7  -3  -4   0  -2  -4   3   0  -6  -3  -3  -5  -3  -4   1    2  18   1   0   0  41   1   2   2   2   2  15   3   0   1   1   0   0   1   8  1.14 0.64
  163 L    -1   0  -2  -2  -2  -1  -1  -4  -2   1   4  -2   2  -2  -1  -2   1   0   1  -1    5   6   2   2   1   3   5   1   1   9  37   2   4   1   4   2   8   1   6   2  0.33 0.25
  164 D     0   2   0   2  -4   2   2  -3   1  -2  -3   1  -3  -2  -1   1   0  -2  -3  -1   10   9   4  12   0  10  15   1   4   2   2   7   0   2   3   9   6   1   1   4  0.26 0.22
  165 M     2   4  -2  -3  -1  -1   0  -1   0  -2   0  -2   3  -1  -5  -3  -1  -4   3  -1   17  22   1   1   2   2   6   4   2   2   8   2   8   2   0   1   4   0  12   4  0.40 0.32
  166 F    -5  -8  -8  -9  -8  -8  -8  -8  -7  -6  -3  -8  -1  10  -9  -8  -4  -5  -3  -5    1   0   0   0   0   0   0   0   0   0   2   0   1  92   0   0   1   0   0   1  3.37 1.28
  167 Y    -7  -3  -5  -8  -1  -4  -7  -8  -1  -4  -1  -7   0   7  -8  -7  -7  -2   8  -4    0   1   1   0   1   1   0   0   1   1   7   0   2  39   0   0   0   1  43   1  2.19 0.94
  168 R    -2   5  -1   3  -4   3   1  -3   2  -4  -3   1  -2  -6  -5  -2  -1   0  -4  -4    4  34   3  15   0  11   8   2   4   1   3   6   1   0   0   2   4   1   0   1  0.76 0.46
  169 N    -3  -4  -2  -6   3  -4  -5  -3   4   3   3  -5   0   1  -6  -4  -4  -2   5  -2    2   1   2   0   7   1   0   2   9  17  31   0   2   6   0   1   1   1  17   2  0.82 0.46
  170 W    -7  -7  -7  -8  -7  -7  -7  -7  -7  -7  -7  -7  -6  -5  -7  -7  -7  13  -4  -7    1   0   0   0   0   0   0   0   0   0   1   0   0   0   0   0   0  94   0   0  5.01 1.48
  171 A     1  -5  -5  -5   5  -5  -5  -4  -6  -5  -5  -5  -5  -6  -5   1   7  -6  -6  -1   12   0   0   0  12   0   0   1   0   0   1   0   0   0   0   9  59   0   0   3  1.60 0.71
  172 L    -1   2  -6  -6   3  -2  -5  -4  -5   0   5  -4   2  -3  -6  -4  -4  -5  -4  -2    4  11   0   0   6   2   0   1   0   4  60   1   4   1   0   1   1   0   1   2  1.08 0.49
  173 K    -5  -2  -5  -3  -7  -4  -4  -6  -5  -7  -7   8  -6  -7  -6  -5  -5  -7  -6  -7    0   2   0   2   0   0   0   0   0   0   1  92   0   0   0   0   0   0   0   0  2.71 0.99
  174 E    -6  -5  -5  -4  -7  -3   8  -5  -5  -7  -7  -4  -6  -7  -6  -5  -6  -7  -6  -7    0   0   0   0   0   0  92   1   0   0   1   0   0   0   0   0   0   0   0   0  2.71 1.04
  175 S     5  -5  -5  -5  -1  -5  -5  -4  -5  -6  -6  -5  -5  -6  -5   5  -4  -6  -6  -5   51   0   0   0   1   0   0   0   0   0   1   0   0   0   0  44   0   0   0   0  1.67 0.75
  176 F    -6  -6  -6  -7  -2  -5  -6  -7  -2  -2  -3  -6  -3   6  -7  -6  -6   0   9  -1    0   0   0   0   1   1   0   0   1   2   3   0   0  27   0   0   0   1  56   5  2.23 0.81
  177 I    -2  -5  -5  -6  -4  -5  -6  -6  -6   6   2  -5  -1  -3  -5  -3   0  -5  -5   4    2   0   1   0   0   0   0   0   0  37  21   0   1   1   0   2   6   0   0  27  1.11 0.47
  178 K    -5  -3  -5  -5  -7  -4  -4  -6  -5  -7  -6   8  -6  -7  -6  -5  -5  -7  -6  -6    0   0   0   0   0   0   0   0   0   0   1  94   0   0   0   0   0   0   0   0  2.80 0.97
  179 A     7  -5  -3  -6   3  -1  -4  -2  -6  -5  -5  -4  -3  -3  -5  -3  -2  -3  -3  -4   76   0   2   0   6   3   1   2   0   0   1   1   1   1   0   1   3   0   1   1  1.64 0.69
  180 I    -3   2  -4  -2   1  -3  -2  -5  -1   4   1  -1   1  -3  -5  -2   3  -2  -3   1    1  12   0   2   3   1   2   0   2  24  14   3   3   0   0   1  19   0   1  10  0.47 0.30
  181 G    -4  -8  -6  -7  -8  -7  -5   8  -8 -10  -9  -7  -8  -9  -8  -4  -7  -8  -9  -9    1   0   0   0   0   0   1  97   0   0   0   0   0   0   0   1   0   0   0   0  2.91 1.00
  182 V    -1   0  -2   1  -2   1   1  -2  -1   0   0   2   2  -2  -4  -1   0  -4  -2   1    5   5   0   8   1   5   9   2   1   6  10  17   6   1   0   4   7   0   1  13  0.16 0.16
  183 G    -5  -8  -6  -7  -8  -7  -8   8  -8 -10  -9  -7  -8  -9  -8  -3  -7  -8  -9  -9    0   0   0   0   0   0   0  98   0   0   0   0   0   0   0   2   0   0   0   0  2.98 1.02
  184 L    -5  -6  -7  -7  -5  -6  -6  -7  -6   3   6  -6   3   0  -6  -6  -3  -5  -5   0    0   0   0   0   0   0   0   0   0  17  66   0   6   3   0   0   1   0   0   5  1.47 0.58
  185 G     1  -1  -2  -4  -3  -2  -3   3   0  -4  -3  -2  -2  -3  -3   4   0  -5   0  -2   12   3   2   0   0   2   1  22   2   1   2   1   1   1   1  37   6   0   3   3  0.63 0.38
  186 F    -2   0  -3  -2  -2  -1  -3  -2   0   3   2  -3   2   5  -5  -2  -1  -2   1   0    2   5   1   2   1   3   1   3   3  15  17   1   5  24   0   3   3   0   5   5  0.39 0.23
  187 E    -2  -4   0   3  -4   0   1   1   2  -7  -7  -1  -6  -7   6   0  -3  -7  -6  -4    3   0   4  15   0   3   9  12   4   0   0   4   0   0  37   7   1   0   0   1  0.97 0.47
  188 L    -5  -7  -8  -8  -6  -7  -7  -8  -7  -1   6  -7   3   2  -2  -6  -3  -6  -5  -3    0   0   0   0   0   0   0   0   0   3  77   0   6   8   2   0   2   0   0   1  1.73 0.69
  189 Q    -2   1   3   5  -4   3   1  -3   2  -6  -4   2  -5  -6  -5   1  -2  -6  -4  -6    2   7  12  28   0  15   6   1   4   0   1  11   0   0   0   9   2   0   0   0  0.74 0.40
  190 R    -1   5  -1  -1  -4   2  -1  -3  -1  -6  -5   2  -2  -6  -5   4  -1  -6  -5  -5    4  27   3   3   0  10   2   2   1   0   1  12   1   0   0  29   4   0   0   0  0.79 0.44
  191 L    -2  -6  -6  -4   2  -3  -6  -6  -2   3   2  -6  -2   7  -5  -5  -4  -4  -1   2    3   0   0   1   4   1   0   0   1  16  17   0   0  42   0   0   0   0   1  11  1.16 0.48
  192 E    -1  -3   2   2  -3  -1   5  -4  -1  -5  -5  -3  -5  -4  -4   3   0  -2  -2  -4    6   1   8   9   1   2  37   1   1   0   1   0   0   1   0  25   4   1   1   1  0.82 0.46
  193 F    -5  -7  -7  -7  -1  -7  -7  -7  -6   3  -2  -7   0   8  -7  -6  -4  -4  -1   3    1   0   0   0   1   0   0   0   0  15   2   0   2  54   0   0   1   0   1  22  1.77 0.66
  194 D    -1   2   0   3  -3   1   1  -3   5  -3  -3   0  -2  -3  -2   2   0  -5  -2  -3    5   9   5  18   1   5   7   1  14   1   2   5   1   1   2  15   7   0   1   2  0.39 0.25
  195 L    -2  -2  -3  -4   0  -3  -3  -4   2   3   3  -2   0   2  -3  -3  -1  -4  -1   3    2   2   1   1   2   1   2   1   5  17  30   3   2   8   1   1   3   0   2  18  0.46 0.24
  196 S    -1  -1   2   2  -2   0   0   0  -1  -2  -1   0  -1  -2  -1   2   1  -2  -3  -2    5   3   9  12   1   3   5   8   1   1   7   5   2   2   3  19  11   0   1   3  0.17 0.14
  197 P    -1  -2   1   0  -2   0   1   0  -1  -3  -3  -1  -2  -3   5   1   0  -4  -3  -3    5   2   8   5   1   4   8   7   1   1   3   3   1   1  30  13   4   0   1   1  0.54 0.26
  198 L    -1   0   0   1  -1   0   2   1  -1  -1   0   0   0  -2   0   0   0  -1  -1  -1    4   6   4   9   1   4  13  11   1   5  13   4   2   1   5   5   6   1   2   3  0.07 0.05
  199 N     0   1   2   1  -1   1   1   0   2  -1  -1   0  -1  -1   0   0   0  -2  -1  -1    6   9  10   7   1   6  10   7   7   3   5   6   1   2   4   4   6   0   2   3  0.10 0.06
  200 L     0  -1   0  -1  -2   0   0  -1   2   1   1   0   1   0   1   0   0   0   0   0    6   3   4   3   1   5   5   5   6  11  14   5   5   4   6   8   3   1   3   5  0.03 0.04
  201 D     0   0   0   2   0   1   1  -1   0  -1  -1   0  -2  -1   1   0   0  -2  -1  -1    8   5   3  16   2   6  10   3   2   4   5   4   1   3   8   7   4   0   2   5  0.12 0.07
  202 I     0   0  -1   0  -2   0   0  -1  -1   2   0   0   0   0   1   0   0  -1  -1   1    8   5   3   5   1   4   6   5   1  16   8   4   2   5   6   7   5   1   2   8  0.03 0.03
  203 G     0  -1   0   0  -1  -1  -1   4  -1   0   0   0  -1   0   0  -1  -1   1  -1  -1    6   3   3   6   1   2   4  29   1   6   8   5   2   3   4   5   3   2   2   3  0.18 0.10
  204 Q     0   2   0   0   1   3   2  -1   0  -2  -1   1  -1  -1  -1   0  -1  -3  -2  -2    8  10   4   5   3  15  11   4   2   2   6   9   1   3   3   7   3   0   1   3  0.16 0.11
  205 V     0  -1  -1  -1   0  -1  -1  -1  -2   1   0  -1   0   1   2   0   0  -2  -1   2    8   4   3   2   2   2   3   4   1   8   9   4   2   6  11   6   6   1   2  17  0.09 0.07
  206 Y     0  -2  -1  -1  -1   0  -1  -2   2   0   0  -1  -2   0  -1   0   1   4   3   0    8   2   3   2   1   4   4   3   6   5   9   3   1   2   4   9  10   6  13   6  0.16 0.12
  207 K    -1   1   1   1  -1   0   0  -1   0  -1  -1   2  -2  -1  -1   0   1  -3  -2  -2    5   9   6   9   2   4   6   5   2   4   5  16   0   3   3   6  11   0   1   2  0.12 0.10
  208 E    -1  -1   2   3  -3   1   3  -1  -1  -2   0   0  -2  -2  -1   1   0  -2  -2  -2    3   2   9  14   0   6  18   5   1   2   9   6   1   1   3   9   5   1   1   2  0.22 0.16
  209 T     1  -2  -1  -2  -3  -1  -1  -2  -2   3   0  -2  -1  -1   0   0   4   0  -2   0   11   1   3   3   0   2   3   3   1  15   8   2   1   2   4   6  25   1   1   6  0.28 0.19
  210 R     0   2   0  -1   1   1   0  -2  -1  -1  -2   2  -2  -2  -1   1   2  -1  -2  -1    5  12   4   2   4   5   7   3   1   4   4  12   1   1   2  14  13   1   1   5  0.15 0.12
  211 L    -1  -2  -3  -2   0  -2  -2  -2  -3   2   3  -2   3  -1  -2  -2   0   1   0   2    5   2   1   2   2   2   2   3   1  13  29   2   7   2   2   2   4   2   4  13  0.30 0.15
  212 F     0   1   0  -1   0   0   0  -1   0   0   0   0   0   1   0   0   0   0   1   0    9   9   4   4   2   2   4   3   2   7  10   6   2   9   3   5   4   1   7   6  0.02 0.03
  213 L    -1  -2  -1  -1   0  -2  -1  -1   0   2   2  -2   0   1  -1  -1  -1   1   0   2    3   2   3   3   2   2   5   6   2  14  21   3   1   5   3   5   3   2   2  15  0.11 0.09
  214 D    -1  -1   1   6  -2   0   1  -2   0  -3  -3  -1  -2  -3  -1  -1  -2  -4  -1  -3    4   3   7  42   1   5   7   4   2   2   3   4   1   1   3   5   3   0   3   2  0.69 0.32
  215 G     0  -2   1   1  -2  -3   0   4  -3  -3  -3  -1  -2  -3   1   0  -1  -3  -1  -2    6   2   7   7   1   1   6  36   0   2   3   4   1   1   8   8   3   0   2   3  0.45 0.24
  216 E    -1   0   1   1  -1   1   2  -1   2  -1  -1   1   0   0   0   0  -1  -3   0  -1    5   4   7   9   1   7  15   4   5   3   5   8   2   4   3   5   4   0   3   4  0.11 0.11
  217 E     0   0   0   0  -2   0   2  -2   1  -1  -1   1  -1  -1   1   0   0  -3  -2  -1    9   5   5   6   1   3  15   3   3   5   7   8   1   3   7   7   7   0   1   4  0.10 0.11
  218 E     0  -1   0   1  -1   1   1  -2   1  -2  -1  -1   0  -2   2   1   0  -4  -1  -1   10   3   5   7   1   8   9   2   4   2   6   4   3   1  12   9   5   0   3   4  0.14 0.15
  219 K    -1   0   1   1  -1   1   2  -1   0  -3  -3   1  -1  -3   2   1   1  -4  -1  -3    5   4   7   9   1   5  13   3   2   2   2  10   2   1  10  13   9   0   2   1  0.24 0.22
  220 E    -1   1   3   3  -2   1   2   0   1  -2  -3   0  -2  -4   0   0   0  -1  -1  -3    4   7  14  14   1   6  13   6   3   3   2   6   1   0   5   5   4   1   3   1  0.25 0.22
  221 W    -3  -6  -2  -6   3  -6  -3  -6   0  -2  -3  -6  -5   1  -6  -6  -2  11   3  -1    3   0   2   0   6   0   2   0   2   2   3   0   0   5   0   0   2  56   8   5  2.47 0.94
  222 A    -1   1  -1  -2   0   2  -1  -3   4  -1  -2   0   0   2  -4   1   0   0   3  -1    5   8   2   2   2  10   2   2  11   3   3   7   3   8   0  11   5   1  11   4  0.24 0.22
  223 F    -3  -5  -2  -6   2  -5  -6  -6   0   1   2  -5   1   7  -6  -2  -2  -4   0  -1    2   0   2   0   5   0   0   0   2   9  17   0   4  45   0   3   2   0   3   4  1.12 0.53
  224 E    -1   1  -3  -2   1   2   1  -3   2  -2  -2   2   0   1  -4  -1   0   3   2  -1    5   9   0   2   4  10  10   2   5   2   3  15   2   6   0   3   5   4   8   5  0.24 0.21
  225 E    -1  -1   0   0  -2   3   2  -2   1  -1   1  -1   0  -2  -1   1   0  -4  -1  -2    3   3   4   6   1  13  15   2   3   4  16   4   3   1   2   9   7   0   2   2  0.17 0.20
  226 S    -3  -1  -3  -3   0  -2  -2  -1   0   0   2  -4  -1   4  -3  -1  -1   3   4  -1    2   4   1   2   2   2   2   5   2   5  22   0   1  18   1   4   4   4  14   3  0.44 0.31
  227 K    -1   1   0   1  -1   1   2  -2   1  -1  -1   1   0  -1   1   0   0  -4   0  -1    4   9   4   9   1   6  12   1   4   5   5   8   3   3   6   6   7   0   3   4  0.11 0.12
  228 I    -2  -3  -4  -6  -2  -5  -6  -6  -3   3   4  -5  -1  -1   4  -3  -3  -5   0   1    4   2   1   0   1   0   0   0   1  18  34   0   1   2  21   2   1   0   3   7  0.82 0.50
  229 D     0  -2   0   5  -3  -1   1   2   0  -4  -4  -3  -3  -2   1   0  -2  -2  -3  -3    7   2   4  37   1   2   7  13   2   1   2   1   1   2   7   6   2   1   1   2  0.63 0.42
  230 E    -1  -1   2   2  -2   0   3  -1   0  -3  -3   0  -4  -3   3   0  -1  -5  -1  -2    5   2   8  13   1   4  18   4   3   2   2   5   0   1  17   6   3   0   2   2  0.39 0.31
  231 H    -1   1   4   3  -3   0   0   3   2  -4  -3  -1  -2  -2  -3  -1  -1  -6  -2  -4    4   7  20  14   1   4   6  20   4   1   3   3   1   2   1   4   3   0   1   1  0.44 0.33
  232 H    -5  -6  -6  -7   0  -4  -4  -7   8  -4  -5  -4  -3   3  -7  -4  -2  -1   8  -3    1   0   0   0   2   1   1   0  31   1   1   1   1   9   0   1   2   1  44   2  2.15 1.00
  233 F     0   0  -3  -4   4  -1  -3  -3   2   2   0   2   1   0  -2  -1  -2   2   0   1    8   6   1   0   9   3   1   1   5  11   7  17   3   4   2   5   2   3   3   9  0.24 0.23
  234 V     3  -5  -5  -5  -1  -4  -5   1  -5   1   2  -3   3   1  -5  -2  -3  -1  -1   3   24   0   0   0   1   0   0  11   0   7  17   1   6   5   0   3   1   1   2  19  0.46 0.33
  235 A     6  -6  -2  -6   1  -5  -5  -3  -6  -6  -6  -5  -6  -7  -5   4   0  -7  -6  -3   61   0   2   0   3   0   0   1   0   0   0   0   0   0   0  24   5   0   0   2  1.52 0.82
  236 V    -2  -6  -6  -6   2  -6  -6  -6  -6   3   2  -6   0  -2  -3  -4  -1  -6  -3   6    4   0   0   0   4   0   0   0   0  16  17   0   2   1   2   1   3   0   1  50  1.15 0.58
  237 A     5  -2  -6  -6   8  -6  -6  -2  -6  -5  -5  -5  -2  -6  -6  -1   0  -6  -6   0   44   2   0   0  33   0   0   3   0   0   0   0   1   0   0   4   5   0   0   5  1.66 0.76
  238 L     1   0  -4  -4   0  -3  -4  -3  -3   1   2  -2  -1   0  -4   1   1   0   1   3   11   6   0   0   2   1   0   1   1   7  18   2   1   4   0  10   7   1   4  24  0.28 0.23
  239 R     0   3   1  -1  -3   2   2   2   2  -3  -3   1   0  -3  -3  -1  -1  -4  -3  -3    6  16   6   3   1   9  15  14   5   1   2   9   2   1   1   5   3   0   1   2  0.32 0.25
  240 K     0   0   1   0  -3   1   0   2   3  -3  -3   2  -3  -2   0   0  -1  -4  -3  -1    6   6   5   5   0   7   4  19   8   1   2  13   0   2   4   7   4   0   1   4  0.23 0.20
  241 P     0  -1   1   0   0   0   0  -1  -3  -2  -3   0  -4  -5   6   1  -3  -6  -5  -2    6   4   6   5   2   5   6   4   1   3   3   6   0   0  34  11   1   0   0   3  0.63 0.39
  242 D    -2  -2   1   3  -1  -1   2  -1   1   0  -2  -1  -1   1   0   1   0  -4  -2  -2    1   2   7  20   1   1  12   5   4   7   4   3   1   8   6  10   5   0   1   1  0.24 0.22
  243 Q     0  -1   1   0   3   2  -1   0   0  -2  -3  -1  -3  -2   5   0  -2  -5  -2  -3    9   3   7   6   6   9   3   7   2   2   3   3   0   2  26   6   2   0   1   1  0.43 0.31
  244 R     0   1   0   0  -4   1   3  -2  -1  -1  -2   1   1  -2   2   0   0  -1  -3  -2    8   9   4   4   0   7  19   3   2   3   4   7   3   1  10   7   5   1   0   2  0.22 0.20
  245 Q    -1   1   1   0  -2   4   2  -2   0  -3  -4   1  -1  -3   1   1   1  -5  -1  -2    5   7   8   4   1  19  13   2   2   1   1   7   1   1   6  10   7   0   2   3  0.32 0.27
  246 F    -4  -4  -3  -4   0  -2  -4  -5  -3   4   1  -5  -1   6  -4  -5  -3  -4   0   1    1   1   2   1   2   2   1   1   1  27  13   0   1  33   1   0   1   0   2  11  1.00 0.49
  247 T     0   1   1  -1  -2   1   2  -3   0   1  -3   1  -3  -3  -4   1   3   0  -4  -1    6   8   6   2   1   7  13   1   2   8   1   7   0   1   0  11  22   2   0   3  0.31 0.29
  248 I    -2  -2  -2  -2   0   1   0  -4  -3   3   1  -1   3   1  -3  -2  -1  -1   1   1    2   1   2   2   2   8   8   1   0  22  13   5   9   6   1   3   3   1   5   8  0.27 0.23
  249 L    -3  -1  -3   0  -1  -2  -3  -5  -2   3   3   0   0   0  -5  -3  -2  -1  -2   2    1   4   1   5   1   2   1   1   1  17  32   7   2   3   0   2   1   1   1  17  0.44 0.31
  250 N    -1  -1   2   2   3  -1   0  -3   1  -4  -3  -1  -3  -4  -2   3   3  -6  -5  -3    3   3  11  14   5   3   5   1   4   1   2   3   0   0   1  20  21   0   0   1  0.49 0.38
  251 F    -3  -4  -4  -6   0   0  -3  -5  -5   1   1  -6   1   7  -4  -4  -3   5   2   0    3   1   1   0   2   5   2   0   0   8  10   0   3  41   1   1   2   7   6   8  1.02 0.54
  252 N    -1  -1   2   3   0   3   3  -2   0  -4  -4   0  -2   0  -2   0  -1  -5   0  -3    3   3   9  16   2  15  17   3   2   0   1   6   1   4   2   7   3   0   4   2  0.37 0.30
  253 D    -3   0  -1   4  -3   1   4  -3  -1  -3  -2  -1  -3  -1  -2   0   0  -6  -5  -4    1   6   3  27   1   5  29   1   1   1   5   4   1   3   2   6   5   0   0   1  0.64 0.43
  254 L    -3  -6  -6  -7  -5  -6  -4  -7  -2   2   6  -6   1  -1  -6  -4   0  -5  -3   1    2   0   0   0   0   0   1   0   1  11  64   0   2   3   0   1   5   0   1   8  1.20 0.60
  255 M    -2  -5  -5  -4   4  -5  -5  -6  -5   4   3  -4   2  -2  -3  -4  -1  -1   1   2    2   0   0   1   8   0   0   0   0  22  32   1   4   1   1   0   4   1   5  15  0.70 0.39
  256 S     2  -2   2   1  -2   1   1   0  -2   0  -3  -1  -3  -4  -2   2   0  -5  -2  -2   18   1  12   7   1   5  10   5   1   7   1   3   0   0   1  19   6   0   1   1  0.30 0.27
  257 S     0  -1   2   1  -3  -2   0   0   1  -3   0   0  -3  -4   0   3   0  -4  -3  -3    7   3  11   9   0   0   5   8   3   1  12   6   0   0   4  26   6   0   0   0  0.24 0.24
  258 A     4  -4  -4  -3   1  -2  -3  -1  -1  -1   1  -3   1   0  -2   0   0  -4   1   1   38   0   0   1   3   1   0   5   2   3  13   0   4   3   2   8   4   0   5   8  0.36 0.30
  259 V     1  -2  -3  -2  -1   0   0  -2   3   2   0   0  -1  -1  -3   0   0  -4  -2   3   11   1   0   1   1   5   5   2   9  11   9   6   0   2   0   8   7   0   0  22  0.18 0.20
  260 P    -2  -1  -4   2  -5  -4  -2  -5  -5   1  -5  -3  -4  -6   7  -2   0  -6  -5   1    2   3   0  10   0   0   2   0   0   8   0   1   0   0  55   3   5   0   0  11  1.33 0.57
  261 M    -2  -1  -4  -5  -3  -1  -3  -5  -4   2   4  -4   4   1  -5  -1  -2   2  -3   1    2   3   0   0   0   3   1   0   0  11  45   0  11   5   0   6   1   3   0   9  0.59 0.32
  262 T     0  -1   3  -2  -3   2   1  -2   0  -2   0  -1  -2  -1  -3   0   4  -4  -3  -1    9   1  15   0   0   9   7   2   2   0   9   3   0   2   0   6  31   0   0   2  0.32 0.26
  263 P    -1  -4  -3   0  -5  -1   3  -2  -1  -5  -4  -3  -1  -6   7  -1  -3  -6  -5  -3    3   0   0   5   0   2  25   3   2   0   0   0   2   0  51   5   0   0   0   1  1.27 0.45
  264 E    -2  -3  -3   0  -4   0   5  -4  -3   2   0  -2  -2  -3   1  -1  -1  -4  -3   1    0   0   0   3   0   4  45   0   0  15   7   0   0   0   7   2   3   0   0  13  0.54 0.30
  265 D    -1  -4  -1   7  -5  -2   3  -4  -3  -5  -6  -3  -5  -6  -4  -1  -3  -6  -5  -5    6   0   0  77   0   0  15   0   0   0   0   0   0   0   0   2   0   0   0   0  1.59 0.47
  266 P    -2  -4  -3  -3  -4  -3  -2  -4  -4  -4  -4  -2  -4  -5   8  -2  -2  -5  -4  -4    0   0   0   0   0   0   0   0   0   0   0   0   0   0 100   0   0   0   0   0  2.56 0.27

                      K         Lambda
Standard Ungapped    0.1372     0.3215
Standard Gapped      0.0462     0.2670
PSI Ungapped         0.1502     0.3135
PSI Gapped           0.0462     0.2670
