
Last position-specific scoring matrix computed, weighted observed percentages rounded down, information per position, and relative weight of gapless real matches to pseudocounts
           A  R  N  D  C  Q  E  G  H  I  L  K  M  F  P  S  T  W  Y  V   A   R   N   D   C   Q   E   G   H   I   L   K   M   F   P   S   T   W   Y   V
    1 Q   -3  2 -2 -2 -5  5  3 -4 -2 -5 -4  4 -3 -5 -3 -2 -3 -4 -3 -4    0  12   0   0   0  37  19   0   0   0   0  32   0   0   0   0   0   0   0   0  1.00 0.32
    2 R   -1  4 -1 -2 -4  3  0 -3  0 -1 -3  3 -2 -4 -2 -2  1 -4 -3  0    2  27   2   1   0  18   5   1   2   5   1  17   0   0   1   0  12   0   0   7  0.47 0.24
    3 D   -2  0  3  5 -4 -2 -1 -1  2 -4 -4 -1 -4 -3 -3  2  1  0 -2 -4    2   5  17  36   0   0   1   4   7   0   1   2   0   1   0  15   7   1   1   0  0.62 0.28
    4 L   -3 -4 -6 -6 -3 -4 -5 -6 -5  3  5 -5  0 -1 -1 -4 -3 -4 -3  3    1   1   0   0   0   0   0   0   0  16  59   0   1   1   3   0   0   0   0  19  0.98 0.39
    5 V    0 -1 -3 -4  0  1 -3 -4 -1  2  1 -1  2 -1 -4 -2 -1 -1 -2  4    7   2   0   0   2   9   0   0   2  11  13   3   5   1   0   2   4   1   1  37  0.36 0.23
    6 E   -1  0  0  2 -4  3  4 -1  0 -4 -2  2 -3 -5 -2  0 -1 -5 -4 -3    5   4   2  13   0  13  33   3   2   0   3  10   0   0   1   6   3   0   0   0  0.52 0.27
    7 A    3  0 -2 -2 -1  1  0 -2  1  0 -1 -1 -1 -3 -3  1  2 -4 -1  0   30   4   0   1   1   7   6   2   4   6   4   2   1   0   0   7  18   0   1   6  0.24 0.20
    8 V   -1 -5 -4 -6 -4 -5 -5 -6 -6  3  0 -5  0 -2 -5 -4 -1 -5 -2  6    4   0   1   0   0   0   0   0   0  18   5   0   1   1   0   0   3   0   1  66  1.21 0.47
    9 A    6 -2 -4 -4  0 -3 -3 -1 -4 -3 -1 -2  1 -4 -4  0 -1 -5 -4 -1   68   2   0   0   1   0   1   4   0   1   5   1   4   0   0   6   4   0   0   4  0.92 0.44
   10 H    0  1  4  0 -4  1  1 -1  4 -4 -3  2 -3 -4 -2  1  0 -4 -2 -3    7   7  22   3   0   6   8   3  11   0   2  15   0   0   1   9   4   0   0   2  0.40 0.23
   11 I   -2 -5 -5 -5 -3 -3 -3 -4 -3  5  1 -5 -1 -1 -5 -3 -1 -5 -3  4    3   0   0   0   0   1   2   1   1  46   8   0   0   2   0   1   2   0   0  33  0.97 0.40
   12 L   -2 -4 -5 -4 -4 -3 -5 -5 -5  0  5 -4  5  2 -4 -3 -3 -4 -3 -1    2   0   0   1   0   1   0   0   0   2  64   0  17   7   1   1   1   0   0   2  1.10 0.44
   13 G   -3  0  0 -2 -3 -2 -4  6  0 -6 -6  0 -5 -4 -3 -1 -4 -1 -5 -6    0   6   3   2   1   1   0  73   2   0   0   7   0   1   1   3   0   1   0   0  1.39 0.48
   14 I   -3 -3 -4 -5 -3 -4 -4 -5  2  5  2 -4  2  1 -3 -3 -2 -1  1  2    1   1   0   0   0   0   0   0   5  36  22   0   5   6   1   1   1   1   5  13  0.62 0.27
   15 R    0  3  0  1 -4  0  1 -1  0 -4 -3  3 -3 -4  1  1  0 -4 -3 -3    6  20   4   8   0   2   7   3   3   0   1  22   0   0   6  10   6   0   0   0  0.37 0.19
   16 D   -1 -2  2  6 -4 -2  0 -2 -1 -4 -4 -2 -4 -4 -2  0 -1 -4 -4 -4    5   2   9  59   0   1   3   3   1   1   1   2   0   1   1   6   3   0   0   1  1.11 0.37
   17 L    0 -2 -2 -3 -3 -2 -2 -2 -3  2  2 -2  1 -2  4 -1  0 -4 -1  1   10   2   1   1   0   1   1   2   0  12  20   2   4   1  21   4   5   0   2  12  0.34 0.18
   18 A    1 -1  2  2 -3  0  1 -1 -1 -4 -4  2 -3 -4 -3  3 -1 -4 -3 -3   15   2   9  10   0   3  11   4   1   0   1  16   0   0   0  24   2   0   0   1  0.38 0.22
   19 A    1  1  0  0 -2  1  1 -2 -1 -2 -2  1  0 -4 -3  2  2 -4 -3 -1   13   9   3   5   0   7  12   2   1   2   2   7   3   0   0  18  13   0   0   3  0.23 0.16
   20 V   -2 -3 -5 -5 -3 -4 -3 -5 -5  5  2 -4  0 -1 -3 -4 -3 -4 -2  4    2   1   0   0   0   0   1   0   0  36  17   0   2   1   1   0   0   0   1  37  0.91 0.32
   21 N    0 -1  4  3 -2  0  1  0 -1 -4 -4  0 -2 -5  1  2 -1 -5 -4 -4    6   1  23  20   1   4   9   6   1   0   1   4   1   0   7  15   3   0   0   0  0.47 0.22
   22 L   -1 -1 -2  1 -4  2 -1 -2  1  0  1 -2  0 -3  5 -2 -1 -2 -1 -1    6   2   1   8   0  11   3   2   4   7  13   1   3   1  30   2   2   1   2   3  0.46 0.20
   23 D   -1 -1  3  4 -4  1  2  0  3 -4 -4 -1 -2 -5 -3  0  1 -5 -2 -3    5   3  15  29   0   8  11   5   8   0   1   1   1   0   0   4   8   0   1   1  0.55 0.23
   24 S    1  1 -1  0 -3  2 -1 -3 -1  0 -1  0  0 -1 -3  1  2 -4 -2  0   12  10   2   6   0  10   2   0   1   7   5   3   2   3   0  12  20   0   0   6  0.18 0.14
   25 S    0 -1  2 -1 -2 -1 -1  0  0 -3 -4 -2 -3 -5  4  3  2 -5 -3 -3    4   2   8   2   0   1   2   6   2   1   0   1   1   0  21  30  16   0   1   1  0.59 0.27
   26 L   -5 -5 -6 -7 -4 -5 -6 -7 -5  0  5 -6  1  5 -6 -5 -4 -4 -2 -2    0   0   0   0   0   0   0   0   0   4  72   0   2  23   0   0   0   0   0   0  1.49 0.45
   27 A    3 -1  0 -1 -3 -1 -2  0 -1 -1 -1 -1  0  0 -2  1  0 -3  0  0   37   2   4   2   0   2   1   7   2   3   4   2   2   5   1   9   6   0   2   8  0.22 0.16
   28 D   -1 -2  0  6 -6  1  4 -3 -3 -5 -6 -1 -5 -6 -4 -1 -2 -6 -5 -4    4   2   2  44   0   5  32   1   0   0   0   2   0   0   0   4   2   0   0   1  1.11 0.38
   29 L   -2 -3 -4 -4  0 -2 -3 -4 -1  1  5 -3  3  0 -4 -2 -2 -2 -1  0    2   0   0   0   1   1   0   0   2   3  76   0   9   2   0   1   0   0   1   2  0.65 0.16
   30 G   -1 -3 -2 -2 -4 -3  0  7 -3 -5 -5 -3 -4 -5 -3 -2 -3 -4 -4 -5    0   0   0   0   0   0   7  93   0   0   0   0   0   0   0   0   0   0   0   0  1.51 0.24
   31 L   -1 -3 -4 -4 -2 -2 -3 -4 -3  2  4 -3  5  1 -3 -2 -1 -2 -1  1    4   0   0   0   0   0   0   0   0   9  51   0  25   4   0   0   3   0   0   5  0.52 0.13
   32 D   -3 -3  2  7 -5 -1  1 -2 -2 -4 -5 -2 -4 -5 -3 -1 -2 -5 -4 -4    0   0   7  86   0   0   7   0   0   0   0   0   0   0   0   0   0   0   0   0  1.39 0.23
   33 A    1 -2 -1 -2 -2 -1 -1 -2 -2 -3 -3 -1 -2 -4 -2  5  3 -4 -3 -2   11   0   0   0   0   0   0   0   0   0   0   0   0   0   0  68  20   0   0   0  0.77 0.23
   34 L   -2 -3 -4 -4 -2 -3 -4 -4 -3  2  4 -3  3  2 -4 -3 -2 -2 -1  2    0   0   0   0   0   0   0   0   0   8  53   0  14  12   0   0   0   0   0  13  0.56 0.15
   35 M    0 -2  1  1  3  1 -1  0 -2  0  0  0  2 -2 -2  0  1 -3 -2  0    8   0   8   8   8   8   0   8   0   8   8   8   8   0   0   8   8   0   0   8  0.09 0.12
   36 S    3 -3 -2 -2 -3 -2 -2  2 -1 -1  0 -3  1 -2 -3  1  0 -4 -1  0   35   0   1   1   0   0   1  20   1   2   8   0   6   1   0  10   5   0   2   6  0.34 0.24
   37 V   -1 -4 -1 -4 -3 -2 -1 -4 -4  2  1 -3  4  0 -2 -2  0 -4 -3  4    3   0   3   0   0   1   4   0   0  11   8   0  15   4   1   2   7   0   0  42  0.53 0.31
   38 E   -3  1  0  0 -6  0  7 -5 -3 -6 -5 -1 -5 -6 -4 -2 -2 -6 -5 -3    1   8   4   3   0   2  75   0   0   0   0   2   0   0   0   2   2   0   0   1  1.43 0.58
   39 V   -1 -4 -5 -5 -3 -4 -5 -5 -5  4  3 -4  3  1 -5 -4 -3 -4 -3  3    5   0   0   0   0   0   0   0   0  34  34   0   6   4   0   0   0   0   0  17  0.79 0.34
   40 R   -1  5 -2 -3 -4  1 -1 -4 -1 -1 -2  4  1 -4 -4 -1 -2 -5 -3 -1    5  37   0   0   0   6   1   0   1   5   3  30   4   0   0   3   1   0   0   4  0.71 0.36
   41 Q   -1  0  4  1 -3  3  0 -1  2 -3 -2  0  0 -1 -3  1  0 -3 -1 -2    6   4  24   6   0  17   3   3   5   0   4   3   3   2   0   9   5   0   2   3  0.32 0.24
   42 T    0  2  0 -1 -2  0  0  0  1  0  0  1  0 -1 -2  0  1 -3 -2 -1   10  13   2   3   0   3   7   7   4   5   9   8   4   2   0   6  12   0   0   4  0.08 0.09
   43 L   -1 -4 -4 -4 -3 -3 -4 -4 -4  3  4 -4  3  1 -4 -3 -3 -3  1  1    5   0   0   0   0   0   1   1   0  20  42   0   7   6   0   1   0   0   5  10  0.64 0.32
   44 E   -1  1  0  0 -4  3  5 -2  0 -4 -3  1 -3 -4 -3  0  0 -4 -3 -4    4   8   4   3   0  13  45   3   1   0   2   5   0   0   0   4   4   0   0   0  0.70 0.39
   45 R    1  4 -1 -1 -3  2  0 -2  0 -3 -2  2 -1 -2 -3  0  0 -4 -1 -2   13  32   2   2   0   9   6   2   2   0   2  10   1   1   0   5   7   0   2   2  0.40 0.26
   46 E    1  0  1  3 -1  0  3 -2  0 -3 -3  0 -3 -4 -3  0 -1 -4 -3 -1   11   5   6  22   1   3  27   2   2   0   2   5   0   0   0   5   3   0   0   5  0.41 0.26
   47 L   -1 -2 -4 -4  0 -3 -4 -4  1 -1  2 -4 -1  6 -4 -2  0  2  3 -2    5   2   0   0   3   0   0   1   4   2  24   0   0  35   0   2   7   3  10   0  0.69 0.36
   48 N   -1 -2  1  4  0  1  0  4  0 -4 -4 -1 -4 -4 -3  0 -2 -4 -4 -4    3   2   5  27   2   7   5  34   2   0   1   4   0   0   0   5   2   0   0   0  0.64 0.33
   49 L   -1 -1 -3 -3  1 -2 -3 -4 -4  4  3 -2  0  0 -3 -2  0 -3 -2  3    3   3   1   2   3   1   1   1   0  24  29   1   1   3   0   1   4   0   1  20  0.42 0.25
   50 V    0  1 -1  0 -3  0  1 -2 -2  0 -1  0  0  0  2  1  1 -3 -1  1    6   8   2   4   0   3  11   1   0   4   3   5   3   6  11  10  10   0   2  12  0.12 0.12
   51 L   -3 -4 -4 -2 -3 -4 -4 -5 -4  2  5 -4  3  0 -2 -4 -3 -4 -3  1    1   0   0   3   0   0   0   1   0  11  62   0   6   3   2   1   0   0   0   9  0.90 0.42
   52 S   -1 -3 -2 -1 -3  0 -1 -2 -3 -3 -2 -2 -2 -4  5  3  2 -4  0 -2    3   0   1   3   0   5   2   2   0   1   3   1   1   0  30  28  13   0   3   2  0.70 0.39
   53 V    2 -3 -2 -2 -2 -1 -1 -1 -3  1  1 -2  3 -2  2 -1  0  1 -2  1   23   0   1   2   0   2   3   3   0   8  14   0  11   1  10   4   5   2   0  10  0.22 0.20
   54 R    1  3  0 -1 -3  3  1 -2 -1 -3 -3  1  0 -4 -1  1  1 -4 -2 -1   10  19   5   3   0  17   8   2   1   0   2   6   2   0   2  11   7   0   1   4  0.30 0.23
   55 E   -1 -1  0  3 -4  1  4 -2 -2 -3 -2  1 -3 -3 -3  0 -1 -4 -3 -1    4   1   2  19   0   6  37   1   0   0   5   9   0   1   0   7   3   0   0   4  0.54 0.33
   56 V   -2 -4 -5 -5 -3 -4 -4 -5 -4  6  3 -4  2 -1 -4 -3 -2 -4 -1  2    2   0   0   0   0   0   0   0   0  50  25   0   5   1   0   1   1   0   1  10  0.92 0.42
   57 R   -1  5 -1 -1 -1  1  0  2  0 -4 -3  0  0 -1 -2  0 -2 -3 -1 -3    3  41   1   2   2   7   7  14   2   0   1   3   3   3   2   5   0   0   2   0  0.52 0.31
   58 Q    0 -2  2  0 -4  4  1  1  1 -3 -3 -1 -2 -4 -3  1  3 -4 -3 -3    5   0  11   5   0  21   7  11   3   1   2   1   1   0   0   9  22   0   0   1  0.40 0.30
   59 L    0 -2 -4 -5 -3 -3 -4 -3 -4  1  5 -2  3  0 -1 -2 -2 -4 -1  0    8   1   0   0   0   1   0   2   0   5  59   1   7   2   4   2   1   0   1   5  0.65 0.37
   60 T   -1 -4  1 -4 -1 -3 -4 -4 -4 -4 -4 -3 -4 -5 -4  2  7 -5 -4 -2    3   0   5   0   1   0   0   0   0   0   0   0   0   0   0  11  75   0   0   2  1.48 0.67
   61 L   -1 -3 -4 -5 -3 -2 -3 -5 -4  3  2 -4  1  5 -1 -3 -1 -2  0  1    4   1   0   0   0   1   1   0   0  19  24   0   3  27   3   1   3   0   1  11  0.53 0.29
   62 R    3  2  1  1 -3  1  1  0 -2 -3 -3  0 -2 -4 -1  0  0 -4 -3 -2   30  15   8  10   0   6  10   5   0   0   1   2   1   0   1   5   4   0   0   1  0.32 0.24
   63 K    0  1 -1  1 -4  0  0  1 -2 -1 -2  4 -3 -4 -3  0  0 -4 -3 -2    6   8   0  10   0   3   4  10   0   4   4  40   0   0   0   4   5   0   0   2  0.40 0.28
   64 L   -4 -5 -6 -6 -4 -5 -5 -6 -5  2  6 -5  1 -2 -3 -5 -4 -4 -4  0    0   0   0   0   0   0   0   0   0  12  79   0   3   0   1   0   0   0   0   5  1.32 0.53
   65 Q    1  4  0 -1 -4  3  1 -2  1 -3 -2  2 -2 -4 -2 -1 -1 -4 -1 -1   11  27   3   3   0  15   7   2   4   1   2  12   0   0   1   2   3   0   1   6  0.37 0.24
   66 E   -2 -1  0  1 -5  3  5 -1 -2 -5 -4  2 -1 -5 -3  0 -2 -3 -4 -4    1   1   3   6   0  12  48   4   0   0   1  15   1   0   0   5   1   0   0   1  0.81 0.40
   67 L   -4 -4 -5 -6 -4 -4 -5 -6 -5  2  4 -5  6  3 -5 -4 -3 -3 -2 -1    0   0   0   0   0   0   0   0   0  13  52   0  22  11   0   0   0   0   1   1  1.06 0.43
   68 S    2 -1 -1  1 -1  0  1  0 -2 -1 -2 -2 -2 -2 -2  3  1 -4 -3 -1   20   2   2  10   1   3   7   6   0   3   2   0   0   2   0  28  10   0   0   4  0.25 0.20
   69 S    2 -2  3  1 -2  0  1  0 -2 -4 -4  0 -2 -4 -1  3  0 -4 -3 -3   17   0  16   8   0   3  12   4   0   0   0   4   1   0   2  30   3   0   0   0  0.41 0.23
   70 K   -2  1  1 -1 -4  3  3  1 -2 -2 -3  3 -2 -4  0 -1  1 -4 -1 -3    0   6   7   1   0  14  19  10   0   4   0  21   0   0   4   1  10   0   3   0  0.35 0.20
   71 A    4 -3 -2 -2 -2 -2 -2  3 -3 -3 -3 -2 -3 -4  1  3 -1 -4 -3 -2   41   0   0   0   0   0   0  25   0   0   0   0   0   0   8  26   0   0   0   0  0.62 0.20

                      K         Lambda
Standard Ungapped    0.1329     0.3182
Standard Gapped      0.0524     0.2670
PSI Ungapped         0.1697     0.3094
PSI Gapped           0.0524     0.2670
