
Last position-specific scoring matrix computed, weighted observed percentages rounded down, information per position, and relative weight of gapless real matches to pseudocounts
            A   R   N   D   C   Q   E   G   H   I   L   K   M   F   P   S   T   W   Y   V   A   R   N   D   C   Q   E   G   H   I   L   K   M   F   P   S   T   W   Y   V
    1 R    -4   6   1  -3  -6   5  -2  -4   3  -6  -5   3  -4  -5  -4  -3  -3  -5  -4  -5    0  41   6   0   0  24   0   0   8   0   0  20   0   0   0   0   0   0   0   0  1.18 0.41
    2 I    -5  -7  -8  -8  -5  -7  -7  -8  -8   8  -2  -7  -3  -3  -7  -6  -4  -7  -5   4    0   0   0   0   0   0   0   0   0  71   1   0   0   1   0   0   1   0   0  26  2.09 0.73
    3 C    -5   7  -4  -6   0   0  -4  -6   1   1  -3   1  -2  -4  -6  -4  -3  -1  -2   0    0  62   0   0   2   4   0   0   3   8   2   7   1   0   0   1   2   1   1   6  1.44 0.63
    4 E    -3  -1   1   5  -7   2   5  -4  -3  -7  -7  -2  -6  -7  -2   2  -4  -7  -6  -6    1   3   6  27   0   9  36   0   0   0   0   2   0   0   2  14   0   0   0   0  1.08 0.53
    5 V    -5  -8  -8  -8  -6  -7  -8  -8  -8   0  -4  -8  -4  -6  -8  -7  -5  -8  -6   8    0   0   0   0   0   0   0   0   0   4   0   0   0   0   0   0   0   0   0  96  2.69 0.96
    6 W    -9  -9  -7 -10  -4  -8  -9  -5  -8  -9  -8  -9  -4  -2 -10  -9  -2  13   1  -9    0   0   0   0   0   0   0   1   0   0   0   0   1   1   0   0   3  90   3   0  4.73 1.43
    7 A     5   1   0  -2  -2   1  -1  -3  -3  -5  -5   2  -3  -5  -3   1  -3  -3  -3  -3   46   8   5   2   1   7   3   1   0   0   0  12   0   0   1  11   0   0   1   1  0.71 0.43
    8 C    -2  -3   2   3  -1  -1   1  -1   6  -5  -5  -3  -4  -1  -2   1  -2   2   3  -4    3   0   8  19   1   2  10   5  21   0   0   1   0   3   2  12   2   3   9   1  0.66 0.38
    9 N    -7  -6   9  -1  -8  -5  -6  -6  -5  -9  -9  -5  -8  -9  -8  -5  -4  -9  -8  -9    0   0  96   3   0   0   0   0   0   0   0   0   0   0   0   0   1   0   0   0  3.26 1.15
   10 L    -6  -4  -7  -8  -1  -6  -7  -8  -6  -1   6  -3   0   3  -7  -6  -5  -5   0   0    0   1   0   0   2   0   0   0   0   1  72   2   2  12   0   0   0   0   3   6  1.50 0.63
   11 D    -1  -2   0   3  -6   0   5  -3   4  -4  -4   0   0  -3  -3  -2  -2  -6  -1  -3    6   1   3  13   0   3  45   2   8   1   1   4   2   1   1   1   2   0   2   2  0.84 0.46
   12 E     1  -1  -1   1  -4   2   4  -4   1  -4  -4  -1  -3  -4  -4   2  -1  -5   0  -1   11   3   2   7   0   9  32   1   3   1   1   3   0   1   0  15   2   0   4   5  0.52 0.35
   13 E    -1  -5  -5  -4  -4   0   8  -4  -5  -5  -7  -4  -3  -8  -6  -2  -5  -8  -7  -2    6   0   0   0   0   3  82   1   0   1   0   0   1   0   0   2   0   0   0   3  2.08 0.88
   14 M    -3  -5  -7  -8  -1  -6  -5  -7  -6   0   1  -6   8   7  -7  -3  -5  -5  -3  -2    2   1   0   0   1   0   1   0   0   5   9   0  32  45   0   2   0   0   0   2  1.80 0.73
   15 K     2   2   0   0  -3   1   2  -2   1  -3  -2   2  -1  -2  -3   1  -1  -5  -3  -2   23  10   5   5   0   5  13   1   3   1   3  13   2   2   0   9   2   0   0   2  0.28 0.23
   16 K     0   1   0  -2  -3  -2  -1  -4  -1   1   3   0   1  -1  -2  -1   0  -4  -2   1    7   8   4   2   0   1   4   0   2   8  34   8   3   2   2   3   5   0   1   8  0.22 0.19
   17 I    -5  -7  -8  -8  -5  -7  -7  -8  -7   7   3  -7   2  -2  -7  -7  -5  -7  -5   1    0   0   0   0   0   0   0   0   0  66  21   0   5   2   0   0   0   0   0   7  1.81 0.70
   18 R    -2   7  -2   0  -5   0   0  -2  -1  -4  -3   0  -1  -6  -5   1  -2  -3  -5  -4    3  54   2   4   0   4   6   4   1   1   2   3   1   0   0  10   2   0   0   1  1.05 0.52
   19 Q     0   0   1   3  -4   2   2  -2   1  -3  -4   1  -4  -4  -3   2  -1  -5  -2  -4    7   5   6  18   0   9  16   2   4   2   1   8   0   0   0  18   3   0   1   0  0.42 0.28
   20 V     1  -5  -5  -6   4  -5  -4  -5  -2   3   4  -4   1   1  -5  -3  -2  -4  -2   2   10   0   0   0   7   0   1   0   1  13  36   0   3   7   0   1   2   0   1  16  0.64 0.34
   21 I     0  -6  -6  -6  -2  -5  -4  -5  -6   5   2  -5   0  -2  -5  -3  -2  -5  -4   4    8   0   0   0   1   0   1   0   0  31  21   0   2   2   0   1   2   0   0  31  0.94 0.44
   22 R    -1   2   1   4  -4   1   3  -1   1  -4  -4   0  -4  -3   2  -1  -2  -5  -4  -3    5  10   5  25   0   7  16   4   3   1   1   5   0   2   9   5   2   0   0   1  0.46 0.29
   23 K    -2   3   1   3  -2   2   1  -3   2  -3  -2   3  -2  -2  -3   0  -1  -5  -1  -4    1  18   5  14   1  10   7   1   6   1   4  16   0   2   1   5   4   0   2   1  0.39 0.26
   24 Y    -1  -4  -4  -6   2  -5  -6  -5   2  -5  -5  -1  -5   5  -3  -3  -4  -3   8  -5    6   1   1   0   4   0   0   1   5   0   0   4   0  22   2   1   1   0  52   0  1.77 0.71
   25 N    -3   1   2  -3   1  -2  -4  -5   0  -5  -3  -1  -5  -5   7  -1   0  -6  -5  -4    2   8  10   1   3   2   0   0   3   1   3   3   0   0  53   5   5   0   0   1  1.34 0.59
   26 Y    -5  -5  -5  -7   2  -5  -6  -5   1   0  -1  -6  -4   5  -7  -5  -5  -1   8   0    0   0   0   0   5   0   0   1   3   4   6   0   0  22   0   1   0   1  50   6  1.73 0.68
   27 V    -1  -6  -6  -7  -2  -6  -6  -7  -7   6  -1  -6  -1  -4  -6  -5  -4  -6  -5   5    5   0   0   0   1   0   0   0   0  48   3   0   1   0   0   0   0   0   0  41  1.59 0.63
   28 A     5  -5  -4  -5  -1  -4  -4  -1  -5  -5  -3  -4  -5  -3  -5   4   0  -6  -5  -3   50   0   0   0   1   0   0   3   0   0   2   0   0   1   0  35   4   0   0   1  1.22 0.61
   29 M    -5  -6  -7  -7  -6  -5  -6  -7  -6   4   0  -4   9   2  -7  -6  -5  -6  -5   2    0   0   0   0   0   0   0   0   0  20   8   1  50   8   0   0   0   0   0  13  1.84 0.73
   30 D    -6  -4   0   8  -7  -3  -2  -4   2  -7  -7  -4  -7  -7  -4  -1  -4  -8  -6  -6    0   1   4  79   0   1   1   1   5   0   0   1   0   0   1   4   1   0   0   1  2.20 0.84
   31 T    -1  -5  -4  -5  -3  -1  -4  -3  -6  -3  -4  -5   0  -2  -4  -3   7  -6  -5   0    5   0   0   0   1   3   1   2   0   1   1   0   2   2   0   0  74   0   0   6  1.69 0.76
   32 E    -5  -3  -5  -2  -2  -1   8  -5   1  -7  -5  -1  -6  -7  -5  -5  -5  -2  -6  -5    0   1   0   1   1   2  84   1   3   0   1   3   0   0   0   0   0   1   0   1  2.15 0.88
   33 F    -6  -7  -7  -7  -4  -7  -7  -7  -5  -1  -3  -7  -4   9  -7  -6  -4   0   4  -3    0   0   0   0   0   0   0   0   0   3   2   0   0  78   0   0   1   1  11   2  2.58 0.89
   34 P    -1  -7  -5  -6  -4  -6  -6  -7  -4  -7  -6  -6  -7  -8   9  -3  -4  -8  -7  -3    6   0   0   0   0   0   0   0   0   0   1   0   0   0  85   2   1   0   0   3  2.77 1.03
   35 G    -2  -4  -3  -4  -6  -6  -6   7  -6  -7  -7  -6  -6  -4  -6  -3  -5  -6  -7  -7    4   1   1   1   0   0   0  88   0   0   0   0   0   1   0   2   1   0   0   0  2.30 0.84
   36 V    -2  -4  -4  -1   2  -4  -4  -5  -5   3  -2  -5  -1   2  -5  -3   2  -5  -1   5    2   1   0   4   4   1   1   0   0  18   2   0   1   7   0   1  13   0   2  42  0.86 0.44
   37 V    -1  -5  -6  -6  -2  -3  -4  -6  -6   4   1  -5  -2  -1  -5  -3  -3  -5  -4   6    5   0   0   0   1   1   1   0   0  20  10   0   0   3   0   2   1   0   0  55  1.19 0.52
   38 A     4   0  -3  -4   1  -2  -2  -2   4  -2  -1  -2  -3   2  -4  -1  -2  -2   3   1   33   4   1   0   3   1   1   2  11   2   5   2   0   9   0   4   2   0   9   8  0.46 0.31
   39 R    -3   6   0   0  -3   1  -1  -3   2  -4  -3   2  -3  -5  -3  -1   0  -5  -4  -4    1  43   5   5   1   5   4   1   5   1   2  13   0   0   1   4   7   0   0   1  0.85 0.42
   40 P    -2  -5   1  -3  -5  -2  -4  -4   0  -5  -3  -3  -5  -6   7   0   1  -6  -5  -2    3   0   6   1   0   2   1   1   3   1   2   1   0   0  56   8  10   0   0   3  1.44 0.61
   41 I    -1  -2  -1  -1  -3  -2  -1  -3   1   3   0  -2   2  -1   2   0   0  -4  -1   2    5   2   4   4   0   1   4   2   4  22   7   2   5   2   9   7   7   0   2  13  0.20 0.16
   42 G    -1  -1  -1  -2  -2   0  -2   5  -1  -2  -3   0  -3  -4   0   0  -2  -4  -2  -1    5   4   3   2   1   3   3  46   2   2   3   5   0   1   5   7   3   0   1   5  0.60 0.30
   43 E     0   0   3   2  -2  -1   1  -1   1  -3  -3  -1  -3  -3   3   1   1  -4  -2  -3    6   5  14  10   1   2   9   5   4   1   2   3   0   1  12  12  11   0   1   2  0.29 0.20
   44 F    -2   2  -3  -2  -2  -2  -3  -4   1  -2  -2  -2   0   7  -1  -2  -3   0   3  -1    3  11   1   2   1   2   1   1   3   2   3   2   2  42   3   3   2   1   8   5  0.83 0.38
   45 R     0   4   0   0  -4  -1  -1  -2   1  -3  -2   3   0  -4   1  -1   0  -2  -1  -2    7  24   3   4   0   2   4   3   3   1   4  21   3   0   6   4   5   1   2   3  0.35 0.23
   46 S     1   0   2   0  -2  -1  -2   0   2  -2  -1  -2  -2  -3  -2   3   1  -4  -2  -1   10   6  10   5   1   3   1   6   5   2   7   2   1   1   2  26  10   0   1   4  0.25 0.21
   47 N     0  -1   0  -1   0   0  -1  -1   0  -2  -3   2  -2  -3   2   2   3  -4  -2  -3    6   3   5   3   2   4   2   4   2   2   2  11   0   1  10  18  20   0   1   1  0.30 0.24
   48 A     2  -3   0   0  -2  -1   0  -2   0  -2  -3  -2  -4  -3   4   3   1  -5  -3  -2   19   1   4   6   1   3   4   3   2   3   2   2   0   1  20  20   7   0   1   2  0.42 0.28
   49 D     0  -2   0   6  -6  -3   4  -4  -3  -4  -4  -2  -5  -5  -2   0  -1  -6  -2  -4    6   2   3  42   0   1  23   1   1   1   2   2   0   0   2   7   4   0   1   1  0.95 0.48
   50 Y    -3  -1  -2   0  -3   1   2  -3   0  -2  -3  -2  -2   2  -5  -2  -2  -3   7  -3    2   3   2   6   0   7  15   2   2   3   2   2   1   8   0   3   3   0  36   2  0.83 0.43
   51 Q    -2   3   3  -3   1   2  -1  -5   7  -3  -2  -1  -3  -1  -2  -2  -3  -2   1  -3    4  16  13   1   3   9   3   0  26   2   4   4   0   3   2   3   1   1   4   1  0.72 0.39
   52 Y    -7  -5  -4  -8  -7  -7  -7  -8  -2  -6  -5  -7  -6   2  -8  -7  -7  -3  10  -6    0   1   1   0   0   0   0   0   1   0   1   0   0   6   0   0   0   0  88   0  3.37 1.16
   53 Q     1   1  -1  -3  -1   6   0  -2   1  -3  -3   0  -2  -6  -3   0  -3  -6  -4  -3   13   8   3   1   1  40   5   2   4   2   3   6   1   0   1   6   1   0   0   2  0.78 0.46
   54 L     0  -3   1   0   1   0  -2  -3   1  -1   2  -2   0   0  -4  -1   4  -2   0   0    7   0   7   6   3   4   2   1   4   3  18   2   2   4   0   2  25   1   3   6  0.25 0.23
   55 L    -3  -5  -4  -6  -4  -4  -4  -6  -4   2   5  -3   6  -1  -5  -4  -3  -4  -3   2    2   0   1   0   0   0   1   0   0  11  49   1  19   1   0   1   1   0   0  12  0.99 0.43
   56 R    -4   6  -3  -4  -2  -2  -2  -5  -4  -4  -5   6  -4  -4  -2  -2  -4  -5  -5  -2    1  43   0   0   1   1   1   0   0   1   1  43   0   1   2   2   0   0   0   3  1.40 0.56
   57 C     2   0  -3  -1   7   0   0  -2  -2  -2  -2  -1  -2   0  -3   1   0  -1  -1  -1   17   6   1   3  24   3   6   2   1   2   3   2   1   5   1  12   5   1   2   4  0.42 0.25
   58 N    -4  -3   9  -1  -6  -4  -4  -4  -3  -6  -6  -4  -2  -2  -5  -1  -3  -6  -1  -6    1   1  84   2   0   0   0   0   0   0   1   0   1   2   0   3   1   0   2   0  2.28 0.79
   59 V    -1  -5  -4  -5  -4  -5  -5  -5  -5   0  -3  -5  -1  -4  -5  -1  -2  -5  -4   7    4   0   1   0   0   0   0   1   0   3   1   0   1   0   0   5   1   0   0  80  1.60 0.61
   60 D    -4  -1   4   7  -6  -2  -1  -3  -4  -6  -6  -3  -5  -6  -4  -2  -4  -6  -5  -5    1   3  16  68   0   1   3   1   0   0   1   1   0   0   0   2   0   0   0   1  1.72 0.62
   61 L     1  -1  -1  -2  -2  -1   0  -1  -2   0   3  -2   3  -1  -3  -1  -2  -2  -2  -1   15   4   4   2   1   2   6   4   1   5  34   2   9   1   1   4   1   0   1   3  0.23 0.18
   62 L    -3  -4  -4  -5  -2  -2  -4  -2  -4  -1   6  -4   2  -2  -4  -2  -1  -4  -2   0    1   1   1   1   1   2   1   4   0   2  69   1   5   0   1   3   5   0   1   4  1.01 0.42
   63 K    -3   1   3   0  -2  -1  -1  -3   4  -5  -5   5  -4  -5   0  -1  -3  -5  -4  -4    1   7  15   4   1   1   4   2  10   0   1  43   0   0   5   3   1   0   0   1  0.85 0.40
   64 I    -3  -4  -4  -4  -3  -4  -4  -5  -4   4   4  -4   2  -2   2  -1  -2  -4  -3   1    2   0   0   0   0   0   1   1   0  29  37   0   4   0  11   5   1   0   0   7  0.72 0.33
   65 I    -4  -5  -5  -5  -4  -5  -5  -6  -5   7   0  -5  -1  -2  -5  -5   0  -5  -1   1    1   0   0   0   0   0   0   1   0  71   7   0   1   2   0   1   5   0   2   8  1.51 0.55
   66 Q    -4  -3  -4  -4  -6   9  -2  -5  -3  -6  -5  -2  -1  -6  -1  -3  -4  -5  -5  -5    1   0   0   0   0  86   1   1   0   0   1   2   1   0   3   2   0   0   0   1  2.44 0.86
   67 L    -3  -4  -5  -5  -1  -4  -5  -5  -5   3   5  -5   1   1  -5  -4  -3  -4  -1   3    1   0   0   0   1   0   0   0   0  13  51   0   3   4   0   0   0   0   2  20  0.90 0.38
   68 G    -4  -3  -4  -5  -1  -5  -5   7  -5  -7  -6  -5  -6  -6  -5   0  -5  -6  -6  -6    0   1   0   0   2   0   0  85   0   0   1   0   0   0   0   7   0   0   0   0  2.15 0.78
   69 L    -4  -5  -5  -6  -4  -5  -5  -3  -5   5   5  -5   1   2  -5  -5  -4  -4  -3   0    1   0   0   0   0   0   0   2   0  28  50   0   2   8   0   0   0   0   0   4  1.10 0.47
   70 T     2  -4  -4  -4   3  -4  -4  -4  -5  -4  -5  -4  -4  -5  -4   2   7  -5  -5  -2   15   0   0   0   6   0   0   1   0   0   1   0   0   0   0  13  60   0   0   2  1.39 0.64
   71 F    -3  -5  -5  -6  -2  -5  -5  -3  -5   0   4  -5  -1   6  -5  -5  -4  -3  -2   0    2   0   0   0   1   0   0   2   0   5  44   0   1  34   0   0   0   0   0   7  1.16 0.49
   72 M     1  -2  -3  -3   2  -2  -3  -3  -2  -1  -1  -3   1   4  -4   4   1   0   0  -1   14   2   0   1   5   1   0   1   1   2   5   0   4  17   0  30   7   1   2   5  0.43 0.31
   73 N    -1  -3   4   6  -5  -3  -1  -2  -1  -5  -5   0  -5  -4  -3  -1  -1  -6  -5  -4    5   1  19  49   0   0   2   3   1   0   1   6   0   1   1   3   4   0   0   1  1.10 0.49
   74 E     2  -2  -2   1  -2  -1   4   0   0  -3  -4   0  -4  -3  -1   1  -2  -1  -4  -1   16   2   1   8   1   2  31   7   2   1   1   4   0   1   3  12   2   1   0   5  0.43 0.34
   75 Q    -1   0   3   3  -3   1   1  -1   2  -4  -4   1  -4  -1  -1  -1  -2  -4   0  -3    5   5  16  20   1   7  10   5   4   1   1  10   0   2   3   4   1   0   4   1  0.38 0.28
   76 G    -3  -4   0   0  -2  -5  -3   7  -6  -7  -7  -3  -6  -7  -6  -3  -2  -6  -6  -5    1   1   4   4   1   0   2  78   0   0   0   1   0   0   0   1   3   0   0   1  1.84 0.80
   77 E    -2   1   6   0  -1   1   3  -3   1  -5  -4   0  -3  -4  -4   0  -2  -5  -3  -2    3   8  36   5   1   5  20   2   3   0   1   4   1   1   0   5   2   0   1   3  0.76 0.46
   78 Y    -1   0  -2  -4   0  -1  -2  -2  -1   0   3  -1   0   1  -1  -1   1  -3   1   1    3   5   1   0   2   2   3   2   1   5  35   3   1   5   4   4   8   0   5   9  0.24 0.21
   79 P    -2  -5  -3  -5  -2  -5  -3  -3  -3  -1  -3  -5  -2  -2   8  -2  -4  -6  -3  -3    3   1   1   1   1   0   2   2   1   4   2   1   1   2  71   3   1   0   1   2  1.97 0.83
   80 P    -1   0  -1   1  -2   0   1   0   0  -3  -3  -1  -3  -3   4   1   1  -4  -2  -2    5   4   3   9   1   3   9   8   3   1   2   4   0   1  23  10  11   0   1   3  0.35 0.24
   81 G     1  -1   1   0   2  -1  -1   1  -1  -1   0  -1  -2   1   1   0  -1   0  -1  -1   11   3   7   6   5   2   4  12   2   2  10   2   0   8   7   9   3   1   1   5  0.07 0.08
   82 T     0   1  -2  -2   2   0  -1   2   0  -1  -2  -1  -1  -2   3   0   0  -4   0   1    6   7   1   1   4   5   4  14   2   4   3   3   1   1  16   6   6   0   3  12  0.20 0.16
   83 S    -1  -3  -1  -1   8  -4  -3  -1  -1  -1  -3  -3  -4  -1  -1   2   2   0   2  -1    5   1   3   3  27   0   2   5   1   3   2   2   0   3   4  14  12   1   8   3  0.68 0.38
   84 T     1   0   0  -2   3  -1  -2   1  -2   0  -1  -1   0  -3   1   1   3  -3  -2   0    9   7   3   0   7   0   1  10   0   5   3   0   3   0   6  11  27   0   0   6  0.19 0.15
   85 W    -3  -3   0  -1  -4  -1  -3  -4  -3  -1  -1  -3  -2   1   2  -3  -3  10   2  -1    1   0   6   4   0   3   0   1   0   4   5   0   0   5  11   1   0  48   6   4  1.43 0.45
   86 Q     0   1   1  -1  -2   1   1  -2  -1   0   0   1  -1  -2  -2   1   1  -3  -2   0    9   9   9   0   0   9   9   1   0   9   9   9   0   0   0   9   9   0   0   9  0.09 0.08
   87 F    -4  -5  -5  -5  -4  -5  -5  -2  -3   2  -1  -5  -2   8  -1  -4  -4  -2   2   0    1   0   0   0   0   0   0   3   0  10   4   0   0  62   4   1   0   0   6   7  1.33 0.49
   88 N    -2  -3   8  -1  -4  -3  -1  -2   0   1  -4  -3  -4  -4  -4  -2   0  -5  -4  -2    3   0  69   2   0   0   3   2   2   8   1   0   0   0   0   1   5   0   0   2  1.36 0.54
   89 F    -1  -4  -5  -5   1  -5  -5  -5  -4  -1   0  -5   0   8  -5  -4  -4   2   1  -3    5   0   0   0   3   0   1   1   0   3   9   0   2  70   0   1   1   2   2   1  1.55 0.53
   90 K    -1   2   1   0  -3   1   0   0   2  -3  -2   2   1  -2  -2   2  -1  -3  -1  -2    3  16   5   6   0   5   6   5   6   1   3  15   5   2   1  18   1   0   2   2  0.21 0.16
   91 F    -2  -4  -4  -1  -4  -4  -4  -4   0  -1  -2  -4  -2   8  -5  -4  -4   2   2   0    4   0   0   4   0   0   1   1   3   2   1   1   0  68   0   1   1   2   3   7  1.48 0.52
   92 N    -2  -1   4   5   1  -3  -1  -1   1  -5  -5  -1  -4   0  -4   1  -1  -5  -4  -5    3   3  21  33   3   0   4   5   4   0   1   3   0   5   0  10   3   0   0   0  0.72 0.44
   93 L    -1   0   0   0  -3   0   0  -1  -3   2   2  -1   1   0   1  -1  -1  -4  -3   1    5   5   4   5   0   3   5   4   0  13  19   4   3   4   8   4   4   0   0  10  0.10 0.12
   94 T     0   1   1   1   0   0   1  -1   1  -1  -2   0   0  -3   1   0   0   2   0   0    7   7   7   7   3   4   8   4   3   4   3   7   4   0   6   8   6   3   3   6  0.07 0.09
   95 E     0   0   0   0   2   1   0   0   2   0  -1   0  -2  -2   0   0   0   3   1   0    6   6   5   6   5   5   6   6   5   6   6   6   0   0   6   6   6   5   5   6  0.07 0.11
   96 D    -1   0   1   6   2  -3   1  -1   4  -5  -5  -3  -5   0   0   0  -4  -5  -4  -5    5   5   5  40   4   0   8   5  10   0   1   0   0   4   5   6   0   0   0   0  0.79 0.43
   97 M    -1   1  -3  -3  -1  -1  -2  -2  -2   1   0  -2   7  -2   2  -3  -1  -4  -3   0    5   7   1   1   2   3   2   3   1   7   9   2  35   2  11   1   3   0   1   4  0.68 0.40
   98 Y    -3  -2  -3  -5   2  -1  -4  -4   7  -2  -2  -3  -1   2  -5  -1  -4  -1   7  -2    1   3   1   1   5   3   1   1  22   2   4   2   1   8   0   5   1   1  37   3  1.20 0.53
   99 A     4  -4   3   0  -2  -2  -2  -3  -2  -4  -4  -3  -1  -4  -2   2  -1  -5  -4   0   40   0  17   6   1   1   1   0   1   0   1   1   2   1   2  16   3   0   0   7  0.66 0.42
  100 Q     1  -1   0  -1  -4   4   2  -2   0  -4  -2   0  -1  -3   4   0  -2  -4  -2  -2   11   2   4   2   0  19  15   2   2   1   3   6   2   1  20   6   2   0   1   2  0.46 0.31
  101 D    -2  -1   1   5  -5  -1   4  -3   1  -3  -5   0  -3  -5  -2   0  -2  -5  -3  -4    3   3   5  35   0   2  29   1   3   2   1   6   1   0   1   6   2   0   1   1  0.85 0.45
  102 S    -1  -3  -3  -4  -5  -3  -4  -1   0  -4  -4  -4  -5  -4  -2   7  -1  -6  -5  -3    4   1   1   0   0   1   0   4   2   1   1   0   0   1   2  77   3   0   0   2  1.56 0.77
  103 I    -2  -5  -5  -5  -4  -5  -5  -6  -2   6   1  -3   2  -2  -5  -5  -2  -5  -2   3    3   0   0   0   0   0   0   0   1  53  10   1   5   1   0   0   2   0   1  19  1.16 0.50
  104 E     1  -1   0   4   1   1   4  -3  -1  -4  -4  -1  -3  -5  -3   0  -1   2  -3  -3   11   3   5  25   3   7  26   1   1   0   2   2   1   0   1   6   2   3   1   1  0.56 0.33
  105 L    -2  -4  -4  -5  -4  -1  -3  -5  -2  -1   5  -4   4   2  -4  -1  -2  -4   1   0    3   0   1   0   0   3   2   0   1   1  51   0  10  10   1   5   2   0   5   5  0.73 0.39
  106 L    -4  -3  -6  -6  -1  -5  -6  -6  -3  -2   6  -5   0  -3  -6  -2  -4  -5  -4  -1    1   2   0   0   1   0   0   0   1   0  83   0   1   0   0   4   0   0   0   3  1.55 0.65
  107 T     0   4  -2  -3  -1   3   0  -3  -1  -1  -3   2  -1  -4  -1   0   0  -1  -3  -1    7  27   1   0   1  15   5   1   2   4   2  14   1   1   3   7   5   1   1   4  0.46 0.31
  108 T    -1   4   2  -1  -4   3   0  -2   1  -3  -3   2  -2  -2  -4   2  -1  -5  -3  -3    5  20   8   3   0  15   4   3   4   1   2  13   1   1   0  15   3   0   1   1  0.44 0.30
  109 S     2   1   0  -4   1   4  -3  -2   1  -5  -2  -2  -4  -5  -4   4  -2  -5  -3  -4   15   6   4   0   3  20   0   3   4   0   4   2   0   0   0  36   2   0   1   0  0.71 0.46
  110 G    -3  -4  -3  -2  -6  -2  -3   7  -6  -7  -5  -3  -6  -7  -6  -3  -5  -6  -4  -7    1   1   1   3   0   2   2  84   0   0   1   2   0   0   0   1   0   0   1   0  2.05 0.79
  111 I    -3  -5  -5  -5  -4  -5  -5  -6  -1   6   1  -5   3   1  -5  -3  -2  -4   2   2    2   0   0   0   0   0   0   0   2  51  12   0   6   5   0   2   2   0   6  11  1.06 0.46
  112 Q    -4  -2   3   7  -2   1  -2  -5  -1  -4  -5  -3  -6  -6  -1  -2  -4  -7  -6  -4    1   2  13  61   1   6   2   0   1   1   1   1   0   0   4   2   0   0   0   1  1.47 0.63
  113 F    -3  -6  -6  -6   0  -6  -6  -2  -5  -4   1  -6  -4   9  -3  -6  -5  -3   0  -2    2   0   0   0   2   0   0   3   0   0  11   0   0  73   2   0   0   0   1   2  2.08 0.76
  114 K     1   0   1   3  -4   1   2  -1  -1  -4  -2   2  -2  -3  -1  -1  -1  -4  -2  -2   12   4   5  18   0   5  16   3   1   0   3  15   1   1   3   4   4   0   1   2  0.32 0.22
  115 K     0   4   0  -2  -5   0  -1  -2  -1  -2  -2   4   0  -1  -4  -1  -2   0   0  -3    7  21   4   2   0   3   4   3   1   2   4  30   3   3   0   5   2   1   3   2  0.46 0.31
  116 H    -1   1   5  -3   0  -1  -3  -4   7  -2   0  -2   0   0  -5  -3   0  -5  -3  -3    5   7  26   0   2   2   0   0  25   3  11   2   2   5   0   0   7   0   0   2  0.79 0.42
  117 E    -1   4   0  -1  -1   1   2  -3   0  -2  -1   1   0  -2  -1  -1  -1  -4  -2  -1    6  28   5   2   1   7  14   2   2   2   7   6   2   1   3   4   2   0   1   4  0.33 0.24
  118 E     0   2   0   0  -1   1   3  -3   0   1  -2   1  -1  -2  -3   0   0   1  -3  -1    8  12   4   4   1   5  22   1   2   8   3   9   2   2   1   7   5   2   0   3  0.23 0.19
  119 E    -1   1   1   2  -1   1   2  -2   3  -2  -2   0   1   0  -3  -1  -2  -3   1  -2    5   8   6  13   2   6  15   2   9   2   3   6   5   5   1   4   2   0   5   2  0.24 0.18
  120 G    -4   1  -4  -4  -5  -5  -5   7  -5  -6  -6  -4  -5  -6  -5   0  -4  -5  -5  -5    1   7   0   1   0   0   1  79   0   0   1   1   0   0   1   6   1   0   0   1  1.91 0.71
  121 I    -1  -5  -5  -5   0  -4  -5  -5  -5   7  -1  -4   1  -3  -4  -4  -3  -4  -4   4    4   1   1   1   2   1   1   1   0  56   3   1   2   1   1   1   1   0   0  23  1.31 0.50
  122 E    -2  -1   0   5  -1  -1   2  -1  -1  -3  -3  -1  -2  -4   2   0  -1  -4  -2  -3    3   3   4  37   1   2  12   4   2   2   3   3   1   1   9   8   4   0   1   2  0.57 0.29
  123 T     1  -2  -3  -3  -3  -1  -2  -2   1   1  -2  -2   0  -2   3   3   0  -4  -2   2   12   2   1   1   0   2   2   2   4   7   4   2   3   2  16  23   4   0   2  14  0.33 0.23
  124 Q     1   0   1   0   0   0   1  -2   1  -1  -1  -1  -1   1  -3   0   0   1  -1  -1   15   6   8   5   2   3  12   2   4   2   8   3   1   9   0   7   4   2   1   4  0.08 0.11
  125 Y     1   3  -1   3  -2   0   2  -2   2  -3  -2  -1  -1   0  -3  -1  -1  -4   0   0   12  15   2  17   1   3  15   2   5   1   2   3   1   4   0   2   4   0   3   7  0.28 0.22
  126 F    -3  -6  -6  -6  -6  -6  -6  -6  -5  -4   0  -6  -4   9  -6  -6  -5  -4  -2  -2    2   0   0   0   0   0   1   1   0   0   7   0   0  82   0   1   0   0   0   2  2.59 0.91
  127 A     5  -2  -4  -4  -2  -4  -4   3  -4  -3  -4  -2  -4  -1  -2   0  -1  -5  -1  -2   46   2   0   0   1   0   1  24   0   1   1   3   0   3   2   7   3   0   2   2  0.81 0.45
  128 E     0   0  -3   0  -5   1   5  -4  -1  -4  -2   0  -1  -3   1   0  -2   1  -1  -2    9   5   1   5   0   5  40   1   1   1   4   6   1   1   6   5   2   2   2   3  0.55 0.36
  129 L    -1   0  -4  -3  -2  -2   0  -1  -2  -1   5  -1   1  -1  -4  -3  -3  -1  -2  -1    6   6   0   1   1   1   6   5   1   2  53   5   3   2   0   1   1   1   1   3  0.58 0.35
  130 L    -2  -5  -6  -6  -2  -5  -5  -6  -5   0   5  -5   5   4  -5  -5  -3  -4  -3  -1    3   0   0   0   1   0   0   1   0   5  52   0  16  15   0   1   1   0   0   3  1.21 0.54
  131 M    -1   2  -3  -3  -4  -2  -3  -4  -2   3   1  -2   6   0  -4  -2   1   2  -1  -1    5  13   1   1   0   2   1   1   1  17  13   2  20   3   0   3  11   2   2   2  0.47 0.34
  132 T     0   2  -1   0   1   0   0  -1  -3  -2  -1   0  -1  -2   0   2   2   1  -3  -2    7  11   2   4   3   3   7   4   0   1   6   6   1   2   5  20  14   2   0   3  0.18 0.19
  133 S    -1  -2  -3  -4   0  -4  -4  -4  -1   1  -2  -2   0  -2  -4   6  -2   4  -1  -1    4   2   0   0   2   0   0   1   2   7   4   2   3   2   0  58   1   5   2   4  0.93 0.56
  134 G    -1  -3  -3  -3  -4  -2  -2   5  -4  -1   1  -3  -3  -2  -3  -1  -1  -5  -4  -1    5   2   1   1   0   1   2  51   0   4  15   1   0   1   2   5   3   0   0   4  0.76 0.41
  135 V    -1   0  -4  -5  -4  -2  -4  -3  -4   1   4  -2   1   0   1  -1  -2  -4  -3   0    4   6   0   0   0   1   0   2   0   9  47   2   4   4   7   4   2   0   0   6  0.52 0.33
  136 V     1   0  -2  -3  -1  -3  -2  -3   0   2   1   0  -1  -1  -1  -1  -2   0  -3   4   10   6   1   1   1   0   2   2   2   8  11   5   1   2   3   3   1   1   0  36  0.32 0.26
  137 L    -1  -1  -1  -4   5  -1  -2   0  -2  -1   3   0   2   0  -1   0  -2   1  -1  -1    3   4   2   0  12   3   2   9   1   1  29   5   6   3   4   6   2   2   2   3  0.25 0.22
  138 C    -1   0   5   1   2  -1  -2   0   0  -3   0  -2   0   0  -1   0  -1  -4  -2  -3    5   6  27   9   5   3   1   6   2   1  10   2   2   4   3   7   3   0   1   1  0.30 0.24
  139 E    -2   2   1   3  -5   0   2   1   0  -5  -4   2  -4  -5   1  -1  -2  -5  -4  -4    2  12   5  20   0   4  16  11   2   0   2  12   0   0   7   5   1   0   0   0  0.46 0.30
  140 G    -1   1   3   3  -2  -1   1   0   0  -3  -3   1  -3  -4   1   1  -2  -1  -3  -3    3   9  18  14   1   2  11   8   2   2   2   8   1   0   7   9   1   1   1   1  0.33 0.24
  141 V     0  -3  -3  -5  -3  -4  -4  -5  -5   3   3  -3   2  -1  -1  -4  -1  -4  -3   4    7   1   1   0   0   0   0   1   0  15  23   1   6   2   3   1   3   0   0  35  0.68 0.37
  142 K    -2   1   0  -2  -1   0  -1  -1   3  -2  -4   3  -1  -2  -4   1   4  -5  -2   0    2   9   3   1   1   3   2   5   7   2   0  17   1   2   0  10  28   0   1   6  0.40 0.32
  143 W    -7  -5  -8  -8  -3  -7  -3  -5  -7  -4  -4  -7  -3  -1  -8  -4  -7  13  -1  -2    0   1   0   0   1   0   2   1   0   1   2   0   1   3   0   2   0  80   2   3  3.87 1.34
  144 L     1  -5  -5  -6  -4  -5  -5  -5  -6   4   1  -3  -1  -4  -5  -3  -2  -5  -2   5   12   0   0   0   0   0   0   0   0  25  10   2   1   0   0   2   2   0   1  43  0.96 0.50
  145 S     2  -4  -2  -4   1  -3  -4  -2  -4  -2  -4  -4  -1  -5  -4   3   6  -5  -3  -2   18   0   1   0   2   0   0   3   0   3   0   0   2   0   0  19  47   0   1   2  0.93 0.54
  146 F    -3  -6  -6  -6   0  -6  -6  -4   0  -4  -3  -6  -4   9  -6  -1  -5  -3   3  -2    2   0   0   0   2   0   0   2   2   0   0   0   0  76   0   5   0   0   7   3  2.11 0.80
  147 H    -2  -1  -1  -2   0   2  -3   1   9  -6  -4  -4  -5  -5  -3   0  -2  -5  -3  -5    4   3   3   2   2   8   0  11  54   0   2   0   0   0   1   7   2   0   0   0  1.54 0.67
  148 S     0  -3  -3  -4   0  -4  -4   6  -5  -3  -6  -4  -5  -6  -5   4  -1  -6  -5  -5    7   1   0   0   2   0   0  53   0   1   0   0   0   0   0  30   3   0   0   0  1.24 0.58
  149 G     3  -3  -2  -1  -2  -3  -2   4  -3  -3  -1  -3   0  -1  -1   1  -1  -4  -2  -2   24   0   1   3   1   0   1  37   0   1   7   0   2   2   2  13   2   0   1   1  0.50 0.28
  150 Y    -5  -5  -3  -4  -2  -4  -5  -6   1  -2  -4  -5  -4   3  -5  -3  -3  -1   9  -2    0   0   1   1   1   0   0   0   3   2   1   0   0   8   0   2   1   0  76   3  2.16 0.73
  151 D    -5  -4  -1   8  -6  -3  -2  -4   3  -5  -4  -4  -5  -6  -4  -3  -4  -6  -5  -3    0   0   2  83   0   0   0   0   7   0   2   0   0   0   0   0   0   0   0   2  2.03 0.70
  152 F    -3  -4  -3  -5  -4  -4  -4  -3  -4   0   2  -3   1   7  -5  -4  -3   0   1   0    1   0   1   0   0   0   1   3   0   5  17   2   3  54   0   0   1   1   3   6  1.10 0.44
  153 G     4  -4  -3  -2  -2  -4  -4   5  -4  -4  -5  -4  -4  -5  -4  -1  -3  -5  -5  -4   37   0   0   2   1   0   0  52   0   1   0   0   0   0   0   2   1   0   0   0  1.19 0.49
  154 Y    -5  -5  -5  -6  -2  -5  -5  -3   2  -4  -4  -5  -4   4  -6  -3  -5  -1   9  -4    0   0   0   0   1   0   0   2   3   0   0   0   0  12   0   2   0   0  76   0  2.29 0.76
  155 L    -1  -3  -3  -4  -2  -3  -3  -1  -3   1   4  -3   2   3  -3  -2  -1  -2   0   1    5   0   0   0   0   0   1   5   0   5  48   0   5  12   0   3   3   0   3   6  0.35 0.20
  156 I     0  -3  -3  -3  -2  -2  -3  -1  -3   2   2  -2   2   0   0  -1   0  -2   0   2    5   0   0   0   0   0   1   5   0  16  27   0   6   2   4   3   5   0   3  21  0.22 0.14
  157 K    -2   2   0  -2   0   1  -1  -1   0  -3  -3   5  -2  -4   0   0  -2  -4  -3  -2    1  11   5   0   3   7   1   5   3   0   1  49   0   0   5   6   0   0   0   4  0.52 0.28
  158 I     0  -2  -3  -1   0  -2  -3  -2  -3   3   2  -2   2  -1  -1  -1   0  -3  -1   1    7   2   0   5   2   0   0   2   0  26  25   0   8   0   2   3   5   0   2  10  0.21 0.16
  159 L    -3  -6  -6  -6   1  -5  -6  -6  -6   1   6  -6   4   0  -6  -4  -5  -5  -4   0    2   0   0   0   2   0   0   0   0   7  67   0   8   3   0   1   0   0   0   6  1.35 0.55
  160 T    -2  -3   0  -1  -1  -1  -4  -4  -1   0  -1  -3   3  -2  -5   1   6  -1  -1  -3    2   1   4   3   1   2   0   1   2   5   5   1   7   1   0   9  50   1   2   1  0.91 0.49
  161 N    -1   0   4   0   6   0  -3   4   0  -4  -3  -3  -2  -5  -4  -1  -2   1  -5  -4    4   5  17   5  17   5   1  27   3   1   2   1   1   0   1   5   2   2   0   1  0.71 0.36
  162 S    -1   3   1   1   1   3   0   0  -1  -4  -3   2  -2  -3  -3   0   0  -4  -3  -3    4  16   6   6   3  15   6   7   1   1   2  12   1   1   1   8   5   0   1   2  0.32 0.22
  163 N     0   0   3   1  -2   0   2  -2  -2  -3  -3   0  -1  -2   4   0  -1  -5  -2  -2    6   5  13   8   1   4  12   2   1   1   3   5   2   2  22   8   3   0   1   3  0.39 0.24
  164 L    -5  -6  -6  -6  -5  -6  -6  -6  -6   0   6  -6   4   0  -6  -6  -5  -5  -5  -3    1   0   0   0   0   0   0   0   0   4  77   0  10   4   0   0   0   0   0   0  1.75 0.67
  165 P    -2  -6  -6  -5  -6  -5  -3  -6  -6  -6  -4  -5  -6  -6   9  -3  -5  -6  -6  -6    4   0   0   0   0   0   2   1   0   0   2   0   0   0  85   2   1   0   0   1  2.74 0.96
  166 E     0  -1   2   3  -1   0   3  -1   0  -3  -3   0  -1  -3  -1   0  -1  -4  -2  -1    8   3   8  17   2   2  23   5   2   1   2   4   2   1   3   7   4   0   1   4  0.30 0.20
  167 E    -1  -2   2   4  -3  -1   2  -2  -1  -4  -4   0  -3  -3  -1   2   3  -5  -3  -3    3   2  11  20   1   2  12   2   1   0   1   5   1   1   4  16  17   0   1   1  0.49 0.30
  168 E    -2   0  -2  -1  -2   1   5  -4  -1  -2   2   0   1  -2  -1  -1  -3   0  -2  -1    3   5   1   2   1   6  35   1   2   2  19   4   4   2   3   4   1   1   1   3  0.45 0.29
  169 L     1   0   0   2  -1   1   3  -1   0  -3  -3   0  -2  -3  -1   1   0  -4  -3  -1   11   6   4  13   1   6  18   5   2   1   2   6   1   1   3  11   5   0   1   4  0.23 0.17
  170 D    -1  -1  -2   4  -1   1   4   2  -4  -4  -4  -2  -2  -5  -4   0  -1  -5  -5  -3    4   4   1  22   1   5  31  14   0   1   1   1   1   0   0   6   4   0   0   2  0.66 0.36
  171 F    -6  -6  -6  -6  -6  -6  -6  -4  -5  -4  -1  -6  -1   9  -6  -6  -6  -4   1  -5    1   0   0   0   0   0   1   2   0   0   5   0   1  81   0   1   0   0   4   1  2.65 0.86
  172 F    -1  -2  -1   0  -3  -1   0  -3   1  -1   2  -3   1   5  -4  -1  -1  -3   2  -1    5   2   3   5   1   2   7   2   3   2  18   1   4  27   0   3   4   0   7   4  0.38 0.23
  173 E     0   1   0   1  -4   2   3  -1   1  -2  -3   2  -2  -3  -3   0  -1   4  -1  -2   10   6   4   9   0   8  17   5   3   2   2  14   1   1   0   6   3   5   2   2  0.27 0.20
  174 I    -2   0  -2  -3  -2   0  -2  -4  -2   1   3  -1   3   1  -4  -3  -1   4   0   0    3   5   2   1   1   4   3   1   1   8  33   4   7   5   0   1   4   6   4   7  0.33 0.21
  175 L    -1  -4  -5  -5   0  -3  -4  -5  -1   1   4  -4   4   0  -5  -4  -2  -4  -4   4    5   1   0   0   2   1   1   1   2   7  35   0   9   3   0   1   2   0   0  29  0.76 0.37
  176 R    -1   4   2  -3  -2   0  -1  -1   4  -4  -4   3  -4  -3  -4   0   0  -2  -2  -2    4  26   8   1   1   4   3   4   9   1   1  20   0   1   0   6   5   1   1   3  0.55 0.32
  177 L    -1   0  -2  -2  -2   0  -1  -3  -1   2   1   2   2   0  -3  -1   1   1  -1   1    5   5   1   2   1   3   3   2   2  15  17  13   5   3   0   2   8   2   2   9  0.15 0.14
  178 F    -5  -4  -4  -6  -3  -5  -4  -4   0  -1   2  -4  -3   6  -6  -5  -5   4   6   0    0   1   1   0   1   0   1   1   2   3  18   1   0  29   0   0   0   5  28   7  1.24 0.53
  179 F    -6  -2  -6  -7   1  -6  -6  -1  -3  -2   0  -4  -1   9  -7  -6  -6  -4  -2  -3    0   3   0   0   3   0   0   5   1   2   7   2   1  71   0   0   0   0   0   2  2.07 0.77
  180 P    -5  -2  -5  -2  -3  -4  -3   4  -6  -6  -4  -3  -6  -7   7  -5  -5  -7  -6  -5    0   2   0   2   1   1   2  28   0   0   3   1   0   0  57   0   0   0   0   1  1.82 0.75
  181 V    -1   3   3   0   3  -1  -2  -3   1  -2  -2   1  -1  -4  -2   1   1  -1  -1  -1    3  15  17   5   6   2   1   1   3   1   4   8   1   0   2  13   9   1   2   5  0.29 0.23
  182 I    -3  -5  -4  -3  -2  -4  -5  -5  -2   3   2  -4   1   3  -5  -2   0  -4  -1   5    1   0   1   2   1   0   0   1   1  18  15   0   2  11   0   3   5   0   2  36  0.71 0.34
  183 Y    -5  -4  -4  -5  -6  -5  -6  -6  -2  -2  -2  -6  -5   4  -6  -5  -5   1   9  -2    1   1   1   1   0   0   0   0   0   2   4   0   0  15   0   0   0   1  68   3  2.30 0.81
  184 D    -5  -6  -3   8  -7  -5  -2  -5  -5  -6  -3  -5  -6  -7  -5  -5  -5  -7  -6  -5    1   0   0  89   0   0   1   0   0   0   3   0   0   0   0   0   0   0   0   1  2.61 0.91
  185 V     0  -2  -2  -3  -1  -2  -2  -1  -2   2   1  -2   1   2  -2   0   0  -2  -1   2    7   1   1   1   0   1   1   6   0  13  13   1   6  11   1   6   6   0   0  27  0.13 0.08
  186 K     0   2   1  -1  -3   0   1   0  -1  -3  -2   4   1  -3  -2   0  -1  -3  -2  -2    6   9   7   1   0   0   7   6   0   0   1  46   6   0   0   7   1   0   0   1  0.35 0.16
  187 Y    -1  -1   0  -3  -1  -2  -2  -5   5  -2   0  -1  -1   2  -5  -2  -1  -3   6   0    5   4   4   1   1   2   3   0  14   2  10   3   1   8   0   3   4   0  27   6  0.62 0.36
  188 L    -2  -5  -5  -5  -1  -4  -5  -5  -1   3   4  -2   7  -1  -3  -1  -2  -5  -1   1    2   0   0   0   1   0   0   0   1  14  32   2  24   2   2   5   2   0   2   8  0.87 0.43
  189 M     2  -2  -2  -4  -1   0  -1  -1  -1   1   0  -1   6  -1  -2  -1   1   1  -1   1   19   2   2   0   1   4   3   4   1   7   6   3  21   2   1   3   7   2   2   8  0.34 0.26
  190 K    -2   4  -1  -2  -2   0  -1   0   1  -3  -1   4   0  -3  -2  -1  -2  -1  -1  -2    3  20   2   2   1   3   3   8   4   2   5  29   3   1   2   4   2   1   2   2  0.44 0.28
  191 S    -1   0   0   2   0   1  -1  -1   4  -1  -1  -2  -1   3  -1   1  -1  -1   0  -1    4   6   5  10   2   6   3   4  10   3   5   1   1  14   3  13   2   1   3   4  0.20 0.19
  192 C    -1  -1  -2  -5   8  -2  -5  -3   1   2  -1  -5  -1   2  -5   0  -1  -5  -1   0    6   5   2   0  30   2   0   3   3  12   5   0   2   9   0   7   4   0   2   8  0.85 0.42
  193 K    -1   1   1   1  -1   2   0  -1   2  -1  -2   2   0  -2   2   0   0  -4  -1  -2    4   6   7   7   2   9   5   5   5   3   3  14   2   2  10   6   5   0   3   2  0.18 0.16
  194 N    -1   1   2   1   0   0   0   2   1   0  -2   0   0  -1  -1   0   0  -4   0  -2    4   7  12   8   2   4   5  15   4   6   3   5   2   2   3   7   4   0   4   3  0.11 0.13
  195 L    -3  -2  -1  -5   1   0  -1  -2   1  -1   4  -2   2   1  -2  -1  -1   3   0  -1    2   2   4   0   3   4   4   4   4   3  36   3   6   6   2   5   4   4   3   4  0.34 0.31
  196 K    -2   1  -1  -1   0   0  -1  -2   5  -1  -3   4  -1  -1  -1   0  -1   1   2  -2    3   6   2   3   2   4   3   4  13   3   3  23   2   3   3   8   4   2   6   4  0.34 0.31
  197 G    -2  -2   0  -2  -1  -2  -3   5  -5  -3  -3  -1   0  -1   0   1  -2   1   0  -3    2   2   4   2   2   2   2  44   0   2   3   5   2   2   5  12   2   2   3   2  0.68 0.49
  198 G    -3  -5   0  -2  -5  -2  -3   6  -5  -6  -4  -3  -5  -6  -2   2   0   0  -6  -6    2   0   4   2   0   2   2  56   0   0   2   2   0   0   2  17   5   1   0   1  1.24 0.60
  199 L    -5  -6  -6  -7  -5  -6  -6  -2  -6   0   6  -6   1  -4  -6  -6  -5  -6  -5  -2    1   0   0   0   0   0   0   3   0   5  81   0   3   0   0   1   0   0   0   3  1.83 0.77
  200 Q    -2   0   1   2  -5   4   3  -3   0  -5  -3  -2  -2  -5  -4   2   0  -5  -5  -3    3   5   7  10   0  20  21   2   2   0   3   2   1   0   0  13   6   0   0   1  0.60 0.40
  201 E     0   3   0   2  -5  -1   1  -2   2  -5  -3   2  -2  -2  -4   1   0  -1   2  -3    7  15   4  10   0   2  11   3   5   0   2  12   1   1   0  10   5   1   6   1  0.30 0.25
  202 V    -1  -5  -6  -6  -4  -5  -3  -6  -6   3   4  -5   1  -1  -5  -5  -2  -5  -4   4    5   0   0   0   0   0   2   0   0  16  36   0   3   3   0   0   2   0   0  29  0.92 0.44
  203 A     6  -5  -5  -5   1  -5  -5  -2  -5  -2  -5  -5  -5  -6  -5   2  -2  -6  -2  -3   70   0   0   0   2   0   0   3   0   3   1   0   0   0   0  13   2   0   1   1  1.50 0.69
  204 E     0   1   0   4  -2  -1   5  -2  -2  -4  -4   0  -3  -5  -4   0  -2  -5  -5  -4    6   6   4  21   1   3  34   3   1   1   2   6   1   0   0   8   1   0   0   1  0.69 0.39
  205 Q    -1   0  -1   1  -2   2   3  -3   1  -1   0   0   0  -2  -2   0   0  -4  -1  -1    6   4   3   8   1   8  19   1   4   4  10   6   2   2   1   8   6   0   1   5  0.15 0.15
  206 L    -5  -2  -6  -6  -5  -2  -5  -3  -5  -3   6  -5   1   0  -6  -5  -5  -5  -2  -1    1   2   0   0   0   2   0   2   0   0  78   0   3   4   0   1   0   0   1   3  1.50 0.63
  207 E    -2  -1   1   0  -5   1   1   5   2  -5  -4   2  -3  -4  -4  -2  -4  -2  -4  -3    2   3   8   5   0   7   8  41   6   0   1  11   1   1   0   2   0   1   0   2  0.70 0.38
  208 L    -2  -3  -6  -6   0  -5  -6  -6  -6   4   3  -5   1  -2  -6  -5  -4  -1  -4   5    3   2   0   0   2   0   0   0   0  18  22   0   3   1   0   0   0   1   0  45  1.11 0.51
  209 E    -1   1  -1   0  -1   2   2  -3  -1  -3  -1   2  -1  -2   3  -1  -1  -2  -1  -1    4   9   3   6   1  10  12   2   1   1   5  12   1   1  17   4   3   1   2   5  0.29 0.22
  210 R     0   8  -1  -6  -7   0  -3  -6  -2  -5  -4  -2  -5  -6   1  -3  -5   1  -3  -6    7  67   2   0   0   3   1   0   1   1   2   1   0   0   8   1   0   2   1   0  1.72 0.76
  211 I     0  -2  -3  -2   1  -2  -1  -4  -1   3   0  -3   0   2  -2  -2  -1  -4   1   3   10   2   1   2   3   2   4   0   1  21   8   1   1   8   2   2   2   0   4  24  0.34 0.23
  212 G    -2  -1  -3  -1  -6  -3  -3   7  -5  -6  -4  -5  -6  -2   0   0  -5  -6  -4  -4    3   3   1   3   0   1   2  67   0   0   2   0   0   2   5   6   0   0   1   2  1.40 0.63
  213 P    -1   1  -2  -3  -4   0  -1  -1  -2   1  -1   1  -1  -3   4  -1   1  -5  -3   0    5   9   2   1   0   5   3   4   1  10   6   9   2   1  24   5   8   0   1   6  0.33 0.23
  214 Q     2  -1   0  -2   3   4   0  -2  -2  -3  -3  -1   0   1   0   2  -2  -4  -3  -1   17   3   3   2   6  21   5   3   0   1   2   2   3   7   4  15   1   0   0   3  0.34 0.29
  215 H    -3  -1  -1  -5  -6  -1  -4  -4  10  -3  -5  -4   0  -1  -1  -2  -1   0  -1  -4    2   3   3   0   0   2   0   1  65   2   1   1   2   2   3   4   3   1   2   1  2.09 0.80
  216 Q    -3  -2  -2  -4  -2   7  -3  -5   4  -5   0  -3  -1   0   0  -1   1  -5  -4  -3    2   1   1   0   1  53   0   0   8   0   9   1   1   5   4   5   7   0   0   1  1.20 0.63
  217 A     6  -3  -3  -5  -4  -2  -4  -3  -5  -5  -5  -4  -5  -4  -5  -1   1  -6  -5  -2   76   2   1   0   0   2   0   1   0   0   0   0   0   1   0   4   8   0   0   3  1.50 0.70
  218 G     0  -6  -2  -4  -6  -5  -5   7  -5  -6  -6  -5  -1  -6  -6  -1  -5  -6  -6  -6    7   0   2   1   0   0   0  81   0   0   0   0   2   0   0   4   0   0   0   0  1.98 0.76
  219 S     0  -2  -2  -4  -5  -3  -2   0  -1  -4  -5  -4  -5  -5   0   6  -2  -1   0  -4    7   2   2   0   0   1   2   7   1   1   1   0   0   0   4  65   1   1   4   1  1.17 0.62
  220 D    -3  -4   1   7  -6   2  -2  -1  -2  -6  -4   1  -3  -6  -5  -2  -3  -6  -4  -5    2   0   6  59   0   9   1   4   1   0   2   7   1   0   0   3   1   0   1   0  1.33 0.59
  221 S     2  -4  -2  -4  -2  -3  -4  -3  -5  -6  -6  -4  -5  -6  -5   7  -3  -6  -5  -5   17   1   1   0   1   1   0   1   0   0   1   0   0   0   0  74   0   0   0   0  1.68 0.78
  222 L    -3  -3  -5  -5  -4  -3  -3  -5   1   0   5  -3   0  -1  -5  -3  -4   2   0   1    2   1   0   0   0   1   2   0   4   3  62   1   2   2   0   2   0   2   4  10  0.93 0.45
  223 L    -4  -1  -5  -5  -4  -3  -5  -6  -2   1   5  -5   1  -1  -5  -3  -1  -5  -4   2    0   3   0   0   0   1   0   0   1   5  63   0   3   2   0   2   3   0   0  14  1.01 0.47
  224 T     2  -5  -2  -5  -4  -4  -5  -5  -5  -1  -5  -4   0  -5  -5  -1   7  -6  -5  -2   15   0   2   0   0   0   0   0   0   4   0   0   2   0   0   4  68   0   0   2  1.55 0.72
  225 G     1  -4  -3  -4   4  -3  -4   2  -2  -1   3  -4   1  -3  -4   1  -2   4  -3  -2   11   1   1   0  10   1   1  17   1   2  28   0   4   1   0  12   1   7   0   1  0.48 0.32
  226 M    -1   2  -2   1   1   2   0  -2   5  -3   0   0   2  -1  -4   0  -2  -4   0  -3    6  11   1   7   3  10   6   3  18   0  12   5   5   2   0   6   2   0   2   1  0.31 0.24
  227 A     3  -4  -4  -5   5  -4  -4  -3  -5   2  -1  -4  -2  -4  -3  -1   3  -5  -4   3   23   0   0   0  11   0   0   2   0  10   3   0   1   0   1   4  19   0   0  25  0.67 0.39
  228 F    -6  -6  -6  -7  -1  -6  -6  -6  -1  -4  -3  -6  -2   9  -7  -6  -6   0   5  -5    0   0   0   0   2   0   0   0   1   0   2   0   1  74   0   0   0   1  16   0  2.44 0.84
  229 F    -2   0   0  -4   0   0  -2  -4   0  -1   1   0   2   5  -4  -1   0   3   0  -1    4   6   5   1   2   4   2   0   2   2  11   5   7  30   0   4   6   4   2   3  0.41 0.26
  230 K     0   2  -1  -3  -5   1   2  -3  -1  -1  -3   5  -2  -5  -4   0  -1  -5  -4  -3    7   9   3   1   0   7  14   1   1   4   2  39   1   0   0   7   3   0   0   2  0.61 0.37
  231 M    -2  -5  -5  -6  -4  -4  -5  -6  -5   3   4  -5   8  -1  -5  -4  -3  -5  -4   0    2   0   0   0   0   0   0   0   0  14  36   0  36   2   0   1   1   0   0   4  1.33 0.57
  232 R    -1   5  -2  -3  -1  -1  -2  -3  -3  -3   0   4   1  -4  -4  -1  -1  -3  -4  -2    6  33   1   1   2   2   1   1   0   1   9  30   4   0   0   3   3   0   0   3  0.73 0.40
  233 E    -2   3   0   2  -5   1   4  -2   0  -4  -3   2  -2  -3  -3  -1   0  -4  -2  -4    2  14   5  12   0   6  28   3   2   0   2  14   1   1   1   3   5   0   1   0  0.50 0.30
  234 M    -2   2  -1  -2  -2   1  -1  -3   1   1   2   1   3  -2  -2  -1  -1  -4  -3   1    1  12   3   2   1   5   3   1   4   9  23   9   9   1   1   5   4   0   0   8  0.20 0.19
  235 F    -4  -2  -4  -5   1  -4  -4  -4   1   1   0  -3   0   5  -4   0  -4  -2   6   0    1   2   1   0   4   0   1   1   4   8   9   1   2  24   1   7   0   0  28   7  0.82 0.42
  236 F    -4   0  -5  -5  -1  -5  -4   0  -1  -2   0  -4   0   8  -3  -3  -4  -1   1  -3    1   6   0   0   1   0   1   9   1   2   9   1   3  55   1   2   0   1   4   1  1.20 0.52
  237 E    -1   1   2   2  -4   1   2   0   1  -3  -3   0  -1  -1   2   0  -1  -4  -2  -2    3   8  11  13   0   5  15   6   4   1   2   6   2   3   9   7   2   0   1   3  0.25 0.18
  238 D    -1  -2   3   4  -3   0  -1   3  -3  -3  -3   1  -4  -4  -2   0  -1  -4  -1  -4    4   1  15  22   1   3   3  24   0   1   3   9   0   0   1   6   3   0   2   1  0.48 0.29
  239 H     0   0   3   1  -2   0   2   1   2  -2  -3   1  -1  -3  -3   1  -1  -4  -2  -2    6   4  14   6   1   4  13  12   6   2   2   9   2   1   0  12   3   0   1   2  0.22 0.17
  240 I    -1  -3  -2  -2  -2  -2  -3   0  -1   4   1  -2   2   2  -2  -2   0   0  -1   1    3   1   2   3   0   1   1   9   1  26  12   2   5   8   2   2   7   1   2  11  0.22 0.17
  241 D    -2  -2   1   6  -3  -1   2  -1   0  -4  -3  -2  -4  -5   1   0  -2  -5  -3  -3    3   1   5  44   1   2  11   5   2   1   3   2   0   0   8   8   2   0   1   1  0.78 0.40
  242 D    -1  -1   0   4  -3  -1   1  -2   0  -1   1  -2  -1   1  -1  -2  -1  -3  -2   0    3   2   3  23   0   2  11   3   2   3  18   1   1   8   4   2   3   0   0   8  0.23 0.19
  243 A     2  -1   0   2  -1   0   2  -1   0  -2  -1   0  -2  -3  -1   2   1  -4  -2  -1   17   3   3  10   1   4  15   4   2   2   6   4   0   0   3  14   7   0   1   3  0.18 0.16
  244 K    -1   2   0  -2  -4   0   0  -3  -2  -3  -2   5  -1  -4  -2   0  -2  -2  -1  -2    6  11   5   1   0   4   5   2   1   1   3  43   2   0   1   7   2   1   2   4  0.61 0.35
  245 Y    -3  -3  -3  -5   3  -4  -4  -5   5  -3  -2  -5   1   5  -4  -4  -3  -3   7  -3    2   1   1   0   6   0   1   1  15   1   4   0   3  20   1   1   1   0  39   2  1.40 0.60
  246 C     3   1   1  -1   4   0  -1  -2  -3  -2  -1   2  -1  -4  -3   1  -2  -5  -3  -1   25   9   7   4   9   4   3   2   0   2   5  16   2   0   0   9   1   0   0   3  0.31 0.26
  247 G    -4  -3   4  -3  -2  -5  -4   7  -4  -7  -5  -5  -6  -7  -6  -3  -5  -7  -4  -6    0   2  18   1   1   0   1  73   0   0   1   0   0   0   0   1   0   0   1   0  1.88 0.79
  248 H    -2  -1  -3  -4   0   1  -2  -5   4   1   1   2   1  -1  -5  -3  -2  -4   0   4    2   3   1   0   2   8   1   0  11   8  11  12   3   3   0   1   2   0   3  29  0.42 0.32
  249 L    -5  -6  -5  -5  -5  -6  -6  -7  -6   5   5  -6   1  -2  -6  -6  -4  -6  -5   1    0   0   1   1   0   0   0   0   0  33  53   0   3   1   0   0   0   0   0   8  1.37 0.60
  250 Y    -3  -6  -5   0  -3  -2  -3  -7   2  -6  -5  -6  -5   4  -7  -6  -6   7   8  -6    2   0   0   6   1   2   1   0   4   0   0   0   0  15   0   0   0  15  53   0  2.08 0.83
  251 G    -3  -7  -5  -6  -7  -7  -7   8  -7  -9  -9  -6  -8  -8  -7  -5  -6  -7  -8  -8    1   0   0   0   0   0   0  99   0   0   0   0   0   0   0   0   0   0   0   0  2.81 1.00
  252 L    -5  -6  -7  -8  -5  -6  -7  -8  -7   4   6  -6  -2  -3  -7  -6  -5  -6  -5  -2    0   0   0   0   0   0   0   0   0  19  81   0   0   0   0   0   0   0   0   0  1.83 0.72

                      K         Lambda
Standard Ungapped    0.1407     0.3230
Standard Gapped      0.0532     0.2670
PSI Ungapped         0.1739     0.3142
PSI Gapped           0.0532     0.2670
