
Last position-specific scoring matrix computed, weighted observed percentages rounded down, information per position, and relative weight of gapless real matches to pseudocounts
            A   R   N   D   C   Q   E   G   H   I   L   K   M   F   P   S   T   W   Y   V   A   R   N   D   C   Q   E   G   H   I   L   K   M   F   P   S   T   W   Y   V
    1 H    -2  -1   4   4  -4   2   3  -2   4  -4  -4  -1  -3  -4  -2  -1  -1  -4  -2  -4    0   0  27  32   0   9  19   0  14   0   0   0   0   0   0   0   0   0   0   0  0.63 0.10
    2 M    -5  -6  -7  -3  -6  -5  -6  -7  -6  -3  -1  -6  11  -4  -7  -6  -5  -6  -6  -4    0   0   0   2   0   0   0   0   0   0   3   0  95   0   0   0   0   0   0   0  3.42 1.09
    3 Q    -3   3  -2  -2  -5   0  -1  -4   3   1   0   4   0  -1  -4  -3  -1  -4   2  -2    0  17   1   1   0   3   4   0   8  11  10  29   2   2   0   0   3   0   8   1  0.46 0.30
    4 L    -1   1   0   1  -3  -1   2  -1  -2   0  -1   0  -2  -3   2  -1   1  -4   0   1    2  10   5  10   0   2  13   3   0   6   6   5   0   0  11   2  11   0   4  10  0.16 0.15
    5 E    -5  -2  -4  -3  -8  -2   8  -6  -4  -7  -7  -2  -6  -7  -5  -4  -2  -7  -6  -7    0   1   0   0   0   0  95   0   0   0   0   1   0   0   0   0   2   0   0   0  2.46 0.92
    6 I    -4  -4  -7  -7  -1  -4  -6  -7  -7   6   2  -6  -2  -4  -6  -6  -4  -6  -5   4    0   1   0   0   1   1   0   0   0  52  14   0   0   0   0   0   0   0   0  31  1.47 0.62
    7 Q     4   0   0  -1   0   2   1  -3  -2  -4  -3   1  -2  -5  -1   1   0  -5  -3  -1   35   4   5   2   2   9  10   1   0   0   1  10   1   0   2   9   4   0   0   5  0.39 0.31
    8 V     4  -2  -3  -4   1   1   1  -3   2  -2  -3  -2  -3  -3  -4   1   0  -5  -2   1   41   2   0   0   3   7   9   0   6   2   1   1   0   1   0   8   7   0   1  13  0.53 0.39
    9 A     6  -5  -5  -4  -4  -4  -2   1  -5  -4  -1  -4  -4  -5  -5  -2   1  -6  -5   0   68   0   0   1   0   0   2   8   0   0   7   0   0   0   0   1   8   0   0   6  1.18 0.63
   10 L     2  -6  -6  -6  -1  -5  -5  -4  -6   2   0  -5  -1  -4  -5  -2  -1  -6  -5   6   20   0   0   0   1   0   0   1   0  10   6   0   1   0   0   2   3   0   0  56  1.12 0.56
   11 N     0   0   3   1   2   0   0   0   0  -3  -2   0  -2   2  -3   1   0  -2  -2  -2    7   5  18   8   5   3   6   7   2   0   4   4   0  12   0   9   6   0   0   3  0.19 0.19
   12 F    -6  -7  -4  -8  -2  -7  -7  -7   2  -3  -4  -7  -4   9  -8  -7  -6   4   3  -3    0   0   1   0   1   0   0   0   5   1   0   0   0  77   0   0   0   5   9   2  2.51 0.94
   13 I    -4  -6  -7  -7  -4  -6  -6  -7  -6   4   5  -6   0   0  -6  -5  -3   2  -4   2    1   0   0   0   0   0   0   0   0  26  51   0   1   3   0   0   1   3   0  14  1.19 0.56
   14 I     2  -1  -3  -3   1  -3  -3  -2  -2   0  -2   0   0  -2  -4   2   4  -5  -4   1   19   2   0   1   3   0   0   2   1   5   3   6   2   1   0  16  29   0   0  10  0.46 0.38
   15 S    -2   5   1  -3  -5   1  -1  -1   0  -3  -5   2  -3  -4  -4   2  -1  -6  -4  -3    3  36   6   1   0   5   3   4   2   2   0  13   1   1   0  20   3   0   0   2  0.71 0.46
   16 Y    -4  -3  -4  -4  -2  -4  -5  -5   0   0   4  -2   2   4   1  -3  -3  -1   3  -2    0   1   1   1   1   1   0   1   2   5  42   3   4  20   7   2   0   1  10   1  0.76 0.45
   17 L     0  -5  -6  -7  -4  -5  -6  -6  -6   3   5  -5   3  -2  -6  -5  -3  -5  -2   2    7   0   0   0   0   0   0   0   0  13  56   0   7   1   0   0   1   0   2  13  1.07 0.54
   18 Y    -1   4   0  -4  -2   1  -3  -4   5  -1  -1   0  -1   0  -2   0  -1  -4   3  -2    6  27   5   0   1   5   0   1  14   4   5   6   1   3   1   8   3   0  10   2  0.45 0.33
   19 N     0   0   2   2  -4  -1   1   2   2  -3  -3   0  -1  -4  -2   1   2  -4  -3  -2    7   4   9  10   0   2   8  18   6   1   2   5   1   0   1   8  16   0   0   2  0.28 0.23
   20 K    -1   4   0  -3   0   1  -1  -2   2  -3  -3   5  -4  -5  -3  -1   0  -5  -4  -3    4  22   5   0   2   5   2   3   4   1   3  36   0   0   1   5   6   0   0   1  0.65 0.42
   21 L    -3  -4  -5  -2  -1  -3  -2  -2  -3   3   4  -3   1   0  -5  -3  -2  -4   1   2    0   1   0   2   1   1   3   4   1  15  41   1   2   3   0   1   2   0   6  15  0.54 0.35
   22 P    -1  -3   1   2   0  -3   0  -3  -2  -5  -5   0  -2  -6   5   2   0  -6  -5  -3    4   1   8  11   2   0   6   1   1   0   0   5   1   0  34  19   4   0   0   1  0.83 0.49
   23 R     0   4   0   0  -5   0   2  -2   1  -3  -3   2  -3  -5   1  -1  -1  -5  -4  -3    9  23   5   5   0   4  16   3   3   2   2  13   0   0   6   3   4   0   0   2  0.40 0.30
   24 R    -1   4  -2   2  -1   3   3  -1   0  -4  -3   0  -2  -5  -3   0  -1  -2  -4  -3    4  21   1  13   2  15  17   4   2   1   3   5   1   0   1   7   4   0   0   2  0.45 0.35
   25 R     0   4  -1  -1  -5   4  -1  -3   1  -3  -3   2  -2  -3   0  -1   0  -5  -4  -1    6  21   2   2   0  23   2   1   3   2   2  13   1   1   5   4   7   0   0   4  0.51 0.39
   26 V     0  -1  -2  -4  -3  -2  -2  -3  -4   3   2  -3   1  -2  -1  -1   0  -4  -3   2    9   4   2   0   0   1   2   1   0  19  25   1   3   1   3   4   5   0   0  18  0.34 0.25
   27 N    -1   0   2   3   2   2   3  -2   0  -2  -4   1  -2  -5  -2   1  -2  -5  -4  -2    3   4  11  16   5  10  18   2   2   3   1   8   1   0   1   9   1   0   0   3  0.39 0.30
   28 I     0   1  -1   0   0   0  -1  -2   0   1   1   1   0  -2  -2   0   1  -4  -3   1    6   8   3   4   2   3   3   1   2   8  18  11   1   1   1   6  10   0   0  10  0.09 0.13
   29 F    -6  -7  -7  -7   0  -2  -3  -7  -6  -4   1  -7  -4   9  -1  -3  -6  -4  -2  -5    0   0   0   0   2   2   2   0   0   0  13   0   0  75   3   2   0   0   0   0  2.22 0.90
   30 G     2   1  -1  -3   0   1  -1   1   0  -2  -2   0   2   0   1   1  -1  -4  -3  -2   23   7   2   0   2   8   3  11   3   2   2   5   6   4   7  10   3   0   0   2  0.20 0.22
   31 E     0  -1  -1   2  -1   1   4  -2   0  -2  -2   0  -2  -2  -3   1  -1  -1   0  -2    8   3   2  10   2   6  32   3   2   2   4   5   1   2   0   9   2   1   3   2  0.35 0.30
   32 E     1   1   1  -2   1   1   2  -1   1  -1  -2   1  -1  -3  -3   2   0  -4  -1  -1   10   6   7   0   3   4  17   3   4   4   2  10   1   0   0  15   5   0   2   5  0.18 0.19
   33 L    -4  -4  -5  -5  -4  -4  -5  -5  -4   0   5  -5   3   2  -1  -4  -4  -4   1   0    1   0   0   0   0   0   0   1   0   4  66   0   6   7   4   1   0   0   5   5  1.09 0.52
   34 E     1   0  -1  -1   0   2   2   0   0   0  -1   0   1   0  -3   0   1  -3  -2  -1   12   5   2   3   3   9  14   5   3   5   3   4   6   4   0   6  11   0   0   4  0.11 0.17
   35 R     0   1   2   1  -3   1   1  -1   0  -1  -1   0   1   0  -1   0   0  -3  -2  -1    9   6  11   7   0   7  11   3   3   3   4   6   6   5   2   6   7   0   0   5  0.10 0.13
   36 L     0   0   0  -2   2   1   0   0   2   0   0   0   1   1  -2   0   0  -2   1   0    6   6   6   0   6   6   6   6   6   6   6   6   6   6   0   6   6   0   6   6  0.04 0.09
   37 L    -4  -5  -5   1  -5  -5  -5  -6  -5   2   5  -5   3   2  -5   0  -4  -5  -4   0    1   0   0   7   0   0   0   0   0  10  49   0   8   9   0   7   0   0   0   7  0.93 0.39
   38 K     0   0   0   0   2   0   0  -1   1   0  -1   0   1   0   0   0   0  -3   1   0    5   5   5   5   5   5   5   5   5   5   5   5   5   5   5   5   5   0   5   5  0.03 0.06
   39 K     1   0   0   0   1   1   4  -1   1  -1  -2   1  -3  -4   0   0   0  -4  -3  -1   11   5   4   5   3   4  31   3   3   3   3   7   0   0   4   4   5   0   0   3  0.27 0.23
   40 K     0   1   1   1  -3   1   1  -2   2  -2  -1   1  -1  -2  -2   0   1  -3   1   0    8   8   8   8   0   8   8   0   8   0   8   8   0   0   0   8   8   0   8   8  0.13 0.13
   41 Y    -3  -4  -1  -4   2  -4  -4  -5   1   1   0  -4  -2   5  -5  -4  -1  -1   6   0    0   0   3   0   4   0   0   0   3   8   6   0   0  24   0   0   4   0  35   7  0.89 0.46
   42 E     0   1   0   0   0   2   1  -1   0  -2  -1   2   2  -1  -2   0   0  -3  -1  -1   10   8   3   5   2  10   9   3   2   0   6  18   8   2   0   4   4   0   2   2  0.13 0.15
   43 G    -1   0   2   1  -2   0  -1   3   3  -2  -3  -1  -2  -3   2   1  -1  -3   0  -3    3   4  10   8   1   3   2  22   8   3   1   3   1   0   9  10   1   0   5   0  0.23 0.18
   44 H    -2   0   0  -3   2   0  -2  -3   8  -4  -4   0  -3  -1  -3   1   2  -4  -1  -3    2   4   2   1   4   4   1   1  42   1   1   7   0   2   1   9  14   0   0   1  0.83 0.38
   45 W    -4  -4  -4  -5   1  -4  -4  -4  -4  -4  -4  -4  -4   1  -5   1  -4  12  -1  -4    1   0   0   1   3   0   1   1   0   1   1   1   0   6   1  10   1  67   0   1  2.64 0.72
   46 Y    -2   1   0   1   2  -2  -1  -3   4  -3  -3  -1  -3   3  -3  -1  -3  -1   5  -2    3   8   5   9   5   0   4   1  13   0   1   2   0  14   0   3   1   0  27   3  0.54 0.31
   47 P    -1  -2  -1  -3  -4  -1  -1  -4  -3   0  -1  -3  -3  -4   7   1  -1  -4  -4   0    3   2   2   0   0   2   4   1   0   5   6   1   0   0  51   9   4   0   0   7  1.03 0.41
   48 E    -1  -1   1   4  -4   0   3  -1   2  -2  -2   0  -1  -4   1   0  -1  -4  -3  -3    4   2   5  23   0   3  23   3   6   2   4   4   2   0   6   7   3   0   0   0  0.37 0.22
   49 K    -1   0   2   2   2   1   2  -2   2  -2  -2   1  -1  -2  -2   0   0  -3  -1   0    4   2  14  10   6   5  16   0   5   2   2  12   2   2   0   4   4   0   1   7  0.21 0.16
   50 P    -1  -4  -4  -4  -5  -4  -4  -4  -4  -4  -5  -4  -4  -5   8  -1  -3  -5  -5  -1    4   0   0   0   0   0   0   1   0   0   1   0   0   0  75   5   0   0   0   5  1.98 0.69
   51 Y    -1  -1  -1   0   2   1   2  -3   0  -1   0   0  -1   1  -2   2   0   0   1  -2    3   2   2   5   6   7  14   0   2   2   8   6   1   8   1  19   6   1   4   2  0.14 0.15
   52 K    -2   4  -1  -3  -4   1  -2  -4   0  -3  -3   5  -3  -2  -3  -1  -3  -4   0  -2    2  27   3   0   0   6   1   1   2   2   2  40   0   2   0   4   0   0   3   4  0.78 0.38
   53 G     0  -4  -3   0  -4   0   0   6  -4  -5  -5  -3  -4  -5  -4  -3  -3  -4  -4  -4    6   1   0   5   0   5   6  71   0   1   1   1   0   0   1   1   1   0   0   1  1.37 0.49
   54 S    -2  -2  -1  -2   0   4   2  -2  -2  -1  -4  -1  -3  -1  -3   4   0  -4  -3  -3    1   0   2   0   2  21  14   3   0   4   1   1   0   3   0  41   5   0   0   1  0.60 0.38
   55 G     4  -2  -1  -3   1  -1  -2   4  -3  -3  -2  -1   0  -4  -3   0  -2  -4  -4  -1   39   2   2   0   3   2   2  30   0   0   2   4   3   0   0   4   0   0   0   5  0.55 0.31
   56 F     0   1  -1  -2  -2   1   1  -2   2  -1   0   1  -1   1   1   0   0  -2   2   0    8   8   0   0   0   7   8   1   7   0   8   8   0   7   8   8   8   0   7   8  0.11 0.12
   57 R    -5   8  -4  -5  -6  -3  -4  -6  -1  -6  -2  -2   0  -6  -2  -2  -5  -6  -5  -6    0  84   0   0   0   0   0   0   1   0   5   0   2   0   2   3   0   0   0   0  2.15 0.82
   58 C     0  -5  -5  -5  10  -5  -5  -5  -5  -1  -2  -5   2  -5  -5   2   0  -5  -5   0    7   0   0   0  54   0   0   0   0   3   4   0   5   0   0  13   4   0   0   6  1.76 0.68
   59 I    -4  -5  -1  -5  -4  -5  -5  -6  -5   6   3  -5   0   0  -5  -5  -4  -5  -4   2    0   0   3   0   0   0   0   0   0  49  27   0   2   3   0   0   0   0   0  11  1.15 0.52
   60 H    -1   5   1  -2  -2  -1  -2  -4   3  -2  -2   0  -1   0  -2  -1   1  -4  -1  -2    5  36   7   2   1   2   1   0   8   3   4   5   1   4   2   4  11   0   2   2  0.51 0.34
   61 I    -2  -5  -2  -2   4  -3  -4  -5  -1   4   1  -4   1   0  -5  -2   2   3   0   1    2   0   2   2   9   1   0   0   2  30  13   0   3   4   0   2  12   4   3  10  0.53 0.34
   62 G    -2  -4   5   1  -2  -1   0   3  -1  -6  -6  -1  -5  -6  -2   2   1  -6  -5  -5    3   0  33   7   1   3   6  19   1   0   0   4   0   0   2  13   9   0   0   0  0.75 0.45
   63 E     0  -1   0   1   0   2   2   0   4  -5  -4  -1  -4  -5   3  -1  -1  -5  -1  -3    6   4   5   6   3  11  16   8  13   0   1   2   0   0  15   3   4   0   2   2  0.43 0.31
   64 K    -2   3   1  -1   1   1  -1   1   2  -4  -3   3  -1  -2   1   0   1  -4  -1  -2    2  16   6   2   3   5   2  10   5   0   1  21   1   2   7   5   8   0   2   2  0.30 0.25
   65 V     0   0   0  -3   3   0  -1  -1  -3   0   1   0   2  -1  -1   0   0   0  -2   1    6   4   6   0   8   4   3   4   0   4  14   6   8   3   2   7   6   2   0  13  0.09 0.15
   66 D    -2  -4   0   6   0  -3   0  -2   1  -5  -1  -4  -4  -5   1  -1  -2  -6   0  -2    3   0   3  55   2   0   5   3   3   0   8   0   0   0   7   3   2   0   3   3  0.99 0.57
   67 P     0  -1  -1  -1   1   0   1  -2   0  -1  -2   0  -3  -1   6  -1   0  -4   0  -4    7   3   3   4   3   3   8   3   3   3   4   5   0   3  36   4   5   0   3   0  0.58 0.38
   68 V    -1  -1  -3   0   3   0  -1  -2  -3   2   1  -2   1   0  -1   0   0  -3   0   2    4   3   0   7   8   4   3   3   0  12  12   0   4   3   3   6   6   0   3  18  0.13 0.17
   69 I    -3  -5  -5  -6  -4  -5  -5  -1  -5   3   3  -5   2   4  -5  -4   0  -4  -2   2    0   0   0   0   0   0   0   5   0  20  30   0   5  17   0   0   6   0   0  17  0.72 0.37
   70 E     0   0  -2  -1   0   0   3   0   0   0   1  -1  -1  -2  -1   0  -1  -3   1  -1    8   6   1   1   3   3  21   8   3   6  14   3   1   0   2   6   4   0   7   4  0.11 0.15
   71 Q     1   2   0  -1  -4   2   0  -2   0  -1  -2   3   2  -4  -3   1   0  -4  -3  -2   12  11   3   2   0  11   6   3   2   3   4  17   7   0   0  10   7   0   0   2  0.26 0.21
   72 A     6  -5  -5  -5   3  -1  -4  -4  -5   1  -2  -4  -4  -5  -4   1  -1  -6  -5   0   62   0   0   0   5   3   0   0   0   7   4   0   0   0   0   8   3   0   0   7  1.06 0.53
   73 S     5  -5  -5  -5   6  -4  -5  -1   0  -1  -2  -4   1  -1  -5  -1  -1  -6  -5  -1   53   0   0   0  18   0   0   5   2   3   2   0   3   3   0   3   3   0   0   3  1.04 0.51
   74 K     0   2  -1  -1  -1   2   1  -2   2  -1  -2   2   0  -2  -3   0   0   0  -1  -1    8  14   2   2   1   8   8   2   6   5   3  15   2   2   0   8   6   2   2   3  0.17 0.15
   75 E     1   2   1   0  -1   2   3  -2  -1  -3  -1   0   0  -4  -2   1   0  -1  -3  -1   11  10   6   3   2   8  22   2   1   0   6   6   2   0   1   9   4   1   0   4  0.23 0.20
   76 S     2  -4  -3  -4   4  -3  -2  -2  -4   3  -1  -2  -1  -4  -2   3  -1   0  -4   1   18   0   0   0   8   0   3   2   0  16   5   2   1   0   1  28   3   2   0  11  0.47 0.33
   77 G    -1  -2   2   0  -1  -2  -2   6   1  -6  -5  -1  -5  -2  -5  -1  -4  -6  -2  -6    4   2  11   5   2   2   2  57   3   0   1   4   0   2   0   3   0   0   2   0  1.07 0.53
   78 L    -3  -5  -3  -5  -2  -5  -2  -6  -5   4   4  -5   0   0  -3  -4  -2  -5  -4   3    1   0   1   0   1   0   3   0   0  23  39   0   1   3   2   1   2   0   0  21  0.83 0.43
   79 D    -2   0   2   3  -4   1   0  -3   3  -4  -2  -1  -2  -5   0   3   1  -5  -4  -1    2   6  10  16   0   6   5   0   6   0   4   3   1   0   4  24   7   0   0   4  0.39 0.31
   80 I     0  -2  -1  -2   0   1  -1  -2   0   1  -1  -1  -1   2   1   0  -1   4   4  -1    7   2   3   1   2   6   4   2   2   8   6   3   1   8   7   6   2   7  17   5  0.22 0.19
   81 D     0   1   0   1  -1   2   2  -1   0  -4  -3  -1  -3  -1   1   3   0  -2  -3  -3    6   9   3   7   2  11  12   3   3   0   1   2   0   3   6  22   6   1   0   2  0.29 0.26
   82 D     0   0   0   0   2   0   0   0   1   0  -1   0   1   0  -2   0   0  -2   1   0    6   6   5   6   5   5   6   6   5   6   6   6   5   5   0   6   6   0   5   6  0.03 0.07
   83 V    -1  -1  -4  -4  -4  -3   0  -1  -4   2   3  -3   2   1  -4  -1  -3   4  -3   1    5   5   0   0   0   0   6   5   0  13  33   0   6   6   0   5   0   7   0   8  0.43 0.28
   84 R     0   3  -1  -1  -2   1   1  -1   1  -2   0   1   1   1  -1   0  -1  -2   0  -1    7  18   2   3   1   5   8   5   4   1  12   7   4   6   2   8   2   0   4   3  0.09 0.11
   85 G     1   1   0   0  -2   1   1  -1  -2  -2   0   1   0  -2  -1   1   0   1   0  -2   17   8   5   4   0   5  11   4   0   1   9   8   2   1   2  11   5   2   3   1  0.12 0.12
   86 N     1  -1   2  -1   3  -2  -3   1   1  -1   2  -2  -1  -1  -1  -1  -2   1  -1  -2   11   3  11   4   7   1   0  10   4   2  28   2   1   2   2   4   2   2   2   1  0.18 0.20
   87 L    -2  -3  -6  -6  -5  -5  -3   0  -5   0   5  -5   2   3  -6  -3  -4  -4  -2   0    3   2   0   0   0   0   2   7   0   5  58   0   5  13   0   2   0   0   1   4  0.90 0.50
   88 P    -3  -4   0  -3  -7  -3  -5   1  -1  -7  -5   0  -6  -7   8  -3  -3  -2  -7  -4    2   1   5   2   0   1   0  12   2   0   1   5   0   0  66   1   1   1   0   1  1.81 0.81
   89 Q     0   2   1   1   2   1   1  -3   0  -2  -2   1   1  -2   0   1   0  -2  -3  -2    5  12   6   9   4   7   9   1   2   1   3   8   5   1   4  14   4   1   0   2  0.20 0.19
   90 D    -1   0   1   1  -1   0   6   0   1  -6  -4   0  -5  -6  -2  -2  -1  -6  -5  -5    4   4   8   8   1   2  51   6   3   0   2   4   0   0   1   2   3   0   0   0  0.89 0.52
   91 L    -4  -5  -6  -6  -1  -5  -6  -6  -5   1   4  -6   4   5  -6  -3   0   6  -2   0    0   0   0   0   1   0   0   0   0   8  34   0  10  22   0   1   7  11   0   6  1.02 0.52
   92 S    -1  -1  -1   1  -1  -3   1  -3  -4   0  -2  -3  -3  -2  -4   0   5  -5   1   0    4   3   2   9   2   0  12   1   0   5   4   0   0   2   0   7  39   0   4   6  0.52 0.40
   93 V    -2  -5  -6  -6   1  -5  -6  -6  -5   4   4  -5   5   1  -6  -5  -4  -5  -4   2    4   0   0   0   3   0   0   0   0  22  37   0  15   5   0   0   0   0   0  14  0.95 0.46
   94 W    -4  -1  -7  -8  -2  -6  -2  -3  -2  -7  -4  -7  -6   3  -8  -4  -4  12   2  -7    2   4   0   0   1   0   3   3   1   0   1   0   0  12   0   1   1  66   6   0  3.01 1.02
   95 I     1  -4  -4  -5   3  -4  -4  -4  -4   5   0  -4   2  -2  -4  -1  -1   1  -3   3   10   0   0   0   6   0   0   0   0  36   6   0   6   0   0   6   2   2   0  26  0.62 0.26
   96 D    -4   2   3   6  -5  -2  -1  -4  -3  -2  -4  -2   2  -5  -4  -1   1  -6  -5  -4    0  11  16  52   0   0   0   0   0   3   0   0   7   0   0   3   9   0   0   0  1.04 0.38
   97 P    -4   0   0   0  -6   0   0  -5  -4  -6  -6  -3  -5  -7   8  -3  -4  -7  -6  -5    0   6   4   5   0   5   6   0   0   0   0   0   0   0  74   0   0   0   0   0  2.04 0.54
   98 F    -2  -2  -1  -1  -1  -2  -3   5  -1  -4  -1  -2  -2   1  -4  -2  -3   0   2  -4    1   2   2   2   1   1   1  57   1   0   7   2   1   7   0   2   1   1   8   0  0.76 0.29
   99 E    -2   3  -1   0   3   0   3  -2   0  -3  -1   0  -1  -4  -3   2  -1  -4  -2  -2    1  18   1   4   8   3  27   1   2   0   6   4   1   0   0  18   1   0   1   2  0.36 0.22
  100 V    -1  -5  -6  -6  -4  -5  -5  -6  -6   1   0  -5  -2  -3  -5  -4  -3  -6  -4   7    4   0   0   0   0   0   0   0   0   5   5   0   0   0   0   0   0   0   0  86  1.57 0.50
  101 S     0  -2   1  -3   4  -1  -2  -3   2  -2   0  -1  -2   2  -3   3   1  -3   0   0    5   1   6   0  12   3   1   0   6   0   9   2   0  11   0  26   7   0   3   8  0.30 0.20
  102 Y     1  -3  -4  -5   6  -4  -4  -3  -3  -1  -1  -4   0   1   1  -3  -3   3   5   1   16   1   0   0  20   0   0   1   0   2   4   0   3   5   8   0   0   4  23  13  0.69 0.30
  103 Q    -2   6  -2   1  -4   1  -2  -4  -3  -3  -1   2  -3  -4  -4  -1  -3  -5  -4   1    2  53   0   9   0   5   0   0   0   0   6   9   0   0   0   5   0   0   0  11  0.81 0.33
  104 I    -1  -2   2  -1   0  -1  -1  -2   0   2   0  -3   0   2  -3  -2  -2   5   2  -1    7   2  12   3   2   2   4   3   2  17   5   0   3  10   1   2   1  11   8   3  0.25 0.17
  105 G     2  -3  -1  -3   0  -3  -2   5  -4  -4  -2  -3   0  -4  -4   0   0  -5  -4  -1   15   1   2   0   2   0   2  56   0   0   4   1   3   0   0   5   5   0   0   4  0.83 0.34
  106 E    -2  -2   0   4  -5   0   5  -2  -2  -5  -3   1  -4  -4  -1  -1  -3  -4   0  -4    2   0   3  20   0   2  51   3   0   0   3   6   0   0   2   2   0   0   4   0  0.85 0.36
  107 K    -1   0   3   2  -3   0   0   1   2  -3  -3   2  -2  -3  -2   0   2   1   0  -3    4   5  17  11   0   2   4   9   7   0   1  15   1   0   0   4  14   2   4   0  0.27 0.16
  108 G     1  -1   2  -3  -4  -3  -3   6   1  -5  -5  -3  -4  -5  -1   0  -3  -5  -4  -5   12   3  11   0   0   0   0  62   4   0   0   0   0   0   3   5   0   0   0   0  1.08 0.36
  109 P     0  -1   1  -2  -3   0  -1  -2   1   0  -3   0  -1  -3   3   3   0  -4   0   0    8   2   7   0   0   3   3   0   3   6   0   5   2   0  16  31   4   0   3   7  0.32 0.20
  110 V    -1  -3  -1   0  -3  -2   0  -4  -2   3   0  -1   2   2  -3  -2  -1   0   1   2    4   0   3   7   0   0   7   0   1  28   5   3   6   9   0   0   3   1   5  17  0.23 0.16
  111 K    -2  -1  -2  -3   5  -1   0  -2   1   1  -1   3   0  -1  -3  -1   0  -4  -1   1    1   2   0   0  16   1   7   2   3  10   5  27   2   3   0   3   8   0   2   9  0.30 0.21
  112 V    -2  -4  -4  -1   2  -3  -1  -4  -1   1  -2  -3   1  -3   3  -2   2  -5  -3   4    0   0   0   3   5   0   3   0   2   8   1   0   3   0  17   1  16   0   0  41  0.62 0.32
  113 L    -1  -4  -5  -5  -3  -4  -2  -5  -2   4   4  -4   0  -2  -4  -3  -2  -4  -2   2    6   0   0   0   0   0   2   0   1  29  44   0   0   0   0   1   1   0   1  13  0.69 0.30
  114 Y    -4  -2  -2  -6  -1  -3  -5  -5   2  -3  -3  -4  -4   2  -6  -2  -4   9   7  -3    0   2   2   0   1   1   0   0   4   1   1   0   0   5   0   3   0  35  43   2  1.90 0.55
  115 V    -1   0  -2  -2  -3  -1   2  -3  -2   0   0  -1   3   3  -3   0   2  -2  -1   0    2   5   1   0   0   1  19   0   0   5   8   1  14  16   0   8  15   0   0   5  0.20 0.15
  116 D    -3  -2   1   6  -5  -1   5  -3  -2  -5  -5  -1  -4  -5  -3  -2  -2  -5  -4  -4    0   0   6  52   0   0  42   0   0   0   0   0   0   0   0   0   0   0   0   0  1.19 0.28

                      K         Lambda
Standard Ungapped    0.1427     0.3193
Standard Gapped      0.0502     0.2670
PSI Ungapped         0.1654     0.3195
PSI Gapped           0.0502     0.2670
