
Last position-specific scoring matrix computed, weighted observed percentages rounded down, information per position, and relative weight of gapless real matches to pseudocounts
            A   R   N   D   C   Q   E   G   H   I   L   K   M   F   P   S   T   W   Y   V   A   R   N   D   C   Q   E   G   H   I   L   K   M   F   P   S   T   W   Y   V
    1 K    -1   3   0   0  -4   2   3  -2  -1  -3  -3   4  -2  -4  -2   0  -1  -3  -2  -3    0  13   0   3   0   5  20   0   0   0   0  51   0   0   0   8   0   0   0   0  0.51 0.07
    2 T     1  -2   1  -2  -3  -2  -2  -2  -1  -1  -3  -1   1  -1  -3   5   1  -4  -3  -2   10   1   6   0   0   0   0   0   1   4   0   1   6   3   0  62   5   0   0   1  0.60 0.25
    3 R    -3   6   2  -3  -5   1  -1  -4   0  -5  -4   3  -3  -5  -2  -2  -2  -5  -4  -4    0  59  11   0   0   4   1   0   2   0   0  21   0   0   1   0   1   0   0   0  1.13 0.33
    4 Q    -4  -2  -1  -3  -6   8   0  -5  -2  -6  -5  -1  -3  -6  -3  -3  -4  -5  -4  -5    0   0   3   0   0  90   2   0   0   0   0   0   0   0   0   0   0   0   0   0  2.06 0.59
    5 A     5  -4  -4  -4  -4  -3  -3  -3  -4  -4  -4  -3  -4  -5   6   0  -3  -6  -5  -3   59   0   0   0   0   0   0   0   0   0   0   0   0   0  36   5   0   0   0   0  1.40 0.43
    6 E    -2  -3  -1   1   1  -1   2  -3   2   0  -3  -2  -1  -4  -3   0   5  -5  -4  -2    0   0   1   8   3   1  18   1   5   6   1   0   1   0   0   4  52   0   0   1  0.73 0.33
    7 V    -1  -4  -5  -5  -3  -3  -4  -5  -5   6   0  -4   1  -2  -4  -3   1  -5  -3   4    4   0   0   0   0   1   0   0   0  48   5   0   3   0   0   0   8   0   0  29  0.86 0.32
    8 N    -4  -4   8  -2  -5  -3  -3  -4  -3   1  -5  -3  -4  -5  -5  -1  -2  -7  -5  -4    0   0  82   0   0   0   0   0   0  11   0   0   0   0   0   4   2   0   0   1  1.85 0.55
    9 I    -4  -6  -4  -6  -4  -6  -6  -7  -6   8   0  -5  -1  -2  -6  -5  -3  -5  -4   1    0   0   1   0   0   0   0   0   0  86   6   0   1   0   0   0   0   0   0   6  1.73 0.50
   10 G    -2  -4  -3  -2  -4  -4  -4   7  -4  -3  -5  -4  -4  -5  -4   0  -3  -5  -5  -5    2   0   0   2   0   0   0  83   0   2   1   0   0   0   0   7   0   0   0   0  1.63 0.43
   11 M    -2  -3  -3  -4   0  -3  -3  -2  -4  -1   0  -3   3  -2  -3  -1   6  -4  -3   1    0   0   0   0   1   0   0   2   0   2   9   0  10   1   0   0  60   0   0  11  0.91 0.36
   12 V     1  -4  -4  -4  -3  -4  -4  -4  -4   5   1  -4   0  -2  -4  -2  -1  -4  -1   3   14   0   0   0   0   0   0   0   0  46   7   0   1   0   0   1   2   0   2  24  0.72 0.27
   13 G    -3  -5  -3  -1  -5  -4  -4   7  -4  -6  -6  -4  -5  -5  -5  -2  -4  -5  -5  -5    0   0   0   3   0   0   0  92   0   0   0   0   0   0   0   1   0   0   0   0  2.04 0.51
   14 H    -4  -3   0  -4  -6   0  -3  -2  11  -6  -5  -4  -4  -4  -5  -3  -4  -5  -2  -6    0   0   3   0   0   4   0   3  84   0   0   0   0   0   0   2   0   0   0   0  2.69 0.65
   15 V    -3  -5  -5  -5  -3  -5  -5  -5  -5   1  -2  -5  -2   1  -5  -4  -3  -5  -3   7    0   0   0   0   0   0   0   0   0   4   0   0   0   6   0   0   0   0   0  86  1.55 0.48
   16 D     4  -4  -2   5  -4  -3  -2  -3  -4  -4  -3  -3  -4  -5  -3   1  -3  -5  -4  -3   46   0   0  41   0   0   0   0   0   0   2   0   0   0   0   8   0   0   0   0  1.04 0.39
   17 H    -4  -4  -2  -3   0  -3  -3  -5  11  -6  -6  -4  -5  -5  -3  -4  -5  -5  -2  -6    1   0   1   1   2   0   0   0  90   0   0   0   0   0   1   0   0   0   0   0  3.03 0.72
   18 G    -3  -1  -3  -4  -5  -4  -3   7   0  -6  -6  -4  -5  -5  -5  -3  -4  -5  -5  -5    0   4   0   0   0   0   2  89   2   0   0   0   0   0   0   0   0   0   0   0  1.91 0.51
   19 K    -4  -1  -1  -4  -6  -2  -2  -4  -4  -5  -5   8  -4  -6  -4  -3  -4  -6  -5  -5    0   0   2   0   0   0   0   0   0   0   0  94   0   0   0   0   0   0   0   0  2.04 0.60
   20 T    -2  -3  -2  -3  -3  -3  -3  -3  -4  -4  -4  -3  -4  -5  -3   5   5  -5  -4  -3    0   0   0   0   0   0   0   0   0   0   1   0   0   0   0  52  44   0   0   0  1.31 0.48
   21 T    -2  -4  -3  -4  -4  -1  -3  -4  -4   1  -3  -3  -1  -4  -4   0   7  -5  -4  -2    2   0   0   0   0   3   0   0   0   7   2   0   1   0   0   5  78   0   0   0  1.45 0.50
   22 L    -3  -4  -5  -5  -3  -4  -5  -5  -5   1   4  -4  -1  -1  -5  -4   1  -4  -3   4    0   0   0   0   0   0   0   0   0   4  46   0   0   2   0   0   9   0   0  36  0.86 0.34
   23 T    -2  -5  -5  -5  -1  -5  -5  -5  -5   2  -2  -5  -2  -4  -5  -4   2  -5  -4   7    2   0   0   0   1   0   0   0   0   8   0   0   0   0   0   0  12   0   0  74  1.37 0.48
   24 K    -2   2  -2  -3  -5   3  -1  -4   0  -5  -4   6  -4  -3  -4  -1  -3  -5   0  -5    3   9   1   0   0  13   2   0   2   0   1  59   0   1   0   2   0   0   4   0  1.08 0.41
   25 A     6  -4  -2  -4  -2  -3  -4  -2  -3  -4  -3  -3  -4  -5  -4   1  -1  -5  -5  -3   81   0   2   0   1   1   0   1   0   0   2   1   0   0   0   7   2   0   0   1  1.34 0.50
   26 L    -4  -5  -6  -6  -4  -5  -5  -6  -5   5   5  -5   0  -2  -5  -5  -4  -5  -4   0    0   0   0   0   0   0   0   0   0  41  54   0   1   0   0   0   0   0   0   1  1.31 0.43
   27 T    -2  -4  -3  -4  -4  -3  -3  -4  -4  -5  -5  -3  -4  -5  -4   6   5  -6  -5  -4    0   0   0   0   0   0   0   0   0   0   0   0   0   0   0  64  34   0   0   0  1.51 0.56
   28 G    -3  -5  -2   0  -5  -4  -3   7  -5  -6  -3  -4  -5  -5  -5  -2  -3  -5  -2  -4    0   0   1   4   0   0   2  83   0   0   3   0   0   0   0   2   1   0   2   1  1.72 0.51
   29 V    -3  -1  -4  -4  -4   1  -1  -5  -4   2  -2   0  -1  -4  -4   0  -1  -5  -4   6    0   4   0   0   0   8   3   0   0  11   0   6   1   0   0   8   3   0   0  56  0.79 0.37
   30 W    -4  -3   0   1  -5   4  -3  -5   5  -1  -4  -1   0   1  -5  -3  -2   9  -2  -5    0   1   4   7   0  19   0   0  16   4   0   4   3   5   0   1   3  33   0   0  1.35 0.47
   31 T    -3  -1   0  -4  -4  -2  -4  -5  -5  -4  -4  -1  -4  -6  -4   1   7  -6  -5  -4    0   3   4   0   0   2   0   0   0   0   1   4   0   0   0   8  78   0   0   0  1.63 0.60
   32 D    -3  -3   5   5  -5   0   3  -4  -3  -5  -5  -2   1  -6  -4   0  -3  -6  -5  -3    1   0  33  30   0   4  16   0   0   0   0   1   5   0   0   8   0   0   0   2  0.98 0.39
   33 T    -4   2  -4  -2  -7  -2   7  -6  -4  -1  -6  -1  -5  -7  -5  -4  -3  -6  -5  -5    0   9   0   0   0   0  82   0   0   4   0   2   0   0   0   0   1   0   0   0  1.82 0.64
   34 L    -3  -3  -5  -5   2  -2  -5  -6  -5   2   5  -1   3   1  -5  -4  -2  -4  -1   0    0   1   0   0   4   2   0   0   0  11  56   4   9   4   0   0   1   0   2   5  0.78 0.32
   35 R    -4   0   0  -1  -6  -1   5  -5   0  -4  -5   5  -4  -5  -4  -3  -4  -6  -5  -2    0   4   4   2   0   1  35   0   2   1   0  45   0   0   0   0   0   0   0   3  1.08 0.45
   36 R    -5   8  -1  -5  -7  -3  -4  -6  -1  -6  -6   1  -5   0  -6  -4  -2  -6  -5  -6    0  83   2   0   0   0   0   0   1   0   0   7   0   4   0   0   2   0   0   0  2.06 0.64
   37 G    -1  -4   7  -3  -6  -4  -4   5  -4  -7  -7  -1  -6  -6  -5  -2  -4  -7  -6  -6    4   0  48   0   0   0   0  43   0   0   0   4   0   0   0   1   0   0   0   0  1.60 0.55
   38 I    -5  -6  -7  -7  -5  -6  -7  -7  -7   8  -2  -6   5   0  -6  -6  -3  -6  -5  -1    0   0   0   0   0   0   0   0   0  82   1   0  12   4   0   0   1   0   0   1  2.03 0.63
   39 T    -3  -4  -3  -4  -4   0  -4  -5  -5  -4  -4  -4  -4  -5  -4   3   7  -6  -5  -4    0   0   0   0   0   4   0   0   0   0   2   0   0   0   0  22  71   0   0   0  1.64 0.60
   40 I    -5  -6  -6  -6  -5  -6  -6  -7   1   8  -2  -6   0  -4  -6  -5  -2  -6  -5   0    0   0   0   0   0   0   0   0   4  88   1   0   2   0   0   0   2   0   0   2  2.07 0.62
   41 K    -4   4  -3  -2  -6  -1   1  -5  -1  -6  -6   7  -5  -6  -4  -3  -4  -6  -5  -5    0  21   0   2   0   1   6   0   2   0   0  67   0   0   0   0   0   0   0   0  1.58 0.54
   42 I    -4  -4  -6  -6  -4  -5  -6  -6  -6   1   6  -5  -1  -1  -6  -5  -4  -5  -4  -1    0   1   0   0   0   0   0   0   0   7  85   0   0   2   0   0   0   0   0   3  1.57 0.51
   43 G    -4  -6  -4  -5  -6  -6  -6   8  -6  -8  -7  -2  -7  -7  -6  -4  -5  -6  -7  -7    0   0   0   0   0   0   0  96   0   0   0   3   0   0   0   0   0   0   0   0  2.50 0.75
   44 F    -6  -6  -6  -7  -6  -6  -6  -7   0  -5  -2  -6  -5   3  -7  -6  -6  -2  10  -5    0   0   0   0   0   0   0   0   2   0   4   0   0  11   0   0   0   0  82   0  2.80 0.85
   45 A     7  -5  -5  -3  -4  -4  -4  -4  -5  -1  -5  -4   1  -5  -4  -1   0  -6  -5  -4   81   0   0   1   0   0   0   0   0   3   0   0   3   0   0   4   7   0   0   0  1.55 0.62
   46 D    -4  -4   7   5  -6   0   1  -4   1  -6  -6  -2  -5  -5  -4  -2  -2  -6  -2  -5    0   0  50  28   0   4   7   0   2   0   0   2   0   0   0   1   2   0   2   0  1.38 0.51
   47 A     5  -4  -4  -3   2   0  -3  -1  -4  -1  -2  -3  -3  -1  -4  -1   1  -5  -4  -1   61   0   0   1   4   4   0   4   0   4   4   0   0   3   0   3   7   0   0   3  0.82 0.40
   48 E    -1  -2  -1   0  -5  -1   0  -2  -4  -3  -3   6  -4  -5   0  -1   3  -5  -3  -3    5   0   3   5   0   1   5   3   0   1   2  51   0   0   4   2  16   0   1   1  0.81 0.41
   49 I    -4  -6  -6  -4  -4  -5  -6  -6  -5   7   1  -5  -2   4  -6  -5  -2  -4  -1   1    0   0   0   1   0   0   0   0   0  60  11   0   0  16   0   0   1   0   2   6  1.34 0.49
   50 R    -3   3  -4  -5  -5  -4  -4  -3  -2  -4  -3  -2  -1   2  -4  -2  -2   1   8  -4    2  14   0   0   0   0   0   2   0   0   2   2   2   6   1   3   2   1  60   0  1.61 0.58
   51 R    -3   3  -3  -1  -5   1   0  -4   1  -3  -4   6  -3  -3  -4  -3  -2  -5  -1  -4    1  15   0   3   0   5   5   1   3   2   2  56   1   1   0   1   1   0   3   1  1.05 0.44
   52 C    -1  -5  -5  -3  10  -5  -4  -3  -2  -1   1  -2  -4  -3  -5  -3  -2  -5  -5  -3    4   0   0   2  65   0   1   2   1   3  12   3   0   1   0   1   2   0   0   1  2.13 0.64
   53 S    -1  -2  -2   5  -5   0   3  -2  -3  -4  -4   0  -3  -4   5  -1  -2  -5  -3  -4    4   1   1  30   0   3  17   3   0   0   1   7   0   1  25   4   2   0   1   1  0.80 0.34
   54 N    -2  -1   4   4  -4  -1   1   0  -1  -3  -4   0  -3  -4  -2   0  -1  -4  -3  -1    2   3  21  24   0   2  11   7   1   1   1   7   0   0   2   8   3   0   0   6  0.46 0.23
   55 C    -2  -4  -4  -2  10  -4  -1  -2  -2  -2  -1  -4   0  -3  -2  -2  -1  -5  -4  -2    3   1   1   2  60   1   4   3   1   2   5   1   3   1   3   2   4   0   0   3  1.83 0.54
   56 G    -3  -2   0   0  -4  -2   1   0  -2  -4  -4   0  -4  -2   5  -2  -3   1   5  -3    1   2   4   6   0   1  10   8   0   1   1   6   0   1  30   2   1   2  22   2  0.75 0.33
   57 R     1   5  -1  -3  -1  -1   1  -2  -1  -3  -1   1  -2   0  -2  -1  -2  -3   1  -3   11  37   2   1   1   2  11   2   1   1   7   6   1   4   2   4   2   0   4   1  0.44 0.24
   58 Y    -2  -3   0  -3  -2   1  -2  -2   2  -3  -3  -2  -3   1   3   2  -2  -1   6  -2    3   1   5   1   1   5   2   2   5   1   2   1   0   5  17  19   1   1  28   2  0.66 0.30
   59 S     0  -1  -1  -2   0  -1  -1  -1   2  -2  -1  -1   1   0   1   1   2  -2   2  -1    6   3   2   1   3   2   4   5   5   1   6   2   5   5   7  13  18   0   7   5  0.13 0.12
   60 T    -1   1   1   2   3  -1  -1   0  -1  -1  -1  -1  -1  -3  -1   1   2  -3  -2   1    4  10   6  13   7   1   1   7   1   4   7   3   1   1   3  10  13   0   0  10  0.12 0.10
   61 S    -1  -2   1   1  -3  -1   2  -1  -2  -2  -1   0  -2  -1  -2   3   0  -3   2  -2    4   1   6   6   0   2  13   3   0   1   6   7   0   2   1  32   3   0   9   2  0.27 0.18
   62 P    -2   0  -2  -1  -4  -1   1  -1  -3  -1  -3   1  -3  -4   6   0  -2  -5  -3  -2    1   6   1   3   0   2  10   5   0   4   2   7   0   1  44   7   2   0   1   3  0.86 0.32
   63 I    -1   0   0   0  -3   0   2  -2   0  -1  -2   3  -1  -2   1   2   0  -4  -1  -1    2   4   2   4   0   1  16   2   2   4   2  20   1   1   7  17   7   0   2   4  0.23 0.16
   64 C    -4  -3  -3  -4  10  -5  -4  -1  -2  -1  -4  -4  -4  -3  -3  -3  -3  -5  -3   0    0   2   2   1  69   0   1   6   1   4   1   1   0   1   1   2   1   0   1   6  2.25 0.61
   65 P    -3  -3  -2   2  -4  -2   2  -3  -2  -1  -3   0  -4  -4   6  -2  -1  -4   2  -2    1   1   2  11   0   1  15   2   1   5   2   6   0   0  40   2   3   0   8   2  0.85 0.32
   66 Y     0   2   3   1  -2   0   0   1   1  -2  -3   0  -1  -2  -2   1  -1  -3  -1  -1    6  13  15   7   0   3   5  13   4   2   1   4   1   1   1  13   2   0   2   6  0.19 0.13
   67 C     0  -3  -3  -1  10  -4  -4  -3   1  -4  -4  -3  -4  -3   1   0   0  -4  -4  -2    7   1   1   4  54   0   1   1   4   1   1   1   0   1   7   7   5   0   0   2  1.56 0.46
   68 G    -2  -3   0   0  -4  -1  -1   5  -1  -2  -4   1  -3  -4  -2   0   0  -4  -2  -4    1   0   4   6   0   2   4  53   2   3   1   9   0   0   1   5   6   0   2   1  0.76 0.30
   69 H     0  -1   0  -1   2  -1   0   3   1  -2  -3   0  -1  -2  -2   3   1  -3  -2  -1    5   3   3   3   4   2   5  24   4   1   1   5   1   2   1  24   7   0   1   4  0.27 0.16
   70 E     0   1   2   1  -3   0   2  -2  -1  -2  -3   2  -1  -2   0   0   1  -3   0  -1    6   7  13   6   0   1  18   2   1   1   1  14   2   1   4   8   9   0   3   3  0.22 0.14
   71 T     0  -1   0  -2  -2  -1  -1  -1  -2  -1   0   0   3   2   2   0   2  -1   0  -1    5   1   4   1   1   0   3   4   0   2   7   5  15  10   9   6  21   1   4   1  0.16 0.11
   72 E    -1   1  -1   0  -3   1   3  -2  -1  -1  -2   3  -2  -3  -2   1   0  -2  -2  -2    2   7   2   3   0   3  26   1   1   6   2  27   0   1   1  11   5   1   0   2  0.32 0.14
   73 F    -2  -3  -2  -3  -2  -2  -2  -2  -2   0   4  -3   0   4   0  -2  -1  -1  -1   0    1   1   2   0   1   1   4   2   1   3  46   1   1  23   6   1   2   0   0   5  0.41 0.17
   74 I    -1  -1  -3  -3  -2  -1  -1  -2  -2   2   2  -1   0  -1   1  -1  -1  -2  -1   3    1   3   1   1   0   3   4   2   1  13  25   3   1   2   8   3   1   0   2  26  0.19 0.10
   75 R    -1   7  -1  -3  -4  -1  -2  -3   0  -3  -3   1  -2  -1  -3  -1  -2  -3  -1  -2    6  67   2   1   0   1   1   1   2   1   1   6   0   3   1   2   1   0   2   2  0.97 0.27
   76 R    -1   2  -1  -1  -3   0  -1  -3   7  -2  -2   0   1  -2  -2   0   1  -3  -1  -1    3  12   2   3   0   2   1   1  39   2   1   6   6   1   2   6   9   0   0   5  0.55 0.19
   77 V    -1  -3  -3  -3  -2  -3  -1  -3  -3   3   0  -3  -1   2  -2  -2  -1  -2   0   5    4   1   1   1   0   1   4   1   0  14   4   1   0  12   1   1   1   0   2  51  0.47 0.18
   78 S     0  -2  -1  -2   2  -2  -2   0  -2  -3  -3   0  -3  -3   1   6  -1  -3  -2  -3    2   1   1   1   5   1   1   5   0   1   1   4   0   1   6  70   1   0   1   1  0.79 0.28
   79 F    -3  -4  -4  -4  -2  -3  -2  -4  -3   3   0  -4  -1   7  -4  -3  -3  -1   3  -1    1   0   0   1   1   0   4   1   0  19   7   1   0  56   0   1   1   0   7   1  0.95 0.26
   80 I    -1  -4  -4  -4  -2  -3  -4  -4  -4   3   0  -3   0  -2  -3  -3   1  -4  -3   6    2   0   0   0   0   0   0   1   0  13   6   0   1   0   0   1   8   0   0  66  0.80 0.26
   81 D    -4  -4  -1   8  -5  -2  -1  -3  -3  -5  -5  -3  -5  -5  -1  -2  -3  -6  -5  -5    0   0   0  93   0   0   0   0   0   0   0   0   0   0   3   0   0   0   0   0  1.99 0.45
   82 S     2  -4  -3  -4   8  -3  -4  -3  -3   1  -2  -3  -2  -3  -1   0  -2  -3   0   1   19   0   0   0  42   0   0   0   0   8   0   0   0   0   3   7   0   0   5  13  0.91 0.27
   83 P    -3  -4  -4  -4  -5  -4  -4  -4  -5  -5  -5  -3  -5  -6   9  -1  -3  -6  -5  -5    0   0   0   0   0   0   0   0   0   0   0   0   0   0  93   5   0   0   0   0  2.67 0.52
   84 G    -2  -4  -3  -3   1  -4  -4   7  -4  -5  -5  -4  -5  -5  -4  -2  -1  -5  -5  -5    0   0   0   0   3   0   0  89   0   0   0   0   0   0   0   0   4   0   0   0  1.72 0.40
   85 H    -4  -3  -2  -4  -6  -2  -3  -5  11  -6  -6  -4  -4  -4  -5  -3   0  -5  -1  -6    0   0   0   0   0   0   0   0  93   0   0   0   0   0   0   0   7   0   0   0  2.79 0.60
   86 E    -3  -3   1   6  -6  -1   5  -4   1  -5  -5  -1  -5  -5  -3  -2  -3  -6  -4  -5    0   0   5  49   0   0  41   0   3   0   0   2   0   0   0   0   0   0   0   0  1.27 0.35
   87 A    -1   0  -2  -3  -2  -2  -2  -4  -3   4   0  -1   0  -2  -3   0   3  -4  -3   2    2   6   1   0   0   0   3   0   0  33   5   3   1   1   0   5  25   0   0  16  0.37 0.19
   88 L    -2  -3  -4  -5   4  -3  -4  -4  -3   1   4  -3   2   2  -4  -3  -2  -2   0   0    0   0   0   0  11   0   0   0   0   0  73   0   4   9   0   0   0   0   3   0  0.61 0.16
   89 M    -1  -3  -4  -4  -2  -2  -3  -4  -3   2   2  -3   8  -1  -4  -3  -2  -3  -2   1    4   0   0   0   0   0   0   0   0  12  13   0  64   0   0   0   0   0   0   7  0.86 0.24
   90 T     3  -2  -1  -1  -2  -1   0   1  -2  -1  -2   0   0  -3  -2   1   1  -3  -2   1   41   0   2   2   0   2   4   9   0   2   0   5   4   0   0  10   8   0   0  11  0.21 0.09
   91 T     0  -2   2  -2  -2  -2  -2  -2  -2   0  -1  -2   3  -3  -2   0   5  -3  -2   1    9   0  11   0   0   0   0   0   0   5   0   0  12   0   0   0  55   0   0   8  0.46 0.19
   92 M     0  -2  -3  -4  -2  -2  -3  -3  -2   0   2  -2   7   2  -3  -2  -1  -2  -1   1    8   0   0   0   0   0   0   0   0   0  13   0  60  13   0   0   0   0   0   7  0.54 0.16
   93 L    -2  -3  -3  -4  -2  -2  -3  -4  -3   2   3  -3   3   1   2  -2  -1  -2  -1   1    0   0   0   0   0   0   0   0   0  13  46   0  17   7  10   0   0   0   0   6  0.38 0.09
   94 A     1  -2   3   1   1  -1  -1   2  -1  -3  -3  -1  -2  -3  -2   2   1  -3  -3  -2   14   0  26   8   5   0   0  13   0   0   0   0   0   0   0  24  10   0   0   0  0.32 0.07
   95 G    -2  -5  -3  -3  -1  -4  -4   7  -4  -3  -6  -4  -5  -5  -5  -2  -4  -5  -5  -5    0   0   0   1   2   0   0  95   0   2   0   0   0   0   0   1   0   0   0   0  1.91 0.48
   96 A     6  -3  -3  -4  -2  -3  -2  -1  -4  -1  -3  -3  -3  -4  -3   0   1  -5  -4   0   77   0   0   0   0   0   2   2   0   2   0   0   0   0   0   5   7   0   0   6  0.92 0.36
   97 S     5  -2  -1  -1  -1  -2  -2   0  -1  -3  -3  -2  -2  -4  -2   2  -1  -4  -3  -1   66   2   3   2   1   0   0   4   2   0   0   1   0   0   1  14   2   0   0   2  0.71 0.31
   98 L    -1  -3  -4  -4  -2  -3  -4   0  -4   4   2  -3   0   0  -3  -3  -2  -3  -2   4    3   0   0   0   0   0   0   8   0  28  18   0   1   2   0   0   0   0   1  35  0.48 0.20
   99 M    -3  -4  -4  -5  -4  -3  -4  -5  -4   2   0  -4   9   0  -4  -4  -3  -4  -3   0    0   0   0   0   0   0   0   0   0  10   3   0  75   3   0   0   0   0   0   6  1.75 0.52
  100 D    -4  -3   2   8  -5  -1  -1  -3  -3  -5  -5  -3  -5  -5  -3  -2  -3  -6  -5  -4    0   0   7  85   0   2   0   1   0   0   0   0   0   0   0   0   0   0   0   1  1.77 0.47
  101 G     4  -3  -3  -3  -2  -3  -3   4  -3  -1  -1  -3  -2  -4  -3  -1  -2  -4  -4  -1   42   0   0   0   1   0   0  40   0   3   6   0   0   0   0   2   0   0   0   4  0.70 0.28
  102 A     6  -3  -3  -3  -2  -3  -3  -1  -3  -2  -3  -3  -1  -4  -3   0   0  -4  -3   1   74   0   0   0   0   0   0   4   0   1   0   0   1   0   0   5   4   0   0   9  0.89 0.35
  103 I    -2  -3  -4  -4  -3  -2  -4  -4  -4   3   4  -3   2   1  -4  -3  -2  -3  -2   2    3   0   0   0   0   2   0   0   0  16  57   0   5   4   0   0   0   0   0  10  0.66 0.25
  104 L    -3  -3  -5  -5  -3  -4  -4  -5  -4   0   6  -4   2   0  -4  -4  -3  -3  -3   0    0   1   0   0   0   0   0   0   0   2  85   0   3   3   0   0   0   0   0   4  1.12 0.37
  105 V    -2  -4  -3  -4  -3  -3  -4  -5  -4   1   4  -4   1   0  -4  -3  -2  -3  -2   4    0   0   2   0   0   0   0   0   0   5  48   0   1   2   0   0   0   0   0  39  0.73 0.28
  106 I    -3  -4  -3  -5  -3  -4  -4  -5  -5   6   0  -4  -1  -2  -4  -4  -1  -4  -3   4    0   0   2   0   0   0   0   0   0  66   2   0   0   0   0   0   2   0   0  25  1.12 0.37
  107 A     5  -3  -2   0  -2  -2  -2  -1  -3  -3  -3  -2  -2  -3  -2   1  -1  -4  -3  -1   72   1   0   6   0   0   1   2   0   1   1   1   0   0   1   9   1   0   0   3  0.83 0.32
  108 A     5  -3  -2  -3  -1  -1  -2   4  -3  -3  -3  -2  -3  -3  -2   0  -2  -3  -3  -2   54   1   0   1   1   3   1  29   0   1   1   1   0   0   1   4   1   0   0   2  0.73 0.27
  109 N    -2  -1   7   2  -4  -2  -1  -2  -1  -4  -4  -2  -3  -4  -3   0   0  -4  -3  -4    2   2  67  10   0   0   3   1   0   1   1   1   0   0   1   4   6   0   0   1  1.16 0.36
  110 E    -2  -2  -2   0  -4   2   6  -3  -2  -4  -4   0   0  -4  -3  -2  -2  -4  -3  -3    2   1   1   1   0   6  75   1   0   1   1   4   2   0   1   1   1   0   0   2  1.18 0.38
  111 P    -1  -1  -1  -1  -3   0   0   1   0  -3  -3   1  -2  -3   4   3   1   1  -2  -2    2   1   1   2   0   3   5  10   2   1   1   8   0   0  22  27   8   2   1   2  0.40 0.17
  112 C    -1  -4  -4  -4   9  -4  -4  -4  -4   1  -2  -4  -2   2  -4  -3  -2  -3  -2   2    3   1   0   1  54   0   1   1   0   6   1   1   0  10   1   1   1   0   0  17  1.38 0.37
  113 P    -2  -3  -1  -3  -3  -2  -2  -3  -3  -3  -3  -2  -3  -4   8  -2  -2  -4  -3  -3    2   1   3   1   0   1   1   1   0   1   2   1   0   1  79   1   1   0   1   1  1.97 0.40
  114 R    -3   0  -2  -2  -4   8  -1  -4  -2  -4  -3  -1   3  -4  -3  -2  -3  -4  -3  -3    1   3   0   1   0  77   1   1   0   1   1   2  10   0   1   1   1   0   0   1  1.53 0.48
  115 P    -1  -4  -4  -3  -4  -2  -3  -4  -4  -4  -3  -3  -4  -5   8  -1  -3  -5  -4  -4    4   1   0   1   0   2   1   1   0   1   2   1   0   0  80   5   1   0   0   1  2.12 0.52
  116 Q    -3  -1  -3  -3  -5   8  -1  -4  -2  -5  -4  -1  -3  -5  -3  -3  -3  -4  -4  -4    1   1   0   1   0  89   1   1   0   1   1   1   0   0   1   1   1   0   0   1  2.06 0.62
  117 T    -2  -3  -2  -2  -3  -3  -3  -4  -4  -2  -2  -3  -3  -4  -3   0   7  -4  -4  -2    1   0   0   2   0   0   1   1   0   2   3   1   0   0   1   3  84   0   0   1  1.52 0.52
  118 R     0   2  -1  -2  -2   0   0  -2  -2  -1  -1   2  -2  -2  -1   3  -1  -3  -2  -1    6  15   0   1   1   4   6   2   0   4   8  12   0   2   2  33   2   0   1   3  0.25 0.18
  119 E    -3  -2  -3  -1  -5   0   7  -4  -2  -5  -4   0  -4  -5  -3  -2  -3  -4  -4  -4    1   0   0   1   0   3  85   1   0   1   1   3   0   0   1   1   1   0   0   1  1.65 0.52
  120 H    -4  -3  -2  -4  -5  -2  -3  -4  11  -5  -5  -3  -4  -4  -4  -3  -4  -4   0  -5    1   0   0   1   0   1   1   1  88   1   1   1   0   0   1   1   1   0   2   1  2.77 0.68
  121 L    -3  -4  -4  -5  -3  -4  -4  -5  -4   0   6  -4   2   1  -4  -4  -3  -3  -2   0    1   0   0   1   0   0   1   1   0   3  78   1   3   5   1   1   1   0   0   4  1.02 0.36
  122 M     4  -2  -2   0  -1   0  -1  -2  -3  -1   0  -1   4  -1  -2  -1  -1  -3  -2   0   45   0   1   5   1   3   4   1   0   2   7   4  13   2   1   1   3   0   1   6  0.35 0.22
  123 A     6  -3  -3  -3  -2  -3  -3  -2  -3   1  -3  -3  -2  -3  -3   0  -1  -4  -3  -1   73   0   0   1   0   0   1   2   0  10   1   1   0   0   1   5   3   0   0   2  0.93 0.38
  124 L     0  -3  -4  -4   1  -3  -3  -4  -4   4   3  -3   1  -1  -3  -3  -2  -3  -2   3    8   0   0   1   3   0   1   1   0  28  32   1   2   1   1   1   1   0   0  21  0.52 0.22
  125 Q    -2  -1   0   3  -4   2   5  -2  -1  -4  -4   0  -3  -4  -3   0  -2  -4  -3  -3    2   2   4  16   0   7  50   2   1   0   1   5   0   0   0   4   2   0   0   1  0.77 0.32
  126 I    -2  -3  -2  -4  -3  -4  -4  -4  -4   6   2  -4   1  -1  -4  -3  -1  -4  -2   1    2   1   3   0   0   0   1   1   0  62  16   1   3   1   0   1   2   0   1   6  0.88 0.35
  127 I    -2  -3  -4  -4   0  -2  -4  -4  -4   3   2  -2   8  -2  -4  -3  -2  -3  -3   0    2   0   0   0   2   2   1   1   0  15  15   2  50   0   0   1   2   0   0   5  1.04 0.41
  128 G    -2   1   1   0  -1   1  -1   4   0  -4  -4   4  -3  -4  -3  -2  -2  -4  -3  -4    1   8   6   4   2   7   2  35   3   0   1  27   0   0   0   1   1   0   0   1  0.58 0.26
  129 Q    -2  -3  -3  -3  -3  -3  -4  -3  -4   3   4  -3   1  -2  -4  -3  -2  -3  -3   2    1   0   1   2   0   1   1   2   0  20  51   1   2   0   0   1   1   0   0  15  0.64 0.27
  130 K    -2   2   0   1  -1   2   1  -2  -2  -4  -3   5  -1  -4  -1   0  -1  -4  -3  -3    2   7   4   8   1   8   8   1   1   0   1  45   2   0   2   4   2   0   0   1  0.56 0.26
  131 N    -2   0   4  -1  -4   1  -1  -3   7  -4  -4   2  -3  -2  -2  -1  -2  -4   0  -4    2   5  23   3   0   6   1   1  35   0   1  13   0   2   2   3   2   0   2   1  0.84 0.34
  132 I    -2  -4  -4  -4  -3  -3  -4   0  -4   5   2  -3   0  -1  -4  -2  -1  -3  -2   2    1   0   0   0   0   0   1  10   0  52  16   0   1   1   0   3   3   0   1   8  0.63 0.28
  133 I    -3  -4  -4  -4  -3  -4  -4  -5  -4   6   2  -4   0   0  -4  -4  -2  -4  -3   4    1   0   0   0   0   0   1   1   0  51  14   0   1   3   0   1   0   0   0  25  0.89 0.33
  134 I    -3  -4  -4  -4  -3  -4  -4  -5  -5   6   0  -4  -1  -1  -4  -4  -2  -4  -3   4    1   0   0   0   0   0   1   1   0  61   2   0   0   2   0   1   1   0   0  28  1.15 0.41
  135 A     0  -3  -4  -4   0  -3  -4  -4  -4   1   4  -3   0   0  -3  -3  -2  -3  -2   3   10   0   0   0   2   0   1   1   0   7  42   0   1   3   1   1   0   0   0  30  0.54 0.25
  136 Q    -3  -2  -3  -3  -5   8  -1  -4  -2  -1   0  -1  -3  -5  -4  -3  -3  -4  -4  -3    1   0   0   0   0  77   0   1   0   3   9   1   0   0   0   1   0   0   0   2  1.59 0.60
  137 N    -4  -3   8  -1  -5  -3  -3  -3  -2  -5  -5  -1  -4  -5  -4  -1   1  -5  -4  -5    1   0  76   1   0   0   0   1   0   0   1   3   0   0   0   4  10   0   0   0  1.71 0.58
  138 K    -3  -1  -3  -3  -5  -2  -2  -4  -3  -5  -5   8  -4  -5  -4  -3  -3  -5  -4  -5    1   0   0   0   0   0   0   1   0   0   1  93   0   0   0   1   0   0   0   0  2.01 0.67
  139 I    -2  -4  -5  -5  -1  -4  -4  -5  -5   6   0  -2   0  -3  -4  -2  -2  -4  -3   4    3   0   0   0   1   0   0   0   0  51   3   2   2   0   0   2   2   0   0  32  0.99 0.42
  140 E    -4  -4   0   8  -6  -3   0  -2  -4  -6  -6  -3  -5  -6  -4  -3  -4  -6  -5  -6    0   0   2  87   0   0   4   3   0   0   0   0   0   0   0   0   0   0   0   0  2.09 0.69
  141 L    -4  -3  -5  -5  -4  -4  -5  -5  -5   1   6  -4   0  -2  -5  -4  -2  -4  -3   1    0   1   0   0   0   0   0   0   0   5  82   0   1   0   0   0   1   0   0   6  1.28 0.51
  142 V    -2  -4  -3  -5  -1  -4  -4  -5  -5   4   0  -4   3  -3  -4  -3   0  -4  -3   6    1   0   1   0   1   0   0   0   0  22   5   0   6   0   0   0   4   0   0  56  0.96 0.42
  143 D    -2   2  -1   3  -4   1  -1  -1  -1  -4  -4   4  -3  -4  -1   2   1  -5  -4  -3    0  10   2  15   0   7   1   4   1   0   0  28   0   0   3  16  10   0   0   1  0.47 0.32
  144 K    -2   2  -2   0  -5   1   5  -3  -1  -2  -4   2  -2  -4   0  -1  -2  -4  -1  -3    2  12   1   3   0   4  49   1   1   3   0  13   1   0   4   3   2   0   3   1  0.75 0.42
  145 E     0  -2   2   2  -4   1   4  -2  -2  -3  -4   0  -2  -4  -2   1   0  -4  -4  -1    9   1  10   9   0   4  38   2   0   1   0   4   1   0   1  12   4   0   0   4  0.50 0.32
  146 K     1   2  -1  -1  -3   4   1  -2   0  -3  -2   1  -2  -1  -3   0  -1   5  -2  -2   12  12   1   3   0  24   8   1   2   0   3   6   0   3   0   6   3   9   0   3  0.39 0.27
  147 A     6  -2  -4  -2   0  -3  -3  -3  -4  -2   0  -3  -1  -1  -3  -1  -2  -4  -4  -1   73   1   0   3   2   0   0   1   0   1   8   0   2   3   0   1   1   0   0   2  1.01 0.52
  148 L     0   1  -2  -2  -3   1   1  -2   0   1   2   2   1   0  -3  -1  -1  -3  -2   0    7   8   1   1   0   6  10   2   2   8  24  14   3   4   0   2   3   0   0   4  0.11 0.13
  149 E     0   0   1   2  -4   1   4  -3  -2  -3  -1   0   0  -3  -1  -1  -1  -4  -1  -3    7   3   6   9   0   6  39   1   0   0   8   5   3   0   3   3   2   0   3   1  0.44 0.29
  150 N    -3   0   4  -2  -4   6  -2  -3   5  -3  -4  -2  -1  -4  -4   0  -3  -4  -3   0    1   5  20   0   0  37   1   1  16   1   1   0   2   0   0   7   0   0   0   7  0.88 0.47
  151 Y    -3  -1  -2  -3  -2   1  -2  -4   5  -4  -4   0  -2   1  -4  -3  -2   1   8  -4    2   3   1   1   1   7   2   1  12   0   1   6   1   3   0   1   3   1  54   1  1.28 0.55
  152 R    -2   1   0   1  -4   2   4  -2   0  -4  -2   2  -1  -2  -3   0  -1  -3   0  -3    2   6   4   9   0  10  34   2   2   0   3  12   2   2   0   6   2   0   3   1  0.42 0.27
  153 Q    -1   0  -2   2  -4   5   3  -3   0  -3  -3   0  -3  -1  -3   1  -1  -4  -3  -3    5   3   0  10   0  33  22   0   2   1   1   4   0   3   0  11   2   0   0   2  0.60 0.37
  154 I    -4  -5  -5  -5  -4  -5  -5  -6  -5   8  -1  -5  -2  -3  -5  -3  -2  -5  -4   1    0   0   0   0   0   0   0   0   0  83   2   0   0   0   0   2   1   0   0   7  1.71 0.68
  155 K    -1   2  -1  -2  -2   2   0  -3   0  -1   1   3  -1  -3  -3   0   0  -4  -3  -1    4  13   1   0   1  13   3   1   2   2  17  27   1   0   0   6   4   0   0   5  0.30 0.24
  156 E     1   0   1   2  -4   1   3  -2   1  -4  -4   3  -3  -4  -1   0  -1  -4  -3  -3   10   4   8  10   0   3  22   2   3   0   1  26   0   0   3   5   2   0   0   1  0.42 0.27
  157 F    -2  -5  -3  -5  -2  -5  -3  -5   0  -3  -1  -5  -1   8  -5  -4  -4  -2   4  -3    3   0   1   0   1   0   2   1   3   0   5   0   1  67   0   0   0   0  13   0  1.64 0.62
  158 I    -3  -4  -4  -5   0  -4  -4  -5  -4   4   3  -3   0  -1  -4  -4  -1  -4  -3   4    1   0   0   0   1   0   0   1   0  26  29   1   1   1   0   0   2   0   0  33  0.76 0.36
  159 K     0   1   0   0  -4   3   2  -2  -1  -3  -3   4  -1  -4   0   0  -1  -4  -2  -3    7   8   3   4   0  16  10   1   1   0   1  31   2   0   3   5   3   0   1   1  0.42 0.27
  160 G     0   1   1   1  -2   1   1   0  -1   0  -1   1  -1  -3   1   0   0  -3  -2  -1    8   8   7   8   0   7   8   8   0   8   8   8   0   0   8   8   8   0   0   0  0.11 0.08
  161 T    -1  -1   1  -3  -3  -2  -1  -2  -3  -1  -2  -1  -2  -4  -3   2   5  -4  -3   0    2   2   7   0   0   0   2   3   0   4   4   3   0   0   0  14  50   0   0   6  0.63 0.39
  162 V     0  -2   0  -1  -1  -1  -2   0  -1   2   0   0  -1  -1  -1  -1   0   3  -1   2    5   1   6   3   1   3   0   8   1  14   9   7   0   2   3   3   6   5   1  22  0.09 0.12
  163 A     4  -3  -3  -1  -2  -2  -2  -1   1   0   0   0   0   0  -1  -1  -1  -3   1  -1   44   0   0   3   0   0   0   4   3   7  10   6   3   4   3   0   2   0   7   3  0.30 0.27
  164 E    -1  -1  -1   2   1   0   4  -2   0  -2  -2   1  -3  -1  -3   1  -1  -4  -3  -1    4   2   0  11   4   3  33   2   3   2   3  10   0   4   0  13   3   0   0   4  0.34 0.25
  165 N    -2   0   3   2  -4   0   0   3   1  -3  -3   2  -3  -4  -3  -1   0  -4  -3  -4    1   3  18  14   0   3   3  22   4   2   2  19   0   0   0   3   5   0   0   0  0.42 0.27
  166 A     4  -3   0  -3   1  -1  -2  -2  -3  -2  -1  -2  -2   0   1   2   0  -3  -3  -1   45   0   4   1   3   3   1   1   0   2   6   1   0   4   8  13   5   0   0   3  0.43 0.30
  167 P    -3  -4  -3  -3  -5  -2  -3  -5  -2   0  -3  -2  -4  -5   8  -2  -3  -5  -1  -2    2   0   1   1   0   1   1   0   1   5   3   3   0   0  72   2   1   0   2   3  1.79 0.67
  168 I    -3  -5  -3  -5  -1  -5  -5  -5  -1   6  -1  -5   0   0  -5  -4  -2  -5  -3   3    0   0   2   0   1   0   0   0   2  62   2   0   2   4   0   0   1   0   0  22  1.15 0.52
  169 I    -2  -4  -5  -5  -3  -4  -4  -3  -5   6   0  -4   0  -2  -4  -4  -3  -4  -3   4    2   0   0   0   0   0   0   2   0  60   6   0   1   0   0   0   0   0   0  25  1.08 0.43
  170 P    -2  -4  -4  -4  -5  -4  -3  -4  -4  -5  -5  -2  -5  -1   8  -2  -4  -5  -5  -3    4   0   0   0   0   0   1   0   0   0   1   2   0   3  83   2   0   0   0   2  2.32 0.69
  171 I    -2  -4  -4  -4  -1  -4  -4  -4  -4   5   0  -4   1   0  -4  -3   1  -4  -3   4    2   0   0   0   1   0   0   0   0  37   3   0   4   4   0   0  10   0   0  36  0.74 0.34
  172 S     0  -3  -2  -3   1  -3  -3  -3  -3  -4  -4  -3   0  -1  -1   6   0  -4  -4  -3    7   0   0   0   3   0   0   0   0   0   1   0   2   2   3  74   5   0   0   0  1.10 0.52
  173 A     5  -3  -3  -3  -3  -3  -1   0  -3  -2  -2  -3  -3  -4  -1   1  -1  -4  -4  -2   67   0   0   0   0   0   5   6   0   2   3   0   0   0   3   6   2   0   0   2  0.81 0.42
  174 L    -2  -1   0  -3  -4   6  -1  -2   1  -1   0   1  -2  -3  -3  -1  -1  -4  -2   0    3   0   5   0   0  47   1   2   4   4  11   9   0   0   0   2   3   0   1   6  0.61 0.37
  175 H    -1   0  -1  -2  -3   2  -1  -3   4   0   3   0   0  -1  -3  -1   1  -3  -1   0    2   4   1   1   0  10   1   1  13   2  33   5   1   2   0   4  11   0   1   5  0.25 0.20
  176 G    -2   1   3  -1  -4  -1   0   3  -1  -4  -4   5  -3  -4  -3  -1  -2  -4  -3  -4    1   5  13   2   0   1   4  25   1   0   1  40   0   0   0   4   1   0   0   0  0.64 0.32
  177 A     0  -1  -3  -3   1  -1  -1  -3   0   2   0  -1  -1   2   0  -2   0  -1   5   2    6   2   0   0   3   3   3   1   1  12   5   3   1   7   4   1   7   0  25  15  0.30 0.20
  178 N    -4  -3   8  -2  -5  -3  -3   1   1  -5  -5   0  -4  -5  -4  -1  -3  -5  -4  -5    1   0  73   0   0   0   0  11   4   0   1   5   0   0   0   2   0   0   0   0  1.59 0.57
  179 I    -2  -1  -4  -4  -3  -3  -3  -4  -4   5   1  -2   2   0   0  -3  -1  -3  -2   2    2   4   0   0   0   0   0   1   0  51  11   3   4   2   5   1   2   0   0  11  0.57 0.28
  180 D    -2  -2   0   5  -1   0   3  -1   1  -4  -4   0  -3  -4   1  -1  -1   0  -3  -4    1   0   3  42   2   2  19   5   4   0   1   4   0   0   7   4   3   2   0   0  0.66 0.29
  181 V     2  -1  -2  -3   0  -1  -1  -2  -3   1   0  -1   1   0  -1  -1   1  -3   0   3   21   3   0   0   2   3   3   1   0  10   6   3   3   4   3   3   8   0   3  25  0.16 0.14
  182 L     0  -3  -4  -4  -2  -3  -3  -4  -3   2   3  -3   0   1  -3  -3  -2  -3  -2   3    7   1   1   1   0   1   1   1   0  11  40   1   0   6   1   1   1   0   0  28  0.50 0.23
  183 V    -1  -1   1  -1   4  -2  -2  -3   0   2   1  -2   1   0   1   0  -1  -3  -2   1    4   3   8   3  13   0   0   1   3  15  19   0   3   4   6   9   0   0   0   8  0.19 0.15
  184 K    -2  -1   0   2  -5   3   5  -2   0  -4  -3   0   0  -4   0  -1  -2  -1  -1  -4    3   3   3   9   0  12  42   2   2   0   2   5   3   0   4   3   2   1   2   0  0.62 0.36
  185 A     3  -2  -1  -3   0  -1   0  -3   3  -2  -1  -2  -2   0  -4  -1   0  -2   6  -2   26   2   3   0   2   2   6   1   7   1   6   2   1   3   0   2   5   0  29   2  0.51 0.33
  186 I    -4  -5  -5  -5  -4  -4  -5  -5  -5   6   2  -4   4  -1  -5  -4   0  -4  -3   0    1   0   0   0   0   0   0   0   0  54  20   0  11   2   0   0   5   0   0   4  1.10 0.48
  187 E     0  -3  -1   1   3   1   2  -1  -3   0  -2  -2  -1  -3  -3   0  -1  -4  -1   3    9   0   3   9   6   7  19   3   0   3   2   1   1   0   0   5   3   0   2  26  0.26 0.24
  188 E    -2   1   2   0  -2   0   2  -2   1  -2  -3   4  -3  -4   0   0   0  -4  -2  -2    2   8  12   4   1   2  14   1   3   2   2  28   0   0   4   6   7   0   1   2  0.34 0.25
  189 F    -1   1   0  -2   0   0   0  -3   3  -1   0   2   0   1  -3  -1   1  -2   2  -1    2   6   4   0   2   3   7   1   9   4   8  19   2   7   0   3   8   0   8   5  0.14 0.16
  190 I    -1  -5  -5  -2  -4  -4  -5  -5  -5   7   0  -5   0   2  -5  -4  -1  -4  -3   2    5   0   0   2   0   0   0   0   0  62   6   0   2   8   0   0   3   0   0  10  1.11 0.48
  191 P    -2  -3  -4  -1  -5  -2  -1  -3  -5  -2  -3   1  -5  -6   7  -1  -2  -6  -5  -3    2   1   0   3   0   1   4   2   0   3   3   8   0   0  65   4   2   0   0   1  1.59 0.62
  192 T    -2  -2  -1  -2  -3  -2  -1  -4  -4   2  -1  -1   1  -2   0  -1   4  -4  -3   3    1   1   3   1   0   1   4   0   0  13   4   3   3   1   5   2  31   0   0  24  0.43 0.31
  193 P    -3  -1  -3  -4  -6  -2  -1  -5  -5  -2  -4  -2  -5  -3   8  -3  -3  -6  -5  -3    2   4   2   0   0   2   3   0   0   3   1   2   0   1  75   1   1   0   0   2  2.03 0.75
  194 K    -1   0   0   0  -3   0   3  -3  -1   0  -1   2  -1  -2   2  -1   0  -4  -2   1    4   4   3   5   0   3  22   0   1   4   6  12   1   1   9   4   4   0   1  12  0.18 0.17
  195 R    -2   7  -3  -4  -5  -1  -1  -3   2  -3  -4   0  -1  -1  -3  -2  -2  -5   0  -4    3  66   0   0   0   1   3   2   5   1   1   5   1   3   1   2   3   0   3   0  1.30 0.59
  196 D    -3  -3   2   6  -5   0   0  -4  -2  -3  -4  -1  -3  -3  -1   0  -1  -5  -5  -3    2   1  10  52   0   4   5   0   1   2   1   4   1   1   2   7   4   0   0   2  0.94 0.47
  197 S    -1  -3  -2  -2  -2  -3   0  -3  -1  -1   2  -1   0   5   1   0  -1  -2   1  -1    3   1   2   2   1   0   6   1   2   3  22   3   1  29   8   8   4   0   3   2  0.36 0.27
  198 N    -1   0   1   3  -3   0   0   0  -1  -2  -3   0  -2  -4  -1   2   3  -4  -3  -2    3   4   8  16   0   4   5   7   1   2   1   6   0   0   3  14  24   0   0   2  0.31 0.25
  199 K     2  -1  -2   0  -1   0   1   0   1  -3  -2   3  -1  -2  -3   2  -1  -4  -3  -1   18   2   0   5   2   2   7   8   5   1   4  20   1   2   0  18   2   0   0   3  0.23 0.22
  200 P     0  -2  -1   3  -4   0   1  -3  -1  -2  -2   0  -2  -4   5   0   0  -5  -4  -2    7   1   3  18   0   4   9   1   2   2   4   5   1   0  27   8   7   0   0   2  0.52 0.30
  201 P     2  -5  -5  -4  -5  -2  -4  -3  -5  -5  -3  -4  -5   0   7  -2  -1  -6  -5  -2   14   0   0   0   0   2   0   2   0   0   3   0   0   4  64   2   4   0   0   3  1.66 0.68
  202 K    -3   5  -1  -3  -4   1   0  -4   3   1   0   1  -1  -1  -4  -2  -1  -4   0  -1    0  38   2   0   0   6   4   0   7   8  11   6   1   3   0   1   3   0   3   4  0.53 0.34
  203 M    -4  -5  -5  -6  -4  -4  -5  -6  -5  -1   3  -5   9   2   0  -5  -4  -4  -4   0    0   0   0   0   0   0   0   0   0   1  28   0  52   7   4   0   0   0   0   4  1.61 0.70
  204 L    -2  -3  -2  -4  -3  -2  -3  -4   3   4   1  -3   0   1   2  -1   0  -2   3   1    1   1   2   0   0   2   0   0   7  25  11   1   2   4  11   4   5   0  13   7  0.38 0.27
  205 V    -2  -5  -5  -4  -4  -5  -5  -5   1   5  -2  -5  -2  -3  -5  -4  -3  -5  -4   6    2   0   0   1   0   0   0   1   3  27   1   0   0   1   0   0   1   0   0  60  1.30 0.57
  206 L     3  -4  -4   0  -3  -4  -4  -4  -4   5   1  -4  -2  -3  -4  -2  -1  -4  -4   1   26   0   0   7   0   0   0   0   0  39  11   0   0   0   0   2   4   0   0   8  0.64 0.38
  207 R    -4   8  -4  -5  -6  -1  -3  -5  -4  -6  -5  -1  -5  -6  -5  -1  -4  -1  -5  -5    1  87   0   0   0   1   0   0   0   0   1   1   0   0   0   4   0   1   0   0  2.25 0.80
  208 S    -3  -5  -3  -4  -5  -4  -4  -4  -5  -3  -6  -4  -5  -6   0   7  -1  -6  -5   0    0   0   0   0   0   0   0   0   0   1   0   0   0   0   4  85   2   0   0   6  1.75 0.80
  209 F    -6  -6  -6  -7  -6  -6  -6  -6   2  -4  -3  -6  -4   9  -7  -6  -6  -3  -1  -5    0   0   0   0   0   0   0   0   5   0   0   0   0  92   0   0   0   0   0   0  2.82 0.84
  210 D    -2  -4   1   7  -6  -3  -2  -3  -4  -5  -2  -4  -5  -6  -4   0  -1  -6  -6  -5    3   0   5  74   0   0   1   2   0   0   5   0   0   0   0   5   4   0   0   0  1.64 0.60
  211 V    -3  -5  -5  -6  -4  -5  -5  -6  -6   5   0  -5  -1  -3   0  -4  -1  -5  -4   6    0   0   0   0   0   0   0   0   0  29   5   0   1   0   5   0   2   0   0  55  1.21 0.48
  212 N    -4  -4   8  -2  -5  -2  -4  -4  -3  -2  -6  -2  -5  -6  -5  -1   2  -6  -5  -3    0   0  76   0   0   1   0   0   0   3   0   2   0   0   0   4  11   0   0   2  1.86 0.68
  213 K    -2   3  -2  -3  -5  -2  -2   1  -3  -3  -3   6  -4  -5  -1   0  -2  -5  -4  -4    2  14   1   0   0   0   0   9   0   2   2  55   0   0   3   8   1   0   0   1  0.95 0.45
  214 P    -4  -5  -5  -5  -6  -5  -5  -5   0  -6  -6  -2  -5   2   8  -2  -4  -6  -5  -5    1   0   0   0   0   0   0   0   2   0   0   3   0   9  80   3   0   0   0   0  2.40 0.76
  215 G    -3  -6  -4  -5  -6  -5  -5   7   2  -7  -7  -5  -6  -6  -6  -2  -2  -6  -2  -6    0   0   0   0   0   0   0  87   5   0   0   0   0   0   0   3   3   0   1   0  2.07 0.69
  216 T     0  -1  -2  -1   3   0   0  -1  -3  -1  -1  -1  -2  -1   0   1   4  -4   0  -2    8   3   0   3   7   4   6   4   0   4   6   4   0   3   4  10  29   0   4   0  0.25 0.28
  217 P     0   0   1   1  -3   1   2  -1   1  -1  -2   1   1  -1   1   1   0  -3  -2  -1    7   4   6   8   0   6  16   3   3   3   3   9   4   3   6   9   6   0   0   3  0.13 0.14
  218 P     0  -3  -1  -3  -3  -3  -3  -1   0   2   0  -3  -2   0   4  -1   0   4   0   2   10   0   4   0   0   0   0   6   3  13   6   0   0   4  19   3   4   6   4  17  0.32 0.25
  219 E    -1   0   1   4  -2   0   3  -2   3  -1  -3   1  -2   0  -2   0  -1  -4  -2  -3    3   3   6  23   1   3  22   2   7   3   2   8   1   4   1   6   2   0   0   1  0.36 0.22
  220 K    -2  -1   2   4  -4   0   3  -1  -1  -4  -2   1  -3  -3   1   0  -1  -4  -3  -3    2   1   9  26   0   4  19   5   1   0   5   9   0   1   6   6   2   0   0   1  0.43 0.24
  221 L    -1  -4  -4  -4  -3  -4  -4  -4  -4   3   5  -4   3  -2  -4  -3  -2  -3  -1   1    6   0   0   1   0   0   1   1   0  16  55   1   7   0   1   1   2   0   2   7  0.78 0.35
  222 V    -1   1  -1  -2  -1   1  -1  -3   0  -2  -1   4  -1  -4  -1   2   0  -4  -3  -1    4   7   2   0   2   6   2   1   3   2   6  35   1   0   2  16   7   0   0   5  0.37 0.25
  223 G    -3  -1  -3  -4  -5  -4  -4   7  -4  -5  -5  -4  -4  -1  -4  -3  -4   2   1  -5    1   4   0   0   0   0   1  77   0   0   1   1   0   3   0   1   1   3   5   1  1.60 0.57
  224 G    -1  -4  -3  -2  -4  -3  -2   6  -4  -4  -1  -3  -4  -4  -4   0  -3  -4  -4  -4    3   1   1   2   0   1   2  72   0   1   6   1   0   0   1   6   1   0   0   1  1.34 0.49
  225 V    -2  -4  -4  -4   2  -4  -4  -4  -4   2  -2  -4  -2  -3   1  -1   0  -4  -3   6    1   0   0   0   4   0   1   1   0   7   1   0   0   0   8   4   5   0   0  67  1.00 0.42
  226 L     2  -3  -1  -3  -1  -3  -3  -3  -3   3   1  -3   0  -1   1   0  -1  -3  -2   2   25   0   4   0   1   0   1   1   0  19  10   0   2   3   8   5   3   0   0  18  0.27 0.19
  227 D    -2  -2  -3  -3  -4  -3  -4   6  -4  -5  -5  -3  -4  -4   1  -1   0   3  -4  -4    1   2   0   1   0   0   1  69   0   0   1   0   0   0   8   2   8   4   0   1  1.28 0.45
  228 G    -2  -4   0  -3  -4  -4  -4   7  -4  -5  -1  -4  -4  -4  -4  -2  -3   3  -4  -4    1   0   5   0   0   0   1  75   0   0   8   0   0   0   0   2   0   4   0   1  1.43 0.48
  229 S    -1  -3  -2  -3   0   0  -3  -2  -3  -4  -3  -3  -3  -4   1   5   3  -5  -4  -2    2   0   0   0   2   4   0   2   0   0   3   0   0   0   8  56  19   0   0   3  0.84 0.43
  230 I    -1  -3  -3  -4  -3  -3  -3  -4   2   4   3  -3   1   0  -4  -2  -1  -3   1   1    4   0   0   0   0   0   0   1   5  30  33   0   4   3   0   4   3   0   4   6  0.47 0.29
  231 V    -1  -1  -2  -3   0  -2  -2  -4  -3   2   3  -1   1   0  -3  -1   0   1  -2   2    4   2   2   0   2   0   3   0   0   9  40   3   3   4   0   4   5   2   0  13  0.27 0.22
  232 Q     0   2   0  -1   0   3   0  -1   1  -3  -3   2  -2  -3   1   2   0  -3  -1  -2    4  10   2   3   2  20   4   3   3   0   1  12   0   0   5  19   5   0   2   2  0.31 0.24
  233 G     0  -1  -3  -4  -4  -4  -4   6  -4  -5  -5  -4  -5  -5   1   0  -4  -5  -5  -5    7   4   0   0   0   0   1  72   0   0   1   0   0   0   7   5   0   0   0   1  1.42 0.53
  234 K    -1  -1  -2   0   0   0   0  -1  -1   1  -1   1   0  -2  -3  -1   1  -3  -1   3    2   3   0   7   2   3   8   5   1   9   3   9   3   1   0   4  11   0   2  26  0.13 0.15
  235 L    -2   0  -4  -4  -3  -3  -4  -4  -4   2   5  -3   1   1  -4   0  -3  -3  -3   0    3   7   0   0   0   0   1   1   0  10  57   0   2   6   0   7   0   0   0   5  0.68 0.35
  236 K    -2   2   0  -1   0   2   1  -2   1  -3  -1   4   2  -2  -3   0  -1  -4  -2  -2    2  12   5   2   2   9   8   1   3   0   5  32   7   1   0   5   3   0   1   2  0.36 0.25
  237 V     0  -1  -1  -1  -2  -1  -1  -2   0   1   1   1   0  -2  -1  -1   0  -3  -2   3    6   3   3   4   0   0   3   3   2   9  10  10   2   0   3   3   6   0   0  32  0.11 0.13
  238 G    -1  -3   1   1  -4  -2  -1   5   1  -4  -4  -1  -3  -4  -3   0  -2  -4  -3  -2    1   0   6   8   0   0   4  59   5   0   1   4   0   0   0   5   1   0   0   4  0.78 0.31
  239 D     0  -1   0   4  -4   4   1  -1   1  -3  -2   0   0  -4  -2  -1  -2  -4  -3  -3    9   0   3  32   0  26   8   4   3   0   4   4   4   0   0   1   1   0   0   1  0.51 0.27
  240 E    -1   0  -1   1  -4   0   5  -2  -2  -2  -3   1  -3  -1   0  -1   0  -4  -3  -2    4   4   2   7   0   1  50   2   0   2   2   8   0   3   5   2   5   0   0   2  0.55 0.25
  241 I    -2  -2  -3  -3  -2  -3  -3  -2  -3   5   1  -3  -1  -1  -3  -1   1  -3  -2   3    1   3   0   1   0   0   1   4   0  46   9   1   0   2   1   5   7   0   0  19  0.49 0.23
  242 E    -2  -2  -2   1  -4   1   6   0  -2  -2  -3   1  -1  -4  -3  -1  -2  -4  -3  -2    2   1   0   6   0   3  59   7   0   3   2   7   2   0   1   2   2   0   0   3  0.75 0.31
  243 I    -1   0  -4  -4   0  -3  -3  -4  -4   5   1  -3  -1   1  -3  -3  -2  -3  -2   3    4   6   0   1   2   0   1   1   0  44   6   1   0   6   1   1   1   0   0  25  0.57 0.24
  244 R    -2   6  -2  -3  -2  -1  -2  -1  -2  -2  -1   1   1  -2  -3  -2  -2  -3   1  -2    2  56   0   0   1   1   1   6   0   2   5   7   5   1   0   2   1   0   6   2  0.74 0.31
  245 P    -3  -4  -4  -4  -4  -3  -3  -4  -4  -4   0  -3  -4  -5   8  -3  -3  -5  -4  -4    1   0   0   0   0   0   1   1   0   0  11   0   0   0  82   1   1   0   0   1  2.20 0.55
  246 G    -2  -2  -2  -3  -4  -1  -1   6  -3  -4  -3  -1  -4  -4  -3  -1  -3  -4  -4  -4    1   2   1   1   0   2   5  76   0   1   3   3   0   0   1   3   1   0   0   1  1.24 0.36
  247 V    -2   2  -2  -3   2  -1  -2  -3  -1   3   1  -2   1  -1  -3  -2  -1  -3  -1   4    1  14   1   1   5   2   2   2   1  19   9   1   3   1   1   1   2   0   2  31  0.35 0.22
  248 P    -1   1  -1  -1  -2   1   1  -2   1   0  -1   2   0  -1   1   1   1  -3   0   0    3   7   2   1   0   7  10   1   3   5   4  13   2   2   6  15   9   0   3   8  0.12 0.11
  249 Y    -1   0  -1  -2  -3  -1  -1  -3  -2   1  -1   4  -1  -1  -3  -1   0  -3  -1   3    2   3   2   2   0   1   2   1   1   7   4  34   1   2   1   4   5   0   2  25  0.36 0.23
  250 E    -2  -1   2   4  -3   1   2  -2  -1  -2  -2   1  -1  -2   0  -1   0  -3  -3  -2    2   2   9  29   0   5  15   2   1   2   4   9   1   2   4   3   5   0   1   3  0.38 0.18
  251 E     0   0   0   0  -2   1   3  -2  -1  -2  -3   2  -2  -2   0   2   0  -3  -2  -1    6   4   4   4   1   4  20   2   1   2   2  14   0   1   4  20   3   0   1   5  0.24 0.17
  252 H    -1  -1   1   2  -3   0   3   3   0  -3  -3   1  -2  -3   0   0  -1  -3  -2  -3    3   2   5   9   0   3  25  22   2   1   2   9   1   1   4   5   3   0   1   1  0.35 0.19
  253 G    -2  -3   3  -1  -3  -3  -2   6  -2  -4  -4  -1  -3  -4  -3  -2  -2  -3  -3  -2    2   1  14   3   0   1   2  59   1   1   2   4   0   1   1   2   2   0   1   3  1.00 0.37
  254 R    -1   2   1  -1  -3   2   0  -2  -1  -3  -3   5  -2  -3  -2  -1   0  -3  -3  -2    4  10   7   2   0   9   4   2   1   1   2  42   1   1   1   3   6   0   1   2  0.56 0.28
  255 I    -1  -2  -1  -2  -1  -1  -1  -1  -2   2   2  -1   0   1  -1   0   2  -1  -1   1    2   2   4   1   1   3   3   3   1  13  20   4   2   8   2   7  14   1   1  10  0.10 0.10
  256 K    -1   1  -1  -1  -3   1   1  -2   0  -1  -1   2   3  -2  -2   0   1  -3   0   0    2   7   1   2   0   5  12   2   2   3   3  16  12   1   2   8   9   0   4   8  0.17 0.16
  257 Y    -2  -3  -4  -5   9  -4  -4  -4  -3  -4  -3  -4  -3  -1  -4  -4  -4   8   5  -2    3   1   1   1  40   1   1   1   0   1   2   1   0   2   1   1   1  23  18   3  1.91 0.60
  258 E    -2   2   0  -1  -3   2   3  -3  -1  -1  -3   3  -1  -2  -3  -1   0  -3  -1   0    2  12   4   2   0  10  20   1   1   4   1  19   2   2   1   3   7   0   2   7  0.32 0.22
  259 P    -3  -3  -1  -4  -5  -3  -2  -3  -4  -5  -5  -3  -4  -2   8  -1   0  -5  -2  -3    1   1   3   1   0   1   2   2   0   1   1   1   0   2  71   4   5   0   2   1  1.86 0.64
  260 I    -3  -4  -5  -5  -4  -4  -5  -5  -5   6   3  -4   0   1  -4  -4  -2  -4  -3   1    1   1   0   0   0   0   1   1   0  56  22   1   1   6   0   1   1   0   0   6  1.12 0.45
  261 T    -2   1  -2  -2  -3   0   0  -3   1   1   0   0  -1   3  -3  -1   1  -2   2   0    2   9   1   2   0   3   8   1   4  11   7   6   1  15   0   3  10   0  10   6  0.17 0.15
  262 T    -1  -4  -1  -4  -2  -3  -3  -4  -4  -3  -4  -3  -4  -5  -4   5   6  -5  -4  -4    4   0   2   0   1   0   0   0   0   2   1   0   0   0   0  41  47   0   0   0  1.28 0.61
  263 E    -3   4  -1  -1  -2   0   2  -4  -1  -4  -4   4  -3  -5  -3  -2   2  -5  -4  -2    1  28   2   2   1   3  13   0   1   1   1  30   0   0   0   2  12   0   0   2  0.73 0.38
  264 I    -2  -5  -5  -5  -4  -5  -5  -5  -5   6  -1  -5  -2  -3  -5  -4  -2  -5  -4   5    2   0   0   0   0   0   0   0   0  52   3   0   0   0   0   0   2   0   0  36  1.37 0.54
  265 V    -2   3  -3  -3  -2  -2  -1  -4  -1   1  -1  -1  -1  -3  -4   0   2  -4  -3   4    1  16   1   1   1   1   3   0   1   8   5   4   1   1   0   6  15   0   0  35  0.43 0.29
  266 S    -2  -1  -2  -3  -2  -3  -2   0  -2  -5  -4  -2  -3  -5  -4   6   1  -5  -4  -4    1   4   1   0   1   0   2   5   1   0   2   1   1   0   0  72   7   0   0   0  1.26 0.61
  267 L    -4  -5  -5  -6  -4  -5  -5  -6  -5   4   6  -5   1  -2  -5  -5  -4  -4  -4  -1    1   0   0   0   0   0   0   0   0  22  68   0   3   1   0   0   0   0   0   1  1.30 0.52
  268 Q    -2   1   1  -3  -3   3  -1  -1   2  -1  -1   1   2   4  -3  -2  -3  -3   2  -1    2   7   6   0   1  18   3   4   5   3   5  11   5  18   0   1   0   0   6   3  0.31 0.24
  269 A     5  -4  -3  -2  -3  -2  -3  -2  -1  -2  -3  -2  -3   0  -2   1   1  -4   0   1   53   0   0   2   0   1   0   2   1   1   1   1   0   5   1   9   7   0   3  10  0.65 0.39
  270 G    -2  -4  -2   0  -5  -2   5   4   2  -5  -4  -3  -3  -3  -4  -2  -4  -5  -2  -5    2   0   1   4   0   0  41  37   6   0   1   1   0   2   0   2   0   0   1   0  1.02 0.49
  271 G    -1  -1   3   1  -4   2   0   3   4  -4  -4   1  -3  -3  -3   0  -1  -4  -1  -4    3   1  14   7   0  11   5  25  11   0   1   9   0   1   0   6   3   0   1   1  0.46 0.27
  272 Q    -3   0   6  -1  -4   0   2  -1   1  -2  -1   1  -2  -4  -4  -1   0  -5  -1  -3    1   4  40   2   0   3  13   5   3   3   6   7   1   0   0   3   5   0   2   1  0.61 0.35
  273 F    -1  -1   2   4  -4   0   2  -3   0  -2  -3   1  -1  -2   1   1  -1  -5  -3  -2    3   2   8  26   0   2  16   0   2   2   2   9   1   2   8  11   3   0   1   3  0.41 0.26
  274 V    -3  -3  -6  -6  -4  -3  -4  -6  -5   0   5  -5  -1  -2  -1  -5  -2  -1  -1   4    2   2   0   0   0   1   1   0   0   2  51   0   0   1   3   0   1   1   2  33  0.94 0.47
  275 E    -3  -1  -1   3  -6   5   4  -4  -2  -5  -5   3  -2  -6  -1  -2  -2  -6  -5  -5    1   1   2  17   0  29  25   1   0   0   0  15   1   0   3   2   2   0   0   0  0.88 0.47
  276 E    -2  -2  -2  -3  -2   0   4  -5  -2  -3  -3   0  -3   4  -4  -1   0  -3   5  -2    2   1   1   0   1   3  30   0   0   0   1   6   0  17   0   5   5   0  23   3  0.71 0.41
  277 A     6  -5  -5  -5  -4  -4  -4  -3  -5   1  -4  -3  -2  -5  -4  -2  -1  -6  -5   1   77   0   0   0   0   0   0   1   0   7   0   1   1   0   0   0   3   0   0   9  1.39 0.64
  278 Y     0   1  -3  -4  -2  -2  -2  -2   0   1  -1   0  -2  -3  -4  -1   2  -4   1   3    7  10   0   0   0   1   1   3   3   5   5   7   0   0   0   3  17   0   6  30  0.31 0.26
  279 P     0  -2  -5  -5  -1  -4  -5  -5  -6  -6  -6  -5  -6  -7   8  -2  -3  -7  -6  -6    9   2   0   0   2   1   0   0   0   0   0   0   0   0  82   2   1   0   0   0  2.48 0.80
  280 G    -4  -2  -4  -5  -6  -6  -6   7  -6  -7  -7  -5  -6  -7  -6  -4  -5  -6  -7  -3    0   3   0   0   0   0   0  95   0   0   0   0   0   0   0   0   0   0   0   2  2.41 0.79
  281 G    -3  -5  -4  -2  -6   1  -5   7  -5  -7  -4  -5  -6  -7  -6  -1  -5  -6  -7  -7    0   0   0   2   0   7   0  85   0   0   2   0   0   0   0   5   0   0   0   0  1.99 0.69
  282 L    -1   0  -2  -2  -2  -1  -2  -2  -2   1   3  -1   2   1  -2  -1   0  -2  -1   0    1   9   1   1   0   1   1   1   0   5  53   1   5   5   1   6   6   0   1   1  0.20 0.08
  283 V     0  -2  -2  -2   2  -1  -2  -2  -2   2   1  -2   2  -1  -2   0   1  -2  -1   2    8   1   1   1   6   1   1   1   0  25  14   1  10   1   1   5   8   0   1  14  0.13 0.05
  284 G     2  -2  -1  -1  -2  -1   0   4  -2  -3  -3  -1  -2  -3   2   1  -1  -3  -3  -2   29   1   0   1   0   0   6  42   0   1   1   1   0   0   9   7   1   0   0   1  0.46 0.11
  285 I    -1   0  -4  -4  -2  -3  -3  -4  -4   3   0  -3   1  -2  -3  -3  -1  -4  -2   5    2   7   0   0   0   0   0   0   0  20   4   0   3   0   0   0   0   0   0  62  0.65 0.25
  286 G     0  -1   3  -1  -2  -1   0   5  -2  -4  -3   0  -1  -4  -3  -1  -2  -4  -3  -3    4   2  16   0   1   1   7  54   0   0   1   7   3   0   0   2   0   0   0   0  0.67 0.21
  287 T    -2  -2  -2  -3  -2  -2  -2  -3  -3   0   1   0   0  -3  -3   0   6  -4  -3  -1    0   0   0   0   0   0   0   0   0   4  15   7   2   0   0   2  68   0   0   0  0.73 0.30
  288 K    -1   1   1   0  -3   1   1   0   1  -2  -2   3  -1  -2   0   0   1  -3   0  -2    4   5   5   3   0   3   6   7   4   1   3  36   2   1   3   2  12   0   3   1  0.21 0.11
  289 L    -1  -2   0  -2   0  -2  -2  -3  -2   3   3  -2   2  -1  -2  -2  -1  -2  -2   1    2   1   8   1   2   1   1   2   0  29  35   1   5   1   1   1   1   0   1   8  0.27 0.11
  290 D    -2  -2   0   7  -3  -1   1  -2   1  -3  -3  -1  -3  -3  -2  -1  -2  -3  -1  -3    2   1   2  71   0   1   3   2   3   1   2   1   0   1   1   4   1   0   2   1  0.99 0.24
  291 P    -2  -3  -3  -3  -3  -2  -2  -3  -3  -1  -3  -2  -3  -4   8   0  -2  -4  -4  -3    1   1   1   1   0   1   1   1   0   5   1   1   0   0  78   7   1   0   0   1  1.84 0.35
  292 Y     1  -2   0  -1  -1  -1  -2   1  -2   0  -2  -1  -1   0  -2   2   3  -3  -1  -1   10   1   4   1   1   1   0  13   0   8   0   0   1   5   0  22  29   0   2   1  0.24 0.14
  293 L    -1  -3  -4  -4  -2  -2  -3  -4  -3   2   4  -3   2   1  -3  -2  -2  -2   0   2    3   1   0   0   0   1   0   0   0   7  56   0   3   5   0   2   0   0   2  14  0.49 0.21
  294 T    -1  -2  -2  -2   6  -2   1  -2   0  -2  -3   0  -2  -3  -3   0   4   4  -2  -1    3   0   0   0  19   0  12   1   2   0   0   5   0   0   0   4  39   6   0   2  0.57 0.26
  295 K    -2   5   0  -2  -4   2  -1  -3  -2  -2  -3   4  -2  -4  -3  -1  -1  -4  -3   1    0  34   3   0   0   7   0   0   0   0   0  35   0   0   0   1   1   0   0  15  0.65 0.26
  296 G     3  -1   0   0  -2   0   2   1  -2  -3  -3  -1  -2  -3  -2   2  -1  -3  -1  -2   36   2   4   5   0   4  14  12   0   0   1   1   0   0   0  15   1   0   2   1  0.31 0.16
  297 D    -3  -3   0   7  -4   1   2  -2  -2  -4  -4  -2  -4  -4  -3  -2  -2  -5  -4  -4    1   0   2  70   0   7  11   2   0   0   1   1   0   0   0   1   1   0   0   1  1.24 0.35
  298 L     0   2   0  -2  -2   0  -1  -1  -2   1   1   0   1  -2  -2   0   0  -3   0   1    5  17   4   0   0   4   4   4   0   7  16   4   4   0   0   8   4   0   4  15  0.09 0.11
  299 M    -2  -2  -3   0  -3   0   0  -4  -3   0   3   0   3   1   0   0   0  -3  -2  -1    0   0   0   5   0   5   6   0   0   4  39   8  10   5   5   7   4   0   0   0  0.27 0.23
  300 A     1   2  -2  -3  -1  -2  -1  -2  -3   1  -1  -1   1  -2  -3   0   1  -4  -3   3   12  12   1   0   1   0   3   1   0   5   3   2   3   0   0   9   8   0   0  33  0.20 0.19
  301 G    -2  -4  -2  -1  -4  -3  -2   7  -4  -2  -5  -3  -4  -5  -4  -2  -3  -4  -4  -4    1   0   0   3   0   0   3  84   0   4   1   1   0   0   0   1   1   0   0   1  1.58 0.48
  302 N    -2   1   3   1  -1   5  -1  -3   1  -1  -3  -1   1  -1  -3   2  -1  -3  -2  -3    2   8  14   6   2  32   1   1   4   4   1   1   5   3   0  15   1   0   0   1  0.44 0.27
  303 V    -1  -4  -4  -4   0  -3  -4  -4  -4   2   1  -3   2  -2  -3  -3  -2  -4  -3   6    3   1   1   1   2   0   1   1   0  10   8   1   5   0   1   1   1   0   0  65  0.86 0.35
  304 V     2  -2  -3  -3  -2  -2  -3  -3  -3   2   3  -3   2  -2  -3  -2  -2  -3  -2   2   20   2   1   1   0   0   1   1   0  11  35   1   7   0   1   1   1   0   0  18  0.39 0.21
  305 G     1  -1  -2  -3  -1  -3  -3   6   0  -2  -4  -3  -3  -4  -3  -1  -1  -4  -3  -2   12   3   1   1   1   1   1  63   2   2   1   1   0   0   1   3   4   0   0   4  0.92 0.32
  306 K     1   0   0   0  -2   0   0  -1   2   0   0   1  -1  -1   1   0   0  -2   0  -1   13   4   3   5   0   1   6   2   8   6  11  13   1   1   7   7   5   0   2   4  0.06 0.06
  307 P     0   0  -3  -3  -3  -2  -1  -3  -3  -1  -2   2  -2  -3   5  -1  -2  -4  -3   3    7   4   0   1   0   0   5   1   0   2   3  14   1   1  33   3   2   0   0  22  0.63 0.31
  308 G    -2  -2   2   1  -5  -3  -2   6  -4  -5  -5   0  -4  -5  -4  -2  -3  -5  -5  -5    2   2   9   8   0   0   3  66   0   0   1   5   0   0   0   2   0   0   0   0  1.22 0.46
  309 K     1   0   1  -1  -2   0  -1  -2   1  -1  -3   2  -1  -3  -2   2   3  -4  -2  -1   11   5   8   2   1   3   2   2   3   3   1  15   1   1   0  18  21   0   1   3  0.26 0.20
  310 L    -2  -4  -2  -1  -3  -3  -3  -3  -4   0   5  -2   2  -2  -2  -1  -2  -4  -3   0    1   0   2   4   0   1   2   3   0   2  66   2   4   0   2   5   1   0   0   6  0.71 0.36
  311 P    -3  -2  -4  -4  -5  -4  -3  -4  -4   0  -3  -2  -4  -5   8  -2  -1  -5  -5  -1    1   2   0   0   0   0   2   1   0   7   2   2   0   0  69   3   4   0   0   5  1.74 0.58
  312 P    -1  -2  -1   2  -4   0   2  -3  -2  -4  -4   0  -4  -4   6   0  -1  -4  -4  -4    4   1   2  13   0   4  17   1   1   0   1   6   0   0  38   6   4   0   0   1  0.85 0.35
  313 V    -1  -4   0  -4   2  -1  -4  -4  -4   3   0  -3   2  -3  -1   0   3  -4  -4   4    5   0   5   0   4   3   0   0   0  15   6   0   5   0   4   6  17   0   0  28  0.44 0.33
  314 W    -1   1  -1  -4  -4  -1  -3  -4   2   0   0  -1   1   3  -4  -1  -1   5   4   0    5   7   2   0   0   2   0   0   4   4   9   3   4  15   0   6   4   7  18   8  0.40 0.28
  315 T    -1   0   1   1   0   0   1  -1   2   0  -1   0   0   0  -1   0   1   1   0  -1    3   5   8   9   2   3   9   3   7   5   3   3   3   6   2   6  12   2   3   5  0.08 0.11
  316 D    -1   1   1   0  -4   1   4  -1   0  -3  -3   2  -3  -2  -3   1   0  -4  -3  -2    3   5   7   4   0   6  29   4   2   1   2  12   0   2   0  14   6   0   0   2  0.36 0.26
  317 L    -2  -2  -4  -5  -1  -2  -4  -5  -4   4   3  -4   3   3  -2  -2  -3  -3  -2   0    2   2   0   0   1   2   0   0   0  26  33   0   7  14   2   3   0   0   0   5  0.64 0.35
  318 R    -2   2  -1   0  -4  -1   4  -2  -3  -2  -3   2  -1  -3  -3  -1   3   0  -3  -1    2  12   2   5   0   1  30   2   0   2   2  10   1   1   0   4  19   1   0   5  0.43 0.32
  319 L    -1  -4  -5  -5   0  -4  -4  -5  -4   4   2  -4   6   1  -4  -2  -2  -4  -3   3    4   0   0   0   2   0   0   0   0  27  14   0  21   6   0   2   2   0   0  20  0.76 0.40
  320 E    -2   1   2   3  -4   1   3  -2  -1  -4  -3   2  -3  -3  -3   2   0  -4  -2  -4    1   7   9  15   0   5  21   2   1   0   1  14   0   1   0  15   5   0   1   0  0.42 0.27
  321 V    -2  -4  -4  -5  -1  -4  -4  -5   0   0  -1  -4  -1   3  -3  -2   1  -2   6   3    3   0   0   0   1   0   0   0   2   5   5   0   1  13   1   3   8   0  32  24  0.74 0.40
  322 H    -1   1   1   0  -4   1   0  -3   4  -2  -2   1  -1   2  -3   0   0  -2   3  -2    3   7   7   4   0   6   7   0  13   2   4   8   1  11   0   7   5   0  13   1  0.27 0.21
  323 L    -4  -2  -5  -5  -4  -2  -3  -5  -3   0   6  -4   0  -2  -1  -3  -2  -4  -2  -1    0   2   0   0   0   2   2   0   1   3  77   0   1   1   3   2   2   0   1   3  1.13 0.53
  324 L    -4  -4  -5  -5  -4  -4  -4  -5  -4   2   5  -4   4   3  -4  -4  -3  -3  -2  -2    1   0   0   0   0   0   1   1   0   8  61   1  10  14   0   1   1   0   0   1  1.05 0.46
  325 E     0   0   1   0  -2   1   0   0   2  -2  -1   0  -1  -2   1   0   0  -2   1  -1    6   6   6   6   0   6   6   6   6   0   6   6   0   0   6   6   6   0   6   6  0.05 0.10
  326 R    -3   6  -1  -3  -5   0   1  -3   0  -4  -3   3  -2  -4  -4  -1  -1  -4  -4  -4    1  48   2   0   0   3   8   2   2   0   2  18   1   0   0   4   4   0   0   1  0.90 0.51
  327 V    -1  -3  -2  -4  -3  -3  -2  -4  -3   2   3  -3   3  -1  -2  -2   0  -3  -1   3    6   1   2   1   0   0   3   1   0   9  25   1   8   2   2   2   5   0   2  29  0.36 0.28
  328 V    -1  -3  -3  -4  -3  -3  -2  -3  -4   2   2  -2   2  -1  -3  -1   0  -3  -3   4    3   1   1   1   0   0   2   2   0   9  21   3   4   2   1   4   5   0   0  38  0.41 0.31
  329 G     0  -3  -1  -3  -4  -1  -3   6  -3  -2  -4  -1  -4  -3  -1  -1  -2  -4  -4  -2    5   1   3   1   0   3   1  61   0   2   1   3   0   1   3   5   2   0   0   3  0.93 0.47
  330 T     1  -1   0   1  -2   0   0  -1  -1   0  -1  -1   0  -1  -2   1   1  -3  -2   2   10   2   4   8   0   5   6   3   1   4   2   2   2   2   0  15  10   0   0  18  0.07 0.16
  331 E     0   1   0   2  -3   0   1  -1  -2  -2  -2   4  -1  -4  -3   0   0  -4  -3  -2    6   6   4  13   0   3   7   4   0   2   3  28   2   0   0   6   7   0   0   2  0.25 0.26
  332 Q    -1   0   0   1  -4   1   2  -1   0  -2  -3   3  -3  -1   1   0   0  -4  -3  -2    5   2   3   8   0   4  16   4   2   2   2  27   0   3   5   6   5   0   0   2  0.25 0.24
  333 E     1  -1   0   2  -3   2   3  -1  -2  -2  -2   0   0  -2  -1   0  -1  -3  -2  -2   13   3   3  12   0   9  23   5   0   1   4   6   3   1   2   7   2   0   1   2  0.21 0.21
  334 L     1  -1   0  -1  -2   0   1   0  -2   0   0   0   0  -1  -2   0   1  -2  -2   0   18   3   4   2   0   3   9   7   0   7  10   4   3   1   1   7   8   0   0   8  0.04 0.09
  335 N    -1   2   0   0  -4   0   1  -1   0  -2  -2   5  -3  -4  -2  -1   0  -4  -3  -2    4   8   3   5   0   2   9   5   2   2   3  41   0   1   2   3   4   0   0   2  0.42 0.31
  336 V    -1  -3  -1  -3  -3  -3  -2  -3  -4   3  -1  -1   0  -3  -2  -1   0  -4  -3   5    4   1   3   1   0   1   3   2   0  15   3   4   2   1   2   3   5   0   0  51  0.60 0.36
  337 E    -1   1  -1   1  -4   4   3  -2  -1  -2  -3   1  -3  -4  -1   0  -1  -4  -3  -1    5   7   2   7   0  23  21   2   1   3   1   9   0   0   2   6   4   0   0   5  0.39 0.30
  338 P    -1  -1  -1  -1  -5  -1   1  -2  -3  -5  -4   5  -4  -5   5  -2  -2  -5  -4  -3    5   2   2   2   0   1   8   3   0   0   1  34   0   0  34   2   2   0   0   1  0.95 0.49
  339 I    -4  -5  -6  -6  -4  -5  -6  -6  -5   5   5  -5   0   2  -3  -5  -4  -4  -3   0    0   0   0   0   0   0   0   0   0  36  51   0   1   7   2   0   0   0   0   2  1.14 0.56
  340 K     0   1   0  -2  -4   3   0  -3  -1  -3  -4   4  -1  -4  -3   3  -1  -5  -2  -2    7   7   3   1   0  13   3   1   1   1   1  29   1   0   0  25   3   0   1   2  0.52 0.38
  341 R    -1   0   1  -2  -3   1   1  -3   1   0  -1   3   0  -3   0   0   2  -4  -3   0    5   3   6   1   0   6   7   0   3   6   7  26   2   0   5   4  13   0   0   6  0.20 0.18
  342 K    -2   2   5   0  -5   0  -2   4   0  -5  -4   2  -4  -5  -4   0  -2  -5  -4  -5    1  11  28   4   0   3   1  33   2   0   1  11   0   0   0   5   1   0   0   0  0.74 0.38
  343 E    -2  -3  -3   2  -7   1   7  -5  -3  -6  -6  -2  -5  -7  -3  -2  -2  -6  -5  -6    3   0   0   8   0   4  80   0   0   0   0   1   0   0   1   2   2   0   0   0  1.72 0.71
  344 V    -1   1   0  -3  -3   0  -2  -4   0   1  -1  -1   1  -1   3   0   1  -4  -2   3    2   8   6   0   0   4   1   0   3   7   4   2   3   2  17   6  10   0   1  24  0.28 0.22
  345 L    -3  -5  -6  -6  -4  -5  -5  -6  -5   3   5  -5  -1  -1  -5  -5  -3  -4  -1   2    1   0   0   0   0   0   0   0   0  16  63   0   0   1   0   0   0   0   2  16  1.10 0.48
  346 L    -3   2  -5  -6  -4   1  -4  -6  -4   0   3  -2   8  -2  -5  -4  -4  -4  -1   0    1  11   0   0   0   6   0   0   0   4  22   2  49   1   0   0   0   0   2   4  1.21 0.57
  347 L    -3  -5  -6  -6  -3  -5  -5  -6  -5   3   4  -5   1   1  -5  -5  -3  -4  -3   4    0   0   0   0   0   0   0   0   0  16  46   0   3   5   0   0   0   0   0  31  0.97 0.43
  348 N    -1  -3   7  -2  -2  -1  -3  -2   2  -3  -5  -3  -4  -5  -4   1   2  -5   1  -4    5   0  55   0   1   2   0   2   5   2   0   0   0   0   0   8  15   0   5   0  1.08 0.53
  349 V    -2  -5  -6  -6  -2  -5  -5  -4  -6   6   0  -5  -2  -2  -5  -3  -2  -5  -4   5    1   0   0   0   1   0   0   1   0  47   6   0   0   1   0   1   1   0   0  41  1.21 0.52
  350 G    -2  -4  -1  -4  -6  -5  -5   7  -5  -6  -3  -5  -5  -6  -5  -2  -5  -6  -2  -5    2   1   2   0   0   0   0  87   0   0   3   0   0   0   0   2   0   0   2   1  1.90 0.68
  351 T     0  -4   0  -3   0  -3  -3  -2  -4  -4  -4  -3  -4  -3   0   5   5  -5  -4  -4    4   0   3   0   2   0   0   2   0   0   1   0   0   1   4  44  39   0   0   0  1.02 0.54
  352 A     3  -2  -1  -2  -1  -3  -3  -2  -4  -1   1  -3   1  -3  -3   2   3  -4  -3  -1   32   1   2   2   1   0   0   1   0   3  19   0   4   0   0  15  19   0   0   2  0.42 0.31
  353 R     0  -2   0  -2  -2  -1   1  -3  -2   0  -2  -1  -2  -3  -1   3   4  -4  -1   0    5   1   3   0   1   1   9   0   1   5   3   3   0   0   2  26  32   0   2   5  0.41 0.31
  354 T    -1  -1  -3  -4  -2  -3  -3  -3  -4   0  -2  -3  -2  -4  -4   1   6  -5  -4   2    5   4   0   0   0   0   0   1   0   5   2   0   0   0   0  11  55   0   0  17  0.90 0.49
  355 M    -1  -2  -3  -2  -3  -2  -4   4  -4   0   1  -3   2   0  -1  -1  -2  -4  -3   2    3   2   0   1   0   2   0  38   0   4  13   0   6   4   3   2   1   0   0  19  0.42 0.27
  356 G     2  -2  -3  -4   3  -4  -3   6  -5  -3  -6  -4  -5  -6  -5  -2  -4  -5  -6  -5   17   2   0   0   7   0   2  69   0   2   0   0   0   0   0   2   0   0   0   0  1.42 0.55
  357 L    -1   4  -2  -3  -2   0  -1  -4  -2   0  -2   2  -1  -4  -4  -1   1  -4  -3   2    5  30   0   1   1   4   3   0   0   6   3  13   1   0   0   3  10   0   1  20  0.42 0.28
  358 V    -3  -5  -6  -6  -4  -5  -5  -6  -6   3  -1  -5  -2  -4  -5  -5  -2  -6  -4   7    1   0   0   0   0   0   0   0   0  17   2   0   0   0   0   0   2   0   0  76  1.52 0.61
  359 T    -1   0  -2  -3  -3   0  -1  -3  -3   1   0   0   1  -1  -3   1   4  -4  -2   1    3   4   1   0   0   3   2   1   0  10  10   7   4   2   0  12  29   0   1  10  0.26 0.23
  360 A     3  -1   1  -2  -3   0   0   0  -2  -3  -1   1  -2  -4  -3   3  -1  -5  -2  -3   27   2   7   0   0   5   4   7   0   1   6   8   0   0   0  30   0   0   1   0  0.41 0.31
  361 L     2  -2  -4  -4  -3  -2  -4  -4  -4   2   1  -2   1   0  -4  -1   0  -4  -2   4   18   2   0   0   0   1   0   0   0  13  11   2   3   4   0   3   5   0   1  37  0.46 0.30
  362 G    -3   3   1   0  -5   0  -1  -1   0  -4  -5   5  -4  -5  -4   0   0  -5  -4  -5    0  17   6   6   0   2   2   5   2   1   0  47   0   0   0   6   7   0   0   0  0.80 0.42
  363 K     1   1   1   1  -4   0   1   1  -1  -4  -4   3  -3  -2  -1   0  -1  -4  -3  -3   14   7   6  10   0   2  10  11   1   0   0  24   0   2   3   7   1   0   0   1  0.30 0.22
  364 D    -4  -3   3   6  -6  -2   2   1  -3  -6  -5  -1  -5  -6  -3  -1  -2  -6  -5  -5    0   1  15  52   0   1  11  10   0   0   1   3   0   0   1   2   2   0   0   1  1.12 0.49
  365 E    -1   1  -1  -1  -3   0   2  -2  -1   1   2   1   2  -2  -2   0   0  -3  -2   0    4   7   3   1   0   1  17   2   1   8  21   8   6   1   1   6   5   0   1   7  0.12 0.14
  366 I     4  -4  -4  -4   3  -3  -4   1  -4   2   1  -4   2  -2  -4  -2  -2  -4  -3   2   35   0   0   0   6   0   0   9   0  15  10   0   6   1   0   1   0   0   0  16  0.50 0.32
  367 E    -2   1  -2   0  -5   1   4  -3  -1  -1  -4   4  -2  -2  -3  -1   1  -5  -2  -2    1   6   1   4   0   3  29   1   1   4   0  30   1   2   0   4  10   0   1   3  0.54 0.34
  368 L    -3  -5  -5  -6   0  -5  -5  -6  -5   5   3  -5   1   2  -5  -4  -3  -4  -3   4    1   0   0   0   1   0   0   0   0  32  26   0   2   7   0   0   0   0   0  29  0.90 0.40
  369 K     0   1   1   0  -2   2   2  -2  -1  -1  -2   1  -1  -3  -3   0   0  -4  -2   1    9   8   6   4   1  12  16   1   1   3   2  11   1   0   0   7   4   0   1  11  0.20 0.17
  370 L    -5  -5  -6  -7  -4  -5  -6  -7  -6  -2   6  -6   1  -1  -6  -6  -4  -5  -4  -2    0   0   0   0   0   0   0   0   0   0  93   0   3   1   0   0   0   0   0   1  1.80 0.68
  371 Q    -1   2   1   0  -4   0   1  -3  -2  -1  -2   3  -1  -4  -3   0   3  -5  -3  -1    4  11   6   3   0   2   8   1   1   4   3  22   1   0   0   4  25   0   0   4  0.35 0.26
  372 I    -2   3   2   0  -4   1   1  -2  -1  -1  -1   3  -2  -4  -3   1   1  -4   0  -2    1  19  13   3   0   4   7   2   1   4   5  19   0   0   0  10   7   0   3   1  0.31 0.23
  373 P     0  -4  -6  -5  -6  -2  -4  -4  -6  -6  -4  -3  -6  -2   8  -3  -5  -7  -6  -6    7   1   0   0   0   2   1   1   0   0   2   1   0   2  82   1   0   0   0   0  2.41 0.82
  374 V     1  -5  -6  -6   0  -5  -5  -4  -6   2   0  -5   1  -4  -5  -4  -2  -6  -4   6   12   0   0   0   2   0   0   1   0  10   7   0   3   0   0   0   2   0   0  65  1.13 0.51
  375 C     0  -7  -6  -7  11  -6  -7  -6  -7  -2  -4  -6  -5  -6  -1  -2  -4  -6  -6   2    6   0   0   0  71   0   0   0   0   2   1   0   0   0   4   3   0   0   0  13  2.55 0.82
  376 A     4  -4  -4  -4   5  -4  -4  -2  -4   0  -2  -4  -3  -3  -4  -1   4  -2  -1   0   38   0   0   0  11   0   0   3   0   4   2   0   0   1   0   2  30   1   2   7  0.78 0.44
  377 E    -1   0   1   1  -2   1   4  -1  -2  -3  -3   1  -2   1  -2   0  -1   4   0  -3    4   4   6   7   1   5  32   5   0   1   2   7   1   6   1   6   2   6   4   1  0.35 0.24
  378 P    -1   0  -2  -1  -3   1   1  -3  -1   2  -1   2  -1  -1   2  -1  -1  -4  -2   2    2   5   1   2   0   5  12   0   2  14   4  16   1   2   9   2   2   0   1  20  0.21 0.19
  379 G    -2  -4   1   1  -6  -2  -2   6  -2  -7  -5  -2  -3  -6  -5  -2  -4  -6  -6  -6    1   0   7   9   0   1   2  72   1   0   1   3   1   0   0   2   0   0   0   0  1.48 0.57
  380 E     1  -3  -2   4  -5   1   5  -2  -3  -4  -2  -2  -2  -4  -3   1   0  -3  -3  -4   11   0   0  21   0   6  37   3   0   0   3   0   1   0   0  10   4   0   1   1  0.65 0.37
  381 R    -4   5   0  -4  -6   0  -2  -5   0  -5  -4   6  -1  -5  -4  -3  -1  -5  -2  -5    0  37   3   0   0   3   0   0   2   0   2  45   1   0   0   1   3   0   1   0  1.22 0.52
  382 V    -1  -5  -6  -6  -1  -5  -5  -6  -6   5   0  -5  -1   2  -5  -4  -2  -5  -3   5    5   0   0   0   1   0   0   0   0  40   4   0   1   8   0   0   1   0   0  42  1.12 0.47
  383 A     6  -5  -5  -5  -1  -4  -4  -3  -5   0  -2  -4  -3  -5  -4  -1   0  -6  -5   3   68   0   0   0   1   0   0   0   0   4   2   0   0   0   0   3   5   0   0  18  1.13 0.54
  384 I    -4  -5  -6  -6  -4  -5  -6  -7  -6   6   4  -5   1   0  -6  -5  -4  -5  -4   1    0   0   0   0   0   0   0   0   0  51  35   0   2   4   0   0   0   0   0   7  1.25 0.50
  385 S    -1  -3   1  -3  -4  -3  -3  -1  -3  -1  -3  -3  -2  -3  -3   6   0  -5  -4  -4    3   0   6   0   0   0   0   4   0   4   2   0   1   1   0  72   3   0   0   0  1.16 0.54
  386 R    -2   8  -1  -4  -5   0  -3  -3  -3  -5  -5   1  -3  -5  -4  -2  -4  -5  -4  -5    2  78   2   0   0   4   0   2   0   0   1   5   1   0   0   2   0   0   0   0  1.73 0.62
  387 Q    -4   7   0  -4  -6   3  -2  -5  -2  -4  -4   3  -2  -3  -5  -3  -2  -5   0  -4    0  58   4   0   0  12   1   0   1   1   1  16   1   1   0   0   2   0   3   1  1.29 0.55
  388 I    -3  -4  -5  -5  -4  -2  -4  -6  -5   6   0  -5   0  -1  -5  -1  -2  -5  -4   5    1   1   0   0   0   2   1   0   0  44   5   0   1   2   0   6   1   0   0  36  1.01 0.45
  389 G    -1  -1   2   3  -3   0   3   3  -1  -5  -3   0  -2  -3  -3   0  -2  -4   2  -4    3   2  11  15   1   4  21  22   1   0   2   4   1   0   0   5   1   0   8   0  0.44 0.27
  390 S     1   1   3  -1  -4   0  -1   2  -3  -5  -5   4  -4  -5  -3   2  -1  -5  -4  -3   10   7  15   1   0   2   2  14   0   0   0  31   0   0   0  14   2   0   0   1  0.54 0.32
  391 R    -3   6   0  -4  -6  -1  -3  -4   7  -5  -5   1  -1  -5   1  -2  -2  -5  -2  -3    1  40   4   0   0   1   0   1  30   0   0   7   2   0   8   3   2   0   1   2  1.18 0.52
  392 W    -6  -7  -8  -8  -3  -6  -7  -7  -7  -2  -5  -7   3   2  -8  -7  -6  12  -2  -1    0   0   0   0   1   0   0   0   0   2   0   0   6   7   0   0   0  77   0   4  3.58 1.04
  393 R    -5   8  -4  -5  -2  -1  -1  -6   2  -2  -5   0  -2  -6  -5  -4  -2  -6  -3  -4    0  79   0   0   1   1   4   0   6   3   0   2   1   0   0   0   2   0   1   1  1.82 0.69
  394 L    -4  -5  -6  -6  -4  -5  -6  -6  -6   1   6  -5   0  -3  -6  -3   1  -5  -4   0    0   0   0   0   0   0   0   0   0   6  80   0   0   0   0   1   8   0   0   5  1.32 0.54
  395 I    -1  -6  -6  -6  -4  -6  -6  -6  -6   7  -2  -6  -2  -2  -6  -3  -1  -6  -4   2    5   0   0   0   0   0   0   0   0  80   0   0   0   1   0   2   3   0   0   9  1.66 0.62
  396 G    -2  -2  -1  -5  -6  -5  -5   7  -2  -4  -7  -5  -6  -7  -6  -4  -5  -6  -6  -6    2   2   3   0   0   0   0  91   1   1   0   0   0   0   0   0   0   0   0   0  2.14 0.69
  397 Y    -1  -4  -5  -6  -2  -5  -5   0   1  -1  -3  -5  -1   0  -6  -3  -5  10   5   0    6   1   0   0   1   0   0   8   4   4   2   0   2   2   0   2   0  43  18   7  1.70 0.58
  398 G     0  -5  -4  -2  -2  -5  -5   7  -5  -7  -7  -5  -6  -7  -5  -3  -5  -6  -6  -6    6   0   0   2   1   0   0  91   0   0   0   0   0   0   0   0   0   0   0   0  2.14 0.69
  399 I    -2  -1  -1  -1  -3   3   1  -4  -1   2  -1   1  -2  -2  -3   0   3  -4  -1   2    0   2   2   3   0  14   7   0   1  14   3   7   0   1   0   6  23   0   2  14  0.28 0.23
  400 I    -3  -6  -6  -6  -4  -5  -6  -6  -6   6   2  -5   0  -1  -6  -5  -3  -5  -4   3    0   0   0   0   0   0   0   0   0  59  21   0   1   1   0   0   0   0   0  18  1.31 0.49
  401 K    -2   3   0  -2  -1   2   1  -3  -2   0  -1   4  -2  -3  -3  -1   0  -4   0  -1    0  18   3   0   2  10   9   0   0   8   5  30   0   0   0   2   5   0   3   4  0.40 0.25
  402 E    -3   4  -2   3  -5  -1   3  -3  -2  -5  -5   3  -4  -5  -3   1  -2  -5  -4  -4    0  27   0  17   0   0  24   1   0   0   0  20   0   0   0  11   0   0   0   0  0.77 0.32
  403 L    -2  -3  -4  -4  -2  -3  -3  -4  -3   3   4  -3   1   1  -3  -3  -1  -2  -1   2    0   0   0   0   0   0   0   0   0  18  61   0   0   6   0   0   0   0   0  14  0.42 0.04

                      K         Lambda
Standard Ungapped    0.1390     0.3180
Standard Gapped      0.0560     0.2670
PSI Ungapped         0.1830     0.3171
PSI Gapped           0.0560     0.2670
