
Last position-specific scoring matrix computed, weighted observed percentages rounded down, information per position, and relative weight of gapless real matches to pseudocounts
            A   R   N   D   C   Q   E   G   H   I   L   K   M   F   P   S   T   W   Y   V   A   R   N   D   C   Q   E   G   H   I   L   K   M   F   P   S   T   W   Y   V
    1 G    -2  -4   4  -3  -5  -3  -4   7  -3  -6  -6  -3  -5  -5  -4  -2  -3  -5  -5  -5    0   0  20   0   0   0   0  80   0   0   0   0   0   0   0   0   0   0   0   0  1.60 0.39
    2 C    -2  -5  -4  -3  10  -5  -5  -3  -5  -3  -4  -5  -4  -2  -4   2  -2   5  -2  -4    1   0   0   2  62   0   0   1   0   1   0   0   0   2   1  19   2  10   1   0  1.96 0.53
    3 V    -3  -5  -2  -4  -4  -4  -4  -5  -4   3   0  -4   5  -1  -5  -3   4  -5  -3   4    0   0   2   0   0   0   1   0   0  15   5   0  18   2   0   1  28   0   0  28  0.84 0.43
    4 S    -1  -3   6   3  -5  -3  -3  -3  -2  -5  -6  -3  -5  -4  -1   4  -2  -7  -5  -5    5   1  34  19   0   0   0   1   1   1   0   1   0   1   3  33   1   0   0   1  1.11 0.57
    5 N    -3  -3   4   3  -3  -2  -1   5  -4  -4  -5   2  -5  -5  -4  -2  -3  -4  -5  -5    0   0  21  15   1   1   4  39   0   1   1  11   0   0   0   2   1   0   0   1  0.90 0.44
    6 I    -2  -1  -2  -3   1  -1  -1  -3  -2   1   1   2   1   1  -4  -1   1   5   3   0    2   2   2   1   3   2   3   2   0   8  13  13   4   6   0   3   9   9  10   7  0.25 0.19
    7 M     0  -4  -1  -2  -5  -4   0  -5  -5  -4  -4  -2   2  -4   2   1   6  -2  -4  -4    6   0   3   2   0   0   6   0   0   1   1   2   5   1   9   8  54   1   0   0  1.01 0.57
    8 I     4  -5  -5  -5  -4  -4  -4  -4  -4   2   2  -4  -1  -3   2  -3  -3  -5  -4   2   36   0   0   0   0   0   1   0   0  10  23   1   1   1  12   1   1   0   0  14  0.70 0.42
    9 C    -5  -6  -6  -7   5  -6  -6  -7   6  -1   5  -6  -3   1  -7  -6  -4  -3  -1  -3    0   0   0   0  11   0   0   0  17   2  60   0   0   6   0   0   1   0   2   0  1.50 0.67
   10 N    -3  -1   3  -1  -7  -2  -1  -5   9  -4  -4  -1  -4  -2  -3  -1  -3  -1  -1  -5    2   3  12   3   0   1   4   1  56   1   2   3   0   1   1   4   2   1   1   1  1.72 0.72
   11 L     3  -3  -4  -4   0  -4  -4  -4  -2   3   2  -3   1   2  -5  -2  -2   0   4  -1   24   1   1   1   2   0   1   0   1  18  18   2   3   9   0   1   1   1  14   3  0.50 0.33
   12 A     7  -6  -6  -6   0  -5  -5  -4  -1  -4  -6  -5  -4  -7  -5  -1  -3  -7  -6  -1   86   0   0   0   2   0   0   0   1   0   0   0   0   0   0   4   2   0   0   3  1.94 0.87
   13 Y     4   1  -4  -5  -2  -2  -1  -4  -1  -2  -3  -2  -2   0  -5   0  -1   0   4   0   43   8   0   0   1   2   4   0   1   2   1   2   1   3   0   6   4   1  16   6  0.64 0.43
   14 S    -1   1   2   1  -2   0   2  -2   0  -2  -1   2  -1  -2  -3   2  -1   1   0  -3    4   8  10   6   1   4  16   1   2   3   5  11   2   1   0  16   3   2   4   0  0.23 0.21
   15 G    -2  -2   4  -2  -2  -1  -1   4   1  -3  -5   0  -4   0  -4  -1  -2  -2   1  -4    3   2  24   1   1   2   4  35   3   2   1   5   0   4   0   3   2   1   6   1  0.66 0.38
   16 K    -4   0   6   1  -4   1  -2   1   4  -6  -6   2  -4  -3  -5  -2  -3  -5  -4  -5    0   4  41   8   0   5   1  12   9   0   0  14   0   1   0   1   1   0   0   1  1.01 0.52
   17 L    -2   0   1  -2   2  -1  -3  -3   3   1   1  -1   0   1  -3   2   0  -1   1  -1    2   4   9   2   5   2   0   1   8   8  17   3   2   7   0  17   5   1   4   4  0.17 0.18
   18 D    -1  -1   0   2  -5   0   2  -3  -1  -1  -2   4  -3  -5   1   0  -1  -5  -2  -3    5   1   4  12   0   2  11   1   1   4   4  34   0   0   7   6   4   0   1   1  0.45 0.32
   19 E    -1  -2  -2   1  -6   0   6  -4  -4  -4  -2   0  -4  -6  -4   1  -2  -6  -4  -1    5   1   1   8   0   3  54   1   0   1   4   4   0   0   0  10   2   0   1   5  0.95 0.52
   20 L    -2  -5  -5  -6  -3  -5  -5  -6  -6   4   3  -5   1   0  -5  -4   2  -5  -4   4    3   0   0   0   0   0   0   0   0  24  24   0   4   3   0   0  15   0   0  26  0.81 0.42
   21 K     3  -1  -4  -4   3  -3  -1  -4  -4   0  -2   2  -1  -2  -4  -2   0  -4  -3   3   30   3   0   0   7   1   5   0   0   5   3  14   1   2   0   1   5   0   0  23  0.48 0.35
   22 E    -2  -2  -1   0  -6   1   6  -4  -3  -4  -5   3  -4  -6  -4   0  -2  -6  -5  -4    3   2   2   3   0   5  56   1   0   1   0  14   0   0   0   7   2   0   0   1  1.15 0.59
   23 R    -2   0  -4  -5   0  -2  -4  -5  -2   1   3  -1  -1   2  -5  -2  -2  -3   5   0    4   4   0   0   2   2   1   0   1   8  36   4   1   9   0   3   1   0  19   6  0.58 0.35
   24 I    -4  -6  -7  -7  -5  -6  -7  -7  -7   2   6  -6  -2   3  -7  -4  -5  -5  -4  -1    1   0   0   0   0   0   0   0   0   9  73   0   0  13   0   1   0   0   0   2  1.56 0.67
   25 L    -3  -4  -1  -3  -3  -4  -3  -6  -4   6   4  -3  -1  -2  -4  -3  -3  -5  -4   0    2   0   4   1   0   1   2   0   0  42  35   2   0   1   1   2   1   0   0   4  0.94 0.47
   26 A     1  -2  -1   0  -4  -1   2  -3  -4  -5  -2  -1  -4  -5  -4   5  -1  -6  -4  -5   12   1   3   4   0   2  11   1   0   0   5   3   0   0   0  53   3   0   0   0  0.86 0.53
   27 D    -3  -2   4   2  -2   1  -2  -4   8  -5  -3   0  -4  -4  -5  -3  -4  -6   1  -4    2   2  19  12   1   6   2   1  38   0   3   6   0   0   0   1   0   0   4   1  1.23 0.58
   28 K    -4  -2  -2  -2  -4  -4  -2   7  -4  -7  -5   1  -6  -6   1  -2  -4  -7  -6  -6    0   2   2   2   0   0   3  70   0   0   1   9   0   0   6   2   0   0   0   0  1.50 0.66
   29 S     6  -3  -4  -4  -3  -3  -4  -3  -5  -1  -5   0  -3  -6  -5   1  -2  -6  -6   0   68   1   0   1   0   1   1   1   0   3   0   6   0   0   0  10   2   0   0   6  1.24 0.64
   30 L    -4  -4   6   4  -5  -2  -1  -4  -2  -4   2  -1  -3  -3  -5  -1  -3  -6  -2  -3    0   0  39  24   0   2   3   0   1   1  18   3   0   1   0   3   1   0   1   2  0.96 0.52
   31 A     1  -4  -6  -6  -4  -5  -6  -6  -5   6   0  -1  -2  -3  -2  -3  -3  -6  -5   3   12   1   0   0   0   0   0   0   0  48   7   4   0   0   3   2   1   0   0  22  1.04 0.51
   32 T    -4  -3   8   1  -4  -2  -2  -4  -2  -5  -4  -1  -4  -6  -6   0   1  -7  -4  -6    1   1  64   7   0   2   3   0   1   1   2   3   0   0   0   6  10   0   1   0  1.58 0.72
   33 R     3   1  -3  -1  -2  -1   4  -2  -3  -2  -2   1  -3  -3  -4   0  -1  -5  -4  -1   27   8   0   2   1   2  29   2   0   2   3  10   0   1   0   6   3   0   0   4  0.48 0.35
   34 T    -2   1  -1  -4  -6  -1  -1  -2  -4  -2  -5   6  -4  -4  -3  -2   2  -6  -4  -1    2   7   2   0   0   2   2   3   0   2   1  59   0   1   1   1  12   0   0   4  1.11 0.57
   35 D    -4  -4   4   7  -5  -3  -1  -3  -2  -5  -6  -3  -4  -7  -6  -3   0  -8  -3  -6    1   1  16  66   0   1   2   2   1   0   1   1   1   0   0   1   7   0   1   0  1.72 0.73
   36 Q    -2   0   4   2  -3   2   2  -3  -1  -1  -3   3  -2  -3  -3  -1  -2  -5   0  -2    2   3  18  10   0  11  15   1   1   4   1  21   1   1   0   4   2   0   3   2  0.47 0.32
   37 D    -3  -2   3   6  -4  -2  -1  -2   1  -3  -4   0  -3   0  -5  -1  -3  -2   3  -5    1   2  16  40   0   1   3   2   3   2   1   5   1   5   0   4   0   1  11   0  0.85 0.45
   38 S    -3  -1   0  -1  -6  -2   1   6  -3  -5  -6  -1  -6  -5  -5  -1  -4  -6  -5  -6    1   3   4   4   0   1   8  67   1   1   1   5   0   0   0   3   0   0   0   0  1.37 0.60
   39 R    -3   5   0  -2   1   1   1  -4  -2  -4  -3   2  -2   0  -4  -2  -3   5   0  -4    1  34   5   2   3   7  10   0   1   1   2  12   1   5   0   3   1   8   3   1  0.69 0.40
   40 T    -3  -4  -1  -5  -5  -4  -5  -6  -6  -3  -2  -4  -1  -6  -5   0   8  -7  -3  -4    2   0   2   0   0   1   0   0   0   1   5   1   2   0   0   6  79   0   1   0  1.88 0.84
   41 A     5  -6  -5  -5  -5  -5  -5  -5  -6  -3  -1  -5  -5  -6   6  -2  -2  -7  -6  -1   45   0   0   0   0   0   0   0   0   1   7   0   0   0  36   3   2   0   0   5  1.34 0.65
   42 L    -5  -6  -7  -7  -5  -6  -7  -7  -7   1   7  -6  -2  -2  -7  -6  -5  -6  -5  -3    0   0   0   0   0   0   0   0   0   7  89   0   0   1   0   0   0   0   0   1  1.98 0.78
   43 H    -6  -4  -4  -6  -6  -2  -5  -7  11  -3  -5  -6  -2  -4  -7  -5  -5  -7   1  -7    1   1   0   0   0   2   0   0  85   2   1   0   1   0   0   1   1   0   5   0  3.34 1.13
   44 W    -3  -2  -3  -4  -1  -4  -3  -5   0   3   0  -2   0   1  -6  -3  -3   8   5   0    2   2   2   1   1   0   1   0   2  16   9   3   2   5   0   2   2  21  22   8  0.95 0.45
   45 A     7  -6  -6  -6  -5  -5  -5  -4  -6  -5  -6  -5  -4  -6  -5  -1  -1  -7  -6  -3   90   0   0   0   0   0   0   0   0   0   0   0   0   0   0   2   4   0   0   1  2.07 0.87
   46 C     6  -5  -5  -5   4  -5  -4  -4  -5  -2  -3  -4  -3  -5  -4   1   0  -6  -5   1   63   0   0   0   8   0   0   0   0   1   1   0   0   0   0   9   4   0   0  10  1.22 0.61
   47 S    -1   1  -1  -1   0   1   2  -2   0  -1  -1   2  -1   0  -3   2  -1   2   1  -2    4   9   2   3   2   5  12   1   2   4   8  13   1   3   0  21   1   3   4   1  0.19 0.20
   48 A     0  -1   5  -2  -1  -1  -1   0   2  -3  -3   0  -2   1  -3   0  -2  -2   4  -3    7   2  28   2   1   2   3   6   5   1   2   7   1   5   1   8   1   0  18   1  0.51 0.34
   49 G    -3  -4   7   0  -4  -3  -4   5  -3  -6  -7  -2  -6  -7  -5  -1  -4  -7  -4  -7    1   1  48   4   0   1   1  38   0   0   0   2   0   0   0   3   0   0   1   0  1.58 0.68
   50 H    -3   1   3  -3   3  -2  -3  -4   7  -5  -5  -1  -5  -3  -4   3  -3  -2   1  -5    1   7  16   1   6   2   0   1  30   0   1   4   0   1   1  24   0   1   5   0  1.05 0.54
   51 T    -2  -1  -2  -2  -3  -1  -1  -5  -1   1   1   5  -2  -2   0  -2   1  -5  -3  -1    2   1   1   2   0   1   4   0   1   8  16  42   1   2   4   3   8   0   0   3  0.54 0.37
   52 E    -3  -3   0   3  -7   0   7  -3  -4  -6  -7   0  -6  -6  -3  -3  -3  -7  -6  -5    1   1   4  16   0   3  64   2   0   0   0   4   0   0   1   1   1   0   0   0  1.47 0.68
   53 I    -2  -4  -4  -5  -4  -5  -4  -6  -6   5   0  -4   2  -3  -5  -3   4  -5  -4   3    3   0   0   0   0   0   1   0   0  35   7   1   4   0   0   1  24   0   0  23  0.95 0.48
   54 V     4  -5  -5  -6  -2  -5  -5  -5  -6   1  -2  -5  -1  -3  -5  -2   0  -6  -5   5   40   0   0   0   1   0   0   0   0   7   2   0   1   1   0   1   6   0   0  40  1.07 0.55
   55 E    -3   1   0   0  -3   1   6  -5  -3  -5  -5   4  -4  -6  -4  -3  -3  -6  -5  -4    1   5   4   4   1   5  53   1   0   0   1  21   0   0   1   0   1   0   0   1  1.19 0.59
   56 F    -3  -4  -4  -5  -4  -4  -5  -6  -1   2   4  -5   0   4  -5  -4  -2  -3   3   1    2   1   1   1   0   0   0   0   2  11  40   0   2  20   0   0   2   0  10   8  0.82 0.40
   57 L    -6  -6  -7  -8  -5  -6  -7  -8  -7  -2   7  -7  -2  -2  -7  -7  -5  -6  -5  -3    0   0   0   0   0   0   0   0   0   1  96   0   0   1   0   0   0   0   0   0  2.18 0.85
   58 L    -2  -6  -6  -7  -5  -6  -6  -7  -6   7   4  -6  -1  -2  -6  -4  -4  -6  -5   0    3   0   0   0   0   0   0   0   0  56  32   0   1   1   0   1   1   0   0   5  1.48 0.61
   59 Q    -2  -3  -1   1  -5   2   1  -2  -4  -5  -1  -1  -3  -5  -4   6  -2  -6  -5  -4    2   1   3   7   0  10   8   2   0   0   6   3   1   0   1  54   1   0   0   1  0.88 0.54
   60 L    -2   1   3  -4   0   0  -3  -4   9  -5  -1   2  -2  -4  -5  -2  -4  -6   0  -3    3   6  12   0   2   5   1   1  44   0   8  11   1   0   0   2   0   0   3   2  1.23 0.57
   61 G    -3  -4  -1   0  -5  -3  -4   7  -3  -7  -7  -1  -6  -5  -6  -1  -5  -6  -6  -6    1   1   2   6   0   1   1  78   1   0   0   4   0   0   0   3   0   0   0   1  1.80 0.71
   62 V     6  -5  -4  -4  -1  -4  -4  -4  -5   0  -4  -5  -4   0  -3  -2  -2  -6  -5   1   71   0   0   1   1   0   0   1   0   4   1   0   0   4   1   2   2   0   0  11  1.31 0.64
   63 P    -4  -4   6   5  -6  -3   0  -3  -4  -4  -5  -1  -3  -6   2  -1  -3  -7  -3  -4    1   0  39  29   0   0   5   1   0   1   1   3   1   0  10   5   1   0   1   1  1.15 0.56
   64 V    -3  -6  -6  -6  -5  -6  -5  -7  -6   6  -2  -2  -2  -3   1  -5  -3  -6  -5   5    2   0   0   0   0   0   0   0   0  49   1   2   0   1   7   0   1   0   0  34  1.38 0.60
   65 N    -4  -4   8   4  -7  -4  -1  -4   0  -6  -7  -3  -5  -7  -6  -3  -3  -7  -4  -7    1   0  70  18   0   0   3   1   2   0   0   2   0   0   0   1   1   0   1   0  2.06 0.83
   66 D     3  -3  -3   1  -1  -1   4  -3  -3  -1  -3   0  -3  -5  -1   0  -2  -3  -3  -1   27   0   1   7   1   1  35   1   0   4   2   5   0   0   2   5   2   0   1   4  0.57 0.38
   67 K    -1   0  -2  -4  -4   2   0  -2  -4  -3  -4   7  -3  -6  -2  -2   0  -6  -5  -3    5   4   1   0   0   8   4   3   0   2   1  61   1   0   2   1   5   0   0   2  1.13 0.57
   68 D    -4  -4   4   7  -6  -3  -2  -1  -3  -6  -6  -3  -3  -6  -5  -3  -1  -7  -5  -6    1   1  15  68   0   0   1   5   0   0   0   1   1   0   0   2   3   0   0   0  1.78 0.73
   69 D    -3  -1   4   4  -4  -1   2  -1  -2  -2  -4   3  -3  -4  -4  -1  -2  -5  -1  -3    1   2  21  20   0   2  14   4   1   2   1  22   1   0   0   3   1   0   2   1  0.63 0.37
   70 A     0  -1   3   4  -2  -2   0  -2   1  -2  -3  -1  -1   0  -4   1  -1  -4   2  -3    9   2  15  23   1   1   6   3   3   2   2   3   2   4   0  10   3   0   9   1  0.36 0.27
   71 G    -4  -2  -1  -1  -4  -3  -1   7  -6  -8  -6  -2  -7  -6  -6  -2  -5  -4  -7  -7    0   2   3   3   0   1   5  79   0   0   1   2   0   0   0   2   0   0   0   0  1.82 0.73
   72 W    -3   1   0  -3   1   1   1  -4  -3  -3  -2   2   0  -1  -5  -2  -2   9   0  -2    2   9   4   1   4   7  11   1   1   1   3  14   3   2   0   2   2  28   3   3  0.92 0.46
   73 S    -1  -5  -3  -5  -5  -5  -5  -6  -6  -3  -5  -5  -4  -6  -5   1   8  -7  -5  -4    4   0   1   0   0   0   0   0   0   2   0   0   0   0   0   8  83   0   0   1  2.11 0.91
   74 P     5  -6  -6  -5  -4  -5  -5  -5  -5  -5  -5  -5  -6  -7   7  -2  -2  -7  -6  -2   40   0   0   0   0   0   0   0   0   1   0   0   0   0  51   3   2   0   0   3  1.80 0.78
   75 L    -6  -7  -8  -8  -6  -7  -8  -8  -7   0   7  -7  -2  -2  -8  -7  -6  -6  -5  -3    0   0   0   0   0   0   0   0   0   4  95   0   0   1   0   0   0   0   0   0  2.20 0.86
   76 H    -6  -4  -3  -5  -3  -2  -5  -7  11   0  -4  -6   3  -3  -6  -5  -4  -7   1  -7    0   1   1   0   1   1   0   0  77   5   1   0   7   1   0   1   1   0   3   0  2.88 1.03
   77 I    -2  -3  -2  -2   1  -3  -3  -5   0   4   1  -1   0   1  -5  -1  -2   2   4   1    2   1   1   3   3   1   2   0   2  28  11   4   2   6   0   6   2   3  17   6  0.43 0.28
   78 A     7  -6  -6  -3  -5  -5  -5  -4  -6  -5  -6  -5  -6  -7  -5  -1  -3  -7  -6  -4   93   0   0   1   0   0   0   0   0   0   0   0   0   0   0   3   2   0   0   1  2.20 0.93
   79 A     6  -5  -5  -5   1  -5  -5  -4  -6  -2  -4  -5  -5  -6  -5   2   0  -7  -6   1   66   0   0   0   2   0   0   0   0   2   0   0   0   0   0  14   5   0   0  11  1.31 0.66
   80 S    -1   1   0  -1  -3   0   1  -2   2  -1  -1   0  -1   0  -4   3  -2   2   1  -2    3   8   3   3   0   5  10   2   4   4   6   7   1   5   0  27   1   3   6   1  0.23 0.23
   81 A     2  -1   4  -2   0  -2  -1  -2   2  -1  -3   1  -2   0  -4   0  -2  -2   4  -2   16   2  26   2   2   1   4   2   5   3   1   9   1   4   0   5   1   0  14   3  0.43 0.32
   82 G    -4  -4   6   1  -3  -4  -4   5  -3  -6  -7  -1  -6  -7  -4  -3  -4  -7  -3  -6    0   1  42   8   1   0   0  40   0   0   0   4   0   0   1   1   0   0   1   0  1.47 0.66
   83 R    -4   3   4  -2   3  -2  -3  -4   6  -5  -6  -1  -4  -1  -5   3  -2   0   1  -5    0  15  17   2   6   1   1   1  21   1   0   2   0   2   0  24   1   1   5   0  0.87 0.49
   84 D    -2  -1  -3   1  -3   0   1  -3  -2   0   1   5  -2  -4  -2  -2   0  -3  -3  -2    3   1   0   8   0   4   7   2   1   6  12  42   0   0   1   2   6   0   1   3  0.54 0.37
   85 E    -2  -3   0   3  -7  -1   7  -3  -2  -6  -7   0  -5  -7  -4  -4  -3  -7  -5  -5    3   1   3  15   0   2  66   2   1   0   0   4   0   0   0   0   1   0   0   1  1.55 0.71
   86 I    -2  -6  -5  -6  -5  -5  -6  -6  -6   5  -1  -5   2  -4  -6  -4   4  -6  -5   4    3   0   0   0   0   0   0   0   0  38   3   0   5   0   0   0  26   0   0  23  1.17 0.57
   87 V     4  -6  -6  -6  -2  -5  -5  -4  -6   1  -2  -5  -1  -4  -5  -3   0  -6  -4   5   34   0   0   0   1   0   0   1   0   7   2   0   1   0   0   1   6   0   0  46  1.13 0.57
   88 K    -3   0   0   0  -7   1   6  -3  -4  -5  -3   4  -4  -7  -5  -2  -3  -7  -4  -5    1   5   4   4   0   4  51   2   0   1   2  23   0   0   0   1   1   0   0   0  1.15 0.59
   89 A     0  -4  -5  -4  -3  -4  -3  -5  -3   2   4  -4  -1   3  -5  -2  -1  -4   2   0    9   0   0   1   0   0   2   0   1  12  42   1   1  12   0   2   4   0   8   6  0.62 0.35
   90 L    -6  -7  -8  -8  -6  -7  -8  -8  -5  -2   7  -7  -2  -2  -8  -7  -6  -6  -5  -3    0   0   0   0   0   0   0   0   0   1  97   0   0   1   0   0   0   0   0   0  2.26 0.88
   91 L    -5  -7  -7  -7  -5  -7  -7  -8  -5   7   4  -7  -2  -3  -6  -6  -4  -6  -5  -1    0   0   0   0   0   0   0   0   0  58  37   0   0   1   0   0   0   0   0   3  1.75 0.71
   92 V    -1  -3  -2   0  -4  -1   1   0  -3  -5  -1  -1  -3  -5  -4   6  -1  -6  -5  -3    4   0   1   6   0   2   9   8   0   0   6   4   0   0   0  55   2   0   0   1  0.84 0.52
   93 K    -2   1   2  -4  -2   1  -2  -5   8  -6  -3   4  -5  -3  -6  -4  -5  -6   1  -4    4   6   9   0   1   6   2   0  42   0   2  21   0   1   0   0   0   0   4   1  1.38 0.63
   94 G    -4  -5  -3  -1  -4  -6  -3   7  -4  -5  -8  -3  -7  -8  -7  -4  -6  -7  -8  -8    0   1   1   3   0   0   2  90   0   1   0   1   0   0   0   1   0   0   0   0  2.32 0.88
   95 A     7  -6  -6  -6  -5  -5  -5  -4  -6  -1  -5  -4  -3  -7  -5  -2  -4  -7  -6  -1   88   0   0   0   0   0   0   0   0   4   0   1   1   0   0   2   0   0   0   4  1.98 0.86
   96 H    -5  -3   6   5  -7   1  -1  -4  -1  -5  -6  -1  -6  -6  -4  -1  -3  -7  -3  -7    0   1  43  33   0   7   4   0   1   1   0   3   0   0   1   5   1   0   1   0  1.39 0.64
   97 V    -3  -6  -7  -7  -5  -6  -6  -6  -7   6  -1  -3  -3  -4   1  -6  -4  -7  -5   5    1   0   0   0   0   0   0   0   0  45   3   2   0   0   8   0   0   0   0  39  1.45 0.63
   98 N    -4  -4   8   1  -5  -4  -2  -4   2  -7  -8  -3  -5  -7  -6  -2  -3  -8  -4  -7    1   0  79   6   0   0   3   0   5   0   0   1   0   0   0   2   1   0   1   0  2.27 0.90
   99 A     4  -3  -2  -2  -4   0   5  -3  -2  -1  -2   0  -2  -4  -4  -1  -2  -6  -4  -2   34   1   1   2   0   3  36   1   1   3   4   5   1   0   0   4   2   0   0   3  0.73 0.46
  100 V    -2   0  -2  -4  -4   0  -2  -3  -5  -2  -4   7  -2  -6  -4  -2   0  -6  -5   1    3   4   1   0   0   4   2   2   0   2   1  61   1   0   1   2   6   0   0  10  1.14 0.59
  101 N    -2  -4   6   6  -3  -3  -1  -3  -4  -7  -6  -2  -5  -7  -5  -1   1  -7  -4  -5    3   1  34  43   1   0   2   2   0   0   0   1   0   0   0   3   8   0   1   1  1.40 0.64
  102 Q    -3  -1   4   2  -2   2   1  -3   0  -1  -4   4  -4  -2  -4  -1  -3  -5  -1  -3    1   2  24  10   1  10  10   1   2   5   1  23   0   1   0   4   1   0   2   2  0.58 0.37
  103 N    -2  -2   5   4  -3  -2   0  -1   1  -3  -2  -1  -3  -1  -4  -1  -1  -3   3  -3    2   1  26  25   1   1   5   5   3   2   3   4   0   2   0   3   4   0  11   1  0.59 0.36
  104 G    -4  -2  -3  -3  -5  -4  -2   7  -4  -8  -6  -2  -7  -7  -6  -3  -6  -7  -7  -6    0   2   1   1   0   1   3  86   0   0   1   2   0   0   0   1   0   0   0   0  2.11 0.82
  105 C    -2   3   0  -1   4   3   1  -4   2  -3  -3   2  -1  -2  -4  -1  -2   5   1  -4    2  14   4   3   9  15   9   0   6   1   2  13   1   2   0   3   1   9   5   0  0.51 0.33
  106 T    -3  -6  -2  -6  -2  -5  -6  -6  -6  -2  -6  -5  -2  -6  -5   0   8  -7  -6  -4    2   0   2   0   1   0   0   0   0   2   0   0   1   0   0   6  86   0   0   1  2.25 0.96
  107 P     5  -6  -6  -6  -2  -5  -5  -5  -5  -4  -5  -5  -5  -7   6  -1  -2  -7  -6  -1   47   0   0   0   1   0   0   0   0   1   1   0   0   0  40   4   2   0   0   4  1.57 0.72
  108 L    -6  -7  -8  -8  -6  -7  -8  -8  -7  -1   7  -7  -2  -1  -8  -7  -6  -6  -5  -3    0   0   0   0   0   0   0   0   0   2  96   0   0   2   0   0   0   0   0   1  2.21 0.87
  109 H    -7  -5  -4  -6  -6   0  -5  -7  11  -3  -5  -6  -2  -2  -7  -4  -7  -7   1  -8    0   0   0   0   0   4   0   0  85   2   1   0   1   2   0   1   0   0   3   0  3.33 1.14
  110 Y    -3  -3  -2  -3   1  -4  -3  -5   0   3   0  -2  -1   3  -5  -2  -2   0   7  -2    1   1   2   2   3   0   1   0   2  17   8   3   1   9   0   2   3   1  39   2  0.91 0.47
  111 A     7  -6  -6  -6  -2  -5  -5  -4  -6  -4  -5  -5  -4  -7  -5  -2  -2  -7  -6  -2   91   0   0   0   1   0   0   0   0   1   0   0   0   0   0   2   2   0   0   2  2.07 0.89
  112 A     6  -5  -5  -6  -1  -5  -5  -4  -6  -2  -4  -5  -5  -5  -5   1   1  -7  -6   1   70   0   0   0   1   0   0   0   0   3   1   0   0   0   0   9   7   0   0   9  1.38 0.68
  113 S    -2   1  -1   0  -3   1   1  -3   1  -1  -1   1  -1  -1  -4   3  -1   2   1  -3    2   9   2   4   0   5  11   1   3   4   8   9   2   3   0  27   1   3   6   1  0.25 0.25
  114 K    -3   1   5  -2   0  -1  -1  -2   2  -4  -5   5  -2  -1  -5  -1  -3  -2   3  -4    1   5  27   1   2   2   3   2   4   1   1  32   1   3   0   3   1   0  10   1  0.80 0.46
  115 N    -5  -3   7   0  -2  -4  -4   4  -1  -6  -7  -2  -6  -5  -6  -2  -4  -7  -3  -7    0   1  59   4   1   0   0  26   1   0   0   2   0   0   0   3   0   0   1   0  1.71 0.73
  116 R    -3   3   3  -3   3   0  -3  -4   6  -5  -4   0  -4  -2  -5   3  -3   3   2  -5    0  18  12   1   6   4   1   1  18   0   1   4   0   1   0  22   0   4   7   0  0.77 0.45
  117 H    -3  -1  -2  -3  -5   0  -1  -5   1   1   1   6   1  -3  -2  -2  -1  -5  -2  -1    1   1   1   1   0   3   3   0   4   8  17  46   3   1   1   2   3   0   1   3  0.70 0.43
  118 E    -3  -4  -2   3  -8  -1   7  -5  -4  -6  -7   0  -4  -7  -4  -2  -4  -7  -5  -6    2   0   2  16   0   2  68   0   0   0   0   4   0   0   1   3   1   0   0   0  1.67 0.75
  119 I    -2  -6  -6  -6  -5  -5  -6  -6  -6   6  -2  -5   2  -3  -6  -3   4  -6  -5   3    3   0   0   0   0   0   0   0   0  45   2   0   5   0   0   1  25   0   0  17  1.23 0.59
  120 A     6  -5  -5  -6   1  -5  -5  -3  -4  -1  -3  -5  -3  -4  -5  -2   0  -6  -5   4   58   0   0   0   3   0   0   2   0   4   1   0   0   1   0   2   6   0   0  24  1.17 0.60
  121 V    -3   1  -2  -2  -7   0   6  -4  -4  -2  -4   3  -4  -6  -5  -3  -2  -4  -6  -1    2   7   2   1   0   3  54   1   0   2   1  19   0   0   0   1   3   0   0   5  1.11 0.58
  122 M    -2  -2  -4  -5  -3  -3  -5  -6  -3   2   4  -2   3   2  -5  -4   0  -4   2   1    3   2   1   0   0   1   0   0   0  13  39   2   8  10   0   0   6   0   7   8  0.62 0.35
  123 L    -6  -7  -8  -8  -6  -7  -8  -8  -5  -3   7  -7  -2  -2  -8  -7  -6  -6  -4  -4    0   0   0   0   0   0   0   0   0   0  97   0   0   2   0   0   0   0   0   0  2.27 0.89
  124 L    -4  -7  -7  -7  -5  -6  -7  -8  -7   7   4  -7  -2  -3  -7  -6  -4  -6  -5   1    1   0   0   0   0   0   0   0   0  56  36   0   0   0   0   0   1   0   0   6  1.65 0.67
  125 E    -1  -3  -2   0  -5  -2   3  -4  -4  -4  -1   0  -4  -6  -5   6  -2  -6  -5  -5    4   0   1   5   0   1  20   1   0   1   6   4   0   0   0  55   1   0   0   0  1.02 0.60
  126 G    -2   0   3  -4  -4   0  -2  -1   9  -5  -4   1  -5  -4  -5  -3  -5  -6   2  -4    4   4  14   0   0   4   1   5  47   0   2   7   0   0   0   1   0   0   8   1  1.45 0.64
  127 G    -4  -3  -2  -1  -7  -5  -4   7  -3  -7  -8  -1  -7  -7  -5  -4  -5  -7  -7  -7    0   1   2   3   0   0   1  86   1   0   0   3   0   0   1   1   0   0   0   0  2.12 0.82
  128 A     7  -5  -6  -5  -5  -4  -5  -4  -6   0  -5  -5  -5  -7  -5  -2  -4  -7  -6  -2   89   0   0   0   0   0   0   0   0   5   0   0   0   0   0   1   0   0   0   2  2.01 0.87
  129 N    -5  -3   7   5  -7  -2   0  -4  -3  -5  -6   0  -6  -7  -4   0  -3  -7  -3  -7    0   1  46  31   0   1   4   0   0   1   0   6   0   0   1   5   1   0   1   0  1.47 0.67
  130 P    -1  -6  -6  -6  -5  -6  -6  -7  -6   6  -2  -3  -2  -4   2  -5  -2  -6  -4   4    6   0   0   0   0   0   0   0   0  51   2   2   1   0  12   0   2   0   0  24  1.28 0.58
  131 D    -6   0   8   3  -2  -4  -1  -4   0  -6  -8  -3  -7  -7  -6  -2  -3  -8  -4  -7    0   4  71  13   1   0   4   1   2   0   0   1   0   0   0   2   1   0   1   0  2.02 0.83
  132 A     4  -3  -4  -2  -5  -1   5  -3  -4   0  -4   0  -3  -4  -4  -1  -2  -6  -4   0   35   1   0   1   0   1  36   1   0   6   1   5   0   0   0   3   2   0   0   7  0.79 0.49
  133 K    -2   2  -3  -4  -6  -1   0  -3  -3  -3  -5   7  -3  -5  -5  -2   0  -3  -5  -2    3   8   1   0   0   2   5   2   0   2   1  64   0   0   0   2   6   0   0   3  1.29 0.63
  134 D    -5  -6   3   8  -5  -4  -3  -4  -4  -7  -7  -4  -5  -8  -6  -1  -1  -8  -4  -6    1   0  15  72   0   0   1   1   0   0   0   0   0   0   0   3   4   0   1   0  1.98 0.81
  135 H    -3   0   4   1  -4  -1   1  -3   3  -1  -5   5  -3  -4  -4  -1  -3  -1   0  -3    1   5  21   7   0   2   8   1   7   4   0  35   0   0   0   3   1   1   4   1  0.72 0.42
  136 Y    -1   1   3   4  -2  -1  -1  -3   0  -2  -2  -1  -2   2  -4  -2  -1  -1   4  -2    4   7  13  22   1   2   4   2   2   1   4   3   1   7   0   2   3   1  18   3  0.42 0.30
  137 D    -4  -2   0  -3  -7  -3   2   7  -5  -6  -7  -2  -5  -7  -6  -3  -5  -5  -7  -6    0   3   4   1   0   1  12  73   0   0   0   3   0   0   0   1   0   0   0   0  1.67 0.70
  138 A     0   2   0  -1   2   2   1  -2  -1  -2  -3   3  -2   0  -4   0  -2   5   0  -3   10  10   5   2   5  12   9   1   1   2   2  18   1   4   0   7   1   8   3   1  0.33 0.25
  139 T    -3  -5  -3  -6  -6  -5  -6  -6  -3  -2  -3  -5  -5  -5  -5  -1   8  -7  -1  -5    2   0   1   0   0   0   0   0   1   2   2   0   0   0   0   3  87   0   2   0  2.21 0.95
  140 A     5  -6  -6  -6  -6  -5  -5  -5  -6  -4  -5  -5  -6  -7   6  -1  -3  -7  -5  -2   46   0   0   0   0   0   0   0   0   1   1   0   0   0  44   4   1   0   0   3  1.70 0.76
  141 M    -6  -7  -8  -8  -6  -6  -7  -8  -7   0   7  -7   2  -2  -7  -7  -5  -6  -5  -1    0   0   0   0   0   0   0   0   0   3  90   0   4   1   0   0   0   0   0   2  2.01 0.80
  142 H    -6  -4  -4  -6  -6  -2  -5  -7  11  -2  -6  -6  -2  -2  -8  -6  -7  -7  -1  -8    0   1   0   0   0   1   0   0  89   3   1   0   1   2   0   0   0   0   1   0  3.56 1.20
  143 R    -3   4  -1  -3   0  -2  -3  -5   0   2   1  -1  -1   1  -5  -2  -2   2   5  -1    1  24   3   2   2   1   1   0   2  15  13   3   1   5   0   3   1   2  19   3  0.51 0.33
  144 A     7  -5  -6  -6  -3  -5  -5  -3  -6  -5  -6  -5  -5  -7  -5  -1  -2  -7  -6  -3   90   0   0   0   0   0   0   1   0   0   0   0   0   0   0   4   2   0   0   1  2.06 0.89
  145 A     6  -5  -5  -6  -3  -5  -5  -4  -6  -1  -4  -5  -5  -6  -4   2  -1  -7  -6   0   72   0   0   0   0   0   0   0   0   3   1   0   0   0   1  13   3   0   0   7  1.46 0.71
  146 A     1   1  -1  -1  -1   2   2  -2  -1  -1  -1   0  -1  -1  -3   2  -1   1   1  -2   14   9   2   2   2   9  14   2   1   3   6   6   1   3   0  15   2   2   5   1  0.17 0.19
  147 K    -3  -1   5  -1   1   0   0  -3   2  -3  -4   3  -3   0  -4  -1   0  -2   2  -2    1   3  28   2   3   3   7   1   5   1   1  21   0   3   0   3   5   1   9   4  0.53 0.35
  148 G    -4  -4   6  -1  -5  -3  -4   5  -2  -6  -7  -1  -6  -6  -5  -3  -4  -7  -3  -7    0   1  42   3   0   1   1  45   1   0   0   3   0   0   0   1   1   0   1   0  1.57 0.69
  149 N    -4   0   5  -2   2  -2  -3  -2   6  -5  -5  -1  -3  -3  -5   4  -3  -3   1  -6    0   5  23   1   4   1   1   2  22   1   0   3   0   1   0  30   0   0   5   0  1.03 0.55
  150 L    -2  -1  -2  -2  -4  -2  -1  -4  -1   0   1   5  -1  -2  -2  -1   0  -5  -1   0    2   1   1   2   0   1   3   0   1   6  17  43   1   1   2   3   6   0   2   7  0.54 0.37
  151 K    -2  -2  -2   3  -7  -1   6  -3  -3  -6  -7   1  -6  -7  -1  -3  -4  -5  -5  -4    4   2   1  13   0   2  61   2   0   0   0   8   0   0   4   1   1   0   0   2  1.32 0.64
  152 M    -2  -5  -5  -6  -5  -5  -4  -6  -6   5   0  -5   5  -1  -6  -3   4  -6  -4   2    2   0   0   0   0   0   1   0   0  34   5   0  14   2   0   1  26   0   0  14  1.02 0.52
  153 V     4  -5  -5  -6   3  -5  -5  -4  -6   3  -2  -5  -1  -4  -5  -2   1  -6  -5   4   34   0   0   0   5   0   0   0   0  13   3   0   1   0   0   3   8   0   0  33  0.88 0.49
  154 H    -3   0  -1  -1  -7   1   6  -4   1  -7  -6   4  -4  -7  -5  -2  -3  -7  -4  -5    1   3   3   2   0   6  53   1   3   0   0  23   0   0   0   2   1   0   0   0  1.26 0.62
  155 I    -2  -5  -6  -6  -4  -5  -5  -7  -2   3   5  -5  -1   3  -5  -4  -3  -4   2   1    3   0   0   0   0   0   1   0   1  17  52   0   1  10   0   1   1   0   6   7  0.96 0.46
  156 L    -6  -7  -8  -8  -6  -7  -8  -8  -5  -2   7  -7  -2  -2  -8  -7  -6  -6  -6  -4    0   0   0   0   0   0   0   0   0   1  97   0   0   1   0   0   0   0   0   0  2.28 0.89
  157 L    -5  -7  -7  -7  -5  -7  -7  -8  -7   7   4  -7  -1  -4  -7  -6  -4  -6  -5   0    0   0   0   0   0   0   0   0   0  57  37   0   0   0   0   0   0   0   0   5  1.72 0.69
  158 F    -1  -2  -1   0  -3  -1   2  -4  -3  -5  -1   0  -4  -4  -5   5  -2  -6  -1  -5    3   1   2   4   0   2  15   1   0   0   7   6   0   0   0  53   1   0   3   0  0.86 0.54
  159 Y    -3  -1   3  -4   0   1  -1  -4   9  -6  -4   1  -5  -3  -4  -3  -4  -5   3  -4    2   3  12   0   2   6   4   1  47   0   1   7   0   1   1   2   0   0  10   1  1.46 0.64
  160 K    -4  -2   0  -2  -4  -4  -3   7  -2  -8  -8   2  -6  -7  -4  -2  -5  -7  -7  -7    0   2   4   3   0   0   2  73   1   0   0  12   0   0   1   2   0   0   0   0  1.68 0.70
  161 A     7  -4  -6  -5  -1  -4  -5  -4  -4   0  -4  -3  -4  -6  -5   0  -1  -7  -6  -2   79   1   0   0   1   0   0   0   0   5   1   1   0   0   0   6   3   0   0   3  1.57 0.74
  162 S    -4  -2   6   4  -6  -2   0  -4  -1  -6  -6  -1  -6  -7   0   1  -3  -7  -3  -6    1   2  44  26   0   1   6   0   1   0   0   4   0   0   4   9   1   0   1   0  1.25 0.60
  163 T    -3  -6  -5  -6  -5  -6  -6  -7  -7   6   0  -2  -2  -4  -1  -5   0  -6  -5   4    1   0   0   0   0   0   0   0   0  48   7   2   0   0   4   0   6   0   0  32  1.27 0.57
  164 N    -5  -4   8   2  -7  -3  -1  -4  -1  -7  -8  -4  -7  -7  -7  -3  -3  -8  -2  -8    1   0  79  10   0   1   4   1   1   0   0   1   0   0   0   1   1   0   2   0  2.32 0.92
  165 I     3  -4  -3  -2  -5  -1   5  -4  -1   1  -3  -1  -2  -4  -3  -1   0  -6  -5  -1   30   0   1   1   0   1  35   1   2  10   2   3   1   0   1   3   5   0   0   4  0.67 0.44
  166 Q    -2   1  -3  -4  -1   2  -1  -2  -3  -2  -4   6  -3  -6  -3  -1   0  -6  -5  -2    3   6   1   0   1  10   3   3   0   3   1  55   0   0   1   3   7   0   0   3  1.01 0.54
  167 D    -3  -5   4   8  -4  -3  -2  -2  -3  -7  -8  -3  -7  -7  -6  -2  -2  -8  -5  -7    2   0  17  70   0   1   1   2   1   0   0   1   0   0   0   2   2   0   1   0  1.92 0.79
  168 T    -2   0   4   1  -2   0   1  -3  -1  -1  -4   4  -1  -3  -4   0  -1  -5  -2  -2    3   5  25   6   1   3   8   1   1   5   1  27   1   1   0   6   4   0   1   3  0.51 0.34
  169 E    -1  -2   3   4  -2  -1   2  -2   1  -2  -3  -1  -3   0  -4  -1  -1  -2   4  -3    5   2  15  23   1   3  11   2   3   2   1   3   0   4   0   5   3   0  15   2  0.45 0.31
  170 G    -4  -3  -2  -4  -7  -5  -1   7  -6  -7  -7  -3  -4  -6  -7  -4  -6  -3  -7  -7    0   2   1   1   0   0   4  87   0   0   1   2   1   0   0   0   0   0   0   0  2.19 0.84
  171 N    -3   2   3  -1   2   3   1  -3  -2  -3  -1   3  -1  -2  -4  -1  -3   5   0  -3    1  10  17   2   4  13   8   1   0   2   5  17   2   2   0   4   1   7   4   1  0.45 0.32
  172 T    -2  -5  -3  -6  -6  -6  -6  -6  -7  -4  -6  -6  -5  -7  -5  -1   8  -7  -6  -5    3   0   1   0   0   0   0   0   0   1   0   0   0   0   0   2  92   0   0   0  2.50 1.03
  173 P     5  -6  -6  -6  -4  -5  -5  -5  -6  -5  -5  -5  -6  -7   7  -2  -3  -7  -6  -2   46   0   0   0   0   0   0   0   0   0   1   0   0   0  46   3   1   0   0   2  1.80 0.79
  174 L    -6  -6  -8  -8  -6  -7  -7  -8  -7  -2   7  -7  -1  -1  -6  -7  -6  -6  -5  -3    0   0   0   0   0   0   0   0   0   1  95   0   1   2   0   0   0   0   0   0  2.17 0.85
  175 H    -6  -4  -3  -4  -6  -3  -5  -7  11  -3  -5  -6   2  -4  -7  -5  -5  -7  -1  -7    0   1   1   1   0   1   0   0  84   2   1   0   4   1   0   1   0   0   2   0  3.29 1.12
  176 L    -3  -3  -1  -3   1  -3  -3  -5   3   3   3  -2  -1   1  -5  -2  -2   2   5  -1    1   1   4   1   3   0   2   0   7  18  25   2   1   6   0   2   3   2  19   2  0.53 0.32
  177 A     7  -6  -6  -6   0  -5  -5  -4  -6  -6  -6  -5  -5  -7  -5  -1  -2  -7  -6  -3   91   0   0   0   2   0   0   0   0   0   0   0   0   0   0   3   3   0   0   1  2.11 0.89
  178 C     5  -4  -5  -5   5  -4  -4  -4  -5   0  -4  -4   0  -4  -5   1   0  -6  -5   2   51   1   0   0  12   0   0   0   0   5   1   0   3   0   0   9   4   0   0  13  1.01 0.54
  179 D    -1   1  -1   1  -1   2   3  -3   0   0  -1   1   0   0  -3   0  -2   1   2  -2    4   6   2   9   1  11  22   1   1   8   4   7   2   4   0   6   1   2   7   1  0.22 0.20
  180 E    -4  -1   5  -1   2  -1   3  -2   2  -4  -4   1  -2  -1  -5  -1  -3  -2   3  -5    0   3  29   2   4   1  23   3   5   1   1   8   1   2   0   5   0   0  11   0  0.71 0.43
  181 E    -3  -3   7   2  -4  -2   1   3  -3  -5  -6  -3  -5  -6  -5  -3  -4  -6  -1  -5    2   1  47  10   0   1   8  25   0   1   0   1   0   0   0   1   0   0   2   0  1.25 0.59
  182 R    -4   3   4  -1   3  -2  -3  -4   6  -5  -5  -1  -4  -3  -5   3  -3  -2   1  -5    0  19  17   2   6   1   0   1  22   1   0   4   0   1   0  22   0   1   5   0  0.94 0.51
  183 V    -2  -1  -3  -3  -5  -1   0  -1  -1   0   0   5  -2  -3  -3  -3  -1  -5  -3   1    3   1   1   1   0   2   7   5   1   6  10  45   0   1   1   1   3   0   1  11  0.57 0.38
  184 E    -2  -3  -1   3  -7   0   7  -3  -3  -6  -7   0  -4  -7  -4  -4  -4  -7  -5  -5    3   1   3  16   0   3  65   2   1   0   0   4   0   0   1   0   1   0   0   1  1.53 0.70
  185 E     0  -5  -4  -5  -3  -4   0  -5  -5   4  -1  -4   1  -4  -5  -2   4  -6  -4   3    7   0   0   0   0   0   8   0   0  25   3   0   3   0   0   2  27   0   0  23  0.78 0.45
  186 A     6  -5  -5  -6  -3  -5  -5  -4  -6   0  -3  -4  -2  -5  -5  -2   0  -6  -5   4   57   0   0   0   0   0   0   0   0   5   1   0   1   0   0   1   5   0   0  28  1.24 0.62
  187 K    -3   0  -2  -2  -2   1   6  -3  -4  -4  -2   4  -3  -5  -5  -3  -3  -2  -5  -1    1   4   1   1   1   4  49   1   0   1   5  24   1   0   0   1   1   1   0   5  1.02 0.55
  188 F    -2  -5  -4  -6  -2  -4  -3  -6  -2   2   5  -5   0   3  -5  -4  -2  -4   2   1    4   0   1   0   1   0   2   0   1  11  49   0   2  12   0   0   2   0   6   8  0.81 0.41
  189 L    -6  -6  -8  -8  -6  -6  -7  -8  -7  -2   7  -7  -2  -1  -7  -7  -6  -6  -5  -4    0   0   0   0   0   0   0   0   0   1  97   0   0   2   0   0   0   0   0   0  2.24 0.87
  190 V    -4  -6  -6  -7  -5  -5  -6  -7  -7   7   3  -6  -1  -3  -6  -6  -3  -6  -5   3    0   0   0   0   0   0   0   0   0  57  24   0   1   1   0   0   1   0   0  15  1.53 0.62
  191 T    -2   0   0  -1  -5  -1   1  -4  -4  -4  -2   1  -4  -4  -4   6  -1  -6  -5  -5    2   5   3   3   0   2   9   0   0   1   5  10   0   1   0  56   2   0   0   0  0.92 0.55
  192 Q     0  -1   3  -4  -3   2  -2  -4   9  -6  -4   0  -5  -5  -6  -3  -5  -6   1  -4    7   3  12   0   1   8   2   1  51   0   1   6   0   0   0   1   0   0   4   1  1.63 0.69
  193 G    -4  -3  -2  -3  -5  -6  -4   7  -2  -8  -8  -4  -7  -7  -6  -4  -6  -7  -7  -7    0   2   2   2   0   0   1  91   1   0   0   1   0   0   0   1   0   0   0   0  2.36 0.87
  194 A     7  -6  -6  -6  -3  -5  -5  -2  -6   0  -5  -5  -4  -6  -5  -2  -3  -7  -6  -1   87   0   0   0   0   0   0   2   0   5   0   0   0   0   0   1   1   0   0   3  1.91 0.83
  195 S    -4  -3   7   5  -6  -2   0  -4  -2  -5  -7  -1  -6  -7  -5   1  -3  -7  -3  -6    1   1  44  31   0   2   6   0   1   0   0   3   0   0   0   8   1   0   1   0  1.41 0.64
  196 I    -4  -3  -6  -6  -3  -5  -5  -6  -5   7   0  -2  -1  -1   0  -5  -1  -6  -5   4    1   2   0   0   0   0   0   0   0  55   5   3   1   2   4   0   3   0   0  23  1.23 0.56
  197 Y    -5  -3   7   3  -3  -3  -1  -4   0  -5  -6  -2  -4  -5  -5  -2  -1  -5   1  -6    0   1  60  15   1   0   4   1   2   0   0   2   0   0   0   2   4   0   5   0  1.54 0.69
  198 I     3  -1  -4  -2  -2  -1   5  -4  -3   2  -2   0  -2  -5  -3  -3  -1  -6  -5   0   24   2   0   1   1   1  36   0   0  14   3   6   1   0   1   1   3   0   0   6  0.64 0.42
  199 E    -3   0  -4  -4  -5   1   2  -2  -4  -2  -4   7  -3  -5  -4  -2  -2  -6  -5  -3    2   4   0   0   0   5  12   3   0   2   1  62   1   0   0   2   2   0   0   2  1.28 0.62
  200 N    -6  -5   5   7  -5  -3  -2  -4  -5  -5  -7  -4  -5  -6  -6  -3   0  -8  -5  -6    0   0  30  58   0   1   1   1   0   1   0   0   0   0   0   1   6   0   0   0  1.88 0.78
  201 K    -2  -1   5   0  -3   0   1  -2   0  -1  -4   5  -4  -5  -5  -1  -2  -6  -3  -4    3   3  26   4   0   3   8   2   2   4   1  39   0   0   0   3   1   0   1   1  0.83 0.47
  202 E    -2  -2   3   5  -2  -2   2  -2   1  -3  -3  -1  -1   0  -4  -1  -3  -3   3  -4    4   2  13  30   1   1  16   3   3   1   2   4   2   4   0   3   1   0  11   1  0.59 0.36
  203 E    -4  -1  -2  -3  -5  -4   2   7  -4  -7  -6  -1  -3  -5  -5  -3  -5  -6  -6  -6    0   4   2   1   0   0  13  71   0   0   1   3   1   0   0   2   0   0   0   0  1.61 0.69
  204 K    -2   1   0  -2  -1   2   2  -4   0  -3  -2   4  -2  -2  -4  -2  -3   5   3  -4    2   8   5   1   1   7  11   1   2   1   4  30   1   2   0   2   1   7  11   1  0.55 0.35
  205 T    -3  -4  -4  -6  -3  -5  -5  -6  -6  -2  -2  -5  -3  -6  -5  -2   8  -7  -6  -4    2   1   0   0   0   0   0   0   0   2   3   0   0   0   0   2  87   0   0   1  2.21 0.94
  206 P     5  -6  -6  -6  -2  -5  -5  -5  -6  -4  -4  -5  -5  -6   6  -1  -2  -7  -6  -1   42   0   0   0   1   0   0   0   0   1   1   0   0   0  44   3   2   0   0   5  1.59 0.72
  207 L    -4  -5  -7  -7  -5  -6  -4  -7  -5   0   6  -6   0  -1  -7  -6  -4  -6  -5  -2    1   0   0   0   0   0   1   0   0   3  87   0   1   2   0   0   1   0   0   1  1.82 0.74
  208 Q    -5  -3  -2   2  -4   2  -2  -2  10  -3  -5  -3  -2  -3  -6  -3  -6  -6   1  -7    0   1   1  12   0   9   3   3  57   2   1   1   1   1   0   1   0   0   5   0  1.89 0.78
  209 V    -2   0  -3  -4   0  -3  -4  -6  -1   3   2  -3   0   1  -4  -3  -2  -1   5   2    2   7   1   1   2   1   1   0   1  19  19   1   2   5   0   1   1   1  21  14  0.54 0.32
  210 A     7  -6  -6  -6   0  -6  -6  -3  -6  -5  -6  -5  -6  -7  -6  -2  -3  -7  -7  -4   93   0   0   0   2   0   0   1   0   0   0   0   0   0   0   2   1   0   0   0  2.23 0.94
  211 K     3  -1  -1  -3   0  -3  -1  -4  -3  -3  -4   3  -3  -5   0   3   1  -6  -3  -2   30   3   3   0   2   0   4   0   0   2   0  16   0   0   5  20  10   0   1   2  0.52 0.38
  212 G    -2   0   4   1  -4  -1   0   4   0  -4  -4   0  -3  -3  -2  -1  -3  -4  -2  -4    3   6  25   9   0   3   7  30   2   1   2   4   1   1   2   4   1   0   1   0  0.60 0.36
  213 G    -3  -2   5  -1   0   0  -1   1   6  -5  -5  -1  -4  -2  -5   2  -3  -5   1  -5    2   1  30   2   2   3   3  12  20   0   0   3   0   2   0  13   1   0   5   0  0.85 0.46
  214 L    -2  -1   2  -2  -3  -1  -1  -2   1   0   2   4   0   0  -4  -2  -1  -4   0  -1    3   1  13   1   0   1   4   3   3   5  22  26   2   4   0   2   3   0   3   3  0.28 0.25
  215 G    -2   2   1   2  -4  -1   5   1  -1  -4  -5   1  -4  -6  -4  -2  -2  -6  -4  -3    3  10   6  11   0   1  40  12   1   1   0   9   0   0   0   2   2   0   0   1  0.73 0.43
  216 L     0  -1  -2  -2  -3  -2  -1  -4  -3   3   0   0   3  -2  -1  -1   3  -5  -3   2    7   2   1   1   0   1   5   1   0  23   7   6   7   1   3   2  20   0   0  12  0.32 0.26
  217 I     3  -4  -3  -3  -3  -3   0  -5  -4   3  -1  -3   0  -4  -4  -2   0  -6  -3   4   29   0   1   1   0   1   7   0   0  16   4   1   2   0   0   2   4   0   1  31  0.63 0.40
  218 L    -2   1  -1  -2  -4  -1   5  -4  -3   0   1   3  -1  -4  -5  -3  -2  -3  -5  -1    2   6   2   2   0   1  36   1   0   6  17  17   2   0   0   1   1   0   0   5  0.58 0.39
  219 K    -1  -1  -4  -4  -4  -1  -2  -5  -1   1   3   2   0   2  -5  -2  -2  -3   2   1    5   3   0   0   0   3   3   0   1   8  33  14   1   9   0   2   2   0   7   8  0.37 0.27
  220 R    -3   1  -4  -6  -5  -3   0  -7  -3  -2   6  -2  -1  -1  -6  -5  -5  -5  -1  -3    2   9   1   0   0   1   7   0   1   1  72   3   1   2   0   0   0   0   2   0  1.27 0.62
  221 L    -4  -4  -6  -7  -5  -6  -7  -8  -7   6   4  -5   3  -2  -7  -6  -4  -6  -4   0    1   1   0   0   0   0   0   0   0  51  36   1   6   1   0   0   0   0   0   3  1.52 0.65
  222 A    -1  -2  -2  -1  -5  -1   1  -4  -4  -3   2  -1  -3  -4  -5   5  -2  -6  -3   0    4   2   2   4   0   3   8   0   0   1  18   3   0   0   0  45   0   0   1   8  0.62 0.45
  223 E    -1  -1   2  -3  -4   1   2  -5   8  -1  -4   1  -5  -5  -6  -3  -4  -6   0  -3    4   3   8   1   0   6  14   0  42   4   2   7   0   0   0   2   0   0   3   2  1.24 0.59
  224 G    -2  -5  -2  -1  -4  -3  -3   7  -4  -7  -7  -2  -7  -7  -5  -1  -4  -7  -6  -7    3   0   2   3   0   1   1  80   0   0   0   2   0   0   0   5   1   0   0   0  1.89 0.77
  225 E     7  -4  -2  -4  -5  -3  -4  -4   0  -2  -5  -2  -3  -6  -5  -2  -4  -5  -4  -2   82   1   2   1   0   1   1   0   3   2   1   2   1   0   0   1   0   0   0   3  1.66 0.77
  226 E    -4  -2   6   5  -5  -1   1  -2  -2  -5  -6   0  -6  -7  -5   0  -3  -7  -5  -6    0   1  37  32   0   2  10   3   1   1   0   6   0   0   0   6   1   0   0   0  1.24 0.59
  227 A     0  -5  -6  -6  -3  -5  -6  -6  -5   6   0  -4  -3  -2   0  -4  -1  -6  -5   4    7   0   0   0   0   0   0   0   0  46   6   1   0   1   5   1   4   0   0  28  1.10 0.52
  228 S    -4  -2   8   2  -7  -3  -3  -5  -3  -8  -8  -3  -6  -8  -7  -1  -2  -8  -7  -7    2   2  79   8   0   1   1   0   0   0   0   1   0   0   0   4   2   0   0   0  2.28 0.90
  229 M    -4  -6  -6  -6  -4  -5  -6  -7  -6   6   2  -6   3  -3  -6  -5  -4  -6  -4   4    0   0   0   0   0   0   0   0   0  49  16   0   6   0   0   0   0   0   0  28  1.35 0.53

                      K         Lambda
Standard Ungapped    0.1311     0.3154
Standard Gapped      0.0617     0.2670
PSI Ungapped         0.2019     0.3161
PSI Gapped           0.0617     0.2670
