
Last position-specific scoring matrix computed, weighted observed percentages rounded down, information per position, and relative weight of gapless real matches to pseudocounts
            A   R   N   D   C   Q   E   G   H   I   L   K   M   F   P   S   T   W   Y   V   A   R   N   D   C   Q   E   G   H   I   L   K   M   F   P   S   T   W   Y   V
    1 M    -1  -1  -2  -3  -1   0  -2  -3  -2   1   2  -1   5   0  -2  -1  -1  -1  -1   1    0   0   0   0   0   0   0   0   0   0   0   0   0   0   0   0   0   0   0   0  0.00     0.00
    2 D    -3  -3   1   7  -5  -2   0  -3  -2  -5  -5  -2  -5  -5  -3  -2  -2  -6  -5  -5    0   0   4  96   0   0   0   0   0   0   0   0   0   0   0   0   0   0   0   0  1.63 0.27
    3 R    -2   5  -2  -2  -3   1   1  -3  -1   0  -1   1  -1  -3  -1  -1  -1  -4  -2  -1    1  55   0   0   0   6   8   0   0   7   5   4   0   0   3   1   3   0   0   5  0.51 0.15
    4 R    -2   6   1  -2  -4   1  -1  -3  -1  -3  -3   3  -2  -4  -3  -1  -1  -4  -3  -3    1  61   6   0   0   2   0   0   0   1   0  23   0   0   0   2   2   0   0   0  0.86 0.19
    5 Q    -1  -1  -1   0  -3   5   3  -3  -1  -3  -3   0  -2  -4  -2   0   3  -3  -3  -2    1   0   1   2   0  45  19   0   0   0   0   0   0   0   0   0  33   0   0   0  0.69 0.19
    6 K    -2   3  -1  -2  -4   0   0  -3  -2  -4  -4   6  -3  -4  -2  -1  -2  -4  -3  -4    0  16   0   0   0   0   0   0   0   0   0  84   0   0   0   0   0   0   0   0  1.09 0.24
    7 R    -3   7  -2  -3  -5   0  -1  -4  -2  -4  -3   2  -3  -4  -3  -2  -2  -4  -3  -4    0  91   0   0   0   0   0   0   0   0   1   8   0   0   0   0   0   0   0   0  1.39 0.26
    8 L    -2   2  -3  -3  -3  -1  -2  -4   1   0   4   1   1   0  -3  -2  -2  -3  -1  -1    0  15   0   0   0   1   0   0   5   0  58  14   3   4   0   0   0   0   0   0  0.37 0.13
    9 I    -2  -4  -4  -4  -2  -4  -4  -5  -4   6   1  -4   0  -1  -4  -3  -2  -4  -2   3    0   0   0   0   0   0   0   0   0  75   2   0   0   0   0   0   0   0   0  23  0.86 0.20
   10 F    -4  -4  -4  -5  -4  -4  -5  -5  -2  -1   0  -4  -1   8  -5  -4  -3   0   2  -2    0   0   0   0   0   0   0   0   0   0   5   0   1  90   0   0   0   0   3   1  1.50 0.27
   11 S    -1   0   2  -1  -3   5   0   0   0  -3  -3   0  -2  -4  -2   1   1  -3  -3  -3    3   1  13   0   0  45   2   7   1   0   0   2   0   0   0  14  11   0   0   0  0.50 0.16
   12 T     1  -2  -2  -3  -2  -2  -2  -3  -3   3   0  -2   0  -2  -2   0   4  -3  -2   2   13   0   0   0   0   0   0   0   0  24   7   0   0   0   0   1  39   0   0  14  0.33 0.12
   13 I    -1  -3  -2  -3   5  -2  -3  -4   6   3   0  -3  -1  -2  -3  -2  -2  -3  -1   1    2   0   0   0  17   0   0   0  31  35   6   0   0   0   0   0   0   0   0   8  0.58 0.17
   14 T     1  -2  -1  -2   0  -2  -2  -3  -3  -1  -2  -2  -2  -3  -2   1   6  -4  -3  -1   10   0   0   0   1   0   0   0   0   2   0   0   0   0   0   3  83   0   0   1  0.89 0.24
   15 S     3  -2   1  -1  -2  -1  -1   1  -2  -3  -3  -1  -2  -3  -2   4   0  -4  -3  -2   25   0   6   0   0   1   0  11   0   0   0   2   0   0   0  53   1   0   0   0  0.51 0.16
   16 K    -2   3   0  -1  -4   0   0  -3  -2  -4  -4   6  -3  -4  -2  -1  -2  -4  -3  -3    1  19   4   2   0   0   0   0   0   0   0  73   0   0   0   1   0   0   0   0  0.88 0.21
   17 M    -3  -3  -4  -5  -3  -2  -4  -4  -3   0   1  -3   9  -2  -4  -3  -2  -3  -3  -1    0   0   0   0   0   0   0   0   0   2   0   0  98   0   0   0   0   0   0   0  1.73 0.37
   18 N    -1  -2   6   0  -3  -1  -1  -1  -1  -4  -4  -1  -3  -4  -2   2   2  -4  -3  -3    1   0  58   0   0   0   0   1   0   0   0   2   0   0   1  22  16   0   0   0  0.78 0.20
   19 L    -2  -3  -4  -5  -2  -3  -4  -5  -4   1   5  -4   2   0  -4  -3  -2  -3  -2   0    0   0   0   0   0   0   0   0   0   3  90   0   4   1   0   0   0   0   0   3  0.87 0.20
   20 S     3  -2   0  -1  -2  -1  -1   2  -1  -3  -3  -1  -2  -3  -2   4   0  -4  -3  -2   28   0   2   1   0   0   1  12   1   0   0   1   0   0   0  55   0   0   0   0  0.55 0.17
   21 E    -1  -2   1   4  -4   0   3  -2  -1  -4  -4   0  -3  -4   4   0  -1  -4  -3  -3    1   0   5  33   0   1  29   0   1   0   0   2   0   0  20   5   2   0   0   0  0.69 0.14
   22 E    -2  -2   0   6  -5   0   4  -2  -2  -4  -4  -1  -4  -5  -2  -1  -1  -5  -4  -4    0   0   0  53   0   1  42   1   0   0   0   0   0   0   0   2   2   0   0   0  1.01 0.20
   23 V    -1  -4  -4  -4  -1  -3  -4  -3  -4   2   0  -3   0  -2  -4  -3  -1  -4  -2   6    2   0   0   0   1   0   0   2   0   5   2   0   0   0   0   0   0   0   0  88  0.82 0.22
   24 D    -3  -2   3   7  -5  -1   0  -2  -2  -4  -4  -1  -4  -5  -3  -1  -2  -5  -4  -4    0   0  13  81   0   1   1   0   0   0   1   1   0   0   0   1   1   0   0   0  1.29 0.24
   25 L    -2  -3  -4  -5  -2  -3  -4  -5  -4   1   5  -4   2   1  -4  -3  -2  -3  -2   0    0   0   0   0   0   0   0   0   0   6  88   0   2   3   0   0   1   0   0   1  0.82 0.19
   26 E    -2  -1   0   3  -5   1   6  -3  -1  -5  -4   0  -3  -5  -2  -1  -2  -4  -3  -4    1   0   2  15   0   1  81   0   0   0   0   0   0   0   0   1   0   0   0   0  1.13 0.24
   27 D    -1  -2   0   5  -4   0   4  -1  -1  -2  -3  -1  -3  -3  -2   1   0  -4  -2  -2    2   0   2  39   0   0  33   2   0   2   0   1   0   0   0  12   3   0   2   2  0.57 0.14
   28 Y    -3  -3  -4  -4  -3  -3  -4  -4   0   0   2  -4   0   6  -4  -3  -3   1   6  -1    0   0   0   0   0   0   0   0   1   2  19   0   1  44   0   0   0   1  32   0  0.89 0.19
   29 V    -1  -4  -4  -4  -2  -3  -4  -4  -4   4   0  -3   1  -2  -3  -2  -1  -4  -2   5    1   0   0   0   0   0   0   0   0  29   0   0   2   0   0   2   0   0   1  65  0.69 0.18
   30 A     1  -1   2  -1   0   0  -1  -1  -1   0  -1  -1   3  -2  -2   2   1  -3  -2   0   16   1  13   0   1   2   0   1   0   3   2   2  20   0   0  25   8   0   0   5  0.19 0.10
   31 R     1   6  -1  -2  -2   1  -1  -3  -1  -4  -3   1  -2  -4  -3   1   0  -4  -3  -3   11  63   1   0   0   6   0   0   0   0   0   3   1   0   0  10   4   0   0   0  0.72 0.18
   32 P    -1  -1   0  -2  -4  -1  -1  -2  -2  -4  -4   3  -3  -4   6  -1  -1  -5  -3  -3    2   0   6   0   0   0   0   2   0   0   0  31   0   0  54   3   1   0   0   1  1.15 0.20
   33 D    -3  -2   0   7  -5  -1   3  -2  -1  -4  -5  -1  -4  -5  -3  -1  -2  -5  -4  -4    0   0   0  79   0   1  18   1   1   0   0   0   0   0   0   0   0   0   0   0  1.28 0.24
   34 K    -1   3  -1   3  -4   1   2  -2  -1  -3  -3   4  -2  -4   0  -1  -2  -4  -3  -3    1  16   0  19   0   1  11   0   1   1   0  43   0   0   5   2   0   0   0   0  0.53 0.13
   35 I    -2  -3  -4  -4  -2  -3  -4  -4  -4   4   4  -3   1   0  -4  -3  -1  -3  -2   2    0   0   0   0   0   0   0   0   0  38  51   0   2   1   0   1   1   0   0   6  0.58 0.14
   36 S     0  -2   0  -2   0  -1  -1  -2  -2  -4  -4  -1  -3  -4  -2   6   1  -4  -3  -3    0   0   1   0   1   0   0   0   0   0   0   0   0   0   0  95   3   0   0   0  1.02 0.27
   37 G     1  -3   0  -2   3  -2  -3   5  -3  -4  -4  -2  -3  -4  -2   1  -2  -4  -4  -3   12   0   4   0   8   0   0  65   0   0   0   0   0   0   1   9   0   0   0   0  0.85 0.16
   38 A     6  -3  -3  -3  -2  -2  -2  -1  -3  -3  -3  -2  -2  -4  -2   0  -1  -4  -3  -1  100   0   0   0   0   0   0   0   0   0   0   0   0   0   0   0   0   0   0   0  1.04 0.26
   39 D    -2  -2   0   6  -4   0   3  -3  -2  -2  -3  -1  -3  -4  -2  -1  -1  -5  -4  -1    3   0   0  66   0   4  18   0   0   3   1   0   0   0   0   0   1   0   0   5  0.90 0.19
   40 I    -3  -4  -5  -5   0  -4  -5  -5  -5   7   1  -4   0  -1  -4  -4  -2  -4  -3   2    0   0   0   0   2   0   0   0   0  95   1   0   0   0   0   0   0   0   0   2  1.08 0.25
   41 N     2   0   3  -1   0   1  -1  -1   0  -3  -3   3  -2  -3  -2   1   0  -4  -2  -2   28   2  19   0   2   4   0   0   2   0   0  28   0   0   0  13   2   0   0   0  0.33 0.12
   42 S     5  -2  -2  -2   0  -1  -2  -1  -2  -3  -3  -2  -2  -3  -1   3  -1  -4  -3  -2   69   0   0   0   1   1   0   1   0   0   0   0   0   0   2  26   0   0   0   0  0.66 0.19
   43 I    -2  -4  -4  -4  -2  -3  -4  -5  -4   6   1  -3   2  -1  -4  -3  -1  -3  -2   2    0   0   0   0   0   0   0   0   0  81   2   0   5   0   0   0   1   0   0   9  0.84 0.20
   44 C     0  -4  -4  -4  10  -4  -4  -4  -4  -2  -2  -4   2  -3  -4  -1  -2  -3  -3   0    5   0   0   0  77   0   0   0   0   0   1   0   8   0   0   2   0   0   0   5  1.70 0.28
   45 Q    -1  -1   0  -2  -3   6   0  -3   0  -3  -2   0  -1  -4  -2   0   3  -3  -2  -2    2   0   2   0   0  57   0   0   1   0   1   1   1   0   0   4  30   0   0   0  0.72 0.21
   46 E    -1  -1  -1   1  -4   1   6  -2  -1  -4  -4   0  -3  -4  -2  -1  -2  -4  -3  -3    5   0   0   1   0   2  87   3   0   0   0   0   0   0   0   0   0   0   0   0  1.09 0.24
   47 S     5  -2  -2  -3  -1  -2  -2  -1  -3  -2  -3  -2  -2  -3  -2   1  -1  -4  -3  -1   89   0   0   0   0   0   0   1   0   0   0   0   0   0   0   8   0   0   0   0  0.84 0.22
   48 G    -1  -3  -2  -2  -4  -3  -3   7  -3  -5  -5  -3  -4  -4  -3  -1  -3  -4  -4  -4    1   0   0   0   0   0   0  96   0   0   0   0   0   0   0   0   0   0   0   0  1.53 0.24
   49 M    -2  -3  -4  -5  -2  -2  -4  -4  -3   1   4  -3   7  -1  -4  -3  -1  -3  -2   0    0   0   0   0   0   0   0   0   0   1  54   0  43   0   0   0   2   0   0   0  0.85 0.22
   50 L    -2   1  -1  -3  -3   3  -1  -3   3  -1   3  -1   2  -1  -3  -1  -2  -3  -1  -1    0   7   1   0   0  26   0   0  12   0  41   0   6   1   0   2   0   0   0   1  0.33 0.14
   51 A     6  -3  -3  -3  -2  -2  -2  -1  -3  -3  -3  -2  -2  -4  -2   0  -1  -4  -3  -1  100   0   0   0   0   0   0   0   0   0   0   0   0   0   0   0   0   0   0   0  1.04 0.26
   52 V    -1  -3  -4  -4  -2  -3  -4  -4  -4   3   3  -3   1  -1  -3  -3  -1  -3  -2   4    1   0   0   0   0   0   0   0   0  15  31   0   0   0   0   0   0   0   0  52  0.57 0.15
   53 R    -3   7  -2  -3  -5   0  -1  -4  -2  -4  -4   1  -3  -4  -4  -2  -2  -4  -3  -4    0  98   0   0   0   0   0   0   0   0   0   2   0   0   0   0   0   0   0   0  1.54 0.28
   54 E     0   1   1   0  -4   1   4  -2  -1  -4  -4   4  -3  -4  -2   0  -1  -4  -3  -3    6   2   5   1   0   0  46   1   1   0   0  36   0   0   0   2   0   0   0   0  0.62 0.16
   55 N    -2   4   6   0  -4  -1  -1  -1  -1  -4  -4   0  -3  -4  -3   1  -1  -4  -3  -4    0  30  59   0   0   0   0   3   0   0   0   0   0   0   0   8   0   0   0   0  0.87 0.20
   56 R    -3   7  -2  -3   0   0  -1  -4  -2  -4  -4   1  -3  -4  -4  -1  -2  -4  -3  -4    0  96   0   0   3   0   0   0   0   0   0   0   0   0   0   2   0   0   0   0  1.44 0.27
   57 Y    -3  -3  -4  -5  -4  -3  -4  -3   0  -2  -1  -3   6   1  -4  -3  -3   0   8  -2    0   0   0   0   0   0   0   1   1   0   0   0  31   2   0   0   0   0  65   0  1.34 0.30
   58 I    -1   1  -1  -3  -2   0  -2  -4  -3   2   0   1   1  -2  -3  -2  -1  -4  -2   4    0  11   2   0   0   6   0   0   0  15   1  14   5   0   0   0   0   0   0  45  0.31 0.13
   59 V    -1  -4  -4  -4  -2  -4  -4  -5  -4   4   0  -4   0  -2  -4  -3  -1  -4  -2   5    1   0   0   0   0   0   0   0   0  34   0   0   0   0   0   0   0   0   0  65  0.84 0.21
   60 L    -2  -2   0  -2  -1  -1  -2  -3  -1   1   3  -1   2  -1  -3  -1   3  -2  -2   0    0   0   7   0   1   3   1   0   2   8  39   2   6   0   0   2  27   0   0   2  0.25 0.11
   61 A     1  -1   0  -1  -3   3  -1  -2   3  -3  -2   0   1  -3   4   0   0  -3  -2  -2   18   0   6   0   0  25   0   0  10   0   0   3   8   1  20   3   5   0   0   1  0.41 0.13
   62 K     1   2  -1   0  -3   1   2  -2  -1  -2  -3   4  -2  -4   0   1  -1  -4  -3  -2   11   9   1   4   0   3  16   1   0   2   0  40   0   0   2   9   1   0   0   2  0.36 0.11
   63 D    -3  -3   0   7  -5  -2   0  -3   0  -5  -5  -2  -5  -5  -3  -2  -3  -6  -4  -5    0   0   1  96   0   0   1   0   2   0   0   0   0   0   0   0   0   0   0   0  1.69 0.30
   64 F    -3  -4  -5  -5  -4  -4  -5  -5  -3   1   1  -4   0   8  -5  -4  -3  -1   1  -1    0   0   0   0   0   0   0   0   0   7  12   0   1  80   0   0   0   0   0   0  1.29 0.25
   65 E    -2   2  -1   2  -4   1   5  -3  -1  -4  -4   2  -2  -4  -2  -1  -1  -4  -3  -3    0  11   0   8   0   1  59   0   0   0   0  15   1   0   0   1   2   0   0   1  0.74 0.18
   66 K     0   1   0   0  -4   2   3  -2  -1  -2  -3   5  -2  -4  -2   0   0  -4  -3  -2    5   1   2   3   0   6  21   0   0   4   0  50   0   0   0   4   3   0   0   1  0.50 0.15
   67 A     5  -3  -2  -3  -2  -2  -2   3  -3  -3  -3  -2  -2  -4  -2   1  -1  -4  -3  -2   74   0   0   0   0   0   0  20   0   0   0   0   0   0   0   6   0   0   0   0  0.78 0.21
   68 Y    -3   1  -3  -4  -4  -2  -2  -4   0  -3  -3   3  -2   1  -4  -3  -3   6   7  -3    0  10   0   0   0   0   0   0   1   0   0  23   0   1   0   0   0  11  56   0  1.06 0.24
   69 K     0   2  -1   0  -4   0   3  -2  -1  -4  -3   4  -2  -4  -2   1  -1  -4  -3  -3    6  12   0   3   0   0  31   2   0   0   0  32   0   0   0  11   2   0   0   0  0.49 0.14
   70 T     0   2   2  -1  -3   1   0  -2  -1  -1  -2   3  -2  -3  -2   1   2  -3  -2  -2    5  12  13   0   0   4   1   0   1   3   3  27   0   0   0  14  14   0   1   1  0.26 0.10
   71 V     0  -2   2  -2  -2   1  -2  -3   2   1  -1  -2   0  -2  -3  -1   0  -4  -2   4    8   0  15   0   0   9   0   0   6   2   0   0   1   0   0   3   4   0   0  51  0.32 0.15
   72 I    -1  -3  -4  -4  -2  -3  -4  -4  -4   3   3  -3   2  -1  -3  -2  -1  -3  -2   4    0   0   0   0   0   0   0   0   0  19  28   0   6   0   0   1   2   0   0  44  0.54 0.15
   73 K    -2   3  -1  -2  -4   1   1  -3  -1  -4  -3   6  -2  -4  -2  -1  -2  -4  -3  -3    0  19   0   0   0   3   6   0   0   0   0  71   0   0   0   0   0   0   0   0  0.86 0.17

                      K         Lambda
Standard Ungapped    0.1327     0.3179
Standard Gapped      0.0503     0.2670
PSI Ungapped         0.1627     0.3110
PSI Gapped           0.0503     0.2670
