
Last position-specific scoring matrix computed, weighted observed percentages rounded down, information per position, and relative weight of gapless real matches to pseudocounts
            A   R   N   D   C   Q   E   G   H   I   L   K   M   F   P   S   T   W   Y   V   A   R   N   D   C   Q   E   G   H   I   L   K   M   F   P   S   T   W   Y   V
    1 E    -3  -2  -2   4  -6   1   6  -4  -2  -5  -5  -1  -4  -6  -3  -2  -3  -5  -4  -5    0   0   0  23   0   5  72   0   0   0   0   0   0   0   0   0   0   0   0   0  1.44 0.40
    2 G     0  -1  -1  -3  -4   2   0   2  -3  -5  -4   4  -4  -5   1   3  -2  -5  -4  -4    5   1   1   0   0  10   3  18   0   0   1  29   0   0   7  24   1   0   0   0  0.60 0.33
    3 P    -5  -4  -6  -6  -3  -5  -5  -6  -6  -7  -5  -5  -7  -8   9  -4  -5  -8  -7  -5    0   1   0   0   1   0   0   0   0   0   1   0   0   0  96   1   0   0   0   1  3.15 0.90
    4 L     1  -1  -2  -2  -1  -1   1  -3  -1  -2   1   1  -1  -3   1   1   3  -4  -3   0   15   3   1   0   1   2   9   0   1   1  14   8   1   0   7  11  19   0   1   6  0.21 0.19
    5 M    -1  -2   3  -3   0  -3  -3  -3   0   1  -1  -2   1   2  -3   3   2  -4  -1   0    4   1  15   0   2   0   0   0   3   9   6   1   4  11   1  23  12   0   1   7  0.31 0.25
    6 M    -5  -5  -6  -7   0  -5  -6  -7  -5   3   4  -5   7   2  -6  -5  -4  -4   1  -2    0   0   0   0   2   0   0   0   0  17  43   0  27   6   0   0   0   0   4   1  1.26 0.51
    7 N    -6  -5   9  -3  -7  -5  -5  -5  -4  -8  -8  -5  -7  -8  -7  -2  -5  -9  -7  -8    0   0  98   0   0   0   0   0   0   0   0   0   0   0   0   2   0   0   0   0  3.12 1.01
    8 A     7  -6  -6  -6  -5  -5  -5  -4  -6  -6  -6  -5  -5  -7  -5  -3  -4  -7  -6  -4  100   0   0   0   0   0   0   0   0   0   0   0   0   0   0   0   0   0   0   0  2.40 0.88
    9 F    -7  -8  -8  -8  -7  -8  -8  -8  -6  -5  -4  -8  -5  10  -9  -7  -7  -4  -1  -6    0   0   0   0   0   0   0   0   0   0   0   0   0 100   0   0   0   0   0   0  3.43 1.01
   10 E    -4  -3  -2   6  -7   4   4  -4   4  -7  -7  -2  -6  -7  -5  -4  -5  -7  -5  -6    1   0   1  39   0  18  30   1   9   0   0   1   0   0   0   0   0   0   0   0  1.43 0.61
   11 M    -5  -6  -6  -7  -5  -6  -6  -7  -6   6   4  -6   3   1  -6  -6  -4  -5  -4  -2    0   0   0   0   0   0   0   0   0  44  43   0   7   5   0   0   0   0   0   0  1.39 0.55
   12 I    -6  -7  -7  -7  -5  -7  -7  -8  -7   8  -1  -7  -3  -3  -7  -6  -5  -7  -5  -2    0   0   0   0   0   0   0   0   0  95   3   0   0   1   0   0   0   0   0   0  2.60 0.86
   13 T     1  -4   0  -4  -2  -4  -4   1  -4  -1  -4  -4  -3  -5  -4   6   0  -6  -5  -4    9   0   4   0   1   0   0  12   0   4   1   0   0   0   0  62   5   0   0   0  1.12 0.56
   14 L    -4  -1  -5  -6  -5  -4  -5  -6  -3  -2   4  -3   7   3  -6  -2  -1  -4  -2  -3    0   4   0   0   0   0   0   0   0   1  43   1  31  11   0   3   4   0   1   0  1.23 0.55
   15 S    -1  -5  -2  -5   1  -4  -4  -5  -5  -6  -6  -3  -6  -1  -5   7  -2  -7  -4  -6    3   0   1   0   3   0   0   0   0   0   0   1   0   3   0  87   1   0   0   0  1.98 0.85
   16 Q     0   0   0  -3  -4   4   1  -2   0  -4  -2   0  -3  -5   1   4   1  -5  -4  -4    8   4   3   0   0  19   8   3   3   1   3   4   0   0   6  29   8   0   0   0  0.48 0.34
   17 G    -3  -6  -4  -1   3  -5  -5   7  -6  -7  -7  -4  -6  -2  -6   0  -5  -6  -6  -5    1   0   0   4   6   0   0  77   0   0   0   0   0   2   0   8   0   0   0   1  1.84 0.70
   18 L    -6  -6  -7  -7  -6  -6  -7  -7  -6  -2   4  -7   0   7  -7  -6  -5  -4   0  -3    0   0   0   0   0   0   0   0   0   1  43   0   2  51   0   0   0   0   1   1  1.83 0.68
   19 N    -3  -5   5   7  -7  -4  -3  -4  -3  -7  -8  -5  -7  -7  -6  -3  -5  -8  -4  -7    3   0  25  69   0   0   0   0   1   0   0   0   0   0   0   2   0   0   1   0  2.11 0.79
   20 L    -6  -7  -8  -8  -6  -7  -7  -8  -7  -1   7  -7  -2  -4  -7  -7  -5  -6  -5  -3    0   0   0   0   0   0   0   0   0   1  99   0   0   0   0   0   0   0   0   0  2.26 0.83
   21 S     0  -2  -1  -2  -2  -4  -2  -1  -5  -7  -7  -4  -6  -5  -5   7  -2  -7  -6  -5    5   2   3   2   1   0   3   5   0   0   0   0   0   0   0  79   0   0   0   0  1.65 0.76
   22 A     0  -1   2  -4  -5  -4  -3   6  -5  -6  -6  -2  -5  -6   1   1  -1  -6  -6  -5    7   3  10   0   0   0   1  53   0   0   0   3   0   0   8  12   3   0   0   0  1.05 0.50
   23 L    -6  -6  -7  -8  -5  -6  -7  -8  -6  -1   6  -7   3   4  -7  -6  -5  -5  -4  -3    0   0   0   0   0   0   0   0   0   1  77   0   8  14   0   0   0   0   0   0  1.77 0.72
   24 F    -7  -8  -8  -9  -7  -8  -8  -8  -6  -4  -3  -8  -2  10  -9  -7  -7  -4  -2  -6    0   0   0   0   0   0   0   0   0   1   2   0   1  97   0   0   0   0   0   0  3.35 1.10
   25 D    -3  -4  -2   4  -4   0   7  -3  -4  -2  -5  -3  -4  -6  -4  -3  -4  -6  -5  -4    1   0   2  20   1   3  64   2   0   3   1   1   0   0   1   1   1   0   0   1  1.51 0.66
   26 R    -2   2   0   0  -3   0   4  -2  -1  -3  -4   3  -1  -3  -2   0   0  -4  -3  -2    2  11   5   5   1   2  28   3   1   2   1  19   2   1   1   8   5   0   0   2  0.44 0.27
   27 R    -2   2   1   1  -3   2   2   1   0  -3  -2   2  -2  -2  -1   0  -1  -3  -2  -2    2  12   6   7   0  10  15   9   2   1   3  16   1   1   2   5   2   0   1   3  0.26 0.16
   28 Q    -2   1  -2   2  -4   4   3   0   2  -4  -3   2   1  -4  -2  -2  -2  -4   0  -2    2   6   1  11   0  18  21   7   5   0   1  14   4   0   1   2   2   0   3   2  0.45 0.29
   29 D    -1   0   1   5  -3   0   2   1  -1  -3  -3   1  -3  -3  -2  -1  -2  -3  -3  -3    4   6   7  33   0   3  14  12   1   1   2   7   0   1   1   3   2   0   1   2  0.51 0.24
   30 F     0   0  -1  -1  -1   0   0  -1   1   0   0   0  -1   1   1   0  -1  -1   2   1    7   4   3   2   1   2   7   4   4   3   8   5   1   6   7   9   3   0  10  14  0.05 0.06
   31 V     0   0   0  -1   0   1   0   0  -1   0  -1   0   0  -2  -1   2   0  -2  -1   2    7   4   3   3   3   7   5   7   1   3   5   6   3   1   3  17   3   1   1  17  0.07 0.09
   32 K    -2   3  -1  -2  -5   1   2  -4  -3  -4  -5   6  -2  -5  -3  -2  -2  -5  -4  -4    3  16   3   2   0   5  13   1   0   1   1  49   1   0   1   2   2   0   0   1  0.98 0.46
   33 R    -1   5  -2  -1  -2   2   1  -3   0  -4  -2   2  -3  -4  -2   1  -1  -2  -1  -2    4  39   1   3   1   7  11   2   2   0   3   9   0   0   1  10   2   1   2   2  0.62 0.35
   34 Q    -2   0  -2  -1  -6   3   5   0   1  -6  -5   2  -4  -3   0  -1  -3  -5  -4  -5    3   5   1   2   0  14  39   8   3   0   1  14   0   1   4   3   1   0   0   0  0.74 0.42
   35 T     1  -3  -2  -3  -3  -3  -1  -2  -4   2  -1  -3   3  -3  -3   2   4  -5  -3   0   12   0   1   1   0   1   4   3   0  14   5   1   8   0   0  13  32   0   0   4  0.48 0.34
   36 R    -4   8  -4  -6  -3   0  -4  -6  -1  -3  -4   0   2  -6  -6  -3  -3  -2  -5  -2    1  74   0   0   1   4   0   0   1   1   1   5   5   0   0   1   1   1   0   3  1.82 0.75
   37 F    -3  -7  -7  -8  -7  -8  -8  -7  -6  -2  -2  -7  -4   9  -8  -7  -7  -4  -2  -5    3   0   0   0   0   0   0   0   0   2   2   0   0  92   0   0   0   0   0   0  3.03 1.00
   38 V     1  -5  -4  -5  -4  -4  -5  -1  -5   1  -3  -4   1  -5  -5  -1   6  -6  -5   2   11   0   0   0   0   0   0   4   0   7   1   0   3   0   0   2  54   0   0  16  1.10 0.57
   39 S    -1  -5  -4  -5  -2  -4  -4  -5  -5  -6  -4  -4  -5  -4  -5   7   3  -7  -6  -5    4   0   0   0   1   0   0   0   0   0   1   0   0   1   0  75  18   0   0   0  1.73 0.80
   40 R     0   4   3  -1  -3   2  -2  -2  -1  -3  -5   3  -1  -5  -4  -1   2  -3  -3  -3    7  27  14   2   0   9   1   3   1   1   0  18   2   0   0   2  12   0   0   1  0.58 0.36
   41 R     0   2   0  -3   4   2   1  -3   4  -3  -1   3  -2  -2  -4   0  -3  -1   0  -3    8  11   4   0   8  10   9   1  11   1   6  19   0   1   0   5   0   1   3   0  0.39 0.28
   42 E    -3  -4  -5  -3  -4  -4  -1  -4   0  -6  -3  -5  -6  -7   7   3   1  -7  -6  -6    2   0   0   1   0   0   4   1   2   0   3   0   0   0  52  25  10   0   0   0  1.50 0.69
   43 P     6  -5  -5  -6  -4  -5  -4  -4  -6  -2  -4  -3   0  -5   4  -2  -1  -6  -5   1   61   0   0   0   0   0   1   0   0   2   1   1   2   0  17   1   3   0   0  12  1.22 0.62
   44 S     1   0   2  -1  -3  -1   0  -3  -2  -3  -3   3  -2  -5  -2   4   0  -5  -4  -2    9   3   8   2   0   1   7   1   1   2   2  21   1   0   2  32   6   0   0   3  0.48 0.35
   45 E     1  -2  -2   3  -4  -1   3  -2   0  -2  -3  -1  -2  -4  -4   1   2  -5  -2   1   10   1   1  15   0   1  22   2   2   2   0   4   0   0   0   9  16   0   2  12  0.38 0.30
   46 I    -4  -6  -6  -2  -5  -6  -6  -7  -7   7   2  -6  -2  -4  -6  -5   0  -6  -5   3    1   0   0   2   0   0   0   0   0  58  15   0   0   0   0   0   5   0   0  19  1.44 0.61
   47 I    -1  -5  -6  -6  -4  -5  -5  -6  -6   5   2  -5   4   2  -6  -5  -1  -5  -3   3    4   0   0   0   0   0   1   0   0  38  19   0   9   9   0   0   3   0   0  17  0.94 0.44
   48 A     2  -2  -1   0  -4  -2   3  -1  -2  -5  -5   0  -3  -5  -4   5   0  -6  -5  -4   14   2   2   5   0   1  17   5   1   0   0   4   1   0   0  42   5   0   0   1  0.69 0.45
   49 N    -3   3  -1  -4  -6  -2  -2  -1  -4  -6  -6   7  -3  -7  -5   0   0  -7  -6  -6    2  13   3   0   0   1   1   4   0   0   0  63   1   0   0   7   5   0   0   0  1.39 0.65
   50 I    -5  -6  -7  -7  -5  -6  -6  -3  -6   6   4  -6   3   0  -6  -6  -4  -5  -4   0    0   0   0   0   0   0   0   2   0  41  42   0   7   3   0   0   0   0   0   5  1.30 0.56
   51 E    -4  -3  -3  -3  -8  -1   8  -5  -3  -7  -7   0  -3  -8  -6  -3  -3  -7  -6  -2    0   1   1   0   0   2  84   1   0   0   0   5   1   0   0   1   1   0   0   3  2.06 0.87
   52 A     1   0   0   2  -4  -1   5  -1  -3  -4  -3  -1  -2  -3  -4   0   0  -5  -3   0   10   4   4  13   0   2  38   4   0   0   2   1   1   1   0   6   4   0   1   9  0.53 0.36
   53 V     2  -4  -4  -5  -4  -4  -5  -5   0   4   0  -4   0  -2  -5  -2   0  -5  -4   4   16   0   1   0   0   0   0   0   2  28   9   1   2   1   0   3   5   0   0  31  0.72 0.39
   54 A     6  -5  -5  -5  -1  -5  -5   1  -5  -4  -3  -3  -1  -2  -5  -2  -2  -6  -5   1   69   0   0   0   1   0   0   9   0   0   2   2   2   2   0   1   2   0   0  11  1.24 0.62
   55 N    -1   2  -1  -2  -5   2   1  -2  -1  -3  -4   5   1  -5  -4  -1   2  -5  -4  -2    4  11   1   2   0   8   9   3   1   2   1  34   4   0   0   2  15   0   0   2  0.57 0.36
   56 S     1   1   0   0  -1   0   2  -1   0  -2  -2   0  -1  -4   1   2   0  -4  -2  -1   14   7   3   5   1   4  15   4   2   3   4   6   2   0   8  15   5   0   1   3  0.18 0.16
   57 M    -1  -2  -5  -3  -4  -3   0  -2  -5  -1   4  -1   7  -2  -5  -2  -3  -5  -4   1    6   2   0   1   0   0   6   4   0   2  34   4  30   1   0   2   1   0   0   8  0.80 0.44
   58 G    -3   2   2  -3  -2  -3  -3   5  -2  -6  -4   2  -4  -6  -5   1  -3  -5  -5  -4    0  10  11   1   1   0   1  47   1   0   2  12   0   0   0  10   0   0   0   1  0.91 0.46
   59 F    -5  -6  -6  -6   1  -6  -6  -2  -5  -2   3  -3   4   7  -6  -5  -4  -3   1  -4    0   0   0   0   3   0   0   3   0   1  26   2   9  51   0   0   1   0   4   0  1.49 0.61
   60 K    -2   3   1   1   1   1   0  -3   1  -3  -3   4  -2  -4  -4   1   0  -5  -4  -1    2  15   6   9   3   5   3   1   3   2   1  31   1   0   0   9   5   0   0   4  0.46 0.30
   61 S    -2  -2  -6  -6  -3  -5  -5  -6  -6   3  -1  -3  -1  -1  -5  -3   0  -6  -4   6    3   2   0   0   0   0   0   0   0  12   5   2   1   2   0   1   5   0   0  64  1.21 0.55
   62 H    -3   3  -1  -1  -4   3   0  -2   5  -2  -4   4   0  -5  -4  -2   0  -5  -3  -4    1  18   3   3   0  16   4   2  16   2   1  22   3   0   0   1   6   0   0   1  0.70 0.40
   63 T    -2   2  -2  -4  -5  -1  -2  -1  -4  -1  -4   6  -1  -6  -4  -1   1  -6  -5  -2    3  10   1   0   0   1   1   5   0   5   1  56   2   0   0   4   9   0   0   3  0.99 0.52
   64 R    -3   4   1  -1  -6   1  -1  -2  -3  -5  -5   6  -3  -6  -4   0  -4  -6  -3  -4    1  18   6   4   0   4   4   3   0   0   0  50   1   0   0   7   0   0   1   1  1.02 0.51
   65 N    -3  -1   6   4  -6  -2   2  -1   2  -6  -6  -2  -5  -6  -3  -1  -2  -6  -4  -6    1   3  39  24   0   1  12   5   5   0   0   2   0   0   1   3   1   0   1   0  1.06 0.51
   66 F     0  -3  -3  -4   2  -2  -4   4   1  -5  -4  -4  -3   4  -5   0  -2   4   4  -4    8   1   1   0   4   2   0  31   3   0   0   0   0  15   0   8   2   6  17   1  0.77 0.41
   67 K    -2   2  -1  -4  -2  -1  -2   2  -4  -2  -3   5   0  -4  -4  -1  -1  -3  -4   0    3  12   3   0   1   2   1  14   0   2   2  43   3   0   0   4   3   0   0   6  0.67 0.40
   68 T    -3  -4  -5  -6  -4  -4  -5  -6  -5   1   4  -5   5  -1  -5  -4   0   1  -4   4    1   1   0   0   0   0   0   0   0   4  36   0  17   2   0   0   6   2   0  29  0.95 0.46
   69 R    -4   5  -2  -3  -1  -2  -1  -4  -4  -5  -5   6  -3  -6  -5   0  -3  -3  -5  -5    0  33   1   1   2   1   3   1   0   1   1  47   0   0   0   8   1   1   0   1  1.31 0.59
   70 L    -3  -5  -5  -6  -4  -3  -5  -6  -5   2   4  -3   5  -1  -5  -5  -4  -5  -4   3    2   0   0   0   0   1   0   0   0  12  46   1  17   2   0   0   0   0   0  17  1.03 0.47
   71 E    -1  -1  -2  -2  -4   4   5  -4   0  -1  -3   0  -1  -4  -4  -3   0  -5  -4  -3    4   2   1   1   0  20  46   1   2   4   2   6   2   1   0   1   5   0   0   2  0.90 0.48
   72 G     1   1   0  -3  -3   0  -2   5   0  -4  -4  -1  -1  -5  -2  -2  -3  -2  -4  -4   11   7   4   1   1   4   2  52   3   1   1   4   2   0   2   2   1   1   0   1  0.82 0.40
   73 L     0   0   0   0  -1   0   1  -2  -2  -1   0   1   0  -2   1   2   1  -1  -1   0    6   6   4   4   1   4   9   1   0   3   8   9   2   1   5  18  11   1   2   6  0.11 0.12
   74 S    -1   2   0  -1   2   1   2  -1  -1  -2  -2   3  -3  -4  -2   1   0  -4  -3  -3    4  13   5   2   5   4  12   4   1   2   3  24   0   0   1  11   6   0   0   1  0.33 0.24
   75 S     1   1   1   0  -2   1   4  -2  -1  -3  -4   0  -3  -3  -1   1   0  -5  -3  -3   12   8   6   4   1   5  32   3   1   1   1   6   0   1   3   9   6   0   1   1  0.41 0.28
   76 I    -2   0   2  -2   1  -3  -4   6  -3  -3  -5  -1  -2  -5  -4  -2  -1  -5  -4  -4    2   4   9   1   3   1   0  62   1   2   1   5   1   0   0   2   4   0   1   1  1.13 0.49
   77 K    -1   6  -2  -4  -1   0  -1  -2   0  -2  -4   2  -2  -5   0   0  -2  -5  -4  -1    4  48   1   0   2   4   4   2   2   2   1  11   1   0   4   8   2   0   0   4  0.81 0.42
   78 A    -1   1   2  -3   0  -1  -3  -3   0  -4  -3   6  -1  -4  -3  -3   0  -6  -3  -2    4   6  10   0   2   2   0   1   2   1   2  57   2   1   1   1   5   0   1   3  1.01 0.52
   79 G    -2  -5  -2  -3  -2  -4  -3   7  -5  -6  -6  -4  -6  -6  -5   1  -3  -6  -6  -3    3   0   2   1   1   0   1  76   0   0   0   1   0   0   0  10   1   0   0   2  1.71 0.68
   80 Q     0   2   0  -3  -1   2  -1  -2   4  -1  -3   1  -2  -1   2   0  -1  -4   0   0    9  11   5   0   2  12   2   1  12   4   1  10   0   2   9   7   3   0   3   7  0.24 0.21
   81 L    -3  -5  -6  -7  -5  -5  -6  -6  -6  -1   6  -6   1   3  -6  -4  -4  -4  -1   0    2   0   0   0   0   0   0   0   0   1  70   0   3  14   0   1   1   0   1   6  1.36 0.58
   82 A     3  -3  -1  -1  -2  -1   0   0  -2  -3  -1  -2  -2  -4  -3   4   0  -5  -2  -2   30   1   3   2   1   3   5   6   1   1   6   1   1   0   0  30   6   0   1   3  0.45 0.33
   83 V    -3  -6  -6  -6   0  -5  -6  -6  -6   5   1  -6   1   0  -6  -5  -4  -5  -4   5    1   0   0   0   2   0   0   0   0  34  10   0   3   3   0   0   0   0   0  46  1.29 0.55
   84 V     2  -3  -1   3   2  -2   0  -1  -3  -1  -2  -2  -1  -2  -3   1   2  -5  -4   0   21   0   3  18   4   0   6   5   0   3   2   1   2   1   0  10  14   0   0   9  0.31 0.25
   85 I     5  -5  -5  -5  -4  -4  -3  -4  -5   1   0  -4  -1  -5  -4  -2   2  -5  -5   1   56   0   0   0   0   0   1   0   0   6   8   0   1   0   0   1  14   0   0  11  0.96 0.52
   86 E    -5  -4  -4   1  -7   1   7  -6  -3  -7  -6   0  -6  -7  -5  -4  -5  -6  -6  -5    0   0   0   6   0   5  81   0   1   0   0   4   0   0   0   0   0   0   0   1  2.04 0.83
   87 I    -4  -6  -7  -7  -5  -6  -6  -7  -7   6  -2  -6  -3  -3  -6  -6  -4  -6  -5   6    1   0   0   0   0   0   0   0   0  47   1   0   0   1   0   0   0   0   0  49  1.80 0.71
   88 Y    -6  -5  -7  -5  -3  -7  -7  -7  -3  -1  -2  -7  -3   9  -7  -3  -4  -3   4  -4    0   1   0   1   1   0   0   0   0   3   2   0   0  77   0   2   1   0  11   1  2.35 0.84
   89 E    -1  -1  -4  -2  -3   1   7  -4  -3  -6  -6  -1  -3  -6  -5  -1  -4  -6  -5  -2    5   3   0   1   1   6  72   1   0   0   0   2   1   0   0   5   0   0   0   3  1.56 0.71
   90 V    -3  -6  -6  -6  -4  -5  -6  -6  -6   4   2  -6   1  -1  -6  -5  -4  -5  -2   6    1   0   0   0   0   0   0   0   0  22  20   0   2   2   0   0   0   0   1  51  1.26 0.55
   91 A     5  -4  -1  -2  -2  -4  -4  -1  -3  -3  -4  -3  -4  -5  -4   1   4  -6  -5  -1   44   0   2   2   0   0   0   4   1   1   1   1   0   0   0  11  30   0   0   3  0.92 0.52
   92 P    -3  -4  -4  -1  -7  -3  -2  -6  -3  -6  -5  -4  -6  -5   8  -2  -3  -4  -7  -5    2   1   0   4   0   1   3   0   1   0   1   0   0   1  80   3   1   0   0   1  2.37 0.89
   93 S    -1  -4   0  -1   0  -3   2  -3  -2  -5  -4  -3  -3  -3  -2   6   1  -6  -4  -4    2   0   3   3   2   0  12   1   1   0   1   0   1   2   2  61   8   0   0   1  1.04 0.59
   94 L    -4  -5  -3  -6  -1  -5  -6  -6   0   0   4  -6  -1   5  -6  -5  -3  -4   1   2    0   0   1   0   1   0   0   0   3   3  47   0   0  26   0   0   1   0   4  12  1.07 0.49
   95 F    -1  -3  -1  -5   2  -4  -4  -5   7  -3   1  -4  -2   3  -5  -3  -2  -3   5   1    6   1   3   0   4   0   0   0  30   1  12   0   1  12   0   1   2   0  17  10  0.93 0.47
   96 M    -4  -4  -6  -7  -5  -5  -6  -5  -6   0   2  -5   7  -2  -6  -5  -3  -6  -5   6    0   1   0   0   0   0   0   1   0   2  19   0  26   1   0   0   1   0   0  49  1.43 0.63
   97 V    -4  -6  -7  -7  -5  -6  -6  -7  -7   0  -2  -6  -2  -5  -6  -6  -4  -7  -5   8    1   0   0   0   0   0   0   0   0   4   1   0   1   0   0   0   0   0   0  93  2.27 0.85
   98 D    -5  -4  -3   3  -7   0   7  -5  -4  -6  -6  -2  -6  -7  -5  -4  -5  -7  -6  -3    0   0   0  15   0   3  76   1   0   0   0   1   0   0   0   0   0   0   0   3  1.90 0.77
   99 V    -2  -5  -6  -6  -4  -5  -5  -6  -5   3   3  -5   3   3  -5  -4  -3  -4  -3   4    2   0   0   0   0   0   0   0   0  13  31   0   7  10   0   0   1   0   0  33  0.89 0.41
  100 R    -3   5  -1  -4   1   2  -2  -4  -4  -5  -5   5  -4  -5  -4   1  -2  -4  -5  -5    2  31   2   0   3   7   0   0   0   0   0  39   0   0   0  12   1   0   0   0  1.07 0.52
  101 K    -4   2  -2  -4  -7   0  -2  -5   0  -6  -5   7  -4  -7  -5  -4  -4  -6  -5  -5    0   9   1   0   0   3   1   0   2   0   1  81   0   0   0   0   0   0   0   1  1.94 0.76
  102 A     2  -2  -1   1   0  -2  -2  -1  -1  -1  -3   1  -3  -4  -3   4   2  -5  -4  -1   14   1   2   8   2   0   1   3   1   3   2   9   0   0   0  37  13   0   0   3  0.48 0.34
  103 A     3  -2   2  -2   0  -1  -2   3   3  -4  -5   0  -3  -4  -4   2  -1  -5   0  -2   25   1  12   1   2   2   1  21   7   0   0   5   0   0   0  15   2   0   4   2  0.48 0.31
  104 G    -3  -7  -5  -6  -2  -6  -7   8  -6  -8  -8  -6  -7  -8  -7  -5  -6  -7  -7  -8    1   0   0   0   1   0   0  98   0   0   0   0   0   0   0   0   0   0   0   0  2.68 0.90
  105 E    -6  -6  -1   8  -8  -4   0  -3  -5  -8  -8  -4  -7  -8  -6  -4  -5  -9  -7  -8    0   0   2  90   0   0   5   2   0   0   0   0   0   0   0   0   0   0   0   0  2.56 0.89
  106 T     1  -2  -2  -4   0  -4  -3  -3  -5  -1  -1  -2  -4  -5   0   1   6  -6  -5  -2   14   1   1   0   2   0   1   1   0   4   5   2   0   0   4  11  52   0   0   1  0.86 0.49
  107 L     1  -1  -4  -3  -2  -2  -2  -1  -4   0   4  -4   3   1  -3   0  -2  -3  -3  -1   10   3   0   1   1   1   3   4   0   3  49   0   7   5   1   9   1   0   0   2  0.48 0.32
  108 E    -3  -4  -4   0  -1  -1   7  -6  -4  -4  -1  -3  -1  -4  -2  -3  -4  -6  -5  -1    2   0   0   3   1   1  73   0   0   1   7   0   1   1   1   1   0   0   0   6  1.47 0.66
  109 Y    -6  -6  -7  -7  -7  -6  -4  -7  -3  -6  -5  -6  -5   4  -7  -6  -6  -2  10  -6    0   0   0   0   0   0   1   0   0   0   0   0   0  15   0   0   0   0  83   0  3.01 0.99
  110 H    -2   3   2   0  -5   3   0  -3   5  -3  -1   2  -2  -4  -4  -2  -1   1  -2  -3    2  18   9   4   0  13   6   1  18   1   7  12   1   0   0   1   3   2   0   2  0.51 0.31
  111 K    -3   2   0   0  -4   4   2  -4  -2  -5  -5   5  -3  -6  -4   0  -2  -6  -5  -5    1   8   5   4   0  19  11   0   0   0   0  43   0   0   0   7   1   0   0   0  0.95 0.48
  112 F    -4  -6  -6  -7  -4  -6  -6  -6  -5   0   3  -6   0   8  -6  -5  -3   1  -1   0    1   0   0   0   0   0   0   0   0   5  25   0   2  57   0   0   1   2   0   7  1.56 0.59
  113 Y    -5  -4  -6  -7   9  -6  -6  -6  -1  -3   0  -5   2   0  -7  -5  -4   4   6  -1    0   1   0   0  44   0   0   0   1   1  10   1   5   3   0   0   1   6  24   4  1.79 0.66
  114 K    -2   2   2   1  -6   1   4  -4  -2  -5  -5   5  -3  -6  -4  -1  -1  -6  -5  -5    2   8   8   6   0   5  24   0   0   0   0  40   0   0   0   3   3   0   0   0  0.90 0.45
  115 K    -2   1   3   2  -5   2   4  -4   0  -2  -5   1  -4  -4  -4   0  -1  -5  -4  -4    2   7  13  10   0  10  35   0   2   3   0   7   0   1   0   7   2   0   0   0  0.67 0.37
  116 L    -4  -5  -6  -6  -4  -4  -6  -6  -4   3   5  -5   2   2  -6  -4  -4  -4  -2   2    0   0   0   0   0   0   0   0   0  18  56   0   4   8   0   1   0   0   1  11  1.06 0.46
  117 C    -3   6  -2  -4   5  -1  -3  -4  -4  -5  -3   3  -4  -4  -5   3  -2  -5  -2  -5    0  41   1   0  12   2   0   0   0   0   3  14   0   1   0  22   2   0   1   0  1.04 0.51
  118 S     0  -5   1  -1  -3  -3  -1  -3  -3  -4  -6  -3  -5  -6   7   2   0  -6  -6  -5    7   0   7   3   0   0   5   2   0   1   0   1   0   0  54  14   5   0   0   0  1.36 0.56
  119 K     3  -1   0   1  -1   0   0   2  -2  -4  -2   1  -3  -4  -3   1  -1  -5  -3  -2   34   3   3   8   1   3   6  15   0   0   4   8   0   0   0  10   2   0   0   1  0.35 0.25
  120 L    -5  -6  -7  -8  -5  -6  -7  -8  -7  -1   7  -6   3  -2  -7  -6  -5  -5  -5  -3    0   0   0   0   0   0   0   0   0   1  93   0   5   1   0   0   0   0   0   0  1.97 0.73
  121 E    -1   1   0  -1  -1   2   2  -2  -2  -3  -4   5  -3  -5  -4   0  -2  -5  -4  -4    4   5   3   3   1   9  15   2   1   1   1  46   1   0   0   7   1   0   0   0  0.73 0.38
  122 N    -5  -4   2   7  -7  -3   1  -1   0  -6  -7  -2  -6  -7  -2  -1  -3  -7  -6  -6    0   0   7  72   0   0   7   4   2   0   0   2   0   0   1   3   1   0   0   0  1.68 0.62
  123 I    -4  -6  -2  -6  -4  -6  -6  -7  -6   7   1  -6   0  -2  -6  -5  -3  -5  -4   2    0   0   2   0   0   0   0   0   0  71  13   0   1   1   0   0   0   0   0  11  1.52 0.56
  124 I    -3  -5  -6  -6  -1  -5  -5  -6  -6   4  -1  -5   2  -2  -5  -5  -3  -6  -4   6    1   0   0   0   1   0   0   0   0  22   1   0   6   1   0   0   0   0   0  67  1.41 0.54
  125 W    -7  -7  -8  -8  -7  -6  -7  -7  -2  -7  -5  -7  -1  -1  -8  -7  -7  13  -2  -7    0   0   0   0   0   0   0   0   1   0   0   0   2   2   0   0   0  94   0   0  4.48 1.05
  126 R    -2   4  -2  -2  -5   3  -1  -3  -2  -4  -4   6  -3  -5  -3  -2  -2  -4  -3  -4    0  23   0   0   0  11   0   0   0   0   0  66   0   0   0   0   0   0   0   0  1.05 0.29

                      K         Lambda
Standard Ungapped    0.1347     0.3222
Standard Gapped      0.0593     0.2670
PSI Ungapped         0.1927     0.3143
PSI Gapped           0.0593     0.2670
