
Last position-specific scoring matrix computed, weighted observed percentages rounded down, information per position, and relative weight of gapless real matches to pseudocounts
            A   R   N   D   C   Q   E   G   H   I   L   K   M   F   P   S   T   W   Y   V   A   R   N   D   C   Q   E   G   H   I   L   K   M   F   P   S   T   W   Y   V
    1 D    -3  -3   3   7  -5  -2   1  -3  -2  -5  -5  -2  -5  -5  -3  -2  -2  -6  -5  -5    0   0  16  77   0   0   7   0   0   0   0   0   0   0   0   0   0   0   0   0  1.42 0.29
    2 P     0  -3  -4  -3  -4  -1  -3  -4  -4   0   0  -3  -2   1   7  -2  -2  -4  -3  -2    6   1   0   0   0   3   0   0   0   7  10   0   1   7  62   2   1   0   0   1  1.25 0.26
    3 E     1  -1  -1   2  -3   2   3  -3  -1   0  -2   0  -2  -3  -2   0   0  -4  -3   0   15   0   1  14   0   9  27   0   1   6   1   2   0   0   1   6   5   0   0  10  0.28 0.15
    4 L     0   0   1   2  -2   1   1  -2  -1   1   0  -1  -1  -1  -2   0   0  -3  -2   1   10   7   8  13   0   7   8   1   0   9  12   1   0   2   0   3   5   0   0  14  0.08 0.07
    5 L    -3  -4  -5  -6  -1  -4  -5  -6  -5   2   6  -5   3  -2  -5  -4  -3  -4  -3   0    1   0   0   0   1   0   0   0   0   9  81   0   6   0   0   0   0   0   0   2  1.18 0.37
    6 A     5  -3  -3  -3  -3   1   1  -2  -3  -1  -1  -1  -1  -4  -3   0   0  -4  -3   1   55   0   0   0   0   8   9   0   0   2   4   2   1   0   0   6   4   0   0   9  0.52 0.26
    7 S     1   2   0   1  -3   1   2  -2   0  -3  -3   1   0  -4  -2   3   0  -4  -3  -3   12  11   3   6   0   6  12   1   2   0   1  10   3   0   0  30   4   0   0   1  0.33 0.17
    8 V    -1  -1   1   1   2   4   4   0  -1  -2  -3   0  -3  -4  -3   0  -1  -4  -3  -3    2   1   8   7   6  26  27   7   0   3   1   3   0   0   0   4   2   0   0   1  0.48 0.22
    9 T    -2  -4  -2  -3  -3  -3  -3  -4  -4  -3  -3  -3  -3  -5  -4   3   7  -5  -4  -3    0   0   0   0   0   0   0   0   0   0   1   0   0   0   0  22  77   0   0   0  1.48 0.49
   10 P     0   0   3  -2   1  -1  -1  -3   4  -2  -3   0  -2  -1   2   0   0  -3   2  -1   11   6  18   0   3   1   1   0  12   2   0   3   0   3  12   6   7   0   9   5  0.26 0.15
   11 F    -5  -6  -6  -7  -5  -6  -6  -6  -4  -3  -2  -6  -3   9  -7  -5  -5  -2   0  -1    0   0   0   0   0   0   0   0   0   0   0   0   0  96   0   0   0   0   0   3  2.51 0.60
   12 T    -2  -1   1   3  -3  -2  -1  -1  -3  -4  -4  -1  -3  -4  -3   3   4  -5  -4  -3    0   3   7  21   0   0   0   4   0   0   0   3   0   0   0  31  32   0   0   0  0.67 0.30
   13 V     0   1  -2  -2  -3  -1   0  -3   0   1  -1   1   0  -3  -1  -1  -2  -4  -3   4    5   8   1   1   0   1   8   1   2   4   3  12   1   0   2   3   0   0   0  47  0.33 0.21
   14 E     0  -1   4   2  -3  -1   2  -1  -2  -4  -4   2  -3  -4  -2   2  -1  -5  -3  -4    6   2  28  12   0   0  11   2   0   1   0  15   0   0   1  20   1   0   0   0  0.51 0.22
   15 E    -4  -3  -3   2  -6   1   7  -5  -3  -6  -6  -2  -5  -6  -4  -3  -4  -6  -5  -5    0   0   0   8   0   3  90   0   0   0   0   0   0   0   0   0   0   0   0   0  1.85 0.53
   16 V    -3  -5  -5  -5  -3  -4  -5  -6  -5   5   2  -5  -1  -2  -5  -4  -2  -5  -3   5    0   0   0   0   0   0   0   0   0  38  15   0   0   0   0   0   0   0   0  47  1.05 0.34
   17 E    -2   1  -2   1  -5   3   6  -4  -1  -5  -4   1  -2  -5  -3  -2  -2  -5  -2  -4    2   5   0   6   0  14  60   0   1   0   0   9   1   0   0   0   1   0   1   0  1.03 0.36
   18 A     5   3  -3  -3  -3   2  -2  -2  -3  -2  -3   0  -3  -4  -3  -1  -1  -4  -4   0   53  21   0   0   0  10   1   0   0   2   0   4   0   0   0   2   1   0   0   5  0.65 0.30
   19 L    -4  -5  -6  -6  -4  -5  -5  -6  -5   0   6  -5   0  -2  -5  -5  -4   6  -3  -2    0   0   0   0   0   0   0   0   0   1  86   0   1   0   0   0   0  12   0   0  1.49 0.45
   20 Y    -2   2  -3  -4  -5  -3  -3  -1   4  -4  -3  -1  -3   3  -5  -3  -3  -1   7  -4    3  13   1   0   0   0   1   5  12   0   1   4   0  11   0   0   1   0  48   0  1.06 0.37
   21 E    -3   1  -1   1  -3   0   5  -3  -2  -3  -4   4  -3  -5  -3  -1  -3  -5  -3  -2    0   6   1   6   1   0  49   1   0   1   0  30   0   0   0   2   0   0   0   3  0.89 0.34
   22 L    -3   3  -4  -3  -4  -2  -4   1  -4  -1   4  -2   1  -2  -4  -3  -2  -4  -3  -1    0  21   0   1   0   1   0  14   0   0  56   0   2   0   0   1   2   0   0   3  0.61 0.29
   23 F    -5  -6  -6  -6  -5  -6  -6  -6  -3  -3  -2  -6  -3   9  -6  -5  -5  -2   4  -4    0   0   0   0   0   0   0   0   0   0   0   0   0  88   0   0   0   0  12   0  2.34 0.57
   24 K    -3   2  -2  -3  -5  -1  -1  -3  -1  -1   0   6   4  -3  -4  -2  -3  -5  -3  -2    0   9   1   0   0   1   1   1   1   3  10  57  14   1   0   1   0   0   0   1  0.81 0.34
   25 K    -3   2   0  -2  -5   0  -1  -3  -3  -5  -5   7  -3  -5  -3   1  -2  -5  -4  -5    0   7   4   1   0   2   1   1   0   0   0  72   0   0   0  11   1   0   0   0  1.19 0.42
   26 L    -3  -4  -4   1  -3  -4  -2  -5  -4   4   4  -4   0  -2  -4  -4  -3  -4  -3   0    0   0   0  12   0   0   3   0   0  33  49   0   1   0   0   0   0   0   0   2  0.77 0.30
   27 S    -1  -3  -1   4   5  -3  -2  -3  -3  -5  -5  -3  -4  -5  -3   5  -1  -5  -4  -4    1   0   1  24  14   0   0   0   0   0   0   0   0   0   0  58   2   0   0   0  1.08 0.41
   28 S     0   0   1  -2   3  -1  -2   0  -1  -3  -3   1  -2   0   3   3   0  -3  -1  -3    5   6   5   1   6   0   0   7   1   0   1   9   1   4  14  34   3   0   3   0  0.35 0.18
   29 S     1  -2   0   2   0  -2  -1  -1  -2  -3  -3  -2  -3  -4  -2   5   0  -4  -3  -2    9   1   2  14   2   0   1   2   0   1   1   1   0   0   1  56   4   0   0   3  0.64 0.28
   30 I    -1  -1  -2  -2  -2  -1  -2  -2   0   4   1  -2   0  -1  -1  -2  -1  -2  -1   2    4   3   1   3   1   2   2   3   3  31  15   2   2   1   2   2   3   0   1  20  0.21 0.09
   31 I    -1  -2  -2   1   0  -2  -1  -2  -1   3   0  -1   0   0  -2  -1   0  -2  -1   2    3   2   1   9   2   1   3   2   2  31   4   3   1   5   2   4   3   0   1  20  0.17 0.09
   32 D    -1  -1   3   5  -3   0   0   1  -1  -3  -3   1  -3  -3  -2   0  -1  -3  -2  -3    3   2  16  36   0   2   4   9   1   1   2  12   0   1   1   5   1   0   1   1  0.48 0.16
   33 D    -2  -3   1   6  -4  -2  -1  -2  -2  -4  -4  -2  -4  -4  -3   3  -2  -4  -1  -4    1   1   6  59   0   1   1   1   0   1   1   1   0   0   1  22   1   0   3   1  1.04 0.32
   34 G    -2  -4  -1  -2  -5  -4  -4   7  -4  -6  -6  -4  -5  -6  -5  -3  -4  -5  -6  -6    0   0   3   2   0   0   0  94   0   0   0   0   0   0   0   0   0   0   0   0  1.99 0.50
   35 L    -1  -3  -2  -3  -1   0  -2  -4  -1   0   4  -1   0   0  -2   1   1  -3  -2   0    3   0   1   0   1   4   2   0   2   2  50   4   1   3   1  13   8   0   1   6  0.32 0.19
   36 I    -3  -5  -5  -5  -3  -5  -5  -6  -5   7   3  -5   0  -1  -5  -5  -3  -5  -3   1    0   0   0   0   0   0   0   0   0  72  22   0   1   1   0   0   0   0   0   4  1.29 0.40
   37 H    -2  -2   3   3  -3  -1   0  -3   7  -5  -5  -2  -4  -4  -3   3   0  -5  -2  -4    0   0  14  21   0   1   4   0  28   0   0   1   0   0   0  23   6   0   0   0  0.83 0.32
   38 K    -2   2  -3  -3  -5  -1   0  -3  -2  -2  -4   6  -3  -2  -3  -2  -3  -5  -4  -1    1  10   0   0   0   0   5   1   0   2   0  71   0   2   0   0   0   0   0   6  1.09 0.39
   39 E    -2  -2   0   3  -5   1   6  -4  -2  -5  -5  -1  -4  -5  -3  -2  -2  -5  -4  -4    1   0   4  12   0   3  71   0   0   0   0   2   0   0   0   1   2   0   0   0  1.25 0.40
   40 E    -3  -3  -2   0  -6   0   7  -2  -2  -5  -5  -1  -4  -6  -4  -3  -1  -5  -4  -5    0   0   1   1   0   2  87   2   1   0   0   1   0   0   0   0   3   0   0   0  1.65 0.49
   41 F    -5  -5  -6  -6  -5  -6  -6  -6  -4  -2   1  -5  -2   9  -6  -5  -5  -2   0  -3    0   0   0   0   0   0   0   0   0   0  11   0   0  87   0   0   0   0   0   0  2.12 0.53
   42 Q    -2   0   0  -2  -2   6  -1  -3   1  -1  -2   1   3  -2  -3  -1  -2  -3  -2  -2    2   4   3   1   1  49   1   1   3   3   3   9  10   2   1   3   1   0   1   2  0.66 0.26
   43 L    -2  -2  -2  -3  -2  -2  -2  -3  -2   0   4  -2   0   2  -3  -1  -2   0   4  -1    2   1   1   1   0   1   2   1   0   1  53   3   1   7   1   4   2   1  15   2  0.45 0.18
   44 A     4   0  -2  -2  -2  -1  -1   1  -2   0  -2   1   0  -3  -2   0  -1  -3  -2  -1   49   5   1   1   0   1   2  10   0   6   2   9   2   1   1   4   1   0   1   3  0.36 0.16
   45 L    -3  -3  -2  -4  -3   2  -3  -4  -3   1   5  -2   0  -1  -3  -3  -2  -3  -2   0    1   1   2   1   0  13   1   1   0   8  66   1   0   0   1   1   1   0   0   4  0.69 0.26
   46 F    -2  -4  -3  -4  -2  -2  -4  -3  -3  -1  -1  -4  -1   8  -4   1  -3  -2   1  -2    2   1   1   0   1   2   0   2   0   2   5   0   1  67   0  13   1   0   1   1  1.17 0.36
   47 R    -2   3   0  -2  -3   1  -1   0  -2   1   0   3  -1   3  -3  -2  -2  -3  -1  -2    1  19   5   1   0   5   1   8   0   9  10  22   0  16   0   1   0   0   0   0  0.25 0.16
   48 N    -2  -3   5   0  -2  -2  -2  -2  -3  -4  -4  -2  -2  -5   6   0   2  -5  -4  -3    2   0  32   3   1   1   0   1   0   0   1   2   1   0  36   5  14   0   0   0  0.97 0.31
   49 R     0   1   1  -1  -3   2   1   1  -1  -3  -3   1  -2   0   1   2   0  -3  -1  -3    4   6   8   1   0  12   9   9   1   0   0   7   0   7   6  26   3   0   1   1  0.24 0.14
   50 N    -1   1   2  -2  -1  -1  -1   2  -1   0  -1   3  -1  -3  -3   0   0  -3  -1   0    2   5  11   0   1   0   2  15   1   9   8  25   0   0   0   7   5   0   2   5  0.15 0.12
   51 R     0   2   0   2  -4   1   0   1  -1  -4  -4   4  -1  -4  -3   0  -1  -4  -3  -3    7  12   2  14   0   6   1  12   0   0   0  32   2   0   0   7   2   0   0   0  0.41 0.19
   52 R     0   2   0   0  -3   3   3  -2   0  -4  -3   1  -2  -4   2   1  -1  -4  -3  -3    9  10   3   3   0  19  21   2   2   0   0   7   0   0   9  11   2   0   0   1  0.38 0.16
   53 N    -2  -3   7   0  -4  -2  -2  -2  -1  -5  -5  -2  -4  -5  -3   3   0  -5  -4  -4    1   0  60   2   0   0   1   1   1   0   0   0   0   0   0  28   5   0   0   1  1.17 0.37
   54 L    -2  -3  -4  -3  -3  -2  -3  -4  -4   0   4  -1   2   0   4  -2  -1  -3  -3  -1    1   1   0   1   0   1   1   0   0   4  53   4   4   3  22   2   2   0   0   0  0.62 0.23
   55 F    -3  -5  -5  -5  -4  -5  -5  -5  -3  -1   3  -5   0   8  -5  -3  -4  -2   2  -2    1   0   0   0   0   0   0   0   0   1  25   0   2  67   0   1   0   0   3   0  1.41 0.38
   56 A     5  -3  -3  -4  -2  -3  -3  -2  -4  -2   0  -3  -2  -3  -3   0   1  -4  -3   1   68   0   0   0   0   0   0   1   0   0   8   0   0   0   0   5   7   0   0  10  0.75 0.30
   57 D    -2  -2   2   6  -4   1   2  -2   1  -4  -4  -1  -4  -5  -3   1   0  -5  -4  -4    1   0   8  48   0   8  10   1   4   0   1   1   0   0   0  11   5   0   0   0  0.77 0.25
   58 R    -4   7  -3  -4  -6   0  -2  -5  -1  -4  -3   0  -3   0  -4  -3  -3  -4   1  -5    0  82   0   0   0   2   0   0   1   0   1   2   0   4   0   0   0   0   6   0  1.57 0.43
   59 I    -2  -4  -5  -5  -3  -4  -5  -5  -5   4   1  -4   3  -2  -4  -4  -2  -4  -3   5    0   0   0   0   0   0   0   0   0  24  12   0   9   0   0   0   0   0   0  56  0.94 0.30
   60 F    -4  -5  -5  -6  -4  -5  -5  -5  -4   2  -1  -5   1   8  -6  -1  -4  -2   0  -2    0   0   0   0   0   0   0   0   0  14   1   0   4  75   0   5   0   0   0   0  1.61 0.43
   61 D     0  -1   2   6  -4   0   1  -2  -1  -3  -4  -1  -3  -4  -3  -1  -2  -5  -1   0   10   3   9  52   0   4   5   1   1   0   0   1   0   0   0   2   0   0   2   9  0.72 0.26
   62 V    -1  -4  -4  -4   0  -3  -4  -4  -4   3   4  -4   2  -1  -4  -1  -1  -3  -3   2    4   0   0   0   1   0   0   0   0  16  49   0   5   0   0   5   2   0   0  17  0.56 0.21
   63 F    -5  -6  -6  -6  -5  -6  -6  -6  -4  -3  -2  -6  -3   9  -7  -5  -5  -2   0  -2    0   0   0   0   0   0   0   0   0   0   1   0   0  97   0   0   0   0   0   2  2.45 0.55
   64 D    -4  -4  -1   8  -6  -3  -1  -3  -4  -6  -6  -3  -6  -6   0  -3  -4  -7  -6  -6    0   0   1  93   0   0   0   1   0   0   0   0   0   0   5   0   0   0   0   0  2.12 0.51
   65 V     0  -1  -2  -1  -3   0   2  -2  -2   0   0  -1   0   0  -3   1   2  -3  -1   2    6   2   0   1   0   2  23   1   0   3   8   1   1   5   0  11  16   0   1  18  0.17 0.13
   66 K    -2   0   3   4  -5  -1  -1  -3  -2  -5  -5   5  -3  -5  -3   0  -2  -5  -4  -4    1   2  14  25   0   0   0   0   0   0   0  50   0   0   0   7   1   0   0   0  0.87 0.31
   67 R    -2   4   1  -2  -2   1  -1   2   5  -5  -4   3  -3  -4  -2  -1  -2  -4  -2  -4    0  23   8   0   1   6   0  21  18   0   1  18   0   0   1   2   0   0   0   0  0.59 0.23
   68 N    -2   0   5   3  -4  -1  -1   1   0  -4  -4   1  -3  -4  -3   0   0  -4  -3  -4    0   3  39  20   0   0   2   9   2   0   1  11   0   0   0   6   4   0   0   0  0.64 0.22
   69 G    -2  -4  -1  -2  -4  -2  -3   7  -2  -5  -5  -2  -4  -5  -4  -2  -3  -4  -5  -5    0   0   1   1   0   2   1  88   1   0   0   2   0   0   0   2   0   0   0   0  1.64 0.38
   70 V     0  -2  -2   1  -2  -1   0  -3  -1   1   0  -2   0  -1  -3  -1   1  -4  -1   4    5   1   0   8   0   1   7   1   1   5   7   1   2   1   0   4  12   0   1  42  0.25 0.16
   71 I    -3  -4  -5  -5  -3   0  -4  -6  -5   6   2  -4  -1  -2  -5  -4  -2  -4  -3   3    0   0   0   0   0   5   0   0   0  61  13   0   0   0   0   0   0   0   0  20  1.01 0.32
   72 E    -3  -2   0   6  -4  -1   4  -1  -3  -5  -5  -1  -5  -5  -3  -1  -2  -5  -3  -5    0   1   1  51   0   0  35   5   0   0   0   1   0   0   0   2   1   0   1   0  1.15 0.34
   73 F    -5  -5  -6  -6  -5  -5  -1  -6  -4  -3  -2  -5  -3   9  -6  -5  -5  -2   0  -2    0   0   0   0   0   0   5   0   0   0   1   0   0  93   0   0   0   0   0   1  2.22 0.52
   74 G    -2   0  -2   0  -4   2   3   4  -1  -5  -4   2  -3  -5  -2  -1  -1  -4  -4  -4    1   3   0   5   0  11  26  31   1   0   0  16   0   0   1   1   4   0   0   0  0.57 0.22
   75 E    -3  -3  -2   3  -6  -1   7  -3  -3  -6  -5  -2  -5  -6  -4  -2  -3  -6  -5  -5    1   0   0  17   0   0  80   1   0   0   0   0   0   0   0   0   1   0   0   0  1.59 0.45
   76 F    -5  -6  -6  -6  -5  -6  -6  -6  -4  -3  -1  -6  -2   9  -6  -5  -5  -2   0  -3    0   0   0   0   0   0   0   0   0   0   5   0   0  95   0   0   0   0   0   0  2.39 0.54
   77 V     1  -4  -5  -5  -3  -4  -4  -5  -5   4   0  -4  -1  -3  -4  -3  -2  -5  -3   5   11   0   0   0   0   0   0   0   0  30   2   0   0   0   0   0   0   0   0  58  0.98 0.32
   78 R    -1   5  -1  -3   3   1  -1  -2   3  -3  -2   1  -1  -1  -3   0   0  -4  -2  -2    3  44   2   0   8   5   3   2   9   1   2   4   1   4   0   5   6   0   0   2  0.52 0.22
   79 S     4  -3  -2  -3   1  -2  -3   3  -3  -4  -4  -2  -3  -4  -3   3   1  -4  -4  -3   38   0   0   0   2   0   0  27   0   0   0   0   0   0   0  24   9   0   0   0  0.69 0.26
   80 L    -3  -4  -5  -6  -3  -4  -5  -6  -5   1   6  -4   1  -2  -5  -2  -3  -4  -3   1    0   0   0   0   0   0   0   0   0   3  85   0   2   0   0   3   1   0   0   8  1.16 0.35
   81 G    -1  -3   3  -1  -3  -2  -2  -1  -1  -4  -4  -2  -4  -5  -3   6  -1  -5  -4  -1    0   0  15   1   0   0   0   3   1   0   0   0   0   0   0  72   0   0   0   6  1.03 0.39
   82 V     0  -4  -4  -4  -3   0  -4  -4   1   4  -1  -3  -1  -2  -4  -3  -1  -4  -3   5    9   0   0   0   0   6   0   0   4  23   1   0   0   0   0   0   1   0   0  56  0.75 0.29
   83 F    -3  -4  -4  -4  -4  -4  -4  -4  -3   0  -1  -4  -2   8  -4  -4  -3  -1   1  -2    1   1   1   1   0   1   1   1   0   4   3   1   0  81   1   1   1   0   0   2  1.64 0.38
   84 H    -3  -2  -1  -3   2  -2  -2  -3   9  -4  -4  -3  -3  -3  -3   2   1  -4  -1  -4    0   0   1   0   5   0   0   0  58   0   1   0   0   0   1  21  10   0   0   0  1.41 0.39
   85 P    -1  -3  -1  -3  -4  -2  -2  -1  -4  -3  -2  -3  -3  -1   7   2  -2  -5  -4   0    2   0   2   0   0   1   1   4   0   0   3   0   0   3  58  15   1   0   0   7  1.24 0.32
   86 S    -2   3   4   1  -1   0   0  -2   1  -3  -3   3  -2  -3  -3   1  -1  -4   0  -3    2  19  26   7   2   2   4   1   3   2   1  18   0   0   0   9   0   0   4   0  0.42 0.18
   87 A     4  -3  -2  -3  -3  -3  -3   4  -3  -2  -3  -2  -3  -3  -3   0   1  -4  -1  -2   45   0   0   0   0   0   0  31   0   2   0   0   0   1   0   4  12   0   3   1  0.64 0.24
   88 P    -1  -1   1   1  -4  -1  -2  -1  -3  -4  -2  -1  -3  -4   6   1   0  -5  -4  -3    2   3   8   9   0   2   1   3   0   0   3   4   0   0  46  14   6   0   0   1  0.91 0.25
   89 V    -2   1  -1  -2  -3   3   0  -3   0   1   1   2   2  -1  -1  -2   0  -3  -2   1    1   6   1   1   0  17   7   0   2  10  16  15   7   1   2   0   4   0   1   9  0.17 0.12
   90 H     0  -1   0   3  -4   1   5  -2   1  -4  -3  -1  -3  -4  -2   0  -1  -4  -3  -3   10   2   3  19   0   3  46   1   3   0   2   1   0   0   1   5   2   0   0   1  0.65 0.23
   91 E    -2  -2  -1   5  -4   2   4  -3  -2  -3  -4   0  -3  -4  -3   0  -2  -4  -4   0    2   1   1  33   0   8  37   1   0   0   0   2   0   0   0   4   1   0   0   8  0.73 0.25
   92 K    -3   0  -3  -3  -5  -1  -2  -2  -3  -5  -5   7  -4  -5  -3  -3  -3  -5  -4  -5    0   0   0   0   0   0   0   3   0   0   0  94   0   0   0   0   0   0   0   0  1.73 0.48
   93 V     0  -3  -4  -4  -3  -3  -4  -4  -4   5   3  -3   0  -1  -4  -2  -1  -3  -2   1    9   1   0   0   0   0   0   0   0  42  36   0   1   0   0   1   3   0   0   4  0.62 0.23
   94 K     1   2   1   3  -3   0   2  -2   0  -2  -3   2  -2  -3  -2   0  -1  -3  -2  -2   12  13   7  23   0   2  11   1   2   2   1  14   1   0   0   5   2   0   1   1  0.30 0.12
   95 F    -4  -3  -4  -5  -4  -4  -4  -4  -2  -2  -2  -4  -2   8  -5  -4  -4   6   1  -1    1   2   0   0   0   0   1   1   1   0   1   1   0  73   0   1   1  12   1   4  1.64 0.39
   96 A     5  -3  -3  -3  -2  -2  -2  -2  -3  -3  -2  -2  -1  -3  -3   2  -1  -4  -3  -1   71   0   0   0   0   0   0   0   0   0   3   0   1   1   0  17   2   0   0   2  0.89 0.32
   97 F    -4  -5  -5  -5  -5  -5  -5  -5  -3  -3  -2  -5  -2   9  -5  -4  -4  -1   1  -3    0   0   0   0   0   0   0   0   0   0   0   0   0  94   0   0   0   0   1   0  2.26 0.50
   98 K    -3   5   1  -2  -4   3  -1  -3   0  -4  -4   5  -3  -4  -3  -1  -2  -4  -3  -4    0  35   6   0   0  14   1   0   2   0   0  37   0   0   0   2   0   0   0   0  0.89 0.28
   99 L    -3  -4  -5  -5  -3  -4  -4  -5  -4   3   5  -4   1  -1  -4  -4  -2  -3  -3   2    0   0   0   0   0   0   0   0   0  14  68   0   1   0   0   0   0   0   0  13  0.87 0.27
  100 Y    -4  -4  -4  -5  -5  -4  -4  -5  -1  -4  -3  -4  -3   2  -5  -4  -4   0   9  -4    0   0   0   0   0   0   0   0   0   0   0   0   0   3   0   0   0   0  92   0  2.46 0.55
  101 D    -4  -4   0   8  -5  -3  -1  -4  -3  -5  -5  -3  -5  -5  -4  -3  -3  -6  -5  -5    0   0   1  94   0   0   0   0   0   0   0   0   0   0   0   0   0   0   0   0  2.08 0.48
  102 L    -2  -3  -4  -4  -3  -3  -4  -4  -4   4   4  -3   4   0  -4  -3  -1  -3  -2   1    2   0   0   0   0   0   0   0   0  25  50   1  12   2   0   0   3   0   0   3  0.67 0.23
  103 R    -3   4   1   5   0   0  -1  -2   0  -4  -4   2  -3  -4  -3  -1  -2   2  -3  -4    0  29   6  38   2   2   1   3   2   0   0  10   0   0   0   1   1   3   0   0  0.71 0.24
  104 Q    -2   2   2  -1  -2   4   0   2   1  -4  -4   2  -3  -4  -3  -1  -2  -4  -3  -4    0  14  12   2   1  30   1  21   3   0   0  11   0   0   0   3   0   0   0   0  0.54 0.21
  105 T    -3  -1   1   5  -4   2  -1  -3  -3  -3  -4  -2  -2  -5  -3   0   5  -5  -4  -3    0   3   5  37   0   9   1   0   0   0   0   0   1   0   0   2  40   0   0   1  0.83 0.31
  106 G    -2  -5  -2  -4   2  -4  -5   7  -5  -6  -6  -4  -5  -6  -5  -3  -4  -5  -6  -6    0   0   1   0   5   0   0  94   0   0   0   0   0   0   0   0   0   0   0   0  1.99 0.46
  107 F    -3  -3  -4  -5   0  -2  -4  -5  -2  -3  -2  -3  -3   7  -5  -2  -3  -1   7  -3    1   1   0   0   2   2   0   0   0   0   2   1   0  48   0   4   1   0  39   0  1.44 0.39
  108 I    -4  -6  -6  -6  -4  -5  -6  -6  -6   8  -1  -5   0  -3  -5  -5  -3  -5  -4   0    0   0   0   0   0   0   0   0   0  98   0   0   2   0   0   0   0   0   0   0  1.92 0.50
  109 E    -2  -2  -1   0  -4   0   6  -1  -2  -5  -5  -1  -4  -5  -3   3   1  -5  -4  -4    1   0   1   2   0   3  57   3   0   0   0   1   0   0   0  24   9   0   0   0  0.91 0.33
  110 R    -3   6   4  -3  -4  -1  -2  -4   1  -5  -4   2  -3  -4  -1  -2  -2  -3   1  -4    1  55  21   0   0   1   0   0   3   0   0  11   0   0   3   0   0   0   5   0  1.02 0.33
  111 E    -2  -2   0   3  -3   2   4   3   1  -5  -4   0  -3  -5  -2  -1  -2  -4  -4  -4    2   0   2  17   0  12  36  21   3   0   0   3   0   0   1   1   0   0   0   1  0.65 0.24
  112 E    -3  -2  -3   1  -6   0   7  -3  -3  -6  -5  -2  -5  -6  -4  -3  -3  -6  -5  -4    0   1   0   7   0   2  89   1   0   0   0   0   0   0   0   0   0   0   0   1  1.71 0.48
  113 L    -2  -4  -5  -5  -3  -4  -4  -5  -4   1   4  -4   4  -2  -4  -4  -2  -4  -3   4    0   0   0   0   0   0   0   0   0   1  46   0  12   0   0   0   0   0   0  39  0.86 0.29
  114 K    -3   2  -2  -3  -4  -1  -2  -4  -2  -3   0   5   0   4  -3  -2  -2  -3   0  -3    0  12   0   0   0   1   0   0   0   0   9  50   2  20   0   1   0   0   3   0  0.72 0.28
  115 E    -2   0  -1   1  -4   5   4  -4   0   0  -1   0  -2  -4  -3  -1  -2  -4  -3  -2    1   4   1   5   0  36  29   0   1   8   6   4   0   0   0   2   1   0   0   1  0.63 0.26
  116 M    -3  -4  -5  -5  -1  -3  -4  -5  -4   3   0  -4   8  -1  -5  -4  -2  -4  -3   3    0   0   0   0   1   0   0   0   0  14   4   0  55   1   0   0   1   0   0  22  1.27 0.40
  117 V    -2  -3  -4  -5  -3  -4  -4  -5  -4   2   3  -4   3  -2  -4  -3  -2  -4  -2   5    1   1   0   0   0   0   0   0   0  11  29   0   7   0   0   0   0   0   1  48  0.74 0.26
  118 V    -2  -1  -1   1  -1  -1   0  -2  -1   2   2   2   0  -1  -3  -2  -1  -2  -2   1    1   2   1  10   1   2   4   2   1  12  21  22   1   2   0   1   2   0   0  15  0.14 0.12
  119 A     5  -2  -3  -2   0  -1  -2  -2  -3  -1  -2  -3   5  -3  -3   0  -2  -4  -3  -1   62   1   0   1   2   3   1   1   0   2   1   0  20   0   0   4   1   0   0   1  0.82 0.34
  120 L    -2  -3  -4  -4  -3  -3  -4  -4  -4   3   3  -2   5  -1  -4  -2   1  -3  -3   0    1   1   0   0   0   0   0   0   0  20  33   1  24   1   0   2  13   0   0   3  0.60 0.24
  121 L    -3  -4  -5  -5  -3  -4  -4  -2  -4   0   5  -4   1   0  -4  -4  -3  -3   2   3    0   0   0   0   0   0   0   3   0   0  62   0   1   1   0   0   0   0   9  22  0.77 0.28
  122 H     1   0   1   1   3   0  -1   3   1  -3  -2   1   0  -3  -2   0  -1  -3  -2  -2   10   3   9   7  10   2   2  24   4   1   2  13   3   1   0   7   2   0   1   1  0.22 0.12
  123 E    -2  -2   2   0  -3   1   6  -3  -2  -4  -4  -1   3  -4  -3   0  -2  -4   0  -4    1   0  10   2   1   3  60   1   0   0   0   2  10   0   0   5   1   0   3   0  0.90 0.36
  124 S    -1  -3   4  -2  -2  -1  -2  -2  -2  -3  -3  -2  -3   0  -3   5   1  -2  -2   0    1   0  21   0   1   1   0   0   0   0   1   0   0   5   0  52   9   0   1   7  0.70 0.33
  125 E    -1  -1   1   4  -3  -1   2   2  -1  -3  -3  -1  -2  -2  -1   0  -1  -3   0  -3    2   2   5  27   0   1  19  21   1   1   2   3   0   1   3   4   2   0   5   1  0.39 0.14
  126 L    -2  -2  -3  -3  -2  -1  -2  -3  -3   1   3  -2   5  -1   0  -2  -2  -2  -2   1    2   1   1   1   0   2   1   2   0   8  40   1  22   1   5   2   1   0   1   6  0.45 0.18
  127 V    -1   0   1   0   1   0   0  -1  -1   0  -1   1   0  -2   2   0   0  -2  -2   0    3   5  11   5   4   3   4   3   1   8   6  14   2   1  10   4   5   0   1   9  0.08 0.05
  128 L    -2  -4  -5  -4  -3  -3   0  -5  -4   1   5  -3   0  -1  -3  -4  -3  -4  -3   0    1   0   0   1   0   1   7   0   0   4  78   0   1   1   1   1   1   0   0   3  0.95 0.35
  129 S     0   0  -1   2  -2   0   0  -2  -2  -4  -4   2  -3  -4   1   4   1  -4  -3  -3    6   3   1  12   1   2   2   0   0   0   0  15   0   0   7  43   7   0   0   0  0.51 0.25
  130 E    -3  -3   0   7  -5  -1   3  -3   0  -5  -5  -1  -5  -5  -1  -2  -3  -5  -3  -5    0   0   2  63   0   1  23   1   2   0   0   2   0   0   2   1   0   0   1   0  1.32 0.40
  131 D    -2  -2   1   5  -4   2   4  -3  -1  -4  -4  -2  -3  -4  -3   0  -1  -2  -3  -3    3   0   5  40   0   7  27   1   1   0   0   0   0   0   0   7   3   1   1   2  0.77 0.28
  132 M     1  -2  -2  -2  -2   3  -1  -3  -2   2   0  -2   2  -2  -3  -1   2  -3  -2   2   11   0   0   1   0  18   3   0   0  11   8   0   9   1   0   2  20   0   0  15  0.26 0.18
  133 I    -2  -4  -4  -4  -3  -4  -4  -5  -4   4   3  -4   0  -2   3  -3  -2  -4  -3   3    1   0   0   0   0   0   0   0   0  27  31   0   1   0  14   0   1   0   0  23  0.64 0.25
  134 E    -3  -1  -1   1  -5   4   6  -4  -2  -5  -4  -1  -3  -5  -3  -1  -2  -5  -4  -4    0   3   2   7   0  21  60   0   0   0   1   2   0   0   0   2   1   0   0   1  1.13 0.39
  135 V     1  -1  -1  -2  -3   4   1  -2  -2  -1  -2   2   0  -3  -2   1   2  -4  -3  -1   14   1   1   1   0  24   6   1   0   3   2  12   3   0   0  12  14   0   0   5  0.29 0.18
  136 M    -3   1  -4  -5  -3  -4  -4  -5   1   7   0  -3   0  -2  -5  -4  -3  -4  -3   1    0  11   0   0   0   0   0   0   4  74   3   0   2   0   0   0   0   0   0   4  1.16 0.40
  137 V    -2  -4  -5  -5  -3  -4  -4  -5  -5   4   1  -4   0  -2  -4  -4  -2  -4  -3   5    0   0   0   0   0   0   0   0   0  28  12   0   1   0   0   0   1   0   0  55  0.95 0.33
  138 D    -4  -3   1   7  -5   0   1  -3  -2  -5  -5  -2  -5  -5  -4  -2  -2  -6  -5  -5    0   1   6  75   0   4   7   1   1   0   0   1   0   0   0   2   1   0   0   0  1.53 0.44
  139 K    -2   1   0  -2  -5   2  -1  -4  -2  -3  -4   7  -2  -5  -3  -2  -2  -5  -4  -4    1   5   5   1   0   7   0   0   0   1   0  75   1   0   0   0   1   0   0   0  1.25 0.42
  140 A    -2  -4  -3  -4  -4  -4  -4  -4  -4   2  -3  -3  -3   0  -4  -1   7  -5  -4  -2    2   0   0   0   0   0   0   0   0  11   0   0   0   5   0   1  81   0   0   0  1.44 0.51
  141 F    -4  -5  -6  -6  -4  -5  -6  -6  -4   3   0  -5   2   8  -6  -5  -4  -1   0  -2    0   0   0   0   0   0   0   0   0  19   5   0   6  69   0   0   0   0   0   0  1.61 0.46
  142 V     0   0  -1   0  -2   1   3  -2  -2   0   0   0   3  -3  -3   0  -1  -4  -3  -1    7   6   2   3   0   5  24   1   0   5  12   6  14   0   0   9   2   0   0   3  0.20 0.15
  143 Q    -3  -1   0   4  -5   3   5  -3  -1  -5  -4   0   1  -2  -3  -2  -2  -5  -2  -4    0   1   4  21   0  12  47   0   1   0   1   5   4   2   0   0   1   0   1   0  0.85 0.33
  144 A     5  -4  -1  -4   0  -3  -3  -2  -1  -3  -3  -3   5  -3  -3  -1  -2  -5  -4   0   66   0   3   0   2   0   0   2   2   0   0   0  19   0   0   1   0   0   0   5  0.97 0.40
  145 D    -5  -5  -2   8  -7  -3  -1  -3  -4  -6  -7  -4  -6  -7  -4  -2  -4  -7  -6  -6    0   0   0  97   0   0   1   1   0   0   0   0   0   0   0   1   0   0   0   0  2.36 0.61
  146 R     0   1  -2  -2  -3   0  -1  -3  -2  -1   1   2  -1  -2   0   1   2   0  -3   0    6   5   0   0   0   2   1   0   0   2  16  21   1   0   3  13  21   1   0   6  0.20 0.16
  147 K    -3  -2   6   5  -5  -2  -1  -3  -2  -5  -6   4  -4  -6  -4  -2  -2  -6  -5  -5    1   0  37  35   0   0   0   0   0   0   0  25   0   0   0   0   1   0   0   0  1.17 0.40
  148 N    -2   1   0  -1  -2   2   0   4   3  -4  -3   3  -2  -4  -3  -1  -2  -4  -3  -4    1   8   4   1   1  10   4  36   9   0   2  20   1   0   0   2   0   0   0   0  0.55 0.23
  149 D    -4  -4   1   8  -6  -3   0  -4  -4  -6  -7  -3  -6  -6  -4  -3  -3  -7  -6  -6    1   0   4  93   0   0   2   0   0   0   0   0   0   0   0   0   0   0   0   0  2.20 0.58
  150 G    -1  -5  -2  -1  -5  -4  -3   7  -3  -6  -6  -4  -5  -6  -5  -3  -4  -5  -6  -6    3   0   1   3   0   0   1  90   1   0   0   0   0   0   0   0   0   0   0   0  1.88 0.49
  151 K    -3   4  -2  -3  -5   0  -1  -4  -2  -3  -4   6  -2  -5  -4  -2  -2  -3  -3  -1    0  23   0   0   0   3   1   0   1   2   0  61   1   0   0   2   1   0   0   5  1.08 0.39
  152 I    -4  -5  -6  -6  -4  -5  -6  -6  -6   7   2  -5   0  -2  -5  -5  -3  -5  -4   1    0   0   0   0   0   0   0   0   0  74  20   0   1   0   0   0   0   0   0   5  1.40 0.43
  153 D    -3  -3   1   6  -3  -2  -1  -3  -3  -5  -5  -3  -4  -5  -4   3   2  -6  -5  -4    0   0   6  54   0   0   0   1   0   0   0   0   0   0   0  28  12   0   0   0  1.15 0.40
  154 I    -3   0  -2  -3  -4   0   0  -4  -2   1   1   2   1   4   3  -2  -2  -2   1  -2    0   5   1   0   0   5   5   0   0   8  13  20   4  22  13   0   0   0   3   0  0.34 0.19
  155 D    -2  -2  -2   3  -4   1   6  -4  -1  -5  -4  -1  -4  -1  -3   0  -2  -5  -3  -4    2   0   0  16   0   4  64   0   1   0   1   2   0   3   0   5   1   0   0   1  1.10 0.39
  156 E    -4  -3  -3   0  -7  -1   8  -5  -3  -6  -6  -2  -5  -6  -4  -3  -4  -6  -5  -6    0   0   0   2   0   0  98   0   0   0   0   0   0   0   0   0   0   0   0   0  2.15 0.62
  157 W    -6  -6  -7  -7  -6  -6  -6  -6  -5  -5  -4  -6  -4   6  -7  -6  -6  11   0  -5    0   0   0   0   0   0   0   0   0   0   0   0   0  39   0   0   0  60   1   0  3.10 0.68
  158 K    -1   3   0  -2   2   2   1  -3   0  -1  -2   4   0  -4  -3  -1  -1  -4  -3  -2    2  16   3   0   6  10   9   0   2   5   2  36   2   0   0   3   3   0   0   2  0.45 0.22
  159 D     1   0   3   1  -4   0   4  -3  -2  -3  -3   0  -3  -4  -3   1   0  -4  -3  -2   15   3  14   8   0   3  35   0   0   1   1   5   0   0   0   9   3   0   0   3  0.46 0.22
  160 F    -1  -4  -4  -4  -3  -3  -4   1  -3  -1   2  -4   3   6  -4  -1  -1  -2   1   0    5   0   0   0   0   0   0  12   0   1  20   0   8  39   0   4   2   0   4   6  0.58 0.25
  161 V     1  -4  -4  -5   2  -4  -4  -4  -5   1  -2  -4  -2  -3  -4   1  -2  -5  -4   6   11   0   0   0   4   0   0   0   0   3   1   0   0   0   0  10   0   0   0  71  1.02 0.39
  162 S     0   0   0   0  -1   1   1   0  -1  -2   0   2   0  -2  -2   2   0  -3  -2  -2    9   2   3   4   1   5   8   6   1   1  10  19   3   1   0  20   5   0   0   2  0.14 0.11
  163 L     0   4   0  -1  -2   3   0  -2   1  -3  -2   3  -2  -3  -2   0  -1  -2  -2  -3    8  27   2   1   1  14   3   2   3   1   2  26   1   0   1   5   3   0   0   1  0.46 0.19
  164 N    -3  -2   6   3  -1  -1  -2  -3   6  -5  -5  -1  -4  -4  -4  -1  -1  -5   0  -5    0   1  47  17   1   1   0   0  21   0   0   2   0   0   0   3   4   0   3   0  1.12 0.38
  165 P    -3  -4  -4  -1  -5  -2   0  -5  -4  -5  -4  -3  -1  -6   8  -2   2  -6  -5  -4    0   0   0   3   0   1   6   0   0   0   1   0   2   0  72   1  15   0   0   0  1.91 0.50
  166 S     0  -1   2   2  -1  -2  -1  -2  -3  -3  -3  -1  -3  -4  -3   4   2  -3  -2  -3    6   2   8  14   1   0   3   1   0   1   2   1   0   0   0  47  11   0   1   0  0.54 0.27
  167 L    -3  -4  -4  -5  -3  -4  -5  -5  -5   4   4  -4   1  -2  -4  -3  -1  -4  -3   2    0   0   0   0   0   0   0   0   0  28  49   0   2   0   0   2   3   0   0  16  0.80 0.29
  168 I     0  -4  -4  -4  -3  -3  -3  -4   1   2   4  -4   3  -2  -4  -2  -2  -4  -2   2    7   0   0   1   0   0   1   0   4  13  49   0   7   0   0   3   1   0   0  13  0.55 0.24
  169 K    -2   3   1  -3  -5   2  -1  -2   0  -4  -4   6   0  -5  -3   0  -2  -5  -4  -4    2  13   6   0   0  10   0   2   2   1   0  56   3   0   0   6   1   0   0   0  0.87 0.35
  170 N     1  -2   6  -2  -1   0  -2  -2  -1   1  -4   1  -2  -2  -4   1  -1  -5  -2  -2   11   0  46   0   1   4   0   1   1  11   0   7   0   1   0  12   1   0   1   1  0.64 0.30
  171 M    -4  -5  -6  -6  -5  -4  -5  -6  -5  -2   2  -5  10  -2  -6  -5  -4  -5  -4  -1    0   0   0   0   0   0   0   0   0   0  19   0  79   1   0   0   0   0   0   2  2.27 0.64
  172 T    -2  -4  -1  -3  -4   0  -3  -4  -4  -4  -4  -3  -3  -5  -4   3   7  -5  -4  -2    0   0   2   0   0   4   0   0   0   0   0   0   0   0   0  18  75   0   0   1  1.42 0.50
  173 L    -4  -5  -6  -6  -4  -5  -5  -6  -5   2   6  -5   1  -1  -5  -5  -3  -4  -3   0    0   0   0   0   0   0   0   0   0  12  83   0   2   0   0   0   0   0   0   3  1.30 0.40
  174 P    -2  -3  -3  -2  -5   2   2  -2  -3  -5  -4  -2  -4  -6   7  -1  -2  -5  -5  -4    1   0   0   0   0   9  15   2   0   0   1   0   0   0  67   3   1   0   0   0  1.66 0.39
  175 Y    -3  -4  -1   0  -5  -3  -1  -5   2  -4  -3  -4  -2   1  -5  -2  -3  -1   8  -2    1   0   3   6   0   0   4   0   4   0   0   0   1   3   0   3   0   0  73   2  1.54 0.42
  176 L    -4  -4  -6  -6  -3  -4  -5  -6  -5   0   6  -5   0  -2  -5  -5  -3  -4  -3  -1    0   0   0   0   0   0   0   0   0   1  99   0   0   0   0   0   0   0   0   0  1.43 0.38
  177 K    -1   4  -2  -2  -4   1   0  -2  -2  -3  -4   5  -1  -4  -3  -2   0  -4  -3  -3    3  24   0   0   0   6   3   1   0   1   0  56   2   0   0   0   6   0   0   0  0.83 0.25
  178 D    -3  -2  -1   7  -5  -1   2  -3  -3  -5  -5  -2  -5  -5  -3  -1  -3  -6  -5  -5    0   2   0  83   0   1  12   0   0   0   0   0   0   0   0   2   0   0   0   0  1.59 0.34
  179 I    -3  -4  -5  -5  -3  -4  -5  -5  -5   6   2  -4   1  -2  -4  -4  -1  -4  -3   2    0   0   0   0   0   0   0   0   0  72  12   0   2   0   0   0   2   0   0  11  0.99 0.26
  180 N    -2  -3   0  -3  -3  -3  -3  -3  -4  -2  -3  -2  -3  -4  -1   0   7  -5  -4  -2    0   0   3   0   0   0   0   1   0   2   0   1   0   0   3   1  89   0   0   0  1.31 0.36
  181 R    -1   0  -2  -3  -3  -1  -2  -3  -3  -2  -2   1   4  -3  -3   0   6  -4  -3  -1    2   5   0   0   0   1   0   1   0   0   0   8  17   0   0   0  65   0   0   1  0.76 0.25
  182 T     0  -2  -1  -2  -2  -1  -2  -2  -2  -2  -2  -1  -2  -3  -2   3   6  -3  -3  -1    0   0   0   0   0   0   0   0   0   0   0   0   0   0   0  22  78   0   0   0  0.77 0.15

                      K         Lambda
Standard Ungapped    0.1401     0.3221
Standard Gapped      0.0498     0.2670
PSI Ungapped         0.1631     0.3129
PSI Gapped           0.0498     0.2670
