
Last position-specific scoring matrix computed, weighted observed percentages rounded down, information per position, and relative weight of gapless real matches to pseudocounts
            A   R   N   D   C   Q   E   G   H   I   L   K   M   F   P   S   T   W   Y   V   A   R   N   D   C   Q   E   G   H   I   L   K   M   F   P   S   T   W   Y   V
    1 I    -5  -7  -7  -7  -5  -7  -7  -8  -7   8  -2  -7  -2  -4  -7  -6  -4  -6  -5   0    0   0   0   0   0   0   0   0   0  96   0   0   0   0   0   0   0   0   0   4  2.46 0.73
    2 V    -4  -6  -7  -7  -4  -6  -6  -7  -7   3  -3  -6  -3  -4  -6  -5  -4  -7  -5   7    0   0   0   0   0   0   0   0   0  11   0   0   0   0   0   0   0   0   0  89  2.04 0.66
    3 G    -4  -6  -4  -5  -6  -6  -6   8  -6  -8  -8  -5  -7  -7  -6  -3  -5  -6  -7  -7    0   0   0   0   0   0   0  99   0   0   0   0   0   0   0   1   0   0   0   0  2.60 0.74
    4 G    -4  -6  -4  -5  -6  -6  -6   8  -6  -8  -8  -5  -7  -7  -6  -3  -5  -6  -7  -7    0   0   0   0   0   0   0  99   0   0   0   0   0   0   0   1   0   0   0   0  2.59 0.73
    5 T    -2  -3  -1  -2  -4   3   0  -4   0  -3  -4  -2  -2   0  -4   0   3  -2   6  -1    3   0   3   2   0  14   7   0   1   0   0   2   1   3   0   7  17   0  34   5  0.72 0.37
    6 D     0  -3   2   3  -5   0   4  -4  -3  -3  -5  -2  -4  -5  -1  -1   3  -5  -4  -2    8   0  11  16   0   3  32   0   0   1   0   0   0   0   3   1  22   0   0   3  0.66 0.34
    7 A     3  -5  -4  -5   9  -5  -5  -4  -5  -3  -4  -5  -4  -5  -5   2   1  -6  -5   0   30   0   0   0  41   0   0   0   0   1   0   0   0   0   0  14   8   0   0   6  1.44 0.51
    8 T     1   0  -1  -1  -2   2   1  -2  -2  -3  -2   0  -2  -3   2   2   2  -4  -2   0    9   4   2   2   1  13  11   2   0   0   3   4   0   1  11  16  13   0   1   6  0.24 0.17
    9 L     1   0  -3  -2  -4  -1   1  -4   0  -1  -1   2  -3  -3   5  -1  -3   2  -2   1   10   5   0   1   0   2  10   0   3   2   5  13   0   0  29   2   0   3   1  12  0.49 0.25
   10 G    -3  -3   5  -3  -5  -2  -4   5   5  -5  -6  -3  -5  -5  -5  -2  -4  -5   0  -5    1   1  31   0   0   1   0  43  16   0   0   1   0   0   0   2   0   0   3   0  1.26 0.47
   11 E     0  -1  -2  -1  -4   1   4  -3  -3  -5  -5  -2  -4  -3  -4   5  -2  -5  -3  -5    6   2   1   2   0   6  27   1   0   0   0   1   0   1   0  52   1   0   1   0  0.97 0.46
   12 F    -3  -3  -5  -6  -5   2  -4  -6  -2   0   0  -4  -3   1  -6  -5  -3  10   2   3    2   1   0   0   0   9   0   0   1   5   9   1   0   6   0   0   1  37   7  21  1.40 0.48
   13 P    -3  -5  -6  -6  -4  -3  -5  -6  -6  -7  -6  -5  -6  -8   9  -4  -4  -8  -7  -6    2   1   0   0   0   1   0   0   0   0   1   0   0   0  94   1   0   0   0   0  3.04 0.85
   14 Y    -6  -6  -7  -8  -6  -6  -6  -7   2  -6  -5  -6  -5   0  -7  -6  -6  11   7  -6    0   0   0   0   0   0   0   0   5   0   0   0   0   3   0   0   0  54  37   0  3.18 0.85
   15 Q    -5  -3  -4  -5  -7   9  -2  -6  -4  -4  -5  -3   4  -7  -5  -4  -3  -6  -5  -4    0   0   0   0   0  87   0   0   0   1   0   0   9   0   0   0   1   0   0   1  2.48 0.83
   16 L     2  -5  -6  -6  -4  -5  -5  -5  -6   2   0  -5  -2  -4  -5  -4  -3  -6  -4   6   17   0   0   0   0   0   0   0   0   8   6   0   0   0   0   0   0   0   0  68  1.31 0.50
   17 S    -2  -2  -3  -4  -4  -2  -3  -4  -3  -5  -3  -3   2  -3  -4   7   0  -5  -1  -4    1   2   0   0   0   1   1   0   0   0   3   0   5   1   0  78   3   0   2   0  1.41 0.59
   18 F    -4  -5  -6  -6  -4  -5  -6  -6  -5   0   6  -5   1   2  -6  -5  -4  -4  -3  -1    0   0   0   0   0   0   0   0   0   2  85   0   2   7   0   0   0   0   0   2  1.53 0.52
   19 Q    -3   0   5  -2  -4   5  -1  -3   4  -3  -2  -1   0  -4  -3  -2  -1  -4  -3  -3    1   5  31   1   0  33   1   1  11   1   4   1   2   0   1   1   3   0   0   1  0.95 0.38
   20 E     1   1  -1   1  -2  -1  -1  -2  -1   0  -1  -1  -1  -1  -2   2   1  -2   1   1    9  10   2   8   0   2   2   2   1   5   6   2   1   2   1  20   9   0   7  13  0.11 0.11
   21 T     0   1   1   0  -1   0   0   0  -1  -1  -1   1  -1  -1   0   1   1   0  -1  -1    6   8   8   4   1   3   5   6   1   5   5  12   2   2   5   9  11   1   2   5  0.07 0.03
   22 F     0   0   0   0  -1   0   0   0  -1   0   0   0   0   0   0   1   0  -1   0   0    6   4   4   3   1   3   4   9   1   4  12   4   2   4   3  14   7   1   4   7  0.02 0.01
   23 I     0   0   0  -1  -1   0   0   0   0   0   0   0   0   1   1   0   0   1   1   0    7   5   3   3   1   4   4   6   2   5  14   4   3   6   6   6   7   2   6   6  0.02 0.01
   24 G     0   0   0   0  -1   0   0   1  -1  -1  -1   0  -1   0   0   1   0   1   1  -1    8   4   4   4   1   2   4  13   1   4   7   5   1   5   5  12   6   2   6   4  0.05 0.02
   25 F     0   0   0   0  -1   0   0   1  -1   0   0   0  -1   1   0   0   0   0   1   0    5   6   4   4   1   6   4  12   1   6   6   3   1  10   3   7   8   1   5   6  0.03 0.02
   26 S    -1  -2   0  -2  -4   1  -2   6  -3  -5  -5  -3  -4  -3  -2   1  -3  -4  -4  -4    3   2   5   2   0   7   3  61   0   0   1   0   0   1   2  10   1   0   0   1  1.02 0.37
   27 F    -1   2  -2  -3  -4  -2  -3   0  -2  -3  -3  -1  -2   2  -3   2  -1   2   6  -3    3  10   1   1   0   1   1   7   0   1   1   3   1   8   1  19   2   2  35   1  0.65 0.30
   28 H    -3  -2  -2  -5  -6  -1  -4  -5  10  -6  -4  -4  -5   2  -1  -4  -5  -5  -2  -6    2   2   1   0   0   2   0   1  78   0   1   0   0   8   3   0   0   0   0   0  2.63 0.74
   29 F    -4  -2  -4  -5  -4  -2  -5  -5  -2   1   1  -4   0   7  -5  -2  -2   2   3  -1    1   2   0   0   0   2   0   0   1   6  14   1   2  50   0   2   3   2   9   4  1.03 0.38
   30 C    -5  -7  -7  -8  12  -7  -8  -7  -7  -5  -6  -7  -6  -7  -7  -5  -5  -6  -7  -5    0   0   0   0  98   0   0   0   0   0   0   0   0   0   0   0   0   0   0   0  4.17 0.99
   31 G    -2  -6  -4  -5  -6  -5  -6   7  -6  -7  -7  -5  -6  -7  -6  -4  -5  -6  -6  -7    2   0   0   0   0   0   0  97   0   0   0   0   0   0   0   0   0   0   0   0  2.46 0.70
   32 A     1  -6  -4  -5  -6  -5  -5   7  -5  -7  -7  -5  -6  -6  -5  -3  -5  -6  -6  -6   10   0   0   0   0   0   0  88   0   0   0   0   0   0   0   1   0   0   0   0  2.13 0.63
   33 S    -1  -4  -3  -4  -4  -3  -4  -4  -5  -4  -6  -4  -5  -6  -4   7   2  -6  -5  -2    3   0   0   0   0   1   0   0   0   1   0   0   0   0   0  84   9   0   0   2  1.73 0.67
   34 I    -4  -6  -7  -7  -4  -5  -6  -7  -6   4   5  -6  -1  -3  -6  -6  -4  -5  -4   0    0   0   0   0   0   0   0   0   0  27  68   0   0   0   0   0   0   0   0   5  1.45 0.50
   35 Y    -5  -6  -6  -7  -5  -6  -6  -7  -6   7   0  -6   1  -3  -6  -6  -4  -5   2   1    0   0   0   0   0   0   0   0   0  77   7   0   4   0   0   0   0   0   6   7  1.72 0.57
   36 N    -1  -3   6   0  -3  -3  -3   1   0  -3  -5  -2  -5  -5  -4   3   1  -6  -5  -5    5   1  46   5   0   0   0   9   2   2   0   1   0   0   0  22   6   0   0   0  0.98 0.42
   37 E    -1  -1   3   4  -5  -1   2  -3   1  -5  -5   1  -4  -5   1   2  -2  -5  -4  -4    4   3  16  22   0   1  14   1   3   0   0   8   0   0   6  20   0   0   0   0  0.59 0.29
   38 N    -4   2   3   0  -6   7   1  -2   1  -6  -4   0  -4  -4  -4  -2  -2  -1  -3  -5    0   9  14   4   0  50   7   2   3   0   2   3   0   1   0   2   2   1   1   0  1.07 0.47
   39 Y    -7  -7  -8  -9  -7  -6  -7  -7  -2  -7  -6  -7  -6  -1  -8  -7  -2  13   3  -7    0   0   0   0   0   0   0   0   1   0   0   0   0   1   0   0   4  86   8   0  4.23 1.04
   40 A     0  -5  -6  -6  -4  -5  -4  -4  -6   4  -1  -5  -2  -4  -5  -4  -3  -6  -4   6    8   0   0   0   0   0   1   1   0  21   2   0   0   0   0   0   0   0   0  67  1.38 0.50
   41 I    -3  -5  -6  -6  -4  -5  -5  -6  -5   2   4  -5   0  -3  -5  -5  -3  -5  -4   4    1   0   0   0   0   0   0   0   0  11  49   0   1   0   0   0   0   0   0  36  1.10 0.41
   42 T    -3  -4  -3  -2   2  -4  -4  -4  -5  -5  -5  -4  -4  -5  -4   5   6  -6  -5  -4    0   0   0   2   3   0   0   0   0   0   0   0   0   0   0  44  49   0   0   0  1.45 0.58
   43 A     7  -5  -5  -5  -4  -4  -4  -3  -5  -5  -5  -4  -4  -6  -4  -2  -4  -6  -5  -2   96   0   0   0   0   0   0   0   0   0   0   0   0   0   0   1   0   0   0   1  2.03 0.70
   44 G     7  -5  -4  -5  -1  -4  -4   0  -5  -5  -5  -4  -4  -6  -4  -1  -3  -6  -5  -4   88   0   1   0   1   0   0   6   0   0   0   0   0   0   0   3   1   0   0   0  1.70 0.62
   45 H    -6  -3  -4  -5  -7  -3  -4  -6  11  -7  -7  -5  -6  -5  -6  -5  -6  -6  -3  -7    0   1   0   0   0   1   0   0  97   0   0   0   0   0   0   0   0   0   0   0  3.75 0.96
   46 C    -5  -7  -7  -8  12  -7  -8  -7  -7  -5  -6  -7  -6  -7  -7  -5  -5  -6  -7  -5    0   0   0   0  98   0   0   0   0   0   0   0   0   0   0   0   0   0   0   0  4.17 0.99
   47 V    -3  -4  -4  -5   2  -4  -4  -5  -2   0  -1  -4  -2   5  -5  -3  -1  -1   6   3    1   0   0   0   4   0   0   0   1   4   4   0   0  24   0   1   4   1  32  22  0.98 0.37
   48 Y     0   0   1   3  -2   2   0  -1   1  -1  -1   0   0  -1   0   0   0  -2   0  -1    6   4   5  18   1  11   4   3   4   3   5   7   3   3   4   7   3   1   4   5  0.11 0.06
   49 G     0   0   0  -1  -2  -1  -1   4  -1  -1  -1  -1  -1  -2   1   1  -1  -1  -1  -1    4   7   4   4   1   2   3  34   1   3   5   3   1   2   6   9   3   1   2   4  0.25 0.07
   50 D     0  -1   0   1  -1   0   0   0  -1   0   0   0   0   1   0   0   0  -1   0   0    5   3   4   8   1   3   8   6   1   5  13   4   2  11   4   6   7   1   4   5  0.01 0.01
   51 D     0   1   0   2  -1   0   0   0  -1  -1  -1   0  -1  -1   1   1   0  -1   0  -1    5   8   5  13   1   3   7   6   1   4   6   3   1   2   8  12   5   1   4   5  0.07 0.02
   52 Y     0   0   0  -1  -1   0   0   0   0   0   0   0   1   0   0   0   0   3   0   0    7   5   5   3   1   3   4   6   3   4  12   4   5   5   3   7   6   4   4   9  0.02 0.01
   53 E     0   0   0   0  -1   1   1   0  -1  -1  -1   0  -1  -1   1   1   1  -1   0  -1    7   6   5   4   1   5   8   6   1   4   7   6   1   3   7  10  11   1   4   4  0.07 0.02
   54 N     0   0   3   1  -2   0  -1  -1  -1  -1  -1   0  -1  -1   0   2   1  -2   0  -1    5   4  16   6   1   4   3   3   1   3   6   6   1   2   3  20   8   1   3   4  0.14 0.07
   55 P     1   0  -1  -2  -3  -1  -2  -3  -3  -2  -2   3  -2  -3   5  -1   0  -4  -3  -1   10   4   2   1   0   1   1   1   0   2   3  25   1   1  34   2   5   0   1   4  0.71 0.26
   56 S     0  -1   2   1  -3  -2  -1  -1  -2  -4  -4   0  -3  -3  -1   5   0  -4   0  -3    6   2   9   9   0   1   3   4   0   1   1   5   0   1   2  47   5   0   3   1  0.55 0.28
   57 G    -1   4   0  -1  -3   2  -1   0   0   1  -2   0  -2  -2  -3   1  -1  -3   0  -1    2  29   3   3   0  10   3   9   2   9   3   5   0   1   0  10   2   0   4   3  0.27 0.18
   58 L    -4  -5  -5  -6  -4  -3  -5  -5  -2   4   3  -5   2   1  -5  -4  -3   7   1   2    0   0   0   0   0   1   0   0   1  29  27   0   4   4   0   0   1  16   3  12  0.93 0.36
   59 Q    -2   3  -1  -3  -4   5   1  -3   0  -1  -3   0  -2  -5  -4   0   2  -5  -4   0    1  18   2   0   0  33   7   1   2   3   2   4   1   0   0   7  13   0   0   6  0.59 0.33
   60 I     0  -6  -6  -6  -4  -5  -6  -6  -6   3  -2  -5  -2  -4  -5  -4  -3  -6  -4   7    6   0   0   0   0   0   0   0   0  17   2   0   0   0   0   0   0   0   0  74  1.55 0.56
   61 V    -3   6  -1  -4  -4  -2  -3  -4   2   0  -3  -1  -2  -1  -5  -2  -2  -3   5   2    1  42   2   0   0   1   0   1   4   6   1   1   1   1   0   3   1   0  21  14  0.89 0.41
   62 A     1  -4  -5  -5  -3  -4  -5   0  -5   0   5  -4   0  -2  -5  -1  -2  -4  -4   1   15   0   0   0   0   0   0   6   0   3  60   0   1   1   0   5   1   0   0   7  0.77 0.36
   63 G    -3  -5  -3  -4  -6  -5  -5   7  -5  -6  -2  -5  -4  -6  -6  -3  -5  -6  -6  -6    1   0   0   1   0   0   0  90   0   0   6   0   0   0   0   1   0   0   0   0  2.12 0.65
   64 E    -1   1  -2   1  -5  -1   5  -4  -2   2  -2  -1  -2  -3  -4   0  -3  -3  -3  -2    4   8   1   6   0   1  48   0   1  13   4   3   1   1   0   5   0   0   0   2  0.67 0.34
   65 L    -4  -1  -2  -4  -5   2  -3  -5   9  -4   1  -3  -3  -2  -5  -4  -2  -2   3  -2    0   2   1   1   0   8   1   0  54   0  14   1   0   2   0   0   2   0   8   3  1.51 0.53
   66 D    -3   0   6   3  -5  -1  -2  -3   2  -5  -5  -1  -4  -4  -4   2   0  -6  -3  -4    0   4  48  15   0   2   2   1   4   0   0   3   0   1   0  13   6   0   1   1  1.01 0.42
   67 M    -3   2  -4  -4  -4   3  -3  -5  -3   4   3  -2   0  -1  -4  -3  -1   0  -3   0    1  12   0   0   0  14   1   0   0  33  27   1   1   1   0   1   2   1   0   2  0.60 0.31
   68 S     0   0   1   1  -4   2   1  -1  -1  -4  -3   0  -2  -1  -3   3   0   2   0  -3    6   4   7   9   0  12   9   3   1   0   2   5   1   2   0  28   5   3   3   1  0.30 0.21
   69 V    -1  -1  -1  -1  -3   0   2   1  -2   0  -1  -1  -1  -2  -3   0   0  -4  -2   3    4   3   3   3   0   3  16  11   0   3   3   3   1   1   0   9   7   0   1  30  0.20 0.18
   70 N    -1  -2   2   0  -3  -1  -1  -2   1   2   0  -2  -1   0  -1   1   1  -3   0   0    3   1  11   4   0   1   2   1   4  17  11   1   1   4   3  16  12   0   3   4  0.13 0.14
   71 E    -3  -2   4   1  -6  -1   5  -3   0  -5  -5   0  -4  -6  -4   0   1  -6  -5  -4    1   0  20   7   0   1  49   1   2   0   0   5   0   0   0   6   8   0   0   1  0.98 0.43
   72 G    -1  -3  -1  -1  -4  -2   0   5  -1  -4  -5   0  -3  -4   2   1  -1  -5  -4  -2    3   1   2   3   0   1   5  46   1   0   0   5   0   0  12  12   4   0   0   3  0.71 0.32
   73 S    -2  -3   5   2  -2  -1   1   0   1  -4  -3  -1  -3  -4  -4   0   3  -5  -2  -4    1   0  27  10   1   2   7   8   3   0   2   4   0   0   0   7  25   0   1   0  0.56 0.31
   74 E    -1  -2  -3  -2  -5   1   6   0  -2  -3  -5  -1  -3  -6  -4  -2   3  -6  -5  -3    3   1   0   0   0   6  58   7   0   2   0   2   0   0   0   1  17   0   0   2  1.06 0.48
   75 Q    -2  -2  -3  -4  -5   7   0  -5   0  -1  -4  -2  -2  -4   2  -1   0  -5  -3   1    2   1   0   0   0  55   4   0   2   4   0   0   1   1   9   3   6   0   1  12  1.08 0.50
   76 I    -2  -2  -1   0  -4  -3  -2  -4   0   0  -1  -2  -1   6  -4   1   1   0   1   0    2   3   2   6   0   1   2   0   2   6   4   2   1  39   0  13   8   1   3   6  0.51 0.28
   77 I    -3   3  -4  -5  -3  -2  -4  -5  -1   5  -1  -2   1   2  -5   0  -2  -4   1   1    1  19   0   0   0   1   0   0   1  37   2   1   4  10   0   9   1   0   4  10  0.60 0.32
   78 T     0   2   3   1  -4   1  -1   0  -2  -2  -4   2  -2  -3  -2   1   1  -4  -3  -3    5  12  17   9   0   8   1   7   0   2   0  11   1   1   1  13   9   0   0   1  0.31 0.20
   79 V     2  -5  -4  -5  -3  -4  -4  -4  -5   2   0  -4  -2  -4  -4   2  -2  -5  -4   5   19   0   0   0   0   0   0   0   0  12   6   0   0   0   0  17   1   0   0  45  0.78 0.38
   80 S     3  -1  -2   0  -3   1   2  -2  -2  -3  -3   1  -3  -5  -3   3   1  -5  -4  -2   29   1   0   4   0   8  13   2   0   0   1   8   0   0   0  23   7   0   0   2  0.44 0.28
   81 K    -1   3  -2  -1  -5   2   3  -4  -2  -5  -4   5  -3  -6  -4  -1  -1  -5  -4  -3    4  15   1   2   0   9  17   1   0   0   1  43   0   0   0   2   3   0   0   1  0.86 0.39
   82 I    -2  -5  -6  -6  -4  -5  -5  -6  -6   6   0  -4   0  -2  -5  -3  -2  -5  -2   4    3   0   0   0   0   0   0   0   0  55   4   1   2   1   0   1   2   0   1  30  1.25 0.46
   83 I    -5  -6  -6  -6  -5  -5  -6  -7  -4   8  -1  -4  -2   0  -6  -5  -1  -5  -1   1    0   0   0   0   0   0   0   0   0  79   3   1   0   4   0   1   3   0   2   6  1.71 0.58
   84 L    -2   4  -2  -4   0   0  -1  -4  -3   2  -1   0   1  -3   0  -2  -1   2  -1   2    1  27   2   0   2   5   3   0   0  14   3   6   5   0   4   1   4   3   2  17  0.35 0.23
   85 H    -6  -5  -1  -6  -8  -4  -5  -7  11  -8  -7  -5  -6  -2  -7  -5  -6  -7  -3  -8    0   0   2   0   0   0   0   0  96   0   0   0   0   1   0   0   0   0   0   0  3.74 1.00
   86 E    -3  -4  -2  -1  -6   1   2  -4  -2  -6  -6  -2  -6  -7   7   0  -3  -7  -4  -5    1   0   1   3   0   5  14   1   1   0   0   2   0   0  63   7   1   0   0   0  1.73 0.59
   87 N    -2   1   4   2  -5   2   0   0   0  -5  -5   2  -4  -5  -4   2  -2  -5  -3  -5    1   5  25  12   0  11   3   8   1   0   0  16   0   0   0  16   1   0   1   0  0.58 0.30
   88 F    -6  -6  -6  -7  -7  -6  -6  -7  -3  -5  -5  -6  -5   3  -7  -5  -6  -2  10  -5    0   0   0   0   0   0   0   0   0   0   0   0   0   8   0   1   0   0  91   0  3.14 0.91
   89 D    -3  -2   6   3  -3  -2  -1  -3  -2  -5  -6   1  -5  -6  -4   2  -2  -6  -5  -3    1   2  45  18   0   1   3   1   0   0   0   9   0   0   0  16   1   0   0   2  1.04 0.44
   90 Y     0  -1  -1   0  -3  -2  -1  -1  -1   0  -3   0   0  -2   0   4   1  -3   1  -2    5   3   2   5   0   1   2   4   1   7   0   5   3   1   5  42   7   0   6   2  0.37 0.27
   91 N     0   2   1  -1  -3   1  -1  -1   0  -2  -2   0  -2   0  -3   1  -1   5   2  -2    9  14   8   3   0   5   3   3   2   2   4   4   1   5   0  15   3   9   7   3  0.21 0.15
   92 L    -3  -2   2  -2  -4  -2   1  -3  -3  -3  -2  -2  -2  -5  -4   0   6  -6  -5  -3    0   1  11   2   0   1  11   2   0   0   4   1   1   0   0   5  58   0   0   1  1.00 0.47
   93 L    -2  -3   0  -3  -3   0  -3  -2   1   3   2  -3   1   2  -3   0   0  -3   2   0    2   0   6   0   0   5   1   2   4  19  26   1   4   7   0   8   5   0   8   2  0.26 0.19
   94 D    -3  -4   4   6  -6  -3   0   1  -2  -5  -6  -3  -5  -6  -4   0  -2  -6  -3  -4    1   0  20  52   0   0   3  11   0   0   0   0   0   0   0   7   2   0   1   1  1.24 0.47
   95 N    -5  -3   8  -3  -6  -4  -4  -4   4  -6  -6  -4  -3  -2  -6  -1  -4  -5   4  -6    0   1  68   0   0   0   0   0  11   0   0   0   1   1   0   4   0   0  14   0  1.89 0.66
   96 D    -6  -6  -2   9  -8  -4  -2  -5  -5  -7  -8  -5  -7  -8  -6  -4  -5  -9  -7  -7    0   0   1  99   0   0   0   0   0   0   0   0   0   0   0   0   0   0   0   0  2.89 0.85
   97 I    -5  -7  -7  -7  -5  -6  -7  -7  -7   8  -1  -6  -1  -2  -6  -6  -4  -6  -3   1    0   0   0   0   0   0   0   0   0  88   2   0   1   1   0   0   0   0   1   7  2.14 0.67
   98 S     4  -5  -5  -5   4  -4  -5  -3  -5  -3  -1  -4   8  -4  -5   0  -1  -5  -5  -3   43   0   0   0   7   0   0   1   0   0   3   0  37   0   0   6   2   0   0   0  1.32 0.55
   99 L    -5  -6  -7  -7  -5  -6  -6  -7  -6   0   6  -6   0  -3  -6  -6  -5  -5  -4   0    0   0   0   0   0   0   0   0   0   4  92   0   1   0   0   0   0   0   0   4  1.81 0.61
  100 L    -4  -6  -6  -6  -4  -5  -6  -7  -6   6   4  -5   3  -3  -6  -5  -4  -2  -4   1    0   0   0   0   0   0   0   0   0  50  37   0   7   0   0   0   0   1   0   6  1.33 0.48
  101 K    -4   2  -3  -4  -7   2   0  -5   0  -6  -6   7  -4  -5  -5  -4  -4  -6  -3  -6    0  10   0   0   0   9   6   0   2   0   0  72   0   1   0   0   0   0   1   0  1.63 0.60
  102 L    -5  -6  -7  -7  -5  -6  -6  -7  -6  -1   6  -6   0   0  -6  -6  -3  -5  -4  -1    0   0   0   0   0   0   0   0   0   1  90   0   1   3   0   0   2   0   0   2  1.72 0.59
  103 S     2  -2   0   1  -4   0   1  -3  -3  -5  -4   1  -4  -4  -2   5   0  -5  -3  -3   15   1   4   7   0   4   8   0   0   0   1  11   0   1   1  44   3   0   0   1  0.62 0.35
  104 G     0   0  -2  -2  -4   1   1  -2   1  -4  -5   1  -4  -5  -3   4   3  -5  -2  -3    5   4   1   1   0   5   9   3   4   0   0   7   0   0   0  41  19   0   1   1  0.61 0.35
  105 S     1  -2  -4  -4  -6  -3  -2  -4  -5  -5  -6  -3  -5  -7   8   1   0  -7  -6  -4   10   2   1   1   0   1   2   0   0   0   0   1   0   0  68   9   5   0   0   0  1.83 0.61
  106 L     4  -4  -5  -5  -3  -4  -4  -4  -5   2   2  -4   3  -1  -4  -3  -3  -5  -4   4   36   0   0   0   0   0   0   0   0   9  18   0   7   2   0   0   0   0   0  29  0.74 0.36
  107 T    -2   0   3  -1  -4   1   0  -4  -2  -1  -3  -1  -3  -3  -2   0   5  -5  -3   0    2   4  17   3   0   5   5   0   1   3   1   3   0   1   2   6  40   0   0   7  0.56 0.33
  108 F    -4  -5  -5  -5  -3  -4  -5  -5  -4   2   3  -5   0   6  -4  -5  -3  -2   4  -1    0   0   0   0   1   0   0   1   0  13  31   0   2  35   1   0   1   0  13   2  1.03 0.40
  109 N    -3  -3   6   0  -5  -2  -2   0  -3  -5  -6  -3  -5  -6  -4   1   4  -6  -5  -5    0   1  47   5   0   1   2   6   0   0   0   0   0   0   0  11  26   0   0   0  1.19 0.50
  110 D     1  -1   2   4  -4   1   1  -1  -1  -3  -4   0  -3  -5  -1   3   0  -5  -4  -3    9   2  10  23   0   6  10   2   1   2   0   4   0   0   2  23   4   0   0   1  0.46 0.26
  111 N    -2   2   0  -2  -5   0  -2  -3   0  -3  -2   0  -3   2  -4   0  -1   1   6  -2    2  13   6   2   0   4   2   1   1   0   4   6   0   9   0   7   3   2  37   2  0.68 0.34
  112 V    -1  -5  -5  -5  -4   3  -4  -6  -5   4  -1  -4   2  -4  -5  -4  -3  -5  -4   6    3   0   0   0   0  13   0   0   0  21   3   0   4   0   0   1   0   0   0  54  1.09 0.46
  113 A     1   3   0  -2  -4   3  -1  -1   1  -4  -3   2  -2  -4  -3   3  -2  -3  -3  -4   10  18   3   0   0  18   1   5   3   0   2  12   0   0   1  23   1   0   1   0  0.47 0.28
  114 P    -1  -5  -5  -5  -5  -4  -4  -5  -5  -4  -5  -2  -4  -5   8  -1   3  -7  -4  -3    4   0   0   0   0   0   0   0   0   1   1   2   0   0  65   4  20   0   1   1  1.87 0.62
  115 I    -1  -6  -6  -6  -4  -5  -6  -6  -6   6  -1  -5  -2  -4  -5  -5  -3  -6  -4   6    4   0   0   0   0   0   0   0   0  41   2   0   0   0   0   0   0   0   0  52  1.47 0.52
  116 A     2  -3  -2  -3   9  -4  -4  -2  -5  -5  -5  -3  -4  -6   1   2  -3  -6  -5  -3   18   1   2   1  45   0   1   3   0   0   0   1   0   0   8  18   0   0   0   1  1.46 0.53
  117 L    -5  -6  -7  -7  -5  -5  -6  -7  -6  -1   6  -6   1  -2  -4  -6  -4  -5  -4  -1    0   0   0   0   0   0   0   0   0   2  93   0   2   0   1   0   0   0   0   2  1.81 0.61
  118 P     2  -5  -5  -4  -6  -3  -4  -4  -6  -6  -6  -4  -6  -7   8  -2  -4  -7  -6  -5   18   0   0   0   0   1   0   1   0   0   0   0   0   0  76   2   0   0   0   0  2.30 0.71
  119 E     2   0  -1  -1  -3  -1   1  -2  -2  -4  -4   0  -3  -3  -2   3   3  -5  -3  -3   19   4   1   2   0   1  11   1   0   0   0   6   0   1   1  29  22   0   0   1  0.52 0.31
  120 Q     1   0  -2  -1  -3   2  -1  -1  -1  -4  -3   2  -3  -3   0   4   0  -4  -1  -3   14   4   0   2   0  10   3   4   1   0   2  14   0   1   5  33   4   0   2   1  0.40 0.26
  121 G    -2  -3   1   3   8  -4   0   3  -3  -5  -5  -2  -2  -5  -2  -1  -3  -5  -5  -3    2   1   6  16  35   0   7  21   0   0   0   2   1   0   2   3   1   0   0   1  1.02 0.41
  122 H     2  -2   0   1  -3  -1   0  -3   1  -2  -4   0  -3  -4   4   2  -1  -5  -2   0   23   1   3  10   0   2   6   0   4   1   0   5   0   0  18  17   1   0   1   8  0.40 0.24
  123 T     2  -2  -1  -1  -3  -2   0  -2  -2  -1  -2  -2  -3  -4   3   2   3  -2  -2   0   19   1   2   3   0   0   6   1   1   3   2   2   0   0  15  15  20   0   1   8  0.35 0.23
  124 A     4  -4   0   0  -3  -3  -2  -2  -3  -1  -2  -2  -2   4   0  -1   0  -3   0   1   37   0   5   5   0   1   1   2   0   4   1   1   0  21   4   2   6   0   2   9  0.43 0.28
  125 T    -1  -4  -2  -3  -4  -4  -4   6  -3  -4  -5  -3  -3  -3  -4  -1  -2  -4   4  -5    4   0   1   1   0   0   1  64   0   1   0   1   1   0   0   4   3   0  18   0  1.31 0.49
  126 G    -1  -4  -2  -2  -4  -2  -1   1  -3  -3  -4  -2  -2  -5  -4   1   6  -5  -3  -2    3   0   1   1   0   1   3  12   0   1   1   2   1   0   0   8  63   0   1   2  1.08 0.49
  127 D    -2  -1   3   3  -4   3   2  -1   0  -2  -3  -1   4  -3  -2   1   0  -3  -3  -2    0   2  13  16   0  14  12   4   1   2   1   3  13   1   1   9   6   0   1   2  0.37 0.25
  128 V    -1  -6  -5  -6  10  -6  -6  -2  -6  -3  -4  -6  -5  -6  -6   0   0  -6  -6   1    4   0   0   0  66   0   0   3   0   1   0   0   0   0   0   9   5   0   0  11  2.25 0.68
  129 I    -4  -3  -4  -6  -4  -3  -4  -5  -5   1   3  -3  -1  -2  -5  -3   2   9  -1   1    0   1   1   0   0   1   1   0   0   9  30   1   1   0   0   1  12  31   2   9  1.19 0.44
  130 V    -3  -6  -6  -6  -3  -5  -6  -6  -6   5  -2  -5  -2  -4  -5  -5  -1  -6  -4   6    1   0   0   0   0   0   0   0   0  30   1   0   0   0   0   0   2   0   0  65  1.55 0.54
  131 T    -2  -4  -3  -4  -4  -4  -4  -4  -5  -2  -5  -4  -4  -5  -4   5   6  -6  -5  -4    1   0   0   0   0   0   0   0   0   2   0   0   0   0   0  48  48   0   0   0  1.48 0.61
  132 G    -3  -6  -4  -5  -6  -5  -6   8  -6  -7  -7  -5  -6  -7  -6  -4  -5  -6  -7  -7    0   0   0   0   0   0   0  98   0   0   0   0   0   0   0   0   0   0   0   0  2.54 0.74
  133 W    -7  -7  -8  -8  -7  -6  -7  -7  -7  -7  -6  -7  -6   0  -8  -7  -7  13  -1  -7    0   0   0   0   0   0   0   0   0   0   0   0   0   3   0   0   0  94   1   0  4.66 1.11
  134 G    -3  -6  -4  -5  -6  -5  -6   8  -6  -7  -7  -5  -6  -7  -6  -3  -5  -2  -7  -7    0   0   0   0   0   0   0  98   0   0   0   0   0   0   0   1   0   1   0   0  2.51 0.73
  135 T     1  -2   6   1  -4  -2  -2  -3  -1  -4  -4  -2  -4   0  -4  -1   2  -4   3  -3   12   1  39   6   0   1   1   1   1   0   1   1   0   5   0   3  15   0  12   1  0.75 0.38
  136 T    -3  -1  -3  -4  -4  -2  -4  -5  -5   2   2  -3   0  -4  -3  -2   6  -5  -4  -1    1   3   1   0   0   1   0   0   0  10  18   0   1   0   1   1  57   0   0   4  0.99 0.46
  137 S     0   1  -1  -2  -4   1  -1  -1  -1  -3  -3   2   2  -3  -3   4   1  -5  -4  -2    5   7   1   0   0   6   2   5   2   1   1  17   6   1   0  38   6   0   0   2  0.45 0.29
  138 E    -1  -3   1   0  -4  -1   4  -2  -3  -4  -2  -2  -4  -1  -2   4  -1  -5  -3  -3    3   0   5   4   0   1  33   3   0   0   4   0   0   3   2  37   2   0   0   2  0.67 0.37
  139 G    -1   0  -1  -2  -5  -2  -3   6  -4  -5  -6   0  -5  -6  -2   1  -1  -5  -5  -5    3   6   3   2   0   1   1  64   0   0   0   7   0   0   1   8   3   0   0   0  1.16 0.44
  140 G     0  -4  -3  -2  -4  -3  -3   5  -4  -2  -2  -3  -3  -4  -4   1   1  -5  -3   2    7   1   0   2   0   1   1  46   0   1   3   0   0   0   0  11   8   0   0  18  0.69 0.33
  141 N     0  -1   3   1  -4   0   1  -2   0  -3  -4   0  -2  -2   2   3  -1  -5  -2  -2    5   2  20   7   0   4  10   1   2   1   1   5   0   2  11  23   2   0   1   2  0.38 0.23
  142 T    -2  -4   0  -1  -3  -3  -3  -4  -2   2   1  -3  -1   1  -2   1   1  -2   5   1    2   0   4   4   0   1   0   0   0  15  12   0   0   5   1  14   9   0  25   7  0.40 0.25
  143 P    -1  -3  -2  -3  -5   2  -2  -3  -3  -6  -6  -2  -5  -6   7   2  -3  -6  -5  -5    5   1   2   1   0  11   2   2   0   0   0   1   0   0  56  19   1   0   0   0  1.51 0.54
  144 D    -1  -2   4   5  -5   2   1  -3  -2  -5  -5  -1  -4  -3  -1   2  -1  -5  -2  -4    4   1  19  35   0  10   6   1   0   0   0   2   0   1   2  14   3   0   1   0  0.71 0.33
  145 V    -1   1   1  -2  -3  -1  -1  -4  -2   2   1   0  -1  -2  -3  -1   3  -4  -2   1    2   7   7   1   0   2   4   0   1  15  15   5   0   0   0   2  24   0   1  12  0.25 0.20
  146 L    -5  -6  -7  -7  -5  -6  -7  -7  -7  -1   7  -6  -1  -3  -7  -6  -5  -5  -5  -3    0   0   0   0   0   0   0   0   0   1  99   0   0   0   0   0   0   0   0   0  2.08 0.68
  147 Q    -5   1  -4  -4  -7   8  -2  -6   0  -6  -2  -1   3  -6  -5  -4  -5  -6  -2  -6    0   5   0   0   0  77   0   0   2   0   4   3   7   0   0   0   0   0   2   0  2.01 0.74
  148 K    -2  -2  -4  -4   9   1   4  -5  -4  -5  -5   4  -4  -6  -5  -2  -3  -6  -4  -5    2   1   0   0  39   7  24   0   0   0   0  24   0   0   0   2   0   0   0   0  1.47 0.54
  149 V     2  -5  -6  -6  -4  -5  -5  -4  -6   0   4  -5  -1  -3  -5  -4  -2  -5  -4   5   15   0   0   0   0   0   0   1   0   1  35   0   0   0   0   0   1   0   0  47  1.00 0.44
  150 T    -1   0   3   3  -3   1   2  -3  -1  -4  -4   2  -2  -4  -1   1   1   0  -3  -3    3   3  19  18   0   7  11   0   1   1   0  12   1   1   2   9  11   1   1   0  0.44 0.24
  151 V     3  -5  -5  -6  -4  -4  -5  -5  -6   4  -1  -5  -2  -4  -5  -4  -2  -6  -4   5   23   0   0   0   0   1   0   0   0  20   4   0   0   0   0   0   1   0   0  51  1.06 0.45
  152 P    -5  -6  -5  -6  -4  -3  -5  -6  -2  -7  -7  -5  -7  -8   9  -4  -5  -8  -7  -7    0   0   0   0   0   1   0   0   1   0   0   0   0   0  95   1   0   0   0   0  3.15 0.89
  153 L    -3  -5  -6  -6  -4  -5  -6  -6  -6   6   2  -5  -1  -2  -5  -5  -1  -5  -3   4    1   0   0   0   0   0   0   0   0  44  20   0   0   1   0   0   4   0   0  30  1.14 0.43
  154 V    -4  -4  -6  -6  -4  -5  -5  -6  -6   3   4  -5   2  -2  -5  -5  -3  -5  -4   5    0   1   0   0   0   0   0   0   0  14  40   0   5   0   0   0   0   0   0  39  1.08 0.42
  155 S    -1  -4  -1   0  -4  -3  -2   1  -4  -5  -5  -3  -5  -4   0   6   2  -6  -5  -5    4   0   1   4   0   0   1  10   0   0   0   0   0   0   5  62  11   0   0   0  1.07 0.50
  156 D    -3   1   5   5  -5   3  -1  -4   0  -5  -5  -1  -4  -5  -4  -1   0  -2  -3  -5    1   7  31  29   0  14   3   0   1   0   1   3   0   0   0   3   4   1   1   0  0.90 0.40
  157 E     3   2   0   0  -4   0   3  -3  -3  -3  -4   0  -3  -4  -2   2   1  -5  -4  -3   24  12   4   5   0   4  21   0   0   1   0   3   0   0   1  18   7   0   0   0  0.45 0.28
  158 D    -1   0  -1   3  -5   3   4  -4  -3  -3  -4   1  -4  -5  -3   0   1  -5  -4  -1    5   3   1  17   0  14  33   0   0   2   0   6   0   0   0   5   9   0   0   4  0.62 0.32
  159 C    -5  -8  -7  -8  12  -7  -8  -7  -7  -6  -6  -8  -6  -7  -7  -5  -5  -7  -7  -5    0   0   0   0  99   0   0   0   0   0   0   0   0   0   0   0   0   0   0   0  4.26 1.05
  160 R    -3   4   4   0  -2   3   2  -3   2  -5  -5   1  -4  -3  -4   1  -2  -5  -4  -5    1  23  20   4   1  15  13   1   4   0   0   7   0   1   0   9   1   0   0   0  0.66 0.32
  161 A     2  -1   3   1   4  -1  -1  -1  -3  -3  -4   2  -3  -4  -3   2   1  -5  -4  -3   17   2  16   7  11   1   2   4   0   1   0  15   0   0   0  16   7   0   0   1  0.40 0.24
  162 D     4   1   0  -2   0  -1  -3  -2  -2  -3  -2   0  -2  -4  -3   4  -1  -5  -1  -3   34   9   3   2   1   1   0   1   0   1   4   4   0   0   0  34   2   0   2   1  0.55 0.33
  163 Y    -5  -4  -3  -7  -1  -5  -6  -7  -2  -5  -3  -6  -3   0  -7  -3  -6   1  10  -5    0   1   2   0   1   0   0   0   0   0   2   0   0   1   0   2   0   2  89   0  2.83 0.85
  164 G     0   1   0  -1  -2   0  -1   3  -1  -2  -2   0  -1  -1   0   0  -1  -1   2  -2    5  11   3   2   1   4   2  27   1   2   4   5   2   2   5   7   3   1   9   3  0.20 0.08
  165 A    -1  -2   1   1  -4   1   0   0  -2  -4  -4  -1  -2  -4   6   1  -2  -5  -4  -1    5   2   8   9   0   6   4   6   0   0   1   3   1   1  38   9   2   0   0   6  0.72 0.30
  166 D    -2  -1   2  -1  -5  -3  -3   5   3  -3  -5  -3  -3  -2  -4   0  -2  -2   2  -5    1   4   9   2   0   1   1  53   9   1   1   0   0   2   0   6   2   0   8   0  0.89 0.36
  167 E    -1   2  -1   0  -4   3   2  -2  -1  -2  -2   2   3  -4  -2   1   0  -4  -2  -2    4  12   2   5   0  15  13   2   1   2   2  16   9   0   1   9   4   0   1   2  0.32 0.20
  168 I    -5  -7  -7  -5  -5  -6  -7  -7  -7   8  -1  -6  -2  -3  -6  -6  -3  -6  -5   1    0   0   0   0   0   0   0   0   0  88   3   0   0   1   0   0   1   0   0   7  2.14 0.68
  169 L    -3  -5  -2   0  -5  -4  -2  -4  -1  -4  -4  -4  -4  -2  -5   0   7  -6  -5  -3    1   0   1   6   0   0   2   1   1   0   1   0   0   1   0   4  80   0   0   0  1.69 0.66
  170 D    -1  -2   3   5  -5  -1   1  -2  -3  -5  -5   1  -4  -5  -1   2  -1  -6  -4  -5    3   2  17  33   0   1   8   2   0   0   0   7   0   0   3  20   3   0   0   0  0.74 0.34
  171 S    -2   1   7  -1  -5   1  -3  -3  -1  -6  -6   1  -5  -4  -5   2   0  -6  -5  -5    2   7  54   1   0   7   0   0   1   0   0   7   0   1   0  14   6   0   0   0  1.17 0.49
  172 M    -5  -6  -7  -8  -6  -5  -6  -7  -6  -3  -2  -6  11  -4  -7  -6  -5  -6  -6  -2    0   0   0   0   0   0   0   0   0   0   1   0  97   0   0   0   0   0   0   2  3.53 1.02
  173 I    -4  -5  -6  -6  -4  -5  -6  -6  -5   6   2  -5   3   4  -6  -5  -3  -4  -2   2    0   0   0   0   0   0   0   0   0  46  14   0   8  21   0   0   1   0   0  11  1.15 0.43
  174 C    -5  -8  -7  -8  12  -8  -8  -7  -8  -6  -6  -8  -6  -7  -8  -5  -5  -7  -7  -5    0   0   0   0 100   0   0   0   0   0   0   0   0   0   0   0   0   0   0   0  4.33 1.07
  175 A     6  -5  -5  -5  -4  -4  -4  -3  -5  -1   0  -4  -3  -5  -4  -2  -3  -6  -5   0   80   0   0   0   0   0   0   1   0   2   8   0   0   0   0   1   0   0   0   7  1.41 0.57
  176 G    -3  -6  -4  -4  -6  -6  -6   8  -6  -8  -8  -5  -7  -7  -6  -4  -5  -6  -7  -7    1   0   0   1   0   0   0  98   0   0   0   0   0   0   0   0   0   0   0   0  2.54 0.75
  177 V    -3  -3  -5  -4  -5  -5  -5  -4  -1  -2   2  -5  -2   5  -6  -5  -4  -2   7   0    1   1   0   1   0   0   0   1   1   0  17   0   0  27   0   0   0   0  42   8  1.38 0.50
  178 P    -1  -1  -3   0  -4  -1  -2  -4  -4  -1   3   2   3  -3   2  -1   1  -4  -3  -1    4   2   0   6   0   3   2   0   0   0  37  13   7   0  11   3   9   0   0   3  0.35 0.24
  179 E    -1  -2   0   0  -6   3   6  -4  -3  -6  -5  -1  -5  -6  -3  -1  -3  -6  -5  -5    5   1   5   3   0  10  66   1   0   0   1   2   0   0   1   4   1   0   0   0  1.30 0.52
  180 G    -3  -6  -4  -5  -6  -5  -5   8  -6  -7  -7  -5  -6  -7  -6  -4  -5  -6  -7  -7    0   0   0   0   0   0   1  98   0   0   0   0   0   0   0   0   0   0   0   0  2.52 0.73
  181 G    -3  -4  -4  -5  -6  -4  -4   7  -6  -7  -7  -2  -3  -7  -6  -3  -5  -6  -7  -7    0   1   0   0   0   0   1  93   0   0   0   3   1   0   0   1   0   0   0   0  2.27 0.70
  182 K    -3   1  -3  -4  -6  -2  -3  -5  -3  -1  -5   8  -5  -6  -5  -3  -3  -7  -5  -2    1   5   1   0   0   0   0   0   1   3   0  84   0   0   0   1   1   0   0   3  1.83 0.66
  183 D    -6  -6  -2   8  -8  -4  -2  -5  -5  -7  -8  -5  -7  -8  -6  -4  -5  -9  -7  -7    0   0   1  99   0   0   0   0   0   0   0   0   0   0   0   1   0   0   0   0  2.86 0.84
  184 S     4  -4  -3  -4  -4  -4  -4  -4  -5  -5  -6  -4  -5  -6  -4   6  -1  -6  -5  -5   29   0   0   0   0   0   0   0   0   0   0   0   0   0   0  68   3   0   0   0  1.53 0.63
  185 C    -5  -8  -7  -8  12  -8  -8  -5  -8  -6  -6  -8  -6  -7  -8  -5  -5  -7  -7  -5    0   0   0   0  99   0   0   1   0   0   0   0   0   0   0   0   0   0   0   0  4.27 1.06
  186 Q    -5  -2  -2  -3  -7   9  -2  -6  -4  -7  -6   2  -5  -7  -5  -4  -5  -6  -6  -6    0   0   1   1   0  84   0   0   0   0   0  13   0   0   0   0   0   0   0   0  2.42 0.83
  187 G    -4  -5  -4  -5  -4  -6  -5   7  -6  -7  -7  -5  -5  -7  -6  -4  -5  -6  -3  -5    0   0   0   0   0   0   0  97   0   0   0   0   0   0   0   0   0   0   1   1  2.45 0.73
  188 D    -6  -6  -3   9  -8  -4  -2  -5  -5  -7  -8  -5  -7  -8  -6  -4  -5  -9  -7  -7    0   0   0 100   0   0   0   0   0   0   0   0   0   0   0   0   0   0   0   0  2.90 0.85
  189 S    -3  -5  -3  -4  -5  -4  -4  -4  -5  -6  -7  -4  -6  -5  -5   7  -2  -7  -6  -6    0   0   0   0   0   0   0   0   0   0   0   0   0   0   0  98   1   0   0   0  2.27 0.82
  190 G    -3  -6  -4  -5  -6  -6  -6   8  -6  -8  -8  -5  -7  -7  -6  -4  -5  -6  -7  -7    0   0   0   0   0   0   0 100   0   0   0   0   0   0   0   0   0   0   0   0  2.63 0.77
  191 G    -4  -6  -4  -5  -3  -6  -6   8  -6  -8  -8  -5  -7  -7  -6  -2  -5  -6  -7  -7    0   0   0   0   1   0   0  97   0   0   0   0   0   0   0   2   0   0   0   0  2.52 0.74
  192 P    -5  -7  -6  -6  -7  -6  -5  -7  -7  -7  -7  -5  -7  -8   9  -5  -5  -8  -7  -7    0   0   0   0   0   0   0   0   0   0   0   0   0   0 100   0   0   0   0   0  3.42 0.95
  193 L    -3  -5  -6  -6  -4  -5  -6  -5  -6  -1   5  -5   5   0  -6  -5  -4  -5  -4   4    1   0   0   0   0   0   0   1   0   0  49   0  14   3   0   0   0   0   0  33  1.16 0.46
  194 A     0  -5  -5  -6  -3  -5  -4  -5   2  -1  -2  -5   0  -2  -5   0  -2  -6  -3   7    7   0   0   0   0   0   1   0   5   1   1   0   2   1   0   7   1   0   1  73  1.29 0.53
  195 A    -1  -3  -2  -6  10  -3  -6  -5  -3  -1  -4  -5  -2  -5  -5   0  -1  -5  -3   0    5   1   2   0  64   1   0   0   1   3   0   0   1   0   0   8   4   0   1   8  2.03 0.62
  196 S    -3   0   5   1  -5   0   0   0  -1  -3  -4   4  -3  -3  -3   0  -2  -5  -2  -3    0   3  36   7   0   3   4   5   1   2   1  27   0   1   1   6   1   0   1   1  0.71 0.34
  197 D    -3  -2   2   1  -5   2  -1   5   4  -5  -4  -2  -4  -3  -4  -1  -2  -4   0  -4    0   2  10   8   0   9   2  45  11   0   2   1   0   1   0   4   2   0   3   1  0.76 0.33
  198 T    -1  -1   2   1  -2   3   4   0  -2  -4  -4   0  -3  -4  -2   1   1  -4  -4  -3    3   1  12   6   1  15  28   8   0   0   1   4   0   0   1   8  10   0   0   1  0.48 0.26
  199 G     0   0   1   0  -1   0   0   3  -1  -2  -1  -1  -1  -2  -1   1   0  -1  -1  -1    6   4   7   4   1   3   7  28   1   3   5   3   1   2   2  11   6   1   2   3  0.18 0.06
  200 S     0   1  -1   0  -1   0   0  -1  -1   1  -1   0   0  -1  -1   0   0  -1  -1   1    6  12   2   4   1   4   5   4   1   8   4   5   2   2   3  10   7   1   2  16  0.04 0.03
  201 T    -1  -2  -1  -2  -2  -1  -2  -1   2  -2  -2  -1  -2   0  -1  -1   0   9   2  -2    5   2   4   3   1   2   3   5   5   3   4   3   1   3   4   3   5  35   6   3  0.93 0.19
  202 Y    -1   1  -1  -1  -1   1  -1  -2   3   1  -1   0  -1   0  -1  -1   0   0   3   1    4   7   2   2   1   8   3   3   9  12   5   4   1   2   3   4   5   1  12  13  0.09 0.06
  203 L    -4  -5  -6  -6  -5   3  -4  -6  -5   0   6  -5  -1  -2  -6  -5  -4  -5  -4   0    0   0   0   0   0  16   0   0   0   3  73   0   0   1   0   0   0   0   0   7  1.32 0.52
  204 A     2  -2  -3  -2  -4   6  -2  -3   1  -1  -3  -2  -3  -3  -3   0  -1  -5   0   3   18   0   1   2   0  37   1   1   3   3   0   1   0   0   0   6   3   0   3  22  0.66 0.39
  205 G    -4  -6  -4  -5  -6  -6  -6   8  -6  -8  -8  -5  -7  -7  -6  -4  -5  -6  -7  -6    0   0   0   0   0   0   0  99   0   0   0   0   0   0   0   0   0   0   0   1  2.61 0.76
  206 I    -2  -6  -6  -6  -4  -6  -6  -7  -6   6  -1  -6  -2  -3  -6  -5  -3  -6  -4   5    2   0   0   0   0   0   0   0   0  56   2   0   0   0   0   0   1   0   0  39  1.56 0.53
  207 V    -4  -6  -6  -6  -4  -5  -6  -6  -6  -1  -3  -5  -2  -4  -6  -4   3  -6  -5   7    0   0   0   0   0   0   0   0   0   1   0   0   1   0   0   0  17   0   0  82  1.78 0.63
  208 S    -3  -5  -3  -4  -2  -4  -4  -4  -5  -6  -7  -4  -5  -6  -5   7  -2  -7  -6  -6    0   0   0   0   1   0   0   0   0   0   0   0   0   0   0  99   0   0   0   0  2.29 0.80
  209 W    -7  -7  -8  -9  -7  -7  -8  -7  -7  -7  -6  -8  -6   4  -8  -7  -7  12  -1  -7    0   0   0   0   0   0   0   0   0   0   0   0   0  16   0   0   0  84   0   0  4.23 1.02
  210 G    -3  -5  -4  -5  -6  -6  -6   8  -6  -8  -8  -5  -6  -7  -6  -4  -5  -6  -7  -7    1   1   0   0   0   0   0  98   0   0   0   0   0   0   0   0   0   0   0   0  2.51 0.72
  211 Y    -2  -1  -1   0  -5   0   3  -4   0   1  -3  -2  -1   1  -5  -2  -1  -2   6  -2    2   2   3   4   0   3  22   1   2   8   1   2   1   4   0   2   4   0  37   2  0.73 0.36
  212 G    -3  -6  -4  -3  -3  -5  -4   7  -6  -7  -7  -4  -6  -7  -6  -3  -5  -6  -7  -6    0   0   0   2   0   0   1  96   0   0   0   1   0   0   0   1   0   0   0   0  2.38 0.69
  213 C    -5  -4  -7  -8  12  -7  -8  -7  -8  -6  -6  -7  -6  -7  -7  -5  -5  -2  -7  -5    0   1   0   0  98   0   0   0   0   0   0   0   0   0   0   0   0   1   0   0  4.15 0.99
  214 A     7  -5  -5  -5  -4  -4  -4   0  -5  -5  -5  -4  -5  -6  -3  -2  -3  -6  -5  -4   92   0   0   0   0   0   0   6   0   0   0   0   0   0   1   0   0   0   0   0  1.89 0.66
  215 R    -2   4  -2   0  -5   5   2  -5  -3  -3   0   1   0  -5  -4  -3  -3  -3  -3  -3    3  26   1   4   0  32  12   0   0   1  11   7   2   0   0   0   0   0   1   1  0.75 0.36
  216 P     0   3  -4  -3  -6  -1  -2  -5  -4  -5  -5   4  -5  -6   6  -3  -4  -6  -5  -5   10  14   0   0   0   2   2   0   0   0   0  28   0   0  44   1   0   0   0   0  1.34 0.48
  217 G    -3  -1   6   2  -5  -2   1   4  -2  -6  -6  -2  -2  -4  -5  -2  -3  -6  -2  -5    1   3  38  11   0   1   9  31   0   0   0   1   1   1   0   1   0   0   2   0  0.98 0.40
  218 Y    -3   1  -1  -4  -5   2  -3  -5   3  -3  -1   3  -2   2  -4  -2  -2  -2   6  -3    2   9   2   0   0   9   0   0   8   1   7  21   0   7   0   3   1   0  30   1  0.71 0.34
  219 P    -4  -6  -6  -6  -7  -5  -5  -6  -6  -7  -7  -5  -7  -5   9  -5  -5  -7  -1  -7    0   0   0   0   0   0   0   0   0   0   0   0   0   1  97   0   0   0   2   0  3.19 0.86
  220 G    -3  -6  -4  -5  -6  -5  -6   8  -6  -8  -7  -5  -6  -7  -6  -2  -5  -6  -7  -7    0   0   0   0   0   0   0  98   0   0   0   0   0   0   0   2   0   0   0   0  2.50 0.69
  221 V    -4  -6  -7  -7  -4  -6  -6  -7  -7   1  -3  -6  -3  -4  -6  -5  -4  -7  -5   8    0   0   0   0   0   0   0   0   0   4   0   0   0   0   0   0   0   0   0  96  2.20 0.68
  222 Y    -6  -6  -6  -7  -7  -6  -6  -7  -2  -6  -5  -6  -5   0  -7  -6  -6  -2  10  -5    0   0   0   0   0   0   0   0   0   0   0   0   0   1   0   0   0   0  99   0  3.41 0.91
  223 T     3  -4  -3  -4  -1  -4  -4  -3  -5  -3  -4  -4  -4  -5  -3   0   7  -6  -5  -2   21   0   0   0   1   0   0   1   0   1   0   0   0   0   1   6  67   0   0   2  1.37 0.54
  224 E    -4   5   1  -3  -6   0   0  -5  -3  -6  -5   6  -3  -6  -4  -2  -3  -6  -5  -5    0  33   6   1   0   3   5   0   0   0   0  51   0   0   0   1   1   0   0   0  1.34 0.48
  225 V    -4  -6  -7  -7  -4  -6  -6  -7  -7   0  -2  -6  -3  -4  -6  -5  -2  -7  -5   7    0   0   0   0   0   0   0   0   0   2   1   0   0   0   0   0   2   0   0  95  2.12 0.67
  226 S     2  -4   0  -4   8  -4  -4  -2  -4  -3  -4  -3  -4  -3  -2   3  -1  -3   0  -2   17   0   4   0  37   0   0   2   0   1   0   1   0   1   1  27   3   0   3   3  1.11 0.43
  227 Y    -2   1   5  -1  -5   2   2  -3  -1  -2  -3   1  -2  -3  -4   0  -2  -2   2  -3    2   9  34   1   0  10  13   0   1   2   2   7   1   0   0   6   1   0   9   1  0.57 0.29
  228 H    -5  -5  -6  -7  -6  -4  -6  -7   1  -4   0  -6  -2   5  -7  -5  -5  -2   9  -3    0   0   0   0   0   1   0   0   3   0   9   0   1  21   0   0   0   0  65   1  2.10 0.63
  229 V    -2   0   1  -3  -3   3  -2  -3  -1   1   1  -2   0  -3  -4  -1  -1  -4  -2   4    2   5   8   0   0  15   1   1   1   5  17   2   2   0   0   3   4   0   1  35  0.37 0.24
  230 D    -1  -2   1   5  -4  -2   0  -1  -3  -5  -5  -1  -4  -4  -1   3   2  -6  -3  -4    2   1   6  37   0   1   3   3   0   0   0   3   0   1   3  26  13   0   1   0  0.74 0.34
  231 W    -7  -8  -9  -9  -7  -7  -8  -7  -7  -7  -6  -8  -6  -1  -9  -8  -7  13  -2  -8    0   0   0   0   0   0   0   0   0   0   0   0   0   2   0   0   0  98   0   0  4.93 1.11
  232 I    -5  -6  -7  -7  -5  -6  -7  -7  -7   8   0  -6  -2  -4  -6  -6  -4  -6  -5   1    0   0   0   0   0   0   0   0   0  89   5   0   0   0   0   0   0   0   0   6  2.11 0.62
  233 K    -1   1   3  -1  -4   4   1  -3   0  -3   0   3  -1  -4  -3   0  -1  -4  -3  -3    4   8  16   1   0  20   9   1   2   0  13  17   1   0   1   5   2   0   0   1  0.39 0.23
  234 A     1  -2  -1  -2  -4   3   4  -3  -1  -5  -4   0  -3  -5  -3   3   1  -5  -3  -4   10   0   2   0   0  17  28   0   1   0   0   4   0   0   0  26  10   0   0   0  0.66 0.32
  235 N    -3  -2   5  -2  -4   3  -2  -3   3  -4  -4   3  -2  -3  -4  -2   3  -5  -3  -4    0   0  28   0   0  17   0   0   9   1   0  21   1   1   0   0  23   0   0   0  0.79 0.33
  236 A     1  -3  -2  -4  -3  -3  -3  -4  -4   0  -2  -2   6  -3  -3   1   5  -4  -3  -2   11   0   1   0   0   0   0   0   0   5   0   1  30   0   0  10  43   0   0   0  0.84 0.33
  237 V    -1  -3  -4  -4  -2  -3  -4  -4  -4   3   1  -3   0  -1  -3  -3  -1  -4  -2   5    0   0   0   0   0   0   0   0   0  21   8   0   0   0   0   0   0   0   0  71  0.64 0.12

                      K         Lambda
Standard Ungapped    0.1367     0.3153
Standard Gapped      0.0623     0.2670
PSI Ungapped         0.2044     0.3134
PSI Gapped           0.0623     0.2670
