
Last position-specific scoring matrix computed, weighted observed percentages rounded down, information per position, and relative weight of gapless real matches to pseudocounts
            A   R   N   D   C   Q   E   G   H   I   L   K   M   F   P   S   T   W   Y   V   A   R   N   D   C   Q   E   G   H   I   L   K   M   F   P   S   T   W   Y   V
    1 K    -4   5  -3  -4  -6   2   0  -5   4  -6  -5   6  -4  -6  -4  -3  -4  -6  -4  -5    0  29   0   0   0   7   4   0  10   0   0  51   0   0   0   0   0   0   0   0  1.33 0.40
    2 T    -2  -2  -2  -3  -4   2   2  -4  -2  -3  -4  -2  -4  -4  -1   0   6  -5  -2  -2    1   1   1   0   0  11  12   0   1   1   0   1   0   1   2   6  59   0   1   1  1.01 0.38
    3 C    -5  -8  -7  -8  12  -7  -8  -7  -7  -5  -6  -7  -6  -7  -7  -5  -5  -7  -7  -5    0   0   0   0 100   0   0   0   0   0   0   0   0   0   0   0   0   0   0   0  4.19 0.82
    4 S     1   0  -1   1  -3  -1   2   0  -1  -3  -2   0  -2  -3   1   3   0  -4  -3  -3   13   6   1   8   0   0  12   5   2   1   4   3   0   1   7  33   5   0   0   0  0.34 0.19
    5 Q     0  -1  -1   1  -4   2   2  -2  -1  -4  -3  -1  -2  -4   4   2   0  -5  -4  -1    8   2   2   7   0  10  18   2   2   0   2   1   1   0  20  18   5   0   0   4  0.44 0.19
    6 A    -1  -1   3   4  -4  -1  -1   0   2  -4  -2  -1  -2  -2  -3   2   0  -5  -2  -4    5   2  15  29   0   1   2   8   5   0   4   3   1   2   0  15   7   0   1   0  0.44 0.19
    7 E    -4  -2  -1   1  -6   5   6  -5   0  -6  -5  -1  -4  -6  -4  -2  -4  -6  -2  -5    0   1   2   6   0  28  58   0   2   0   0   2   0   0   0   1   0   0   1   0  1.44 0.45
    8 F    -6  -6  -7  -7  -6  -7  -7  -7  -1  -3  -3  -7   0   9  -7  -6  -6  -3   1  -4    0   0   0   0   0   0   0   0   2   1   0   0   2  93   0   0   0   0   2   0  2.77 0.63
    9 R    -1   5  -1  -2  -5   5  -1  -4   1  -5  -4   0  -2  -5  -3   1   1  -5  -4  -3    6  31   2   1   0  32   2   0   3   0   1   3   0   0   0   9   9   0   0   1  0.81 0.32
   10 C    -5  -8  -7  -8  12  -7  -8  -7  -7  -5  -6  -7  -6  -7  -7  -5  -5  -1  -7  -5    0   0   0   0  99   0   0   0   0   0   0   0   0   0   0   0   0   1   0   0  4.13 0.81
   11 H     1   2   1  -1  -3   1  -1   2   1  -4  -3   1  -3  -4  -3   2   1  -4  -3  -3   15  12   5   3   0   7   1  18   4   0   2  10   0   0   0  14   9   0   0   0  0.31 0.16
   12 D    -3  -3   7   3  -5  -2  -1  -2  -3  -6  -4  -3  -5  -6  -4   3  -1  -6  -5  -5    0   0  52  16   0   1   2   2   0   0   1   0   0   0   0  23   3   0   0   0  1.26 0.40
   13 G    -3  -4  -2  -2  -3  -3  -1   7  -1  -6  -6  -1  -4  -6  -5  -1  -2  -6  -6  -6    0   0   1   2   1   0   5  80   2   0   0   5   0   0   0   3   2   0   0   0  1.61 0.43
   14 K    -2   5   0  -2  -5   3   1  -4   2  -4  -3   3   1  -4  -4  -2  -1  -5  -2  -2    3  35   3   1   0  13   7   0   4   0   1  22   4   0   0   1   2   0   1   2  0.71 0.27
   15 C    -5  -4  -7  -8  12  -7  -8  -7  -7  -5  -6  -7  -6  -7  -7  -5  -5  -7  -7  -5    0   1   0   0  99   0   0   0   0   0   0   0   0   0   0   0   0   0   0   0  4.10 0.81
   16 I    -4  -6  -7  -7  -4  -6  -6  -7  -7   8  -1  -6  -2  -3  -6  -6  -4  -6  -5   2    0   0   0   0   0   0   0   0   0  86   1   0   0   0   0   0   0   0   0  13  2.03 0.52
   17 S     1   0  -2  -3  -4  -1  -3  -3   2  -5  -4  -3  -3  -4   5   3   0  -5  -4  -3   14   6   1   0   0   2   0   1   6   0   1   0   0   0  32  30   6   0   0   1  0.87 0.32
   18 R     0   1  -1  -1  -3   1  -1   0  -2  -1   1   2   0  -2   0   2   0  -4  -2  -2    9   9   1   2   0   9   2   7   0   3  16  14   3   0   3  17   3   0   1   1  0.13 0.11
   19 Q     0   2   2   0  -3   1   0  -2   0   0  -1   1  -1  -3  -1   2   0  -4  -2   1    5  14  10   4   0   5   5   1   2   5   6   7   0   0   1  19   2   0   0  12  0.15 0.11
   20 F    -6  -7  -8  -8  -6  -6  -7  -7  -6  -6  -5  -7  -5   6  -8  -7  -6  12   0  -6    0   0   0   0   0   0   0   0   0   0   0   0   0  34   0   0   0  65   1   0  3.51 0.72
   21 V    -2   3  -4  -4  -4   0  -3  -5  -2   0  -1   3  -1  -4  -4  -3  -2  -5  -4   5    1  19   0   0   0   4   0   0   1   3   4  21   1   0   0   1   1   0   0  45  0.74 0.31
   22 C    -5  -8  -7  -8  12  -7  -8  -7  -7  -5  -6  -7  -6  -7  -7  -5  -5  -7  -7  -5    0   0   0   0 100   0   0   0   0   0   0   0   0   0   0   0   0   0   0   0  4.19 0.82
   23 D    -5  -5   0   8  -7  -4  -1  -5  -5  -7  -7  -4  -7  -7  -5  -4  -5  -8  -7  -7    0   0   4  95   0   0   1   0   0   0   0   0   0   0   0   0   0   0   0   0  2.60 0.62
   24 S    -2  -2  -1  -1  -5   0   2   5   0  -4  -4  -1  -4  -2  -4   1  -2  -5  -4  -5    1   1   1   2   0   5  12  55   3   1   2   4   0   2   0  11   1   0   0   0  0.86 0.29
   25 D    -4  -4  -1   7  -6   0   2  -4   0  -6  -5  -3  -1  -6  -4  -1  -2  -7  -3  -6    1   0   1  71   0   5  13   0   2   0   1   0   2   0   0   3   1   0   1   0  1.62 0.45
   26 R    -1   2   4   3  -5   0   1  -3   2  -4  -3   0  -3  -3   2  -1  -2  -2  -3  -4    5  11  26  19   0   3   8   0   5   0   2   3   0   1  12   1   1   1   1   0  0.53 0.22
   27 D    -5  -5  -2   8  -7  -4   0  -5  -5  -7  -7  -4  -7  -7  -5  -4  -4  -8  -7  -7    0   0   1  95   0   0   3   0   0   0   0   0   0   0   0   0   1   0   0   0  2.58 0.62
   28 C    -5  -8  -7  -8  12  -7  -8  -7  -7  -5  -6  -7  -6  -7  -7  -5  -5  -7  -7  -5    0   0   0   0 100   0   0   0   0   0   0   0   0   0   0   0   0   0   0   0  4.19 0.82
   29 L     1   0  -1   0  -3  -1   1   3  -3  -2   0   0  -2  -3   0   2   0  -4  -3  -2   10   6   2   4   0   1   9  22   0   0  13   7   0   0   4  16   3   0   0   2  0.20 0.13
   30 D    -5  -5   0   8  -7  -4  -2  -5  -5  -7  -7  -4  -7  -7  -5  -4  -5  -8  -7  -7    0   0   3  97   0   0   0   0   0   0   0   0   0   0   0   0   0   0   0   0  2.69 0.64
   31 G    -2  -3   2  -2  -5  -2  -4   6   0  -6  -5   0  -1  -3  -5  -1  -4   4  -1  -5    1   1  11   2   0   1   0  62   2   0   1   6   2   1   0   3   0   5   2   0  1.12 0.34
   32 S    -1  -4  -3  -4  -4  -4  -4  -4  -4  -6  -5  -4  -2  -6  -4   7  -1  -6  -5  -5    3   0   0   0   0   0   0   0   0   0   1   0   1   0   0  94   2   0   0   0  1.96 0.59
   33 D    -6  -5  -2   8  -7  -4  -2  -5  -5  -7  -8  -4  -7  -7  -5  -4  -5  -8  -7  -7    0   0   0 100   0   0   0   0   0   0   0   0   0   0   0   0   0   0   0   0  2.81 0.66
   34 E    -5  -4  -4  -2  -8  -2   8  -6  -4  -7  -7  -3  -6  -7  -5  -4  -5  -7  -6  -6    0   0   0   0   0   0 100   0   0   0   0   0   0   0   0   0   0   0   0   0  2.52 0.66
   35 A     3   0   0   1  -3   1   1  -2   0  -2  -1   1  -1  -3  -2   0   0  -4  -3   0   32   4   4   8   0   9   9   0   2   1   7   8   1   0   1   4   4   0   0   7  0.22 0.15
   36 S    -1  -1   4   3  -4  -1   1   0   2  -5  -4   0  -3  -5  -2   3  -1  -5  -3  -4    3   2  24  20   0   1   6   8   5   0   0   5   1   0   1  21   2   0   0   0  0.56 0.23
   37 C    -5  -8  -7  -8  12  -7  -8  -7  -7  -5  -6  -7  -6  -7  -7  -5  -5  -7  -7  -5    0   0   0   0 100   0   0   0   0   0   0   0   0   0   0   0   0   0   0   0  4.19 0.82
   38 P     0  -2  -3   1  -4   0   0  -1  -3  -3  -3  -1  -2  -5   6   1   1  -5  -4   0    8   1   0   7   0   3   5   3   0   0   1   4   1   0  36  12  10   0   0   8  0.67 0.24
   39 V     1   0   1  -2  -3  -1   0  -2  -2  -2  -1   2  -1  -2   3   0   0  -4   0   1   15   5   7   1   0   1   4   1   0   1   4  18   1   1  17   5   6   0   4  11  0.25 0.14
   40 L    -1   2  -2  -3  -4   0  -2  -4   1  -2  -1   3  -2  -4   4   0   1  -5  -3   0    4  12   0   0   0   3   1   0   5   1   6  22   0   0  22   5   9   0   0   9  0.45 0.20
   41 T    -2  -4  -1  -4  -4  -3  -2  -4  -4  -4  -3  -2  -4  -3  -2   1   7  -5  -4  -2    2   0   3   0   0   0   2   0   0   0   1   1   0   1   1   7  79   0   0   1  1.54 0.47
   42 C    -5  -8  -7  -4  12  -7  -5  -7  -7  -5  -6  -7  -6  -7  -7  -5  -5  -7  -7  -5    0   0   0   1  98   0   1   0   0   0   0   0   0   0   0   0   0   0   0   0  4.02 0.80
   43 G     1  -1   1   0  -2  -1   1   3  -1  -4  -3  -1  -2  -3  -1   2   0  -4  -4  -3   14   4   7   5   1   2  12  27   1   0   1   2   0   1   3  16   4   0   0   1  0.35 0.16
   44 P     1  -4  -2   1  -5  -2   1  -2  -4  -3  -3  -3  -2  -5   6   1  -2  -6  -5  -3   13   0   1   7   0   1  10   2   0   1   2   0   1   0  48   9   2   0   0   1  1.07 0.33
   45 A     1  -1   2   3  -4  -2   0   0   4  -4  -3  -2  -3  -4  -3   2   0  -5  -2  -3   13   3   9  22   0   0   6   5  13   0   2   1   0   0   0  19   6   0   0   1  0.44 0.21
   46 S    -2  -2   0   3  -5   4   4  -4   3  -5  -5   0   0  -4  -4   1  -1  -5  -2  -4    1   0   2  14   0  22  31   0   8   0   0   3   3   1   0  13   2   0   1   0  0.74 0.29
   47 F    -6  -7  -7  -7  -6  -7  -7  -7  -5  -4  -3  -7  -4   9  -8  -6  -6  -3   1  -5    0   0   0   0   0   0   0   0   0   0   1   0   0  96   0   0   0   0   2   0  2.94 0.66
   48 Q    -1   3  -3  -2  -3   6   0  -4   1  -4  -4   0  -1  -5  -2  -1   2  -5  -4   0    3  15   0   2   0  43   3   0   3   0   0   3   1   0   1   4  15   0   0   6  0.79 0.32
   49 C    -5  -8  -7  -8  12  -7  -8  -7  -7  -5  -6  -7  -6  -7  -7  -5  -5  -7  -7  -5    0   0   0   0 100   0   0   0   0   0   0   0   0   0   0   0   0   0   0   0  4.19 0.82
   50 N    -1   0   5   2  -5   0  -1   1   2  -5  -5   2  -3  -5  -2   0  -2  -5  -4  -5    3   4  38  12   0   5   1  11   5   0   0  13   1   0   1   6   1   0   0   0  0.69 0.26
   51 S    -2  -3   7   2  -5  -3  -2   0  -3  -4  -6  -3  -5  -6  -4   3  -1  -6  -5  -5    3   1  51  12   0   0   0   6   0   1   0   0   0   0   0  24   3   0   0   0  1.17 0.39
   52 S    -1  -3   0  -3  -4  -3  -4   6  -4  -4  -6  -3  -5  -5  -4   4   0  -5  -5  -5    2   1   4   0   0   0   0  54   0   1   0   1   0   0   0  31   6   0   0   0  1.16 0.37
   53 T     0   2   0  -2  -3   1   1  -2   5  -2  -2   0   0  -2  -3   1   1  -4   0  -1    8  13   4   1   0   8   7   2  18   2   1   4   2   1   0  10   9   0   3   6  0.27 0.15
   54 C    -5  -8  -7  -8  12  -7  -8  -7  -7  -5  -6  -7  -6  -7  -7  -5  -5  -7  -7  -5    0   0   0   0 100   0   0   0   0   0   0   0   0   0   0   0   0   0   0   0  4.19 0.82
   55 I    -4  -4  -6  -6  -4  -6  -6  -7  -6   7  -1  -6  -1  -3  -6  -5  -4  -6  -4   4    0   1   0   0   0   0   0   0   0  73   2   0   1   0   0   0   0   0   0  23  1.72 0.46
   56 P    -3  -1  -3  -4  -6  -2  -4  -5   3  -6  -5  -4  -5  -4   8   0  -2  -7  -5  -4    1   4   1   1   0   1   0   0   8   0   1   0   0   1  75   6   2   0   0   1  2.13 0.53
   57 Q     0   0   1   0  -3   2   2   0   0  -1   0   1   0  -2  -2   1  -1  -3  -2  -2    6   5   8   3   0  12  13   7   2   4  14   8   3   1   0  11   1   0   1   1  0.13 0.10
   58 L    -1   4  -1  -2  -3   0  -2  -3   0  -2   2   0   0  -2  -2   2   0   0  -2  -2    5  28   3   1   0   3   1   1   2   1  23   3   2   1   1  16   5   1   1   1  0.31 0.18
   59 W    -7  -3  -8  -8  -7  -6  -7  -7  -7  -7  -6  -1  -6   1  -8  -7  -7  13  -2  -7    0   2   0   0   0   0   0   0   0   0   0   4   0   4   0   0   0  90   0   0  4.29 0.84
   60 A     2   3  -3  -3  -4   2  -2  -3   1  -2  -1   3   0  -4  -3  -2  -1  -4  -2   2   20  19   0   0   0  11   0   0   4   1   4  18   3   0   0   1   4   0   0  15  0.39 0.21
   61 C    -5  -8  -7  -8  12  -7  -8  -7  -7  -5  -6  -7  -6  -7  -7  -5  -5  -7  -7  -5    0   0   0   0 100   0   0   0   0   0   0   0   0   0   0   0   0   0   0   0  4.19 0.82
   62 D    -5  -5   1   8  -7  -4  -2  -5  -5  -7  -7  -4  -7  -7  -5  -4  -5  -8  -7  -7    0   0   6  94   0   0   0   0   0   0   0   0   0   0   0   0   0   0   0   0  2.58 0.62
   63 N    -1  -1   1   1  -5   0  -3   6   0  -6  -5  -1  -5  -3  -4  -1  -3  -5  -3  -5    3   3   6   7   0   4   1  64   2   0   1   3   0   1   0   4   0   0   1   0  1.08 0.33
   64 D    -4  -4  -1   7  -6   1   4  -5   0  -4  -5  -3  -5  -6  -4  -2  -4  -6  -2  -2    0   0   1  60   0   7  23   0   2   1   1   0   0   0   0   1   0   0   1   3  1.44 0.42
   65 P     1   2   3   0  -4  -1   1  -3   1  -2  -3   0  -2  -2   4  -1  -1  -4  -1  -2   11  11  15   6   0   1   8   0   3   3   1   3   1   2  25   2   4   0   2   2  0.44 0.18
   66 D    -5  -5  -2   8  -7  -4   1  -5  -5  -7  -7  -4  -7  -7  -5  -4  -5  -8  -7  -7    0   0   0  93   0   0   7   0   0   0   0   0   0   0   0   0   0   0   0   0  2.52 0.61
   67 C    -5  -8  -7  -8  12  -7  -8  -7  -7  -5  -6  -7  -6  -7  -7  -5  -5  -7  -7  -5    0   0   0   0 100   0   0   0   0   0   0   0   0   0   0   0   0   0   0   0  4.19 0.82
   68 E     0  -1  -2  -1  -4   1   2   2  -1  -3  -1   0   0  -4   3   1  -1  -4  -2  -2    8   3   0   3   0   8  19  14   1   0   6   6   3   0  14  12   1   0   1   1  0.29 0.15
   69 D    -5  -5   0   8  -7  -4  -1  -5  -5  -7  -7  -4  -7  -7  -5  -4  -5  -8  -7  -7    0   0   3  96   0   0   1   0   0   0   0   0   0   0   0   0   0   0   0   0  2.61 0.62
   70 G    -3  -3   2  -1  -5   0  -3   6   1  -6  -4  -2  -3  -2  -5  -2  -3   1  -1  -5    0   1  11   3   0   4   1  63   4   0   1   3   1   2   0   2   1   2   2   0  1.10 0.34
   71 S    -1  -3  -3  -3  -4  -4  -3  -4  -4  -6  -6  -4  -5  -6  -4   7  -1  -6  -5  -5    2   1   0   1   0   0   1   0   0   0   0   0   0   0   0  93   2   0   0   0  1.92 0.58
   72 D    -6  -5  -2   8  -7  -4  -2  -5  -5  -7  -8  -4  -7  -7  -5  -4  -5  -8  -7  -7    0   0   0 100   0   0   0   0   0   0   0   0   0   0   0   0   0   0   0   0  2.81 0.65
   73 E    -5  -4  -4  -1  -8  -2   8  -6  -4  -7  -7  -3  -6  -7  -5  -4  -5  -7  -6  -6    0   0   0   1   0   0  99   0   0   0   0   0   0   0   0   0   0   0   0   0  2.48 0.64
   74 W     1  -3  -2   2  -3  -2  -1  -2   0  -4  -3  -2  -3  -2   0   3  -1   8  -2  -3   15   1   1  12   0   1   3   2   3   0   1   1   0   1   4  27   3  24   0   1  0.80 0.26
   75 P     0  -2  -2  -2  -3  -1   0  -3   0  -1  -1   0   0  -4   6  -1  -2  -4  -3  -1    6   1   1   1   0   2   7   2   2   4   7   5   2   1  50   3   2   0   0   5  0.95 0.25
   76 Q     1  -1  -2   0  -3   4   5  -3  -1  -3  -4   0  -3  -5  -3   0   0  -5  -4  -2   11   2   1   3   1  21  39   1   1   1   1   5   0   0   0   7   5   0   0   2  0.67 0.27
   77 R    -2   3   4  -2  -4   1   0  -3   3  -1  -1  -1  -1  -3  -4   0   1  -4  -2  -2    1  18  25   0   0   7   7   0   8   5   8   2   2   1   0   4  11   0   1   1  0.40 0.20
   78 C    -4  -8  -7  -8  12  -7  -8  -7  -7  -5  -5  -7  -6  -7  -7  -5  -5  -7  -7  -5    0   0   0   0 100   0   0   0   0   0   0   0   0   0   0   0   0   0   0   0  4.14 0.79

                      K         Lambda
Standard Ungapped    0.1357     0.3214
Standard Gapped      0.0602     0.2670
PSI Ungapped         0.1983     0.3158
PSI Gapped           0.0602     0.2670
