
Last position-specific scoring matrix computed, weighted observed percentages rounded down, information per position, and relative weight of gapless real matches to pseudocounts
            A   R   N   D   C   Q   E   G   H   I   L   K   M   F   P   S   T   W   Y   V   A   R   N   D   C   Q   E   G   H   I   L   K   M   F   P   S   T   W   Y   V
    1 L    -1  -3  -3  -4  -1  -3  -3  -4  -3   3   2  -3   1   0  -3  -2  -1  -3  -1   3    0   0   0   0   0   0   0   0   0  25  32   0   0   0   0   0   0   0   0  42  0.38 0.03
    2 K    -1   1   2  -1  -3   0   0  -2  -1  -1  -2   4  -1  -3  -2   0   1  -3  -2   0    0   0  19   0   0   0   0   0   0   0   0  51   0   0   0   7  11   0   0  13  0.32 0.08
    3 I    -1  -2  -2  -2  -2  -2  -2  -3  -3   4   1  -1   0  -1  -3   1   0  -3  -2   2    0   0   0   0   0   0   0   0   0  50  12   6   0   0   0  25   0   0   0   8  0.26 0.09
    4 D     0  -1   0   4  -3   0   2   0  -1  -3  -3   1  -2  -3  -2   1   2  -4  -3  -2    5   0   0  35   0   0  16   6   0   0   0  10   0   0   0   8  21   0   0   0  0.40 0.07
    5 Q    -1   1   2   1  -3   2   0   1  -1  -3  -3   1  -2  -4   3   1  -1  -3  -3  -3    0   6  13  11   0  11   0  12   0   0   0  14   0   0  21  12   0   0   0   0  0.41 0.06
    6 K     0   1  -1  -2  -4   0   0  -2  -2  -3  -3   6  -2  -4  -2  -1  -1  -4  -3  -3   10   0   0   0   0   0   0   0   0   0   0  90   0   0   0   0   0   0   0   0  0.84 0.17
    7 I    -2  -3  -4  -4  -2  -3  -4  -4  -3   5   2  -3   1   0  -3  -3  -1  -2   2   2    0   0   0   0   0   0   0   0   0  71  11   0   0   0   0   0   0   0  10   9  0.57 0.12
    8 R     1   2   1  -1  -2   1   1   1  -1  -2  -2   2  -2  -3  -2   1  -1  -3  -2  -1   12  17   9   0   0   4  10  13   0   0   0  16   0   0   0  12   0   0   0   8  0.21 0.04
    9 G    -1   1   4   1  -3   2   1   1   0  -4  -3   0  -2  -3  -2   1  -1  -4  -3  -3    0   8  39   7   0  12  11  11   0   0   0   0   0   0   0  12   0   0   0   0  0.44 0.08
   10 Q    -2   0  -1  -1  -4   7   1  -3  -1  -4  -3   0  -1  -4  -2  -1  -2  -3  -2  -3    0   0   0   0   0 100   0   0   0   0   0   0   0   0   0   0   0   0   0   0  1.32 0.23
   11 M    -2  -3  -3  -4  -2  -2  -3  -4  -3   3   2  -2   7  -1  -3  -3  -1  -2  -2   1    0   0   0   0   0   0   0   0   0  21  12   0  67   0   0   0   0   0   0   0  0.75 0.17
   12 P     1  -1   0  -1  -2   0   0   2  -2  -2  -2   1  -2  -3   2   1   0  -3  -2  -1   14   0   5   0   0   0   8  21   0   0   0  15   0   0  12  10   5   0   0   9  0.24 0.04
   13 E     0   1   1   0  -3   1   1   0  -1  -1  -2   3  -2  -3  -2   1   0  -3  -2  -2    8   0   4   5   0   5   6   4   0   6   0  45   0   0   0  11   5   0   0   0  0.26 0.07
   14 R    -2   7  -1  -2  -4   0  -1  -3  -1  -4  -3   1  -2  -4  -3  -2  -2  -4  -3  -3    0 100   0   0   0   0   0   0   0   0   0   0   0   0   0   0   0   0   0   0  1.29 0.19
   15 G    -1  -3  -1  -2  -3  -3  -3   6  -3  -5  -5  -2  -4  -4  -3  -1  -2  -3  -4  -4    0   0   0   0   0   0   0 100   0   0   0   0   0   0   0   0   0   0   0   0  1.44 0.17
   16 W    -4  -4  -5  -6  -4  -3  -4  -4  -4  -4  -3  -4  -3   0  -5  -4  -4  12   1  -4    0   0   0   0   0   0   0   0   0   0   0   0   0   0   0   0   0 100   0   0  3.32 0.29
   17 T     0  -2   0   0  -2  -1  -1  -2  -2  -2  -2  -1  -2  -3  -2   3   5  -3  -2  -1    0   0   0   6   0   0   0   0   0   0   0   0   0   0   0  25  69   0   0   0  0.63 0.14
   18 E    -1   0   3   0  -3   3   4  -2  -1  -2  -3   1  -2  -3  -2   0   1  -3  -2  -1    0   0  20   0   0  16  40   0   0   0   0   6   0   0   0   0  14   0   0   5  0.43 0.09
   19 D     0   0   0   3  -3   3   3  -2  -1  -2  -3   1  -2  -3  -2   1  -1  -3  -2  -1    8   0   0  18   0  26  22   0   0   0   0   9   0   0   0  11   0   0   0   6  0.37 0.07
   20 D     0  -1   0   3  -2   0   2  -2  -1  -1  -1  -1   0  -2  -2   2   1  -3  -2   0    0   0   0  25   0   0  15   0   0   0   6   0   6   0   0  36   5   0   0   7  0.28 0.08
   21 I    -1  -3  -4  -4  -2  -3  -3  -4  -4   4   2  -3   1  -1  -3  -3  -1  -3  -2   4    0   0   0   0   0   0   0   0   0  43  12   0   0   0   0   0   0   0   0  45  0.52 0.10
   22 K     1   2   1  -1  -3   2   2  -2  -1  -2  -1   3  -1  -3  -2   0  -1  -3  -2  -2   13  16   6   0   0  12  12   0   0   0   7  33   0   0   0   0   0   0   0   0  0.32 0.07
   23 N    -1  -1   2   4  -3   0   2   0  -1  -3  -2   0  -2  -3  -2   1  -1  -4  -3  -3    4   0  14  39   0   0  14   7   0   0   6   8   0   0   0   9   0   0   0   0  0.41 0.07
   24 T    -1  -2  -2  -3  -1  -2  -2  -3  -3   2   1  -2   0  -2  -2  -1   3  -3  -2   3    0   0   0   0   0   0   0   0   0   5   8   0   0   0   0   0  38   0   0  49  0.39 0.11
   25 V    -1  -3  -3  -4  -2  -3  -3  -4  -3   4   1  -3   1   1  -3  -2   0  -2   1   3    0   0   0   0   0   0   0   0   0  51   0   0   5   7   0   0   4   0   6  27  0.41 0.09
   26 S     1  -1   3   2  -2   1   0   0  -1  -2   0   0  -1  -3  -2   1   0  -3  -2  -2   16   0  20  18   0   7   0   6   0   0  12   5   0   0   0  15   0   0   0   0  0.20 0.05
   27 N     0   0   5   0  -3   0   1  -1   2  -3  -3   3  -2  -3  -2   0  -1  -3  -2  -3    6   0  44   0   0   0   8   0   8   0   1  29   0   0   0   0   0   0   0   0  0.46 0.09
   28 G    -1  -3  -1  -2  -3  -2  -2   4  -2  -4  -4  -2  -3  -4   5  -1  -2  -3  -3  -3    0   0   0   0   0   0   0  53   0   0   1   0   0   0  42   0   0   0   0   0  1.10 0.12
   29 A     1   0  -1  -2  -2   0  -1  -2   1  -1  -2   2  -1  -1   3   0  -1  -2   2   0   22   1   0   1   0   0   1   1   4   1   1  26   0   0  19   1   1   0  13   9  0.27 0.06
   30 T     0  -1  -1  -1  -1  -1  -1  -2  -2   0  -1   2  -1  -2  -1   0   4  -2  -2   1    1   1   1   1   0   1   1   1   0   1   2  18   0   1   1   1  48   0   1  19  0.26 0.07
   31 G     0  -1  -1  -1  -1  -1   0   4  -1  -1   0  -1  -1  -1  -1  -1  -1  -2  -1   0    3   2   2   2   1   1   8  42   1   2  12   2   1   1   2   2   2   0   1  15  0.22 0.03
   32 T     0   0   0  -1  -1   0   0   1  -1  -1  -1   1  -1  -1  -1   2   2  -1   0   0    3   2   2   2   1   1   2  11   1   2   3  12   1   1   2  24  16   0   6   9  0.10 0.02
   33 S     1  -1   0  -1  -1   0   0  -1  -1  -1  -1   0  -1  -2  -1   2   3  -2  -1  -1    7   2   2   2   1   1   2   3   1   2   3   2   1   1   2  28  38   0   1   2  0.25 0.05
   34 F     0   1   0  -1  -1   0   0  -1  -1   0  -1   1   0   0  -1   1   1  -1  -1   0    7  13   2   2   1   1   7   3   1   6   3   9   5   7   2  17   7   0   1   6  0.05 0.01
   35 D    -1  -1   0   5  -2  -1   1  -1  -1  -1  -2  -1  -2  -2  -1   0  -1  -2  -2   0    3   2   2  59   1   1   2   3   1   2   3   2   1   1   2   2   2   0   1  11  0.46 0.06
   36 K    -1   1   3   0  -2   1   0  -1   0  -2  -2   3  -1  -2  -1   0   1  -2  -1  -2    2   1  23   1   1   5   2   2   1   1   3  35   1   1   1   2  14   0   1   2  0.25 0.05
   37 R    -1   5   1  -1   1   0   0  -2   1  -2  -2   2  -1  -2  -1  -1  -1  -2  -1  -2    2  54   7   1   5   1   1   2   5   1   2  10   1   1   1   2   1   0   1   2  0.43 0.07
   38 S     0   2  -1  -1  -2   0  -1  -1   0  -1  -1   0  -1   1  -1   2   0   3   3   0    2  17   1   1   0   1   1   2   1   1   2   1   1   8   1  30   1   6  15   8  0.17 0.04
   39 P     1  -2   1   1  -2  -1  -1   1  -2  -2  -3  -1  -2  -3   4   0   3  -3  -3  -2   20   0  11   7   0   0   0  12   0   0   0   0   0   0  21   0  29   0   0   0  0.41 0.07
   40 K     0   3   1  -1  -2   0  -1   1  -1  -2  -2   2   0  -2  -2   1  -1  -2   1  -2    6  27   7   0   0   0   0  13   0   0   1  15   6   0   0  15   0   0   8   0  0.22 0.05
   41 K     0   1   2  -1  -2   1   0  -1  -1  -2  -2   4  -1  -2  -1   0  -1  -2  -2  -2    7   1  13   1   1   1   2   2   1   1   2  58   1   1   1   2   2   0   1   2  0.34 0.07
   42 T     1  -1   0  -1  -1  -1  -1  -1  -1  -1  -1  -1  -1  -2  -1   2   3  -2  -1   0   14   1   1   1   1   1   2   2   1   1   2   2   1   1   1  22  35   0   1   9  0.22 0.05
   43 P    -1  -2  -1   0  -2  -1  -1  -2  -2   0  -1  -1  -1   0   5  -1   0  -2  -1   1    2   1   1   6   1   1   2   2   1   6   2   2   1   7  37   2   9   0   1  17  0.46 0.05
   44 P     0  -1   4   0  -1   0   0  -1   0   0  -1   0  -1  -1   2   0   0  -2  -1  -1   10   2  36   2   1   2   3   3   1   9   4   2   1   2  12   3   2   1   1   3  0.21 0.03
   45 D    -1   1   0   5  -3   0   1  -2  -1  -3  -3   3  -2  -3  -2   0  -1  -3  -3  -3    1   7   0  51   0   0   1   1   0   0   1  28   0   0   0   7   0   0   0   1  0.57 0.09
   46 Y     2  -2   0  -2  -2  -1  -2   4  -1  -2  -2  -1  -2   0  -2   0  -1  -2   1  -2   35   0   5   0   0   0   1  43   0   0   1   0   0   5   0   1   0   0   6   1  0.42 0.07
   47 L    -1  -2  -1  -2  -1  -2  -2  -2  -2   0   2  -2   0  -1  -2   0   4  -2  -2   1    1   0   0   0   0   0   1   1   0   0  35   0   0   0   0   1  53   0   0   6  0.35 0.09
   48 G     0   2  -1  -2  -3  -1  -2   5  -2  -3  -3  -1  -2  -3   3  -1  -2  -3  -3  -3    5  18   0   0   0   0   1  56   0   0   1   0   0   0  15   1   0   0   0   1  0.64 0.09
   49 R    -1   4  -1  -1  -2   0   0   0  -1  -1   0   1  -1  -2  -1  -1  -1  -2  -1  -1    3  47   2   2   1   2   2  10   1   2  10   8   1   1   2   3   2   0   1   2  0.27 0.04
   50 N     0  -1   6   2  -3  -1  -1  -1   0  -4  -4  -1  -3  -4  -2   1  -1  -4  -3  -3    7   0  72  11   0   0   0   0   0   0   0   0   0   0   0  10   0   0   0   0  0.81 0.14
   51 D     1  -2   0   5  -3  -1   0   0  -2  -3  -4  -1  -3  -4   2   1  -1  -4  -3  -3   14   0   0  61   0   0   0   4   0   0   0   0   0   0   9  13   0   0   0   0  0.67 0.11
   52 P     2  -2  -2  -2  -2  -1  -1  -2  -2  -1  -2  -1  -2  -3   5   1   2  -3  -3   0   27   0   0   0   0   0   0   0   0   0   0   0   0   0  37  10  18   0   0   9  0.65 0.09
   53 A     4  -2  -1  -2  -1  -1   0  -1  -2  -2  -2  -1  -1  -3  -1   1   3  -3  -2  -1   57   0   0   0   0   0   7   0   0   0   0   0   0   0   0   0  35   0   0   0  0.46 0.12
   54 T     1  -2  -1  -2  -1  -1  -2  -2  -2   0   0  -1  -1  -1  -2   2   3  -2   1   1   10   0   0   0   0   0   0   0   0   0   9   0   0   0   0  18  39   0   7  16  0.25 0.08
   55 V     0  -3  -3  -3  -2  -2  -3  -1  -1   1   0  -3   0   2  -3  -2  -1  -1   4   3    6   0   0   0   0   0   0   7   0   0   0   0   0   8   0   0   0   0  28  52  0.37 0.10
   56 Y    -3  -2   1  -3  -3  -2  -3  -4   1  -2  -2  -3  -2   3  -4  -2  -2   1   8  -2    0   0   9   0   0   0   0   0   0   0   0   0   0   6   0   0   0   0  85   0  1.22 0.17
   57 G     0   1   1   2  -3  -1  -1   3  -2  -1  -2  -1  -2  -3   1   0   0  -3  -3  -2    6  13   5  16   0   0   0  36   0   9   0   0   0   0   9   0   6   0   0   0  0.30 0.05
   58 S     1   0   0   1  -2   0   2  -1  -1  -3  -3   3  -2  -3  -1   3   0  -3  -2  -2    9   0   0   9   0   0  15   0   0   0   0  27   0   0   0  39   0   0   0   0  0.37 0.08
   59 P     0   0   0   4  -3   0   0  -2  -2  -3  -3   2  -2  -1   3   1  -1  -3  -2  -3    5   0   0  36   0   0   0   0   0   0   0  25   0   5  14  15   0   0   0   0  0.43 0.07
   60 G    -1  -2   2   1  -3  -2  -2   5  -2  -1  -3  -2  -2  -3  -3   0  -1  -3  -3  -2    0   0  17   7   0   0   0  63   0   9   0   0   0   0   0   4   0   0   0   0  0.66 0.09
   61 K     1   0   1  -1  -2   0  -1   3   3  -3  -3   2  -2  -3  -2   1   0  -3  -1  -2   12   0   4   0   0   0   0  27  16   0   0  23   0   0   0  14   4   0   0   0  0.32 0.06
   62 Y    -3  -3  -3  -4  -3  -2  -3  -4   1  -2  -2  -3  -2   3  -4  -3  -3   1   8  -2    0   0   0   0   0   0   0   0   0   0   0   0   0   9   0   0   0   0  91   0  1.43 0.19
   63 V    -1  -3  -4  -4  -1  -3  -3  -4  -4   3   0  -3   0  -1  -3  -2  -1  -3  -2   5    0   0   0   0   0   0   0   0   0  15   0   0   0   0   0   0   0   0   0  85  0.65 0.13
   64 V     1  -3  -3  -3  -1  -2  -3  -3  -3   3   1  -2   1  -1  -2  -1   0  -3  -2   4   12   0   0   0   0   0   0   0   0  23   0   0   5   0   0   0   0   0   0  59  0.33 0.04
   65 V    -1   2  -3  -3   2  -2  -2  -3  -3   3   0  -1   0  -1  -3  -2  -1  -3  -2   3    0  18   0   0   8   0   0   0   0  20   0   0   0   0   0   0   0   0   0  54  0.27 0.04
   66 N    -2  -1   5   5  -3   0   0  -1   0  -4  -4  -1  -3  -4  -2   0  -1  -4  -3  -3    0   0  52  48   0   0   0   0   0   0   0   0   0   0   0   0   0   0   0   0  0.81 0.06
   67 D    -2  -1   5   5  -3   0   1  -1  -1  -4  -4  -1  -3  -4  -2   0  -1  -4  -3  -3    0   0  46  54   0   0   0   0   0   0   0   0   0   0   0   0   0   0   0   0  0.82 0.06
   68 R     0   4   1  -1  -2   0  -1  -2  -1   2  -1   1  -1  -2  -2  -1  -1  -3  -2   0    8  39  13   0   0   0   0   0   0  31   0  10   0   0   0   0   0   0   0   0  0.22 0.03
   69 T    -1  -2   0   2  -1  -1  -1  -2  -2  -1  -2  -1  -1  -3  -2   1   5  -3  -2  -1    0   0   0  13   0   0   0   0   0   0   0   0   0   0   0   0  87   0   0   0  0.57 0.07
   70 G    -1   0   2  -1  -3   0  -1   4  -1  -4  -3   3  -2  -3  -2   0  -1  -3  -3  -3    0   0  12   0   0   0   0  50   0   0   0  38   0   0   0   0   0   0   0   0  0.54 0.04
   71 E    -1   0   0   2  -3   2   4  -2  -1  -3  -3   1  -2  -3  -1   1   1  -3  -2  -2    0   0   0   8   0   8  48   0   0   0   0  12   0   0   0   6  18   0   0   0  0.44 0.04
   72 V     0  -3  -3  -3  -1  -3  -3  -3  -3   3   1  -3   1  -1  -3  -2  -1  -3  -2   4   11   0   0   0   0   0   0   0   0  36   0   0   0   0   0   0   0   0   0  53  0.38 0.05
   73 T     0  -3  -3  -3  -1  -2  -3  -3  -3   3   1  -2   1  -1  -3  -2   0  -3  -2   4    4   0   0   0   0   0   0   0   0  17  11   0   0   0   0   0   6   0   0  63  0.35 0.05
   74 Q    -1   1  -1  -1  -4   7   1  -2   0  -3  -3   1  -1  -4  -2  -1  -1  -3  -2  -3    0   0   0   0   0 100   0   0   0   0   0   0   0   0   0   0   0   0   0   0  0.99 0.11
   75 I    -1  -3  -3  -4  -1  -3  -3  -4  -3   4   1  -3   1   1  -3  -2  -1  -3  -1   4    0   0   0   0   0   0   0   0   0  40   0   0   0   5   0   0   0   0   0  55  0.43 0.05
   76 S     2  -1   0  -1  -1  -1  -1  -1  -1  -3  -3  -1  -2  -3  -1   4   1  -3  -2  -2   17   0   0   0   0   0   0   0   0   0   0   0   0   0   0  83   0   0   0   0  0.55 0.07
   77 D    -1  -2   3   5  -3  -1   0   2  -1  -4  -4  -1  -3  -4  -2   0  -1  -4  -3  -3    0   0  23  55   0   0   0  22   0   0   0   0   0   0   0   0   0   0   0   0  0.69 0.06
   78 K    -1   3   1  -1  -3   1   0  -2  -1  -1  -1   3   1  -2  -2  -1  -1  -2  -2  -1    1  25   8   1   0   0   1   1   0   6   1  42  11   0   1   1   1   0   0   1  0.29 0.04
   79 T    -1  -1   4   0  -2  -1  -1  -1   0   0  -1  -1  -1   3  -2   0   1  -1   2  -1    1   1  41   1   0   0   1   1   0   8   1   1   0  19   1   6   9   0   9   1  0.24 0.03
   80 D    -2  -1   2   6  -3   0   1  -1  -1  -3  -3   1  -3  -3  -1   0  -1  -4  -3  -3    1   1   8  72   0   0   1   1   0   1   1  11   0   0   1   1   1   0   0   1  0.72 0.06
   81 P     0  -1  -2  -2  -3  -1  -1  -2  -2  -3  -3   2  -2  -4   6   0  -1  -4  -3  -2   10   0   0   0   0   0   0   0   0   0   0  23   0   0  61   6   0   0   0   0  1.15 0.06
   82 G     0   0   3   2  -3   0   0   3  -1  -3  -3   0  -2  -3  -2   1  -1  -3  -3  -3    6   4  30  10   0   0   5  32   0   0   0   5   0   0   0   7   0   0   0   0  0.41 0.03
   83 W    -3  -3  -4  -5  -3  -3  -4  -3  -3  -3  -2  -4  -2   2  -4  -3  -3  11   2  -3    0   0   0   0   0   0   0   0   0   0   0   0   0  11   0   0   0  89   0   0  2.53 0.13
   84 V     0  -2  -2  -2  -1   1  -2  -2  -2   3   0  -2   0  -1  -2   0   0  -3  -2   3    7   0   0   0   0  11   0   0   0  34   0   0   0   0   0  12   0   0   0  36  0.19 0.03
   85 D     0  -2  -1   2  -3  -1   0  -2  -2  -2  -3  -1  -2  -3   6  -1  -1  -4  -3  -1   11   0   0  17   0   0   7   0   0   0   0   0   0   0  56   0   0   0   0   8  0.99 0.05
   86 D    -2  -2   3   6  -4  -1   1  -1  -1  -4  -4  -1  -3  -4  -2   0  -1  -5  -3  -4    0   0  14  86   0   0   0   0   0   0   0   0   0   0   0   0   0   0   0   0  0.97 0.06
   87 S     1  -1   0  -1  -2  -1  -1   1   3  -3  -3  -1  -2  -3   3   2   0  -3  -1  -2   18   0   0   0   0   0   0  11  15   0   0   0   0   0  17  39   0   0   0   0  0.37 0.02
   88 R    -1   4  -1  -2  -2   0  -1   1  -1  -2   0   1  -1  -2  -2   1  -1  -3  -2  -2    0  50   0   0   0   0   0  12   0   0  15   0   0   0   0  23   0   0   0   0  0.29 0.03
   89 I    -2  -3  -4  -4  -2  -3  -4  -4  -4   5   1  -3   1   0  -3  -3  -1  -3  -2   2    0   0   0   0   0   0   0   0   0 100   0   0   0   0   0   0   0   0   0   0  0.54 0.05
   90 Q    -1   0   0  -1  -2   3   0  -2  -1   2   0   2   0  -2  -2  -1  -1  -3  -2   0    0   0   7   0   0  36   0   0   0  39   0  18   0   0   0   0   0   0   0   0  0.20 0.03
   91 W    -3  -3  -4  -5  -3  -2  -3  -3  -3  -3  -2  -3  -2   1  -4  -3  -3  11   2  -3    0   0   0   0   0   0   0   0   0   0   0   0   0   0   0   0   0 100   0   0  2.46 0.03
   92 G    -1   3   0  -1  -3   1   0   3  -1  -3  -3   3  -2  -3  -2   0  -1  -3  -2  -3    0  21   0   0   0   0   0  31   0   0   0  48   0   0   0   0   0   0   0   0  0.42 0.01
   93 N    -2  -1   5   3  -3   0   0  -1   0  -3  -4   0  -2  -3  -2   0   0  -4  -2  -3    0   0  73  27   0   0   0   0   0   0   0   0   0   0   0   0   0   0   0   0  0.66 0.00

                      K         Lambda
Standard Ungapped    0.1330     0.3098
Standard Gapped      0.0383     0.2670
PSI Ungapped         0.1261     0.3027
PSI Gapped           0.0383     0.2670
