
Last position-specific scoring matrix computed, weighted observed percentages rounded down, information per position, and relative weight of gapless real matches to pseudocounts
            A   R   N   D   C   Q   E   G   H   I   L   K   M   F   P   S   T   W   Y   V   A   R   N   D   C   Q   E   G   H   I   L   K   M   F   P   S   T   W   Y   V
    1 K    -1   2   0  -1  -3   1   1  -2  -1  -3  -3   5  -1  -3  -1   0  -1  -3  -2  -2    0   0   0   0   0   0   0   0   0   0   0 100   0   0   0   0   0   0   0   0  0.52 0.00
    2 L    -1  -2  -3  -4  -1  -2  -3  -4  -3   2   4  -2   3   0  -3  -2  -1  -2  -1   1    0   0   0   0   0   0   0   0   0  19  62   0  19   0   0   0   0   0   0   0  0.39 0.02
    3 F     0  -3  -3  -4  -2  -3  -3  -3  -2   3   1  -3   0   5  -3  -2  -2  -1   1   1   12   0   0   0   0   0   0   0   0  39   0   0   0  50   0   0   0   0   0   0  0.43 0.06
    4 E    -2  -1   3   5  -4   0   3  -2  -1  -4  -4   0  -3  -4  -2   0  -1  -4  -3  -3    0   0  17  53   0   0  30   0   0   0   0   0   0   0   0   0   0   0   0   0  0.78 0.07
    5 H    -2   4   2  -1  -3   0  -1  -3   4  -2   0   1  -1  -2  -3  -1  -1  -2   1  -2    0  49  16   0   0   0   0   0  15   0  13   0   0   0   0   0   0   0   7   0  0.42 0.07
    6 T     0   0   2   1  -2   2   0  -1   3  -3  -3   2  -2  -3  -2   1   2  -3  -1  -2    5   0  17   6   0  13   0   0  14   0   0  16   0   0   0  11  19   0   0   0  0.28 0.04
    7 V    -1   3  -2  -2  -2   1  -1  -3  -2   0   0   1   3  -2  -2  -1   0  -3  -2   2    0  29   0   0   0   5   0   0   0   0   0  10  21   0   0   0   7   0   0  27  0.23 0.06
    8 L    -2   3  -3  -3  -2  -1  -2  -4  -2   2   3  -1   1  -1  -3  -2  -1  -3  -2   1    0  28   0   0   0   0   0   0   0  12  48   0   0   0   0   0   0   0   0  12  0.31 0.06
    9 Y    -2  -3  -3  -4  -3  -3  -3  -4   0  -1  -1  -3  -1   4  -4  -3  -2   1   7   0    0   0   0   0   0   0   0   0   0   0   0   0   0  24   0   0   0   0  66  10  1.05 0.15
   10 D    -2  -2   3   6  -4   0   2  -2  -1  -4  -4  -1  -3  -4  -2   0  -1  -5  -3  -4    0   0  16  62   0   0  16   0   0   0   0   0   0   0   0   6   0   0   0   0  0.87 0.11
   11 S     0  -1   4   3  -2  -1   0  -1  -1  -3  -3  -1  -2  -3  -2   4   1  -4  -3  -3    0   0  25  18   0   0   0   0   0   0   0   0   0   0   0  48   8   0   0   0  0.53 0.10
   12 G     2  -2  -1  -2  -2  -2  -2   4  -2  -3  -3  -2  -2   0   2   1  -1  -3  -2  -2   21   0   0   0   0   0   0  44   0   0   0   0   0   8  11  16   0   0   0   0  0.50 0.07
   13 D     0  -1   2   3  -2  -1   1   0  -1   0   0   1  -1  -2  -2   0   0  -3  -2  -1    8   0  11  24   0   0   5   7   0  11  10  13   0   0   0   6   4   0   0   0  0.14 0.03
   14 A     1  -2   0   5  -2  -1   1  -2  -2  -1   1  -1  -1  -2  -2  -1  -1  -4  -3   0   21   0   0  48   0   0   5   0   0   0  19   0   0   0   0   0   0   0   0   7  0.38 0.08
   15 F    -3  -3  -4  -4  -3  -4  -4  -4  -2  -1   0  -4  -1   7  -4  -3  -3   0   4   1    0   0   0   0   0   0   0   0   0   0   0   0   0  76   0   0   0   0  13  11  1.02 0.14
   16 F    -3  -4  -4  -4  -3  -4  -4  -4  -2   1   0  -4  -1   7  -4  -3  -3   0   2  -1    0   0   0   0   0   0   0   0   0  13   0   0   0  87   0   0   0   0   0   0  1.16 0.16
   17 E     0   0   0   1  -3   1   4  -2  -1  -2  -1   2  -2  -3  -2   2  -1  -3  -2  -2    4   0   4   6   0   0  39   0   0   0  10  18   0   0   0  20   0   0   0   0  0.33 0.07
   18 L    -1  -1  -2  -3  -2  -1  -2  -3  -3   0   4   2   1  -1  -3   0  -1  -3  -2   0    0   0   0   0   0   0   0   0   0   0  66  23   0   0   0  11   0   0   0   0  0.34 0.09
   19 K     0   1   2   1  -3   1   2   1  -1  -2   0   1  -1  -3  -2   1  -1  -3  -2  -2    3   7  12   8   0   6  18   9   0   0  13  13   0   0   0  11   0   0   0   0  0.18 0.03
   20 G    -1  -3  -1  -2  -3  -2   1   6  -2  -4  -3  -2  -3   1  -3  -1  -2  -3  -2  -3    0   0   0   0   0   0  13  76   0   0   0   0   0  11   0   0   0   0   0   0  0.89 0.12
   21 N    -1  -1   5   0  -2  -1  -1  -1  -1  -3  -4  -1  -2  -3  -2   3   2  -4  -3  -3    0   0  57   0   0   0   0   0   0   0   0   0   0   0   0  31  13   0   0   0  0.69 0.12
   22 A     1   1   0  -2  -2  -1  -2   2  -2   1  -1  -1  -1  -2  -2   1   0  -3  -2   1   13  13   6   0   0   0   0  21   0   9   0   0   0   0   0  16   0   0   0  21  0.15 0.05
   23 S    -1  -2  -2  -2   2  -2  -2  -3  -3   1  -1   0  -1  -2   2   0   1   5  -1   2    0   0   0   0   5   0   0   0   0  15   0  10   0   0  13   8  14  11   0  24  0.26 0.06
   24 M    -2  -2  -3  -4  -3  -1  -3  -4   3   2   1  -2   8  -1  -4  -2  -2  -3  -1   0    0   0   0   0   0   0   0   0  11  10   0   0  78   0   0   0   0   0   0   0  0.91 0.19
   25 K    -2   3  -1  -2  -4   0  -1  -3  -1  -3  -3   5  -2  -1  -2  -1  -2   5   3  -3    0  14   0   0   0   0   0   0   0   0   0  60   0   0   0   0   0  11  15   0  0.66 0.12
   26 L    -2  -3  -4  -4  -2  -3  -4  -4  -3   1   5  -3   1   2  -4  -3  -2  -2  -1   1    0   0   0   0   0   0   0   0   0   0  88   0   0   8   0   0   0   0   0   4  0.69 0.12
   27 S     0  -2   0  -1  -2  -1  -1  -2  -2  -2  -2  -1  -2  -3  -2   4   5  -3  -2  -1    0   0   0   0   0   0   0   0   0   0   0   0   0   0   0  41  59   0   0   0  0.67 0.14
   28 P     2  -2  -2  -2  -2  -1  -1  -2  -2  -3  -3   0  -2  -4   6   1   2  -4  -3  -2   21   0   0   0   0   0   0   0   0   0   0   7   0   0  49   7  16   0   0   0  0.92 0.10
   29 K    -1   0   0   3  -3   0   2  -1  -1  -3  -2   3  -2  -3   2   0   0  -4  -3  -3    0   0   3  23   0   0  10   3   0   0   4  37   0   0  11   4   4   0   0   0  0.39 0.07
   30 A     5  -2  -2  -3  -1  -2  -2   1  -2  -2  -2  -2  -2  -3  -2   0  -1  -3  -3  -1   92   0   0   0   0   0   0   8   0   0   0   0   0   0   0   0   0   0   0   0  0.72 0.14
   31 A     5  -2  -2  -2  -1  -2  -2  -1  -2  -2  -2  -1  -2  -3  -2   0   1  -3  -3  -1   89   0   0   0   0   0   0   0   0   0   0   0   0   0   0   0  11   0   0   0  0.69 0.14
   32 I     0  -2  -3  -3  -2  -1  -2  -3  -3   3   3   0   1  -1  -3  -2  -1  -3  -2   2    7   0   0   0   0   3   0   0   0  42  32   8   0   0   0   0   0   0   0   7  0.30 0.07
   33 E     0  -1  -1   2  -3   1   5  -2  -1  -2  -3   0  -2  -4  -2   0   1  -4  -3  -1    9   0   0  10   0   0  64   0   0   0   0   0   0   0   0   0  10   0   0   7  0.59 0.11
   34 V    -1  -3  -3  -4  -2  -3  -3  -4  -4   2   2  -3   0  -1  -3  -2   0  -3  -2   4    0   0   0   0   0   0   0   0   0   7  19   0   0   0   0   0   7   0   0  68  0.49 0.10
   35 C    -1  -4  -4  -5  10  -4  -5  -4  -4   0  -2  -4  -2  -3  -4  -2  -2  -3  -3   1    0   0   0   0  82   0   0   0   0   7   0   0   0   0   0   0   0   0   0  11  1.65 0.19
   36 N    -1   0   2   2  -3   1   3  -2   0  -3  -3   1   0  -2  -2   1  -1  -2   2  -3    0   0  14  17   0   8  23   0   0   0   0  12   4   0   0  11   0   0  11   0  0.32 0.06
   37 E    -2   2  -1  -1  -3   1   3  -3  -1   1   1   1   0  -2  -2  -1   0  -3  -2  -1    0  20   0   0   0   7  34   0   0  11  21   3   0   0   0   0   4   0   0   0  0.25 0.07
   38 A     5  -2  -2  -3   4  -2  -2  -1  -3  -2  -2  -2  -2  -3  -2   1  -1  -3  -3  -1   81   0   0   0  14   0   0   0   0   0   0   0   0   0   0   5   0   0   0   0  0.67 0.13
   39 A     3  -2  -2  -2  -1  -2  -2  -1  -2   1  -1  -2  -1  -2  -2   0   4  -3  -2   0   38   0   0   0   0   0   0   3   0  10   3   0   0   0   0   0  41   0   0   5  0.33 0.09
   40 K    -1   2   0   2  -4   3   3  -2  -1  -3  -3   3  -2  -4  -2  -1  -1  -3  -2  -3    4   7   0  11   0  18  22   0   0   0   0  37   0   0   0   0   0   0   0   0  0.50 0.08
   41 K    -2   3   1  -1  -3   1   0  -2   3  -3  -1   3  -1   1  -2  -1  -1  -2  -1  -3    0  27  10   0   0   6   0   0  12   0   5  28   0  11   0   0   0   0   0   0  0.35 0.07
   42 G    -1  -2   4   3  -3  -1   1   4  -1  -4  -4  -1  -3  -4  -3   0  -1  -4  -3  -4    0   0  33  17   0   0   7  43   0   0   0   0   0   0   0   0   0   0   0   0  0.67 0.10
   43 L    -2  -2  -4  -4   3  -3  -3  -4  -3   2   3  -3   2   3  -4  -3  -2  -2   0   0    0   3   0   0  11   0   0   0   0  13  47   0   8  18   0   0   0   0   0   0  0.41 0.08
   44 W     1  -3  -3  -4  -2  -2  -3  -3  -1   0  -1  -3  -1   2   0  -2  -2   6   5   1   16   0   0   0   0   0   0   0   0   4   0   0   0   9   5   0   0  16  30  19  0.52 0.10
   45 I    -2  -4  -4  -4  -2  -3  -4  -4  -4   5   1  -3   0  -1  -3  -3  -1  -4  -2   4    0   0   0   0   0   0   0   0   0  70   0   0   0   0   0   0   0   0   0  30  0.72 0.14
   46 L     1  -1  -1   1  -2  -1  -1   1  -2  -2   0   1  -1  -2  -2   2   0   3  -2  -1   11   0   0  11   0   0   0  14   0   0  12  14   0   0   0  27   0   5   0   5  0.16 0.05
   47 G    -2   4  -1  -2  -3   0  -1   1   3  -1  -2   2   0  -2  -3  -1  -2   5  -1  -2    0  38   0   0   0   0   0  16  14   4   0  12   5   0   0   0   0  11   0   0  0.45 0.09
   48 I    -2  -3  -4  -4  -2  -3  -4  -4  -2   5   0  -3   0   0  -4  -3  -2  -1   4   2    0   0   0   0   0   0   0   0   0  70   0   0   0   0   0   0   0   0  25   6  0.67 0.14
   49 D    -2  -1  -1   3  -5   1   6  -3  -1  -4  -4   0  -3  -4  -2  -1  -2  -4  -3  -4    0   0   0  16   0   0  84   0   0   0   0   0   0   0   0   0   0   0   0   0  1.08 0.17
   50 G     1  -3  -2  -2   5  -3  -3   5  -3  -3  -3  -2  -3  -4  -3  -1  -2  -3  -4  -3   14   0   0   0  20   0   0  66   0   0   0   0   0   0   0   0   0   0   0   0  0.95 0.13
   51 G    -1  -3  -1  -2  -3  -3  -3   6  -3  -4  -4  -3  -3   2  -3  -1  -3  -3  -2  -4    0   0   0   0   0   0   0  88   0   0   0   0   0  12   0   0   0   0   0   0  1.20 0.15
   52 H    -2  -2   1  -2  -3  -2  -2  -3   6   4   0  -2   0  -1  -3  -2  -2  -3  -1   1    0   0   9   0   0   0   0   0  35  52   0   0   0   0   0   0   0   0   0   4  0.56 0.13
   53 W    -4  -4  -4  -4  -4  -2   1  -4  -3  -4  -3  -3  -3  -1  -5  -4  -4  12   1  -4    0   0   0   0   0   0  14   0   0   0   0   0   0   0   0   0   0  86   0   0  2.77 0.26
   54 L    -2   1  -1  -2  -3  -1  -2  -3   7   1   1  -1  -1  -1  -3   0  -2  -3   0  -1    0   7   0   0   0   0   0   0  49  14  21   0   0   0   0   9   0   0   0   0  0.54 0.12
   55 N    -1  -1   4   2  -3  -1   0   1  -1  -2  -3   1  -2   0  -2   1  -1  -3  -2  -1    2   0  33  14   0   0   4  11   0   0   0  12   0   7   0   8   0   0   0   9  0.27 0.06
   56 P    -1  -3  -1   3  -3  -2  -1   1  -3  -4  -4  -2  -3  -4   6   0  -2  -4  -4  -3    0   0   0  23   0   0   0  14   0   0   0   0   0   0  55   9   0   0   0   0  1.15 0.13
   57 G    -1  -2  -1   2  -3  -2  -2   5  -2  -2  -3   1  -3  -3  -3  -1  -2  -4  -3   0    0   0   0  14   0   0   0  63   0   0   0  11   0   0   0   0   0   0   0  12  0.67 0.11
   58 F    -2  -3  -3  -3  -3   1  -3   1  -2  -1   0  -3   3   6  -4  -2  -2  -1   1  -2    0   0   0   0   0  11   0  12   0   0   0   0  14  63   0   0   0   0   0   0  0.68 0.14
   59 R    -2   4  -1  -1   3   1   3   1  -1  -4  -3   1  -2  -4  -2  -1  -2  -3  -3  -3    0  41   0   0   9   5  33  11   0   0   0   0   0   0   0   0   0   0   0   0  0.54 0.11
   60 I     2  -2  -3  -3  -2  -2  -2  -2  -1   1  -1  -2   0   2   3  -1  -1  -1   4  -1   29   0   0   0   0   0   0   0   0  12   0   0   4  12  18   0   0   0  25   0  0.39 0.09
   61 D    -2   4   0   4  -4   0   4  -3  -1  -4  -4   0  -3  -4  -2  -1  -2  -4  -3  -3    0  33   0  30   0   0  37   0   0   0   0   0   0   0   0   0   0   0   0   0  0.71 0.12
   62 S     1  -2  -2  -2  -2  -2  -2   3  -3   0   1  -2  -1  -2   2   1  -1  -3  -2   0   12   0   0   0   0   0   0  29   0  10  20   0   0   0  14  12   0   0   0   3  0.26 0.06
   63 S    -2   3   2   4  -3   0   0  -2   3  -4  -4   0  -3  -3  -2   1  -1  -4  -2  -3    0  26  14  33   0   0   0   0  11   0   0   0   0   0   0  16   0   0   0   0  0.51 0.10
   64 A     1  -2  -2   1   6  -1   1  -2  -2  -1   0  -2   2  -2  -2  -1   0  -3  -2  -1   20   0   0  11  29   0  14   0   0   0  12   0   9   0   0   0   5   0   0   0  0.34 0.08
   65 S    -1   0  -1   1  -2  -2  -1   1  -2   3  -1  -1  -1  -2  -2   1   1  -3  -2   1    0   5   0  12   0   0   0  14   0  33   0   0   0   0   0  16   9   0   0  11  0.13 0.06
   66 W     0  -4  -5  -5  -3  -3  -4  -3  -4  -4  -3  -4  -3  -1  -5  -3  -3  12   1  -4   12   0   0   0   0   0   0   0   0   0   0   0   0   0   0   0   0  88   0   0  2.84 0.27
   67 T    -1  -2  -1   4  -3  -2  -1   1   2   0  -2  -2  -2  -3  -3   0   1  -4  -2   1    0   0   0  37   0   0   0  15   8   9   0   0   0   0   0   7  11   0   0  12  0.36 0.16
   68 Y    -1   0   2  -2  -3  -1  -2   3  -1  -3  -3   0  -2   3  -3   2  -1  -2   2  -3    0   5  12   0   0   0   0  27   0   0   0   9   0  17   0  19   0   0  11   0  0.34 0.15
   69 D     0  -1   1   3  -3  -1   1  -2  -2   1  -2   2  -2  -1  -2   1  -1  -4  -2   0    6   0   5  27   0   0   9   0   0  13   0  19   0   4   0  12   0   0   0   5  0.24 0.12
   70 M    -2  -2   2   3  -3  -1  -1  -2  -1  -2   0   0   2   1   1   0   0  -2   2  -2    0   0  12  21   0   0   0   0   0   0   9   6  11   8   9   5   7   0  12   0  0.21 0.12
   71 P     1  -1  -2   2  -3  -1  -1  -2  -2  -3  -2   2  -2  -4   5   1  -1  -4  -3  -3   14   0   0  13   0   0   0   0   0   0   4  19   0   0  38  11   0   0   0   0  0.72 0.19
   72 E    -1  -2  -2  -2  -3  -1   2   0  -2  -1   2  -2  -1  -2   4   0   0  -3  -3   0    0   0   0   0   0   0  18   9   0   0  26   0   0   0  22   9   8   0   0   8  0.31 0.13
   73 E    -2  -1   2  -2   2  -1   0  -3  -2   2  -1   2  -1   2  -3  -1   0  -3  -1   2    0   0  13   0   5   0   9   0   0  16   0  21   0  12   0   0   4   0   0  21  0.15 0.13
   74 Y     0  -2   1   3  -3  -1  -1  -2   2  -2  -3  -1  -2  -2   1   2   1  -3   1   0    5   0   6  28   0   0   0   0   6   0   0   0   0   0   8  22   9   0   8   8  0.32 0.14
   75 K     0   0   3   0  -3   2   2  -2  -1  -1  -1   2  -2  -3   1   0  -1  -4  -3  -1    5   0  18   0   0   9  21   0   0   5   5  22   0   0   8   3   0   0   0   4  0.29 0.13
   76 S     0   0   1   2  -3   0   1   2  -1  -3  -3  -1  -2  -4   1   2   0  -4  -3  -3    8   4   6  18   0   4   9  15   0   0   0   0   0   0   5  26   6   0   0   0  0.32 0.11
   77 K     2   0   1   2  -3   0   2  -2  -2  -3  -3   3  -2  -4  -2   1   0  -4  -3  -1   21   0   4  17   0   0  12   0   0   0   0  29   0   0   0   9   4   0   0   4  0.32 0.14
   78 I     3  -3  -3  -3  -2  -3  -3  -2  -3   4   1  -2   0  -2  -3  -1  -1  -3  -2   2   40   0   0   0   0   0   0   0   0  44   9   0   0   0   0   0   0   0   0   7  0.41 0.14
   79 P    -1   1   1   0  -3   2   3  -2   1  -2  -3   2  -2  -3   2   0  -1  -3  -2  -2    4   6  10   0   0  13  30   0   5   4   0  15   0   0   8   4   0   0   0   0  0.36 0.09
   80 E    -1   0   2   2  -3   3   3  -2  -1  -1  -2   1  -2  -2  -2   1  -1  -3   0  -2    0   3  14   9   0  21  23   0   0   4   5   6   0   0   0  11   0   0   4   0  0.31 0.09
   81 N    -3  -2   7   0  -4  -1  -2  -2  -1  -5  -5  -1  -3  -4  -3   0  -1  -5  -3  -4    0   0  94   0   0   0   0   0   0   0   0   0   0   0   0   6   0   0   0   0  1.47 0.27
   82 N    -3  -2   8   0  -4  -1  -2  -2  -1  -5  -5  -2  -4  -4  -3  -1  -1  -5  -4  -4    0   0 100   0   0   0   0   0   0   0   0   0   0   0   0   0   0   0   0   0  1.62 0.29
   83 R    -1   3  -1   1  -3   2   1  -2  -1  -2   0   0  -1  -2  -2   1   0  -3  -2  -2    4  29   0  10   0  15   6   0   0   0  18   0   0   0   0  11   7   0   0   0  0.25 0.09
   84 L     0   3   0  -2  -2  -1   0  -3  -2   1   2   1   0  -2  -3  -1  -1  -3  -2   1    7  24   6   0   0   0   6   0   0   7  31  11   0   0   0   0   0   0   0   9  0.17 0.07
   85 A     6  -3  -3  -3  -2  -2  -2  -1  -3  -3  -3  -2  -2  -3  -2   0  -1  -4  -3  -1  100   0   0   0   0   0   0   0   0   0   0   0   0   0   0   0   0   0   0   0  1.02 0.24
   86 I     1  -1  -2  -2  -2  -1   0  -1  -2   2   2   1   0  -1  -2  -1  -1  -3  -2   1   18   0   0   0   0   0   9   5   0  27  22  13   0   0   0   0   0   0   0   6  0.14 0.07
   87 E     0   1  -1   3  -4   1   5  -3  -1  -4  -4   0  -3  -4  -2  -1  -2  -4  -3  -3   11   6   0  15   0   0  68   0   0   0   0   0   0   0   0   0   0   0   0   0  0.82 0.18
   88 N    -2  -2   5  -1  -3  -2  -2  -2  -1  -2   0  -2   1   5  -4   0  -2  -2   0  -2    0   0  39   0   0   0   0   0   0   0   7   0   4  42   0   7   0   0   0   0  0.61 0.17
   89 I    -2  -4  -4  -4  -2  -4  -4  -5  -4   6   0  -3   0  -1  -4  -3   0  -4  -2   3    0   0   0   0   0   0   0   0   0  75   0   0   0   0   0   0   7   0   0  18  0.78 0.18
   90 K    -2   5   2  -1  -4   1   2  -3  -1  -4  -3   3  -2  -4  -2  -1  -2  -4  -3  -3    0  43  10   0   0   4  13   0   0   0   0  29   0   0   0   0   0   0   0   0  0.68 0.14
   91 D     0  -1   2   2   2   0   4  -2   2  -3  -3  -1  -2  -3  -2   1   0  -4  -2  -3   10   0  11  14   6   0  38   0   6   0   0   0   0   0   0  10   5   0   0   0  0.42 0.11
   92 D    -2  -1   0   5  -5   0   4  -3  -2  -4  -4   1  -3  -4  -2  -1  -2  -5  -3  -4    0   0   0  47   0   0  42   0   0   0   0  11   0   0   0   0   0   0   0   0  0.93 0.18
   93 I     1  -2  -2  -2  -1  -1   0  -2  -2   2   1  -1   3  -1  -2   0  -1  -2  -1   1   18   1   1   1   0   1   6   2   0  26  13   1  14   1   1  11   1   0   1   1  0.12 0.06
   94 E     1  -1  -1  -1  -2   2   2  -1  -1  -2  -2   0  -2  -3   2   2   0  -3  -2  -2   17   1   1   1   0  16  19   1   0   1   1   1   0   1  11  27   1   0   0   1  0.34 0.08
   95 N     1  -1   2   2  -2   0   1  -1  -1  -2  -1   0  -1  -3   1   1   1  -3  -2  -2   20   0  16  15   0   0   9   0   0   0   7   6   0   0   6   7  11   0   0   0  0.21 0.06
   96 G     0  -2  -1  -1   1  -1   1   4  -2  -2  -3  -2  -2  -3   1   1  -1  -3  -3   0    7   0   0   0   5   0  11  47   0   0   0   0   0   0   6   9   0   0   0  12  0.43 0.10
   97 Y    -3  -2  -2  -3   2  -2  -2  -4   7   1  -2  -2  -2   0  -4  -2  -3  -1   6  -2    0   0   0   0   5   0   0   0  47  11   0   0   0   0   0   0   0   0  37   0  1.08 0.22
   98 T    -2  -2   3   5  -3  -1   0   0  -2  -3  -4  -1  -3  -4  -2   0   3  -4  -3  -3    0   0  16  49   0   0   0   6   0   0   0   0   0   0   0   0  29   0   0   0  0.71 0.16
   99 A     4  -3  -3  -3  -1  -2  -2  -2  -3   0  -1  -2  -1  -2  -2   0   1  -4  -2   3   53   0   0   0   0   0   0   0   0   0   0   0   0   0   0   0  11   0   0  37  0.46 0.15
  100 F    -3  -4  -4  -5  -3  -4  -4  -4  -2  -1  -1  -4  -1   8  -5  -3  -3   0   3   1    0   0   0   0   0   0   0   0   0   0   0   0   0  85   0   0   0   0   5  11  1.32 0.23
  101 I    -2  -4  -4  -4   3  -3  -1  -4  -4   5   1  -3   0  -1  -4  -3  -1  -3  -2   3    0   0   0   0   7   0   6   0   0  65   8   0   0   0   0   0   0   0   0  15  0.59 0.15
  102 I    -1  -3  -4  -4  -2  -3  -3  -4  -4   4   2  -3   0   1  -3  -3  -1  -3  -2   4    5   0   0   0   0   0   0   0   0  33  17   0   0   5   0   0   0   0   0  40  0.48 0.12
  103 T    -1  -2  -1  -2   2   1  -2  -3  -3  -2  -2  -2  -2  -3  -2   2   6  -4  -3  -1    0   0   0   0   6   7   0   0   0   0   0   0   0   0   0  11  76   0   0   0  0.82 0.21
  104 L    -2  -3  -4  -4  -2  -3  -4  -4  -4   4   3  -3   1   0  -3  -3  -1  -3  -2   2    0   0   0   0   0   0   0   0   0  57  43   0   0   0   0   0   0   0   0   0  0.54 0.08
  105 K    -1   3   0  -1  -3   1   1  -2  -1  -3  -3   5  -2  -3  -1   0  -1  -3  -2  -3    0  17   0   0   0   0   0   0   0   0   0  83   0   0   0   0   0   0   0   0  0.56 0.02
  106 M    -1  -1  -2  -3  -2   0  -2  -3  -2   1   2  -1   6   0  -3  -2  -1  -2  -1   1    0   0   0   0   0   0   0   0   0   0   0   0 100   0   0   0   0   0   0   0  0.34 0.00

                      K         Lambda
Standard Ungapped    0.1356     0.3164
Standard Gapped      0.0413     0.2670
PSI Ungapped         0.1361     0.3112
PSI Gapped           0.0413     0.2670
