
Last position-specific scoring matrix computed, weighted observed percentages rounded down, information per position, and relative weight of gapless real matches to pseudocounts
            A   R   N   D   C   Q   E   G   H   I   L   K   M   F   P   S   T   W   Y   V   A   R   N   D   C   Q   E   G   H   I   L   K   M   F   P   S   T   W   Y   V
    1 S     1  -1   4   1  -2  -1  -1  -1  -1  -3  -3  -1  -2  -3  -2   4   1  -4  -2  -2   16   0  28   5   0   0   0   0   0   0   0   0   0   0   0  50   2   0   0   0  0.46 0.07
    2 Y    -3  -3  -3  -4  -4  -2  -3  -4   0  -2  -2  -3  -2   3  -4  -3  -2   1   8  -2    0   0   0   0   0   1   0   0   0   0   0   0   0   7   0   1   1   0  89   0  1.54 0.19
    3 T     2  -1   1   1  -2   0   2  -1   0  -2  -2  -1  -2  -1  -2   2   2  -3  -2  -1   26   1   8   8   0   1  16   1   2   0   0   1   0   3   0  15  17   0   0   1  0.24 0.05
    4 A     2   0   1   2  -2   1   1   0  -1  -3  -3   1  -2  -3  -2   2   0  -3  -3  -2   27   2   5  16   0   5   4   2   0   0   0   7   0   0   0  29   3   0   0   0  0.30 0.06
    5 S     0  -2  -1  -2  -2  -1  -1  -2  -2  -2  -2  -2  -2  -3  -2   2   6  -3  -2  -1    2   0   1   0   0   1   0   0   0   0   0   0   0   0   0  17  76   0   1   0  0.78 0.15
    6 R     0   4   0  -2  -3   0  -1  -2  -2   2  -1   1  -1  -2  -3  -1   0  -3  -1   0    7  39   4   0   0   2   0   1   0  27   2   4   0   0   0   3   4   0   3   4  0.25 0.07
    7 K     0   1   1  -1  -1   1   0  -1  -1  -3  -2   3  -1  -3   4   0  -1  -2  -2  -2    8   6   9   2   2   4   2   2   1   0   2  36   1   0  19   3   1   1   0   1  0.38 0.07
    8 H     0   0   5   0  -3  -1  -1  -1   2  -4  -4   0  -3  -3  -2   3   0  -4  -1  -3    6   3  46   0   0   1   0   0   5   0   0   3   0   0   1  32   0   0   3   0  0.61 0.14
    9 L    -2  -3  -4  -4  -2  -3  -4  -4  -4   3   3  -3   1  -1  -3  -3  -1  -3  -2   3    0   0   0   0   0   0   0   0   0  22  42   0   2   1   1   0   0   0   0  32  0.55 0.12
   10 Y    -2   1  -2  -3  -2  -1  -2  -3  -2   0   3   1   2   1  -3  -2  -2   4   1  -1    1  10   1   0   0   1   1   1   0   0  47  13   6   6   0   0   0   6   7   1  0.30 0.10
   11 V    -2  -4  -4  -4  -2  -4  -4  -5  -4   5   1  -4   0  -1  -4  -3  -2  -4  -2   4    0   0   0   0   0   0   0   0   0  58   7   0   0   0   0   0   0   0   0  35  0.79 0.16
   12 D    -2  -2   6   4  -3  -1  -1  -1   2  -4  -4  -1  -3  -4  -3   0   0  -5  -3  -4    0   0  48  33   0   0   0   4   6   0   0   0   0   0   0   2   6   0   0   0  0.85 0.16
   13 K     0   1  -1  -1  -4   1   1  -1  -2  -4  -4   5  -2  -4  -2   1  -1  -4  -3  -3    7   2   1   1   0   2   7   3   0   0   0  65   0   0   0  13   0   0   0   0  0.65 0.16
   14 N    -2  -2   5   5  -4   0   1  -2   1  -4  -4  -1  -3  -4  -3   0  -1  -5  -3  -4    1   0  40  38   0   2   6   0   4   0   0   2   0   0   0   4   3   0   0   0  0.78 0.15
   15 T    -1  -3  -1  -3  -2  -2  -2  -3  -3  -2  -3  -2  -2  -4  -3   1   7  -4  -3  -2    0   0   0   0   0   0   0   0   0   0   0   0   0   0   0   4  96   0   0   0  1.30 0.26
   16 K    -2   3  -2  -2  -5   0  -1  -3  -2  -4  -4   6  -3  -5  -3  -2  -2  -4  -3  -4    0  17   0   0   0   0   0   0   0   0   0  83   0   0   0   0   0   0   0   0  1.16 0.22
   17 V    -2  -4  -4  -5  -2  -4  -4  -5  -5   2   0  -4   0  -2  -4  -3  -1  -4  -3   6    0   0   0   0   0   0   0   0   0   2   4   0   0   0   0   0   0   0   0  94  1.04 0.22
   18 I    -3  -4  -5  -5  -2  -4  -5  -5  -5   6   2  -4   1  -1  -4  -4  -2  -4  -3   1    0   0   0   0   0   0   0   0   0  83  14   0   1   0   0   0   0   0   0   1  0.98 0.19
   19 C    -2  -4  -4  -4   9  -4  -4  -4  -3  -1  -2  -4  -2   1  -4  -2   1  -3   2   0    0   0   0   0  64   0   0   0   0   2   0   0   0   8   0   1   8   0   8   9  1.33 0.21
   20 Q    -3   0  -2  -2  -5   8   0  -4  -1  -5  -4   0  -2  -5  -3  -2  -2  -4  -3  -4    0   0   0   0   0  99   0   0   1   0   0   0   0   0   0   0   0   0   0   0  1.72 0.30
   21 G    -1  -4  -2  -3  -4  -3  -4   7  -4  -5  -5  -3  -4  -5  -4  -2  -3  -4  -5  -5    0   0   0   0   0   0   0 100   0   0   0   0   0   0   0   0   0   0   0   0  1.74 0.24
   22 F    -3  -4  -4  -5  -4  -4  -5  -5  -3   1   0  -4   1   8  -5  -4  -3  -1   1  -1    0   0   0   0   0   0   0   0   0   8   6   0   5  81   0   0   0   0   0   0  1.32 0.22
   23 T    -2  -3  -2  -3  -2  -2  -2  -3  -3  -2  -3  -2  -2  -4  -3   0   7  -4  -3  -2    0   0   0   0   0   0   0   0   0   0   0   0   0   0   0   0 100   0   0   0  1.39 0.27
   24 G    -1  -4  -2  -3  -4  -3  -4   7  -4  -5  -5  -3  -4  -5  -4  -2  -3  -4  -5  -5    0   0   0   0   0   0   0 100   0   0   0   0   0   0   0   0   0   0   0   0  1.75 0.24
   25 K     1   1   0  -2  -3   0   0  -1  -2  -4  -4   5  -2  -4  -2   1  -1  -4  -3  -3   10   3   3   0   0   1   0   4   0   0   0  64   0   0   0  13   1   0   0   0  0.63 0.16
   26 Q    -2  -1   2  -2  -4   7   0  -3   2  -4  -4   0  -2  -4  -3  -1   1  -4  -3  -3    0   0   9   0   0  72   1   0   6   0   0   0   0   0   0   0  11   0   0   0  1.03 0.23
   27 G     0  -4  -2  -3  -4  -3  -3   7  -3  -5  -5  -3  -4  -5  -3  -1  -3  -4  -4  -4    7   0   0   0   0   0   0  93   0   0   0   0   0   0   0   0   0   0   0   0  1.54 0.22
   28 T    -1  -3  -2  -3  -2  -2  -2  -3  -3  -2  -3  -2  -2  -4  -3   1   7  -4  -3  -2    1   0   0   0   0   0   0   0   0   0   0   0   0   0   0   3  97   0   0   0  1.31 0.26
   29 F    -4  -4  -5  -5  -4  -5  -5  -5  -3  -2  -1  -5  -1   8  -5  -4  -4   0   3  -2    0   0   0   0   0   0   0   0   0   0   2   0   0  95   0   0   0   0   4   0  1.75 0.26
   30 H    -3  -2   0  -3  -5  -1  -2  -4  10  -5  -5  -3  -3  -3  -4  -3  -4  -4   0  -5    0   0   2   0   0   1   0   0  97   0   0   0   0   0   0   0   0   0   0   0  2.33 0.33
   31 S     2  -2  -1  -2   1  -1  -2   0  -2  -2  -3  -1  -2  -3  -2   4   2  -4  -3  -1   18   0   0   0   4   0   0   3   0   1   0   0   0   0   0  58  14   0   0   3  0.55 0.15
   32 Q    -2   0  -1   0  -4   4   5  -3  -1  -4  -4   2  -2  -4  -2  -1  -1  -4  -3  -3    1   3   0   0   0  30  50   0   0   0   0  12   0   0   0   0   3   0   0   0  0.82 0.17
   33 Q    -1  -1  -1  -2  -4   8   2  -3  -1  -4  -4   0  -2  -5  -3  -2  -2  -4  -3  -4    4   0   1   0   0  87   7   0   0   0   0   1   0   0   0   0   0   0   0   0  1.38 0.27
   34 A     6  -3  -3  -3  -1  -2  -2  -1  -3  -2  -3  -2   0  -3  -2   1   0  -4  -3  -1   87   0   0   0   1   0   0   1   0   0   0   0   4   0   0   6   3   0   0   0  0.85 0.20
   35 L    -2  -4  -4  -4  -2  -4  -4  -5  -4   5   3  -3   1  -1  -4  -3  -2  -3  -2   1    1   0   0   0   0   0   0   0   0  62  35   1   1   0   0   0   0   0   0   1  0.77 0.16
   36 E     3  -1  -1   2  -3   0   3  -2  -2  -3  -3   0  -2  -4  -2   0  -1  -4  -3  -2   45   0   1  15   0   1  31   0   0   0   0   4   0   0   0   0   0   0   0   0  0.51 0.14
   37 Y    -4  -4  -4  -5  -4  -3  -4  -5   0  -3  -3  -4  -3   2  -5  -4  -3   1   9  -3    0   0   0   0   0   0   0   0   0   0   0   0   0   0   0   0   0   0 100   0  2.15 0.32
   38 G    -1  -3  -1  -3  -4  -3  -3   7  -3  -5  -5  -2  -4  -3  -4  -2  -3  -4  -4  -5    0   1   1   0   0   0   0  96   0   0   0   1   0   1   0   0   0   0   0   0  1.60 0.22
   39 T    -1  -3  -2  -3  -2  -2  -2  -3  -3  -2  -3  -2  -2  -4  -3   1   7  -4  -3  -2    0   0   0   0   0   0   0   0   0   0   0   0   0   0   0   4  96   0   0   0  1.31 0.26
   40 N    -2   2   4  -1  -3   3   0  -2  -1  -4  -3   5  -2  -4  -2  -1  -1  -4  -3  -4    0   5  24   0   0  20   0   0   1   0   1  49   0   0   0   0   0   0   0   0  0.70 0.16
   41 L    -2  -3  -4  -5  -2  -2  -4  -4  -3   2   2  -3   7   0  -4  -3  -2  -3  -1   3    0   0   0   0   0   0   0   0   0   6  16   0  51   1   0   0   0   0   1  25  0.78 0.18
   42 V    -1  -4  -4  -5  -2  -4  -4  -5  -5   2   0  -4   0  -2  -4  -3  -1  -4  -3   6    0   0   0   0   0   0   0   0   0   1   0   0   0   0   0   0   0   0   0  98  1.12 0.23
   43 G    -1  -4  -2  -3  -4  -3  -4   7  -4  -5  -5  -3  -4  -5  -4  -2  -3  -4  -5  -5    2   0   0   0   0   0   0  98   0   0   0   0   0   0   0   0   0   0   0   0  1.70 0.23
   44 G    -1  -4  -2  -3  -4  -3  -4   7  -4  -5  -5  -3  -4  -5  -4  -2  -3  -4  -5  -5    0   0   0   0   0   0   0 100   0   0   0   0   0   0   0   0   0   0   0   0  1.75 0.24
   45 T    -1  -3  -2  -4  -2  -3  -3  -4  -4   1  -1  -3  -1  -2  -3  -2   3  -4  -3   5    0   0   1   0   0   0   0   0   0   2   0   0   0   0   0   0  20   0   0  76  0.76 0.19
   46 T    -1  -2   3  -1  -2  -1  -2  -2  -2  -3  -3  -1  -2  -4  -2   3   4  -4  -3  -2    1   0  21   0   0   0   0   0   0   0   0   0   0   0   0  35  43   0   0   0  0.68 0.17
   47 P    -2  -4  -4  -3  -5  -2  -3  -4  -4  -5  -5  -3  -4  -5   8  -2  -3  -6  -5  -4    1   0   0   0   0   1   0   0   0   0   0   0   0   0  98   0   0   0   0   0  2.62 0.29
   48 G    -1   0   0  -2  -4  -1  -1   5  -2  -4  -4   4  -3  -4  -3  -1  -2  -4  -4  -4    1   1   4   0   0   0   0  51   0   0   0  40   0   0   0   2   0   0   0   0  0.80 0.16
   49 K    -2   1  -2  -2  -5   0  -1  -3  -2  -4  -4   7  -3  -5  -3  -1  -2  -5  -3  -4    0   0   0   0   0   0   0   0   0   0   0  98   0   0   0   1   0   0   0   0  1.36 0.26
   50 G     3  -3  -2  -3  -3  -3  -3   6  -3  -4  -4  -2  -3  -4  -3  -1  -2  -4  -4  -3   35   0   0   0   0   0   0  64   0   0   0   1   0   0   0   1   0   0   0   0  1.01 0.17
   51 G    -1  -4  -2  -3  -4  -3  -4   7  -4  -5  -5  -2  -4  -5  -4  -2  -3  -4  -5  -5    0   0   0   0   0   0   0  99   0   0   0   1   0   0   0   0   0   0   0   0  1.71 0.24
   52 K    -1  -1  -1  -1  -3   4   0  -2  -1  -2  -3   1  -1  -4  -2   2   4  -3  -3  -2    1   1   0   0   0  30   3   0   0   1   0  10   1   0   0  19  34   0   0   0  0.49 0.14
   53 T    -1  -1  -1  -1  -2   1   1  -3  -2  -2  -2   1   0  -3  -2   1   5  -4  -2  -1    1   1   1   1   0   5  13   0   0   1   1   9   3   0   0   5  58   0   0   2  0.51 0.15
   54 H    -3  -2  -1  -3  -5  -1  -2  -4  10  -5  -5  -3  -3  -3  -4  -2  -4  -1   1  -5    0   0   0   0   0   0   0   0  97   0   0   0   0   0   0   1   0   1   1   0  2.31 0.33
   55 L    -2  -3  -5  -5  -2  -3  -4  -5  -4   1   5  -4   1   0  -4  -4  -2  -3  -2   0    1   0   0   0   1   0   0   0   0   5  91   0   1   1   0   0   0   0   0   0  0.92 0.18
   56 G    -1  -3   1   3  -4  -2  -1   6  -3  -5  -5  -2  -4  -4  -3  -1  -2  -4  -4  -4    0   0   5  23   0   0   2  69   0   0   0   0   0   0   0   1   0   0   0   0  1.06 0.17
   57 L    -2   1  -4  -4  -3  -2  -3  -5  -3   0   5   0   1  -1  -4  -3  -2  -3  -2   0    1   9   0   0   0   1   0   0   0   0  83   6   0   0   0   0   0   0   0   0  0.71 0.17
   58 P    -3  -4  -4  -3  -5  -3  -3  -4  -4  -5  -5  -2  -4  -5   8  -2  -3  -6  -5  -4    0   0   0   0   0   0   0   0   0   0   0   1   0   0  99   0   0   0   0   0  2.66 0.30
   59 V    -2  -4  -3  -4  -2  -2  -4  -5  -4   2   0  -4   0  -2  -4  -3  -1  -4  -3   6    0   0   1   0   0   2   0   0   0   4   0   0   0   0   0   0   0   0   0  92  0.99 0.22
   60 F    -4  -3  -5  -5  -4  -5  -5  -5  -3  -2  -1  -5  -2   8  -5  -4  -4   0   2  -2    0   1   0   0   0   0   0   0   0   0   0   0   0  95   0   0   0   0   3   0  1.76 0.26
   61 N     0  -1   5   3  -3  -1   0   2  -1  -4  -4   1  -3  -4  -2   0  -1  -4  -3  -3    9   1  40  21   0   0   1  15   0   0   0  11   0   0   1   1   0   0   0   0  0.57 0.12
   62 T    -1  -2   2   0  -2  -1  -2  -2  -2  -3  -3  -1  -2  -4  -2   3   5  -4  -3  -2    0   0  10   5   0   0   0   0   0   0   0   0   0   0   0  29  55   0   0   0  0.69 0.17
   63 V    -1  -4  -4  -5   1  -4  -4  -5  -5   2   0  -4   0  -2  -4  -3  -1  -4  -3   6    0   0   0   0   3   0   0   0   0   1   0   0   1   0   0   0   1   0   0  95  1.05 0.22
   64 K     2   2  -1  -1  -3   1   0  -1   3  -2  -2   3  -1  -3  -2   0  -1  -3  -2  -2   29  14   0   2   0   5   5   2  10   1   1  25   1   0   0   5   2   0   0   0  0.29 0.09
   65 E    -2  -2  -1   3  -5   1   6  -3  -2  -5  -4  -1  -4  -5  -3  -1  -2  -4  -4  -4    1   0   0  16   0   3  81   0   0   0   0   0   0   0   0   0   0   0   0   0  1.21 0.22
   66 A     6  -3  -3  -3   0  -2  -2  -1  -3  -3  -3  -2  -2  -4  -2   0  -1  -4  -3  -2   97   0   0   0   1   0   0   2   0   0   0   0   0   0   0   0   0   0   0   0  1.06 0.23
   67 K    -1   2  -2  -3  -2  -1  -1  -3  -2   0  -1   4   1  -3  -3  -2  -1  -4  -2   3    3  15   0   0   1   0   0   0   0   3   0  35   5   0   0   0   1   0   0  37  0.37 0.13
   68 E     1   1   0   2  -3   1   4  -2   1  -3  -3   2  -2  -3  -2   0  -1  -4  -2  -3   14   7   3   9   0   3  35   0   4   0   1  20   0   0   0   2   1   0   0   0  0.41 0.10
   69 Q     2   0  -1  -1  -3   2   3  -1  -1  -3  -3   2  -2  -4  -2   0  -1  -4  -3  -1   32   3   1   1   0   9  28   2   0   0   0  18   0   0   0   1   1   0   0   3  0.36 0.10
   70 T     0  -3  -2  -3  -2  -2  -2  -3  -3  -2  -1  -2  -2  -3  -3   0   6  -4  -3   1    4   0   0   0   0   0   0   0   0   0   3   0   0   0   0   1  85   0   0   8  1.00 0.22
   71 G    -1  -1   0  -2  -4   1  -1   6  -1  -5  -4   1  -3  -4  -3  -1  -2  -4  -4  -4    0   1   2   1   0   7   4  71   1   0   0  12   0   0   0   1   0   0   0   0  0.95 0.16
   72 A     5  -3  -3  -3   3  -2  -2  -1  -3  -3  -3  -2  -2  -4   3   0  -1  -4  -3  -2   78   0   0   0   8   0   0   0   0   0   0   0   0   0  14   0   0   0   0   0  0.86 0.19
   73 T    -2  -2   3   5  -3  -1   1  -2   1  -3  -4  -1  -3  -4  -2   0   3  -5  -3  -3    0   0  19  44   0   0   5   0   3   0   0   0   0   0   0   1  27   0   0   0  0.71 0.15
   74 A     6  -3  -3  -3  -2  -2  -2  -1  -3  -3  -3  -2  -2  -4  -2   0  -1  -4  -3  -2  100   0   0   0   0   0   0   0   0   0   0   0   0   0   0   0   0   0   0   0  1.13 0.24
   75 S     0  -2  -1  -2  -2  -2  -2  -2  -2  -3  -3  -2  -2  -4  -2   5   4  -4  -3  -2    0   0   0   0   0   0   0   0   0   0   0   0   0   0   0  64  36   0   0   0  0.86 0.20
   76 V     1  -3  -4  -4  -1  -3  -3  -1  -4   2   0  -3   2  -2  -3  -2  -1  -4  -2   5   11   0   0   0   1   0   0   4   0   3   1   0   6   0   0   0   0   0   0  74  0.62 0.16
   77 I    -3  -4  -5  -5  -3  -4  -5  -5  -5   7   1  -4   0  -1  -4  -4  -2  -4  -3   2    0   0   0   0   0   0   0   0   0  91   6   0   0   0   0   0   0   0   0   4  1.11 0.22
   78 Y    -3  -4  -4  -5  -4  -3  -4  -5   0  -3  -2  -4  -2   5  -5  -3  -3   1   8  -3    0   0   0   0   0   0   0   0   0   0   0   0   0  23   0   0   0   0  77   0  1.69 0.26
   79 V    -2  -4  -4  -5  -2  -4  -4  -5  -5   2   0  -4  -1  -2  -4  -3  -1  -4  -3   6    0   0   0   0   0   0   0   0   0   3   0   0   0   0   0   0   0   0   0  97  1.12 0.23
   80 P    -3  -4  -4  -3  -5  -3  -3  -4  -4  -5  -5  -3  -4  -6   8  -3  -3  -6  -5  -4    0   0   0   0   0   0   0   0   0   0   0   0   0   0 100   0   0   0   0   0  2.70 0.30
   81 P     1  -4  -3  -3  -4  -3  -3  -3  -4  -4  -3  -2  -4  -5   8  -2  -2  -5  -3  -3   16   0   0   0   0   0   0   0   0   0   1   0   0   0  82   0   0   0   0   0  2.01 0.25
   82 P    -1  -1  -3  -3  -4  -1  -2  -3  -3  -4  -4  -1  -4  -4   8   0  -2  -5  -4  -4    5   3   0   0   0   2   0   1   0   0   0   3   0   1  82   5   0   0   0   0  1.92 0.23
   83 F    -2  -3  -2  -4  -3  -3  -3   1   0   0   0  -3  -1   6  -4  -2  -1  -1   2   0    2   0   1   0   0   0   0  16   3   3   7   0   1  54   0   2   4   0   3   6  0.57 0.13
   84 A     6  -3  -3  -3   4  -2  -2  -1  -3  -3  -3  -2  -2  -4  -2   0  -1  -4  -3  -2   91   0   0   0   9   0   0   0   0   0   0   0   0   0   0   0   0   0   0   0  1.01 0.22
   85 A     6  -2  -3  -3  -1  -2  -2   0  -3  -3  -3   0  -2  -4  -2   0  -1  -4  -3  -2   90   0   0   0   0   0   0   2   0   0   0   6   1   0   0   1   0   0   0   0  0.90 0.21
   86 A     2  -1   0   5  -3   0   0  -1  -1  -3  -4   0  -3  -4  -2   0  -1  -4  -3  -3   29   2   2  46   0   3   1   3   1   0   0   7   0   0   1   5   0   0   0   0  0.54 0.13
   87 A     5  -2  -2  -3  -2  -2  -2   1  -3  -3  -3  -2  -2  -4  -2   2  -1  -4  -3  -2   72   0   0   0   0   0   0   8   0   0   0   0   0   0   0  20   0   0   0   0  0.73 0.17
   88 I    -2  -5  -5  -5  -2  -4  -5  -5  -5   7   0  -4   0  -2  -4  -4  -2  -4  -3   2    1   0   0   0   1   0   0   0   0  96   0   0   0   0   0   0   0   0   0   3  1.21 0.23
   89 N    -2  -2   0  -1   3  -1   1  -4  -1   2   3  -2   3  -1  -3  -2  -1  -3  -2   0    0   1   5   2   7   0  17   0   2  13  38   0  12   1   0   1   0   0   0   0  0.24 0.09
   90 E    -2  -2  -2   2  -5   0   7  -4  -2  -5  -5  -1  -4  -5  -3  -1  -2  -5  -4  -4    0   0   0   5   0   0  93   0   0   0   0   0   0   0   0   1   0   0   0   0  1.39 0.25
   91 A     6  -3  -3  -3  -1  -2  -2  -1  -3  -3  -3  -2  -2  -4  -2   0  -1  -4  -3  -2   96   0   0   0   1   0   0   1   0   0   0   0   0   0   0   2   0   0   0   0  1.05 0.22
   92 I    -1  -4  -4  -4  -2  -4  -4  -4  -4   6   1  -4   2  -1  -4  -3  -2  -4  -2   2    5   0   0   0   0   0   0   0   0  71   6   0   6   0   0   0   0   0   0  11  0.76 0.17
   93 D     0  -2   0   6  -4   0   4  -3  -2  -4  -4  -1  -3  -4  -2  -1  -2  -5  -4  -3    8   0   1  53   0   2  33   0   0   0   0   1   0   0   0   1   0   0   0   0  0.91 0.17
   94 A     6  -3   1  -3  -1  -2  -2  -1  -3  -3  -3  -2  -2  -4  -2   1  -1  -4  -3  -2   88   0   7   0   0   0   1   0   0   0   0   0   0   0   0   3   0   0   0   0  0.88 0.20
   95 E    -2  -1  -1   1  -5   1   6   1  -2  -5  -4   0  -3  -5  -3  -1  -2  -4  -3  -4    0   1   0   2   0   3  79  13   0   0   0   1   0   0   0   1   0   0   0   0  1.04 0.20
   96 V    -2  -4  -4  -4  -2  -3  -4  -5  -4   5   1  -4   4  -1  -4  -3  -2  -4  -2   3    0   0   0   0   0   0   0   0   0  63   8   0  14   0   0   0   0   0   0  15  0.76 0.16
   97 P    -2  -2  -2   1  -4  -1   2   1  -3  -4  -4   0  -3  -5   7  -1  -2  -5  -4  -4    0   1   0   7   0   1  17  11   0   0   0   4   0   0  56   2   0   0   0   0  1.18 0.16
   98 L    -3  -4  -5  -5  -3  -3  -4  -5  -4   1   5  -4   1  -1  -4  -4  -2  -3  -2   0    0   0   0   0   0   0   0   0   0   0  95   0   0   0   0   0   0   0   0   4  1.01 0.20
   99 V     0  -4  -4  -4  -2  -3  -4  -4  -4   5   0  -3   0  -2  -4  -3  -1  -4  -2   4    9   0   0   0   0   0   0   0   0  52   0   0   0   0   0   0   0   0   0  39  0.69 0.16
  100 V    -1  -4  -4  -5  -2  -4  -4  -5  -5   2   0  -4  -1  -2  -4  -3  -1  -4  -3   6    1   0   0   0   0   0   0   0   0   6   0   0   0   0   0   0   0   0   0  93  1.04 0.22
  101 C     1  -5  -4  -5  10  -4  -5  -4  -4  -2  -3  -4  -2  -4  -4  -2  -1  -4  -4   0   12   0   0   0  78   0   0   0   0   0   0   0   0   0   0   0   4   0   0   6  1.86 0.26
  102 I    -3  -5  -5  -5  -3  -4  -5  -5  -5   7   0  -4   0  -2  -4  -4  -2  -4  -3   2    0   0   0   0   0   0   0   0   0  98   0   0   0   0   0   0   0   0   0   2  1.28 0.24
  103 T    -2  -3  -2  -3  -2  -2  -2  -3  -3  -2  -3  -2  -2  -4  -3   0   7  -4  -3  -2    0   0   0   0   0   0   0   0   0   0   0   0   0   0   0   0 100   0   0   0  1.40 0.27
  104 E    -2  -2  -2   1  -5   0   7  -4  -2  -5  -5  -1  -4  -5  -3  -2  -2  -5  -4  -4    0   0   0   2   0   0  98   0   0   0   0   0   0   0   0   0   0   0   0   0  1.51 0.26
  105 G    -1  -4  -2  -3  -4  -3  -4   7  -4  -5  -5  -3  -4  -5  -4  -2  -3  -4  -5  -5    0   0   0   0   0   0   0 100   0   0   0   0   0   0   0   0   0   0   0   0  1.73 0.24
  106 I    -3  -5  -5  -5  -3  -4  -5  -5  -5   7   0  -4   0  -2  -4  -4  -2  -4  -3   2    0   0   0   0   0   0   0   0   0  95   0   0   0   0   0   0   0   0   0   5  1.22 0.23
  107 P    -3  -4  -4  -3  -5  -3  -3  -4  -4  -5  -5  -3  -4  -6   8  -3  -3  -6  -5  -4    0   0   0   0   0   0   0   0   0   0   0   0   0   0 100   0   0   0   0   0  2.70 0.30
  108 Q    -1  -1  -2  -2  -3   6   0  -4  -2  -1  -2  -1  -1  -3  -3  -2   0  -4  -3   3    1   0   0   0   0  61   0   0   0   1   0   0   0   0   0   0   5   0   0  32  0.79 0.21
  109 Q    -1  -1  -1  -2  -3   3  -1  -3   6  -1   2  -1   0  -2  -3  -2  -2   0  -1  -1    6   2   0   0   0  24   0   0  28   2  31   2   1   0   0   1   0   2   0   1  0.42 0.13
  110 D    -3  -3   0   8  -5  -1   0  -3  -3  -5  -5  -2  -5  -5  -3  -2  -3  -6  -5  -5    0   0   0  99   0   1   0   0   0   0   0   0   0   0   0   0   0   0   0   0  1.81 0.27
  111 M    -3  -3  -4  -4  -3  -1  -1  -5  -3  -1   0  -3   9  -2  -4  -3  -2  -3  -3  -1    0   0   0   0   0   1   6   0   0   0   1   0  92   0   0   0   0   0   0   0  1.65 0.31
  112 V    -1  -3  -4  -4  -2  -3  -4  -4  -4   3   2  -3   2  -1  -4  -3  -1  -4  -2   5    1   0   0   0   0   1   0   0   0  16  17   0   6   0   0   0   0   0   0  60  0.62 0.14
  113 R    -2   6  -1  -2  -4   0   0  -3   0  -4  -3   4  -3  -4  -2  -2  -2  -4  -2  -3    0  58   1   1   0   1   1   0   2   0   0  31   0   0   0   0   1   0   1   0  0.91 0.17
  114 V    -1  -4  -4  -5  -2  -4  -4  -5  -5   3   0  -4   0  -2  -4  -3  -1  -4  -3   6    2   0   0   0   0   0   0   0   0  14   0   0   0   0   0   0   0   0   0  84  0.94 0.20
  115 K     0   1  -1  -2  -4   0  -1  -3  -1  -2  -3   6   1  -4  -2  -1   1  -4  -3  -2    5   4   0   0   0   0   0   0   0   1   0  72   5   0   0   2   8   0   0   2  0.71 0.17
  116 H     0   1   2   1  -2   2   1  -1   4  -2  -2   1  -1  -2  -1   0   0   0   0  -1    7   5  10  10   0  11   5   2  19   2   2   7   1   1   1   7   3   1   2   4  0.20 0.04
  117 R     2   4  -2  -3  -3   0  -1  -2  -1   0  -1   2   2  -2  -2  -1  -1  -3   0  -1   26  37   0   0   0   0   0   0   1   7   1  11   9   0   0   1   1   0   3   3  0.35 0.11
  118 L     2  -3  -4  -4  -2  -3  -3  -3  -4   0   5  -3   1  -1  -3  -2  -2  -3  -2   0   21   0   0   0   0   0   0   0   0   1  73   0   1   0   0   1   0   0   1   1  0.59 0.15
  119 L    -1   0   0  -1  -2   0   0  -3  -2   0   3   2   2  -1  -2  -1  -1  -3  -2   0    1   5   6   2   0   1   4   0   0   4  39  24   5   0   0   2   2   0   0   4  0.18 0.07
  120 R     0   2   1   0   1   2   1  -2  -1  -3  -3   1  -1  -3  -2   2   2  -3  -2  -2    5  15   5   5   4   9  12   1   1   0   0   4   1   0   0  23  13   0   0   2  0.25 0.07
  121 Q    -1  -1   0  -1  -4   6   0   3  -1  -4  -3   0  -2  -4  -3  -1  -1  -3  -2  -3    2   0   2   1   0  63   1  24   1   0   0   1   0   0   0   2   2   0   1   0  0.84 0.19
  122 G     0  -2   3   1  -2  -1   0   1  -2  -4  -4   0  -3  -4  -1   4   1  -4  -3  -3    0   0  15   9   0   0   3   9   0   0   0   3   0   0   1  54   5   0   0   0  0.51 0.14
  123 K    -1   1   0  -1  -3   0   0  -1  -2  -2  -3   6  -2  -4  -2  -1  -1  -4  -3  -2    2   3   4   1   0   1   1   5   0   2   0  74   0   0   0   3   1   0   0   2  0.71 0.17
  124 T     0  -2  -1  -2  -2  -2  -2  -2  -3  -2  -3  -2  -2  -3  -2   4   5  -4  -3   0    2   0   0   0   0   0   0   0   0   0   0   0   0   0   0  42  51   0   0   5  0.73 0.18
  125 R    -3   7  -2  -3  -5   0  -2  -4  -2  -3  -3   1  -3  -4  -4  -2  -2  -4  -3  -3    0  95   0   0   0   0   0   0   0   1   0   1   0   0   0   0   1   0   0   2  1.50 0.25
  126 L    -3  -3  -5  -5  -3  -3  -4  -5  -4   1   5  -4   3  -1  -4  -4  -2  -3  -2   0    0   0   0   0   0   0   0   0   0   0  90   0   8   0   0   0   0   0   0   1  0.97 0.19
  127 I    -2  -4  -4  -4  -2  -4  -4  -5  -4   5   1  -4   0  -1  -4  -3  -2  -4  -2   4    0   0   0   0   0   0   0   0   0  59   6   0   0   0   0   0   0   0   0  35  0.81 0.17
  128 G    -1  -4  -2  -3  -4  -3  -4   7  -4  -5  -5  -3  -4  -5  -4  -2  -3  -4  -5  -5    0   0   0   0   0   0   0 100   0   0   0   0   0   0   0   0   0   0   0   0  1.75 0.24
  129 P    -2  -4  -4  -3  -5  -3  -3  -3  -4  -5  -5  -3  -4  -5   8  -2  -3  -6  -5  -4    0   0   0   0   0   0   0   1   0   0   0   0   0   0  99   0   0   0   0   0  2.65 0.30
  130 N    -3  -2   8   0  -4  -2  -2  -2  -1  -5  -5  -2  -4  -5  -4  -1  -2  -6  -4  -5    0   0 100   0   0   0   0   0   0   0   0   0   0   0   0   0   0   0   0   0  1.78 0.29
  131 C    -2  -5  -5  -5  11  -5  -5  -4  -5  -3  -3  -5  -3  -4  -5  -2  -3  -4  -2  -3    0   0   0   0  97   0   0   0   0   0   0   0   0   0   0   2   0   0   1   0  2.67 0.33
  132 P    -3  -4  -4  -3  -5  -3  -3  -4  -4  -5  -5  -3  -4  -6   8  -3  -3  -6  -5  -4    0   0   0   0   0   0   0   0   0   0   0   0   0   0 100   0   0   0   0   0  2.70 0.30
  133 G    -1  -4  -2  -3  -4  -3  -4   7  -4  -5  -5  -3  -4  -5  -4  -2  -3  -4  -5  -5    0   0   0   0   0   0   0 100   0   0   0   0   0   0   0   0   0   0   0   0  1.75 0.24
  134 V    -2  -4  -4  -4  -2  -4  -4  -5  -4   5   1  -4   0  -1  -4  -3  -2  -4  -2   4    0   0   0   0   0   0   0   0   0  59   2   0   1   0   0   0   0   0   0  38  0.83 0.17
  135 I    -3  -4  -5  -5  -3  -4  -5  -5  -5   7   1  -4   1  -1  -4  -4  -2  -4  -3   2    0   0   0   0   0   0   0   0   0  89   5   0   2   0   0   0   0   0   0   3  1.08 0.21
  136 N     2   0   2  -1  -2  -1  -1  -2  -2  -2  -2   2  -2  -3  -2   1   4  -4  -2  -1   19   3  12   0   0   0   0   0   0   0   0  18   0   0   0   6  39   0   0   2  0.37 0.12
  137 P     0  -4  -3  -3  -4  -3  -1  -3  -4  -4  -4  -2  -4  -5   8  -1  -2  -5  -4  -4    8   0   0   0   0   0   2   0   0   0   0   0   0   0  87   2   0   0   0   0  2.18 0.26
  138 G    -1  -3   1   3  -4  -1   2   5  -2  -4  -3  -2  -3  -4  -3  -1  -2  -4  -4  -4    0   0   4  20   0   0  19  53   0   0   3   0   0   0   0   0   0   0   0   0  0.75 0.14
  139 E     0  -1  -1   0  -4   4   5   0  -1  -3  -3   1  -2  -4  -2  -1  -2  -3  -2  -2   10   1   0   0   0  23  50   7   0   0   0   4   0   0   0   0   0   0   1   3  0.61 0.14
  140 C    -2  -3  -4  -5  11  -5  -5  -4  -5  -3  -3  -5  -3  -4  -5  -2  -2  -4  -4  -3    0   1   0   0  96   0   0   0   0   0   0   0   0   0   0   2   0   0   0   0  2.61 0.33
  141 K    -2   1  -2  -2  -5   0  -1  -3  -2  -4  -4   7  -3  -5  -3  -2  -2  -5  -3  -4    0   1   0   0   0   0   0   0   0   0   0  99   0   0   0   0   0   0   0   0  1.38 0.26
  142 I    -3  -4  -5  -5  -3  -4  -5  -5  -5   7   1  -4   3  -1  -4  -4  -2  -4  -3   1    0   0   0   0   0   0   0   0   0  90   2   0   8   0   0   0   0   0   0   0  1.11 0.22
  143 G    -1  -4  -2  -3  -4  -3  -4   7  -4  -5  -5  -3  -4  -5  -2  -2  -3  -4  -5  -5    0   0   0   0   0   0   0  99   0   0   0   0   0   0   1   0   0   0   0   0  1.70 0.23
  144 I    -3  -5  -5  -5  -3  -4  -5  -5  -5   7   0  -4   0  -2  -4  -4  -2  -4  -3   2    0   0   0   0   0   0   0   0   0  97   1   0   0   0   0   0   0   0   0   2  1.24 0.24
  145 M    -3  -3  -4  -5  -3   0  -4  -5  -3  -1   1  -3  10  -2  -4  -3  -2  -3  -3  -1    0   0   0   0   0   5   0   0   0   0   1   0  94   0   0   0   0   0   0   0  1.75 0.32
  146 P    -3  -4  -4  -3  -5  -3  -3  -4  -4  -5  -5  -3  -4  -3   8  -3  -3  -5  -5  -4    0   0   0   0   0   0   0   0   0   0   0   0   0   1  99   0   0   0   0   0  2.63 0.30
  147 G     0  -3  -2  -3  -4  -2  -3   6  -3  -5  -5  -3  -4  -4  -3   0  -2  -4  -4  -4    5   0   0   0   0   1   0  89   0   0   0   0   0   0   0   5   0   0   0   0  1.41 0.20
  148 H    -2  -2   2  -2  -4  -1  -2  -3   8  -3  -3  -2  -3   2  -3   0  -2  -2   3  -3    1   0  10   1   0   1   0   0  55   0   0   1   0  10   0  10   0   0  11   1  0.96 0.19
  149 I    -3  -5  -5  -5  -3  -4  -5  -5  -5   7   0  -4   0  -2  -4  -3  -2  -4  -3   2    0   0   0   0   0   0   0   0   0  97   0   0   0   0   0   1   0   0   0   2  1.23 0.24
  150 H    -3  -2  -1  -3  -5  -1  -2  -4  10  -4  -4  -3  -3   3  -4  -3  -3  -3   0  -4    0   0   0   0   0   0   0   0  87   0   1   0   0  13   0   0   0   0   0   0  1.95 0.30
  151 K    -1   2  -1  -2  -4   2   0  -3  -1  -3  -2   5   0  -4  -2   0   0  -4  -3  -3    2  10   0   0   0   9   0   0   1   0   2  64   2   0   0   5   4   0   0   1  0.66 0.15
  152 K    -1   4  -1  -2  -4   0  -1  -2  -2  -3  -3   3  -2  -4   5  -1  -2  -4  -3  -3    1  30   1   0   0   3   2   2   0   0   1  27   0   0  31   0   1   0   0   0  0.78 0.14
  153 G    -1  -4  -2  -3  -4  -3  -4   7  -3  -5  -5  -3  -4  -5  -4  -2  -3  -4  -4  -5    0   0   0   0   0   0   0  99   0   0   0   0   0   0   0   0   0   0   0   0  1.70 0.23
  154 R    -1   3   0  -1   2   0   0  -2   0  -2  -3   4  -1  -3  -2   2   0  -4  -2  -2    0  23   4   0   6   0   2   0   1   1   1  37   2   0   0  18   3   0   0   2  0.41 0.11
  155 I    -2  -4  -4  -4  -1  -4  -4  -5  -4   5   0  -4   1  -2  -4  -3  -2  -4  -2   4    0   0   0   0   1   0   0   0   0  56   0   0   1   0   0   0   0   0   0  41  0.83 0.17
  156 G    -1  -4  -2  -2  -4  -3  -3   7  -3  -5  -5  -3  -4  -5  -4  -2  -3  -4  -5  -5    2   0   0   1   0   0   0  97   0   0   0   0   0   0   0   0   0   0   0   0  1.64 0.23
  157 I    -2  -4  -4  -4  -2  -4  -4  -5  -5   6   0  -4   0  -2  -4  -3  -2  -4  -3   4    0   0   0   0   0   0   0   0   0  69   0   0   0   0   0   0   0   0   0  31  0.93 0.19
  158 V    -2  -4  -4  -5  -2  -4  -4  -5  -5   2   0  -4   0  -2  -4  -3  -1  -4  -3   6    0   0   0   0   0   0   0   0   0   2   1   0   0   0   0   0   0   0   0  96  1.10 0.23
  159 S     0  -2  -1  -2  -2  -2  -2  -2  -2  -4  -4  -2  -3  -2  -2   6   0  -4  -3  -3    0   0   0   0   0   0   0   0   0   0   0   0   0   1   0  99   0   0   0   0  1.19 0.26
  160 R    -3   8  -2  -3  -5   0  -2  -4  -2  -5  -4   1  -3  -5  -4  -2  -3  -4  -3  -4    0  98   0   0   0   0   0   0   0   0   0   2   0   0   0   0   0   0   0   0  1.66 0.27
  161 S     0  -2  -1  -2  -2  -2  -2  -2  -2  -4  -4  -2  -3  -4  -2   6   0  -4  -3  -3    0   0   0   0   0   0   0   0   0   0   0   0   0   0   0 100   0   0   0   0  1.23 0.26
  162 G    -1  -4  -2  -3  -4  -3  -4   7  -4  -5  -5  -3  -4  -5  -4  -2  -3  -4  -5  -5    0   0   0   0   0   0   0 100   0   0   0   0   0   0   0   0   0   0   0   0  1.75 0.24
  163 T    -2  -3  -2  -3  -2  -2  -2  -3  -3  -2  -3  -2  -2  -4  -3   0   7  -4  -3  -2    0   0   0   0   0   0   0   0   0   0   0   0   0   0   0   0 100   0   0   0  1.40 0.27
  164 L    -3  -4  -5  -5  -3  -4  -4  -5  -4   0   6  -4   1  -1  -4  -4  -3  -3  -2   0    0   0   0   0   0   0   0   0   0   0 100   0   0   0   0   0   0   0   0   0  1.11 0.21
  165 T    -2  -3  -2  -3  -2  -2  -2  -3  -3  -2  -3  -2   0  -4  -3   0   7  -4  -3  -2    0   0   0   0   0   0   0   0   0   0   0   0   2   0   0   0  98   0   0   0  1.34 0.27
  166 Y    -4  -4  -4  -5  -4  -3  -4  -5   0  -3  -3  -4  -3   1  -5  -4  -3   1   9  -3    0   0   0   0   0   0   0   0   0   0   0   0   0   0   0   0   0   0 100   0  2.16 0.32
  167 E    -2  -2  -2   0  -5   0   7  -4  -2  -5  -5  -1  -4  -5  -3  -2  -2  -5  -4  -4    0   0   0   0   0   0 100   0   0   0   0   0   0   0   0   0   0   0   0   0  1.55 0.27
  168 A     6  -3  -3  -3  -2  -2  -2  -1  -3  -3  -3  -2  -2  -4  -2   0  -1  -4  -3  -2   99   0   0   0   0   0   0   0   0   0   0   0   0   0   0   1   0   0   0   0  1.12 0.24
  169 V    -2  -4  -4  -5  -1  -4  -4  -5  -5   1  -1  -4  -1  -2  -4  -3  -1  -4  -3   6    0   0   0   0   1   0   0   0   0   0   0   0   0   0   0   0   0   0   0  99  1.16 0.24
  170 H     2  -1   2   0  -3   0  -1  -1   5  -3  -3   1  -2   2  -3  -1  -2   0   0  -2   23   0  16   4   0   2   0   2  23   0   0  12   0  15   0   1   0   1   2   0  0.32 0.11
  171 Q    -3  -1  -2  -2  -5   8   0  -2  -1  -5  -4   0  -2  -5  -3  -2  -2  -4  -3  -4    0   0   0   0   0  98   0   2   0   0   0   0   0   0   0   0   0   0   0   0  1.68 0.30
  172 T    -2  -3  -2  -3  -2  -2  -2  -3  -3  -1  -2  -2  -2  -4  -3   0   7  -4  -3  -1    0   0   0   0   0   0   0   0   0   2   1   0   0   0   0   1  96   0   0   0  1.28 0.26
  173 T    -1  -3  -1  -2  -2  -2  -2  -3  -3  -1  -3  -2  -2  -4  -3   2   7  -4  -3  -1    0   0   0   0   0   0   0   0   0   2   0   0   0   0   0  11  87   0   0   0  1.11 0.24
  174 Q     1   0   2   2  -3   3   1  -1  -1  -3  -2   0  -2  -3  -2   0  -1  -3  -2  -1   21   4  12  15   0  27   5   1   1   0   4   4   0   0   0   1   1   0   0   3  0.29 0.09
  175 V     2  -2  -1  -2  -1  -1   0  -2  -2   1   0  -2   0  -2  -2   0   1  -3  -1   3   30   0   2   0   0   1   9   0   0   2   4   1   1   0   0   2   7   0   2  39  0.24 0.10
  176 G    -1  -4  -1  -2  -4  -3  -3   7  -3  -5  -5  -3  -4  -5  -4  -2  -3  -4  -5  -5    0   0   2   1   0   0   0  97   0   0   0   0   0   0   0   0   0   0   0   0  1.63 0.23
  177 L    -3  -3  -5  -5  -3  -3  -4  -5  -3   0   5  -4   1   2  -4  -4  -2  -2  -1   0    0   0   0   0   0   0   0   0   0   0  90   0   0   8   0   0   0   0   0   0  0.92 0.18
  178 G    -1  -4  -2  -3  -4  -3  -4   7  -4  -5  -5  -3  -4  -5  -4  -2  -3  -4  -5  -5    0   0   0   0   0   0   0 100   0   0   0   0   0   0   0   0   0   0   0   0  1.75 0.24
  179 Q    -3  -1  -2  -2  -5   8   0  -4  -1  -5  -4   0  -2  -5  -3  -2  -2  -4  -3  -4    0   0   0   0   0 100   0   0   0   0   0   0   0   0   0   0   0   0   0   0  1.76 0.31
  180 S     0  -2   0  -2  -2  -1  -2  -2  -2  -3  -3  -2  -3  -4  -2   5   4  -4  -3  -2    1   0   2   0   0   0   0   0   0   0   0   0   0   0   0  70  28   0   0   0  0.85 0.20
  181 L    -2  -2  -2  -3  -2  -2  -3  -3  -3   0   3  -2   0  -1  -3   0   4  -3  -2   0    0   0   0   0   0   0   0   0   0   3  47   0   0   1   0   5  44   0   0   0  0.53 0.15
  182 C     1  -4  -4  -5   9  -4  -4  -3  -4  -1  -2  -4  -2  -3  -4  -2  -1  -4  -3   2   14   0   0   0  64   0   0   0   0   0   0   0   0   0   0   0   1   0   0  21  1.42 0.22
  183 V    -2  -4  -4  -4  -2  -4  -4  -5  -4   4   0  -4   0  -2  -4  -3  -1  -4  -2   5    0   0   0   0   0   0   0   0   0  28   0   0   0   0   0   0   0   0   1  71  0.87 0.18
  184 G    -1  -4  -2  -3  -4  -3  -4   7  -4  -5  -5  -3  -4  -5  -4  -2  -3  -4  -5  -5    0   0   0   0   0   0   0 100   0   0   0   0   0   0   0   0   0   0   0   0  1.75 0.24
  185 I    -3  -4  -5  -5  -2  -4  -5  -5  -5   7   1  -4   1  -1  -4  -4  -2  -4  -3   2    0   0   0   0   1   0   0   0   0  93   2   0   3   0   0   0   0   0   0   2  1.15 0.22
  186 G    -1  -4  -2  -3  -4  -3  -4   7  -4  -5  -5  -3  -4  -5  -4  -2  -3  -4  -5  -5    0   0   0   0   0   0   0 100   0   0   0   0   0   0   0   0   0   0   0   0  1.75 0.24
  187 G    -1  -4  -2  -3  -4  -3  -4   7  -4  -5  -5  -3  -4  -5  -4  -2  -3  -4  -5  -5    0   0   0   0   0   0   0 100   0   0   0   0   0   0   0   0   0   0   0   0  1.75 0.24
  188 D    -3  -3   0   8  -5  -2   0  -3  -3  -5  -5  -2  -5  -5  -3  -2  -3  -6  -5  -5    0   0   0 100   0   0   0   0   0   0   0   0   0   0   0   0   0   0   0   0  1.83 0.27
  189 P    -2  -4  -4  -3  -5  -3  -3  -4  -4  -5  -5  -3  -4  -5   8  -2  -3  -6  -5  -4    0   0   0   0   0   0   0   0   0   0   0   0   0   0  99   1   0   0   0   0  2.67 0.30
  190 F    -3  -4  -4  -5  -2  -4  -4  -5  -3   3   0  -4  -1   6  -4  -3  -2  -1   1   2    0   0   0   0   0   0   0   0   0  21   1   0   0  59   0   0   0   0   1  19  0.89 0.17
  191 N    -2  -1   6   0  -4  -1  -1  -2   0  -4  -4   2  -3  -4   3   1  -1  -5  -3  -3    0   0  56   0   0   0   0   0   1   0   0  15   0   0  17  10   0   0   0   0  0.84 0.17
  192 G    -1  -4  -2  -3  -4  -3  -3   7  -4  -5  -5  -3  -4  -5  -4  -2  -3  -4  -5  -5    0   0   0   0   0   0   0 100   0   0   0   0   0   0   0   0   0   0   0   0  1.73 0.24
  193 T    -1  -3  -1  -3  -2  -2  -2  -3  -3  -2  -2  -2   0  -3  -3   1   7  -4  -3  -1    0   0   0   0   0   0   0   0   0   0   2   0   2   0   0   6  89   0   0   0  1.12 0.24
  194 D    -2  -2   6   2  -4   0   2  -2  -1  -4  -4  -1  -3  -4  -3   0  -1  -5  -3  -4    0   0  64  12   0   4  11   0   0   0   0   2   0   0   0   5   2   0   0   0  0.93 0.18
  195 F    -4  -4  -4  -5  -4  -4  -4  -5   4  -2  -1  -4   0   8  -5  -4  -3  -1   2  -2    0   0   0   0   0   0   0   0  12   0   1   0   2  83   0   0   1   0   0   0  1.44 0.24
  196 T    -2  -4  -4  -4  -2  -4  -4  -5  -4   6   1  -3   0  -1  -4  -3   0  -4  -3   3    0   0   0   0   0   0   0   0   0  75   3   1   0   0   0   0   4   0   0  18  0.86 0.18
  197 D    -3  -3   0   8  -5  -2   1  -3  -3  -5  -5  -2  -5  -5  -3  -2  -3  -6  -5  -5    0   0   0  96   0   0   3   0   0   0   0   0   0   0   0   0   0   0   0   0  1.72 0.26
  198 C     0  -4  -4  -4   9  -4  -4  -3  -4   1  -1  -4   0  -3  -4  -2  -2  -4  -3   2    8   0   0   0  57   0   0   1   0   6   1   0   2   0   0   2   0   0   0  24  1.18 0.20
  199 L    -2  -3  -5  -5  -2  -3  -4  -5  -4   1   5  -4   1  -1  -4  -4  -2  -3  -2   1    0   0   0   0   0   0   0   0   0   4  88   0   1   0   0   0   0   0   0   6  0.89 0.18
  200 E    -2   1   0   3  -4   1   4  -2  -1  -4  -4   3  -3  -4  -2   0   0  -4  -3  -3    1   4   1  15   0   2  46   0   1   0   0  23   0   0   0   2   4   0   0   0  0.63 0.13
  201 I    -2   0  -3  -4  -1  -2  -3  -4  -3   2   3  -1   4   0  -3  -3  -1   1  -1   3    0   7   0   0   1   0   0   0   0  10  30   3  16   1   0   0   0   2   1  30  0.36 0.10
  202 F    -4  -4  -5  -5  -4  -5  -5  -5  -3  -2  -1  -5  -1   8  -5  -4  -4   0   2  -2    0   0   0   0   0   0   0   0   0   0   2   0   0  95   0   0   0   0   3   0  1.75 0.26
  203 L    -2  -2  -3  -4  -2   0  -2  -4  -2   1   5  -3   2   0  -4  -3  -1  -3  -2   0    0   0   1   0   0   7   2   0   1   1  77   0   2   1   0   0   3   0   0   4  0.61 0.15
  204 N     1   0   3   1  -3   1   2  -1   0  -3  -3   2  -2  -4  -1   0  -1  -4  -3  -2   19   1  20   8   0   5  18   3   1   0   0  18   0   0   1   4   0   0   0   2  0.31 0.08
  205 D    -3  -3   0   8  -5  -2   0  -3  -2  -5  -5  -2  -5  -5  -3  -2  -3  -6  -5  -5    0   0   1  99   0   0   0   0   1   0   0   0   0   0   0   0   0   0   0   0  1.78 0.26
  206 P    -2  -3  -2   3  -4  -1   1  -3  -3  -4  -4  -1  -4  -5   7  -1  -2  -5  -4  -4    2   0   0  21   0   0  11   0   0   0   0   3   0   0  61   1   0   0   0   0  1.40 0.19
  207 A     0   0   1   2  -4   3   4  -2   0  -4  -3   1  -2  -4  -2   0  -1  -4  -3  -3   10   2   6   8   0  16  42   1   1   0   0  10   0   0   0   3   0   0   0   0  0.52 0.11
  208 T    -2  -3  -2  -3  -1  -2  -2  -3  -3  -2  -3  -2  -2  -4  -3   0   7  -4  -3  -1    0   0   0   0   1   0   0   0   0   1   0   0   0   0   0   1  96   0   0   2  1.27 0.26
  209 E    -2   0  -1   2  -5   2   5  -3   1  -4  -4   3  -3  -4  -2  -1  -2  -4  -3  -4    0   0   1   9   0   7  59   0   3   0   0  20   0   0   0   0   1   0   0   0  0.81 0.16
  210 G     1  -3  -1  -2  -3  -2  -3   6  -3  -4  -4  -2  -3  -4  -3   2  -2  -4  -4  -3   11   0   0   0   0   1   0  69   0   0   0   0   0   0   0  19   0   0   0   1  0.99 0.17
  211 I    -3  -4  -5  -5  -3  -4  -5  -5  -5   7   0  -4   0  -2  -4  -4  -2  -4  -3   2    0   0   0   0   0   0   0   0   0  95   1   0   1   0   0   0   0   0   0   3  1.20 0.23
  212 I    -2  -4  -4  -4  -2  -4  -4  -5  -4   6   1  -4   1   0  -4  -3  -2  -4  -2   3    0   0   0   0   0   0   0   0   0  67   4   0   1   2   0   0   0   0   0  26  0.83 0.17
  213 L    -2  -3  -4  -5  -3  -2  -4  -5  -3   1   4  -3   8  -1  -4  -3  -2  -3  -2   0    0   0   0   0   0   0   0   0   0   4  38   0  58   0   0   0   0   0   0   1  1.04 0.22
  214 I    -3  -5  -5  -5  -3  -4  -5  -5  -5   7   0  -4   0  -2  -4  -4  -2  -4  -3   2    0   0   0   0   0   0   0   0   0  95   1   0   0   0   0   0   0   0   0   4  1.20 0.23
  215 G    -1  -4  -2  -3  -4  -3  -4   7  -4  -5  -5  -3  -4  -5  -4  -2  -3  -4  -5  -5    0   0   0   0   0   0   0 100   0   0   0   0   0   0   0   0   0   0   0   0  1.75 0.24
  216 E    -2  -2  -2   0  -5   0   7  -4  -2  -5  -5  -1  -4  -5  -3  -2  -2  -5  -4  -4    0   0   0   0   0   0 100   0   0   0   0   0   0   0   0   0   0   0   0   0  1.55 0.27
  217 I    -3  -5  -5  -5  -3  -4  -5  -5  -5   7   0  -4   0  -2  -4  -4  -2  -4  -3   1    0   0   0   0   0   0   0   0   0 100   0   0   0   0   0   0   0   0   0   0  1.31 0.25
  218 G    -1  -4  -2  -3  -4  -3  -4   7  -4  -5  -5  -3  -4  -5  -4  -2  -3  -4  -5  -5    0   0   0   0   0   0   0 100   0   0   0   0   0   0   0   0   0   0   0   0  1.75 0.24
  219 G    -1  -4  -2  -3  -4  -3  -4   7  -4  -5  -5  -3  -4  -5  -4  -2  -3  -4  -5  -3    0   0   0   0   0   0   0  98   0   0   0   0   0   0   0   0   0   0   0   2  1.66 0.23
  220 N     0  -2   2   0  -2   1   1  -1  -1  -3  -3  -1  -2  -3  -2   4   2  -4  -3  -2    2   0   8   5   0   6   6   2   0   0   0   0   0   0   0  52  17   0   0   2  0.47 0.13
  221 A     5  -3  -2  -1  -2  -2  -1  -1  -3  -2  -2  -2   2  -3  -2   0  -1  -4  -3  -1   85   0   1   2   0   0   1   1   0   0   0   0   7   0   0   3   0   0   0   0  0.81 0.20
  222 E    -2  -2  -2   0  -5   1   7  -4  -2  -5  -4  -1  -4  -5  -3  -2  -2  -4  -4  -4    0   0   0   0   0   0  99   0   0   0   0   0   0   0   0   0   0   0   0   0  1.51 0.26
  223 E    -2  -2  -2   0  -5   0   7  -4  -2  -3  -4  -1  -3  -5  -3  -2  -2  -4  -3  -2    0   0   0   1   0   0  94   0   0   2   0   0   0   0   0   0   0   0   0   2  1.34 0.24
  224 N    -2  -1   1   4  -4   2   5  -3  -1  -4  -3   1  -2  -4  -2  -1  -2  -4  -3  -3    1   1   7  26   0   6  49   0   0   0   1   6   1   0   0   1   0   0   0   0  0.73 0.14
  225 A     6  -3  -3  -3  -2  -2  -2   0  -3  -3  -3  -2  -2  -4  -2   0  -1  -4  -3  -2   97   0   0   0   0   0   1   2   0   0   0   0   0   0   0   0   0   0   0   0  1.05 0.22
  226 A     6  -3  -3  -3  -1  -2  -2  -1  -3  -3  -3  -2  -2  -4  -2   1  -1  -4  -3  -2   94   0   0   0   0   0   1   0   0   0   0   0   0   0   0   4   0   0   0   0  1.01 0.22
  227 E     1  -1  -1   2  -4   3   5  -3  -1  -4  -3   0  -3  -4  -2  -1  -2  -4  -3  -3   13   1   1   9   0  16  58   0   0   0   1   1   0   0   0   0   0   0   0   0  0.74 0.16
  228 F    -3  -4  -4  -5  -4  -4  -3  -4  -1  -2   0  -4  -1   7  -5  -3  -3   4   6  -2    1   0   0   0   0   0   1   0   0   0   4   0   0  60   0   0   0   5  29   1  1.25 0.20
  229 L    -2  -3  -4  -5  -2  -3  -4  -5  -4   3   5  -4   1   0  -4  -3  -2  -3  -2   1    1   0   0   0   0   0   0   0   0  24  70   0   1   1   0   0   0   0   1   1  0.72 0.15
  230 K     0   2  -1  -2  -3   1   1  -2  -2  -1  -2   5   0  -3  -2  -1  -1  -2  -3  -2   10   6   1   0   0   3   6   1   0   4   2  61   2   0   0   1   2   0   0   0  0.53 0.14
  231 Q     0   0   1   3  -3   3   3  -2   0  -3  -3   1  -1  -3  -2   0  -1  -2  -2  -2   12   2   6  17   0  22  23   0   2   0   1   7   2   1   0   4   0   0   0   1  0.37 0.09
  232 H    -1  -1   2  -1  -3   0   2  -2   6  -4  -3  -1  -2   0  -3   1  -2  -2   3  -3    3   0  14   0   0   2  18   0  35   0   0   1   0   2   0  10   0   0  13   0  0.59 0.14
  233 N     1   0   5   0  -3  -1  -1   0  -1  -2  -3   2  -2  -2  -2   0  -1  -3  -2  -2   14   2  52   1   0   1   1   6   0   1   1  14   1   1   1   1   1   0   0   1  0.50 0.11
  234 S     0   1   0  -1   0   0   0  -1  -1  -1  -2   2  -1  -2  -1   2   3  -2  -1  -1    4   5   2   1   2   2   1   2   0   2   2  24   0   1   1  20  26   0   1   5  0.23 0.06
  235 G     0   2   0  -1  -1   0  -1   3  -1  -2  -2   1  -1  -2   0   0  -1  -2  -1  -1    5  20   2   2   1   2   3  31   1   2   3   9   1   1   4   4   3   0   1   4  0.23 0.04
  236 P     0  -1   0   0   0   0   0   2  -1  -2  -2   0  -2  -2   4   0  -1  -2  -1  -2    7   2   4   6   2   2   5  22   1   2   3   8   1   1  21   7   2   0   2   2  0.28 0.04
  237 K    -1   2   2  -1  -2   0   0   0  -1   0  -1   1  -1  -2  -1   0   0  -3  -2   1    1  17  19   2   0   3   3   7   1   8   1  14   1   0   3   2   2   0   0  15  0.13 0.05
  238 S     1   0   1  -1  -2   0   0  -1  -1  -3  -3   2  -2  -3   3   1   1   3  -2  -2   19   3   9   2   0   2   2   3   0   0   0  24   1   0  14   7   9   5   0   0  0.29 0.07
  239 K    -2   1  -2  -2  -5   0  -1  -3  -2  -4  -4   7  -3  -5  -3  -2  -2  -5  -3  -4    0   0   0   0   0   0   0   0   0   0   0 100   0   0   0   0   0   0   0   0  1.39 0.26
  240 P    -3  -4  -4  -3  -5  -3  -3  -4  -4  -5  -5  -3  -4  -6   8  -3  -3  -6  -5  -4    0   0   0   0   0   0   0   0   0   0   0   0   0   0 100   0   0   0   0   0  2.70 0.30
  241 V    -1  -3  -4  -4  -2  -3  -3  -4  -4   2   0  -3   3  -1  -3  -2   1  -4  -2   5    3   0   0   0   0   0   0   0   0   7   1   0   9   1   0   0   8   0   0  71  0.66 0.16
  242 V     2  -4  -4  -4  -1  -3  -3  -4  -4   1  -1  -3  -1  -2  -3  -2  -1  -4  -3   6   17   0   0   0   0   0   0   0   0   0   0   0   0   0   0   0   1   0   0  81  0.79 0.19
  243 S     2  -2  -1  -2  -2  -2  -2   4  -2  -4  -4  -2  -3  -4  -2   4   0  -4  -3  -3   15   0   0   0   0   0   0  37   0   0   0   0   0   0   0  47   1   0   0   0  0.70 0.15
  244 F    -4  -4  -5  -5  -4  -5  -5  -5  -2  -2  -1  -5  -2   8  -5  -4  -4   0   4  -2    0   0   0   0   0   0   0   0   0   0   0   0   0  90   0   0   0   0  10   0  1.70 0.26
  245 I    -3  -5  -5  -5  -3  -4  -5  -5  -5   7   0  -4   0  -2  -4  -4  -2  -4  -3   2    0   0   0   0   0   0   0   0   0  98   0   0   0   0   0   0   0   0   0   2  1.28 0.24
  246 A     6  -3  -3  -3  -2  -2  -2  -1  -3  -3  -3  -2  -2  -4  -2   0  -1  -4  -3  -2   99   0   0   0   0   0   0   1   0   0   0   0   0   0   0   0   0   0   0   0  1.11 0.23
  247 G    -1  -4  -2  -3  -4  -3  -4   7  -4  -5  -5  -3  -4  -5  -4  -2  -3  -4  -5  -5    0   0   0   0   0   0   0 100   0   0   0   0   0   0   0   0   0   0   0   0  1.75 0.24
  248 L     0   3  -3  -3  -2   0  -2  -3  -2   2   2  -1   1  -2  -3  -2  -1  -3  -2   2    5  25   0   0   0   3   0   0   0  14  23   1   2   0   0   1   2   0   0  25  0.25 0.09
  249 T    -1  -2  -1  -2  -2  -2  -2  -3  -3  -2  -3  -2  -2  -4  -2   2   6  -4  -3  -2    1   0   0   0   0   0   0   0   0   0   0   0   0   0   0  15  85   0   0   0  1.09 0.23
  250 A     6  -3  -3  -3  -2  -2  -2  -1  -3  -3  -3  -2  -2  -4  -2   0  -1  -4  -3  -2  100   0   0   0   0   0   0   0   0   0   0   0   0   0   0   0   0   0   0   0  1.13 0.24
  251 P    -3  -4  -4  -3  -5  -3  -3  -4  -4  -5  -5  -3  -4  -6   8  -3  -3  -6  -5  -4    0   0   0   0   0   0   0   0   0   0   0   0   0   0 100   0   0   0   0   0  2.70 0.30
  252 P    -1  -3  -4  -3  -4  -3  -2  -4  -4  -4  -5  -1  -4  -5   8  -2  -3  -5  -5  -4    3   0   0   0   0   0   0   0   0   0   0   4   0   0  92   0   0   0   0   0  2.36 0.27
  253 G    -1  -4  -2  -1  -4  -3  -2   7  -3  -5  -5  -3  -4  -5  -4  -2  -3  -4  -5  -5    0   0   0   2   0   0   2  96   0   0   0   0   0   0   0   0   0   0   0   0  1.61 0.23
  254 R    -3   7  -2  -3  -5   0  -1  -4  -2  -5  -4   3  -3  -4  -3  -2  -3  -4  -3  -4    0  88   0   0   0   0   0   0   0   0   0  12   0   0   0   0   0   0   0   0  1.45 0.24
  255 R    -3   8  -2  -3  -5   0  -2  -4  -1  -5  -4   1  -3  -4  -4  -2  -2  -4  -3  -4    0  98   0   0   0   0   0   0   1   0   0   0   0   0   0   0   1   0   0   0  1.64 0.27
  256 M    -3  -3  -4  -5  -3  -2  -4  -5  -3  -1   0  -3  10  -2  -4  -3  -3  -3  -3  -1    0   0   0   0   0   0   0   0   0   0   0   0 100   0   0   0   0   0   0   0  1.97 0.34
  257 G    -1  -4  -2  -3  -4  -3  -4   7  -4  -5  -5  -3  -4  -5  -4  -2  -3  -4  -5  -5    0   0   0   0   0   0   0 100   0   0   0   0   0   0   0   0   0   0   0   0  1.75 0.24
  258 A     6  -3  -2  -3  -2  -2  -2  -1   4  -3  -3  -2  -2  -3  -2   0  -1  -4  -2  -2   87   0   0   0   0   0   0   0  13   0   0   0   0   0   0   0   0   0   0   0  0.94 0.21
  259 G    -1  -4  -2  -3  -4  -3  -3   7  -3  -5  -5  -3  -4  -5  -4  -2  -3  -4  -5  -5    2   0   0   0   0   0   1  97   0   0   0   0   0   0   0   0   0   0   0   0  1.64 0.23
  260 A     6  -3  -3  -3  -2  -2  -2  -1  -3  -3  -3  -2  -2  -4  -2   0  -1  -4  -3  -2   98   0   0   0   0   0   0   2   0   0   0   0   0   0   0   0   0   0   0   0  1.08 0.23
  261 I    -2  -4  -5  -5  -3  -4  -5  -5  -5   7   0  -4   1  -1  -4  -4  -2  -4  -3   2    2   0   0   0   0   0   0   0   0  92   0   0   1   0   0   0   0   0   0   5  1.11 0.22
  262 I    -2  -4  -4  -4  -2  -4  -4  -5  -4   6   0  -4   0  -2  -4  -3  -1  -4  -2   4    0   0   0   0   0   0   0   0   0  67   0   0   0   0   0   0   1   0   0  32  0.88 0.18
  263 A     3  -2  -1  -2  -2  -1  -2  -1  -2  -2  -3  -2  -2  -3  -2   5   0  -4  -3  -2   29   0   0   0   0   0   0   0   0   2   0   0   0   0   0  68   0   0   0   0  0.75 0.19
  264 G    -1  -3  -2  -3  -4  -3  -3   7  -2  -5  -5  -2  -3  -5  -4  -2  -3  -4  -4  -4    2   0   0   0   0   0   0  95   1   0   1   1   0   0   0   0   0   0   0   0  1.57 0.22
  265 G    -1  -4  -1  -3  -4  -3  -4   7  -3  -5  -5  -3  -4  -5  -4  -1  -3  -4  -5  -5    0   0   1   0   0   0   0  98   0   0   0   0   0   0   0   0   0   0   0   0  1.67 0.23
  266 K    -2   1  -1  -2  -4   2   0  -2  -2  -4  -4   6  -2  -4  -2  -1  -2  -4  -3  -4    1   1   1   0   0   6   0   2   0   0   0  85   1   0   0   2   1   0   0   0  1.04 0.21
  267 G    -1  -3  -2  -1  -4  -3  -3   7  -3  -5  -5  -2  -4  -5  -4  -2  -3  -4  -5  -5    0   1   0   3   0   0   0  95   0   0   0   1   0   0   0   0   0   0   0   0  1.58 0.22
  268 G     0  -2  -1   2  -3  -2  -2   4  -3  -3  -3  -1  -3  -4  -2   0   3  -4  -3  -2    6   0   0  13   0   0   0  44   0   0   1   1   0   0   0   3  31   0   0   0  0.60 0.13
  269 A     6  -3  -3  -3  -2  -2  -2  -1  -3  -3  -3  -2  -2  -4  -2   0  -1  -4  -3  -2   98   0   0   0   0   0   0   2   0   0   0   0   0   0   0   0   0   0   0   0  1.10 0.23
  270 K     0   0   1   3  -3   2   3  -1  -1  -3  -3   2  -2  -4  -1   0  -1  -4  -3  -3    9   0   4  17   0  10  29   4   0   1   0  16   1   0   2   5   2   0   0   0  0.38 0.09
  271 E     1  -2   0   4  -3   0   2   0  -1  -4  -4  -1  -3  -2  -2   2  -1  -4  -3  -3   10   0   0  38   0   1  19   7   0   0   0   0   0   2   0  22   1   0   0   0  0.52 0.12
  272 K    -2   1  -2  -2  -5   0  -1  -3  -2  -4  -4   7  -3  -5  -3  -2  -2  -5  -3  -4    0   0   0   0   0   0   0   0   0   0   0 100   0   0   0   0   0   0   0   0  1.42 0.27
  273 I    -2  -4  -4  -4  -2  -3  -4  -5  -4   6   1  -4   2   2  -4  -3  -1  -3  -1   2    0   0   0   0   0   0   0   0   0  68   2   0   5  12   0   0   1   0   0  11  0.76 0.17
  274 T     3   0   0   0  -2   0   2  -1  -2  -3  -3   2  -2  -3  -2   1   0  -4  -3  -2   37   2   5   3   0   2  21   0   0   0   1  19   0   0   0   9   2   0   0   0  0.35 0.10
  275 A     6  -3  -3  -3  -1  -2  -2  -1  -3  -3  -3  -1  -2  -3  -2   0   0  -4  -3  -1   92   0   0   0   0   0   0   0   0   0   0   2   0   0   0   1   3   0   0   1  0.98 0.22
  276 L    -3  -3  -4  -5  -3  -3  -4  -5  -4   0   5  -3   6  -1  -4  -4  -2  -3  -2   0    0   0   0   0   0   0   0   0   0   0  73   0  27   0   0   0   0   0   0   0  0.95 0.20
  277 Q    -2   2  -1   0  -4   3   5  -3  -1  -4  -4   2  -2  -4  -2  -1  -1  -4  -3  -3    1  12   0   0   0  13  55   0   0   0   0  16   0   0   0   1   2   0   0   0  0.78 0.16
  278 S     2   0   0   2  -2   0   1  -1  -2  -3  -3   1  -2  -3  -2   2   0  -4  -3  -2   29   3   4  11   0   2  10   2   0   0   0  11   0   0   0  27   0   0   0   0  0.32 0.09
  279 A     6  -3  -3  -3   1  -2  -2  -1  -3  -3  -3  -2  -2  -4  -2   0  -1  -4  -3  -1   94   0   0   0   3   0   0   0   0   0   0   0   0   0   0   1   0   0   0   2  1.03 0.23
  280 G    -1  -4  -1  -2  -4  -3  -3   7  -3  -5  -5  -3  -4  -5  -4  -1  -3  -4  -5  -5    0   0   2   0   0   0   0  97   0   0   0   0   0   0   0   1   0   0   0   0  1.67 0.24
  281 V     0  -4  -4  -4   0  -3  -4  -4  -4   4   0  -3   0  -1  -4  -3  -1  -4  -2   5    6   0   0   0   1   0   0   0   0  27   0   0   0   2   0   0   0   0   0  64  0.72 0.17
  282 V    -1   1   0  -2  -2  -1  -1  -3   2   2   0   0   0  -1  -3  -1   1  -2  -1   2    3   9   4   0   0   0   1   1   8  21   2   9   0   2   0   1  12   0   1  26  0.14 0.07
  283 V    -1  -4  -4  -4  -2  -3  -4  -4  -4   2   0  -3   1  -2  -4  -3   1  -4  -3   6    0   0   0   0   0   0   0   0   0   8   0   0   2   0   0   0   7   0   0  82  0.87 0.20
  284 S     2  -2  -1  -2  -1  -1   1  -2  -2  -1  -2  -1  -2  -3  -2   3   3  -4  -3   1   23   0   0   0   1   0  11   0   0   0   0   0   0   0   0  26  24   0   0  15  0.33 0.11
  285 M    -1   3   0   3  -3   1   1  -3  -1  -2  -1   1   2  -3   2  -1  -2  -4  -3  -2    5  26   3  19   0   3   8   0   1   0   4   9   9   0  12   1   0   0   0   1  0.34 0.09
  286 S     0  -2   1  -2  -2  -2  -2  -2  -2  -4  -4  -2  -3  -4  -2   6   0  -4  -3  -3    0   0   6   0   0   0   0   0   0   0   0   0   0   0   0  92   1   0   0   0  1.11 0.25
  287 P    -3  -4  -4  -3  -5  -3  -3  -4  -4  -4  -2  -3  -4  -5   8  -3  -3  -5  -5  -4    0   0   0   0   0   0   0   0   0   0   5   0   0   0  95   0   0   0   0   0  2.48 0.29
  288 A     6  -3  -3  -3   0  -2  -2  -1  -3  -3  -3  -2  -2  -4  -2   1  -1  -4  -3  -2   88   0   0   0   2   0   0   2   0   0   0   0   0   0   0   8   0   0   0   0  0.93 0.21
  289 Q     0   2  -1   1  -3   3   1   0   1  -3  -2   2  -1  -3  -2   0   0  -3  -2  -2    7  13   0   7   0  24   8   5   4   1   2  16   2   0   0   6   4   0   0   1  0.28 0.08
  290 L    -2  -3  -4  -5  -2  -3  -4  -5  -4   3   4  -3   5  -1  -4  -3  -2  -3  -2   0    0   0   0   0   0   0   0   0   0  20  61   0  19   0   0   0   0   0   0   0  0.76 0.16
  291 G    -1  -4  -2  -3  -4  -3  -4   7  -4  -5  -5  -3  -4  -5  -4  -2  -3  -4  -5  -5    0   0   0   0   0   0   0 100   0   0   0   0   0   0   0   0   0   0   0   0  1.77 0.25
  292 T     0   0   0   0  -3   1   2  -2  -1  -2  -2   2  -2  -3  -1   2   2   0  -2  -1    6   1   3   2   0   3  17   1   1   1   0  24   0   0   1  18  14   2   0   6  0.24 0.08
  293 T     2  -1  -1  -2  -1  -1   0  -2  -1  -2  -1  -1  -1  -3  -2   1   4  -3  -2  -1   23   2   0   0   0   0   7   1   1   0   7   2   1   0   0   6  47   0   0   2  0.38 0.13
  294 I    -2  -3  -4  -5  -2  -3  -4  -4  -4   2   4  -3   6  -1  -4  -3  -2  -3  -2   1    0   0   0   0   0   0   0   0   0  12  42   0  37   0   0   0   0   0   0   9  0.75 0.17
  295 Y     0   0  -2  -3  -2  -1  -2  -3   2   0   2   0   1   1  -3  -2  -1  -2   2   1    9   7   0   0   0   2   0   0   6   1  36   8   4   5   0   1   1   0  10   9  0.16 0.07
  296 K     0   1   0   1  -4   2   3  -2  -1  -4  -3   4  -2  -4  -2   0  -1  -4  -3  -3    9   6   3   8   0   6  29   0   0   0   1  34   0   0   0   2   2   0   0   0  0.48 0.12
  297 E     3  -1  -2  -1  -2   1   2  -2  -2   0   0   0   0  -3  -2  -1  -1  -3  -2   1   34   1   0   1   0   6  24   0   0   2   8   5   2   0   0   0   1   0   0  15  0.23 0.10
  298 F    -3  -3  -4  -5  -3  -3  -4  -4  -3   2   3  -3   6   4  -4  -3  -2   2   0   0    0   0   0   0   0   0   0   0   0  11  29   0  31  26   0   0   0   2   1   0  0.68 0.16
  299 E    -1   1   1   0  -3   2   2  -1  -1  -1  -2   4  -1  -3  -2   0  -1  -4  -2   0    3   4   8   2   0   9  12   4   0   2   3  38   0   0   0   3   1   0   0  11  0.27 0.09
  300 K     0   3   2   0  -4   1   2  -1  -1  -3  -3   4  -2  -4  -2   0  -1  -4  -3  -3    7  18  11   4   0   6  16   2   0   0   0  34   0   0   0   2   0   0   0   1  0.42 0.09
  301 R     1   4  -1  -2  -3   0  -1  -2   1  -2   0   2  -1  -3  -2  -1  -1   2  -2  -2   18  40   2   0   0   2   0   0   3   0  12  18   1   0   0   1   0   3   0   0  0.38 0.09
  302 K    -1   0   1   3  -4  -1   0   4  -2  -4  -4   2  -3  -4  -2  -1  -2  -4  -3  -4    1   5   6  18   0   0   4  41   0   0   0  24   0   0   0   0   0   0   0   0  0.52 0.09
  303 M    -2  -3  -4  -4  -2  -2  -3  -4  -3   1   4  -2   4   0  -4  -3  -2  -2  -2   0    0   0   0   0   0   0   0   0   0   5  75   3  17   0   0   0   0   0   0   0  0.62 0.10
  304 L    -1  -3  -4  -4  -2  -3  -3  -4  -4   3   3  -3   1   0  -3  -3  -1  -3  -2   3    0   0   0   0   0   0   0   0   0  19  52   0   0   0   0   0   0   0   0  29  0.46 0.06

                      K         Lambda
Standard Ungapped    0.1364     0.3163
Standard Gapped      0.0592     0.2670
PSI Ungapped         0.1935     0.3147
PSI Gapped           0.0592     0.2670
