
Last position-specific scoring matrix computed, weighted observed percentages rounded down, information per position, and relative weight of gapless real matches to pseudocounts
           A  R  N  D  C  Q  E  G  H  I  L  K  M  F  P  S  T  W  Y  V   A   R   N   D   C   Q   E   G   H   I   L   K   M   F   P   S   T   W   Y   V
    1 A    4 -1 -2 -2  0 -1 -1  0 -2 -1 -2 -1 -1 -2 -1  1  0 -3 -2  0  100   0   0   0   0   0   0   0   0   0   0   0   0   0   0   0   0   0   0   0  0.40 0.00
    2 G    0 -3 -1 -2 -3 -2 -2  6 -2 -4 -4 -2 -3 -3 -2  0 -2 -3 -3 -3    0   0   0   0   0   0   0 100   0   0   0   0   0   0   0   0   0   0   0   0  1.13 0.04
    3 V    0 -1 -1 -2 -1 -1 -1 -2 -2  1 -1  1  0 -2 -2  1  3 -3 -2  2    0   0   0   0   0   0   0   0   0   0   0  14   0   0   0  17  29   0   0  41  0.19 0.03
    4 M   -2 -3 -4 -4 -2 -3 -3 -4 -3  2  3 -3  3  4 -4 -3 -2 -1  0  1    0   0   0   0   0   0   0   0   0  15  32   0  16  31   0   0   0   0   0   5  0.45 0.09
    5 T   -1 -2 -1 -2 -2 -1 -2 -2 -2 -2 -2 -1 -2 -3 -2  2  6 -3 -2 -1    0   0   0   0   0   0   0   0   0   0   0   0   0   0   0  14  86   0   0   0  0.82 0.17
    6 G    2 -1 -1  1 -2  1  1  1 -1 -2 -2  0  1 -2  1  0 -1 -2  1 -2   29   0   0  12   0   6  14   9   0   0   0   5   9   0   8   0   0   0   8   0  0.19 0.06
    7 A    0 -1 -1  2 -3  1  5 -2 -1 -3 -3  0 -2 -4 -2  0  1 -4 -3 -3    9   0   0   6   0   0  74   0   0   0   0   0   0   0   0   0  12   0   0   0  0.73 0.14
    8 K   -2  2  1 -1 -4  1  2 -2 -1 -4 -3  5 -2 -4 -2 -1 -1 -4 -3 -3    0   8   8   0   0   0  14   0   0   0   0  70   0   0   0   0   0   0   0   0  0.67 0.13
    9 F   -3 -3 -3 -4 -3 -3 -4 -4  0 -1 -1 -3 -1  6 -4 -3 -3  1  6 -2    0   0   0   0   0   0   0   0   0   0   0   0   0  58   0   0   0   0  42   0  1.15 0.17
   10 T    0 -1  2  2 -3  2  2  0 -1 -2 -1  1  2 -3 -2  0  0 -3 -2 -2    7   0  15  13   0  12  13   8   0   0   0   7  17   0   0   0   9   0   0   0  0.20 0.06
   11 Q    2  0  1 -1 -2  4  0 -1 -1 -3 -3  2 -1 -3 -2  1 -1 -3 -2 -2   27   0   8   0   0  41   0   0   0   0   0  17   0   0   0   7   0   0   0   0  0.43 0.11
   12 I    0 -4 -4 -4 -2 -3 -4 -4 -4  6  1 -3  0 -1 -3 -3 -1 -3 -2  2    8   0   0   0   0   0   0   0   0  85   0   0   0   0   0   0   0   0   0   7  0.67 0.15
   13 Q   -1  1 -1 -1 -3  4  1 -2 -1 -3 -3  3 -2 -4  1  2 -1 -3 -2 -3    0   0   0   0   0  31   7   0   0   0   0  35   0   0   7  19   0   0   0   0  0.49 0.11
   14 F   -2 -3  1  2 -3 -2 -2 -3 -2 -1  0 -2  3  5 -3 -2  0 -1  1 -1    0   0   7  18   0   0   0   0   0   0   0   0  17  50   0   0   7   0   0   0  0.47 0.12
   15 G   -1 -3 -1 -2 -3 -3 -3  6 -3 -5 -5 -2 -4 -4 -3 -1 -2 -3 -4 -4    0   0   0   0   0   0   0 100   0   0   0   0   0   0   0   0   0   0   0   0  1.46 0.17
   16 M   -2 -2 -3 -4 -2  1 -2 -4 -2  0  1 -2  8 -1 -3 -2  0 -3 -2  0    0   0   0   0   0   8   0   0   0   0   0   0  85   0   0   0   7   0   0   0  0.95 0.22
   17 T    0 -2  0  2 -2 -1 -1 -2 -2 -2 -3 -1 -2 -3 -2  3  4 -3 -2 -1    0   0   0  15   0   0   0   0   0   0   0   0   0   0   0  33  52   0   0   0  0.54 0.13
   18 R   -2  4 -2 -3 -3 -1 -2 -3  0 -3 -2  0 -2  2 -3  0 -2  0  6 -2    0  36   0   0   0   0   0   0   0   0   0   0   0   7   0   8   0   0  50   0  0.71 0.14
   19 Q    1 -1  0  4 -3  3  3 -2 -1 -3 -3  0 -2 -4 -2  0  0 -3 -3 -2   15   0   0  31   0  20  26   0   0   0   0   0   0   0   0   0   8   0   0   0  0.49 0.09
   20 Q   -1  0 -1  0 -3  4  4 -3 -1 -3 -1  1 -1 -3 -2 -1  0 -3 -2 -2    0   0   0   0   0  37  41   0   0   0   8   7   0   0   0   0   7   0   0   0  0.56 0.12
   21 V   -1 -3 -4 -4 -2 -3 -3 -4 -4  2  0 -3  0 -2 -3 -3 -1 -4 -2  6    0   0   0   0   0   0   0   0   0   0   0   0   0   0   0   0   0   0   0 100  0.81 0.18
   22 L    0 -2 -3 -3 -2  1 -2 -3 -3  1  0  0  0 -1 -3 -2 -1  7 -1  2   12   0   0   0   0   9   0   0   0   8   9   8   0   0   0   0   0  22   0  33  0.42 0.09
   23 D    1  0  1  2 -3  2  2  0 -1 -3 -3  2 -2 -3 -2  0 -1 -3 -2 -2   20   0   8  16   0  15  14   6   0   0   0  21   0   0   0   0   0   0   0   0  0.32 0.06
   24 I    0 -3 -4 -4 -2 -3 -3 -4 -4  4  2 -3  1 -1 -3 -2 -1 -3 -2  3    8   0   0   0   0   0   0   0   0  57  16   0   0   0   0   0   0   0   0  19  0.46 0.10
   25 A    1 -3 -3 -3 -2 -3 -3  0 -3  4  2 -3  1 -1 -3 -2 -1 -3 -2  2   16   0   0   0   0   0   0   7   0  45  17   0   0   0   0   0   0   0   0  14  0.28 0.08
   26 G   -1 -3 -1 -2 -3 -3 -3  6 -3 -5 -5 -2 -4 -4 -3 -1 -2 -3 -4 -4    0   0   0   0   0   0   0 100   0   0   0   0   0   0   0   0   0   0   0   0  1.46 0.17
   27 A    3 -2 -1  1 -2 -1  0  2 -2 -2 -2 -1 -2 -3 -2  2  1 -3 -2 -1   44   0   0   8   0   0   7  16   0   0   0   0   0   0   0  13  12   0   0   0  0.32 0.07
   28 E    0  1  0  3 -4  1  4  0 -1 -4 -3  0 -3 -4 -2 -1 -1 -4 -3 -3    7  12   0  24   0   0  49   8   0   0   0   0   0   0   0   0   0   0   0   0  0.56 0.10
   29 N    0 -1  1 -1 -2  1  1  3  3 -3 -3  1 -2 -3 -2  1 -1 -3 -2 -2    8   0   9   0   0   8   9  33  12   0   1   8   0   0   0   8   0   0   0   1  0.32 0.05
   30 C    0 -2 -1 -1  7 -1  1 -2 -2 -2 -2 -1 -2 -3 -2  2  1 -3 -2 -1    1   0   0   0  35   0  17   1   0   0   1   0   0   0   0  28   8   0   0   6  0.49 0.10
   31 E    0 -1  1  1 -3  2  3 -2 -1 -3 -3  0 -2 -3  1  3  0 -4 -2 -3    0   0   7   7   0   8  29   0   0   0   0   0   0   0   7  41   0   0   0   0  0.45 0.10
   32 T    0 -2 -1 -1 -2 -1  1  1 -2  0 -2 -1 -2 -3  1  2  3 -3 -2 -1    0   0   0   0   0   0  12  12   0   7   0   0   0   0   7  25  37   0   0   0  0.31 0.08
   33 G    0 -2 -1 -2  3 -2 -2  4 -2 -3 -3 -1 -2 -3  1  2  2 -3 -3 -2    0   0   0   0   8   0   0  37   0   0   0   0   0   0   7  24  24   0   0   0  0.46 0.09
   34 G    0 -2 -1 -1 -3 -1  1  5 -2 -4 -4 -1 -3 -4  1  2 -1 -3 -3 -3    0   0   0   0   0   0  13  56   0   0   0   0   0   0   8  23   0   0   0   0  0.66 0.10
   35 S    2 -1  1  2 -2  0  1 -1 -1 -2 -3 -1 -2 -3 -2  3  0 -3 -2 -1   21   0   9  16   0   0  12   0   0   0   0   0   0   0   0  35   0   0   0   7  0.30 0.07
   36 F   -1 -1 -1  2 -3  1  1  1 -1  0 -1  1  1  2 -2 -1 -1 -1  1 -1    0   0   0  20   0   8   7  13   0   7   0  12   8  17   0   0   0   0   7   0  0.15 0.05
   37 G    0 -2 -1 -1 -2 -1  0  4 -2 -1 -2  0 -2 -3 -2  1  1 -3 -3  0    0   0   0   0   0   0   7  48   0   0   0   8   0   0   0   9  13   0   0  15  0.40 0.08
   38 D    0 -2  0  3 -3 -1  2  0 -2 -3 -3 -1 -2 -3  3  1  2 -4 -3 -2    7   0   0  25   0   0  14   8   0   0   0   0   0   0  19   7  20   0   0   0  0.43 0.07
   39 S    1  2 -1 -2 -2  1 -1  0  2  0  0  0 -1  0 -2  1  0 -2 -1 -1   13  17   0   0   0   7   0   7   7   8  12   0   0   6   0  16   7   0   0   0  0.08 0.04
   40 I   -1  0 -2 -2 -2 -1 -2 -3  3  3  0 -1  0  1 -2 -1  1 -2  0  2    1   8   0   0   0   0   1   1  13  39   1   1   0   7   0   1  13   0   0  12  0.17 0.07
   41 H   -1 -1 -1 -2  5  1 -1 -2  4  0  0  0 -1 -2 -2 -1  2 -2 -1 -1    1   0   0   0  20   8   1   1  21   8   8   8   0   0   0   1  22   0   0   1  0.26 0.07
   42 C    0 -2 -2 -2  6 -2 -2 -2 -2  1  0 -2 -1 -1 -2 -1  1  4 -1  1    7   1   1   1  31   1   1   2   0   9   8   1   0   1   1   1  16   8   1   8  0.35 0.06
   43 R   -1  2 -2 -2 -2 -1 -2 -2 -1  1  0 -1  3  2 -2  0 -1 -1  2  1    1  18   1   1   0   1   1   1   0   6   1   1  21  15   1   8   1   0   8  15  0.15 0.06
   44 G    0 -2  1 -2 -2 -1 -1  0  0  1 -1 -1 -1  0 -2  0  1 -1  4  0   10   1   8   1   0   1   1   9   0  15   1   1   0   0   1   8  15   0  27   1  0.16 0.05
   45 H   -1  0  1  1 -3  2  2 -2  3 -2 -2  1 -1 -1 -1  0 -1 -1  2 -2    1   1   9  10   0  15  21   1   9   1   2   9   0   1   1   1   1   0  15   1  0.26 0.05
   46 A    1  0 -2 -2 -2 -1  0 -2 -1 -2 -2 -1 -1  2  1  0 -1  7  2 -2   16   8   0   0   0   0   8   1   0   0   1   0   0  13   8   8   0  26   9   0  0.51 0.08
   47 A    1 -1 -1 -1 -2  1  1 -1 -1 -2 -2  1 -2 -2 -2  1  0  7 -1 -2   21   0   0   0   0   8  13   1   0   0   1   9   0   0   0  15   6  22   0   1  0.43 0.07
   48 G   -1 -1 -1 -2 -2 -1 -1  4 -2 -2 -2  1 -2 -2 -2  0  1  6 -1 -2    1   1   1   1   0   1   1  38   0   1   1  13   0   1   1   7  15  17   0   1  0.46 0.07
   49 D   -1 -1  2  5 -3  0  2 -1 -1 -3 -3 -1 -3 -3 -2  2 -1 -4 -3 -3    1   0  12  51   0   0   9   1   0   0   1   0   0   0   0  22   0   0   0   0  0.62 0.10
   50 Y   -1 -1  1  0 -3  1 -1  3  2 -3 -3 -1 -2  0 -2  0 -1 -1  4 -2    1   0   9   6   0  12   0  29   8   0   1   0   0   0   0   8   0   0  23   0  0.32 0.07
   51 Y    0 -2 -2 -2 -2 -1  0 -2 -1  1 -1 -1 -1  2 -2  1  0  0  4  1    8   0   0   0   0   0   8   1   0   8   1   0   0  12   0  15   6   0  24  15  0.17 0.05
   52 A    1 -2 -1  2 -2 -1 -1  2 -2 -2 -1 -1  1 -2  3  1  0 -3 -2 -1   22   0   0  15   0   0   0  16   0   0   6   0   7   0  15   8   6   0   0   0  0.24 0.05
   53 Y   -2 -2  1  2 -3 -1  1 -1  0 -3 -2 -1 -2  1  1  0 -1  4  4 -3    0   0   8  19   0   0   9   5   0   0   0   0   0   6   8   7   0   7  31   0  0.38 0.08
   54 A    2 -1 -1 -2 -2  2 -1  3 -2 -1 -2 -1 -1 -3 -2  1  1 -3 -2 -1   22   0   0   0   0  20   0  35   0   8   0   0   0   0   0   7   9   0   0   0  0.33 0.08
   55 T   -1 -1  3  0 -2 -1  0  3  2 -3 -3 -1 -2 -3 -2  1  2 -3 -2 -2    0   0  26   0   0   0   7  24   8   0   0   0   0   0   0  15  20   0   0   0  0.38 0.08
   56 F    1 -2 -2 -2 -2 -2 -2  1  2  1  0 -2  0  3 -2  0 -1 -1  0  0   19   0   0   0   0   0   0  12   8  17   8   0   0  24   0   8   0   0   0   0  0.12 0.05
   57 G    0 -1  2 -1 -2 -1 -1  2 -1 -2 -2 -1 -2  1 -2  2  2 -2  2 -2    1   0  15   0   0   0   0  16   0   0   1   0   0   8   0  31  16   0   9   0  0.24 0.06
   58 F   -3 -3 -3 -4 -3 -3 -3 -4 -2  2  0 -3  0  7 -4 -3 -2  0  2 -1    1   0   0   0   0   0   0   1   0  16   1   0   0  77   0   1   0   0   0   0  0.89 0.14
   59 T   -1 -2  1 -1 -2  1 -1  0 -2 -2 -2 -1  1  1 -2  1  4 -3 -1 -1    0   0   7   0   0   8   0   7   0   0   0   0   6   8   0   9  55   0   0   0  0.35 0.10
   60 S   -1 -2  2  1 -2 -1 -1 -2 -1 -1 -1 -2  1  5 -2  2 -1 -1  1 -2    1   0  16   8   0   0   0   1   0   0   1   0   7  39   0  24   0   0   0   0  0.30 0.09
   61 A    2 -1  2 -1 -2  2  0  1 -1 -2 -1  0  1 -2 -1  0  0 -2 -2 -1   26   1  20   1   0  20   1  10   1   1   2   1   8   1   1   2   1   0   1   2  0.18 0.05
   62 A    3 -1 -1 -1 -1 -1 -1  2 -1 -1 -1 -1 -1  1 -1  0  0 -1 -1 -1   40   2   1   2   1   1   2  21   1   2   3   2   1   8   2   2   8   0   1   2  0.19 0.04
   63 A    2 -1 -1 -1 -1  1  0 -1 -1  0  1 -1  1 -1 -1  0  0 -1 -1  0   32   2   2   2   1   9   3   3   1   9  12   2   8   2   2   3   2   1   1   3  0.07 0.02
   64 D   -1 -1  4  3 -2  0  1  1  0 -2 -2  0 -2 -2 -1  0 -1 -2 -2 -2    3   2  32  22   1   1  10  10   1   2   3   2   1   1   2   2   2   0   1   2  0.30 0.04
   65 A    0 -1  1  3 -2  0  1  3 -1 -2 -2 -1 -2 -2 -1  0 -1 -2 -2 -2   11   1  10  24   1   1   9  28   1   1   2   2   1   1   1   2   2   0   1   2  0.28 0.04
   66 K   -1  2 -1 -1 -3  2  1 -2 -1 -3 -2  4 -1 -3 -1 -1 -1 -3 -2 -2    1   8   1   1   0  12   8   1   0   1   1  59   0   1   1   1   1   0   0   1  0.49 0.09
   67 V   -1 -2 -3 -3 -2 -2 -3 -4 -3  1  4 -3  1  0 -3 -2 -1 -2 -1  2    1   0   0   0   0   0   1   1   0   0  68   0   0   0   0   1   0   0   0  25  0.46 0.09
   68 D   -1 -2 -2  0 -2  0 -2 -3 -3  3  0 -2  0 -1 -2 -1  2  4 -1  2    0   0   0   9   0   7   0   0   0  35   0   0   0   0   0   0  27   7   0  15  0.26 0.09
   69 S   -1  1  3  1 -2  0 -1 -1  4 -1 -3  0 -2 -3 -2  3  0 -4 -1 -2    0  12  20   9   0   0   0   0  15   8   0   0   0   0   0  36   0   0   0   0  0.32 0.09
   70 K   -2  1 -1 -2 -4  1  0 -2 -2 -4 -3  6 -2 -4 -2 -1 -2 -4 -3 -3    0   0   0   0   0   0   0   0   0   0   0 100   0   0   0   0   0   0   0   0  1.02 0.19
   71 S    2  2 -1 -1 -2  1  1  1 -1 -3 -3  0 -2 -3 -2  2  0 -3 -2 -2   28  15   0   0   0   7  12   8   0   0   0   0   0   0   0  30   0   0   0   0  0.30 0.07
   72 Q   -2  0  2 -1 -4  6  1 -2  0 -4 -3  2 -2 -4 -2 -1 -1 -3 -2 -3    0   0  15   0   0  74   0   0   0   0   0  12   0   0   0   0   0   0   0   0  0.87 0.17
   73 E    1 -2 -1  2 -2  0  2 -2 -1 -1 -1 -1  2  2 -2 -1 -1 -2 -1  0   22   0   0  20   0   0  19   1   0   0   1   0  12  13   0   1   0   0   0   9  0.16 0.06
   74 K   -1 -2 -1  1 -3 -1  0  3 -1 -2 -2  0 -2  3 -3 -1 -2 -1  3 -2    0   0   0   9   0   0   8  33   0   0   0   9   0  22   0   0   0   0  19   0  0.36 0.08
   75 L    0 -3 -3 -4 -2 -2 -3  0 -3  1  4 -3  1 -1 -3 -2 -1 -2 -2  2   12   0   0   0   0   0   0   7   0   5  61   0   0   0   0   0   0   0   0  14  0.34 0.08
   76 L   -1 -1 -2 -2 -2 -1  0  1 -1  0  0  0  0  3 -2  0 -1  0  3  0    1   0   0   0   0   0   6  14   0   8   9   9   0  20   0   8   1   0  15   8  0.11 0.04
   77 A    1  1 -1  1 -2  0  2 -2 -1 -2 -2  2 -2 -3  1  1 -1 -3 -2 -1   20   7   0   8   0   0  21   0   0   0   0  21   0   0   8   7   0   0   0   8  0.25 0.05
   78 P    2 -2 -1 -2 -2 -1 -1  0 -1 -2 -2 -1 -2 -1  4  2  1 -1  3 -2   21   0   0   0   0   0   0   7   0   0   0   0   0   0  23  22   7   0  20   0  0.43 0.08
   79 S    2 -1  0  2 -2  0  0 -1 -2 -3 -3  1 -2 -3  2  3  0 -4 -2 -2   27   0   0  15   0   0   0   0   0   0   0  16   0   0   8  34   0   0   0   0  0.34 0.08
   80 A    2 -1  1  3 -2 -1  0 -1 -2 -3 -3  1 -2 -3  2  0  0 -4 -3 -2   31   0   9  27   0   0   0   0   0   0   0  13   0   0  12   0   7   0   0   0  0.36 0.08
   81 P    0 -2 -2 -2 -2 -2 -2 -2 -3  1 -1 -2  2 -2  5 -1 -1 -3 -2  2    9   0   0   0   0   0   1   1   0   8   1   0  12   0  39   1   0   0   0  26  0.61 0.09
   82 T    0  0  0 -1 -2  1  1 -2 -1 -1 -2  2 -1 -3 -2  2  3 -3 -2 -1    0   0   0   0   0   7   7   0   0   6   0  23   0   0   0  22  35   0   0   0  0.31 0.09
   83 L   -2 -3 -3 -4 -2 -2 -3 -4 -3  4  2 -3  5 -1 -3 -3 -1 -3 -2  2    0   0   0   0   0   0   0   0   0  41   9   0  34   0   0   0   0   0   0  16  0.52 0.12
   84 T   -1  2 -1 -2 -2 -1 -2 -3 -2 -2 -2 -1 -2 -3 -2  0  6 -3 -2 -1    0  15   0   0   0   0   0   0   0   0   0   0   0   0   0   0  85   0   0   0  0.77 0.17
   85 L    0 -1 -2 -3 -2 -1 -2 -3 -2  0  3  2  2 -1 -2  0 -1 -3 -2  0    6   0   0   0   0   0   0   0   0   0  53  26   8   0   0   7   0   0   0   0  0.26 0.09
   86 A    3 -1 -1  2 -2  0  3 -1 -1 -3 -3 -1 -2 -3 -1  2  0 -3 -3 -2   43   0   0  15   0   0  26   0   0   0   0   0   0   0   0  16   0   0   0   0  0.40 0.09
   87 K   -1  1 -1 -1 -3  4  2 -2  2 -3 -2  3  1 -3 -2 -1  0 -3 -2 -2    0   0   0   0   0  26  18   0   7   0   0  31   9   0   0   0   8   0   0   0  0.41 0.10
   88 F   -3 -3 -3 -4 -3 -3 -3 -4  0 -2 -1 -3 -1  5 -4 -3 -3  1  7 -2    0   0   0   0   0   0   0   0   0   0   0   0   0  34   0   0   0   0  66   0  1.23 0.18
   89 N   -2 -1  6  3 -4  0  1 -1  0 -4 -4 -1 -3 -4 -3  0 -1 -5 -3 -4    0   0  74  14   0   0  12   0   0   0   0   0   0   0   0   0   0   0   0   0  0.94 0.16
   90 Q   -1  3 -1 -1 -4  5  1 -2 -1 -3 -3  4 -2 -4 -2  0 -1 -3 -2 -3    0  15   0   0   0  42   0   0   0   0   0  36   0   0   0   7   0   0   0   0  0.63 0.12
   91 V   -1 -3 -3 -3 -2 -3 -3 -4 -3  3  2 -3  1  2 -3 -2  1 -2 -1  3    0   0   0   0   0   0   0   0   0  34  16   0   0  12   0   0  15   0   0  23  0.31 0.07
   92 T    1  0 -1 -1 -3  4  3 -2 -1 -3 -3  1 -1 -3 -2  0  2 -3 -2 -2   14   0   0   0   0  34  22   0   0   0   0   9   0   0   0   0  22   0   0   0  0.42 0.10
   93 V   -1 -2  4 -1 -2 -1 -2 -2 -1  0  1 -1 -1 -2 -2  0  3 -3 -2  1    0   0  34   0   0   0   0   0   0   0  15   0   0   0   0   0  31   0   0  20  0.31 0.10
   94 G   -1 -3  1 -2 -3 -2 -3  6 -2 -5 -5 -2 -3 -4 -3 -1 -2 -3 -4 -4    0   0   9   0   0   0   0  91   0   0   0   0   0   0   0   0   0   0   0   0  1.27 0.16
   95 M   -2 -2 -3  1 -3 -1 -2 -4 -3  0  1 -2  8 -1 -3 -2 -2 -3 -2 -1    0   0   0  12   0   0   0   0   0   0   0   0  88   0   0   0   0   0   0   0  1.02 0.23
   96 T   -1 -2 -1 -2 -2 -1 -2 -2 -2 -2 -2 -1 -2 -3 -2  2  6 -3 -2 -1    0   0   0   0   0   0   0   0   0   0   0   0   0   0   0  13  87   0   0   0  0.83 0.18
   97 R   -1  1 -2 -1 -3  0  2 -3  0 -1  0  0 -1  0 -2  0 -1  0  5  0    0   9   0   0   0   0  22   0   0   0  12   7   0   0   0   7   0   0  35   8  0.29 0.09
   98 A    3 -2  1  3 -2  0  2 -1 -1 -3 -3 -1 -2 -3 -2  0 -1 -4 -3 -2   49   0   9  22   0   0  20   0   0   0   0   0   0   0   0   0   0   0   0   0  0.42 0.10
   99 Q   -2  0 -1  0 -4  6  4 -3 -1 -4 -3  0 -2 -4 -2 -1 -2 -3 -2 -3    0   0   0   0   0  59  41   0   0   0   0   0   0   0   0   0   0   0   0   0  0.93 0.17
  100 V   -1 -3 -4 -4 -2 -3 -3 -4 -3  2  1 -3  0  2 -3 -3 -1 -2 -1  5    0   0   0   0   0   0   0   0   0   0   7   0   0  15   0   0   0   0   0  78  0.55 0.13
  101 L   -2 -1  1 -2 -3  0 -1 -3 -2 -1  0  2  1  2 -3 -2 -2  7  0  0    0   0  12   0   0   6   0   0   0   0   9  22   8  14   0   0   0  22   0   7  0.42 0.09
  102 A    4 -2 -1  1 -2  1  1  1 -2 -2 -3 -1 -2 -3 -1  1 -1 -3 -2 -1   58   0   0   7   0   5  13   8   0   0   0   0   0   0   0   9   0   0   0   0  0.37 0.09
  103 T    1  1 -3 -3 -2 -2 -2 -3 -3  4  1 -1  0 -1 -3 -1  1 -3 -2  2   15  12   0   0   0   0   0   0   0  50   7   0   0   0   0   0   9   0   0   8  0.24 0.08
  104 V   -1 -3 -4 -4 -2 -3 -3 -4 -4  3  3 -3  1 -1 -3 -3 -1 -3 -2  4    0   0   0   0   0   0   0   0   0  13  31   0   0   0   0   0   0   0   0  56  0.49 0.10
  105 G    1 -3 -1  0 -3 -2 -2  5 -3 -4 -4 -2 -3 -4  4 -1 -2 -3 -3 -3   12   0   0   8   0   0   0  58   0   0   0   0   0   0  22   0   0   0   0   0  0.83 0.11
  106 Q    0  1  0  1 -3  1  1  4 -1 -4 -3  1 -2 -4 -2  1 -1 -3 -3 -3    0   8   0   8   0   9   9  45   0   0   0   7   0   0   0  15   0   0   0   0  0.46 0.07
  107 G    1 -1  0  2 -3  0  2  3 -2 -3 -3  0 -2 -3 -2  0  1 -3 -3 -2   13   0   0  15   0   0  20  33   0   0   0   8   0   0   0   0  12   0   0   0  0.37 0.07
  108 S    2 -1 -1 -1 -2  0  2  2 -2 -3 -3 -1 -2 -3 -2  3  1 -3 -2 -2   20   0   0   0   0   0  18  22   0   0   0   0   0   0   0  32   8   0   0   0  0.35 0.07
  109 C    0 -3 -3 -3  8 -2  0 -3  1 -1  2 -3 -1 -2 -3 -2 -2 -3 -2 -1    8   0   0   0  52   0   8   0   7   0  26   0   0   0   0   0   0   0   0   0  0.74 0.13
  110 T    1 -1 -1 -2 -1 -1 -1 -2 -2  2 -1  0  0 -2 -2  2  2 -3 -2  2    8   0   0   0   0   0   0   0   0  16   0   7   0   0   0  26  22   0   0  22  0.20 0.07
  111 T    0  0 -1  0 -2 -1 -1 -2 -1  0  0  0 -1 -1 -2  1  2 -2  1  1    8   6   0   6   0   0   0   0   0   0   8   8   0   0   0  15  26   0   9  14  0.12 0.05
  112 W   -1  1  0  2 -2  1  0 -2 -1 -2 -1  2 -1 -1 -1  1 -1  6 -1 -2    1   7   1  16   0   8   1   1   0   1  10  18   0   1   1  16   1  16   1   1  0.28 0.05
  113 S    1  1 -1  0 -2  0  2  0 -1 -2 -2  0 -1 -2 -1  1  1  3 -1 -1    9   8   1   1   0   1  23   9   0   1   1   1   0   1   1  20   9   6   1   7  0.17 0.04
  114 E   -1  0 -1  0 -2  1  4 -2 -1 -2 -2  1 -2 -3 -1  1  0 -3 -2 -1    1   1   1   1   0   1  55   1   0   1   1  10   0   1   1   9   7   0   1   7  0.40 0.07
  115 Y    1 -1  0 -1 -1  1  1  2  0 -1 -1  0 -1 -1 -1  1  0 -1  2 -1   18   2   2   2   1  10   9  17   1   2   4   2   1   2   2  10   2   1  11   3  0.11 0.02
  116 Y   -1 -1 -1 -1 -2 -1  1 -2  1 -1 -1  0 -1  1 -1 -1 -1  1  6 -1    3   2   1   2   1   1  10   2   1   2   3   8   1   1   2   2   2   0  53   2  0.44 0.07
  117 P   -1 -2 -1 -1 -2 -1 -1 -2 -2 -2 -2 -1 -2 -2  7 -1 -1 -2 -2 -2    3   2   1   2   1   1   2   2   1   2   3   2   1   1  68   2   2   0   1   2  1.26 0.09
  118 A    1 -1  3  0 -1 -1 -1  3 -1 -2 -2 -1 -1 -2 -1  0  0 -2 -2 -1   20   2  24   2   1   1   2  29   1   2   3   2   1   1   2   2   2   0   1   2  0.26 0.04
  119 Y   -1 -1 -1 -1 -1 -1 -1 -1  0 -1 -1 -1 -1  1 -1 -1 -1  7  5 -1    4   2   2   3   1   2   3   4   1   2   4   3   1   2   2   3   3  23  31   3  0.52 0.05
  120 P   -1 -1 -1 -1 -2 -1 -1 -1 -1 -1 -1 -1 -1 -2  6  0 -1 -2 -1 -1    4   2   2   3   1   2   3   4   1   2   4   3   1   2  55   3   3   1   2   3  0.86 0.05
  121 S    2 -1  0 -1 -1  0  0  0 -1 -1 -1  0 -1 -1  0  3  0 -1 -1 -1   26   2   2   2   1   2   3   3   1   2   4   2   1   2   2  40   2   1   1   3  0.20 0.04
  122 T    0 -1 -1 -1 -2  1  1 -1 -1  0 -1  1 -1 -2  2  1  2 -2 -2 -1    8   1   1   1   0   8   9   1   0   9   2   8   0   1  13   9  26   0   1   1  0.21 0.04
  123 A    2 -1  1 -1 -1  1  0 -1 -1 -2 -2  0 -1 -2 -1  2  2 -2 -2 -1   33   1   9   1   0   9   1   1   0   1   2   1   0   1   1  21  16   0   1   1  0.23 0.05
  124 G    0 -2 -1  0 -2 -2 -2  5 -2 -3 -3 -2 -2  1 -2 -1 -2 -2 -2 -3    1   1   1   7   0   1   1  69   0   1   2   1   0   9   1   1   1   0   1   1  0.68 0.08
  125 V   -1  1  1  1 -2 -1 -1 -2  3 -1 -1 -1 -1  1 -2  0 -1  5  2  0    1   8   9   9   0   1   1   1  14   1   2   1   0   8   1   9   1  13   9  11  0.21 0.04
  126 T   -1  0 -1  0 -3  0  3 -2 -1  0  0  2 -1 -3 -2  0  3 -3 -2 -1    0   0   0   0   0   0  33   0   0   8   8  20   0   0   0   0  32   0   0   0  0.30 0.09
  127 L   -1  1 -1 -1 -2  0  2 -3 -2  0  0 -1  0 -2 -2  0  2 -3 -2  2    0   8   0   0   0   0  24   0   0   0  10   0   0   0   0   8  21   0   0  29  0.17 0.07
  128 S   -1  0 -1  1 -2  1  1  0 -1  0 -1  1  3 -2 -2  2  0 -3 -2 -1    0   0   0   9   0   8   8   7   0   7   0  16  20   0   0  25   0   0   0   0  0.16 0.07
  129 L   -2 -3 -3 -4 -3 -3 -3 -4  0  3  1 -3  0  2 -4 -3 -2  1  7  0    0   0   0   0   0   0   0   0   0  29  10   0   0   0   0   0   0   0  61   0  0.78 0.15
  130 S   -1 -1 -1 -1 -2  2 -1 -2 -1 -1 -1  1  1 -1 -2  1  2 -1  3  0    1   0   0   0   0  13   0   0   0   0   1  12   9   0   0  14  24   0  16   8  0.17 0.06
  131 C   -1 -2 -2  0  8 -2 -2 -2 -1 -1 -1 -2  1 -1 -2 -1 -1 -1  3 -1    1   1   1   9  52   1   1   1   0   1   1   1   8   1   1   1   1   0  16   1  0.73 0.11
  132 F    1 -1  1 -1 -1 -1 -1 -1 -1 -1 -1 -1 -1  1 -1  1  1  4  0 -1   10   2   9   2   1   2   2   3   1   2   3   2   1  11   2  19  15   9   1   2  0.13 0.02
  133 D   -1 -1  2  3 -2 -1  0  3 -1 -2 -2 -1 -2 -2 -1  0 -1 -2 -2 -2    3   2  10  27   1   2   2  31   1   2   4   2   1   2   2   3   2   1   1   3  0.28 0.03
  134 V    1 -1 -1 -1 -1  0  1  1 -1 -1 -1  0 -1 -1 -1  0  2 -1  1  0   11   2   1   2   1   1  10  10   1   2   3   9   1   1   2   2  23   0   8  11  0.08 0.02
  135 D    0  0  0  2 -2  1  2 -1 -1 -2 -2  1 -1 -2 -1  1  1 -2 -1 -1   10   2   1  11   1   8  23   2   1   2   3  10   1   1   2  10  10   0   1   2  0.19 0.02
  136 G    1 -1 -1 -1 -1 -1 -1  3 -1 -1  1 -1  0 -1 -1  1  1 -2 -1 -1   15   2   1   2   1   1   2  26   1   2  19   2   1   1   2  10  11   0   1   2  0.13 0.02
  137 Y   -1 -2 -1  0 -2 -1  0  0  0 -1  1 -1 -1  1  1 -1 -1  0  5 -1    1   1   1   8   0   1   7   9   0   1  17   1   0   1   9   1   1   0  40   1  0.28 0.07
  138 S    2 -2 -1  1 -2 -1 -1  2 -2 -1 -2 -1 -2 -3  2  2  0 -3 -3 -1   22   0   0   8   0   0   0  23   0   9   0   0   0   0  12  26   0   0   0   0  0.32 0.06
  139 S    0 -1  1  2 -2 -1  0 -1 -1 -3 -3  0 -2 -2 -2  3  0  4  1 -2    7   0   8  19   0   0   0   0   0   0   0   8   0   0   0  40   0   9   9   0  0.35 0.08
  140 T    1 -1 -1 -1 -1 -1 -1 -1 -2  2  0 -1  0 -1 -1  0  3 -2 -1  1   18   1   1   1   0   1   1   2   1  29   2   1   1   1   1   2  35   0   1   2  0.17 0.05
  141 G   -1  1  2  0 -2  0  2  3 -1 -3 -2  0 -2 -2 -1  0 -1 -2 -2 -2    2   9  19   1   0   1  22  32   1   1   2   1   1   1   1   2   1   0   1   2  0.31 0.05
  142 F   -1  1 -1 -1 -1  0  1 -1 -1 -1  1  1  0  2 -1  0 -1 -1  0 -1    3  10   2   2   1   2  11   3   1   2  18  11   1  17   2  10   2   0   1   2  0.05 0.02
  143 Y   -1 -1 -1  2 -2 -1  0 -1  2 -1 -1 -1 -1  3 -1 -1 -1  0  3 -1    3   2   2  20   1   2   2   3   7   2   3   2   1  24   2   3   2   0  18   2  0.21 0.04
  144 R    0  1 -1 -1 -1  0  1  1 -1 -1  0  0 -1 -1  3  0 -1 -1 -1 -1   11  12   2   2   1   2  12  12   1   2  11   2   1   2  17   3   2   1   1   3  0.16 0.01
  145 G    1 -1  1 -1 -1 -1 -1  1 -1 -2 -2 -1 -1 -2  4  1  0 -2 -1 -1   17   2  11   2   1   2   2  12   1   2   3   2   1   1  25  11   2   0   1   2  0.32 0.03
  146 S   -1 -1  3 -1 -2 -1 -1 -1  0  0 -1 -1  0  0 -2  1  0 -1  3  0    2   1  24   1   0   1   1   1   0  10   2   1   5   1   1  22   1   0  17   9  0.14 0.05
  147 A    4 -2 -2 -2 -1 -1 -1 -1 -2 -1  0 -1 -1 -2 -1  0 -1 -2 -2 -1   80   1   1   1   0   1   1   1   0   1  10   1   0   0   1   1   1   0   0   1  0.45 0.11
  148 H   -1 -1  2 -1 -2 -1 -1 -1  3 -2 -2 -1 -1  0 -2  2  2 -1  4 -2    1   1  18   1   0   1   1   1  10   1   1   1   0   0   1  22  17   0  23   1  0.29 0.07
  149 L   -2 -3 -3 -4 -2 -3 -3 -3 -2  1  2 -3  1  5 -3 -3 -2 -1  1  1    0   0   0   0   0   0   0   0   0   8  32   0   0  45   0   0   0   0   0   9  0.47 0.08
  150 W   -1 -1  2  1 -2 -1 -1 -2  3 -1  0 -1  3 -1 -2 -1  1  5 -1 -1    0   0  18   8   0   0   0   0  14   0   8   0  22   0   0   0  17  10   0   0  0.25 0.08
  151 F   -3 -4 -4 -4 -3 -4 -4 -4 -2 -1  1 -4  0  7 -4 -3 -3  0  2 -1    0   0   0   0   0   0   0   0   0   0  15   0   0  85   0   0   0   0   0   0  1.09 0.17
  152 T   -1 -1 -1 -1 -2  3 -1 -2 -2  0 -2 -1 -1 -3 -2  2  4 -3 -2 -1    0   0   0   0   0  22   0   0   0   9   0   0   0   0   0  17  52   0   0   0  0.43 0.12
  153 D   -2 -3  0  6 -4 -1  0  2 -2 -4 -4 -2 -4 -4 -2 -1 -2 -5 -4 -4    0   0   0  78   0   0   0  22   0   0   0   0   0   0   0   0   0   0   0   0  1.03 0.15
  154 G   -1 -3 -1  2 -3 -2 -2  6 -3 -4 -4 -2 -4 -4 -3 -1 -2 -3 -4 -4    0   0   0  17   0   0   0  83   0   0   0   0   0   0   0   0   0   0   0   0  1.11 0.14
  155 V    0  1 -1 -2 -3  0 -1 -2 -2 -1 -2  5 -1 -3 -2 -1 -1 -4 -2  2    8   0   0   0   0   0   0   0   0   0   0  63   0   0   0   0   0   0   0  29  0.41 0.12
  156 L   -2 -3 -4 -4 -2 -3 -3 -4 -4  1  5 -3  1  0 -3 -3 -2 -2 -2  2    0   0   0   0   0   0   0   0   0   0  85   0   0   0   0   0   0   0   0  15  0.64 0.12
  157 Q   -1 -1 -1  1 -2  1  1 -2 -2  1 -1 -1  1 -2 -2  1  3 -3 -2  1    0   0   0   9   0  10   9   0   0  15   0   0   8   0   0   8  35   0   0   8  0.20 0.07
  158 G    1 -1  2 -1 -2 -1 -1  1  3 -3 -3 -1 -2 -1 -2  2  1 -2  3 -2    8   0  14   0   0   0   0  10  12   0   0   0   0   0   0  33   9   0  15   0  0.29 0.07
  159 K   -2  3 -1 -2 -4  1  0 -2 -1 -4 -3  6 -2 -4 -2 -1 -1 -4 -3 -3    0  15   0   0   0   0   0   0   0   0   0  85   0   0   0   0   0   0   0   0  0.86 0.16
  160 R    1  2 -1 -2 -2 -1 -1  1 -1 -3 -2  0 -2 -1 -2  2  1 -1  3 -2    9  21   0   0   0   0   0   9   0   0   0   0   0   0   0  35   9   0  17   0  0.27 0.07
  161 Q   -2  0 -1 -1 -4  7  1 -3  0 -4 -3  2 -1 -4 -2 -1 -1 -3 -2 -3    0   0   0   0   0  91   0   0   0   0   0   9   0   0   0   0   0   0   0   0  1.06 0.18
  162 W   -1  2 -2 -3 -2 -1 -2 -3 -1 -1  0 -1 -1  3 -3  0  0  5  4  0    0  17   0   0   0   0   0   0   0   0   9   0   0  16   0   9   9  11  20   9  0.31 0.06
  163 D    0 -2  0  3 -3  1  1  4 -2 -4 -4 -1 -3 -4 -2  1 -1 -3 -3 -3    8   0   0  20   0   9  10  44   0   0   0   0   0   0   0   8   0   0   0   0  0.50 0.07
  164 L   -2 -3 -4 -4 -2 -3 -4 -4 -4  1  5 -3  2  0 -4 -3 -2 -2 -2  0    0   0   0   0   0   0   0   0   0   0 100   0   0   0   0   0   0   0   0   0  0.76 0.13
  165 V    0 -2 -1 -2 -1 -2 -2 -3 -3  1  1 -2  1 -1 -2  0  3 -3 -1  2    0   0   0   0   0   0   0   0   0   0  23   0   0   0   0   0  45   0   0  32  0.23 0.01

                      K         Lambda
Standard Ungapped    0.1310     0.3182
Standard Gapped      0.0356     0.2670
PSI Ungapped         0.1179     0.3060
PSI Gapped           0.0356     0.2670
