
Last position-specific scoring matrix computed, weighted observed percentages rounded down, information per position, and relative weight of gapless real matches to pseudocounts
            A   R   N   D   C   Q   E   G   H   I   L   K   M   F   P   S   T   W   Y   V   A   R   N   D   C   Q   E   G   H   I   L   K   M   F   P   S   T   W   Y   V
    1 Q    -2   3   1  -1  -4   5   4  -3  -1  -4  -4   2  -2  -4  -2  -1  -2  -4  -3  -4    0  17   7   0   0  32  29   0   0   0   0  15   0   0   0   0   0   0   0   0  0.70 0.16
    2 E     1   1  -1  -1  -4   2   5  -3  -1  -4  -4   2  -3  -4  -2   0  -1  -4  -3  -3   11   7   1   0   0  10  44   0   1   0   0  17   0   0   0   6   2   0   0   0  0.60 0.18
    3 L    -1   1  -3  -3  -3  -1  -1  -4   4   3   3  -2   0  -2   0  -2  -2  -3  -1   1    3   8   0   0   0   1   3   0  13  26  31   1   1   0   5   1   1   0   1   4  0.32 0.17
    4 N    -1  -2   5   1  -4  -2  -2  -3  -2  -5  -4   1  -4  -5   0   4   0  -5  -4  -4    1   0  31   5   0   0   0   0   0   0   1  10   0   0   4  43   4   0   0   0  0.80 0.33
    5 S     2  -1   1  -2  -1   1   0  -2  -2   0  -3  -1  -3  -3  -1   4   1  -5  -3  -3   17   2   7   0   1   6   6   0   0   6   1   1   0   1   2  43   8   0   0   0  0.47 0.27
    6 I    -1   3   0  -1  -1   0  -1  -3   1   1   1   0   0   0  -3   0   0  -3   0   0    3  25   4   2   1   5   2   1   4  10  16   4   1   4   0   6   4   0   4   4  0.15 0.12
    7 I     0   2   1  -1  -3  -1   0  -3  -2   3   0  -1   2  -2  -3   1   0  -4  -3   0    5  12   8   2   0   1   5   0   0  26   5   3   8   1   0  15   5   0   0   4  0.20 0.18
    8 Q    -1   0   2  -1  -3   3   1  -2   1  -3  -3  -1  -2  -3  -3   3   2  -4  -1  -2    4   5   9   1   0  13  10   2   3   1   1   2   1   1   0  32  12   0   2   2  0.40 0.26
    9 R    -3   8  -4  -2  -7  -2  -3  -6  -4  -4  -4   3  -5  -6  -5  -4  -3  -6  -5  -6    1  74   0   2   0   0   0   0   0   1   1  19   0   0   0   0   1   0   0   0  1.87 0.68
   10 I     0   0  -4  -3  -2  -2  -2  -4  -2   4   2  -2   1   0  -4  -2  -2  -1   1   2    8   5   0   1   0   1   3   0   1  28  25   1   2   3   0   2   1   1   5  12  0.37 0.23
   11 S     0   0   2   1  -4   1   2  -2   2  -3  -3   2   0  -4  -3   2   0  -4  -3  -2    7   5   9   8   0   7  16   2   4   0   1  13   3   0   0  20   4   0   0   1  0.32 0.22
   12 K    -4   4  -3  -2  -6   3  -1  -5  -3  -5  -3   6  -4  -5  -4  -1  -4  -5  -1  -5    0  26   0   2   0  11   2   0   0   0   3  51   0   0   0   3   0   0   2   0  1.20 0.53
   13 F    -5  -6  -6  -7  -3  -2  -6  -5  -2  -3   0  -6   0   8  -3  -4  -5   7   1  -3    0   0   0   0   1   2   0   1   1   1   8   0   2  66   1   1   0  13   3   1  1.88 0.67
   14 D    -1   1   2   1  -1   2   1  -2   0  -1  -2   3  -2  -3  -3   0   0  -2  -2  -1    3   7  12   8   1  10   7   3   2   4   3  23   0   1   0   4   6   0   1   4  0.24 0.18
   15 N     0   2   0   2  -2   3   1  -3   0  -3  -2   2  -3  -4  -3   1   2  -4  -3  -2    6   9   3  11   1  15   7   1   2   1   4  17   0   0   0   8  13   0   0   2  0.32 0.23
   16 I     0  -4  -4  -3   2  -3  -1  -4  -3   3   2  -2   0  -1  -4  -3  -2  -3   3   3   10   0   0   2   5   0   5   0   0  21  20   2   1   1   0   0   1   0  13  19  0.41 0.26
   17 L    -4  -5  -6  -6  -2  -4  -6  -6  -5   1   6  -5   0   4  -6  -4  -4  -4  -2  -1    1   0   0   0   1   1   0   0   0   7  71   0   1  15   0   1   0   0   1   2  1.24 0.51
   18 K     1   0   1  -2  -1   2   0  -1   0  -2   0   2  -1  -1  -2   2   0  -3  -2  -2   13   4   6   1   1   9   3   2   2   2   9  17   1   3   1  19   4   0   0   1  0.18 0.15
   19 D     0  -1   1   3  -3  -1   2   1  -2  -3  -3  -1  -2  -4  -1   2  -1  -4  -4   0    8   3   6  20   0   2  12  13   0   0   1   2   1   0   2  22   2   0   0   7  0.34 0.23
   20 K    -1   1   3   0  -4   2   1  -2   0  -4  -4   2  -3  -5   3   2   0  -5  -4  -4    4   6  15   4   0   8   8   2   2   1   0  11   0   0  15  19   6   0   0   0  0.45 0.27
   21 T    -2  -2   4   2  -3   0   2  -2   1  -4  -4   1  -3  -4   3   1   1  -5  -3  -3    2   1  20  10   1   2  15   1   4   1   1   9   1   0  14  10   8   0   1   1  0.45 0.27
   22 I    -2  -3  -2  -2   0  -2  -3  -3  -2   3  -1  -3   0   0  -2  -1   1  -4  -2   5    2   1   2   2   2   2   1   1   1  14   3   0   1   4   2   4  10   0   1  48  0.56 0.31
   23 I    -2  -3  -2   0  -2  -3  -3  -3  -2   4   2  -3   0  -1  -2  -2  -1  -3  -2   3    3   1   1   7   1   1   1   1   1  34  21   1   1   1   2   2   3   0   1  18  0.42 0.21
   24 N    -3  -3   3   6  -2  -2   0  -3  -2  -3   1  -2  -3  -4   0   0  -2  -4  -4  -3    1   1  17  43   1   1   4   1   1   1  16   1   0   0   4   7   1   0   0   1  0.75 0.35
   25 Q    -2  -2  -4  -4  -3   3  -2  -4  -3   2   4  -1   3  -2  -4  -3  -2  -4  -2   0    1   2   0   0   0  17   2   0   0  14  44   4   8   0   0   0   1   0   1   3  0.59 0.32
   26 Q     0   0   1   3  -4   0   2   0  -2  -3  -3   3  -3  -4   0   0  -1  -4  -3  -2    6   4   5  18   0   4  14   6   0   1   2  24   0   0   4   5   3   0   0   2  0.36 0.21
   27 D     0  -1  -1   3  -4   1   4  -3  -1  -2  -2   2  -3  -4  -3  -1  -1  -4  -4  -2    8   2   2  21   0   6  33   1   1   2   5  11   0   0   0   2   3   0   0   3  0.51 0.28
   28 L    -2  -4  -5  -5  -3  -4  -4  -5  -5   1   5  -4   0  -2  -4  -2  -2  -4  -3   3    2   0   0   0   0   0   0   0   0   4  65   0   1   0   0   3   2   0   0  19  0.98 0.41
   29 R    -3   7  -2  -4   2   1  -2  -4  -2  -4  -4   3  -2  -3  -4  -2  -2  -5  -4  -4    2  61   1   0   4   6   1   0   1   1   1  14   1   1   0   3   2   0   0   0  1.25 0.49
   30 Q    -1   4   1  -1  -4   1   1  -1   1  -4  -2   3  -2  -4  -2   0  -1  -4  -3  -3    3  25   5   3   0   7   9   4   3   0   5  24   1   0   1   7   3   0   0   1  0.45 0.24
   31 I    -3  -3  -4  -3   0  -2  -3  -5  -3   2   5  -3   1  -1  -4  -2  -2   1  -1  -1    2   1   1   2   2   2   1   0   1   9  64   1   3   1   0   2   2   2   2   3  0.76 0.35
   32 S     3  -3  -2  -3   6  -3  -3  -2  -3  -3   0  -3  -2  -3  -1   3   0  -4  -3  -2   26   1   1   1  21   1   1   3   0   1   9   1   0   0   3  28   4   0   0   1  0.67 0.32
   33 W    -3   0  -4  -3   0  -3  -2  -4  -2  -4  -2  -2  -2   0  -4  -1  -3  11   2  -3    2   6   1   2   2   1   2   1   1   1   3   3   1   4   1   5   1  56   6   2  2.02 0.54
   34 N    -1   0   2  -1  -2   1  -2   0   1  -4  -3  -1  -1  -4   4   3  -1  -4  -3  -3    4   5  12   2   1   8   0   8   3   0   3   3   2   0  23  24   1   0   0   1  0.47 0.25
   35 G    -3  -4  -3   3  -5  -4  -2   6  -4  -5  -5  -4  -5  -5  -4  -2  -4  -5  -5  -5    1   0   0  18   0   0   3  72   0   0   1   0   0   0   0   2   0   0   0   0  1.56 0.51
   36 I    -1  -4  -4  -5   4  -4  -4  -5  -4   5   0  -4   4  -1  -4  -3  -2  -4  -3   3    4   0   0   0   8   0   0   1   0  42   4   0  10   2   0   1   1   0   0  24  0.83 0.35
   37 P     0  -3  -4  -3   1  -4  -4  -3  -2  -5  -4  -3  -4  -5   7   1  -2  -5  -5  -4    9   1   0   1   4   0   0   2   1   0   1   0   0   0  65  11   2   0   0   0  1.68 0.54
   38 K    -1   0   0   2  -2   0   0  -2   1  -2  -2   1  -1   4   1   0  -1   1  -1  -2    5   4   4  14   1   3   6   2   3   1   1  10   1  23   7   7   2   2   0   3  0.22 0.16
   39 I    -1   0  -1   1  -1   0   2  -1   1  -1  -2   0  -2   3   1   0  -1  -2   0  -1    4   4   2   6   2   4  17   5   3   3   2   7   0  20   6   6   3   0   3   3  0.17 0.14
   40 H    -2  -2  -2  -3  -1   3  -2  -4   2   1   2  -2   2   1  -3  -2  -2   0   2   2    2   1   2   0   1  20   0   1   5   6  22   1   4   5   0   1   0   1   8  20  0.34 0.23
   41 R    -3   8  -1  -4  -5   1  -2  -4  -2  -5  -4   0   0  -5  -4  -2  -3  -5  -4  -4    0  84   2   0   0   5   0   0   0   0   0   0   2   0   0   2   0   0   0   0  1.68 0.53
   42 P     2  -1  -2  -2  -1  -2  -2   0  -1  -3  -3  -2  -2  -2   6   0  -1  -1   0  -2   24   4   2   1   1   1   2   5   1   0   0   0   1   1  38   6   3   1   4   3  0.70 0.27
   43 V    -1   0  -1   0  -1   0   0  -3  -1   1   0   0   2  -1  -2   0   3  -3  -2   1    2   4   2   5   1   3   8   0   1  10   9   6   7   2   0   2  27   0   0  10  0.14 0.13
   44 V     1  -2  -1   1   2  -2   0  -2  -2   0  -1  -2  -1  -1  -2   0   2  -3   0   2   16   0   2  11   6   0   7   0   0   5   2   0   0   2   0   6  16   0   3  23  0.17 0.15
   45 W    -4  -4  -5  -5  -4  -4  -4  -4  -3  -4  -3  -4  -3   1  -5  -4  -1  12   4  -4    1   0   0   0   0   0   1   1   0   0   1   0   0   4   0   1   4  73  12   1  2.85 0.63
   46 K    -1   3  -1  -2   1   2   0  -1  -1  -3  -2   3   1  -3   2  -1  -1  -3  -2  -3    0  22   0   0   4  11   3   4   0   0   3  32   5   0  11   3   0   0   0   0  0.41 0.18
   47 L    -2  -1  -3  -3   3  -2  -3  -3  -2   2   3  -2   2   1  -3  -2  -1  -2   1   1    1   4   0   1   9   0   1   1   0  22  38   1   4   5   1   1   1   0   6   6  0.27 0.12
   48 L     0  -2  -3  -3  -2   0  -2  -3  -3   2   3  -2   2   1  -3  -1  -1  -2  -1   1    6   0   0   0   0   6   1   1   0   9  48   1   7   6   0   6   1   0   0   7  0.28 0.16
   49 I     0  -2  -2  -2   3   1  -1  -2  -2   1   1  -1   2   1  -2   0   1  -2  -1   1    9   0   0   0   8   9   1   1   0   9   9   0   9   9   0   9   9   0   0   9  0.06 0.11
   50 G    -3  -1   1   0  -5   0  -1   6  -4  -1  -5   0  -4  -5  -4  -2  -3  -5  -5  -4    1   4   5   4   0   4   4  61   0   5   1   5   0   0   0   2   1   0   0   0  1.07 0.51
   51 Y    -5  -5  -3  -6   0  -3  -4  -3   0  -3   0  -5  -2   0  -5  -5  -5  -2   9   0    1   0   1   0   2   1   1   2   2   1   7   0   1   2   0   1   0   0  70   6  1.95 0.80
   52 L    -2  -4  -2   0  -1  -2  -2  -5   1   1   5  -4   2  -1  -5  -2  -2   1  -3   0    3   0   2   5   1   2   2   0   4   7  54   0   4   2   0   3   2   2   0   5  0.61 0.38
   53 P    -3  -6  -2  -5  -6  -2  -5  -1  -3  -6  -6  -5  -6  -7   8  -1  -2  -7  -6  -6    2   0   2   0   0   2   0   4   1   0   0   0   0   0  80   5   2   0   0   0  2.40 0.94
   54 V     1  -2  -2  -4   3   0  -2  -3  -2  -1   1  -2  -2  -3   4   0   2  -4  -4  -1   15   2   1   0   7   4   2   1   1   2  19   1   0   1  18   6  14   0   0   4  0.37 0.30
   55 N    -2  -1   6   2  -5   0   1  -4  -1  -4  -5  -2  -3  -4   0   1  -1  -6  -5  -2    3   3  44  10   0   3  10   0   1   1   0   2   0   1   5  10   4   0   0   3  0.86 0.50
   56 T     1   3   0  -3  -2   1  -1  -2   1  -1  -2   2  -2  -2  -2   1   1  -4  -2   0   11  21   4   0   1   5   1   1   4   3   4  13   1   2   2  12   8   0   1   7  0.24 0.22
   57 K     0  -2   0   4  -4   0   2  -1  -3  -2  -3   0   0  -3   0   2  -1  -4  -3  -2    8   2   4  21   0   4  17   4   0   3   2   4   2   1   3  18   3   0   1   2  0.34 0.26
   58 R    -2   6   0  -1  -5  -1  -2  -3  -1  -3   1   0  -2  -1  -3   0   0  -5  -4  -3    3  47   4   3   0   2   2   2   1   1  13   4   1   2   1   6   7   0   0   1  0.74 0.45
   59 Q    -3   6  -2  -5  -6   3  -2  -5   3  -5  -4   0  -4  -4  -5  -3  -2   7   0  -2    2  44   1   0   0  11   2   0   6   0   1   6   0   0   0   1   2  16   3   4  1.23 0.61
   60 E     1  -2   1   1  -3   0   4  -3  -1  -2  -2   0   0  -3   0   0  -1  -5  -4  -1   10   1   5   9   0   4  31   1   2   2   4   6   2   1   5   7   3   0   0   5  0.33 0.28
   61 G     1  -1   1   0  -3   0   1   0   0  -1  -2   0  -1  -1   0   2   1  -4   0  -2   15   1   6   4   0   4   9   7   2   4   3   6   1   3   5  18   9   0   3   1  0.14 0.16
   62 F    -1  -2  -2  -2  -2  -2   3  -3  -1   0  -1  -2   0  -1  -4  -1   4  -5  -2   2    3   1   1   1   1   1  19   2   1   5   6   2   2   2   0   3  30   0   1  19  0.44 0.38
   63 L    -3  -2  -2  -6  -3  -2  -4  -7  -6   1   6  -4   0  -2  -6  -5   0  -5  -3   1    1   3   3   0   0   2   1   0   0   5  69   1   1   1   0   0   5   0   0   7  1.10 0.59
   64 Q     1   0   0  -1  -4   3   3  -3   0  -2  -1   2  -3  -3  -3   1   0  -5  -4  -3   13   4   4   2   0  13  23   1   2   3   7  14   0   1   0   9   5   0   0   1  0.37 0.31
   65 R    -3   6   0  -1  -3  -1   0  -5  -1  -5  -4   4  -2  -6  -5   0  -2  -6  -5  -2    1  50   4   3   1   2   5   0   1   0   1  20   1   0   0   6   1   0   0   3  1.13 0.60
   66 K    -4   1  -1  -5  -7  -2  -3  -2  -5  -6  -3   7  -1  -7  -5  -2  -5  -7  -6  -3    1   6   3   0   0   1   0   4   0   0   3  76   1   0   0   3   0   0   0   2  1.73 0.83
   67 R    -4   8  -1  -6  -8   2  -3  -7  -1  -3  -7  -1  -6  -7  -6  -5  -4  -7  -3  -7    1  80   3   0   0   8   1   0   2   2   0   1   0   0   0   0   1   0   1   0  2.19 0.96
   68 K     0   1   2   0  -4   3   2  -2  -2  -3  -1   3  -3  -5  -3   1  -2  -5  -4  -1    7   7  10   5   0  13  13   2   1   1   5  19   0   0   0  10   1   0   0   6  0.34 0.29
   69 E    -3   0  -2   1  -7   3   6  -3  -1  -3  -4   1  -2  -6  -5  -2  -3  -6  -2  -3    1   5   1   8   0  10  54   2   1   2   1   8   1   0   0   3   0   0   2   2  1.02 0.59
   70 Y    -7  -7  -7  -8  -7   0  -7  -8  -3  -6  -3  -7  -1  -1  -8  -7  -7  -3  10  -3    0   0   0   0   0   4   0   0   0   0   3   0   2   1   0   0   0   0  89   2  3.14 1.24
   71 R     0   1  -1  -1   0   1  -1  -3   1   0   1   1   0   3  -3  -1   0   2   0   0    7   9   2   3   2   7   4   1   4   3  15   8   2  14   0   3   5   3   2   6  0.10 0.14
   72 D     1   0   2   4  -4   1   2  -1   1  -2  -3  -1  -4  -5  -3   1   0  -5  -4  -3   10   4   8  23   0   5  14   5   4   2   2   3   0   0   0  12   7   0   0   1  0.37 0.30
   73 S    -1  -3  -3  -3   1  -4  -4   1  -4  -1   2  -3   3   4  -4   0  -1   1   2  -2    6   1   1   1   4   0   0  10   0   2  25   1   9  20   0   6   4   2   6   2  0.40 0.32
   74 L    -1  -1  -2  -4   1  -2  -2  -2  -4   3   1   1   1  -3  -4  -2  -1  -4  -3   4    4   3   2   0   3   2   2   3   0  15  16  10   3   0   0   2   3   0   0  31  0.39 0.30
   75 K    -1   0   1   1  -3   1   2  -1   2  -1  -2   2   0  -1   0   0  -1  -3   0  -1    5   5   6   8   0   8  13   4   5   3   3  14   3   3   5   6   4   0   3   4  0.14 0.14
   76 H    -1   0   0  -1  -4   4   1  -4   4  -1  -1   1   1  -4  -4   0   0  -4   0  -1    5   5   5   4   0  22   8   0  12   4   5   7   3   0   0   7   4   0   3   4  0.36 0.32
   77 T     0  -2   0   0   1  -2  -1   0   1   0   0  -1   1   1  -3   1   1  -2   2   0    5   0   3   5   3   0   3   7   4   6  11   3   3   5   0  11  11   0  10   9  0.06 0.12
   78 F    -1  -1  -3  -1   2  -2  -1   0   1   0   0  -3   1   4  -1  -1  -1  -2   3   0    4   3   0   5   5   0   3   6   3   5   8   0   4  20   4   4   4   0  14   6  0.21 0.21
   79 S    -1   0   0   0   2   0   0  -1   2   0  -1   0   2   1   0  -1   0   4   1  -1    5   5   5   5   5   5   5   5   5   5   5   5   5   5   5   5   5   5   5   5  0.09 0.08
   80 D    -2   3   2   1  -3   0   3   0  -1  -2  -1   1  -3  -4  -3   0   0  -5  -3  -2    1  20  11   8   0   2  19   6   1   3   5   6   0   0   0   7   7   0   0   3  0.31 0.22
   81 Q    -2   3   3   1  -4   2   2   0  -1  -3  -3   0  -1  -3   0  -1   0  -4  -2  -3    2  21  16   7   0   9  13   7   0   1   2   3   2   1   4   3   7   0   1   0  0.34 0.23
   82 H    -1   3   2  -1  -4   1   0  -1   4  -3  -2  -1  -3   1  -3   2   0  -3   2  -3    2  16  11   3   0   5   5   4  11   1   3   2   0   6   0  16   5   0   8   0  0.30 0.22
   83 S    -1  -1   1   2  -4   0   1   0   2  -3  -3   0  -2   2  -2   2   0   0  -2  -3    4   2   8  15   0   2  10   7   6   1   1   5   1  12   1  17   6   1   0   1  0.23 0.18
   84 R    -2   1   1   1  -4   3   2   0  -1  -1   0   1  -2  -3  -2  -1   0  -4  -1  -2    1   7   8   9   0  18  11   8   1   3  12   7   0   1   1   3   5   0   2   2  0.19 0.16
   85 D    -4  -3   2   5  -1   0   4  -2   3  -4  -5  -3  -2  -4  -4  -2  -3  -5   0  -1    0   0   9  36   1   2  29   3   8   0   0   0   1   0   0   1   0   0   3   6  0.86 0.41
   86 I    -1   0   0  -1  -2   3   1  -2  -2   0   0   1   0  -3  -1   0   2  -1  -2   0    3   5   3   1   1  20   9   2   0   7   8   9   3   0   3   6  14   1   0   5  0.18 0.16
   87 P     0   0   3   2  -3   1   2  -2  -2  -2  -3   3  -2  -4  -1   1   0  -4  -3  -2    8   2  14  11   0   5  13   1   0   3   1  22   0   0   3   8   6   0   0   2  0.31 0.19
   88 T    -1  -3  -2  -4  -1  -3  -4  -3  -2   4   0  -3   3  -3  -4   0   4  -4  -3   1    5   1   1   0   1   1   0   1   1  30   8   0  10   0   0   7  28   0   0   5  0.53 0.31
   89 W    -1  -2  -1  -3  -3  -2  -2  -4  -2   1   2  -1   0   2  -1  -1  -2   6   4  -1    3   1   3   1   0   1   2   0   0   7  26   3   2   7   3   5   0  13  16   3  0.46 0.23
   90 H    -3   5  -1  -1  -4  -1   1  -3   6  -2  -3   2  -3  -4  -3   0  -2  -4  -2  -3    0  31   2   3   0   1  10   1  24   3   2  13   0   0   0   5   2   0   0   1  0.74 0.33
   91 Q    -3  -2  -3  -2  -5   8  -1  -5  -3  -4  -5   0  -4  -6   0  -2  -4  -5  -4  -4    1   0   0   2   0  82   1   0   0   1   0   4   0   0   4   1   0   0   0   1  1.98 0.70
   92 I    -4  -5  -2  -5  -4  -3  -5  -6  -2   7   0  -3  -2  -3  -5  -3  -3  -5  -4   2    0   0   2   0   0   1   0   0   1  77   4   1   0   0   0   2   0   0   0   9  1.47 0.52
   93 E    -1   1   0   3  -3   1   1  -2   4  -2  -1   2  -1  -2  -3   0  -2  -4  -2  -2    5   9   2  19   0   6   6   1  16   2   5  12   1   2   0   9   1   0   1   2  0.30 0.18
   94 I    -2   2  -1  -3  -3  -2  -2  -3  -2   4   0   2   0  -2  -3  -2  -1  -4  -3   2    2  11   3   0   0   0   1   1   1  36   8  14   2   0   0   2   2   0   0  16  0.42 0.24
   95 D    -4  -4  -2   8  -6  -3  -2  -3  -4  -5  -5  -4  -5  -6  -2   0  -4  -6  -4  -5    0   0   0  85   0   0   0   2   0   0   1   0   0   0   2   7   0   0   0   0  2.00 0.63
   96 I    -1  -3  -5  -5   2  -4  -4  -5  -5   5   1  -4  -1  -2  -4  -2  -2  -4  -2   4    3   1   0   0   5   0   0   0   0  36  14   0   0   0   1   3   1   0   1  36  0.80 0.34
   97 P    -3   0  -2  -3  -5  -1  -2  -4  -2  -3  -2   2  -1  -5   7  -2  -2  -5  -3  -2    0   5   2   1   0   2   1   0   1   1   4  13   2   0  60   2   1   0   1   4  1.42 0.48
   98 R    -2   8  -2  -4  -6  -2  -3  -5  -2  -6  -4  -1  -4  -6  -5  -1  -4  -6  -5  -5    3  87   1   1   0   0   0   0   1   0   1   1   0   0   0   4   0   0   0   0  2.03 0.67
   99 T    -2  -4  -1  -4  -4  -2  -3  -4  -4   0  -1  -2   5  -4  -3   0   6  -5  -4  -2    1   0   2   0   0   1   1   0   0   5   4   1  14   0   0   6  63   0   0   0  1.15 0.51
  100 N    -1   0   4   0   2  -1  -1  -2   4  -2  -2  -1   0  -2  -2   1   0  -4   1  -1    3   3  26   4   5   2   3   2  13   2   2   2   3   2   1  14   5   0   4   5  0.31 0.21
  101 P     0  -2  -3  -3  -5  -2  -1  -3  -3  -3  -3   0  -4  -5   7   0  -2  -5  -1  -4    8   2   1   0   0   1   4   2   1   1   3   5   0   0  59   8   1   0   3   0  1.35 0.46
  102 H    -1   0   0   3  -1   0   2   1   2  -3   0  -1  -2  -2   0   0   0  -4  -2  -3    3   4   2  23   1   2  17  11   6   0  11   3   0   2   3   6   6   0   0   1  0.25 0.17
  103 I    -1  -2  -3  -3  -3  -2  -3  -4  -1   3   1  -2   3   1  -1  -2  -1  -3   2   3    4   2   1   1   0   1   1   0   2  23  11   2  10   5   2   2   3   0   9  21  0.31 0.19
  104 P     0   1   1  -2  -2   0   0  -3   3  -3   0   2  -3  -4   5   0  -1  -4  -3  -3    6   8   7   0   1   3   6   0   8   1  10  12   0   0  28   5   4   0   0   1  0.49 0.24
  105 L    -3  -4  -4  -4  -3  -3  -3  -5  -4   2   4  -4   0   5   0  -2  -2  -3   0   0    1   0   1   1   0   1   1   0   0   9  44   0   2  24   4   3   2   0   2   5  0.63 0.29
  106 Y    -4  -4  -1  -5  -5  -4  -4  -2  -2  -2   2  -3  -1   7  -5  -3  -3   3   4  -3    0   1   3   0   0   0   1   4   0   0  18   1   1  51   0   1   1   4  14   0  1.16 0.44
  107 Q    -1   0   1  -2   1   5  -1   1   2  -3  -2   1   0  -2  -2   1  -2  -4  -3  -4    4   5   6   0   3  32   1  11   6   1   4   8   2   2   1  14   0   0   0   0  0.43 0.28
  108 F    -1  -1   3   0   2   3  -1   2   3  -3  -3  -2  -2   0  -3   0  -2  -3   2  -2    3   2  17   5   6  22   1  15   8   1   2   0   0   5   0   5   1   0   7   2  0.34 0.21
  109 K    -1   0  -1   1  -4   0   2  -2  -2  -3  -3   3  -3  -4   4   0  -1  -5  -4  -1    4   5   2   8   0   3  16   1   0   1   1  23   0   0  23   6   3   0   0   5  0.51 0.23
  110 S     1   2  -1   0  -1   1   1  -1  -2  -1   0   1  -1  -3  -1   1   0  -3  -3  -1   12  17   1   5   1   6   7   3   0   4   9   9   0   0   2  15   3   0   0   4  0.14 0.11
  111 V    -2  -3   2  -3  -3  -3  -4  -4   1   4   0  -3   0   0  -4  -2   2  -4  -2   4    2   0  11   0   0   0   0   0   5  25   6   0   1   3   0   0  12   0   0  34  0.51 0.27
  112 Q    -3   0  -2  -1  -5   7  -1  -2   3  -4  -3   0  -1  -3  -4  -1  -1   3  -3  -3    0   5   0   3   0  62   1   3   7   1   1   3   1   1   0   3   4   4   0   1  1.11 0.47
  113 N    -1   2   0   1  -4   2   4  -2   0  -3  -2   1  -2  -1  -3  -1  -2  -4  -1  -3    3  11   4   7   0  10  38   2   2   1   5   9   1   3   0   1   1   0   3   1  0.45 0.23
  114 S     1  -3  -2  -2   2  -2  -2  -2  -3   1   0  -2   2  -2   1   2   0  -3  -3   1   15   0   0   1   5   0   1   1   0  12  10   0   8   0   6  26   5   0   0  10  0.23 0.16
  115 L    -2  -3  -4  -1   1  -3  -3  -4  -3   1   3  -3   4   3  -4  -3  -2  -2   1   1    0   0   0   5   3   0   0   0   0   7  41   0  15  14   0   1   0   0   5   6  0.49 0.22
  116 Q    -1   2  -2  -1  -4   2   5  -3  -1  -2  -1   2  -2  -3  -2  -1  -2  -3  -1  -2    4  12   0   0   0   7  45   1   0   3   5  13   0   0   0   2   1   0   3   2  0.54 0.23
  117 R    -3   7   2  -3  -4  -1  -1  -4   0  -3  -4   1  -3  -4  -4  -2  -2  -4  -3  -1    1  70  10   0   0   0   2   1   2   1   1   3   0   0   0   2   1   0   0   5  1.17 0.38
  118 I    -2  -4   0  -4   0  -4  -4  -4  -4   6   0  -4  -1  -2  -4  -2  -2  -4  -3   2    2   0   5   0   2   0   0   1   0  65   6   0   0   0   0   2   1   0   0  14  0.87 0.31
  119 L    -3  -3  -4  -4  -3   1  -3  -4  -4   0   6  -3   0  -2  -4  -2  -3  -3  -3  -1    1   0   0   0   0   7   0   1   0   2  82   0   0   0   0   4   0   0   0   0  0.98 0.35
  120 Y    -3   0  -3  -4  -3  -3  -3  -4   1   1   0  -2  -1   5  -4  -2  -1   2   6  -1    1   5   1   0   0   0   0   1   3   9   6   1   1  29   0   2   3   3  31   4  0.68 0.25
  121 L    -1  -3  -3  -4  -2  -3  -4  -4  -4   4   2  -3   0  -1  -3  -2   1  -3  -2   3    5   0   1   0   0   1   0   0   0  37  23   0   0   1   0   1   8   0   0  21  0.53 0.22
  122 W    -4  -2  -5  -5  -4  -4  -4  -4  -3  -2  -2  -4  -3   3  -5  -4  -4  11   4  -1    1   2   0   0   0   0   1   1   0   2   3   0   0  13   0   1   0  58  12   5  2.21 0.50
  123 A     5  -2  -1  -3  -2  -2  -2  -1   0  -3  -3   0  -3  -4  -2   3  -1  -4  -3  -2   60   0   2   0   0   0   1   3   2   0   1   5   0   0   0  21   1   0   0   1  0.71 0.30
  124 I    -2  -1  -3  -3  -1   0  -2  -2  -2   4   0   2   1   0  -3  -2  -1  -3  -1   2    2   2   0   0   1   6   1   3   1  38   7  18   3   3   0   1   2   0   2  11  0.28 0.17
  125 R    -2   6  -1  -3  -4   0   1  -3  -2  -1   1   1  -1  -3  -3  -1  -2  -3  -3  -1    1  49   2   0   0   1   8   1   0   3  20   6   0   0   0   2   2   0   0   3  0.59 0.25
  126 H    -3   2   5  -2  -4  -1  -2  -3   8  -5  -4  -1  -3  -3  -4  -2  -3  -4  -1  -4    1  12  28   0   0   0   1   1  49   0   1   3   0   0   0   1   0   0   1   1  1.35 0.40
  127 P    -1  -4  -4  -3  -4  -2  -3  -4  -4  -4  -2  -2  -4  -5   8  -2  -2  -5  -4  -4    6   0   0   0   0   1   1   1   0   0   5   2   0   0  77   2   1   0   0   1  1.96 0.44
  128 A     4  -2  -2   0  -2  -1  -2   3  -3  -3  -1  -1  -1  -3  -2   1  -1  -3  -3  -2   52   1   0   4   0   1   2  19   0   0   5   2   1   0   0   8   1   0   0   1  0.52 0.23
  129 S     0  -2  -2  -2   3  -1  -2  -2  -3   3  -1  -2  -2  -2  -3   4   0  -3  -3   0    6   2   0   0   7   1   1   1   0  21   4   1   0   2   0  45   3   0   0   4  0.44 0.23
  130 G     0   1  -2  -2  -3  -2  -3   6  -3  -4  -2  -1  -3  -4  -3   0  -2  -4  -4  -3    8   9   0   2   0   1   1  61   0   0   5   2   0   0   0   7   1   0   0   1  0.82 0.25
  131 Y    -3  -3  -3  -4  -4  -3  -3  -4  -1  -3  -3  -3  -3   2  -4  -3  -3   0   9  -3    1   1   1   1   0   1   1   1   0   1   1   1   0   4   1   1   1   0  81   1  1.90 0.44
  132 V    -2  -3  -3  -4  -2  -3  -3  -4  -3   1  -1  -3  -1   2  -3  -3  -1  -3  -2   6    1   1   1   1   0   1   1   1   0   3   1   1   0   8   1   1   2   0   1  74  0.89 0.29
  133 Q    -3  -1  -2  -2  -4   8   0  -3  -2  -4  -3  -1  -2  -4  -3  -2  -2  -3  -3  -3    1   1   1   1   0  84   1   1   0   1   1   1   0   1   1   1   1   0   1   1  1.70 0.45
  134 G    -2  -3  -2  -3  -4  -3  -3   7  -3  -4  -4  -3  -4  -4  -3  -2  -3  -3  -4  -4    1   1   1   1   0   1   1  86   0   1   1   1   0   1   1   1   1   0   0   1  1.56 0.35
  135 I    -2  -3  -3  -4  -3  -3  -3  -4  -3   5   2  -3   7   0  -3  -3  -2  -3  -2   0    1   1   1   1   0   1   1   1   0  39  12   1  34   3   1   1   1   0   0   2  0.83 0.28
  136 N    -2  -2   7   1  -4  -2  -1  -2   0  -4  -2  -2  -3  -4  -3   0  -1  -4  -3  -4    3   1  70   5   0   0   4   1   2   1   4   1   0   0   1   4   2   0   0   1  1.16 0.35
  137 D    -3  -3  -1   7  -5  -2   3  -3  -3  -5  -5  -2  -4  -5  -3  -1  -3  -5  -4  -4    1   0   0  71   0   0  19   1   0   0   1   0   0   0   0   3   0   0   0   1  1.46 0.39
  138 L    -3  -3  -4  -4  -3  -3  -4  -4  -4   3   4  -3   2   0  -4  -3  -2   2  -2   1    1   0   0   0   0   0   0   1   0  19  56   0   4   2   0   1   0   4   0   9  0.69 0.23
  139 V     1  -3  -3  -3   1  -3  -3  -3  -3   1   2  -3   0  -2  -1  -2  -1   2  -2   4   11   1   0   1   3   0   1   1   0   3  28   1   1   0   4   1   2   3   0  39  0.38 0.18
  140 T     1  -2  -2  -2  -1  -1  -2   0  -3   0  -2  -2  -1  -3  -2   1   5  -3  -3   1   15   1   0   1   1   1   1   8   0   6   1   1   1   0   1   9  43   0   0   9  0.42 0.20
  141 P    -2  -3  -3  -3  -3  -1  -2  -3   0  -2  -1  -2  -3  -4   8  -2  -2  -4  -3  -1    1   1   1   1   0   3   1   1   2   2   6   1   0   1  70   2   2   0   0   6  1.59 0.35
  142 F    -3  -3  -4  -4  -3  -3  -4  -4  -3   1   2  -3  -1   7  -4  -3  -3  -1   1  -1    1   1   1   1   0   1   1   1   0   6  18   1   0  59   1   1   1   0   2   3  0.99 0.28
  143 F    -2  -3  -3  -4  -3  -3  -3  -4  -2   2   2  -3   1   5  -3  -3  -2   4   4   0    1   1   1   1   0   1   1   1   0  12  19   1   2  33   1   2   1   5  13   6  0.59 0.19
  144 E    -1  -1  -2  -2  -2   2  -1  -2   0   1   0  -2   0   1  -2   0  -1  -1   4   2    3   2   1   1   0  13   2   2   2  11   7   1   1   5   1  10   3   1  18  18  0.17 0.12
  145 T    -1  -3  -3  -3  -2  -3  -3  -2  -2   1  -1  -3  -1  -2  -3  -2   2  -3  -2   5    4   1   1   1   0   1   1   3   1   6   2   1   1   0   1   2  13   0   0  63  0.66 0.26
  146 F    -2  -4  -4  -4  -4  -4  -1  -4  -2  -2   0  -4  -2   7  -4  -3  -3  -1   4  -1    3   0   0   0   0   0   5   1   0   0   6   0   0  66   0   1   1   0  11   4  1.26 0.35
  147 L     0  -1  -3  -3   1  -2  -2  -3  -3   1   4   0   1   0  -2  -2   0  -2  -1   0    7   3   0   1   3   1   1   1   0   6  49   9   1   3   2   1   6   0   2   4  0.28 0.15
  148 T     0  -1   2  -1   3   0  -1   0  -1  -2   0  -1  -1   0  -2   2   2  -2  -1  -1    6   4  11   2   7   4   2   9   1   1   9   1   0   5   1  21  14   0   1   2  0.14 0.10
  149 E     0  -1   1   3  -3   1   3  -1  -1  -2  -2  -1  -2  -2   1   0  -1  -3  -1  -2    7   2   5  17   0   4  31   3   1   2   3   1   1   1   7   7   2   0   2   3  0.31 0.12
  150 Y    -1   1  -1  -2  -1   0  -1  -2   3  -1  -2  -1  -1   2  -2  -1  -2   0   6  -1    4   9   2   2   1   4   2   3  10   2   3   3   1   8   2   2   2   1  36   4  0.44 0.15
  151 L     0   0   0   0   2  -1  -2   0   2   0   0  -2   1   1  -2   0   0  -2   1   0    6   6   6   6   6   0   0   6   6   6   6   0   6   6   0   6   6   0   6   6  0.01 0.12
  152 P    -2  -2   0   2   2   0   3   0   0  -4  -3  -1  -2  -2   3   0   1   3  -1  -3    3   1   4  10   5   5  18   7   2   0   3   3   1   2  16   5   8   4   2   1  0.35 0.31
  153 P    -1  -1  -1   3   1   0   1   1  -1  -1  -2   1  -2  -2   1   0  -1   0  -3  -1    4   3   2  20   3   4  10  10   1   4   4   8   1   2   7   6   4   1   0   5  0.18 0.17
  154 S     0  -1   1   1  -3   0   1   1  -1  -2  -2   0  -1   0   2   1   0  -1  -1  -1    7   3   7   8   0   2  11  11   1   2   4   5   2   4   9  12   5   1   2   4  0.12 0.13
  155 Q    -1  -1   1   3  -2   2   2  -2   0  -2  -2  -1   0  -2  -1   0   1  -3  -1  -1    6   2   7  18   1   8  16   3   3   2   3   4   2   2   3   5   8   0   2   4  0.25 0.21
  156 I     0  -1   0  -1   1   0   0  -2   0   2   0   0   0   0   0  -1  -1   1  -2   1    6   3   4   4   3   3   7   3   2  14   9   7   3   3   5   4   3   2   1  14  0.05 0.08
  157 D    -2  -1   1   4   1   0   3  -2  -1  -2  -2  -2  -1   0  -2   0  -1  -4  -2  -2    2   3   6  24   3   4  23   4   2   2   4   2   1   4   2   7   4   0   1   2  0.44 0.33
  158 D    -1  -1   2   4  -1   0   0  -2  -1  -1  -2  -1  -1  -1  -3   2   1   0  -4  -2    6   4   8  26   1   4   6   2   1   3   4   3   1   3   1  13  10   1   0   2  0.35 0.30
  159 V    -1  -2   0  -1   0  -1   0   0  -3   0   0  -1  -1   0   1  -1   0   4   0   2    5   2   5   4   2   2   7   9   0   5   9   4   1   5   7   3   5   7   3  16  0.11 0.14
  160 K    -2  -2   0   4   0   0   4  -3   0  -2  -2  -2   2  -2  -2   0  -1  -5   0  -3    3   2   5  22   2   3  25   2   2   2   4   2   5   2   2   8   3   0   3   2  0.48 0.38
  161 I    -1  -2   1  -1  -1  -1  -2   0  -3   2   1  -1   2  -1  -2  -1   0  -3  -1   1    4   2   9   4   1   3   3   8   0  15  17   4   6   2   1   3   6   0   2  12  0.13 0.15
  162 K    -1  -1  -1   0   0  -1   0  -1  -1  -1   0   0   1   2   1   0  -1   1   2   0    4   4   3   5   3   2   8   5   1   4   9   5   3  12   6  10   3   2   7   5  0.06 0.08
  163 D    -2  -2   1   6  -4  -2   0  -1   1  -1  -4   0  -4  -1  -2   1  -2  -1  -4  -4    3   2   6  42   0   2   6   6   3   4   2   5   0   3   2   9   2   1   1   1  0.76 0.43
  164 P    -1  -2  -1   0  -1   0  -1  -2  -3   0   0  -2   0   0   5  -2  -2  -3  -2   2    5   2   4   5   1   4   4   3   0   6  10   3   2   4  25   3   3   0   1  15  0.37 0.25
  165 S     1  -2   0   1  -2  -1  -1   1   0   0   0  -1   2   0  -1   2   0  -3  -2  -1   12   1   5  10   0   3   3  11   3   6   8   2   6   4   3  14   4   0   1   4  0.10 0.12
  166 T     0  -1  -1   1   0   1   1  -5   2   0  -2  -1   0  -5  -2   3   2  -6   1  -1    7   3   3   6   2   7  10   1   4   6   4   4   2   0   3  20  11   0   4   5  0.28 0.24
  167 Y    -1   1   0   1   0   0   1   0   1   0   0   1   1   0  -1   0  -1   1   1  -1    5   7   5   7   2   4   9   6   3   5   9   7   4   3   3   6   3   2   5   5  0.03 0.03
  168 M    -1   0   0   0   2   0   0  -1   2   0  -1   0   2   1   0  -1   0   4   1  -1    5   5   5   5   5   5   5   5   5   5   5   5   5   5   5   5   5   5   5   5  0.09 0.08
  169 V     0  -1   0   1  -1   0  -1  -2  -4  -2  -2  -1  -1  -2   4   2   0  -5   0  -1    7   3   4   8   1   4   4   2   0   3   3   3   2   2  24  17   6   0   3   4  0.37 0.31
  170 D    -1   0   0   3   0   2   3  -4   0  -1  -2   1  -1  -4   2   0  -1  -5  -4  -2    6   4   4  14   2   8  20   1   2   5   3   7   2   0   9   5   4   0   0   2  0.31 0.28
  171 E    -1  -1  -1   3  -5   1   5  -3   0  -2  -5   1  -4  -1  -1   0  -1  -5   0  -2    5   3   3  13   0   4  33   2   2   2   1   9   0   3   3   6   4   0   3   3  0.51 0.38
  172 Q    -1  -1   2   0  -2   3   1  -3  -2   1  -1   0   0  -2  -1  -1  -1   4  -3   2    6   2  10   5   1  15   7   1   1  10   3   4   3   1   3   3   4   7   0  14  0.24 0.22
  173 I     0  -1  -2  -2   0  -1  -1  -3   0   2   3  -1   2  -1  -2  -1   0   0  -1   1    9   4   1   2   2   2   4   1   2  11  29   3   8   1   2   3   4   1   2   9  0.16 0.13
  174 T     1   2   0   1  -1   1   2  -2   0  -2  -1   1  -1  -1  -2   1   0  -2   1  -1   11  13   3   9   1   5  13   2   1   2   8   6   1   2   1   9   4   0   5   3  0.11 0.09
  175 D     0   0   2   1   2   1   1  -2   3  -1  -1  -1   0   0  -2   0   0   0   1  -1    7   4  11   7   6   7   9   2   8   3   6   3   2   4   1   6   5   2   5   3  0.09 0.09
  176 L     2  -4  -3  -2   0  -2  -3  -1   2   3   0  -3   0  -3  -4  -2  -2  -4  -3   3   22   0   0   2   2   2   0   4   6  21   9   0   2   0   0   2   0   0   0  25  0.43 0.28
  177 E    -2  -3  -3  -2  -6   2   7  -5   3  -1  -5  -3  -4  -5  -4  -1  -4  -5  -4  -5    3   0   0   0   0   7  72   0   6   4   1   0   0   0   0   4   0   0   0   0  1.55 0.66
  178 A     5   1  -3  -4   2  -3  -2  -2  -4  -4  -4  -3  -3   0  -1   2  -2  -4  -1  -1   56   7   0   0   3   0   2   2   0   0   1   0   0   4   2  15   2   0   2   3  0.78 0.44
  179 D    -1  -4   0   7  -5  -3   0   0  -4  -5  -6  -4  -5  -6  -4   0  -2  -6  -5  -5    4   0   3  69   0   0   4   7   0   0   1   0   0   0   0   7   2   0   0   0  1.55 0.61
  180 T     1  -3  -2  -3   4  -2  -2   0  -3   0  -2  -2  -2   0  -3   3   3  -3  -2   0   10   0   0   0  10   0   1   5   0   5   2   0   0   5   0  25  25   0   0   8  0.39 0.24
  181 F    -4   0  -4  -5  -4  -4  -4  -5  -2  -3  -2  -4  -3   7  -5  -4  -4  -1   6  -1    1   5   0   0   0   0   1   1   0   0   1   0   0  51   0   1   1   0  33   3  1.55 0.50
  182 W    -3  -4  -5  -2  -2  -4  -4  -2  -2  -3  -1  -4  -3   4  -1  -3  -4  10   3  -4    2   0   0   2   1   0   1   3   1   0   7   0   0  21   3   2   1  47   7   1  1.81 0.52
  183 C    -2  -5  -4  -5  10  -4  -5  -2  -5  -3  -1  -5   3  -2  -5  -1  -1  -4  -4  -3    2   0   0   0  66   0   0   3   0   0   6   0   9   2   0   5   4   0   0   0  2.00 0.59
  184 L    -2  -4   0  -4  -3  -3  -4  -4  -3   0   3  -4   2   5  -4  -3  -2  -2   1   1    3   0   5   0   0   0   0   0   0   1  38   0   6  31   0   0   2   0   4   7  0.66 0.30
  185 T    -1  -3   1   0   2   0  -2  -2  -3  -2  -3  -2  -1  -4  -3   4   3  -4  -3   1    3   0   5   4   5   4   0   1   0   0   0   0   1   0   0  41  21   0   0  12  0.55 0.33
  186 K    -1   2   1  -1  -3   0   1  -2   0   0  -1   3  -1  -1  -3  -1  -1   3   0  -2    5  10   7   1   0   1  11   1   2   7   6  29   2   2   0   4   1   5   3   1  0.24 0.18
  187 L     0  -2  -3  -3  -2   0  -2  -3  -2   2   3  -2   2   1  -2  -2   0  -2  -1   1    7   1   1   1   0   5   1   1   0  13  46   1   5   6   1   1   4   0   0   5  0.25 0.12
  188 L    -2  -3  -3  -3  -2  -2  -3  -3  -3   2   4  -3   4  -1  -3  -3  -2  -2  -2   2    1   1   1   1   0   1   1   1   0   9  55   1  15   0   1   1   1   0   0  11  0.51 0.19
  189 E     0   0   1   3   2   0   2  -1  -1  -3  -2   0   0  -3  -2   2   0  -3  -2  -2    7   3   4  24   6   4  13   4   0   1   1   3   3   0   1  20   3   0   0   1  0.26 0.11
  190 Q    -1   0   2   1  -1   1   2   2   2  -3  -3   0  -2  -2  -2   1   0   2  -1  -3    3   5  10   6   2   5  13  22   6   0   1   5   0   2   0   8   6   3   2   1  0.23 0.12
  191 I    -1  -3  -2  -3   0  -3  -3  -2  -3   4   2  -3   2   2  -3  -2  -1  -2   0   1    2   1   2   1   2   0   1   4   0  41  19   1   4   8   1   3   2   0   4   5  0.38 0.20
  192 T    -1   1  -1  -1  -2   1   1   0   2   0   0   1  -1  -2  -2  -1   1  -3  -1   0    1  10   0   0   0   9  10  10   9  10  10  10   0   0   0   1  10   0   0  10  0.09 0.09
  193 D    -4  -4   1   7  -5  -3   0  -3   2  -5  -5  -2  -2  -4  -4  -1  -2  -5   1  -2    0   0   6  60   0   0   4   1   5   0   1   2   1   0   0   5   3   0   6   4  1.16 0.49
  194 N    -3   1   6   0  -4  -1  -3  -3   4  -4  -2  -2  -3   1  -2   0  -3  -4   0  -3    1   9  48   3   0   2   1   1  12   0   5   1   0   6   2   5   1   0   3   2  0.90 0.42
  195 Y    -4  -4  -4  -5  -4  -4  -4  -5  -2   0  -1  -4   0   6  -1  -4  -1  -1   7  -3    1   0   0   0   0   0   1   1   0   6   4   1   3  30   4   1   3   0  44   1  1.39 0.53
  196 I    -1  -4  -4  -4   6  -4  -4  -4  -4   4  -1  -4   1  -3  -4  -2   4  -4  -4   2    3   0   0   0  18   0   0   0   0  26   2   0   3   0   0   0  29   0   0  14  0.86 0.41
  197 H    -1   0   3   1   0   0   0  -2   2  -1  -2   1  -2   2  -1   0  -1  -2   1  -2    5   4  17   7   2   2   6   2   6   5   3  10   0  12   3   8   2   0   5   2  0.16 0.14
  198 G     1  -2   0   1   1   0  -1   0  -1  -2   0  -1  -1   1  -1   3   0  -3  -2  -2   15   1   5  10   3   4   3   6   1   1  11   1   1   6   2  26   3   0   0   1  0.18 0.18
  199 Q    -1  -1  -1  -1  -5   7  -1  -2   3  -3  -2  -2  -3   0  -3  -1  -3  -4  -3  -1    4   2   2   3   0  57   2   3   8   2   4   0   0   4   1   3   0   0   0   4  1.03 0.51
  200 P    -1  -2  -3  -2   3  -1  -1  -1  -4  -2  -3  -2  -3  -1   6   1   1  -4  -4   1    3   2   0   2   7   3   5   4   0   1   2   2   0   3  39   9   7   0   0  11  0.72 0.34
  201 G     0   0  -3  -4  -4  -2  -4   7  -4  -5  -5  -2  -4  -5  -4  -3  -1  -5  -5  -5    6   5   0   0   0   2   0  77   0   0   1   2   0   0   0   0   4   0   0   0  1.49 0.50
  202 I    -3  -4  -4  -4  -3  -4  -4  -4  -4   6   1  -4   0  -2  -4  -3  -2  -3   1   2    1   1   1   1   0   1   1   1   0  63  11   1   2   1   1   1   1   0   5   9  1.01 0.38
  203 L    -2   2   0  -2  -3   4   0  -1   3  -1  -1   0   1   2  -2  -1   0  -2   1  -1    1  15   4   1   0  22   4   3   7   3   4   4   3  10   1   3   4   0   5   3  0.25 0.17
  204 R     0   5   0  -2   0  -1   0  -2   0  -3  -2   2   0  -2  -3   1  -1  -3   1  -3    6  35   5   1   2   2   7   2   2   1   3  10   3   1   1  13   2   0   5   1  0.44 0.25
  205 Q     0   1  -2  -3  -2   3  -1  -3  -3  -2   0   3   5  -2  -3   0   2  -4  -2  -2    6   6   1   1   1  16   2   1   0   2   7  17  17   1   0   7  13   0   1   2  0.39 0.28
  206 V    -1  -4  -4  -4  -1  -3  -4  -4  -4   4   2  -4   4  -1  -4  -1  -2  -4  -1   4    3   0   0   1   1   0   1   1   0  21  15   1  13   2   0   5   1   0   3  33  0.64 0.31
  207 K     0   1   1   0  -2   1   2  -2   0  -1  -2   2   1   0  -2   1   0  -3  -1  -1    5   7   7   4   1   4  13   2   1   5   3  19   5   4   0   9   7   0   1   2  0.15 0.13
  208 N     0   3   2  -1  -4   1   0  -1   1  -3  -3   3   0  -4  -3   0  -1  -4  -1  -2    8  19  10   2   0   6   3   3   3   1   2  24   3   0   0   7   2   0   2   3  0.36 0.23
  209 L    -3  -4  -5  -5  -4  -4  -5  -5  -5   0   5  -4   4   0  -5  -2  -2  -4  -3   1    1   0   0   0   0   0   0   1   0   4  61   0  12   4   0   4   3   0   0   9  0.97 0.43
  210 S    -1   2   1   0  -2   1   3  -2  -1  -3  -3   2   0  -2  -3   1  -1   2   1  -3    4  12   5   5   1   5  20   2   1   0   1  16   3   2   0  11   3   3   5   1  0.30 0.21
  211 Q    -1   0   1   2  -3   2   3  -1  -1  -1  -1   0  -2   0  -3   0  -1  -4  -3  -2    5   4   5  13   1  10  24   4   1   5   6   6   1   4   0   7   2   0   0   2  0.24 0.18
  212 L    -3  -3  -4  -4  -3  -2  -4  -5  -4   3   5  -2   1   0  -4  -3  -1  -4  -3   1    1   1   0   1   0   2   1   1   0  13  56   2   2   4   0   1   4   0   0  10  0.75 0.34
  213 V    -3  -4  -4  -5  -1  -4  -4  -5  -5   3   3  -4   1  -2  -4  -3   1  -4  -3   4    1   0   0   0   1   0   0   1   0  16  31   0   3   0   0   1  10   0   0  34  0.74 0.35
  214 K    -1   2  -1  -2  -3   3   0  -2  -1  -3  -3   4  -2  -3  -3   1  -1  -4   0  -4    5  10   2   1   0  15   6   3   1   1   2  34   1   1   0  12   2   0   3   0  0.52 0.31
  215 R    -1   6  -1  -1  -4   1   1  -4  -2  -2  -2   2   0  -1  -4  -2   0  -4  -3  -2    4  43   2   2   0   5   8   1   1   2   4  13   3   2   0   2   6   0   0   3  0.65 0.34
  216 I    -2  -2  -1  -3  -1  -2  -3  -4   2   5   0   1   0  -1  -4  -2  -2  -4   1   3    2   2   4   1   2   1   1   1   7  34   6  11   1   1   0   3   1   0   4  19  0.43 0.27
  217 D    -3  -4   2   8  -3  -2   1  -4  -1  -5  -6  -4  -5  -6  -4  -3  -3  -6  -5  -5    2   0   7  74   1   1   8   1   1   0   1   0   0   0   0   0   1   0   0   0  1.80 0.65
  218 A     1  -1  -1  -1  -3  -1   3  -1  -1  -3  -2   0   1  -3   4   0  -1  -4  -2   0   10   4   3   2   0   2  21   4   1   1   2   4   4   1  25   5   2   0   2   8  0.42 0.26
  219 D    -1   0   1   2  -3   2   4  -2  -2  -4  -4   1  -4  -5   3   0   0  -5  -3  -3    4   5   6  13   0   8  26   3   0   1   1   7   0   0  14   5   5   0   1   1  0.48 0.28
  220 L    -5  -6  -7  -7  -5  -6  -6  -3  -6   0   6  -6  -2   0  -6  -6  -3  -5  -4   2    0   0   0   0   0   0   0   3   0   3  76   0   0   3   0   0   1   0   0  15  1.44 0.60
  221 Y     1  -4  -1  -2   0  -2  -4  -4   7  -2  -2  -4  -4   2  -5   0  -1   6   5  -3   11   0   3   2   2   1   0   1  25   2   3   0   0   7   0   9   3  12  18   1  0.90 0.44
  222 N    -1   3   3   0  -2   2   1  -2   0  -3  -1   2   0  -4  -3   0  -1  -4  -3  -3    5  19  14   4   1  10   7   2   2   1   7  16   2   0   0   6   2   0   0   1  0.34 0.23
  223 H    -6   0  -4  -3  -3  -3  -4  -6  11  -7  -6   0  -5   0  -6  -5  -4  -6   0  -7    0   4   0   1   1   1   0   0  78   0   0   6   0   4   0   0   1   0   2   0  2.78 0.91
  224 F    -5  -6  -6  -7  -5  -6  -6  -7  -6   1   5  -6   2   5  -6  -6  -5  -2  -3  -2    0   0   0   0   0   0   0   0   0   6  65   0   4  23   0   0   0   1   0   1  1.45 0.58
  225 Q    -1   1  -1   0  -5   4   4  -3   2  -2  -3   1   0  -5  -4  -2  -1  -2  -2  -2    5   8   2   5   0  18  34   1   5   2   1   8   3   0   0   1   3   1   1   2  0.60 0.36
  226 N     0   1   1   2  -4   2   3  -3  -1  -3  -1   0  -2  -4  -3   1   1  -4  -3  -1    5   9   8  11   0  10  20   1   1   1   6   6   0   0   0  10   9   0   0   4  0.30 0.21
  227 E    -3  -1   1  -2  -2   4   3  -4   4   0  -1  -1  -3  -3  -4  -2   1  -4   3  -1    1   2   6   1   1  19  24   0  11   7   5   2   0   0   0   1   8   0  10   4  0.49 0.33
  228 H    -2  -1   3   1  -3   1   2   4   0  -5  -4   0  -3  -4  -4  -1  -2  -5  -1  -2    1   2  16   6   0   8  15  32   2   0   2   6   0   0   0   4   2   0   2   3  0.52 0.30
  229 V    -3  -5  -4  -3   3  -5  -5  -6  -6   4   2  -2   1  -3  -2  -4  -3  -5  -4   5    1   0   1   1   6   0   0   0   0  21  17   3   2   0   2   0   0   0   0  47  0.94 0.44
  230 E    -1   0   2   3  -1   2   5  -4   1  -4  -4   2  -2  -5  -3  -2  -3  -6  -4  -2    4   3   9  16   1   9  38   0   3   1   1  10   1   0   1   1   1   0   0   3  0.69 0.38
  231 F    -4  -5  -3  -5  -2  -5  -3  -5  -3   0   0  -5  -3   6   3  -2  -2  -2   5  -3    0   0   1   0   1   0   1   0   0   6   9   0   0  36  16   3   3   0  23   0  1.12 0.48
  232 I    -3  -3  -2  -4  -4   3  -1  -5   2   3   3  -2   3   0   0  -2  -2  -3   1   0    0   0   2   0   0  17   3   0   5  16  29   1   7   3   5   1   1   0   5   4  0.41 0.28
  233 Q    -2  -3  -2  -3  -6   7  -1  -6   1  -4  -1  -3   2   3  -5  -3  -4  -5   1  -5    4   1   1   1   0  58   3   0   3   1   5   0   5  13   0   1   0   0   4   0  1.33 0.64
  234 F    -6  -7  -7  -7  -6  -7  -4  -7  -5  -3  -3  -7  -2   9  -8  -6  -3  -3   4  -4    0   0   0   0   0   0   1   0   0   1   1   0   1  80   0   0   2   0  13   1  2.52 0.84
  235 A     6  -5  -4  -5  -4  -3  -4  -3  -5  -2  -2  -4  -4  -5  -2   4   0  -6  -5  -2   60   0   0   0   0   1   0   0   0   2   3   0   0   0   1  27   5   0   0   1  1.17 0.58
  236 F    -6  -7  -7  -8  -2  -7  -7  -7  -5  -3  -2  -7  -2   9  -8  -4  -3  -3   0  -1    0   0   0   0   1   0   0   0   0   1   3   0   1  86   0   2   2   0   1   4  2.52 0.84
  237 R    -5   8  -4  -6   0  -3  -4  -2  -4  -7  -6   1  -5  -7  -6  -5  -5  -7  -6  -7    0  89   0   0   2   0   0   3   0   0   0   5   0   0   0   0   0   0   0   0  2.42 0.81
  238 W    -7  -8  -9  -9   0  -7  -8  -7  -7  -8  -7  -8  -6  -1  -9  -3  -7  13  -3  -8    0   0   0   0   2   0   0   0   0   0   0   0   0   2   0   2   0  94   0   0  4.69 1.22
  239 M    -3  -1  -5  -6  -4  -4  -5  -6  -5   3   1  -4   8   3  -6  -2  -1  -4  -3   1    1   4   0   0   0   0   0   0   0  17   9   0  40  14   0   3   3   0   0   8  1.09 0.48
  240 N    -4  -4   7  -2  -5  -3  -4   0  -3   1  -4  -3  -1  -5  -5  -2   3  -6  -5  -4    0   0  59   0   0   0   0   6   0   9   1   0   1   0   0   2  20   0   0   0  1.36 0.55
  241 C    -4  -5   3  -2  10  -5  -5  -5  -5  -4   2  -5  -4  -5  -5  -2  -3  -5  -5  -4    0   0  15   2  56   0   0   0   0   0  19   0   0   0   0   3   1   0   0   0  1.93 0.63
  242 L    -4  -5  -5  -6   1  -5  -5  -2  -5   0   6  -5   2   1  -2  -5  -4  -4  -2  -2    0   0   0   0   3   0   0   3   0   2  74   0   4   6   3   0   0   0   1   1  1.17 0.47
  243 L    -4  -5  -6  -6  -4  -5  -5  -6  -5   0   6  -5   0   2  -5  -5  -4  -4  -2  -2    0   0   0   0   0   0   0   0   0   3  83   0   1   9   0   0   0   0   1   0  1.53 0.56
  244 M    -2  -4  -4  -4  -1  -3  -4  -4  -4   2   1  -2   7  -3  -4   1   3  -4  -4   1    2   0   0   0   1   0   0   0   0   9  13   2  31   0   0  11  20   0   0   9  0.74 0.38
  245 R    -4   8  -4  -4  -6   4  -3  -5  -2  -6  -5  -1  -1  -6  -5  -2  -4  -5  -5  -5    0  74   0   0   0  17   0   0   1   0   0   0   2   0   0   3   0   0   0   0  1.90 0.67
  246 E    -4  -1  -1  -1  -6   0   7  -5  -3  -6  -4  -3  -3  -6  -3  -1  -4  -6  -5  -5    0   2   3   1   0   2  83   0   0   0   1   0   1   0   1   3   0   0   0   0  1.83 0.67
  247 F    -4  -5  -5  -5  -2  -5  -5  -5  -4   3   2  -5   2   7  -5  -4  -4  -3  -1   0    1   0   0   0   1   0   0   1   0  14  23   0   4  49   0   1   0   0   0   5  1.18 0.43
  248 Q    -2  -2   2   0  -3   0  -1  -4  -2  -3  -2   0  -4  -5   6   3  -1  -5  -4  -4    1   1  10   6   1   3   3   0   1   1   5   6   0   0  35  24   2   0   0   1  0.81 0.37
  249 M    -2  -4  -4  -5  -3  -3  -3  -4  -3   2   4  -4   2   4  -2  -3  -2  -3   0   1    3   0   0   0   0   1   1   1   0  11  41   0   5  20   2   2   2   0   2  10  0.62 0.29
  250 G    -1   3   0   0  -2   0   1  -1   2  -4  -3   1  -2  -4   4   0  -1  -3  -2  -3    5  17   4   4   1   4   8   6   7   0   2  10   1   0  18   6   4   0   1   1  0.35 0.19
  251 T    -1  -3   1   2   6   1  -1  -1  -2  -1   1  -2  -1  -3  -3   0  -1  -4  -2   0    4   1   9  16  19   8   1   4   1   4  14   1   1   0   0   6   4   0   1   7  0.32 0.21
  252 V    -1  -3  -3  -3   2  -2  -3   0  -4   2   0  -3   0  -1   0   1   3  -4  -2   3    4   0   0   0   4   1   0   6   0  12   6   0   3   3   4   9  24   0   1  21  0.32 0.22
  253 I    -3  -4  -3  -3  -3  -3  -4  -4  -4   5   2  -4   1   1  -3  -3  -1   3   0   1    1   0   1   1   0   1   0   1   0  43  23   0   3   4   1   1   4   4   3   8  0.69 0.31
  254 R    -4   7  -3  -4  -6  -2  -3  -2   3  -3  -3   0  -2  -2  -5  -3  -4  -5   0  -4    0  73   0   0   0   1   0   4   6   2   2   3   1   1   0   1   0   0   3   1  1.57 0.57
  255 M    -3  -4  -5  -5  -4  -4  -5  -5  -5   4   4  -4   5  -1  -5  -4  -3   3  -3   0    1   0   0   0   0   0   0   0   0  24  48   0  14   2   0   0   0   4   0   4  0.97 0.39
  256 W    -6  -6  -7  -7  -6  -5  -6  -6  -6  -5   0  -6  -2   3  -6  -6  -6  12  -2  -5    0   0   0   0   0   0   0   0   0   0   8   0   1   9   0   0   0  77   0   0  3.55 0.92
  257 D    -2   1   0   6  -4  -1   0   0   3  -4  -4  -1  -3  -3  -2  -1  -2  -4  -3  -3    1  11   1  62   0   1   1   8   9   1   1   1   0   0   1   1   1   0   0   1  0.85 0.24
  258 T     0   1   0  -2  -2  -1  -1  -1  -2   0  -1  -1  -1   0  -2   2   3  -2  -2   1    7  11   4   1   0   1   1   4   0   4   4   1   0   4   1  18  27   0   0  13  0.16 0.10
  259 Y    -2  -2  -2  -3   4  -2  -1  -3   3   1   1  -2   1   1  -3  -2  -2   2   5   0    1   1   1   1  13   1   4   1  11  12  11   1   4   4   1   1   1   3  27   4  0.37 0.15
  260 L    -2  -2  -3  -3  -2   0  -2  -3  -2   2   3  -2   2   2  -3  -2  -2   5   0   0    1   1   1   1   0   6   1   1   0  14  41   1   5  10   1   1   1  11   0   4  0.39 0.14
  261 S     2  -1  -1  -2   4  -1  -1   0  -2  -2  -2   1  -2  -3  -2   3   0   3  -2  -1   23   3   0   0  12   0   1   5   0   0   1  12   0   0   0  29   3   6   0   3  0.31 0.15
  262 E    -2  -1  -1   3  -4   0   4  -2   1  -3  -3  -1  -1  -1  -1   1   1  -4  -3  -1    1   2   2  19   0   3  35   3   3   0   1   1   2   2   2   9   8   0   0   6  0.47 0.26
  263 T     0   0  -1   0  -3   1   1   1   0  -1  -2   1  -2  -2   4   1   0  -3  -1  -1    9   3   2   5   0   6   8   9   2   6   1   8   0   1  20   9   4   0   1   3  0.25 0.12
  264 S     0   0   1   0   0   0   0  -1   1  -1   0   0   0  -1   1   1   0  -2   0   0    4   3  10   5   2   3   5   4   4   3  13   5   2   1   6  14   6   0   3   5  0.05 0.04
  265 Q    -1   3  -1   0  -2   1   2   0   0  -1   0   0  -1   0  -1   0  -1  -2  -1  -1    4  18   2   4   1   7  15  10   2   3  13   3   1   4   2   5   3   0   2   3  0.11 0.08
  266 Q     0   0   0   0  -2   0   1   0   0   0  -1   0   0   1   2   0   0  -1   0  -1    9   6   3   4   1   4  14   6   2   5   6   5   3   8   9   3   8   0   3   2  0.07 0.05
  267 S    -1   0   1   3   2   1   3  -1  -1  -3  -3  -1  -2  -2  -1   0   0   3  -2  -1    5   6   6  16   6   5  20   3   1   1   2   2   1   2   2   8   6   5   1   4  0.25 0.15
  268 S     0  -2   1   0  -1  -1  -2   5   2  -2  -4  -2  -3  -1  -3   1   0  -3  -2  -3    8   2   6   5   1   3   1  45   5   2   1   1   0   3   1   8   5   0   1   1  0.57 0.27
  269 L    -3  -3  -4  -4  -3  -4  -4  -4  -3   1   1  -4   0   6   1  -2  -2   1   0   1    1   1   1   1   0   1   1   1   0   9  15   1   2  44   7   3   2   2   2   9  0.81 0.36
  270 N     1  -1   1   0   0   2   0   0  -2  -2  -2  -1  -1  -2   0   3   1  -3  -1  -1   13   2   8   3   2  10   4   5   0   1   4   3   1   2   4  24   6   0   3   4  0.18 0.16
  271 E     0  -1   0   3  -2   1   3  -1   2  -3  -1  -1  -2  -3  -2   1   1  -4  -2  -2    6   2   4  17   1   5  22   5   6   1   6   1   1   0   2   8   9   0   1   2  0.28 0.20
  272 F    -2  -4  -2  -5  -2  -1  -4  -5  -4  -1   0  -4   0   7  -5  -1   2  -2   1  -1    4   0   2   0   1   3   0   0   0   3  10   0   2  52   0   4  12   0   3   3  1.00 0.46
  273 H    -4  -4  -1  -5  -1  -1  -4  -4   9  -4   3  -3  -2  -2  -4  -4  -2  -5   0  -2    0   0   2   0   1   2   0   1  53   0  28   1   1   1   1   0   2   0   3   3  1.57 0.65
  274 V    -2  -4  -4  -5  -2  -4  -3  -4  -5   2   4  -4   0  -1  -1  -3   0  -4  -2   3    2   0   1   0   0   0   2   1   0  10  47   0   1   2   3   1   5   0   1  23  0.67 0.36
  275 F    -4   1  -4  -4  -2  -4  -4  -3   0  -1  -2  -3  -3   4  -1  -4  -4  -1   8  -2    0   8   0   1   1   0   0   2   1   3   3   1   0  13   3   0   0   0  58   2  1.44 0.57
  276 V     0  -4  -4  -5   0  -4  -4  -4  -4   3   0  -4   0   1  -1  -3   0  -4  -3   5    6   0   0   0   2   0   0   0   0  18   4   0   2   5   3   0   6   0   0  50  0.74 0.36
  277 C    -1  -5  -5  -5  10  -2  -5  -3  -5  -2  -3  -5  -1  -2  -1   0  -1  -5  -3  -1    4   0   0   0  64   2   0   2   0   2   1   0   2   2   3   8   3   0   1   5  1.95 0.65
  278 A     5  -4  -4  -4   6  -3  -3  -3  -4  -2  -2  -3  -3  -3   1   0  -1  -4  -2   0   50   0   0   0  16   0   0   0   0   2   4   0   0   1   8   6   2   0   1   7  0.81 0.41
  279 A     5  -3   0  -3  -3  -3  -3   0  -3  -3  -3  -3  -3  -4  -3   2   0  -4  -4  -1   62   0   4   0   0   0   1   6   0   0   2   1   0   0   0  14   4   0   0   4  0.86 0.43
  280 F    -2  -4  -4  -5   0  -4  -2  -5  -4   1   2  -4   5   6  -4  -4  -3  -2  -1  -2    2   0   0   0   2   0   3   1   0   6  19   1  18  43   0   1   1   0   0   1  1.03 0.43
  281 L    -3  -4  -5  -3  -3  -2  -4  -5  -4   2   6  -4   1   0  -1  -4  -3  -4  -3  -1    1   0   0   2   0   2   1   1   0   8  73   1   2   2   3   1   1   0   0   1  1.03 0.44
  282 I    -2   0  -2  -2   0  -1  -1  -3  -1   3   2  -2   3  -2  -3  -1   0  -3  -2   2    1   6   1   3   2   1   3   1   2  19  21   2   8   0   1   4   6   0   0  18  0.24 0.17
  283 K    -1   2  -1  -2   1   1   0  -3   2  -1   0   3  -1  -1  -3   0   1   1   1  -1    2  11   2   0   3   4   4   1   6   2  11  24   1   3   0   6   9   2   5   5  0.18 0.16
  284 W    -1  -4  -2  -5   0  -3  -4  -5  -4   0  -1  -3   0   4  -5  -4  -4  10   1   1    5   1   2   0   2   1   0   1   0   5   5   1   2  16   0   1   0  42   3  10  1.54 0.53
  285 S     0   4  -2  -3  -4  -1  -1  -1  -3  -4  -4   1  -3  -4  -3   4  -1  -4  -4  -3    5  28   0   0   0   2   3   4   0   0   1   9   0   0   0  42   2   0   0   2  0.74 0.40
  286 D     0   1   1   4  -4  -1   2  -2  -2  -3  -2   2  -3  -1   1   0  -1  -4  -1  -3    6   6   5  26   0   1  14   2   0   1   3  16   0   3   6   6   2   0   2   1  0.38 0.22
  287 Q    -2   2  -1   1  -4   3   3  -3   2  -3  -3   3  -2  -4  -2  -1  -1  -4  -2  -1    3  13   2   7   0  17  21   1   4   1   2  19   0   0   1   2   2   0   1   5  0.47 0.27
  288 L    -4  -4  -5  -5  -3  -4  -5  -5  -5   4   5  -4  -1  -2  -5  -4  -1  -4  -3   0    1   0   0   0   0   0   0   1   0  20  68   0   0   0   0   1   3   0   0   2  1.15 0.46
  289 M    -3   1  -2  -3  -1   3  -2  -4  -3   0   3   2   4  -2   0  -3  -1  -4  -3   0    0   7   1   0   1  14   1   0   0   5  33  12  11   0   5   0   2   0   0   4  0.38 0.28
  290 E     1   1   0   0  -3   2   3  -2  -1  -4  -3   2  -2  -4  -1   1   1  -4  -3  -3   11   9   4   3   0  11  19   1   1   0   1  17   1   0   2   9  10   0   0   1  0.34 0.23
  291 M    -2   1  -1  -3  -2  -2  -2   2  -2  -2   2   2   6  -1  -3  -1  -1  -3  -2  -1    1   8   3   1   1   1   1  16   1   0  17  14  24   2   1   4   3   0   1   2  0.36 0.28
  292 D    -4  -3   1   7  -5  -1   2  -3  -2  -5  -5  -2  -5  -5  -1  -1  -3  -5  -5  -5    1   0   7  66   0   3   9   1   1   0   1   2   0   0   3   4   1   0   0   1  1.39 0.53
  293 F    -2  -5  -5  -5  -5  -5  -5  -5   1  -1  -1  -5   0   8  -5  -3  -4  -2   2  -3    4   0   0   0   0   0   0   0   4   4   3   0   2  71   0   2   0   0   6   1  1.75 0.62
  294 Q    -1  -2  -2   0   0   7   0  -2  -1  -2  -3  -2  -3  -5  -2   1   1  -5  -4  -3    5   0   1   4   2  52   3   3   1   2   2   0   0   0   2  10  10   0   0   2  0.88 0.50
  295 E     0  -1  -1   3  -5   0   5   2   0  -4  -4  -2  -3  -5  -3   0  -2  -5  -3  -2    6   2   1  15   0   2  38  17   2   1   1   1   0   0   0   8   2   0   1   4  0.59 0.35
  296 T    -1  -4   2  -3   1  -3  -4  -4  -4   3   3  -3   3  -1  -4  -2   0  -4  -3   1    6   0  15   0   4   0   0   0   0  23  27   0   7   2   0   3   7   0   0   6  0.43 0.28
  297 I    -3  -4  -5  -6  -4  -4  -5  -6  -3   4   3  -4   6  -1  -5  -3  -3  -4  -3   2    0   0   0   0   0   0   0   0   1  28  28   0  24   1   0   1   0   0   0  14  1.01 0.45
  298 T    -3   0  -3  -4  -3   0  -3  -4  -3   2   3   1   5  -2  -2  -2   0  -4  -2  -1    1   4   1   0   0   5   0   0   0  15  28  12  20   1   2   3   5   0   1   2  0.45 0.30
  299 F    -3  -5  -5  -6  -5  -5  -5  -5  -3  -2   3  -5   0   8  -6  -3  -2  -3   0  -3    2   0   0   0   0   0   0   1   0   1  27   0   2  60   0   2   3   0   1   0  1.48 0.56
  300 L    -4  -5  -6  -7  -4  -5  -6  -7  -6   0   6  -5   2   0  -6  -5  -4  -4  -4  -1    0   0   0   0   0   0   0   0   0   2  86   0   5   4   0   0   0   0   0   3  1.56 0.61
  301 Q    -5  -3  -4  -4  -7   9  -1  -6  -2  -7  -6  -2  -1  -7  -5  -3  -5  -6  -5  -6    0   0   0   0   0  95   2   0   0   0   0   1   1   0   0   1   0   0   0   0  2.68 0.98
  302 N    -1   1   6   0  -4  -1  -1  -2   4  -5  -5   0  -2  -5  -4   2  -1  -6  -4  -5    5   7  42   5   0   2   2   1   9   0   0   5   1   0   0  18   3   0   0   0  0.84 0.43
  303 P    -3  -4  -5  -5  -4  -4  -5  -4  -4   1   5  -4   0   1   2  -4  -3  -3   4  -1    1   0   0   0   0   0   0   1   0   6  57   0   1   4  11   1   1   0  15   1  0.88 0.43
  304 P    -5  -6  -4  -2  -7  -4  -5  -6  -6  -7  -7  -2  -6  -7   9  -3  -3  -7  -3  -6    0   0   1   2   0   0   0   0   0   0   0   2   0   0  91   1   1   0   1   0  2.82 0.88
  305 T    -2  -3  -3  -3  -2  -3  -2  -3  -4  -3  -3  -3  -3  -5   2   1   7  -5  -4  -3    1   1   0   1   1   0   3   2   0   1   1   1   0   0   9   8  70   0   0   1  1.31 0.58
  306 K     1   1   1   0  -1   2   0  -2   1  -2  -2   2  -1  -3  -2   1   0  -3  -2  -2   15   8   5   3   1  14   4   1   4   3   4  16   1   1   1   8   6   0   1   2  0.19 0.15
  307 D    -2  -1   3   3  -2   0   1   0   4  -2  -2   0  -2  -3  -3   0   0  -4  -2  -3    2   3  19  16   1   2  10   6  12   3   4   4   0   1   1   8   7   0   1   1  0.32 0.20
  308 W    -4  -2  -4  -5  -4  -4  -4  -4  -4  -4  -1  -4  -3  -2  -4  -4  -4  12  -1  -4    1   3   1   1   0   1   1   1   0   1   6   1   0   1   1   1   1  77   1   1  3.23 0.80
  309 T     0  -2   1   1  -1  -1   0   2  -1  -3  -3   0  -2  -3  -2   1   4  -3  -3  -2    5   1   5   7   1   2   4  19   2   1   1   6   1   1   1  12  30   0   1   2  0.35 0.21
  310 E    -2  -2   1   4  -4   0   4  -3   2   0  -2  -1  -3  -2  -1  -1  -1  -4  -2  -3    2   0   6  29   0   2  30   1   5   6   4   2   0   2   3   2   2   0   2   1  0.56 0.29
  311 T     0   1   0   1   1   2   2  -2   2  -2  -3   2  -2  -4  -1   1   1  -4  -3  -2    6   7   2   7   3  13  14   1   6   2   1  13   0   0   1  10   9   0   0   3  0.24 0.17
  312 D    -3  -3   0   6  -5   0   4  -4  -1  -5  -4  -1  -4  -5  -4  -2  -2  -1  -4  -5    2   0   4  50   0   4  29   0   1   0   2   2   0   0   0   1   3   1   0   0  1.17 0.48
  313 I    -3  -5  -6  -6  -2  -5  -6  -6  -6   6   2  -5   1  -1  -5  -5  -3  -5  -4   3    1   0   0   0   1   0   0   0   0  55  15   0   3   2   0   0   0   0   0  22  1.23 0.49
  314 E    -2  -1   1   1   0   1   5   0   1  -5  -4   0  -3  -5  -3   2  -2  -5  -4  -4    1   2   5   7   3   4  42   7   4   0   1   4   1   0   1  18   1   0   0   0  0.66 0.37
  315 M    -2  -2  -2  -1  -1  -1   0  -4   3   1   3  -3   5  -1  -1  -1   0  -4  -2   1    2   2   1   4   1   2   5   0   8   7  27   0  19   1   2   3   7   0   1   8  0.32 0.25
  316 L    -4  -5  -6  -6   1  -5  -6  -6  -5   3   5  -5   2   0  -5  -5  -3  -4  -1   2    0   0   0   0   3   0   0   0   0  14  64   0   4   3   0   0   0   0   2  11  1.08 0.46
  317 L    -4  -5  -6  -7  -4  -5  -6  -7  -6   2   6  -5   0   0  -6  -5  -2  -4  -2   1    0   0   0   0   0   0   0   0   0   8  80   0   1   3   0   0   2   0   1   6  1.37 0.55
  318 S     4  -3  -3  -3  -3   0  -2  -2   1  -4  -4  -1  -3  -4  -3   5  -1  -5  -1  -3   31   0   0   0   0   5   1   1   3   1   1   4   0   0   0  47   2   0   3   1  0.82 0.46
  319 E    -3   1  -1  -1  -5   3   5  -2  -2  -2  -3   2  -3  -5  -4  -1  -1  -5  -4   0    1   8   2   2   0  12  46   2   0   2   1  10   0   0   0   3   2   0   0   7  0.71 0.38
  320 A     7  -5  -5  -5  -4  -4  -3  -2  -5  -5  -3  -4  -4  -5  -4  -2  -3  -6  -5  -3   92   0   0   0   0   0   1   2   0   0   1   0   0   0   0   1   0   0   0   1  1.78 0.71
  321 F    -3  -3  -1  -4  -5  -3  -4  -6   0  -3  -1   0  -1   6  -6  -4  -4   0   7  -2    1   1   4   1   0   1   1   0   2   1   4   6   1  34   0   0   0   0  43   2  1.41 0.55
  322 I    -2   3  -3  -1  -3  -1   0  -3  -3   3   0   0   4  -2  -4  -1  -2  -4  -2   3    1  18   0   3   0   1   6   2   0  19   4   5  13   1   0   3   1   0   1  21  0.34 0.26
  323 W    -4  -5  -2  -6  -4  -4  -5  -6  -1  -2   4  -5   2   0  -6  -5  -4   9   3  -2    1   0   2   0   0   0   0   0   2   0  48   0   4   3   0   0   0  27  11   1  1.41 0.53
  324 Q    -3   2  -1  -2  -5   5   0  -3   2  -2  -4   4  -1  -4  -4  -1  -3  -5  -2  -3    0  11   2   1   0  29   5   1   6   3   0  33   2   1   0   4   0   0   1   1  0.78 0.40
  325 S    -1  -1   2   0  -1  -1   0  -1  -2  -3  -3   0  -2   3  -3   4   2  -2   1  -2    2   2   9   3   1   1   4   2   0   0   0   7   0  14   0  34  11   0   6   1  0.38 0.28
  326 L     1  -1  -4  -4  -3  -2  -4  -4   0   1   4  -3   4  -2  -4  -2   1  -4   0   1   13   3   0   0   0   1   0   0   2   6  40   0  15   0   0   2   9   0   3   7  0.47 0.29
  327 Y    -5  -3  -6  -6  -6  -5  -4  -6  -3  -4  -3  -6  -3   8  -7  -5  -5   4   6  -4    0   2   0   0   0   0   1   0   0   0   0   0   0  63   0   0   0   5  29   0  2.08 0.66
  328 K     3  -1   1   0  -3   1   1  -1   4  -3  -4   3  -3  -4  -2   0  -2  -4  -3  -3   31   1   7   3   0   6   9   3  12   1   0  20   0   0   1   6   0   0   0   0  0.42 0.25
  329 D    -2  -1   4   5  -5   0   0   1  -1  -5  -5  -2  -4  -5  -3   1  -2  -5  -2  -5    2   2  20  44   0   4   4  11   1   0   0   0   0   0   0  10   0   0   1   0  0.83 0.33
  330 A     5  -4  -3  -3  -3  -3  -3  -2  -4  -4  -4  -3  -3  -5  -3   4  -2  -5  -4  -3   66   0   0   0   0   0   0   0   0   0   0   0   0   0   0  34   0   0   0   0  1.18 0.46
  331 T     2  -2  -1  -2   1  -1  -1  -2  -2  -2  -2  -1  -2  -3  -2   3   4  -4  -3   0   16   0   0   0   3   0   0   0   0   0   0   0   0   0   0  38  37   0   0   7  0.47 0.13

                      K         Lambda
Standard Ungapped    0.1371     0.3229
Standard Gapped      0.0498     0.2670
PSI Ungapped         0.1622     0.3145
PSI Gapped           0.0498     0.2670
