
Last position-specific scoring matrix computed, weighted observed percentages rounded down, information per position, and relative weight of gapless real matches to pseudocounts
            A   R   N   D   C   Q   E   G   H   I   L   K   M   F   P   S   T   W   Y   V   A   R   N   D   C   Q   E   G   H   I   L   K   M   F   P   S   T   W   Y   V
    1 T     1  -2   2  -1  -2  -1  -1  -2  -2  -2  -3  -1  -2  -3  -2   3   5  -4  -3  -1    9   0   9   0   0   0   0   0   0   0   0   0   0   0   0  29  53   0   0   0  0.57 0.14
    2 R    -3   5  -3  -3  -6   2  -2  -4  -1  -5  -5   6  -4  -5  -4  -3  -3  -5  -4  -5    0  37   0   0   0   7   0   0   1   0   0  54   0   0   0   0   0   0   0   0  1.36 0.39
    3 I    -2  -3  -4  -4  -3  -3  -4  -5   2   5   1  -4   2  -1   0  -3  -1  -4  -1   3    2   1   0   0   0   0   0   0   6  37  12   0   5   1   5   1   3   0   2  26  0.57 0.22
    4 K    -2   2   1  -2  -2   1  -1  -3  -1  -3   1   4  -2  -3   2   0  -2  -4  -2  -3    0   8   8   1   1   6   1   0   1   0  20  36   0   0  10   6   1   0   1   0  0.43 0.22
    5 I    -2  -4  -5  -5  -3  -4  -5  -5  -5   3   4  -4   2  -2  -4  -4  -1  -4  -3   3    2   0   0   0   0   0   0   0   0  21  48   0   5   0   0   0   3   0   0  21  0.79 0.27
    6 T     1   4   0  -2  -3   0  -1  -2  -1  -2  -3   3   0  -3  -3   1   2   3  -2  -1   10  24   3   0   0   2   1   2   1   1   0  20   2   1   0  10  15   4   0   3  0.35 0.18
    7 E    -2  -2   0   5  -4   1   4  -3  -2  -4  -3  -1  -3  -4  -3   1   0  -5  -3  -3    1   1   2  34   0   7  28   0   0   0   2   2   0   0   0  14   6   0   1   1  0.70 0.27
    8 L    -3  -4  -5  -5  -3  -4  -5  -5  -4   3   4  -4   3   3  -5  -4  -3  -3  -2   2    0   0   0   0   0   0   0   0   0  14  52   0   6  15   0   0   0   0   0  13  0.84 0.28
    9 N    -1  -2   8  -2  -5  -3  -3  -3   2  -4  -6  -3  -5  -4  -5  -1  -1  -6  -1  -5    5   1  81   0   0   0   0   0   4   1   0   0   0   0   0   2   4   0   2   0  1.73 0.50
   10 P     0  -2  -2   2  -1   0   1  -1   0  -4  -5  -2  -4  -5   7  -1  -3  -5  -4  -4    7   1   1  11   2   5  10   3   2   1   0   2   0   0  51   5   0   0   0   0  1.11 0.32
   11 H    -2  -1  -1  -4   0  -1  -3  -4   8  -4   0  -3  -2   1  -5   0  -3  -3   5  -3    2   2   2   0   2   2   0   0  46   0   9   0   1   6   0   7   0   0  20   2  1.13 0.37
   12 L    -3  -5  -5  -5  -3  -4  -5  -6  -5   5   4  -5   0   1   0  -4  -2  -4  -3   0    0   0   0   0   0   0   0   0   0  45  39   0   1   6   5   0   2   0   0   2  0.89 0.31
   13 M    -2  -2  -3  -4   0  -2  -3  -1  -4   2  -1  -3   4  -3  -4   0   5   3  -3   1    1   2   0   0   2   1   0   4   0  15   3   1  12   0   0   4  41   5   0  10  0.54 0.27
   14 C    -1  -7  -6  -7  11  -6  -7  -6  -6  -5  -5  -6  -5  -6  -6  -4  -2  -6  -6  -4    5   0   0   0  93   0   0   0   0   0   0   0   0   0   0   0   2   0   0   0  3.42 0.71
   15 V     1   1  -1  -2  -1  -1  -2   0   1  -1  -2   0  -1  -1   0   1   0  -2   2   1   13   8   2   0   1   1   0   7   3   1   2   6   1   1   5  17   5   0  11  14  0.12 0.11
   16 L    -3  -4  -5  -6  -3  -4  -5  -1  -5   3   5  -5   0   0  -5  -4  -3  -4  -3   1    0   0   0   0   0   0   0   5   0  19  67   0   0   3   0   0   0   0   0   6  0.96 0.32
   17 C    -4  -7  -6  -7  11  -6  -7  -2  -6  -5  -5  -6  -5  -5  -6  -4  -4  -5  -2  -4    0   0   0   0  94   0   0   4   0   0   0   0   0   0   0   0   0   0   2   0  3.39 0.71
   18 G    -1   2   1  -1   0   1   0   3   1  -4  -3   3  -1  -4  -3   0  -2  -4  -3  -4    3  11   7   3   2   7   5  27   4   0   1  24   1   0   0   6   0   0   0   0  0.41 0.18
   19 G    -2  -4  -3  -4  -5  -4  -4   7  -4  -6  -6  -4  -5  -5  -4   0  -4  -5  -5  -5    0   0   0   0   0   0   0  90   0   0   0   0   0   0   0   5   0   0   0   0  1.90 0.47
   20 Y    -4  -4  -3  -5  -5  -4  -5  -5  -1  -2  -4  -4  -4   1  -5  -4  -4   3   9  -3    0   0   1   1   0   0   0   0   0   2   0   0   0   2   0   0   0   3  87   1  2.38 0.59
   21 F    -3  -4  -5  -5  -3  -1  -4  -5  -4   1   5  -4   2   4  -4  -4  -3  -2   1  -1    0   0   0   0   0   3   0   0   0   5  58   0   5  22   0   0   0   0   3   0  0.86 0.30
   22 I    -3   0  -4  -5  -3  -4  -4  -5  -1   6   0  -4  -1  -2  -4  -4  -3  -4  -1   3    0   7   0   0   0   0   0   0   2  63   4   0   0   0   0   0   0   0   2  19  1.00 0.34
   23 D    -3  -2   2   7  -5  -1   2  -3  -3  -5  -5   0  -2  -1  -3  -2  -3  -5  -4  -5    0   1   8  66   0   2   9   0   0   0   0   6   1   3   0   1   0   0   0   0  1.25 0.37
   24 A     6  -4  -4  -4  -3  -3  -3  -2  -4  -4  -4  -3  -3  -5   4  -1  -2  -5  -4  -3   74   0   0   0   0   0   0   0   0   0   0   0   0   0  20   1   2   0   0   0  1.27 0.42
   25 T     0  -3  -2  -3  -1  -3  -3  -4   1  -2  -3  -3  -1  -4   0   0   6  -4  -1   0    5   0   0   0   1   0   0   0   4   2   0   0   1   0   3   5  69   0   3   5  1.01 0.38
   26 T     0  -3  -2  -2  -3  -3  -3  -4  -4  -2  -3  -3  -3  -4  -3   0   7  -5  -4  -1    8   0   0   2   0   0   0   0   0   1   0   0   0   0   0   4  80   0   0   3  1.37 0.46
   27 I    -3  -4  -5  -5  -3  -4  -4  -5  -5   6   1  -4  -1  -2  -4  -2  -2  -4  -3   4    0   0   0   0   0   0   0   0   0  54  11   0   0   0   0   3   1   0   0  27  0.96 0.31
   28 I    -1  -1  -1   1  -3  -2  -2  -3  -3   1  -2  -2  -2  -3   0   0   5  -4  -3   3    2   3   1   8   0   1   0   1   0   8   1   0   0   0   4   5  42   0   0  22  0.49 0.24
   29 E    -2  -2   0   2  -5  -1   6  -3   3  -5  -5  -1  -4  -5  -4  -2  -3  -5  -1  -5    3   1   3   8   0   0  69   2   6   0   0   2   0   0   0   2   0   0   3   0  1.21 0.42
   30 C    -4  -6  -6  -7  12  -6  -7  -6  -6  -5  -5  -6  -5  -6  -6  -3  -4  -6  -6  -4    0   0   0   0  95   0   0   0   0   0   0   0   0   0   0   2   0   0   0   0  3.70 0.78
   31 L    -4  -4  -5  -5  -4  -2  -5  -4  -2   0   6  -4   4  -2  -5  -4  -3  -4   1  -1    0   0   0   0   0   2   0   1   1   3  74   0  10   0   0   1   0   0   5   1  1.10 0.38
   32 H    -5  -4  -3  -5  -6  -3  -4  -6  11  -7  -6  -4  -5  -5  -6  -5  -5  -6  -2  -7    0   0   0   0   0   0   0   0  97   0   0   0   0   0   0   0   0   0   0   0  3.54 0.82
   33 S    -1  -4  -3  -4  -2  -3  -3  -4  -4  -4  -4  -3  -4  -5  -2   5   6  -5  -3  -2    2   0   0   0   1   0   1   0   0   0   0   0   0   0   1  40  52   0   1   2  1.27 0.50
   34 F    -4  -4  -4  -5   3  -4  -4  -4  -3  -3  -2  -4  -3   8  -5  -1  -4  -2   3  -2    1   1   0   1   7   0   1   1   0   1   2   1   0  70   1   5   1   0   7   2  1.63 0.46
   35 C    -5  -8  -7  -8  12  -7  -8  -7  -7  -5  -5  -7  -6  -7  -7  -5  -1  -7  -7  -5    0   0   0   0  96   0   0   0   0   0   0   0   0   0   0   0   4   0   0   0  3.89 0.91
   36 K    -4   5  -3  -4  -6  -2   1  -5   1  -6  -5   6  -4  -6   2  -3  -4  -6  -5  -5    0  32   0   0   0   0   7   0   3   0   0  49   0   0   9   0   0   0   0   0  1.32 0.50
   37 T    -2  -3  -2  -3  -4  -3  -3  -1  -4  -5  -5   1  -3  -5  -1   6   2  -5   0  -3    0   0   1   1   0   0   0   4   0   0   0   8   1   0   3  66  13   0   4   1  1.10 0.50
   38 C    -5  -7  -6  -7  11  -7  -7  -7   3  -6  -6  -7  -6  -3  -2  -5  -5  -6  -6  -5    0   0   0   0  89   0   0   0   7   0   0   0   0   1   3   0   0   0   0   0  3.58 0.89
   39 I    -4  -6  -6  -6  -4  -5  -6  -6  -6   7   3  -5  -1  -3  -2  -5   0  -5  -4   0    0   0   0   0   0   0   0   0   0  63  25   0   0   0   3   0   7   0   0   3  1.30 0.47
   40 V    -3  -4   0  -5  -3  -3  -4  -5   3   2   2   0   0  -1  -5  -4  -2  -4   0   5    0   0   5   0   0   0   0   0   7   8  21   7   2   2   0   0   1   0   3  44  0.61 0.31
   41 R    -2   5  -1  -2  -5   1  -2  -4  -2  -5  -3   5  -2  -1  -2  -2   1  -5  -4  -4    3  34   2   1   0   4   0   0   1   0   3  36   1   4   1   2   9   0   0   0  0.84 0.37
   42 Y    -4  -1  -3  -5  -6  -2  -4  -6   9  -6  -5  -4  -5   0  -6  -4   0  -3   7  -5    1   3   1   0   0   1   0   0  51   0   0   0   0   3   0   0   7   0  34   0  2.09 0.65
   43 L    -1  -5  -5  -6  -4  -5  -5  -5  -5   0   5  -5  -1   4  -5  -3   1  -3  -2   0    7   0   0   0   0   0   0   0   0   4  54   0   0  21   0   1   9   0   0   3  0.88 0.37
   44 E     1   0  -1   1  -2   2   4  -3   4  -4  -2   0  -2  -2  -3   0  -2  -4   0  -3   11   3   1   6   1  10  33   1  11   0   5   5   0   2   0   5   2   0   3   1  0.45 0.25
   45 T    -1   1   1   0  -2  -1   1  -1   1  -3  -3   1  -3  -2  -3   2   3  -4   0  -2    2   8   8   5   1   2  11   5   3   0   2   6   0   1   0  14  27   0   4   2  0.30 0.23
   46 S    -2  -2   4   2   1  -2   0   0   3  -5  -5  -1   0  -3  -4   4  -1  -5  -1  -3    2   1  22   9   3   0   6   5   9   0   0   2   2   1   0  33   1   0   2   2  0.57 0.35
   47 K    -1   1   5   0   1   0  -2  -3   0  -3  -2   3  -3  -4  -1   0   1  -5  -2  -1    5   6  29   5   4   3   1   0   2   0   5  20   0   0   2   6   9   0   1   4  0.41 0.27
   48 Y    -1   1  -1  -1   0  -1  -2  -4   4  -2  -2  -1  -2   1  -4   2   2  -2   5  -2    3   7   2   4   3   3   1   0  11   3   2   2   0   5   0  15  14   0  23   3  0.42 0.28
   49 C     0  -7  -6   0  11  -7  -7  -6  -7  -6  -6  -7  -6  -7  -7  -5  -5  -7  -7  -5    6   0   0   7  87   0   0   0   0   0   0   0   0   0   0   0   0   0   0   0  3.46 0.98
   50 P     0   0  -6  -6  -7  -5  -5  -6  -6  -7  -7  -5  -6  -8   9  -5  -5  -8  -7  -6    7   6   0   0   0   0   0   0   0   0   0   0   0   0  87   0   0   0   0   0  2.74 0.86
   51 I    -2   0  -2  -1   3   1  -1  -1  -3   1  -1   3   2  -3  -3   0   1  -4  -3   2    0   5   1   2   6   5   3   4   0   7   5  21   6   0   0   5  11   0   0  16  0.21 0.20
   52 C    -5  -7  -7  -7  11  -6  -1  -7  -7  -6  -6   0  -6  -7  -7  -5  -5  -7  -7  -5    0   0   0   0  89   0   4   0   0   0   0   7   0   0   0   0   0   0   0   0  3.54 1.00
   53 D    -2   0   4   3  -4   1   1   1   0  -4  -4   2  -3  -4  -3   0  -2  -4  -4  -4    2   3  20  20   0   6   9  13   1   0   1  15   0   0   0   5   2   0   0   0  0.50 0.25
   54 V     0  -1   2  -2   0  -1   0  -2   0   2   0  -1   1  -1  -3   0   1  -3  -2   2    8   2  15   1   2   3   5   2   3  14   5   1   5   2   0   5   9   0   0  18  0.13 0.14
   55 Q    -1   0  -2   0  -3   3  -1  -3  -2  -1   1   0   1  -1   0   1  -1  -3   2   1    5   3   0   4   0  15   2   1   0   3  14   7   3   1   4  15   2   0   8  12  0.14 0.16
   56 V    -1  -2  -2  -4  -3  -3  -4   0  -4   4   2  -3   2  -2  -4  -3   1  -4  -3   3    3   3   2   0   0   0   1   7   0  28  17   0   5   0   0   1   8   0   0  24  0.45 0.24
   57 H    -2   0   2  -3  -4   0  -2   1   8  -2  -2  -1  -3  -2  -3  -1   1  -4  -1  -4    2   5   8   1   0   4   1  12  41   2   5   3   0   2   1   3   9   0   1   1  0.86 0.37
   58 K    -2   0   0  -2  -4   3   3  -2   0  -3  -4   4  -3  -4   1   0   1  -4  -2  -1    2   4   4   0   0  12  18   3   2   0   1  26   0   0   6   6  11   0   1   5  0.41 0.25
   59 T     1  -3  -2  -3   0  -1   0  -2  -1  -2  -3   0  -3  -4   1   3   5  -4  -3  -2   10   0   1   0   2   3   5   2   2   2   1   6   0   0   6  21  37   0   0   2  0.54 0.32
   60 R    -2   2   2   0  -2   1  -1  -2   3   0  -2   2  -3  -3  -1   0  -2   4   0  -3    1  11  14   4   1   8   1   2   9   9   2  16   0   0   3   9   1   6   3   0  0.31 0.23
   61 P    -4   0  -1  -4  -6  -4  -2  -5  -5  -3  -2   1   0  -6   7   0  -1  -6  -5  -5    0   5   3   0   0   0   2   0   0   1   3  10   2   0  63   6   4   0   0   0  1.60 0.58
   62 L    -2  -1  -2  -2   0  -1   1  -2   2   1   3   2   0   1  -3  -1  -1   0  -1   0    1   1   0   2   2   2  10   3   5   8  30  14   2   5   0   3   3   1   2   5  0.16 0.15
   63 L    -1  -1   0   1   0   1   1   0   0   1   1  -1   0  -1  -1   0   0  -2   1   0    4   1   4   8   3   7  11   6   3  10  16   2   1   1   2   8   3   0   5   4  0.04 0.08
   64 N    -1  -2   5  -3   1   0  -2  -3   0  -4  -3   0   1   1  -4   0   0   4   3  -1    4   1  30   0   3   4   2   1   2   0   1   7   3   5   0   7   6   6  12   5  0.49 0.31
   65 I    -3  -2  -5  -5   0  -4  -5  -5  -5   5   4  -4   1  -1  -5   0   0  -4  -3   1    0   2   0   0   2   0   0   0   0  31  38   0   3   2   0   9   4   0   0   7  0.72 0.36
   66 R    -2   6   1  -4  -5  -2  -3  -1  -3  -1  -2   3  -1  -5  -4   0  -2  -5  -4  -2    3  49   7   0   0   1   0   5   0   3   3  16   1   0   0   6   1   0   0   4  0.89 0.43
   67 S     1  -1  -3  -3  -4  -1  -2  -4   4  -3   1  -3  -1   2   3   3  -1  -4   0  -2   11   3   0   0   0   3   1   0  11   0  14   0   1   8  15  25   3   0   3   1  0.42 0.31
   68 D    -6  -6  -3   9  -8  -4  -2  -5  -5  -7  -8  -5  -7  -8  -6  -4  -2  -9  -7  -7    0   0   0  98   0   0   0   0   0   0   0   0   0   0   0   0   2   0   0   0  2.82 0.89
   69 K    -3   5   2   0  -5   1   1  -3   1  -3  -4   3  -3  -5  -1  -1  -1  -5  -2  -2    1  32   9   6   0   6   6   1   3   1   0  20   0   0   3   4   3   0   2   3  0.58 0.31
   70 T     0  -4  -3  -4  -4   0  -4  -3  -2  -1  -2  -1  -1  -5  -1  -2   6  -6  -5   1    9   0   0   0   0   5   0   1   1   3   4   4   1   0   2   1  60   0   0   9  0.99 0.50
   71 L    -4  -5  -6  -7  -4  -5  -6  -7  -6   1   5  -4   7  -3  -6  -5  -3  -5  -4  -1    0   0   0   0   0   0   0   0   0   7  62   1  25   0   0   0   1   0   0   3  1.42 0.56
   72 Q    -5   2  -1  -4  -1   8   2  -6   0  -7  -6  -2  -4  -7  -3  -4  -5  -6  -5  -6    0   8   2   0   1  73  12   0   2   0   0   0   0   0   1   0   0   0   0   0  1.97 0.76
   73 D     0   0   2   6  -5  -1   2  -2  -3  -5  -5  -2  -2  -3  -4   0  -1  -6  -5  -5   10   5  11  45   0   2  13   2   0   0   0   0   1   1   0   6   3   0   0   0  0.83 0.35
   74 I    -4  -6  -6  -6  -4  -5  -6  -7  -6   7   3  -5   0  -3  -6  -5  -4  -5  -4   2    0   0   0   0   0   0   0   0   0  61  30   0   1   0   0   0   0   0   0   8  1.41 0.48
   75 V    -3  -6  -6  -6  -2  -5  -6  -6  -6   3   0  -5  -1  -4  -6  -5  -3  -6  -4   7    0   0   0   0   1   0   0   0   0  17   6   0   1   0   0   0   0   0   0  75  1.55 0.53
   76 Y    -5  -3   0   0  -1  -5  -3  -6  -1  -5  -4  -4  -4   3  -6  -5  -5  -2   9  -5    0   1   4   7   2   0   1   0   1   0   1   1   0  12   0   0   0   0  71   0  2.04 0.65
   77 K    -3   1  -3  -4  -1   0  -1  -4  -4  -6  -3   7  -4  -6  -4  -3  -3  -6  -5  -5    1   6   0   0   2   2   2   1   0   0   3  82   0   0   0   1   1   0   0   0  1.70 0.60
   78 L    -2  -5  -6  -6  -4  -5  -5  -6  -5   2   5  -5   4   0  -5  -3  -4  -4  -3   1    2   0   0   0   0   0   0   0   0   8  68   0  11   2   0   1   0   0   0   8  1.13 0.42
   79 V    -3  -6  -6  -6  -4  -5  -6  -6  -6   1   0  -5   0   2  -6  -5  -3   0  -3   7    0   0   0   0   0   0   0   0   0   5   8   0   1  10   0   0   0   2   0  75  1.42 0.51
   80 P    -3  -6  -6  -5  -7  -5  -5  -6  -6  -4  -7  -5  -6  -8   9  -3  -5  -8  -7  -4    2   0   0   0   0   0   0   0   0   1   0   0   0   0  94   2   0   0   0   1  3.02 0.81
   81 G    -2  -2   2   1  -5  -2   0   5   1  -6  -6   0  -5  -3  -4  -1  -2   0  -2  -5    0   2  12   7   0   1   5  55   4   0   0   6   0   1   0   3   1   2   1   0  0.90 0.35
   82 L    -4  -5  -6  -7  -1  -5  -6  -7  -6   1   6  -5   1   1  -6  -5  -4  -4  -4   1    0   0   0   0   1   0   0   0   0   4  81   0   3   4   0   0   0   0   0   7  1.38 0.48
   83 F    -1   1  -3  -1  -4   3   2  -4   0  -2   0   0   1   3  -4  -3  -3   1   5  -3    5   6   0   2   0  15  13   0   1   1   7   6   3  16   0   0   0   1  23   0  0.51 0.28
   84 K    -2   1  -1   0  -5   4   5  -4   2  -4  -3   2  -2  -4  -2  -1   0   0  -3  -4    2   6   1   3   0  18  37   0   5   0   1  14   1   1   1   2   5   1   0   0  0.66 0.32
   85 N     0   2   3   2  -4   2   1  -2   0  -4  -3   2  -2  -4  -2   1  -1  -2  -3  -2    8  12  19  11   0   9   8   2   1   0   1  14   1   0   1   9   2   0   0   2  0.36 0.20
   86 E    -3  -4  -1   1  -7  -2   7  -5  -4  -6  -6  -3  -5  -7  -5  -4  -4  -6  -6  -3    1   0   2   7   0   0  87   0   0   0   0   0   0   0   0   0   0   0   0   2  1.98 0.67
   87 M    -1   1  -1  -3   2   1   0  -4  -2   0   2   1   6  -3  -4  -3  -2  -2  -2  -1    4   8   3   0   5   7   6   0   1   5  19   9  28   0   0   0   1   1   1   2  0.46 0.28
   88 K    -1   3   1   1  -5   2   2  -3  -1  -1  -2   4  -2  -3  -3  -1  -2  -5  -2  -3    6  15   6   6   0  11  15   0   1   4   3  27   1   1   0   3   1   0   1   1  0.43 0.24
   89 R    -2   6  -1   0   1   2  -1  -3  -3  -5  -1   2  -3  -5  -5  -2  -3  -5  -3  -3    2  56   2   4   3   9   2   2   0   0   6  10   0   0   0   2   0   0   0   1  1.01 0.42
   90 R    -3   6  -3  -3  -6   1   4  -4  -2  -2  -1   1   1  -2  -4  -3  -3  -5  -4  -3    1  43   0   0   0   6  28   1   1   3   6   5   3   2   0   0   0   0   0   1  0.92 0.41
   91 R     0   5  -1  -1  -1   0   1  -3   0  -1  -2   3  -2  -4  -4  -1  -2  -5  -3  -2    9  39   1   4   2   3   7   1   2   4   3  15   1   0   0   5   1   0   1   2  0.54 0.28
   92 D     0  -1   0   4  -2   1   5  -4   2  -5  -3   0  -4  -5  -4  -1  -2  -5  -4  -3    7   2   4  21   1   6  41   0   5   0   3   4   0   0   0   2   2   0   0   1  0.75 0.35
   93 F    -6  -4  -7  -8  -6  -7  -7  -7  -5  -4  -3  -7  -4   9  -8  -6  -6   1   1  -5    0   1   0   0   0   0   0   0   0   0   0   0   0  95   0   0   0   2   2   0  2.94 0.81
   94 Y    -2  -3  -3  -6  -6  -4  -1  -6   1  -5  -5  -3  -4   0  -6  -3  -3   5   9  -3    4   1   1   0   0   0   4   0   3   0   0   2   0   2   0   1   1   8  71   2  2.01 0.63
   95 A     2   2  -2  -1  -4   2   2  -2   0  -3  -4   4  -3  -5  -3   0  -1  -5  -4  -2   21  11   0   3   0   8  14   2   2   1   0  31   0   0   0   5   2   0   0   2  0.50 0.26
   96 A     1   0  -1  -1  -4   2   2  -3   0  -3  -2   3  -3  -4  -3   2  -1  -4  -3  -3   11   2   1   1   0  11  16   0   2   1   4  25   0   0   0  22   2   0   0   0  0.44 0.24
   97 H    -4  -3   5  -3  -5  -2  -3  -4   9  -5  -5  -3  -4  -2  -4  -3  -3  -3   5  -5    0   0  29   0   0   0   0   0  53   0   0   0   0   0   0   0   0   0  18   0  1.64 0.41

                      K         Lambda
Standard Ungapped    0.1433     0.3303
Standard Gapped      0.0588     0.2670
PSI Ungapped         0.1928     0.3170
PSI Gapped           0.0588     0.2670
