
Last position-specific scoring matrix computed, weighted observed percentages rounded down, information per position, and relative weight of gapless real matches to pseudocounts
            A   R   N   D   C   Q   E   G   H   I   L   K   M   F   P   S   T   W   Y   V   A   R   N   D   C   Q   E   G   H   I   L   K   M   F   P   S   T   W   Y   V
    1 K    -2   4  -1  -1  -4   1   2  -3  -1  -4  -3   5  -2  -4  -2  -1  -2  -4  -3  -3    0  21   0   0   0   0  16   0   0   0   0  63   0   0   0   0   0   0   0   0  0.74 0.15
    2 T     0   0   2  -1  -2  -1   2  -2  -2  -1  -2  -1  -1  -3  -2   1   4  -4  -3   1    7   4  13   0   0   0  18   0   0   0   0   0   1   0   0   9  35   0   0  14  0.32 0.16
    3 W    -3  -1  -3   0   0   0  -3  -4  -2  -2   0  -3   3   3  -4  -1   0   8   3  -2    0   3   0   6   3   4   0   0   0   0   9   0  12  12   0   6   5  26  13   0  0.74 0.25
    4 E     0   1  -1   2  -4   0   4   3  -2  -4  -4   0  -3  -4  -3   0   0  -4  -4  -4    8   6   0  12   0   2  37  21   0   0   0   4   0   0   0   5   4   0   0   0  0.52 0.23
    5 L    -3  -4  -5  -5   2  -3  -1  -5  -1   0   5  -2   0  -2  -5  -3  -3  -4  -1   0    0   0   0   0   6   0   4   0   2   2  73   3   1   0   0   2   0   0   2   6  0.83 0.35
    6 S    -1  -1   3   0  -3  -2  -1  -1  -3  -4  -4   0  -3  -4  -3   4   4  -5  -4  -3    3   2  16   4   0   0   3   2   0   0   0   4   0   0   0  34  32   0   0   0  0.66 0.33
    7 L     0  -3  -3  -2  -3  -2  -1  -2  -3   1   3  -1   0   0   1   0  -2  -3  -2   2    9   0   0   1   0   0   6   1   0   9  38   3   0   3   6  11   0   0   0  13  0.25 0.18
    8 Y    -4  -4  -4   1   1   0  -3  -5   2  -4  -4  -4  -4   3   1  -3  -4  -1   8  -4    0   0   0   8   3   5   1   0   5   0   0   0   0  12   6   1   0   0  59   0  1.42 0.51
    9 E    -3  -3   1   5  -6   0   6  -4  -3  -6  -6   0  -5  -6  -4   0  -1  -6  -5  -5    0   0   5  30   0   2  52   0   0   0   0   4   0   0   0   6   2   0   0   0  1.17 0.45
   10 L     0   1  -1  -3  -2  -1  -1  -1  -3   2   2  -1   2  -1  -1   0   0  -3  -2   1    6   9   2   0   0   2   3   5   0  13  23   2   6   2   3  10   4   0   0   9  0.11 0.11
   11 Q    -1   1  -1   0   0   3   0  -2   3  -1  -1   1  -2   0  -1   0   0  -3   1   0    5   6   1   5   2  16   4   2   9   3   5  11   0   4   2   5   4   0   7   6  0.11 0.13
   12 R    -2   7  -3  -1   1  -2   0  -2  -3  -5  -4  -1  -4  -5  -3   0  -2  -1  -4  -5    2  66   0   3   3   0   6   3   0   0   1   0   0   0   1   8   2   1   0   0  1.17 0.52
   13 T     1   0   2  -1  -3   2   1  -2  -2  -1  -2   0  -2  -4   0   2   2  -4  -3  -1    9   3  10   1   0  12   9   2   0   4   2   6   0   0   4  16  17   0   0   5  0.24 0.19
   14 P    -4   0  -5  -4   0  -3   0  -5  -5  -2  -4  -1  -5  -6   8   0  -1  -7  -6  -2    0   5   0   0   2   1   5   0   0   3   1   4   0   0  68   6   3   0   0   3  1.71 0.59
   15 Q    -1   4  -2  -2  -4   3   0  -2   4  -1  -2  -1  -2  -4  -4   1  -1  -4   1  -2    4  28   0   1   0  16   4   2  10   5   2   1   1   0   0  14   3   0   6   1  0.46 0.31
   16 E    -1   2   0   1  -4   1   3  -1   0  -4  -4   1  -1  -5   2   1   1  -2  -4  -4    3  10   4   8   0   4  20   3   2   0   0   9   2   0  11  14  10   1   0   0  0.37 0.23
   17 A     2  -2  -1  -2  -2   0  -1  -1  -3   0   0  -2   0  -3   2   1   0  -4  -3   2   23   1   3   1   1   4   3   5   0   5   8   0   2   0  12  12   5   0   0  16  0.22 0.18
   18 I     0  -1  -1   1  -2   0  -1  -2  -3   3   1   0   1  -2  -1  -1   0  -4  -3   2    7   3   2   9   0   4   2   3   0  23  11   6   3   0   2   3   7   0   0  15  0.14 0.14
   19 T     0  -1  -2   1  -2  -2   0  -2  -1  -3  -2  -1   3  -1   3   2   3  -4  -2  -2    6   3   0   9   1   0   5   3   1   1   2   2  10   3  14  17  22   0   1   1  0.35 0.27
   20 D    -1   0   2   5  -2  -1   1   1  -3  -5  -5  -1  -2  -5  -1   0  -1  -5  -4  -4    5   6   9  41   1   1   8  12   0   0   0   3   1   0   3   7   3   0   0   0  0.66 0.32
   21 G     0  -2   2   2  -3   1   0   3  -1  -2  -3   0  -2  -4  -2   1   0  -4  -3  -1    7   1  12  10   0   5   6  22   1   2   0   7   1   0   1  14   4   0   0   7  0.29 0.19
   22 L     0   1  -1  -1  -3   0   1  -3   1  -1   2  -1   3  -2  -2   0   1  -4  -3  -1    6  10   2   4   0   3  10   1   4   3  19   2  12   1   2   6  12   0   0   3  0.17 0.17
   23 E    -1   0  -2   2  -4   0   4  -3  -1  -2  -3  -1   0  -2  -1   0   2  -4  -2   0    5   4   0   9   0   2  37   1   1   2   2   2   2   1   3   7  12   0   1   9  0.42 0.28
   24 I     0   0  -3  -3  -1  -3  -2  -4  -4   3   1  -1   1   0  -3  -1   2  -4  -3   3    9   6   1   1   1   0   2   0   0  23   9   2   3   4   1   4  13   0   0  21  0.30 0.21
   25 V     1   2  -2   0   0  -1   0  -3  -3  -2  -2   2   1  -3  -1   1   2  -4  -1   0   15  10   0   6   3   1   6   0   0   0   3  14   4   1   2  11  12   0   2   9  0.19 0.18
   26 V     1  -3  -2  -3  -3  -3  -4  -2  -2   2   1  -2   1  -1  -4  -2   0  -4  -2   4   15   1   2   1   0   1   0   3   1  12  15   2   3   2   0   1   5   0   1  35  0.43 0.26
   27 S     0   1   0   0  -3   0  -1  -1   0  -4  -2   3  -2  -5   3   3  -2  -5  -2  -3    5   7   4   6   0   3   3   5   3   0   5  18   0   0  16  23   1   0   1   1  0.39 0.26
   28 P    -1   2  -3  -3  -3  -1  -1  -3  -2   1   3  -2   1  -1   3  -1  -1  -2  -2   0    3  11   1   1   0   1   4   1   1   9  29   2   3   2  17   3   4   1   1   6  0.30 0.20
   29 R     1   2   0   0  -4   1   3  -1  -1  -3  -3   1  -2  -3   2   1   1  -2  -3  -3   10  11   3   4   0   6  19   4   1   1   1   8   1   1   9  10   8   1   0   1  0.26 0.18
   30 S     0  -1   0   2  -3   0   1  -1  -2  -2  -1   1   1  -1  -2   2   1   0  -1  -1    6   1   3  15   0   3  11   3   0   1   6  10   5   2   1  20   7   1   3   3  0.17 0.15
   31 L    -3  -4  -5  -5  -4  -4  -3  -6  -5   3   5  -4   4  -1  -2  -3  -1  -4  -3   1    1   0   0   0   0   0   2   0   0  18  53   0  10   1   2   1   3   0   0   8  0.88 0.37
   32 H    -1   2   2  -1  -1   3   1  -2   4  -1  -3   0  -2  -3  -3  -1  -2   5  -1  -1    6  13  10   3   2  15   8   3  10   5   1   4   0   1   0   3   2   9   2   3  0.33 0.22
   33 S     1   0  -1   2  -2   0   3  -1  -1  -3  -2   1  -3  -4   0   1  -1  -4  -2  -2   14   4   2  11   1   2  23   5   1   1   4  10   0   0   5  13   2   0   1   2  0.26 0.18
   34 E    -3  -2  -1   3   4  -1   5  -4   3  -3  -4  -2  -3  -5  -1   0  -2  -5  -3  -5    1   1   2  13  10   1  49   0   9   1   1   0   1   0   3   5   2   0   1   0  0.91 0.42
   35 L    -1  -4  -5  -5  -3  -4  -5  -5  -4   2   3  -4   3   3  -5  -3  -1  -3  -1   2    4   0   0   0   0   0   0   0   0  11  37   0  10  15   0   1   4   0   1  17  0.65 0.29
   36 M    -2   0  -1  -2  -1   2  -1  -3  -1   0  -2  -1   4  -3  -3   1   4  -4   0  -1    1   4   2   2   1  10   3   1   1   7   2   3  13   0   0  12  32   0   4   3  0.38 0.27
   37 C    -4  -1  -7  -7  11  -7  -7  -7  -7  -5  -5  -7  -5   0  -7  -5  -5  -6  -6  -5    0   5   0   0  91   0   0   0   0   0   0   0   0   4   0   0   0   0   0   0  3.58 0.90
   38 P     0  -4  -4  -1  -2  -3  -4  -3  -2  -4  -2  -3  -4  -5   7   1  -3  -6  -2  -3    6   1   0   3   1   1   0   1   1   1   5   1   0   0  64  11   1   0   2   1  1.56 0.52
   39 I    -4  -6  -6  -6  -4  -5  -6  -6  -6   7   2  -5  -1  -3  -6  -5  -3  -5  -4   3    0   0   0   0   0   0   0   0   0  61  18   0   0   0   0   0   0   0   0  21  1.38 0.50
   40 C    -4  -2  -7  -8  11  -7  -8  -7  -7  -5  -5  -7  -5  -6  -7  -5  -5  -6   0  -5    0   3   0   0  93   0   0   0   0   0   0   0   0   0   0   0   0   0   4   0  3.69 1.01
   41 L    -2  -1  -1  -2  -1   1  -2  -3   0  -1   4  -1   2  -1  -4  -1  -2   2  -2  -1    1   3   3   2   1   7   1   1   3   1  55   4   6   2   0   4   1   3   1   1  0.50 0.34
   42 D    -2  -2   0   4   0   0   3   3  -1  -5  -5   0  -3  -5  -3   0  -2  -5  -3  -5    0   1   3  30   2   2  23  24   1   0   0   4   1   0   0   7   1   0   1   0  0.69 0.35
   43 M    -2  -4  -4  -3  -3  -3  -4  -3  -3   3   2  -4   2   1   1  -3   0  -3   3   2    1   0   0   1   0   0   0   1   0  24  23   0   7   5   8   1   5   0  12  12  0.43 0.26
   44 L    -2  -4  -5  -5  -1  -4  -5  -5  -4   3   3  -4   3   4  -5  -3  -2  -3   1   0    2   0   0   0   1   0   0   0   0  20  36   0   8  21   0   2   1   0   4   5  0.69 0.33
   45 K    -1   3  -1  -1  -2   3   0  -2   0  -1  -3   4  -2  -4  -3  -1   0  -4  -3   0    3  19   2   2   1  13   3   2   3   4   1  31   1   0   0   2   5   0   0   9  0.42 0.27
   46 N    -2  -1   3   4  -5   1   3  -2   0  -4  -4   1  -2  -5  -3  -1   0  -5  -4  -3    3   2  18  25   0   6  21   2   2   0   0  11   1   0   0   3   5   0   0   1  0.59 0.31
   47 T     2  -2  -3  -4   2  -3  -2  -4  -4  -4  -4  -3  -4  -5   6   0   3  -5  -5  -2   19   1   0   0   4   0   1   0   0   0   0   0   0   0  42   6  24   0   0   2  1.11 0.49
   48 M    -1   1  -3  -4  -3  -1  -3  -2   2   0  -1  -1   3  -1  -3  -2   2  -3   0   4    2   7   0   0   0   2   0   2   7   3   3   3  11   3   0   0  16   0   2  35  0.33 0.31
   49 T     0   0   0  -1   0   0  -2  -1  -3   0  -1  -2   2  -3  -3   1   4  -4  -1   1    6   6   3   3   2   4   0   3   0   4   4   0   6   0   0   9  34   0   2  14  0.27 0.26
   50 T    -1  -3   0  -4  -3  -3  -3  -4  -4   4   0  -1   0   0  -4   0   3  -4  -3   2    3   0   5   0   0   0   0   0   0  34   5   3   2   3   0   5  24   0   0  17  0.50 0.34
   51 K     0   1  -2  -2   2  -1  -1  -2  -2   0   0   2   2  -2   0   1   1  -3  -2   0    8   8   1   1   4   1   1   1   0   7   7  19   7   1   5  10  11   0   1   7  0.15 0.15
   52 E     0  -2   1   2  -3   0   3   0   1  -1  -1   0   0  -3   0   0   0  -4  -3  -1    9   0   5  11   0   3  26   6   3   4   6   4   3   0   5   5   4   0   0   4  0.20 0.17
   53 C    -4  -2  -5  -5  11  -5  -5  -5  -5  -4  -4  -5  -4  -5  -5  -2  -4  -5   0  -4    1   3   1   1  81   1   1   1   0   1   1   1   0   0   1   3   1   0   3   1  3.01 0.77
   54 L    -2  -3  -2   0  -2   0  -3   4  -3   0   3  -3   1  -2  -3  -2  -3  -3  -3  -2    2   1   2   5   1   4   1  31   0   4  38   1   3   1   1   3   1   0   0   1  0.49 0.26
   55 H    -4  -1  -3  -4  -5   0  -3  -4  11  -5  -5  -4  -4  -4  -4  -1  -4  -5  -2  -5    1   3   1   1   0   3   1   1  80   1   1   1   0   0   1   4   1   0   0   1  2.74 0.75
   56 R    -2   4   2  -2   1  -1  -2  -2   2  -1  -3   0  -2  -2  -3   2   1  -4  -3   1    1  25  12   1   4   2   1   1   6   4   1   3   0   1   1  17   9   0   0  11  0.37 0.23
   57 F    -4  -5  -5  -5  -5  -5  -5  -5  -4  -3  -3  -5  -3   9  -5  -5  -4  -2   2  -4    1   1   1   1   0   1   1   1   0   1   1   1   0  85   1   1   1   0   4   1  2.41 0.67
   58 C    -4  -5  -5  -5  11  -5  -5  -5  -5  -4  -4  -5  -4  -5  -5  -1  -4  -5  -5  -4    1   1   1   1  84   1   1   1   0   1   1   1   0   0   1   5   1   0   0   1  3.23 0.80
   59 A     1   4   0  -1  -3   2   0  -1   0  -3  -2   2   0  -3  -3   1  -2  -3  -1  -3   10  30   3   3   0   9   5   3   2   1   3  12   3   0   1   9   1   0   2   1  0.38 0.22
   60 D     1  -1   1   2  -3   0   3   0  -1  -2  -2   1  -1   0  -2   1   0  -3  -2  -1   10   1   5  10   0   3  20   7   1   1   2  10   1   5   1  11   3   0   0   4  0.16 0.13
   61 C    -4  -5  -5  -5  11  -5  -5  -5  -5  -4  -4  -5  -4  -5  -5  -4  -4   2  -5  -4    1   1   1   1  86   1   1   1   0   1   1   1   0   0   1   1   1   3   0   1  3.36 0.82
   62 I    -3  -4  -2  -4  -3  -4  -4  -5  -4   7   0  -4   2   0  -4  -4   0  -4   0   0    1   1   3   1   0   1   1   1   0  65   6   1   4   4   1   1   6   0   3   2  1.12 0.41
   63 I    -1  -2  -1   1  -1   0   0  -3  -1   2   1  -1   1  -1  -2   0   1  -2   1   1    3   1   2   7   1   4   8   1   1  16  13   3   4   2   1   9  11   0   5   9  0.09 0.09
   64 T    -1   1   0   0  -3   2   1  -3  -1   0  -2   3  -1  -3  -2   0   3  -1  -3  -1    3   5   3   4   0  12  10   1   1   6   3  19   1   1   1   4  22   1   0   3  0.31 0.20
   65 A     2  -2  -2  -2   5  -2  -2  -2   2  -1  -1   0  -2  -1  -2   1  -1   1   2   1   20   2   1   1  13   1   1   2   6   2   6   8   0   2   1  11   2   2   8  13  0.25 0.18
   66 L    -3  -3  -2  -3   1  -3  -3  -1  -2   2   4  -3   3   0  -3  -3  -3   6  -2   0    1   1   2   2   3   1   1   6   1  11  39   1   8   3   1   1   1  12   0   4  0.55 0.25
   67 R    -2   5  -1  -1  -2   0   1  -1   0  -3  -3   3  -1  -3  -2   0  -2   1  -3  -3    2  30   2   4   1   3   9   6   2   1   2  20   1   1   1   6   2   2   0   1  0.44 0.23
   68 S    -1   1   1   3  -3   1   2   0  -1  -2  -1   1  -2  -3  -3   2   0  -2  -3  -2    3   6   7  17   0   5  12   8   1   2   6   7   1   1   1  15   5   0   0   2  0.22 0.16
   69 G     0  -2   1  -1  -2  -2   0   5  -2  -2  -3  -1  -4  -4  -3   1  -1  -4  -2  -2    6   2   6   3   1   1   7  46   1   2   3   4   0   0   1  10   3   0   1   2  0.61 0.29
   70 N    -1   0   4   0  -4  -1   1   2   0  -3  -2   1  -1  -4  -1   1   0  -4  -3  -2    2   5  22   5   0   1   9  15   2   2   3  10   1   0   2   9   5   0   1   3  0.30 0.20
   71 K     0   1   1  -1  -1   0  -1  -1   1   0  -1   3   1  -1  -1   0   0   0   0  -1    8   6   9   3   1   2   1   4   3   5   6  23   5   3   3   7   5   1   3   3  0.11 0.12
   72 E    -2  -2  -1   0   0   1   5  -4   3  -3  -4   0  -3  -4  -1   2   0  -5  -1   0    2   1   2   5   2   5  37   1   7   1   1   6   0   0   3  14   5   0   2   7  0.54 0.35
   73 C    -1  -9  -8  -9  12  -8  -9  -8  -8  -7  -7  -8  -7  -8  -8  -6  -6  -8  -8  -6    4   0   0   0  96   0   0   0   0   0   0   0   0   0   0   0   0   0   0   0  4.30 1.20
   74 P    -6  -7  -7  -7  -8  -6  -6  -7  -7  -8  -4  -6  -7  -9   9  -6  -2  -9  -8  -7    0   0   0   0   0   0   0   0   0   0   2   0   0   0  95   0   3   0   0   0  3.25 1.05
   75 T    -1  -3  -3  -4   0   3  -1  -4  -2   0   1  -1   0  -3  -4  -1   4  -4   1   2    4   0   0   0   2  15   3   1   1   5  12   3   2   0   0   3  25   0   5  19  0.41 0.30
   76 C    -1  -9  -8  -9  12  -8  -9  -8  -8  -7  -7  -8  -7  -8  -8  -3  -6  -8  -8  -6    4   0   0   0  94   0   0   0   0   0   0   0   0   0   0   2   0   0   0   0  4.15 1.17
   77 R    -3   7   2  -1  -5   0  -2  -3  -1  -5  -5   2  -4  -5  -4  -2  -4   3  -3  -4    1  57   9   3   0   3   1   2   1   0   1  10   0   0   0   2   1   4   1   1  1.24 0.49
   78 K     0   0  -1  -2  -1   3   0  -1   1   1  -2   4  -2  -3  -3  -1   1  -4  -3   0    6   3   1   1   1  13   5   4   3   9   2  29   1   1   0   2  11   0   0   6  0.34 0.24
   79 K    -3  -1   0   1  -3   1   0  -3   5  -3  -4   4  -1  -3   1   0   0  -4   0  -2    1   2   5   7   1   6   4   1  14   1   1  29   2   1   8   6   6   0   3   3  0.48 0.28
   80 L    -3  -5  -5  -6   3  -5  -5  -5  -5   2   4  -3   0   3  -4  -3  -2  -2  -2   3    1   0   0   0   6   0   0   1   0  12  36   2   2  13   1   1   2   0   1  23  0.72 0.34
   81 V     1  -3  -2   0  -3  -1  -2  -1   1   0   0  -2  -1   0   3  -1   1  -3   0   2   11   1   1   5   0   3   1   6   5   5   8   1   1   4  15   3   8   0   3  19  0.19 0.14
   82 S    -2   0  -1  -3  -3   2  -1  -3  -3  -4  -2   0  -2  -5   3   5   2  -5  -3  -3    0   4   2   1   0  10   3   1   0   0   5   6   1   0  12  41  11   0   1   1  0.63 0.38
   83 K    -3   4  -2  -4  -5   1   0  -3  -2  -3   0   5  -3  -5  -4  -1  -1  -5  -4  -2    1  20   1   0   0   4   7   1   1   1  10  43   0   0   0   3   4   0   0   3  0.82 0.42
   84 R    -3   7  -1  -2  -6   1   2  -2  -1  -6  -4  -1  -5  -6  -1  -3  -2   1  -5  -5    1  57   2   2   0   6  14   3   2   0   2   2   0   0   4   1   2   2   0   0  1.22 0.54
   85 S    -1  -1   3   0  -3  -1   0  -3   1  -4  -2   1  -2  -3  -1   4   0  -5  -3  -2    2   3  16   4   0   2   5   1   3   0   4   8   1   1   3  40   3   0   1   3  0.52 0.35
   86 L    -3  -6  -7  -7  -2  -6  -5  -7  -6   1   6  -6  -2   1  -2  -4  -3  -5  -3  -2    2   0   0   0   1   0   1   0   0   5  78   0   0   6   2   1   1   0   1   2  1.44 0.59
   87 R     0   7  -4  -4   0   1  -3  -5  -2  -3  -5   1  -5  -4  -6  -3  -5  -6  -1  -4    7  66   0   1   2   6   1   1   1   2   1   7   0   1   0   1   0   0   2   1  1.49 0.66
   88 P     1   0  -2   0  -6  -2  -1  -5   0  -6  -5  -1  -5  -5   7   0  -2  -7  -3  -4   12   5   1   4   0   1   4   0   2   0   1   4   0   1  53   7   2   0   1   1  1.26 0.55
   89 D    -4  -5   6   7  -7  -3   0  -5  -4  -7  -6  -3  -6  -7  -5  -1  -4  -8  -6  -3    1   0  34  52   0   1   4   0   0   0   1   1   0   0   0   4   0   0   0   2  1.70 0.68
   90 P    -3   4  -3  -4  -6  -2  -3  -5   3  -3  -3   0  -4  -1   5  -2   0   5  -1  -3    2  23   1   0   0   1   1   0   7   1   3   6   0   3  32   2   5   8   1   2  0.91 0.45
   91 N    -1   0   5   0  -5   4  -1  -2   2  -2  -2   1   0  -5  -3  -1   0  -5  -4  -2    6   4  27   4   0  21   2   3   6   2   4   7   2   0   1   2   6   0   0   2  0.51 0.33
   92 F    -5  -6  -7  -7  -5  -6  -6  -7  -5   0   4  -6   2   6  -7  -3  -5   0   1  -1    0   0   0   0   0   0   0   0   0   5  46   0   5  35   0   2   0   1   4   3  1.32 0.54
   93 D     2  -1  -1   6  -6   3  -1  -2  -3  -6  -6   0  -1  -6  -5  -2  -3  -7  -6  -4   19   3   1  46   0  15   2   3   0   0   0   5   1   0   0   2   0   0   0   1  1.04 0.51
   94 A     3   1   5   2  -4   1  -1  -2  -3  -5  -4   0  -4  -5  -4   0  -1  -6  -3  -3   27   7  28  12   0   5   3   2   0   0   1   5   0   0   0   7   2   0   1   1  0.62 0.37
   95 L    -4  -6  -6  -7  -4  -5  -6  -7  -6   5   5  -6   4   0  -6  -5  -4  -5  -4   2    0   0   0   0   0   0   0   0   0  28  49   0   8   3   0   0   0   0   0  13  1.21 0.49
   96 I    -3   1  -6  -6  -4  -5  -6  -7  -6   5  -1  -5   0  -4  -6  -4  -3  -6  -5   5    2   7   0   0   0   0   0   0   0  38   3   0   2   0   0   1   1   0   0  46  1.30 0.54
   97 S     1  -2   2   2  -3  -1   4  -2   0  -5  -3   0  -4  -3  -4   3  -2  -5   1  -4   12   1   8   9   0   2  26   2   2   0   2   6   0   1   0  24   1   0   5   0  0.49 0.32
   98 K     0   1   2  -3  -5   1  -2  -1  -3  -3  -2   5  -3  -4  -4   0   0  -5  -3  -3    8   5  11   0   0   5   1   5   0   2   3  45   0   0   0   6   7   0   1   1  0.63 0.36
   99 I    -4  -6  -6  -6  -4  -5  -6  -7  -6   6   4  -5   2  -1  -6  -5  -4  -5  -4   1    0   0   0   0   0   0   0   0   0  44  42   0   5   1   0   0   0   0   0   8  1.28 0.49
  100 Y    -5  -5  -5  -6  -5  -4  -5  -6   1  -3  -3  -5  -3   6  -6  -4  -4   3   8  -4    0   0   0   0   0   0   0   0   3   0   0   0   0  36   0   0   0   3  58   0  1.94 0.48

                      K         Lambda
Standard Ungapped    0.1353     0.3226
Standard Gapped      0.0455     0.2670
PSI Ungapped         0.1477     0.3131
PSI Gapped           0.0455     0.2670
