
Last position-specific scoring matrix computed, weighted observed percentages rounded down, information per position, and relative weight of gapless real matches to pseudocounts
            A   R   N   D   C   Q   E   G   H   I   L   K   M   F   P   S   T   W   Y   V   A   R   N   D   C   Q   E   G   H   I   L   K   M   F   P   S   T   W   Y   V
    1 P    -4  -5  -5  -4  -6  -4  -4  -5  -5  -6  -6  -4  -5  -7   9  -4  -4  -7  -6  -5    0   0   0   0   0   0   0   0   0   0   0   0   0   0 100   0   0   0   0   0  3.06 0.60
    2 P    -1  -4  -4  -3  -5  -3   1  -5  -4  -3  -2  -3  -4  -6   8  -3  -3  -6  -5  -4    6   0   0   0   0   0  12   0   0   1   4   0   0   0  77   0   0   0   0   0  2.03 0.48
    3 V    -4  -5  -6  -6  -4  -2  -6  -6  -6   7  -1  -5   4  -3  -6  -5  -3  -5  -4   3    0   0   0   0   0   2   0   0   0  65   1   0  12   0   0   0   0   0   0  20  1.51 0.57
    4 A    -1   5   3  -3  -3  -1  -1  -2  -2  -5  -3   4  -2  -5  -3  -1  -2  -5  -4  -4    5  38  13   0   0   1   2   2   1   0   2  30   1   0   1   3   1   0   0   0  0.87 0.40
    5 L     0  -2  -2   0  -4   1   5  -2  -3  -3  -1  -1  -2  -4   1  -1   3  -5  -4  -2    7   1   0   4   0   4  41   2   0   1   7   2   1   0   7   2  20   0   0   1  0.56 0.34
    6 I    -3  -5  -6  -6   0  -5  -5  -6  -6   4   0  -5   0  -2  -5  -4  -2  -5  -2   6    0   0   0   0   2   0   0   0   0  22   7   0   2   1   0   0   1   0   1  65  1.28 0.51
    7 K    -1  -1  -2  -2  -4   1   2  -3  -1  -2  -3   3  -2  -4  -3   0   4   2  -2   1    3   1   1   0   0   5  14   1   1   2   0  26   1   0   0   4  28   3   1  10  0.47 0.32
    8 V    -3  -5  -6  -6  -4  -5  -5  -6  -5   5   3  -5   0   4  -5  -5  -3  -4  -2   2    1   0   0   0   0   0   0   0   0  43  24   0   1  17   0   0   0   0   1  14  1.01 0.41
    9 G    -3  -6  -4  -3  -6  -5  -5   7  -5  -7  -7  -5  -6  -6  -5  -4  -4  -6  -6  -6    0   0   0   1   0   0   0  96   0   0   0   0   0   0   0   0   1   0   0   0  2.40 0.78
   10 K     1  -1   0  -1   0  -1  -1   0  -2  -1  -3   2  -1  -3  -2   1   3  -4  -2   1   12   2   5   2   2   2   2   7   0   2   0  14   2   0   1   8  25   0   1  11  0.23 0.20
   11 G    -2   2  -1  -2  -5  -3   0   6  -3  -5  -5   0  -4  -5   0  -2  -2  -5  -5  -4    0  11   2   2   0   0   5  63   1   0   0   5   0   0   5   2   2   0   0   1  1.11 0.45
   12 E    -1  -2   0   5  -4  -1   3  -1  -3  -3  -4   1  -4  -4   0   0   0  -5  -4  -1    3   1   3  32   0   0  25   4   0   1   1   8   0   0   5   7   6   0   0   4  0.59 0.31
   13 K     0   4   2  -3  -2  -1  -1  -2   1  -4  -4   4  -3  -4  -3   1  -1  -4   1  -3    7  21  11   0   1   1   3   2   3   0   0  33   0   0   0   9   3   0   5   1  0.59 0.33
   14 V     3  -2  -2  -2  -1   1   1  -1  -3  -1  -3   1   1  -4  -3   0   2  -4  -3   1   30   1   1   1   1   6  10   2   0   2   0  10   4   0   0   5  16   0   0  10  0.31 0.25
   15 L    -1  -3  -4  -5   0  -3  -4  -5  -2   3   1  -1   0   1  -4  -2  -1  -3   2   4    3   1   0   0   2   0   0   0   1  18  11   4   2   5   0   2   2   0   7  40  0.55 0.31
   16 E    -1  -1  -1  -2  -4  -1   0  -4  -4  -3  -4   4  -3  -4  -4  -1   4  -5  -2   2    5   1   2   1   0   1   5   0   0   0   0  34   0   1   0   3  32   0   2  13  0.70 0.42
   17 I    -2  -5  -5  -6  -3  -4  -5  -6  -5   4   4  -5   2  -1  -5  -4  -1  -5  -3   3    3   0   0   0   0   0   0   0   0  30  36   0   3   1   0   0   4   0   0  21  0.86 0.39
   18 G    -1  -6  -4  -5  -6  -5  -6   7  -6  -7  -7  -5  -6  -7  -6  -4  -5  -6  -7  -7    4   0   0   0   0   0   0  96   0   0   0   0   0   0   0   0   0   0   0   0  2.44 0.80
   19 H    -3  -5  -1   0  -6  -4   0   7  -3  -7  -7  -5  -6  -7  -5  -4  -5  -6  -6  -7    1   0   2   4   0   0   8  84   1   0   0   0   0   0   0   0   0   0   0   0  1.94 0.69
   20 E    -2  -3  -2   3  -6   3   6  -4  -3  -5  -5  -1  -4  -6  -4  -2  -2  -5  -5  -5    2   0   1  17   0  12  60   1   0   0   0   3   0   0   0   1   1   0   0   0  1.34 0.56
   21 T    -2   0   3   1  -4  -1   1  -3  -2  -4  -4   1  -3  -2  -3   1   5  -4  -1  -3    1   4  15   6   0   2   8   1   1   0   0   7   0   2   0  12  38   0   2   0  0.58 0.35
   22 V     2  -4  -4  -4   1  -3  -2  -3  -4   0  -2  -4  -2  -4  -2   1   1  -5  -4   5   17   0   0   0   3   0   2   1   0   3   0   0   0   0   1  11   9   0   0  51  0.71 0.40
   23 L    -4  -3  -5  -5  -4  -3  -4  -5  -4  -1   5  -4   4   3  -5  -4  -4  -3  -1  -2    0   1   0   0   0   1   1   0   0   2  68   0  11  11   0   0   0   0   2   1  1.17 0.49
   24 F    -3  -4  -5  -5  -2  -3  -4  -5   1  -3  -2  -4  -2   6   0  -4  -4  -1   7  -4    2   0   0   0   1   1   1   1   3   0   2   0   1  35   4   1   0   0  46   0  1.61 0.58
   25 R    -3   6  -2  -1  -4   0  -2  -3  -1  -3   0  -1  -3   1  -2   0   0  -4  -3  -3    1  52   1   3   0   3   0   1   1   1  11   0   0   6   1   8   6   0   0   1  0.78 0.39
   26 H    -4  -4  -3  -4  -5  -3  -4  -3   9  -4  -4  -4  -4   6  -5  -4  -4  -3   2  -5    1   0   0   0   0   0   0   2  55   0   1   0   0  31   0   1   0   0   6   1  2.07 0.68
   27 D    -3  -2  -2   4  -5   1   6  -4  -3  -5  -5  -1  -4  -5  -2  -2  -3  -5  -4  -4    1   1   0  26   0   5  55   1   0   1   1   3   0   0   1   2   1   0   0   1  1.24 0.49
   28 K     0  -1  -2  -2  -4  -2   1   3  -3  -3   0   4   1   0  -3  -2  -2  -4  -3  -3    8   0   1   1   0   0  10  25   0   0  11  31   4   4   0   1   1   0   0   1  0.43 0.28
   29 R    -2   1  -1   0  -4  -2   1  -2  -3  -4  -3   1  -3  -4   3   0   5  -4  -4  -3    2   6   2   6   0   1  11   2   0   0   2   7   0   0  17   5  37   0   0   0  0.60 0.34
   30 F    -3  -3  -4  -5  -4   1  -4  -5  -3   1   0  -4   4   7  -5  -2  -1  -2   3  -1    1   1   0   0   0   8   0   0   0   7   7   0  11  45   0   2   5   0   8   4  0.92 0.41
   31 E    -2  -3  -2  -2  -4  -1   2   0   0  -2  -2  -1  -3   3   4  -2  -2  -2   3   1    2   0   1   1   0   1  17   7   2   2   2   3   0  14  22   1   1   0  13  11  0.46 0.27
   32 H    -4  -2   8  -2  -6  -2  -4  -2   6  -6  -6  -4  -5  -6  -5   1  -4  -6  -3  -6    1   2  64   1   0   1   0   2  17   0   0   0   0   0   0   9   0   0   1   0  1.83 0.76
   33 P     0   3  -3  -4  -2   0  -2  -4  -4  -5  -3   3  -4  -4   6  -2  -2  -6  -5  -4    9  16   1   0   1   3   2   1   0   0   2  19   0   1  39   2   3   0   0   1  1.02 0.51
   34 C    -2  -5   0  -3  -1  -1  -4  -5  -5  -4  -4  -4  -5  -6   7  -2   5  -6  -6  -5    3   0   5   1   1   3   0   0   0   1   1   0   0   0  48   2  32   0   0   0  1.54 0.70
   35 G     2   2  -3  -4  -1  -2  -3   1  -4  -1   0   2  -2  -4   0  -2  -1  -5  -4   3   16  12   0   0   1   0   0   9   0   2   8  16   0   0   5   2   4   0   0  23  0.31 0.28
   36 L    -3  -5  -6  -6  -4  -5  -5  -6  -5   5   2  -5   0   2  -5  -5  -3  -4   2   3    1   0   0   0   0   0   0   0   0  42  17   0   1   9   0   0   1   0   8  20  1.01 0.47
   37 A     5  -5  -4  -5  -2  -4  -4   3  -5  -3  -3  -4  -2  -1  -4  -1   1  -5  -4  -2   54   0   0   0   1   0   0  21   0   1   3   0   1   3   0   3   9   0   0   3  0.95 0.53
   38 I    -1  -5  -5  -6  -2  -5  -5  -3  -5   4   1  -5   5   3  -5  -4  -2  -4   1   4    6   0   0   0   1   0   0   2   0  22  11   0  16  11   0   0   1   0   4  27  0.80 0.43
   39 L    -1  -2  -3   4  -2   0   5  -4  -2  -3  -1  -2  -2  -5  -4  -1   0  -6  -3   0    4   2   0  26   1   4  37   0   0   1   7   1   1   0   0   4   5   0   1   6  0.73 0.44
   40 V    -4  -6  -6  -2  -4  -5  -6  -6  -6   5   1  -5  -1   0  -6  -5  -4  -5  -2   5    0   0   0   3   0   0   0   0   0  36  11   0   1   4   0   0   0   0   1  43  1.23 0.56
   41 E     0  -3   0  -2   4   0  -2  -2  -3  -3  -1  -2  -3   2  -2   3   1   6  -1  -3    7   1   5   2  10   5   2   2   0   1   7   2   0   9   2  22  11  12   1   1  0.45 0.33
   42 D    -4  -5  -2   8  -6  -4  -2  -4  -5  -6  -7  -4  -6  -2  -5   0   1  -7  -6  -6    1   0   1  77   0   0   1   1   0   0   0   0   0   2   0   7   9   0   0   0  2.00 0.81
   43 T    -1  -1   1   3   3  -1  -1   0  -2   1  -2  -1   1  -3  -3   0   2  -4  -2   2    5   3   6  17   7   1   3   6   1   8   1   2   4   1   0   5  14   0   1  15  0.20 0.19
   44 L    -1  -3  -3  -2  -4  -1  -1  -3  -4   1   1  -2   8  -2   0  -4  -2   2   1   0    5   1   1   3   0   2   4   1   0   7  13   2  39   1   4   0   2   3   6   4  0.78 0.44
   45 S    -1  -4  -2   3  -2  -2   1  -2  -1  -4  -3  -1  -4  -5   6   2   0  -5  -5  -3    5   0   1  15   1   1  10   3   2   1   2   2   0   0  37  14   5   0   0   1  0.84 0.44
   46 E     0  -3  -1   4  -5   0   4  -1  -1  -3  -2  -1   2  -5  -1  -1  -1  -5  -2  -3    7   0   3  22   0   4  34   4   1   2   4   3   5   0   3   2   3   0   1   1  0.58 0.41
   47 G     2  -3   1   2  -2  -1   3   0  -3  -4  -5   1  -4  -5   2   0   0  -5  -4  -3   17   0   6  13   1   1  24   7   0   0   0   9   0   0  10   6   4   0   0   2  0.46 0.35
   48 E     1  -2  -1   2   2   0   4   0  -1  -4  -2  -2  -4  -4  -2  -2  -1   7  -3  -2   12   1   3   9   5   3  30   6   2   0   4   1   0   0   2   2   3  14   0   2  0.63 0.43
   49 I    -2  -3  -5  -3  -4  -2  -2  -5  -4   4   2  -4   0   2   1  -4  -1   2  -1   2    3   1   0   1   0   2   4   0   0  25  23   0   1  10   7   0   3   3   1  16  0.50 0.34
   50 K     1   0   0   3  -4   0   2  -1  -2  -2  -2   1  -1  -3   1   0  -1   3   0  -1   13   6   3  17   0   3  12   3   0   3   2  10   1   0   6   6   2   4   3   4  0.21 0.21
   51 E     3   0   0   1  -1  -1   3  -1  -1  -3  -3   2  -4  -5  -2   1  -2  -5  -4  -3   25   5   5   8   1   2  23   4   1   1   1  11   0   0   1   8   1   0   0   1  0.42 0.34
   52 R    -1   3  -2   0  -2  -1  -1  -2  -1  -1  -1   4  -2  -2   0  -2  -2  -4   0   1    4  19   2   5   1   2   2   2   1   4   6  28   1   1   5   1   1   0   4  10  0.35 0.31
   53 V     1  -2  -4  -4   0  -2  -4  -4  -4   3   2  -1   1  -1  -1  -2  -1  -3   1   3   13   1   0   0   2   1   0   0   0  18  25   3   2   2   3   2   2   0   5  19  0.37 0.27
   54 E     2   0   1   0  -1  -1   2   0  -3  -4  -4   4  -2  -5  -1  -1  -1  -5  -4  -3   19   4   6   4   1   2  17   8   0   1   0  27   1   0   3   3   3   0   0   1  0.45 0.36
   55 K     2   1   1   1   0   0   2  -2   2  -1  -2   1  -1  -4   1   0  -1  -4  -1  -2   18   6   6   8   2   2  15   2   6   4   2   8   1   0   7   4   3   0   2   3  0.18 0.19
   56 I    -3  -5  -3  -4   0  -5  -5  -6  -4   4   0  -5   1   4   0  -5  -4   6   4   3    1   0   1   1   2   0   0   0   0  23   6   0   4  15   5   0   0  10  13  18  0.85 0.49
   57 N     1   0   3  -1  -4   0   1  -1  -1  -2  -3   3  -1  -2   0  -1  -1   0  -2  -1   13   3  17   1   0   3  11   4   1   2   2  21   2   2   5   3   3   1   1   4  0.27 0.26
   58 K     1  -1   1   4  -4  -1   2   1  -2  -4  -4   2  -4  -5  -3  -1  -1  -5  -4  -2   12   3   7  26   0   2  16  10   1   0   1  15   0   0   0   2   4   0   0   2  0.51 0.33
   59 L    -1  -3  -4  -2  -2  -3  -1  -3  -4   0   1  -1   0   4  -4  -3  -2   5   2   4    6   1   0   2   1   0   4   1   0   3  13   4   2  16   0   1   1   7   6  30  0.47 0.31
   60 V     1   0   0   2   2   1   1   0  -2  -1  -2   0  -1  -2  -1   0   0   1  -2   0   14   5   3  13   5   7  10   6   0   3   3   7   1   1   1   4   5   2   1  10  0.11 0.12
   61 F     0  -2  -1  -2  -4  -3  -3  -3  -1  -1  -1   2   0   5  -4  -1  -3   5   4   0    8   1   3   2   0   0   0   1   1   4   3  16   2  22   0   3   0   8  16   8  0.56 0.35
   62 D    -1  -2   1   4  -4  -2   4  -3   0  -1  -4   1  -3   1  -3  -1   0  -4  -3  -1    6   1   5  24   0   0  27   1   3   3   1  10   0   7   0   2   5   0   0   4  0.50 0.32
   63 R    -2   5  -2  -1   0   0  -2  -3  -1  -3  -2   1   2  -2   0  -2  -2   1   3  -2    2  41   0   4   2   4   1   2   1   1   3   8   6   1   5   1   2   2  11   3  0.58 0.32
   64 V    -1  -3  -4  -4   1  -3  -2  -4  -4   3  -1  -2  -1   0  -1  -2  -1  -4  -1   5    5   2   0   1   3   0   2   1   0  19   2   3   0   4   3   2   3   0   2  48  0.63 0.33
   65 G     0  -3   0  -3   0  -1  -1   5  -3  -4  -4  -2  -1  -4  -3  -1   1  -4  -4  -2    6   1   4   1   2   2   5  55   0   1   1   2   1   0   1   3  11   0   0   3  0.79 0.34
   66 Q     0   0  -1   0  -3   1   4  -3  -2   1   0   0  -1  -2  -2  -1   0  -3  -2  -1    9   3   3   5   0   7  33   1   0   8  11   4   2   2   1   1   6   0   1   4  0.27 0.20
   67 M    -2   1   1   1   0   0   1  -3   4   0  -1   0   1   0  -2  -1  -1   1  -1  -1    1   9   8  10   3   3  11   1  14   6   3   5   5   4   1   4   3   3   1   5  0.17 0.15
   68 H    -2  -3  -4  -4  -1  -2  -1  -4   2   0   4  -3   4   1  -1  -3  -1  -2   3  -1    2   0   0   0   1   1   4   1   6   3  41   0  14   6   2   0   4   0  13   0  0.53 0.30
   69 S    -1   2  -1  -1  -1   0   0   1   0   1  -2   2  -1  -1  -2   0   0  -3   1  -1    2  14   2   3   1   3   4  14   2  11   2  18   2   2   0   6   4   0   6   3  0.12 0.13
   70 V     3  -3  -3  -4  -2  -3  -3  -1  -4   2   1  -3   1  -1   2  -1  -1  -4  -3   3   28   0   0   0   0   0   0   4   0  10  14   0   3   2  10   3   2   0   0  23  0.33 0.22
   71 N    -3  -3   2   5  -5   0   4  -2  -3  -5  -5   0  -4  -5  -3  -1   0  -5  -4  -4    0   0   9  42   0   3  26   3   0   0   0   4   0   0   0   2   7   0   0   0  0.93 0.39
   72 L     0  -3  -3   0   0  -3  -3   3  -3   0   1  -3   4   2  -4  -2  -2  -3  -1   0   10   0   0   6   2   0   0  22   0   4  17   0  17  12   0   2   1   0   1   6  0.32 0.23
   73 V     1  -3  -1  -4  -3  -3  -4   0  -4   4   0  -1  -1  -1   1  -2   0  -4  -3   3   11   0   3   0   0   0   0   8   0  31   6   3   0   2   7   0   5   0   0  24  0.37 0.25
   74 A     4  -4  -1   1   5  -3  -3  -2  -4  -1  -2  -1  -3   0  -4  -1   1  -4   1   1   34   0   3   8  13   0   0   3   0   4   2   3   0   4   0   3  10   0   6   8  0.45 0.33
   75 L    -3  -5  -5  -5  -4  -5  -5  -2  -5   3   3  -5   1   0   1  -2   0  -5  -4   4    0   0   0   0   0   0   0   3   0  15  27   0   3   3   8   4   4   0   0  33  0.69 0.38
   76 K    -1   3   1   0  -4   1   0   0   2  -1  -1   2   0  -3  -3  -1  -1   2   0  -1    3  17   9   4   0   7   5   6   5   4   5  13   3   0   0   3   4   3   3   6  0.17 0.19
   77 G    -1  -1   3   1   1   0   0  -1   2  -2   1  -2   1   0   1   0  -1  -3   1  -1    3   3  15   8   4   4   4   5   6   0  15   0   4   4   6   5   3   0   5   3  0.12 0.20
   78 S     1   0   1   0   1   0   1  -1  -2   0  -1   1   0  -3  -1   0   1  -4  -3   1   14   4   7   6   3   2   9   4   0   4   4  11   3   0   2   7  10   0   0  10  0.10 0.14
   79 S     0  -1   1   2   0   0   0   2  -3  -5  -5  -1  -4  -5  -4   4   1  -5  -4  -4    7   2   7  11   2   4   6  15   0   0   0   3   0   0   0  36   7   0   0   0  0.54 0.40
   80 Q     0  -1   2   1   0   0   0   2   0  -2  -2   1  -2  -3  -1   0   1  -3  -3  -2   10   3  13   7   2   4   5  19   2   2   5  11   0   0   3   4   9   0   0   0  0.18 0.15
   81 D    -3  -2   2   5  -4  -2   1  -1   0  -4  -5   1  -4  -5   0   1   0  -5  -4  -4    0   0  11  40   0   0   8   5   3   0   0   9   0   0   4  13   4   0   0   0  0.70 0.39
   82 A     1  -2   0   1   1   0   0   0  -3  -1  -2   0   0  -4   5  -1  -1  -4  -3  -1   12   0   4   8   3   4   4   5   0   4   4   6   3   0  31   4   4   0   0   4  0.46 0.28
   83 A     0   0   1   0  -2   1   0   0  -1  -2  -1   0  -1   1   1   0   0  -2   1  -1    7   7   7   7   0   7   7   7   0   0   7   7   0   6   7   7   7   0   6   7  0.06 0.08
   84 T     0   2  -1   1  -4   0   3  -2  -1  -2  -1   3  -2  -2  -3  -1   0  -3   1  -2    8  14   2   8   0   2  21   1   1   2   6  20   0   1   0   3   4   0   5   2  0.28 0.20
   85 F     1  -4  -4  -3   4  -4  -4  -4  -2  -1   1  -2   1   6  -4  -2  -3  -2   3   0   13   0   0   1  10   0   0   0   1   3  12   3   4  35   0   1   0   0   9   7  0.62 0.32
   86 A     4  -1  -1  -1  -2  -1  -1  -1  -3   1  -1   1  -1  -3  -3  -1   0  -4  -2   1   42   3   3   3   0   2   2   2   0   9   6   9   0   0   0   3   4   0   1  12  0.31 0.25
   87 K     2   0   0   0  -3   1   3  -2  -2  -3  -2   3  -2  -4   0   0  -1   0  -3  -3   18   4   3   5   0   6  22   2   0   1   4  20   0   0   4   5   3   2   0   0  0.32 0.22
   88 A     2  -3  -3  -2   0  -2  -3  -3  -3   2   1  -2   0  -1  -2  -1   2  -4  -3   2   22   1   0   2   2   1   1   0   0  14  16   2   2   1   1   2  14   0   0  20  0.29 0.22
   89 V     2  -4  -2  -3   0  -4  -4  -4  -5   3   0  -3   0  -3  -3  -2  -1  -5  -4   5   23   0   3   1   2   0   0   0   0  14   6   1   1   0   1   1   2   0   0  46  0.67 0.38
   90 A     0   1  -2  -2  -5   0   4  -2  -3  -5  -4   6  -4  -5  -4  -2  -2  -5  -4  -4    7   4   1   0   0   2  25   2   0   0   2  54   0   0   0   2   1   0   0   1  0.99 0.49
   91 T     1   1  -2   0  -3   1   1  -3  -2   1  -1   3  -2  -3  -3  -1   0  -4  -3   0   15   7   0   4   0   6  10   0   1  12   4  27   0   0   0   0   5   0   0   6  0.27 0.23
   92 A     2  -4  -5  -5  -3  -4  -4  -5  -5   2   0  -1  -2  -3  -4  -3  -2  -5  -4   6   17   0   0   0   0   0   0   0   0  10   7   5   0   0   0   0   1   0   0  60  0.94 0.47
   93 R     3   0  -2  -2  -1   2   0  -1  -3  -1   0   1   0  -3  -3   0  -1  -4  -3  -1   38   3   0   2   1  12   4   3   0   4  11   9   2   0   0   5   1   0   0   4  0.29 0.25
   94 E     1  -2   0   2  -4   1   4   0  -2  -4  -4   2  -4  -5  -3   1  -2  -5  -4  -3   15   1   3  13   0   6  31   8   0   0   0  11   0   0   0  10   0   0   0   1  0.53 0.32
   95 V     3  -1   0  -2  -1  -1   1   0  -1  -1   0   0  -2  -3  -3   0   1  -4  -2   0   36   1   6   1   1   1   8   8   2   2  10   7   0   0   0   3   8   0   1   5  0.22 0.21
   96 T    -1  -3  -2  -3   1  -3  -3   0  -4   2   0  -2  -1  -2  -1   1   3  -4  -3   4    4   0   1   0   3   0   1   6   0  11   5   1   0   1   2  11  21   0   0  33  0.37 0.27
   97 D    -2   0   1   5  -5   0   2   0  -1  -5  -4   2  -4  -5  -1   0  -1  -2  -4  -4    2   6   6  33   0   3  17   8   1   0   1  13   0   0   2   4   3   1   0   0  0.57 0.30
   98 L    -1  -1  -2  -3   1  -3  -3  -3  -2   1   2  -1   2   1  -2  -2   0  -1  -1   3    4   3   1   1   3   0   0   1   1   5  22   4   5   7   2   0   5   1   1  34  0.30 0.21
   99 P     0  -4  -1  -4  -2  -4  -4  -4  -4  -4  -1  -4  -3  -5   8  -1  -3  -6  -5  -3   10   0   4   0   1   0   0   1   0   1   6   0   0   0  70   5   1   0   0   2  1.77 0.62
  100 F    -3  -4  -5  -5  -3  -3  -3  -5  -4   3   4  -3   3   0  -3  -4  -3  -3   1   1    0   0   0   0   0   1   1   0   0  19  51   1   6   4   1   0   0   0   4  10  0.72 0.34
  101 I    -1  -4  -4  -4   3  -4  -4  -4  -4   5   1  -4   2  -2  -4  -1  -2  -4  -3   4    4   0   0   0   7   0   0   0   0  39   9   0   5   0   0   4   0   0   0  29  0.75 0.35
  102 L    -3  -4  -4   1  -2  -3  -2  -2  -4   4   3  -4  -1  -1  -4  -3  -2  -4  -3   3    0   0   0   8   1   0   2   3   0  26  33   0   0   1   0   0   0   0   0  23  0.57 0.30
  103 I     1  -3  -2   1   6  -2  -1  -1  -3   1  -1  -3   2  -2  -3   0   0   3  -1   0   12   0   0  10  19   1   4   5   0  11   5   0   7   0   0   4   7   4   2   7  0.29 0.21
  104 G     0  -3  -2  -2   2  -2  -1   4  -3  -4  -3   0  -3  -3  -3   3   1  -2   0  -3    5   0   0   1   4   0   3  31   0   0   2   6   0   1   0  32   8   1   4   0  0.52 0.32
  105 T    -2  -3   3   5   3  -2   1  -3  -3  -4  -5   0  -4  -5  -3   2  -2  -5  -4  -3    1   0  16  43   7   1   7   0   0   0   0   5   0   0   0  14   1   0   0   2  0.86 0.40
  106 P     1  -3   0   2  -3  -2   0  -1  -3  -3  -3   0  -3  -4   5  -1   0  -5  -4   1   16   0   4  13   0   0   5   3   0   0   1   6   0   0  32   4   4   0   0  11  0.59 0.29
  107 E     1  -1   2   2  -4   0   4   0  -1  -3  -2   0  -3  -4  -2  -1  -1  -4  -3  -1   16   1  10  10   0   2  34   6   1   1   4   6   0   0   1   2   2   0   0   4  0.38 0.25
  108 Q     3  -3   0  -3   0  -2  -1  -3  -1   1  -1  -1  -1  -3  -3  -1  -1  -4  -3   4   25   0   5   0   2   1   3   1   1   8   3   3   0   0   0   3   3   0   0  39  0.40 0.28
  109 L     1  -3  -3  -1  -3  -2   0  -4  -2   2   3  -3   4   1  -3  -3  -2  -3  -2   0   16   0   0   3   0   1   9   0   1  11  36   0  14   5   0   0   0   0   0   3  0.41 0.27
  110 A     0   1  -3  -2  -3  -1   3  -3  -3  -2  -3   6  -4  -3  -1  -2  -2  -5  -4  -4    8   7   0   1   1   1  22   0   0   2   1  50   0   1   2   1   2   0   0   0  0.83 0.44
  111 A     4  -1   0   1  -3   1   2  -2  -3  -4  -3   2  -1  -4  -2  -1   0  -5  -4  -2   41   1   3   7   0   4  14   0   0   0   1  17   1   0   1   0   6   0   0   2  0.48 0.33
  112 A     5  -4  -4  -4   0  -4  -3   3  -4   0  -3  -3  -3  -4  -4  -1  -2  -5  -4   2   50   0   0   0   2   0   1  25   0   7   1   0   0   0   0   2   1   0   0  13  0.77 0.42
  113 L     3  -3  -4  -4  -2  -3  -3  -3  -4   2   3  -3   0  -2  -4  -1  -2  -4  -3   1   35   1   0   1   1   0   1   1   0  11  39   0   1   1   0   3   1   0   0   6  0.57 0.35
  114 E     2  -2  -1   1  -5   1   5  -2  -3  -4  -2   1  -3  -5  -1  -1  -2  -5  -4  -3   16   1   2   7   0   4  48   3   0   0   3   7   0   0   3   3   0   0   0   2  0.67 0.38
  115 T     3  -3  -2  -2  -2  -1   0  -2  -1   1   0   0  -2  -3  -2  -1  -1  -4  -2   3   34   0   1   1   0   1   7   2   1   6   6   5   0   0   1   1   3   0   0  28  0.34 0.28
  116 E     1  -4  -3  -4   6  -3  -3  -1  -3   2   1  -3  -1  -2  -3  -2   0  -4  -2   2   15   0   0   0  21   0   2   5   1  12  16   0   1   1   1   1   4   0   1  19  0.49 0.28
  117 G     2   0  -1   0  -3   1   1   2  -2  -3  -3   2  -3  -4  -2   1  -1  -4  -3  -2   25   2   2   5   0   7   7  14   0   1   1  18   0   0   1  12   2   0   0   1  0.31 0.22
  118 A     0  -3   0   4  -4  -2   2   4   1  -5  -5  -1  -4  -2  -2   0  -1  -5  -4  -4    5   0   3  25   0   0  12  33   3   0   0   3   0   3   1   7   3   0   0   1  0.58 0.30
  119 N    -1   3  -1  -1  -4   0   2   1   1  -2  -2   3   0  -2  -3  -1  -2  -3   0  -2    3  14   2   2   0   3  14  10   3   3   2  28   2   2   0   4   1   0   4   1  0.31 0.21
  120 N    -2   4   4  -2  -4  -1  -1  -2  -1  -1  -3   4  -3  -4  -3  -1  -2  -4  -3  -2    3  27  25   1   0   1   1   2   1   4   1  27   0   0   0   2   2   0   0   2  0.69 0.35
  121 P    -1  -4   0  -4   4  -3  -3  -3  -4  -1   0  -3  -2  -3   7  -3  -3  -4  -2   0    5   0   4   0  10   0   0   1   0   3  10   0   1   1  52   1   0   0   2   8  1.17 0.44
  122 L    -2  -4  -4  -1   0  -3  -4  -4  -4   2   5  -4   2  -2  -4  -3  -1  -3  -3   1    2   0   0   4   2   0   0   1   0  11  61   0   5   0   0   1   2   0   0   7  0.73 0.33
  123 L    -3  -4  -4  -5  -3  -4  -4  -5  -4   4   4  -4   2   0  -4  -4  -2  -3  -2   3    1   0   0   0   0   0   0   0   0  28  41   0   3   4   0   0   0   0   0  20  0.76 0.32
  124 Y     0  -3   2  -2   1  -3  -3   2   1  -2  -1  -3   1   0  -3  -1  -2   3   5  -2    7   0  14   1   3   0   0  20   3   2   7   0   5   3   0   2   0   5  25   1  0.45 0.27
  125 A     2  -2  -1  -1  -1  -1  -2   2  -3  -2  -2  -2  -3  -3   2   3  -1  -4  -3  -2   22   1   2   2   1   2   1  19   0   2   4   1   0   1  12  27   1   0   0   1  0.43 0.25
  126 A     5  -3  -3  -4  -3  -3  -2  -2  -4   0  -2  -1  -2  -4  -3  -1  -2  -4  -3   2   63   0   0   0   0   0   2   2   0   5   3   4   0   0   0   2   0   0   0  17  0.80 0.40
  127 T    -2  -1   3   0  -3   0   1  -3  -1  -3  -3   1  -3  -4  -3   0   5  -4  -3  -1    1   3  18   4   0   2  10   0   1   0   1   8   0   0   0   4  40   0   0   5  0.56 0.32
  128 A     2  -1   0   1  -3   1   4  -2  -2  -3  -1   1  -2  -3   0   0  -2  -4  -3  -2   17   1   3   5   0   4  37   1   0   0   6  11   1   1   4   5   1   0   0   1  0.42 0.26
  129 D     0  -2   1   5  -5   2   4  -1  -3  -5  -5   0  -4  -5  -3   0  -1  -5  -4  -4    8   0   5  32   0   9  29   3   0   0   0   5   0   0   0   7   2   0   0   0  0.74 0.36
  130 N    -3   0   8   1  -5  -2  -3  -3  -2  -5  -5  -1  -4  -5  -4  -1  -1  -5  -4  -5    2   5  73   8   0   0   0   0   0   0   1   3   0   0   0   2   4   0   0   0  1.57 0.57
  131 Y    -2  -3  -4  -5  -1  -3  -4  -4   2   0   1  -3  -1   2  -4  -3  -3   5   7  -1    3   1   0   0   1   0   0   0   5   4  16   1   1   5   0   1   1   9  45   2  1.04 0.42
  132 E    -1   1   0   2  -2   2   3  -2  -2  -4  -4   4  -3  -4  -1  -1  -2  -4  -3  -3    4   6   4  11   1   7  23   2   0   0   1  33   0   0   2   3   1   0   0   2  0.54 0.27
  133 Q     2   0   0   1  -3   0   3   0  -2  -3  -2   1  -2  -3  -1   1   1  -3  -2  -2   21   3   2   7   0   3  22   6   0   1   2  10   1   1   1  11   8   0   1   0  0.26 0.18
  134 M    -2  -4  -4  -4  -3  -3  -4  -4  -4   4   1  -4   6   2  -4  -2  -2  -1  -2   3    2   0   0   0   0   0   0   0   0  26   8   0  30   7   0   2   0   1   0  20  0.82 0.37
  135 V     2  -3  -1  -3   0  -2  -3   3  -3   0   1  -2  -1  -3  -3   0   1  -3  -3   1   25   0   3   0   2   0   0  22   0   6  13   0   0   0   0   6   8   0   0  13  0.27 0.19
  136 E     4  -1   1   0  -3   0   2  -1  -2  -3  -3   1  -3  -4   2   0  -1  -4  -3  -2   38   3   6   4   0   4  15   2   1   1   1   8   0   0  11   3   2   0   0   2  0.41 0.25
  137 L     2  -3  -3  -4  -2  -2  -2  -2  -3   2   3  -3   1  -1  -3  -1  -1  -3  -2   2   20   0   0   0   0   1   2   3   0  10  36   0   3   2   0   3   3   0   0  16  0.35 0.22
  138 A     5  -3  -3  -4   2  -3  -2  -1  -4  -1  -2  -2  -2  -4  -3   0  -2  -4  -3   1   63   0   0   0   4   0   2   3   0   3   3   2   1   0   0   3   0   0   0  12  0.76 0.39
  139 K     0  -1  -2  -2  -3   0  -1  -2  -1  -1   1   4   4  -2  -3  -2   0  -3  -1   0    8   1   1   1   0   3   2   2   2   2  13  35  16   1   0   1   4   0   2   5  0.36 0.26
  140 K     2   0  -1   1  -4   1   3   0  -2  -3  -3   3  -2  -3  -3   0  -1  -4  -2  -1   17   2   2   8   0   4  28   6   0   0   0  19   1   1   0   4   4   0   2   4  0.36 0.24
  141 Y     0  -3   1  -2  -2  -2  -3  -2   5  -3  -3  -1   0   2  -4  -2  -1  -1   7  -3    8   0   8   3   1   1   0   2  13   1   1   4   3   7   0   1   3   0  43   1  0.91 0.41
  142 N    -2  -2   4   3  -4  -1   0   3  -3  -5  -5   3  -4  -5  -3  -1  -2  -5  -4  -4    2   1  22  18   0   1   3  27   0   0   0  20   0   0   0   4   0   0   0   1  0.69 0.33
  143 V     0  -3  -2  -4   5   0  -3  -4   4   0   0  -3  -2  -1  -4  -2  -2  -4  -1   4    8   0   2   0  14   6   0   0  14   2  10   1   0   3   0   1   0   0   1  38  0.57 0.33
  144 P     0  -2  -1  -1  -2  -2  -3  -1  -4  -1  -2   0  -3  -4   6  -1  -1  -5  -4   1    8   1   3   3   1   1   0   4   0   4   2   6   0   0  45   3   4   0   0  14  0.85 0.34
  145 L    -3  -4  -5  -5  -3  -4  -5  -5  -3   3   4  -4   1  -2  -5  -4  -3  -4  -3   4    1   0   0   0   0   0   0   0   1  16  42   0   2   0   0   0   0   0   0  37  0.94 0.40
  146 T     2  -4  -4  -4  -1  -4  -4   2  -4   3  -1  -3  -2  -3  -4   0   0  -5  -4   4   21   0   0   0   1   0   0  18   0  20   1   0   0   0   0   5   4   0   0  30  0.52 0.31
  147 V     3  -3  -4  -4  -3  -2  -1  -3  -4   1   2  -3   0  -2  -4  -1  -2   4  -3   3   25   1   0   0   0   2   4   0   0   8  19   0   1   0   0   3   0   6   0  30  0.46 0.29
  148 S    -1   1  -1  -2  -3   0   0  -3  -1   0  -2   2   1   1  -3   3   1  -4  -2  -2    3   9   1   1   0   2   3   1   1   7   1  18   5   8   0  32   8   0   0   0  0.33 0.27
  149 A     3  -3  -2  -1  -1  -1  -2   2  -2  -1  -4  -2  -3  -4   0   4  -1  -4  -4  -2   28   0   0   2   1   2   1  18   1   4   0   1   0   0   5  33   2   0   0   2  0.52 0.32
  150 K     0  -2   3   2  -3  -1   0  -1  -2  -2  -2   0   0  -4   3   0  -1  -5  -4   1    7   1  19  15   0   1   4   3   0   1   2   6   3   0  18   7   2   0   0  12  0.37 0.23
  151 G    -4  -2   3   6  -5  -2  -1   0  -3  -5  -6  -2   0  -6  -4   1  -1  -6  -5  -4    0   2  15  59   0   0   1   7   0   0   0   1   3   0   0   8   3   0   0   0  1.21 0.50
  152 L    -2  -4  -4  -2  -2  -3  -1  -5  -4   4   3  -3   1   0  -2  -4  -3  -4  -2   2    1   0   0   2   1   1   5   0   0  31  35   0   3   3   2   0   0   0   0  15  0.60 0.30
  153 D    -1  -3   6   3  -5  -2   3  -2  -2  -5  -5   1  -4  -5  -1  -1   0  -6  -4  -4    5   0  40  13   0   0  24   1   0   0   0   7   0   0   2   4   4   0   0   1  0.86 0.41
  154 A     0  -2  -1   1  -3  -1   3   0  -3   0   2   0   2  -3  -3  -1  -1  -4  -3  -1    8   1   3   9   0   0  23   7   0   6  23   5   6   0   0   3   3   0   0   3  0.20 0.19
  155 L     3  -4  -4  -5   1   0  -4  -3  -4   1   4  -3   1  -2  -4  -2  -1  -4  -3   0   26   0   0   0   4   6   0   1   0   7  47   0   3   0   0   1   3   0   0   3  0.58 0.34
  156 A     1   0  -2  -2  -3  -1  -2  -3  -1   0  -3   5   0  -3  -2  -2  -2  -4   2   0   12   3   1   1   1   1   1   1   1   6   1  51   3   0   1   1   0   0   9   6  0.60 0.37
  157 E    -1  -1   1   2  -4   5   3  -2  -2  -4  -4   1  -3  -5  -2   1   0  -5  -3  -3    4   2   6  11   0  28  21   3   0   0   0   6   0   0   2  10   6   0   1   1  0.56 0.32
  158 L    -3  -4  -3  -5  -3  -4  -4  -5  -4   2   5  -1   3  -2  -4  -1   0  -4  -3   0    0   0   1   0   0   0   0   0   0  12  59   3   8   0   0   5   7   0   0   3  0.77 0.37
  159 V     1  -3   5  -2  -3  -3  -2  -3  -3   0  -2  -3  -3  -4  -4   1   1  -5  -4   3   11   0  33   0   0   0   1   0   0   4   1   0   0   0   0  11   9   0   0  29  0.64 0.38
  160 Q     0   1  -1   0  -3   0   3  -2  -1   2  -1   1  -2  -3  -3  -1  -1  -4  -3   1   10   8   3   3   0   4  25   2   1  19   2   8   0   0   0   1   3   0   0  11  0.25 0.21
  161 K     0   1  -1  -1  -2   0   0  -3  -1  -1   2   3   0  -3  -3  -1   1  -4  -1  -1    6   8   2   2   1   3   5   1   2   3  22  27   2   0   0   2  10   0   2   4  0.21 0.19
  162 I     1  -2  -4  -4   2  -2  -3  -4  -4   2   3  -3   1   1  -4  -2  -1  -3  -2   1   15   1   0   0   5   1   1   0   0  15  36   0   2   7   0   0   4   0   1  11  0.40 0.23
  163 T     1   0   0  -1  -3   2   1  -2  -1  -1   0   1   1  -2  -2   0   2  -3  -2   0   10   4   5   1   0  12  10   2   1   3   8  11   4   1   0   5  17   0   0   5  0.15 0.15
  164 A     1  -1   2   2  -4   3   2   0  -1  -4  -4   3  -3  -4  -2   0  -1  -4  -3  -3   14   1  12  10   0  13  17   6   1   0   0  18   0   0   1   5   1   0   0   1  0.41 0.25
  165 L     1  -2   0  -2  -2  -2   0  -4   0   0   3  -1   4   0  -4  -2  -2   0   0  -1   17   1   5   1   1   1   7   0   2   2  35   3  14   4   0   1   1   1   3   2  0.30 0.24
  166 G    -1  -4  -2  -1  -5  -4  -3   7  -4  -6  -6  -2  -5  -3   0  -2  -4  -5  -5  -5    2   0   2   4   0   0   1  80   0   0   0   2   0   2   4   2   0   0   0   0  1.59 0.55
  167 Y    -2  -2   0  -4  -2  -3  -4  -5  -1   3   2  -3   1   0  -2  -3  -2  -3   3   3    3   1   5   0   1   0   0   0   2  22  17   1   3   2   1   0   1   0  12  30  0.47 0.27
  168 K    -3   1   0   2  -5   0   3  -3   2  -5  -5   5  -4  -5   0  -1  -1  -5  -4  -3    0   4   2  11   0   3  20   1   4   0   0  43   0   0   4   3   3   0   0   1  0.74 0.37
  169 N    -3   1   3   5  -5   0   3  -3  -3  -5  -5   2  -4  -5  -4  -1  -3  -6  -5  -5    1   8  14  40   0   3  18   1   0   0   0  11   0   0   0   4   0   0   0   0  0.88 0.39
  170 L    -4  -3  -6  -6  -4  -5  -5  -6  -5   6   3  -5   2   0  -2  -5  -3  -4  -3   1    0   1   0   0   0   0   0   0   0  51  32   0   5   3   2   0   0   0   0   6  1.05 0.43
  171 I    -1  -5  -5  -5  -3  -4  -5  -4  -5   3   1  -4   1  -3  -5  -4  -1   0  -1   6    3   0   0   0   0   0   0   1   0  18   8   0   2   0   0   0   2   1   2  62  1.01 0.43
  172 L    -2  -4  -3  -2  -3  -3  -4  -5  -4   3   4  -4   5   0  -4  -4  -2  -4  -3   1    1   0   1   2   0   0   0   0   0  20  40   0  20   3   0   0   2   0   0   8  0.76 0.34
  173 D    -4  -4   3   7  -6  -3   1  -2  -1  -5  -5  -3  -5  -3  -4  -2  -3  -6  -3  -5    0   0  11  73   0   0   5   2   2   0   1   0   0   1   0   1   0   0   1   0  1.62 0.57
  174 P    -1  -4  -4  -4  -4  -3  -3  -4  -4   0  -2  -3  -2  -3   7   0   0  -5  -4   1    3   0   0   0   0   0   0   0   0   5   4   0   1   1  58   9   6   0   0  12  1.33 0.48
  175 Q    -1  -3  -1  -1  -4  -2  -1   5   0  -2  -1  -2  -1  -4  -4   0   2  -4  -4  -2    3   0   1   3   0   1   4  46   3   1   8   2   1   0   0   6  18   0   0   3  0.60 0.32
  176 P     1  -3  -1   0   2  -2  -1   1  -3   0  -2  -2  -1  -3   1   2   3  -4  -2   0   11   0   2   5   5   0   2  11   0   5   2   1   1   0   8  14  23   0   1   8  0.26 0.21
  177 E     1   2  -1   0   0  -1   2   1  -2  -3  -1   1   0  -3  -2   1   0  -3   0  -2   17  15   1   3   3   1  15  11   0   0   5   6   3   0   1   9   4   0   4   1  0.18 0.17
  178 N     2  -2   1   1  -3   0   1   2  -1  -4  -4  -1  -1  -2   2   2   0  -4  -3  -2   20   0   7   6   0   3   9  18   1   0   0   3   1   1   9  15   6   0   0   1  0.31 0.21
  179 I     1  -4  -4  -5  -3  -4  -4  -3  -4   3   3  -4   0   2   0  -3  -1  -3  -1   2   12   0   0   0   0   0   0   1   0  20  31   0   1   8   6   0   4   0   2  15  0.45 0.27
  180 S     1   0   0  -3  -4  -1  -1   5  -2  -4  -5   2  -4  -3  -4   1  -1  -5  -4  -3    9   5   5   0   0   2   3  43   1   1   0  17   0   1   0   9   2   0   0   2  0.62 0.32
  181 E     0  -1   1   2  -4   2   2  -3   0  -2  -4   1  -2  -1  -4  -2  -1  -2   5  -3    7   2   6  12   0  10  15   1   2   2   0  10   1   1   0   1   4   0  27   0  0.50 0.32
  182 G     0  -4  -3  -3  -3  -2  -1   4  -4  -3  -1  -3   0  -2  -4   0   4  -4  -1   1    7   0   0   0   0   1   3  34   0   0   6   0   2   2   0   4  30   0   2  10  0.57 0.35
  183 L    -2  -4  -4  -5  -3  -2  -3  -5  -2   2   3  -4   2   4  -5  -2  -2  -2   4   0    2   0   0   0   0   1   1   0   1  14  31   0   5  20   0   4   1   0  14   5  0.61 0.31
  184 F     2  -1   0   2  -4   1   5  -2   1  -4  -4  -1  -2  -2  -3  -1   0  -5  -2  -2   17   2   4  12   0   6  39   2   3   0   0   2   1   2   0   3   6   0   1   2  0.56 0.33
  185 Y    -2  -1   4   3  -4  -1   0  -3   0  -3  -2   0  -2   0  -4  -2   0  -3   5   0    2   3  22  17   0   1   6   0   2   0   2   5   1   2   0   1   6   0  23   7  0.50 0.32
  186 Q     0  -3   1  -3  -3   1  -3  -3  -3  -1   2  -3   4   3  -4   1  -1  -3  -1   1    9   0   8   0   0   8   0   0   0   1  20   0  13  16   0  13   3   0   1  10  0.29 0.25
  187 T    -1  -3  -3  -1  -3  -2   1  -4  -2   3   0  -3  -1  -2  -3  -1   3  -4   1   3    4   0   0   3   0   1   9   0   1  19   8   0   0   0   0   2  23   0   5  25  0.39 0.28
  188 Q     0   3  -1  -2  -3   3   0  -3   0  -1   0   0   3  -3  -3   0  -1  -3  -1  -1    6  22   3   1   0  16   6   0   2   4   9   4  13   0   0   5   1   0   2   5  0.30 0.24
  189 I    -2  -5  -5  -5  -2  -4  -1  -5  -5   6   1  -4   2  -2  -5  -4  -1  -5  -3   3    2   0   0   0   1   0   5   0   0  55   9   0   4   1   0   0   3   0   0  18  0.95 0.43
  190 R    -4   8  -2  -4  -6  -1  -2  -5  -3  -6  -5   1   0  -6  -5  -4  -3  -5  -5  -4    0  83   1   0   0   1   1   0   0   0   0   7   2   0   0   0   1   0   0   1  1.96 0.71
  191 R    -3   7  -2  -3  -5   1  -3  -2  -3  -2   0   1   0  -4  -4  -3  -2  -5  -4  -4    2  62   1   1   0   5   0   3   0   3  10   7   3   0   0   0   2   0   0   0  1.08 0.49
  192 L     3  -3  -1  -3  -3   0  -2  -2  -3  -1   2   0   0  -3  -3   1   0  -1  -3  -1   37   0   3   0   0   4   1   1   0   3  28   5   1   0   0  10   5   1   0   1  0.37 0.28
  193 A     6  -2  -2  -3  -2  -3  -2   2  -3  -3  -4  -3  -3  -4  -2   0  -2  -4  -4  -2   68   2   2   0   1   0   2  14   0   0   1   0   0   0   1   5   1   0   0   2  0.96 0.45
  194 I     0  -4  -4  -4  -3  -3  -4  -2  -4   4   3  -4   1   0  -4  -3  -2  -3  -1   2    8   0   0   0   0   1   0   2   0  29  38   0   2   2   0   1   1   0   2  12  0.56 0.29
  195 K    -1  -1  -1  -1  -3   0   1  -1  -2  -2   2   4   0  -3  -3   0   0  -3  -1  -1    3   1   3   1   0   3  12   5   0   1  23  32   2   0   0   4   6   0   2   2  0.26 0.23
  196 K    -1   2   0   2  -4   4   2   0  -1  -3  -3   3  -2  -4  -3   0  -1  -4  -2  -3    6   9   4  12   0  20  12   5   1   1   2  19   0   0   0   4   2   0   2   1  0.38 0.23
  197 L    -1   1   2   0  -4   1   1   3  -2  -4  -3   2  -3  -2  -3  -1  -1  -4  -1  -3    3   7  12   5   0   8   8  29   0   0   2  15   0   2   0   2   3   0   2   2  0.36 0.21
  198 F    -5  -4   0   7  -6  -2  -2  -5  -4  -3  -3  -1  -4   5  -5  -3  -3  -5  -1  -3    0   0   3  63   0   1   1   0   0   1   1   3   0  23   0   0   1   0   2   2  1.42 0.58
  199 R    -1   4   0   1  -4   0   2  -3  -2  -4  -4   3  -3  -5   0   0   0  -5  -4  -3    4  28   3   8   0   1  13   0   0   1   0  25   0   0   4   6   6   0   0   2  0.56 0.31
  200 P    -1  -2   0   1  -3  -1   0  -1  -2  -2   0   0   4  -3   3   0   1  -4  -1  -1    5   1   6  11   0   1   6   4   0   1   8   8  15   0  14   4  13   0   2   2  0.24 0.21
  201 F    -4  -5  -6  -6  -4  -5  -5  -6  -5   1   5  -5   2   5  -5  -3  -4  -3   0   0    0   0   0   0   0   0   0   0   0   6  55   0   4  28   0   2   0   0   1   4  1.08 0.46
  202 G     1  -2   0  -3  -2   4  -2   5  -1  -5  -5  -2  -3  -5  -4   1  -2  -5  -4  -4   13   2   3   0   1  20   1  47   1   0   0   1   0   0   0   8   1   0   0   0  0.86 0.42
  203 Y    -4  -4   0  -5  -2  -1  -5  -5  -2  -2  -2  -4   5   5  -4  -4  -3  -2   7  -1    0   0   6   0   1   3   0   0   0   1   1   0  20  22   1   1   1   0  41   3  1.29 0.56
  204 P    -3  -3   4  -2  -5  -3  -3  -3  -3  -5  -5  -3  -4  -5   8  -2  -3  -6  -5  -4    0   0  25   0   0   0   0   0   0   0   0   0   0   0  75   0   0   0   0   0  2.01 0.30
  205 T     0  -2  -2  -2   2  -2  -2  -1  -3   2   0  -2   2   0  -2   1   3  -3  -2   1    5   0   0   0   5   0   0   5   0  14   6   0   8   5   0   8  34   0   0   8  0.22 0.10
  206 I    -2  -3  -3  -4   1  -3  -3  -4  -3   3   3  -3   3   1  -3  -1  -1  -2   1   2    0   0   0   0   4   0   0   0   0  27  30   0  13   4   0   5   0   0   4  13  0.37 0.11
  207 A     0  -2   1   1   3  -2  -2   0  -2   1   0  -2   2  -1  -2   0   1  -2   1   0    8   0   8   8   8   0   0   8   0   8   8   0   8   0   0   8   8   0   8   8  0.08 0.11
  208 F    -2  -2   1   0  -1  -3  -3  -1  -3   0   0  -2   0   5   0  -2   0   2   0   1    3   2   9   5   2   0   0   5   0   4  11   2   2  28   4   1   7   2   2  11  0.32 0.26
  209 A     1  -4  -4  -4  -4  -1  -4  -2  -4   0   1  -1   0  -4   5  -1   1  -5  -4   2   13   0   0   0   0   3   0   3   0   3  12   4   2   0  28   3   9   0   0  18  0.58 0.38
  210 L     1  -2   0  -1   3  -1  -1   0   1   1   0  -2   0   0  -3   0   1  -3   1   0   17   1   6   2   9   1   4   9   4   9   7   1   2   3   0   8   8   0   5   5  0.11 0.15
  211 D     0  -1   2   3  -4   0   3  -1   1  -3  -3   1  -3  -2  -1   0   1  -5  -2  -3    7   2  11  17   0   4  18   4   4   1   3   7   0   1   2   5  11   0   1   1  0.31 0.26
  212 E     0   0  -1   2  -5   0   4   0  -1  -2  -3   0  -2  -2  -2   1   0  -5  -4  -2    9   4   1  14   0   4  30   6   1   3   1   6   1   2   1  10   4   0   0   2  0.38 0.30
  213 N     0   0   0   0   2   1   0   0   2   0  -1   0  -2  -2  -3   0   0   3   1   0    6   6   6   6   6   6   6   6   6   6   6   6   0   0   0   6   6   6   6   6  0.08 0.11
  214 P    -1   0  -1  -1  -4   1  -1  -1   0  -1  -1   1   0  -1   3   0  -1   4   1  -1    4   4   3   3   0   6   4   6   3   4   7   8   3   2  16   8   2   7   5   4  0.21 0.20
  215 Y    -1  -2   0  -1   0  -1   0  -2   1   0   0  -2   3   0  -2  -2  -3   5   3   1    6   2   5   4   2   3   5   2   4   6  10   2   8   3   2   2   0   8  11  13  0.24 0.24
  216 Q     0   0  -2   0   2   1   0   0  -2   0   0   0   1  -2  -3  -1   0   4   1   0    7   7   0   7   6   7   7   7   0   7   7   7   6   0   0   0   7   6   6   7  0.09 0.14
  217 A     1   0  -2  -1  -4   2   5  -1  -2  -4  -1   2  -3  -4  -3  -2   0  -4  -4  -3   10   5   0   0   0  11  43   5   0   0   6  12   0   0   0   0   7   0   0   0  0.60 0.36
  218 V     2  -1  -1  -3   4   0   1   0  -3   0  -1  -2  -2  -3  -3   0   1   1   0   1   20   3   2   0  12   3   9   6   0   7   3   0   0   0   0   4  11   3   4  13  0.20 0.20
  219 M     3  -1  -3  -1   0  -2  -3  -3  -3   1   1  -1   4  -2   0   0   0   2  -1   0   30   2   0   3   2   0   0   0   0   7  11   3  14   0   5   5   6   3   3   7  0.24 0.24
  220 E     0  -1  -1   0   0   0   2  -2   0   1   1   0   1  -1  -3  -1   1   0   1   0    5   3   1   4   2   3  16   2   2  11  12   4   6   2   0   3  12   1   5   6  0.08 0.12
  221 A     5  -4  -4  -4  -3  -3   0   0  -4  -3  -2  -3  -1  -5  -1   0  -1  -5  -4   0   63   0   0   0   0   0   5   6   0   0   3   0   2   0   3   6   3   0   0   7  0.86 0.48
  222 S     2  -1   0  -2   2  -1   0   0  -3  -3  -2  -1  -3  -4  -3   4   1  -4  -2  -2   22   3   5   1   5   2   5   7   0   0   3   2   0   0   0  36   6   0   1   3  0.43 0.33
  223 V     0  -3  -2  -1  -1  -1  -2  -2  -3   1   2  -3   4  -1  -3  -1   2  -3   1   2    6   0   2   3   1   2   1   3   0   9  20   0  12   1   0   3  13   0   5  17  0.25 0.22
  224 Y    -1  -2  -2   0   1  -1   1  -1   1   0   1  -2   1   3  -3  -1  -1  -2   2  -1    4   0   0   6   4   0  14   5   4   6  18   0   5  15   0   4   4   0  10   0  0.14 0.13
  225 I     0  -3  -3   0  -2  -3  -3  -4  -4   3   1  -3   3   1  -3  -2   2  -3  -2   2    9   0   0   7   0   0   0   0   0  21  12   0   8   7   0   0  16   0   0  20  0.33 0.21
  226 A     1  -2   0  -1   1   1  -1  -1  -2   0   0  -1   2  -2   3   0   0  -3  -2   1   14   0   6   2   4   7   2   2   0   5  10   0  11   0  15   9   3   0   0   9  0.16 0.12
  227 K     1   2  -1  -2   0   0   1   0  -2  -3  -3   4  -2  -4  -2   0   1  -4  -3  -2   12  13   0   0   3   0   7   5   0   0   1  42   0   0   0   4   8   0   0   3  0.42 0.22
  228 Y     1  -2  -1  -2  -2  -1  -2   1   3  -2  -1  -2  -1   2  -2  -1  -1   6   3  -2   15   1   1   1   0   1   1  15  15   1   1   1   0  15   1   1   1  14  15   1  0.35 0.08
  229 A     3  -2  -2  -2   3  -1  -2   2  -2  -1  -1  -1   1  -2  -2   1  -1  -3  -2   0   44   0   0   0   9   0   0  20   0   0   0   0   9   0   0  10   0   0   0   8  0.29 0.09
  230 G     0  -2   1   4  -3  -1   1   2   1  -3  -3  -1  -3  -3  -2   2   0  -4  -3  -2    4   0   6  36   0   0   4  16   4   0   0   0   0   0   0  21   4   0   0   4  0.40 0.11
  231 I     0   0  -3  -3  -2  -2  -3  -3  -3   3   1  -2   2  -1   2  -2  -1  -3  -2   2   10   6   0   0   0   0   0   0   0  37  11   0   7   0  11   0   0   0   0  15  0.27 0.10
  232 I     0  -2   0  -2  -2  -2  -2  -3  -2   2   2  -2   2   1   1  -1  -1  -2  -1   2    7   1   6   1   0   0   1   1   0  15  22   1   9   6   6   1   1   0   0  23  0.16 0.08
  233 V     1   1  -2  -2   3  -1  -2  -2  -2   1   1  -1   2  -1  -2  -1   1  -2  -2   1   12  12   0   1  11   0   1   1   0  12  12   1  11   0   1   1  12   0   0  12  0.13 0.08
  234 L    -1  -1  -1  -2   0  -2  -2  -3  -3   1   3  -1   4   0  -3  -1   0  -3  -2   1    4   4   2   2   2   0   2   0   0   4  29   4  18   4   0   6   5   0   0  12  0.27 0.21
  235 N     0   1   1   2  -4   1   1   0   4  -4  -4   1  -3  -4   2   1   1  -4  -3  -3    6   9   6  11   0   5   9   5  13   0   0   8   0   0   8  10  10   0   0   0  0.33 0.22
  236 T     0   1   1   1   2   1   0   0   2  -3  -1   0  -2  -2   1   0   0  -3   1  -2    7   7   7   7   7   7   7   7   7   0   7   7   0   0   7   7   7   0   7   0  0.13 0.14
  237 V    -1  -1  -3  -1   1  -3  -3  -4  -3   1   2  -1   2   2   0   0   0   3   1   0    4   4   0   4   3   0   0   0   0   8  23   4   6  12   5   9   5   4   4   7  0.18 0.19
  238 E     0   1   1   2  -3   0   2  -1   1  -1  -2   0   0  -3   0   1   0  -4  -3  -1    9   7   8  11   0   4  17   4   3   3   4   5   3   0   3   8   7   0   0   3  0.16 0.15
  239 P     0   1  -3  -3  -4  -1  -1   0  -2  -1  -1   1   0   2   3   1  -1   1   2  -1    7   7   0   0   0   1   4   8   0   4   4   9   2  10  16  11   3   2  10   3  0.22 0.22
  240 A     2   0  -1  -1  -1   0   1  -2   2  -2  -2  -1   1  -3  -3   0   0   5   1   0   24   5   3   3   2   4  10   2   5   2   1   3   4   0   0   6   4   9   6   6  0.26 0.26
  241 D     0   1  -1   4   0   0   1  -2   1  -3  -1   1  -1  -4  -3   1  -1  -5  -1  -2    8   9   2  28   2   3   9   2   3   0   8   7   2   0   0  10   3   0   2   3  0.33 0.27
  242 I     1   1  -2  -4  -3  -1  -3  -2   0   3   2  -2   2  -1  -4  -3  -1  -4  -1   1   15  10   2   0   0   2   0   4   3  17  26   2   4   2   0   0   3   0   2   9  0.27 0.26
  243 L    -2  -2  -4  -5  -4  -2  -2  -5   1   1   3  -1   4   4  -5  -2  -1   1   0   0    2   2   0   0   0   2   2   0   4   6  35   3  12  17   0   2   3   2   3   5  0.54 0.35
  244 P     0  -2  -2  -1  -4  -1  -3   3  -4  -4  -5  -2  -4  -5   6   0   0  -5  -5  -2    9   2   2   3   0   3   0  26   0   0   0   2   0   0  39   6   5   0   0   3  0.94 0.44
  245 L     1  -1  -2  -1  -3  -1   0  -1   1   0   3  -1  -1  -2  -3  -1   2  -3  -3   0   11   3   0   3   0   2   8   3   5   3  33   3   0   0   0   3  16   0   0   6  0.21 0.22
  246 I    -2  -2  -5  -5   1  -4  -4  -5  -4   1   3  -4   4   4  -5  -4  -3   6   1   0    3   2   0   0   3   0   0   0   0   7  27   0  13  19   0   0   0  12   5   6  0.75 0.37
  247 T     1  -1  -2  -2  -3   0  -2   0   3  -1   0   2   0  -3  -3   0   3  -3  -1  -1   10   2   0   0   0   3   0   9  10   3   9  15   3   0   0   2  26   0   1   4  0.22 0.19
  248 L     1  -2  -3  -3  -2  -1  -1  -3  -1   1   3  -2   1  -1  -3  -2   0   2  -2   2   14   0   0   0   0   3   5   0   2   6  39   0   2   0   0   0   8   4   0  16  0.25 0.14
  249 R     0   7  -2  -3  -5   1  -2  -1  -2  -4  -4   1  -3  -4  -4  -2  -3  -4  -3  -1    7  74   0   0   0   4   0   5   0   0   0   4   0   0   0   0   0   0   0   5  1.15 0.36
  250 L     0  -2  -2   0   1   4   0  -3  -2  -1   0  -2   2   0  -3  -1  -1   7   0  -2    7   0   0   7   3  27   4   0   0   3  11   0   8   4   0   3   4  17   3   0  0.45 0.23
  251 N     0   0   4  -1   1  -2  -2   4   1  -4  -4   0  -3  -4  -3   0   1  -4  -3  -3    4   4  26   0   4   0   0  38   4   0   0   4   0   0   0   5  11   0   0   0  0.57 0.24
  252 I    -2  -4  -4  -4  -2  -3  -4  -4  -3   5   2  -3   2   1   0  -3  -2  -3   1   2    0   0   0   0   0   0   0   0   0  50  19   0   5   6   5   0   0   0   5   9  0.56 0.23
  253 Y    -2  -1   0  -2  -4  -3  -3   2   0  -2  -2  -3  -2   4  -4  -2  -2   0   6  -2    0   3   6   1   0   0   0  17   1   2   0   0   0  22   0   0   1   0  44   0  0.75 0.21
  254 T    -1   4   0  -2  -3  -1  -2  -3  -2  -2  -3  -1  -2  -3  -2   1   5  -3  -3  -1    0  28   2   0   0   0   0   0   0   0   1   0   0   0   0   7  57   0   0   2  0.69 0.22
  255 D    -3  -2   0   6  -4  -2   0  -2  -2  -2  -3  -2   3   0  -3  -2  -2  -4  -2  -3    1   2   3  69   0   0   0   2   0   1   1   0  13   4   0   0   1   0   2   0  0.94 0.24
  256 P    -1  -2   2   0  -4  -2  -2  -3  -1  -4  -4  -1  -4  -4   7   0  -2  -5  -4  -4    5   1  14   4   0   0   0   0   1   0   0   2   0   0  66   5   0   0   0   0  1.47 0.26
  257 Q    -2   4  -2  -3  -4   5  -1  -4  -1  -3  -3   0   1  -2  -3  -2  -2  -2   4  -3    0  29   0   0   0  44   0   0   0   0   0   0   5   0   0   0   0   0  20   0  0.85 0.26
  258 K    -2   3  -1  -2  -3   1   0  -3   0  -2  -2   5   2  -1  -2  -1   0  -3  -2  -1    1  18   0   0   0   6   1   1   1   0   1  48   7   4   0   1   4   0   0   6  0.46 0.16
  259 P    -1  -2  -2  -1  -3  -1  -2  -1  -1  -3  -3  -1  -2  -3   7  -1  -2  -3  -3  -2    2   1   1   3   0   2   2   4   2   1   2   3   1   1  69   2   1   0   1   2  1.43 0.20
  260 I    -1  -1  -2  -2  -2   1  -1  -2   1   2   1  -1   5   0  -1  -1  -1  -2   0   1    2   1   1   1   0  11   1   2   4  14   7   1  27   4   2   3   1   0   3  14  0.21 0.10
  261 A     1   1  -1  -1  -2   2   0  -2  -1  -1  -1   2  -1  -2   1   1   1  -2  -2   0   14  10   1   1   0  14   2   1   0   3   6  14   1   1   5  10  11   0   0   5  0.15 0.06
  262 V    -1  -4  -4  -5   2  -4  -4  -5  -4   2   0  -4   1  -2  -4  -2  -1  -4  -3   6    1   0   0   0   5   0   0   0   0   7   3   0   3   0   0   1   2   0   0  78  0.88 0.25
  263 E    -1   0   0   2  -4   1   4  -3  -1  -3  -3   1  -3  -4   2   0   0  -4  -3  -2    5   4   4  14   0   3  41   0   0   1   0   7   0   0   9   4   6   0   0   2  0.49 0.15
  264 P     1  -3  -3  -2  -2   0   2  -2  -3  -4  -3  -2  -3  -5   7   0   0  -5  -4  -3   10   0   0   0   1   3  13   1   0   0   1   0   0   0  60   6   5   0   0   0  1.29 0.25
  265 K    -1   0  -2  -1  -4  -1  -1   6  -3  -4  -4   2  -3  -4  -3  -1  -2  -4  -4  -4    1   4   0   3   0   1   3  67   0   1   0  19   0   0   0   0   1   0   0   1  0.93 0.22
  266 V    -2  -3  -4  -4  -2  -3  -4  -5  -4   3   4  -3   2   0  -4  -3  -1  -3  -2   2    1   0   0   0   0   0   0   0   0  27  52   0   3   2   0   0   2   0   0  12  0.61 0.17
  267 Y    -3  -1  -2  -4  -4  -3  -3  -5   3   0  -2  -2  -2   2  -5  -3  -3   1   8   0    0   3   1   0   0   0   0   0   6   4   0   2   0   6   0   0   0   1  71   6  1.34 0.31
  268 E     1   0  -1   0   0   0   3  -1  -2  -3  -3   1  -2  -4   4   1   0  -4  -3  -2   17   5   0   2   2   0  26   3   0   1   0  10   0   0  20   8   6   0   0   1  0.41 0.12
  269 I    -2  -4  -4  -4  -2  -4  -4  -5  -3   4   2  -4   1   2  -4  -3  -2  -3   1   3    0   0   0   0   0   0   0   0   0  39  15   0   1  10   0   0   0   0   4  30  0.58 0.17
  270 L    -1  -1   4  -2  -4  -2  -3   6  -2  -5  -4  -2  -4  -4  -4  -1  -2  -4  -4  -4    1   3  28   0   0   0   0  64   0   0   1   0   0   0   0   1   1   0   0   0  1.10 0.25
  271 N     0   0   4   2  -3   0   1   1  -1  -3  -2   0  -2  -3  -2   2   0  -4  -3  -3    5   3  31   9   0   1   7  13   1   1   4   6   0   0   0  16   4   0   0   0  0.34 0.12
  272 P     1  -4  -4  -3  -4  -3  -3  -4  -4  -3  -3  -3  -3  -5   8  -2  -2  -5  -4   1   12   0   0   0   0   0   0   0   0   0   2   0   0   0  75   0   0   0   0  12  1.78 0.32
  273 G    -1  -2   2   6  -4  -2   0   2  -2  -3  -4  -1  -3  -4  -3  -1   1  -5  -4  -2    3   1   7  56   0   0   0  14   0   0   0   2   0   0   0   1  13   0   0   3  0.75 0.21
  274 P     1   0  -1   0  -4   0   4  -2  -1  -4  -4   1  -2  -4   3   0  -1  -4  -3  -3   18   3   1   3   0   2  41   2   1   0   0   9   1   0  17   2   1   0   0   0  0.55 0.17
  275 D    -1  -2   5   4  -4   0   1  -1   0  -4  -4  -1  -3  -4  -3   1   0  -4  -3  -3    3   0  36  24   0   3   9   2   1   0   0   2   0   0   0  14   4   0   1   0  0.60 0.17
  276 A     1  -2  -1   0   0  -2  -2  -2  -3  -4  -4  -2  -3  -4  -2   6   0  -4  -3  -3   10   0   0   5   2   0   0   0   0   0   0   0   0   0   0  82   1   0   0   0  0.98 0.30
  277 P    -2  -4  -4  -3  -4  -2  -2  -4  -4  -2  -1  -3  -2  -5   8  -3  -3  -5  -4  -3    1   0   0   1   0   2   2   0   0   3   6   0   1   0  84   0   0   0   0   1  2.07 0.35
  278 V    -2  -4  -5  -5   3  -4  -4  -5  -5   2   0  -4  -1  -1  -4  -3  -2  -4  -3   6    0   0   0   0   6   0   0   0   0   6   3   0   0   2   0   0   0   0   0  84  1.00 0.28
  279 F    -1  -3  -4  -4  -1  -3  -4  -4  -3   2   3  -3   1   3  -4  -3  -2  -2   2   1    4   0   0   0   1   0   0   0   0  16  44   0   2  18   0   0   0   0   9   7  0.49 0.14
  280 I    -1  -3  -4  -4   0  -3  -4  -4  -4   3   1  -3   2   0  -3  -2   0  -3  -2   4    2   0   0   0   2   0   0   0   0  21  11   0   6   4   0   0   6   0   0  47  0.51 0.16
  281 T    -2  -3  -2  -3   1  -2  -3  -3  -3  -3  -3  -2  -2  -4  -3   2   7  -4  -3  -2    0   0   0   0   3   0   0   0   0   0   0   0   0   0   0  11  86   0   0   0  1.25 0.34
  282 T     2  -3  -2  -3   5  -2  -3   0  -3  -1  -2  -2  -2  -3  -3   0   4  -4  -3   2   24   0   0   0  15   0   0   7   0   0   0   0   0   0   0   2  35   0   0  17  0.48 0.18
  283 N    -3  -2   8   3  -5  -2  -2  -2  -1  -5  -5  -2  -4  -5  -4  -1  -2  -6  -4  -5    0   0  85  15   0   0   0   0   0   0   0   0   0   0   0   0   0   0   0   0  1.62 0.36
  284 F    -4  -4  -4  -5  -4  -4  -4  -5  -2  -2  -2  -4  -2   7  -5  -2  -3   0   6  -3    0   0   0   0   0   0   0   0   0   0   0   0   0  64   0   4   0   0  31   0  1.51 0.32
  285 S     3   0  -1  -1   0  -1  -1  -1   0  -2  -3   2  -2  -3  -2   2   1  -4  -3  -1   37   3   0   2   2   1   0   0   2   0   0  20   0   0   0  22   6   0   0   4  0.35 0.15
  286 L    -3  -3  -4  -5  -3  -3  -2  -5  -4   1   5  -4   3  -1  -4  -4  -2  -3  -1   0    0   0   0   0   0   0   3   0   0   5  79   0   8   0   0   0   0   0   2   2  0.84 0.23
  287 T    -1  -3  -2  -3  -3  -2  -2  -3  -3  -3  -3  -2  -2  -4  -3   2   7  -4  -3  -2    0   0   0   0   0   0   0   0   0   0   0   0   0   0   0  17  83   0   0   0  1.23 0.33
  288 Y    -3  -4  -4  -5  -4  -3  -4  -5   2  -2  -2  -4  -2   5  -5  -3  -3   0   7   1    0   0   0   0   0   0   0   0   4   0   0   0   0  29   0   0   0   0  57  10  1.34 0.30
  289 F    -4  -2  -3   4  -5   0  -1  -4   1  -3  -3  -3  -3   6  -4  -3  -3  -1   5  -3    0   2   0  25   0   4   3   0   2   0   0   0   0  39   0   0   0   0  25   0  1.02 0.32
  290 C     1   0  -2  -3   2  -2  -2  -2   0   2   0  -1  -1  -2  -3   1   3  -4  -2   1   14   5   0   0   4   0   0   1   4  20   8   1   1   0   0   8  28   0   0   7  0.25 0.16
  291 V    -2  -4  -5  -5  -3  -4  -5  -5  -5   1   3  -4  -1  -2  -4  -4  -2  -4  -3   6    0   0   0   0   0   0   0   0   0   3  26   0   0   0   0   0   0   0   0  71  1.10 0.35
  292 A     1   4  -1  -1  -4   1   3  -3  -2  -4  -3   1  -3  -4  -3   2   0  -4  -3  -2   11  28   1   0   0   3  25   0   0   0   2   7   0   0   0  18   4   0   0   2  0.48 0.21
  293 G    -1   1   1  -2  -4  -1  -1   5  -1  -4  -2   1  -3  -3  -3   2  -1   0  -3  -4    1   7   7   0   0   1   3  45   1   0   4   9   0   1   0  19   1   2   0   0  0.56 0.21
  294 D     0  -2  -1   4  -4   0   5  -2  -2  -2  -4  -1  -3  -4  -3  -1  -2  -4   0  -1    8   1   2  28   0   1  45   1   0   3   0   0   0   0   0   3   1   0   4   4  0.72 0.26
  295 V    -3  -4  -5  -5  -3  -4  -4  -5  -4   3   4  -4   1   1  -4  -4  -2  -3  -2   2    0   0   0   0   0   0   0   0   0  22  54   0   1   6   0   0   1   0   0  16  0.78 0.25
  296 E     1  -1  -2   0  -4   0   5  -2  -2  -4  -4   2  -3  -4   0   0  -1  -4  -3  -2   11   1   0   3   0   1  52   2   0   0   1  13   0   0   4   5   3   0   0   2  0.63 0.23
  297 G     2   2   0  -1  -1  -1  -1   3  -2  -3  -3   1  -2  -3  -2   2   0  -3  -3  -2   17  15   2   1   1   0   1  24   0   0   1   7   0   0   0  24   3   0   0   1  0.36 0.15
  298 A     1   0   1   0   1  -1   0   0  -1  -3  -2  -1  -2  -3  -2   4   1  -3  -2  -2    8   6   8   4   3   1   4   7   1   1   5   2   0   0   1  41   7   0   0   1  0.30 0.15
  299 R    -1   2   2   1  -3   0  -1   2  -2  -3  -3   4  -2  -3  -1  -1  -2  -3  -3  -3    3  12  10   8   0   1   1  21   0   1   1  33   0   0   3   2   1   0   0   1  0.41 0.15
  300 I    -2  -3  -4  -4  -2  -3  -4  -4  -4   4   1  -3   2  -1  -4  -3  -1  -3  -2   4    2   1   0   0   0   1   0   0   0  33  12   0   5   2   0   1   1   0   1  40  0.63 0.22
  301 P    -2  -2   1   4  -4  -1  -1  -2  -1  -4  -4   0  -3  -4   6   0  -1  -4  -4  -3    1   1   7  27   0   1   1   1   1   0   1   5   0   0  42   7   4   0   0   1  0.98 0.25
  302 A     3  -3  -2  -3   7  -3  -3   0  -3  -2  -2  -3  -2  -3  -3   1   0  -3  -3   1   31   0   0   0  28   0   0   8   0   1   2   0   0   0   0  13   3   0   0  11  0.61 0.22
  303 Y    -5  -4   1  -5  -5  -4  -5  -5   0  -4  -4  -5  -4   3  -6  -4  -4  10   7  -4    0   0   8   0   0   0   0   0   1   0   0   0   0  10   0   0   0  42  39   0  2.14 0.48
  304 I    -3  -4  -5  -5  -3  -4  -5  -5  -5   4   5  -4   2  -1  -5  -4  -3  -4  -3   1    0   0   0   0   0   0   0   0   0  31  61   0   3   1   0   0   0   0   0   5  0.96 0.29
  305 L    -1  -4  -5  -5  -1  -3  -4  -2  -4   2   5  -4   3  -1  -4  -3  -2   0  -3   1    4   0   0   0   1   0   0   3   0  12  63   0   7   1   0   0   1   1   0   7  0.70 0.25
  306 P     0  -4  -4  -4  -3  -4  -4  -4  -5   4  -1  -4  -1  -3   2  -2  -2  -5  -3   5    9   0   0   0   0   0   0   0   0  25   0   0   0   0  11   2   0   0   0  53  0.77 0.28
  307 V     0  -2  -1  -3  -2  -2  -2  -3  -3   2   2   0   1  -1   1  -1   0  -3  -2   2    7   0   3   0   0   1   0   0   0  10  25   9   2   1   6   5   6   0   0  25  0.21 0.12
  308 D    -4  -4   2   7  -6  -2   1  -3  -3  -5  -6  -3  -5  -6  -1  -2  -3  -6  -5  -5    0   0  10  80   0   0   5   1   0   0   0   0   0   0   3   1   0   0   0   0  1.66 0.42
  309 T     2  -3  -2  -3  -2  -3  -3  -3  -4  -3  -3  -3  -3  -4  -3   1   6  -5  -4  -2   16   0   0   0   1   0   0   1   0   0   0   0   0   0   0   9  73   0   0   0  1.19 0.40
  310 D    -2   1   1   3  -4   0   3   2   0  -4  -4   2  -3  -2  -3  -1  -2  -2  -1  -4    0   8   5  22   0   0  20  20   2   0   0  15   0   2   0   2   0   1   3   0  0.46 0.18
  311 G    -3  -6  -4  -2  -6  -5  -5   7  -5  -7  -7  -5  -6  -6  -5  -3  -5  -6  -6  -6    0   0   0   2   0   0   0  98   0   0   0   0   0   0   0   0   0   0   0   0  2.36 0.61
  312 T    -2  -1  -3  -5  -3  -3  -4  -5  -4   5   2  -1   2   0  -4  -3   0  -3   2   2    1   4   1   0   0   1   0   0   0  39  21   3   5   2   0   0   7   0   7   9  0.55 0.25
  313 S     0  -4   6  -2  -1  -3  -3   1  -3  -5  -6  -3  -5  -5  -4   4  -1  -6  -5  -5    7   0  40   0   2   0   0  11   0   0   0   0   0   0   0  38   2   0   0   0  1.11 0.44
  314 V    -3  -6  -6  -6  -4  -5  -6  -6  -6   4  -1  -5  -2  -4  -6  -5  -2  -6  -4   7    0   0   0   0   0   0   0   0   0  20   3   0   0   0   0   0   1   0   0  76  1.64 0.53
  315 L    -5  -5  -5   2  -5  -1   1  -6  -5  -3   3  -5   1  -3  -6  -5  -5  10  -2  -4    0   0   0  11   0   4   9   0   0   0  33   0   3   0   0   0   0  40   0   0  1.68 0.52
  316 T     1  -5   0  -5   9  -4  -5  -5  -5  -3  -4  -4  -4  -5  -5  -1   5  -5  -5   0   10   0   5   0  40   0   0   0   0   0   0   0   0   0   0   2  34   0   0   8  1.47 0.49
  317 A     6  -4  -4  -5  -4  -4  -4  -2  -5  -5  -5  -4  -4  -5  -4   2  -3  -6  -5  -4   81   0   0   0   0   0   0   2   0   0   0   0   0   0   0  17   0   0   0   0  1.56 0.56
  318 W     4  -5  -5  -6  -4  -4  -5  -3  -5  -2  -2  -5  -3  -1  -5  -3  -3   9   1   3   40   0   0   0   0   0   0   1   0   1   2   0   0   2   0   0   0  28   5  21  1.35 0.47
  319 A     5  -4  -3  -4  -4  -4  -3   4  -4  -5  -5  -4  -4  -5  -4   1  -2  -5  -5  -2   50   0   0   0   0   0   1  38   0   0   0   0   0   0   0   8   1   0   0   2  1.12 0.42
  320 A     3  -2  -3  -2  -4  -2   0   3  -4  -5  -5   5  -4  -5  -4  -2  -2  -5  -5  -4   30   0   0   2   0   0   5  23   0   0   0  37   0   0   0   1   2   0   0   0  0.83 0.37
  321 G    -3  -2  -2  -1  -6  -3  -2   7  -5  -7  -7  -1  -6  -6  -5  -3  -5  -6  -6  -6    0   3   1   3   0   0   2  86   0   0   0   3   0   0   0   1   0   0   0   0  1.89 0.55
  322 K    -3  -1  -1  -3  -5   4  -2  -4   0  -4  -3   5  -3  -5  -4  -1   4  -5  -2  -2    0   1   2   0   0  18   0   0   2   0   1  36   0   0   0   3  32   0   2   3  0.86 0.39
  323 F    -5  -6  -6  -7  -5  -6  -6  -7  -4  -3   3  -6  -1   8  -7  -6  -5  -3   2  -3    0   0   0   0   0   0   0   0   0   0  24   0   1  70   0   0   0   0   4   0  1.97 0.56
  324 T    -2  -4   2  -2   0  -3  -2   4  -4  -3  -5  -3  -4  -5  -4   2   4  -5  -4  -2    1   0  10   1   2   0   3  35   0   1   0   0   0   0   0  18  27   0   0   2  0.77 0.34
  325 P     3  -4  -1  -2  -4  -3  -2   3  -4  -4  -4  -3  -4  -5   3   0   4  -5  -4  -3   24   0   2   1   0   0   2  20   0   0   0   0   0   0  13   4  34   0   0   0  0.75 0.34
  326 E     0  -2   0   4  -4   0   4   0   0  -4  -3   0  -2  -2  -2   0   0  -3  -4  -2    7   1   2  24   0   3  30   7   2   0   3   5   1   2   1   5   5   0   0   2  0.46 0.23
  327 K     0  -2   1   0  -4  -1   5  -2  -3  -3  -2   3   0  -5  -2   1   1  -5  -4  -2    6   0   5   4   0   0  39   2   0   1   3  18   3   0   1   9   8   0   0   2  0.53 0.28
  328 I    -1  -5  -5  -4  -3  -5  -5  -6  -5   5   3  -5   0  -3  -5  -4  -3  -5  -4   4    4   0   0   1   0   0   0   0   0  37  26   0   1   0   0   0   0   0   0  30  0.98 0.35
  329 A     2  -2  -2  -3  -2  -1  -2   0  -3   1  -1   1   0  -3  -3   0  -1  -2  -2   3   25   1   1   0   0   1   1   8   0   9   5  12   3   0   0   5   1   1   1  26  0.27 0.19
  330 Q    -1   3   1   2  -4   0   2  -2   0  -4  -3   3  -1  -4  -1   0  -1  -3  -2  -3    5  18   7  13   0   3  12   2   2   0   1  23   2   0   3   5   2   0   1   0  0.39 0.20
  331 F     1   4  -3  -4  -2   0  -2  -2  -2  -2   0  -1   0   3  -4   0   0  -1   0  -1   14  30   0   0   1   5   0   2   1   2   8   1   2  18   0   6   5   1   1   3  0.37 0.23
  332 L    -2  -5  -5  -6  -4  -5  -5  -6  -5   6   2  -5   2   2  -5  -4  -3  -1  -3   3    2   0   0   0   0   0   0   0   0  46  19   0   5   7   0   0   0   1   0  20  0.96 0.34
  333 K     0   1   1   0  -4   1   3  -1  -2  -4  -3   4  -2  -3  -2  -1   0  -5  -4  -3    8   7   6   3   0   5  20   3   1   0   1  35   1   1   1   2   6   0   0   0  0.50 0.25
  334 E     1   0   0   1  -3   0   4  -2  -2  -2  -2   2  -1  -4  -3   1   0  -3  -3  -2   13   3   3   9   0   1  29   1   0   2   4  16   2   0   0  10   4   0   0   2  0.35 0.21
  335 S     1  -3  -1  -3   2  -1  -3  -3  -3  -2  -2  -2  -2   1  -3   4   3  -1   0   0   11   0   2   1   5   2   0   1   0   1   2   1   1   6   0  32  25   1   3   7  0.47 0.27
  336 G    -2   1   1   2  -3   0  -1   5   0  -6  -6   0  -4  -5  -4  -2  -3  -5  -5  -5    2   9   7  12   1   4   3  53   2   0   0   6   0   0   0   1   0   0   0   0  0.89 0.33
  337 I    -1  -5  -5  -6  -3  -5  -5  -6  -5   4   4  -5   1   1  -5  -4  -3  -4  -3   2    5   0   0   0   0   0   0   0   0  29  45   0   2   6   0   0   0   0   0  13  0.88 0.32
  338 A     3  -1  -1   2  -4  -1   4  -1  -1  -4  -3   1   1  -4   0   0  -1  -5  -4  -3   25   1   2  10   0   0  29   5   1   0   0   9   5   0   4   6   2   0   0   1  0.43 0.24
  339 E    -1   1   1   3  -4   1   3   0  -1  -4  -3   2  -3  -4  -1   1   0   0  -4  -4    3   6   5  21   0   6  20   6   1   0   1  14   0   0   2   8   4   1   0   0  0.42 0.20
  340 K    -1   1  -3  -2  -4  -1  -2  -4  -3   2   0   5   0  -3  -4  -3  -2  -5  -2   3    3   6   0   1   0   2   1   0   0  12   8  42   2   0   0   0   1   0   1  20  0.56 0.29
  341 V    -2  -5  -3  -6   0  -5  -5  -4  -6   1  -1  -5  -1  -4  -5  -4   1  -6  -4   6    2   0   1   0   2   0   0   1   0   5   3   0   1   0   0   0  10   0   0  75  1.29 0.47
  342 N    -1   1   3   1  -4  -1   0  -1  -2  -3  -4   4  -3  -5  -3   3   1  -5  -4  -4    4   5  17   6   0   1   3   2   0   1   0  27   0   0   0  24   8   0   0   0  0.53 0.27
  343 H    -5  -2   0  -3   1  -2  -3  -2  10  -6  -6  -2  -5  -5  -5  -1  -1  -6   0  -5    0   2   4   1   3   1   0   3  73   0   0   2   0   0   0   4   4   0   3   0  2.22 0.63
  344 R    -4   7   1  -4  -6  -1  -2  -3  -1  -6  -5   3  -4  -6  -1  -2  -1  -2  -5  -5    0  69   6   0   0   1   0   2   1   0   0  14   0   0   2   1   3   1   0   0  1.53 0.51
  345 K    -1   3   1  -1  -4   0   1  -3  -1  -1  -3   3  -2  -4  -2   0   2  -3  -2  -1    3  21   5   2   0   2   8   0   1   5   1  24   0   0   1   7  14   0   1   3  0.36 0.20
  346 A    -2  -5  -6  -6  -1  -5  -5  -6  -5   3   5  -5   3  -1  -5  -5  -3  -4  -3   1    3   0   0   0   1   0   0   0   0  17  63   0   6   1   0   0   0   0   0   9  1.07 0.38
  347 I    -3  -5  -5  -6  -4  -5  -6  -6  -6   7   0  -5   0  -2  -3  -5  -1  -5  -4   3    0   0   0   0   0   0   0   0   0  68   6   0   1   1   1   0   2   0   0  19  1.39 0.46
  348 L    -4  -5  -6  -6  -3  -5  -5  -6  -5   5   4  -5   0  -1  -5  -5  -3  -5  -4   1    0   0   0   0   0   0   0   0   0  40  48   0   1   1   0   0   0   0   0   9  1.15 0.39
  349 P    -4  -6  -6  -5  -6  -5  -5  -6  -6  -6  -4  -5  -6  -7   9  -2  -5  -7  -7  -6    0   0   0   0   0   0   0   0   0   0   2   0   0   0  95   3   0   0   0   0  3.03 0.77
  350 G    -2  -5  -3  -2  -6   2  -4   7  -5  -7  -7  -4  -5  -6  -5  -3  -4  -6  -6  -6    2   0   0   2   0  11   0  83   0   0   0   0   0   0   0   1   0   0   0   0  1.86 0.55
  351 G     4  -3  -4  -4  -3  -3  -3  -1   0  -2   3   1   2  -2  -4  -2  -3  -3   3  -2   37   0   0   0   0   0   0   3   2   0  34   8   5   0   0   0   0   0  11   0  0.57 0.32
  352 V     4  -4  -3  -4  -1  -3  -3  -3  -4  -2  -1  -3  -3  -4   5   0   0  -5  -4   3   35   0   1   0   1   0   0   0   0   0   5   0   0   0  26   5   5   0   0  22  0.73 0.33
  353 A     5  -3  -3  -4  -4  -4  -4   5  -4  -5  -5  -2  -4  -5  -3   0  -3  -5  -5  -4   52   1   0   0   0   0   0  39   0   0   0   2   0   0   1   4   0   0   0   0  1.16 0.43
  354 V    -1   1  -4  -4  -3  -2  -4  -2   1   2  -2  -1   0  -3   0  -1  -2  -5  -3   5    4  10   0   0   0   2   0   4   3   8   0   3   1   0   4   3   1   0   0  56  0.63 0.32
  355 L     3  -2  -2  -2  -1  -1  -1  -3  -3   1   2  -2   2   0  -3   1  -1  -4  -3   0   27   1   1   2   1   3   3   0   0  11  23   2   6   3   0  12   2   0   0   3  0.24 0.18
  356 S     4   0  -3  -3  -3   1  -2  -1  -3  -4  -4   3  -3  -5  -3   3  -1  -1  -4  -2   43   4   0   0   0   6   0   4   0   0   0  18   0   0   0  21   1   1   0   1  0.65 0.33
  357 G    -1   0  -2  -3  -5  -2  -1   5   7  -4  -4  -2  -2  -3  -2  -1  -4  -3  -1  -5    3   5   0   1   0   1   3  44  31   1   1   1   1   1   2   4   0   0   1   0  1.06 0.39
  358 K    -1  -1  -2   3  -5   2   4  -1  -3  -3  -2   2  -2  -5  -3  -2  -2  -5  -4  -2    4   2   0  18   0   8  38   3   0   1   5  16   1   0   0   1   2   0   0   2  0.62 0.29
  359 L    -2  -5  -5  -5  -3  -4  -3  -6  -5   4   3  -4   0  -3  -5  -4  -1  -5  -3   5    2   0   0   0   0   0   2   0   0  21  25   0   1   0   0   0   3   0   0  46  0.90 0.34
  360 Q     0   2  -2  -1  -5   2   5  -2  -1  -4  -2   3  -2  -4  -3  -1  -1  -5  -4  -4    6  11   0   1   0  10  39   2   1   0   3  19   1   0   0   2   4   0   0   0  0.66 0.30
  361 E    -2   3  -1   3  -4   1   4  -2  -2  -5  -5   3  -3  -5  -3  -2  -3  -5  -4  -5    2  15   2  19   0   5  31   2   0   0   0  21   0   0   0   0   0   0   0   0  0.77 0.32
  362 L     0   2  -2  -2  -3   1   1  -2  -2   0   2   1   0  -1  -3  -2  -2  -3  -2  -1    6  16   0   1   0   5  11   3   1   6  30  10   2   2   0   1   1   0   0   3  0.21 0.16
  363 S    -2  -4  -3  -3   4  -3  -3  -2  -2  -3  -2  -2  -3  -3   3   3   5  -5  -2  -3    1   0   0   0  10   0   1   2   1   0   3   1   0   1  15  27  36   0   1   0  0.80 0.37
  364 G    -2  -2  -2   0  -4  -4  -3   7  -4  -7  -7  -2  -6  -6  -5  -2  -4  -6  -6  -6    1   2   1   6   0   0   1  84   0   0   0   2   0   0   0   1   0   0   0   0  1.78 0.52
  365 W    -2  -6  -7  -7  -4  -6  -6  -4  -5  -4  -3  -6   0   7  -7  -4  -5  10   0  -4    3   0   0   0   0   0   0   1   0   0   1   0   2  46   0   1   0  44   2   0  2.49 0.65
  366 E    -1   2   2   0  -4   1   3  -2   0  -4  -3   3  -3  -4  -3   1   2  -2  -3  -3    2  13  10   2   0   3  20   1   2   0   1  22   0   0   0   8  14   1   0   0  0.46 0.24
  367 I    -2  -5  -5  -5   1  -5  -5  -3  -6   4  -1  -5  -2  -2  -5  -4  -2  -5  -4   6    3   0   0   0   3   0   0   2   0  19   2   0   0   1   0   0   1   0   0  68  1.24 0.44
  368 L    -2   0  -3  -3  -2  -2   0  -4  -1   3   1  -1   3  -2  -4  -1   0  -4  -2   3    1   7   0   0   0   1   8   0   2  22  14   3   9   1   0   5   6   0   0  21  0.27 0.17
  369 V    -4  -5  -5  -6  -4  -5  -5  -6  -3   2  -2  -5  -2   3  -5  -4  -3   3   6   5    0   0   0   0   0   0   0   0   0   9   0   0   0  11   0   1   0   4  32  43  1.22 0.44
  370 G     1  -5  -4  -4  -5  -5  -5   7  -5  -6  -6  -4  -5  -6  -5  -2  -3  -6  -6  -5   14   0   0   0   0   0   0  84   0   0   0   0   0   0   0   1   1   0   0   1  1.91 0.55
  371 P    -1  -5  -5  -5  -6  -4  -4  -5  -5  -6  -6  -4  -5  -7   8  -2   3  -7  -6  -4    5   0   0   0   0   0   0   0   0   0   0   0   0   0  77   1  17   0   0   0  2.29 0.64
  372 R    -1   4  -2  -3  -4  -1   0  -4  -3   3  -1  -1   1  -3  -3  -3  -1  -5  -3   4    3  25   2   0   0   2   6   0   0  20   2   3   3   0   1   0   2   0   0  32  0.52 0.27
  373 E    -3   5  -2   4  -4  -1   4  -4  -3  -5  -4  -1  -3  -5  -4  -1  -3  -5   1  -5    0  36   1  21   0   1  30   0   0   0   1   1   0   0   0   4   0   0   5   0  0.98 0.39
  374 S     6  -4  -3  -4  -2  -3  -3  -1  -4  -2  -4  -3  -4  -3  -4   3  -2  -5  -4  -3   64   0   0   0   0   0   0   4   0   2   0   0   0   1   0  28   0   0   0   1  1.16 0.47
  375 S     2   1  -1  -1  -1  -1   0   1  -2  -2  -2   0   0   0  -2   2   0  -2  -3  -1   20  10   2   2   1   2   6  11   0   0   1   5   3   4   0  22   3   0   0   6  0.19 0.15
  376 G    -1   1  -2   6  -5   2   2   2   2  -5  -5  -2  -4  -3  -4  -2  -3  -5  -4  -5    4   8   0  47   0   8  10  16   5   0   1   0   0   1   0   1   0   0   0   0  0.90 0.35
  377 I    -3  -5  -6  -6  -4  -5  -6  -6  -6   6   4  -5   0  -2  -5  -5  -3  -5  -4   1    0   0   0   0   0   0   0   0   0  44  48   0   1   0   0   0   0   0   0   7  1.24 0.42
  378 N    -2  -1  -4  -4  -4  -2  -3   0  -5  -3  -4   0  -5  -6   7  -2  -3  -6  -5   0    3   3   0   0   0   1   0   7   0   2   1   6   0   0  67   2   1   0   0   7  1.64 0.50
  379 S     2   1  -1   1  -3   0   2   1  -2  -3  -2   2  -2  -4  -2   0  -1  -4  -3  -2   24   7   1   7   0   2  19  10   0   0   5  13   0   0   1   6   3   0   0   1  0.27 0.17
  380 F    -5  -6  -6  -7  -5  -6  -6  -6  -3  -2  -2  -6  -2   7  -7  -5  -5   6   6  -3    0   0   0   0   0   0   0   0   0   1   1   0   1  57   0   0   0   9  30   1  2.04 0.58
  381 I    -2  -5  -6  -6  -4  -4  -5  -6  -5   2   5  -5   4   0  -5  -4  -3  -4  -3   0    3   0   0   0   0   0   0   0   0   9  69   0  11   3   0   1   1   0   0   4  1.11 0.39
  382 K    -1   3   0   4  -5   0   2  -2  -1  -5  -5   4  -4  -5  -3  -1  -2  -5  -4  -4    4  13   3  24   0   3  12   1   1   0   0  34   0   0   0   1   2   0   0   0  0.73 0.30
  383 Q    -3   0   5   3  -5   2   2  -3  -2  -5  -5   2  -4  -5  -3   1  -2  -5  -4  -4    0   3  35  14   0  10  12   0   0   0   0  16   0   0   0  11   0   0   0   0  0.75 0.29

                      K         Lambda
Standard Ungapped    0.1365     0.3176
Standard Gapped      0.0534     0.2670
PSI Ungapped         0.1746     0.3136
PSI Gapped           0.0534     0.2670
