
Last position-specific scoring matrix computed, weighted observed percentages rounded down, information per position, and relative weight of gapless real matches to pseudocounts
            A   R   N   D   C   Q   E   G   H   I   L   K   M   F   P   S   T   W   Y   V   A   R   N   D   C   Q   E   G   H   I   L   K   M   F   P   S   T   W   Y   V
    1 V    -2  -3  -4  -4  -2  -3  -4  -4  -4   2   3  -3   3  -1  -4  -3   0  -3  -2   3    0   0   0   0   0   0   0   0   0  11  43   0   8   0   0   0   4   0   0  33  0.56 0.19
    2 E     2  -3  -1   1  -5   1   6  -3  -3  -5  -5  -2  -4  -5   0  -1  -2  -5  -4  -4   21   0   2   7   0   5  57   0   0   0   0   0   0   0   4   2   2   0   0   0  0.94 0.42
    3 V     0  -1   0  -2  -3   2   0  -2  -2   1   0   3   0  -3   0  -1   1  -4  -3   0    7   0   4   0   0  10   5   2   0  13   8  29   3   0   5   2   9   0   0   4  0.22 0.19
    4 L    -1  -4  -4  -5  -3  -4  -4  -5  -4   1   5  -4   0  -1   2  -3  -1  -3   1   1    5   0   0   0   0   0   0   0   0   5  59   0   0   1  11   0   4   0   5   9  0.69 0.34
    5 K     1   0  -1   1  -3   1   2  -1  -2  -1  -3   4  -3  -4  -3   2  -1  -4  -3  -2   13   4   1   6   0   4  12   2   0   6   0  29   0   0   0  21   2   0   0   1  0.38 0.26
    6 E     0  -2   0   0  -5   3   5  -3  -3  -3  -5   0  -4  -5  -1   0  -2  -5  -4  -2    7   0   4   4   0  16  48   1   0   2   0   5   0   0   2   8   1   0   0   2  0.83 0.43
    7 K     3   0  -1  -1  -3  -1   0  -3  -3  -2   0   3  -1  -4  -2   0   0  -4  -3  -1   31   5   3   2   0   1   7   0   0   1  12  22   1   0   1   5   4   0   0   4  0.31 0.25
    8 W    -2  -4  -3  -4  -4  -3  -2  -4  -3  -2   0  -4  -1   3  -5   2   2   6   5  -2    1   0   0   0   0   0   2   0   0   2  11   0   1  14   0  19  14  13  20   2  0.74 0.40
    9 N     4   0   1  -3  -4  -2  -2  -3  -4  -4  -4   0  -4  -5   1   2   1  -5  -4  -3   43   6   8   0   0   1   2   0   0   0   0   6   0   0   6  18  10   0   0   0  0.65 0.40
   10 S     1  -5  -1  -4  -3  -4  -4   4  -3  -6  -6  -4  -5  -6   7  -1  -1  -6  -5  -5   10   0   4   0   1   0   0  26   1   0   0   0   0   0  51   4   3   0   0   0  1.45 0.59
   11 K     0   0  -2  -3  -4  -1   1  -3  -2  -4  -4   3  -4  -6   6  -1  -2  -3  -3  -5    8   4   2   0   0   2  10   1   1   0   1  19   0   0  43   5   2   0   1   0  1.02 0.47
   12 V    -4  -6  -7  -7  -5  -6  -6  -7  -6   7  -1  -6   5  -4  -6  -5  -4  -6  -5   4    0   0   0   0   0   0   0   0   0  59   1   0  12   0   0   0   0   0   0  27  1.66 0.65
   13 V     0   5   2  -3  -1   0  -1   0  -1  -5  -3   4  -2  -5  -3  -1  -2  -5  -3  -4    6  35   9   0   1   3   2   6   1   0   2  27   1   0   0   2   2   0   0   0  0.73 0.40
   14 E    -1  -2  -2  -2  -5   1   5  -2  -3  -3  -1  -1  -3  -5   1  -1   3  -5  -4  -2    6   1   1   0   0   4  45   3   0   1   8   2   0   0   7   3  18   0   0   2  0.68 0.43
   15 V    -4  -6  -6  -6  -1  -5  -5  -7  -6   4   0  -6   0  -3  -6  -5  -1  -6  -3   6    0   0   0   0   1   0   1   0   0  22   6   0   1   0   0   0   3   0   1  65  1.41 0.60
   16 T    -1  -1  -1  -3  -4   0   1  -3  -1  -1  -3   3  -2  -4  -2  -1   4   1  -2   2    3   2   2   0   0   4  11   1   1   3   0  22   0   0   1   3  28   2   1  14  0.43 0.34
   17 L    -4  -5  -6  -6  -4  -5  -6  -6  -6   5   3  -5  -1   3  -6  -5  -4  -4  -2   3    0   0   0   0   0   0   0   0   0  40  28   0   1  14   0   0   0   0   1  17  1.09 0.48
   18 G    -2  -6  -4  -4  -6  -5  -3   7  -6  -7  -7  -5  -6  -7  -6  -2  -4  -6  -7  -7    2   0   0   1   0   0   2  91   0   0   0   0   0   0   0   3   1   0   0   0  2.24 0.80
   19 T     1  -1   1  -1   0  -1  -2  -2  -2  -2  -3   2  -1  -4  -2   2   4  -4  -3   1   11   2   6   2   2   2   1   2   0   1   0  13   1   0   1  17  26   0   1  11  0.34 0.28
   20 G    -3   3  -2  -1  -5  -3  -1   6  -1  -6  -6   0  -5  -6  -2  -2  -4  -5  -5  -5    0  19   1   3   0   0   5  61   2   0   0   4   0   0   2   1   0   0   0   0  1.23 0.53
   21 D    -1  -2  -1   5  -2  -1   3   0  -3  -4  -4   0  -4  -5   0   0   1  -5  -4  -1    3   2   2  31   1   1  23   7   0   1   0   4   0   0   5   6   9   0   0   4  0.56 0.32
   22 K    -1   3   2  -3  -2  -1  -1  -2   2  -4  -4   5  -3  -4  -3   1  -1  -4   0  -2    5  17  11   0   1   1   2   2   5   0   0  36   0   0   0  10   4   0   4   2  0.60 0.36
   23 T     3  -2  -1  -2  -1   0   2  -3  -3  -2  -3   1  -3  -4  -2   1   2  -4  -4   0   30   1   2   1   1   5  14   0   0   2   2   7   0   0   1   9  17   0   0   7  0.37 0.29
   24 V    -1  -3  -5  -5   0  -4  -4  -5  -2   3   1  -4   0   2  -5  -3  -1  -3   3   4    3   1   0   0   2   0   0   0   1  18  13   1   1   7   0   1   2   0  10  37  0.62 0.34
   25 T     0   0  -1  -2  -4  -1   0  -4  -4  -3  -3   4  -3  -3  -4  -1   4  -5  -3   1    6   5   2   1   0   1   5   0   0   0   2  30   0   1   0   4  33   0   0   9  0.64 0.42
   26 L    -2  -5  -5  -6  -4  -5  -5  -6  -5   5   3  -5   1  -1  -5  -4  -1  -5  -4   3    2   0   0   0   0   0   0   0   0  36  31   0   3   2   0   0   4   0   0  21  0.93 0.43
   27 G    -4  -7  -5  -6  -7  -6  -6   8  -6  -8  -8  -6  -7  -7  -6  -4  -6  -7  -7  -8    0   0   0   0   0   0   0 100   0   0   0   0   0   0   0   0   0   0   0   0  2.74 0.95
   28 G    -3  -5  -1   0  -6  -5  -1   7  -3  -4  -7  -5  -6  -3  -2  -4  -5  -6  -6  -6    0   0   3   4   0   0   5  81   1   1   0   0   0   2   2   0   0   0   0   0  1.80 0.70
   29 D    -3  -4  -3   4  -7   2   6  -3  -4  -6  -6  -1  -5  -7  -5  -1  -3  -6  -6  -6    2   0   1  19   0   7  63   2   0   0   0   3   0   0   0   3   1   0   0   0  1.47 0.68
   30 S    -2  -1   3   1  -1  -1   1  -3  -2  -4  -4   1  -4  -2  -4   1   5  -5  -2  -4    2   3  14   7   1   2   9   1   1   0   0   7   0   2   0   9  40   0   2   0  0.66 0.42
   31 T     1  -5  -4  -4   1  -4  -3  -2  -5   0  -3  -4  -3  -4  -4   0   1  -5  -3   6   13   0   0   1   2   0   2   3   0   3   0   0   0   0   0   9   9   0   1  56  0.88 0.49
   32 L    -4  -5  -5  -6  -4  -4  -4  -6  -4   0   5  -5   4   1  -3  -5  -3  -4   2  -2    1   0   0   0   0   0   1   0   0   3  66   0  12   5   1   0   1   0   7   1  1.18 0.54
   33 P    -1  -2  -1  -2  -1  -1  -1  -1   2  -2  -2  -1  -2  -2   6  -1  -2  -2   2  -2    4   2   3   2   1   2   3   5   5   2   4   3   1   2  43   4   2   1   8   3  0.78 0.24
   34 F    -2   3  -2  -2  -2  -1  -2  -2  -2  -2  -1  -1  -1   6  -2  -2  -2  -1   1  -2    4  16   2   2   1   2   3   3   1   2   6   3   1  41   2   3   2   1   3   3  0.64 0.24
   35 L    -5  -3  -5  -6  -1  -5  -5  -6   5  -3   0  -5   0   5  -6  -5  -2  -2   7  -2    0   1   0   0   1   0   0   0  16   1  10   0   3  25   0   0   2   0  37   3  1.43 0.62
   36 T    -2   5  -1  -2  -4   0  -1  -2   3  -2  -2  -1  -3  -3  -1   1   2  -4  -3  -2    2  41   2   2   0   2   4   3   6   2   4   0   0   1   3  11  14   0   1   2  0.62 0.39
   37 F    -3  -4  -4  -4  -5  -4  -4  -4   8  -1  -3  -3  -4   7  -4  -3  -4  -3   2  -4    2   0   0   1   0   0   0   2  33   3   1   2   0  44   1   2   0   0   7   0  1.68 0.67
   38 E    -4  -4  -3   5  -6   0   6  -5  -4  -5  -5  -3  -5   1  -3  -3  -4  -5  -4  -5    1   0   0  28   0   2  56   1   0   0   1   0   0   6   1   1   0   0   0   0  1.51 0.68
   39 G     1  -1  -1  -2  -4  -2   0   3  -1  -2   0   4  -2  -2  -2  -2  -3  -4  -4  -3   11   1   3   1   0   0   5  24   1   2  10  33   1   2   1   2   1   0   0   1  0.49 0.34
   40 E    -1   1   0   1  -4  -1   3  -4  -3  -4  -4   1  -4  -5   2   0   5  -5  -4  -3    3   8   4   7   0   2  17   1   0   0   1   7   0   0   9   5  35   0   0   1  0.60 0.40
   41 M    -3  -1  -2  -3  -1   0  -3  -3  -1   1   1  -3   4   6  -2  -3   0  -3   3  -1    1   4   2   2   1   4   1   2   1   8  10   1  10  34   3   1   5   0   8   2  0.60 0.36
   42 P    -2  -3  -3  -3  -4  -2   2   1   0  -1  -3  -1  -3   2   4  -2  -2  -3   4   1    3   1   1   1   0   1  15  11   2   3   1   4   0   8  19   2   1   0  14  13  0.42 0.31
   43 N    -4  -1   7  -1  -7  -3  -3  -5   7  -7  -6  -3  -6  -5  -6   0  -4  -7  -2  -5    1   3  59   2   0   1   1   0  22   0   0   1   0   0   0   7   0   0   1   1  1.83 0.82
   44 P     1   4  -3  -5  -3   0  -2  -4  -2  -6  -3   3  -5  -6   6  -2  -3  -6  -5  -5   10  20   1   0   1   4   1   1   1   0   2  20   0   0  37   1   1   0   0   0  1.11 0.58
   45 P    -3  -5   1  -5  -1  -1  -4  -5  -5  -4  -5  -3  -5  -6   6  -2   5  -6  -6  -4    2   0   7   0   2   3   0   0   0   1   1   1   0   0  41   3  39   0   0   1  1.50 0.74
   46 R     1   2  -3  -4  -3  -2  -3   1  -2  -1   1   2  -2  -3   0  -2  -1  -4   0   1   13  12   0   0   0   1   0  11   1   2  18  15   0   0   5   1   4   0   3  14  0.21 0.24
   47 F    -4  -6  -6  -6  -4  -5  -6  -6  -5   5   2  -6   1   3  -6  -4  -3  -4   2   3    1   0   0   0   0   0   0   0   0  38  19   0   2  11   0   1   1   0   8  18  1.02 0.50
   48 A     5  -4  -4  -4  -3  -4  -4   3  -4  -2  -2  -4  -1  -1  -4  -2   0  -5  -4   1   48   0   0   0   0   0   0  21   0   2   3   0   2   3   0   2   6   0   0   8  0.78 0.46
   49 L    -1  -5  -5  -6  -3  -3  -5   0  -5   4   0  -5   5   2  -5  -4  -3  -4   1   4    6   0   0   0   0   1   0   7   0  22   8   0  17   8   0   0   1   0   5  25  0.73 0.43
   50 E    -1  -1  -3   4  -3   0   5   0  -3  -4  -1  -1  -2  -5  -4  -1   0  -6  -4  -2    4   2   0  22   0   4  37   7   0   1   7   2   1   0   0   5   5   0   1   3  0.65 0.43
   51 V    -4  -1  -6  -6  -2  -5  -6  -6  -6   5   1  -4  -1   0  -6  -5  -2  -5  -4   5    0   4   0   0   1   0   0   0   0  37  11   1   1   4   0   0   2   0   0  38  1.14 0.56
   52 F    -1  -3  -1  -3   5  -1  -3  -3  -3  -1   1  -3  -3   2  -2   3   2   5  -1  -2    3   1   3   1  11   2   1   1   1   2  12   1   0   8   2  24  13   9   2   2  0.47 0.36
   53 D    -5  -5   3   8  -7  -4  -2  -5  -5  -7  -6  -4  -6  -7  -5  -2   0  -7  -2  -6    1   0  12  72   0   0   1   0   0   0   1   1   0   0   0   3   6   0   2   0  1.96 0.86
   54 T    -1  -3   0   1   3  -3  -2  -3  -2   2   0  -3   3  -1  -4  -1   2  -4  -2   2    5   1   6  10   6   0   2   1   1  14   6   1  10   2   0   3  17   0   1  15  0.29 0.26
   55 P    -1  -2   0  -1  -2  -1   0   0  -3  -1   1  -1   5  -2   1  -1   1   0   0  -1    5   2   5   3   1   2   7   8   0   2  12   3  21   1   8   5   8   1   3   3  0.22 0.24
   56 P    -2  -2  -3   3  -5  -2  -1  -2  -4  -3  -2  -2   3  -5   6   2  -1  -6  -5  -3    3   3   1  17   0   1   3   3   0   2   4   1   8   0  36  14   3   0   0   1  0.87 0.51
   57 T     0  -2   0   5  -5  -1   4  -3  -3  -2  -4  -2  -3  -4   0  -1   1  -5  -4  -3    9   2   3  28   0   2  30   2   0   2   1   2   1   0   4   4   8   0   1   1  0.67 0.43
   58 D     1  -1   1   3  -3  -1   3   2  -1  -4  -3  -1  -3  -3  -2   1  -1  -4  -3  -3   11   4   7  16   1   1  21  15   1   1   2   3   0   1   2  12   3   0   0   1  0.38 0.27
   59 W    -1   1  -2  -2  -4  -1   3  -4  -3   0   0  -1   1   2  -4  -2  -2   7   0  -1    5   8   1   2   0   2  23   1   0   5  10   3   3   9   1   2   2  17   3   4  0.53 0.33
   60 P     0  -2  -1  -1  -2  -2  -1  -3  -2   2   0   0  -2   0   3   0   0  -3  -2   1    8   1   3   3   1   1   4   1   1  16   7   7   0   5  18   9   4   0   1  10  0.22 0.18
   61 D     1   0  -1   4  -2   0   2  -2  -3  -3  -4   3  -2  -5   0  -1  -1  -5  -3  -3   11   4   2  22   1   3  15   2   0   1   1  22   1   0   5   3   4   0   1   2  0.47 0.33
   62 I     3  -1   0  -1   1  -1   0   2  -2  -1   0   0  -1  -2   0   0  -1  -4  -3  -1   27   3   4   3   3   1   7  13   0   4   8   6   1   1   4   7   3   0   0   5  0.16 0.18
   63 L     0   1  -4  -4  -3  -2  -3   0  -4   3   2   2  -1  -1  -4  -3  -3  -4  -2   2    9   8   0   0   0   1   1   9   0  16  21  17   1   2   0   0   0   0   1  12  0.31 0.28
   64 V     1   2  -3  -2  -3   0   0  -2  -3   2   1   3  -1  -3  -4  -1  -1  -5  -4   1   12  10   1   1   0   3   5   2   0  11  14  23   1   0   0   2   3   0   0  10  0.27 0.26
   65 E     3  -1   0   1  -3   0   4  -2  -3  -4  -4   2  -1  -1  -3  -1  -1  -5  -3  -3   23   2   3   7   0   4  33   3   0   1   0  12   2   2   1   3   2   0   1   1  0.55 0.39
   66 P     1   3   1  -1  -1   0   1  -3   1  -1  -1   0   2   0   0  -1  -2  -1   2  -1   11  17   6   2   1   2   9   1   4   4   4   6   7   3   5   2   2   1  10   3  0.17 0.19
   67 F    -2  -4  -2  -3   0  -3  -4  -4  -2   3   0  -3   0   4  -4  -2  -2  -1   4   3    2   0   2   2   2   1   1   1   1  17   9   1   2  15   0   3   1   1  15  23  0.56 0.33
   68 K     0   0   1  -1  -5   0   4   0  -2  -5  -4   3  -3  -4  -1  -1  -2  -4   1  -3    7   5   6   3   0   2  28   8   1   0   1  22   0   0   3   3   1   0   6   1  0.48 0.34
   69 D    -1   0   1   4  -5   0   1   3  -1  -4  -3   2  -4  -4  -4  -1  -1  -4  -1  -4    6   4   5  25   0   3   9  21   1   1   2  15   0   0   0   2   3   0   3   1  0.47 0.31
   70 V    -1   0   0  -1   1  -2  -2  -2  -3   2   1   0   0   0  -2  -2  -1  -4  -3   4    6   6   5   3   3   1   2   3   0  14  11   5   1   4   1   1   2   0   0  31  0.26 0.22
   71 I     0  -2  -1   0   0  -1   0  -2  -1   1   0  -1   2   1  -2  -1   0   3   1   1   10   1   3   7   2   3   7   2   1   9   9   2   6   8   1   3   8   4   4  10  0.07 0.09
   72 N    -1  -2   2   3  -1   0   3  -1   0  -3  -2   0  -2   2  -3   0   0  -2   0  -2    5   1   9  15   2   2  22   3   2   1   3   6   1   9   1   5   7   1   4   2  0.27 0.20
   73 D    -1   0   1   4  -2   0   2  -1   0  -2  -1  -1   0   0  -2  -1   1  -3   0  -2    4   4   7  24   1   3  13   3   2   2   7   2   3   6   2   3   9   0   3   2  0.24 0.18
   74 P     3   3  -3  -2   0  -1  -1  -2  -3  -1  -2   0  -1  -3   4  -1  -1  -3   0   0   24  16   1   2   2   2   3   2   0   3   3   5   2   1  19   2   3   0   3   7  0.35 0.24
   75 V     1  -2  -2  -1  -1  -1  -1  -1  -3   2  -1   0   0   0  -2   0  -1  -3  -1   3   16   1   1   5   1   2   3   4   0  14   4   7   1   5   1   6   2   0   2  24  0.16 0.16
   76 A     1  -1   0   2  -4   1   3   1  -2  -1  -2   0  -2   0  -3  -1  -2  -4  -2  -2   13   3   3   9   0   7  27  13   0   4   2   6   1   5   0   3   2   0   1   2  0.28 0.22
   77 W    -1   1  -3  -1  -4  -1   0  -4   1   2  -2  -2  -1   1  -4  -3  -3   8   4  -2    7   8   1   4   0   2   6   1   4  14   3   2   1   5   1   1   1  22  16   3  0.73 0.36
   78 A     5   0  -3  -3  -3  -2   1  -2  -2  -1  -3   0  -3  -4  -3  -2  -1  -4  -3   1   50   4   1   1   0   1  11   2   1   4   1   6   0   1   1   1   3   0   0  12  0.59 0.36
   79 K    -2   5  -2  -3  -4   0   0   1  -1  -2  -1   4  -1  -4  -3  -2  -2  -4  -3  -3    3  31   1   1   0   3   4   9   1   2   6  31   2   1   1   2   2   0   1   2  0.70 0.36
   80 K     1   0  -1  -1  -1   1   1  -2  -1   0  -1   3  -1   0  -2  -1   0  -1   0   0   17   5   3   3   1   5  10   2   1   7   3  21   1   4   1   3   4   1   4   7  0.14 0.14
   81 C     0  -2   0  -2   5   4  -1   2  -2  -1  -2  -1   2  -1  -3  -1  -2  -1  -1   0    7   2   5   2  12  22   2  15   0   3   4   3   5   3   1   2   1   1   2   9  0.32 0.24
   82 V     0  -3  -2  -2  -3   0   2  -3  -2   1   2  -2  -2  -2  -3  -2   0  -4  -3   4    9   1   1   1   0   4  15   1   1   5  17   1   0   1   1   3   5   0   0  34  0.38 0.28
   83 E     0   1   1   1  -4   0   3  -1   1   0  -2   2   1  -3  -2  -1   0  -4  -3  -2    7   8   5   7   0   3  26   3   3   6   3  13   5   1   1   2   5   0   0   2  0.27 0.21
   84 Y     1  -1   0  -1  -1  -1   1  -2   0  -1   1   0   2   2  -2  -2  -2  -2   3  -1   11   3   5   2   1   2  12   2   2   2  17   5   8   8   2   2   2   0  12   3  0.14 0.16
   85 G    -2   1   0  -1  -2   0  -2   5  -1  -4  -5   0  -2  -2  -4   0  -1  -4  -1  -3    2   7   5   4   1   3   2  50   2   1   1   6   1   1   0   5   4   0   2   1  0.73 0.38
   86 A     5  -4  -5  -5   0  -4  -3  -3  -5   0  -1  -4   1  -4   1  -2  -2  -5  -4   2   55   0   0   0   2   0   2   1   0   4   6   0   3   0   8   2   1   0   0  15  0.85 0.50
   87 D    -4  -4   1   6  -7   1   3  -3   4  -6  -5  -3  -3  -6  -5  -2  -2  -7  -5  -6    1   0   5  52   0   5  18   2  10   0   1   1   1   0   0   2   2   0   0   0  1.35 0.64
   88 I     1  -4  -5  -5  -1  -4  -5  -1  -4   3   2  -4   5   3  -5  -4  -2  -4   0   2   11   0   0   0   1   0   0   6   0  15  17   0  18  13   0   0   1   0   3  13  0.59 0.36
   89 V    -1  -6  -3  -6  -4  -5  -6  -4  -6   6   2  -5   0  -1  -6  -5  -4  -5  -4   4    4   0   2   0   0   0   0   2   0  42  15   0   2   3   0   0   0   0   0  30  1.11 0.52
   90 A     3  -3  -2   4   6  -4  -2  -1  -4  -4  -4  -4  -4   0  -4  -1   0  -5   1  -1   29   1   1  25  15   0   1   4   0   0   1   0   0   4   0   3   5   0   4   5  0.68 0.43
   91 L    -3  -5  -6  -6  -4  -5  -6  -4  -6   4   3  -5  -1  -1  -6  -5  -1  -5  -4   5    1   0   0   0   0   0   0   2   0  24  32   0   1   2   0   0   3   0   0  35  1.04 0.51
   92 R    -2   3   3  -1   4   1   0  -1   2  -1  -2   1  -3  -3  -3  -1  -1   1   0  -1    2  16  14   3   9   5   5   6   6   4   3  11   0   0   0   2   4   2   3   5  0.24 0.25
   93 L    -1  -3   1  -1   2  -1  -1  -1   1   0   2  -1   1   1  -3  -1  -1  -3   2   0    5   0  10   4   5   3   4   5   4   3  28   2   4   5   0   4   2   0   7   5  0.13 0.19
   94 V     0   0   1   0   2   1   0   0  -2   0   0   0   1  -2  -2   0   0  -3  -2   0    7   7   7   7   6   7   7   7   0   7   7   7   6   0   0   7   7   0   0   7  0.06 0.09
   95 S    -1  -2   0  -1  -3  -2   0   3  -2  -3  -4  -2  -3  -4  -3   5   0  -4  -4  -2    3   1   3   2   0   1   5  21   1   1   2   2   0   1   1  48   5   0   0   3  0.72 0.43
   96 A     2  -2   2   0  -2  -2  -2   2  -2  -2  -3  -2  -3  -3  -2   0   4  -4  -3  -2   16   2   9   5   1   1   1  16   1   2   2   1   0   1   2   4  33   0   0   2  0.45 0.33
   97 H    -2   3   1   6  -3  -2  -1  -2   1  -3  -3   0   0  -4  -3  -2  -3  -4  -4  -3    4  18   5  46   1   1   2   2   3   2   2   5   3   1   1   2   1   0   0   1  0.85 0.43
   98 P    -1  -1  -2  -3  -3  -2  -2  -3  -2  -1  -1  -2  -3  -3   7  -2  -3  -3  -2  -1    4   4   1   2   0   2   3   2   1   4   6   2   1   1  58   2   1   0   1   4  1.28 0.47
   99 D    -1   0   3   3  -3  -1   0   2  -2  -2  -1   0  -2  -2  -2  -1  -1  -3  -2  -2    4   4  16  21   1   2   6  20   1   2   6   5   1   2   1   3   2   0   2   3  0.31 0.18
  100 G     1   1   0   0  -2  -1   0   2   2  -1  -1   0  -1  -1   0   0  -1  -1   1  -1   11  10   3   6   1   2   5  18   7   5   5   4   2   2   5   6   2   1   6   3  0.09 0.08
  101 Q     0   0   0   1  -1   1   2  -1  -1  -1   0   1   0   0  -1  -1   0  -2   0   0    9   4   6   9   1   5  15   3   1   3   8  10   2   5   2   2   7   0   3   6  0.07 0.07
  102 N    -1  -1   3   3  -3   0   2  -2   0  -2  -2   1  -2  -1   0   0  -1  -2  -1  -2    4   3  16  17   1   3  17   2   2   2   4   8   1   3   5   5   2   0   3   3  0.26 0.15
  103 R     1   0   0   0  -2   0   0  -1  -1   0   0   1   0  -1  -1   0   1  -1  -1   1   12   6   4   4   1   2   6   5   1   6   6  14   2   2   2   3   9   1   2  14  0.05 0.06
  104 S     0  -2   0   0  -1  -1   2   0  -1  -2  -2  -1  -1  -2   1   3   1  -2  -2  -1    5   1   3   6   2   2  12   6   1   2   4   2   2   2   8  29   7   0   1   5  0.23 0.17
  105 G     3  -2  -2  -1  -2  -1  -1  -1  -2   0   0  -1   1  -1   3  -1  -1  -3  -2   1   25   1   1   4   1   2   4   4   1   5   7   3   3   2  18   3   2   0   1  13  0.27 0.19
  106 A     2  -1  -2   2  -5  -1   5  -2  -3  -4  -4   0  -1  -4  -1  -1  -1  -5  -4  -2   16   2   1  11   0   2  45   3   0   0   1   5   2   1   3   2   3   0   0   3  0.71 0.44
  107 E     0   1  -2   3  -5   0   4  -4  -1  -3  -2   2  -3  -3  -3  -1  -1   0  -4  -3    7   7   1  16   0   2  33   0   2   1   5  16   0   1   0   2   3   2   0   1  0.56 0.37
  108 L     1  -4  -4  -5   3  -4  -1  -3  -4   1   1  -4   4   4  -4  -3  -3  -3   1   1   14   0   0   0   7   0   5   1   0   7  10   0  13  23   0   1   1   0   5  12  0.53 0.35
  109 A     3   0  -2  -3  -3  -1   0  -2  -3   2   0   1  -1  -3  -3  -1  -1  -4  -3   2   31   4   1   1   0   2   6   2   0  16   7   9   1   0   1   2   3   0   0  15  0.29 0.26
  110 E     1   0   1   0  -4   1   2  -2  -2  -4  -4   3  -4  -5   3  -1  -1   2  -3  -4   14   5   7   4   0   5  16   2   0   0   1  21   0   0  13   4   2   3   1   0  0.43 0.31
  111 V     1  -1  -3  -3  -1  -3  -3  -4  -4   1   2  -2   0   2  -4  -2   1  -3  -1   3   13   4   0   1   1   0   1   1   0   7  18   2   2   9   0   2  11   0   1  26  0.30 0.25
  112 C     1  -5  -5  -5  -1  -4  -5  -3  -5   3   2  -5   1  -2  -5  -3  -1  -5  -3   5   14   0   0   0   1   0   0   1   0  17  16   0   2   1   0   1   2   0   0  43  0.79 0.44
  113 K     0   0  -1  -2  -5   1   4  -3  -3  -4  -4   5  -4  -6  -2  -1  -2  -6  -5  -2    7   4   2   1   0   4  26   1   0   1   1  44   0   0   1   4   1   0   0   3  0.86 0.50
  114 A     1   1  -2   0  -3   0   2  -2  -1  -1  -1   3  -2  -2   0  -1   1  -4  -1  -2   14   8   1   4   0   3  13   1   1   5   6  25   0   1   3   2   8   0   2   1  0.25 0.24
  115 V    -1  -5  -5  -5  -4  -4  -2  -5  -5   3   2  -4  -2  -3  -5  -3  -2  -5  -3   6    4   0   0   0   0   0   3   0   0  13  16   0   0   1   0   1   1   0   1  58  1.03 0.51
  116 A     3  -1  -3  -3  -1   2  -1  -2  -3   0   1   0   0  -3  -1   0  -1  -4  -3   1   26   4   0   0   1  11   3   2   0   6  17   5   2   0   3   6   2   0   0  12  0.22 0.23
  117 D     1  -1   0   2  -4   2   3  -1  -2  -4  -3   3  -2  -5  -1   0  -2  -5  -3  -3   12   2   4  11   0  10  23   5   0   1   2  19   1   0   3   5   1   0   0   1  0.43 0.30
  118 A     3  -2   1  -2  -1  -1   2  -1  -3   0  -1   1  -2  -4  -3   0   0  -4  -3  -1   35   1   6   0   1   1  13   4   0   5   6  10   0   0   0   5   6   0   0   4  0.30 0.27
  119 I    -1  -4  -3  -3   0  -4  -4  -3  -3   3   0  -3  -2  -2  -4   0   2  -4  -2   4    4   0   1   1   2   0   1   1   0  19   6   1   0   1   0   9  16   0   1  37  0.58 0.37
  120 D    -1   0   1   4  -5  -1   2   0  -1  -5  -4   3  -4  -5  -1   0  -1  -5  -4  -4    4   3   7  29   0   1  10   8   1   0   1  23   0   0   3   5   4   0   0   0  0.58 0.36
  121 V     0   0  -4  -3   0  -3  -2  -4  -3   1   1   0   1   0  -4  -3  -1  -2  -1   5    8   5   0   1   2   0   2   1   0   4  15   5   3   5   0   1   3   0   1  43  0.47 0.33
  122 P    -2  -5  -1  -4  -3  -5  -4  -3  -5  -5  -6  -3  -4  -7   8  -2  -2  -7  -5  -5    4   0   3   1   1   0   1   2   0   0   0   1   1   0  79   3   3   0   0   1  2.28 0.89
  123 L    -3  -5  -6  -6  -4  -5  -4  -6  -5   4   5  -5   2   0  -5  -5  -3  -4  -2   2    2   0   0   0   0   0   1   0   0  20  55   0   5   3   0   0   1   0   1  11  1.02 0.50
  124 M    -1  -5  -4  -3   4  -4  -4  -5  -5   4  -1  -4   4  -3  -3   2  -3  -5  -3   3    4   0   0   2  10   0   0   0   0  27   3   0  12   0   1  18   0   0   1  22  0.73 0.45
  125 I    -4  -6  -6  -6  -4  -5  -6  -6  -6   6   3  -5  -1  -3  -6  -4  -4  -5  -4   3    0   0   0   0   0   0   0   0   0  53  23   0   0   0   0   1   0   0   0  21  1.35 0.60
  126 I     0  -1  -1   3  -1  -1   0   0  -2   1   0  -1   1  -1  -1  -1  -1   4  -1   0    9   3   1  20   1   2   6   7   1   8   9   2   6   1   3   4   3   7   2   6  0.14 0.11
  127 G     0  -1  -1   0  -1  -1  -1   4  -1   0  -1  -1  -1  -1  -1   1   0  -1  -1  -1    6   2   2   5   1   2   3  31   1   5   5   3   1   3   3  12   7   1   2   5  0.21 0.09
  128 C    -1  -2  -2  -2   6  -2  -2  -2  -2  -2  -1  -2  -2  -2  -1   3   3  -2   0  -1    3   2   2   2  21   1   2   3   1   2   5   2   1   1   3  24  17   0   3   3  0.50 0.23
  129 G     0  -1   0   0  -2  -1  -1   2  -1  -1  -2   1  -1  -1  -1   1   0   1   1   0    7   3   4   6   1   2   3  16   1   4   3  11   1   1   2  13   5   2   8   7  0.09 0.07
  130 V     0   0   3   1  -2  -1   0  -1   0  -1  -1   1  -1   1  -1   0  -1   1   0  -1    6   3  20   9   1   2   5   3   2   2   4  10   1   7   3   7   3   2   4   6  0.13 0.08
  131 E     1  -2   0   4  -2  -1   1  -1   1  -2  -2  -1  -2  -2   2   0   0  -3  -1  -1   11   2   3  28   1   2   8   3   3   2   3   3   1   1  10   6   6   0   2   6  0.30 0.17
  132 E     0  -1  -1   1   1   1   2  -1  -2  -2  -3   0  -2  -3  -1   2   1  -3   0  -1    6   2   2   8   4   4  18   3   0   1   2   5   0   1   2  21  11   0   3   4  0.23 0.18
  133 K     0  -1  -1  -1  -3  -1   1  -2  -2  -1  -1   4  -2  -2   0  -1   2  -2   0   0    8   1   2   2   0   1   8   1   0   4   5  29   0   1   5   3  14   1   4   9  0.24 0.20
  134 D     1  -3   2   6  -4  -3   0  -3  -3  -3  -4  -1  -1  -4  -3  -2  -3  -5  -4  -3   12   1   9  54   0   1   4   1   0   2   2   4   2   0   1   2   1   0   0   2  1.04 0.48
  135 A     2   0  -1  -2  -2  -1   1  -1  -2  -2  -2   0  -2  -4   5   0   0  -3  -3   0   18   4   3   2   1   1  10   3   0   1   3   6   1   0  28   4   7   0   0   6  0.47 0.29
  136 E     2   0  -1   1  -4   1   5  -1  -2  -3  -3   2  -3  -5  -3  -1  -2  -5  -4  -1   16   4   3   8   0   5  36   5   1   1   2  12   0   0   1   2   1   0   0   4  0.53 0.36
  137 I     3  -4  -3  -5  -1  -3  -4  -3  -5   2   0  -3  -2  -4  -4  -2  -1  -5  -4   5   27   0   2   0   1   1   1   1   0   9   8   2   0   0   0   2   3   0   0  44  0.75 0.46
  138 F     0  -5  -5  -6  -4  -4  -5  -5  -3   3   4  -5   4   1  -5  -4  -3  -2  -3   0   10   0   0   0   0   0   0   1   1  20  44   0  12   6   0   0   0   0   0   4  0.82 0.44
  139 P     0   1  -2   0  -5   0   5  -3  -3  -5  -4   4  -4  -4   1  -2  -2  -5  -4  -3    9   5   1   3   0   3  38   2   0   0   1  27   0   1   6   2   2   0   0   1  0.78 0.47
  140 V     5   0  -2  -3  -3   0   1  -3  -2  -2  -1   3  -2  -5  -3  -2  -2  -5  -4  -1   46   5   1   1   0   3  10   0   1   1   7  18   1   0   1   1   1   0   0   4  0.59 0.43
  141 I     4  -5  -4  -5   0  -4  -4   4  -5   0  -1  -3  -3  -5  -4  -2  -3  -5  -5   2   38   0   0   0   2   0   0  33   0   5   5   1   0   0   0   2   1   0   0  14  0.83 0.48
  142 G     4  -3  -5  -5  -2  -4  -4  -2  -5   1   4  -2  -1  -2  -4  -1  -2  -5  -4   0   33   1   0   0   0   0   1   3   0   6  43   2   1   1   0   3   2   0   0   5  0.69 0.45
  143 E     0  -1  -1   1  -5   1   5  -3   3  -5  -4   2  -3  -5  -2  -1  -1  -5  -2  -3    7   2   2   8   0   6  38   2   7   0   1  15   0   0   1   4   3   0   1   1  0.63 0.41
  144 A     3  -3  -2  -3   0  -2  -1  -2  -2   2   0  -2   2  -2  -3  -1  -1  -3   2   2   26   1   1   1   2   1   5   2   1  12   8   2   5   1   1   2   2   0   7  20  0.26 0.24
  145 L     2  -4  -3  -4   5  -4  -3  -1  -1   2   1  -4  -1  -2  -4   0  -1  -4  -1   2   19   0   0   0  15   0   1   6   1  14  14   0   1   1   0   7   3   0   2  15  0.42 0.29
  146 S     1  -1   3   0  -4   3   1   1  -1  -4  -3   2  -3  -4  -1   0  -1  -4  -4  -2   16   1  14   4   0  17   8  11   1   0   2  13   0   0   3   4   2   0   0   3  0.36 0.28
  147 G    -1  -4   0   4  -4  -3   0   5  -2  -5  -5  -2  -3  -2  -3   0  -2  -5  -3  -5    3   1   3  27   0   0   5  43   1   0   0   2   1   2   1   6   2   0   1   1  0.89 0.46
  148 R    -2   2  -1  -1  -3   1   2  -1   0  -2  -2   4   0  -2  -2  -1  -2  -3  -1  -1    3  13   3   2   0   5  14   6   2   2   3  32   2   1   1   3   2   0   2   4  0.37 0.25
  149 N    -1   4   3  -1  -3   0   0  -1  -1  -2  -3   3  -2  -3  -2  -1  -2   2  -2  -2    4  24  18   2   0   3   4   4   1   3   3  18   0   1   2   4   2   4   1   3  0.42 0.24
  150 C     2  -4  -2  -2   5  -4  -4  -1  -4  -2   0  -4  -2  -4   6  -2  -2  -5  -2   0   16   0   2   2  11   0   1   4   0   2   9   0   1   1  39   2   1   0   1   7  0.87 0.44
  151 L    -3  -4  -5  -3  -1  -4  -5  -5  -5   4   5  -4   2  -2  -5  -3  -2  -2  -4   2    1   0   0   2   1   0   0   0   0  24  49   0   5   0   0   2   2   1   0  10  0.89 0.44
  152 L    -3  -3  -3  -5  -4  -4  -5  -5  -5   5   3  -5   1  -1  -5  -4  -2   2  -3   3    1   1   2   0   0   1   0   1   0  37  31   0   3   2   0   1   2   3   0  16  0.86 0.44
  153 S     0  -4   5  -2  -1  -3  -4   2   1  -3  -2  -3   0  -1  -5  -2  -3   4   5  -3    8   0  29   1   2   0   0  17   3   1   4   1   2   2   0   2   0   6  19   1  0.70 0.44
  154 S     2  -3  -1   0  -1  -2  -3   2  -2  -2  -3  -2  -4  -3   1   4  -1  -5  -3  -3   19   0   2   4   1   1   0  17   1   2   2   1   0   1   8  35   3   0   1   1  0.53 0.39
  155 A     5  -4  -4  -5  -1  -1  -3  -2  -5   2  -2  -2  -3  -3  -3  -2  -1  -5  -4   2   54   0   0   0   1   3   2   2   0  13   3   2   0   1   1   1   2   0   0  16  0.80 0.49
  156 T    -2  -1   4   0  -4   0   2  -2   0  -4  -4   1  -4  -5  -4   0   4  -1  -4  -1    2   2  24   4   0   3  13   2   2   0   1   7   0   0   0   4  31   1   0   4  0.62 0.42
  157 K     1  -2  -1   1  -4   0   4  -2  -3  -3   1   2   0  -3  -1  -1  -2  -2  -2  -2   12   1   2   7   0   3  33   3   0   0  14  13   2   1   3   2   1   0   1   1  0.38 0.32
  158 D     0  -3   1   4  -5   0   5  -2  -2  -4  -4   0  -4  -5  -2   0  -1  -6  -5  -5    7   0   6  27   0   3  35   3   1   1   1   4   0   0   1   7   3   0   0   0  0.78 0.45
  159 N    -3   3   7   3  -5  -2  -2  -3  -1  -5  -5   0  -3  -5  -3  -2  -1  -5  -4  -4    1  14  51  15   0   1   1   1   1   0   1   4   1   0   1   2   4   0   0   1  1.18 0.57
  160 Y    -2  -3  -4  -3  -2  -3  -3  -3   1  -1   1  -4   0   4  -3  -3  -3   5   6  -1    3   1   1   1   1   0   2   2   3   3  11   1   2  18   1   2   1   8  33   5  0.86 0.41
  161 K    -1   1  -1   2  -5   1   4  -3  -3  -3  -4   4  -2  -5   0  -2  -3  -5  -4  -3    5   7   2   9   0   5  28   1   0   2   1  30   1   0   4   2   1   0   0   1  0.65 0.39
  162 P     2   1   0   1  -4   1   3  -1  -1  -3  -2   1  -2  -3  -2   1   0  -4  -1  -3   17   6   3   9   0   5  22   4   1   0   3  10   1   1   1   8   7   0   2   1  0.28 0.23
  163 I    -3  -5  -6  -3  -4  -3  -5  -6  -4   4   1  -4   7   1  -6  -5  -3  -3  -3   4    1   0   0   2   0   1   0   0   0  27   8   1  30   5   0   0   0   0   0  24  1.14 0.58
  164 V     4  -4  -2  -4   0  -4  -4   2  -4   0   1  -3   0  -3  -4  -1   0  -5  -4   2   36   0   2   0   2   0   0  14   0   5  16   0   2   0   0   3   6   0   0  12  0.46 0.35
  165 A     3  -1   0   0  -5  -1   2  -2  -1  -5  -5   2  -3  -6   5  -1  -2  -6  -5  -4   27   3   5   4   0   2  16   1   1   0   0  12   0   0  25   2   1   0   0   1  0.70 0.44
  166 T     2  -5  -5  -4  -4  -3  -4  -4  -5   1   4  -4  -1  -2  -5  -2  -2  -5  -4   3   20   0   0   1   0   1   0   1   0   7  44   0   0   1   0   2   2   0   0  21  0.73 0.44
  167 C     5  -5  -5  -5   3  -4  -4  -2  -5   2  -1  -3  -2  -4  -4  -2  -3  -5  -5   3   51   0   0   0   7   0   0   3   0  10   4   1   1   0   0   1   1   0   0  22  0.93 0.54
  168 M     1   0  -2  -3  -4   0  -3  -3   2   0   1   4   3  -2  -4  -2  -1  -5  -2   0   15   3   1   1   0   4   0   1   5   6  13  30   8   1   0   1   4   0   1   6  0.37 0.32
  169 V     1   1   0   1  -5   1   4  -2  -3  -4  -4   3   1  -4  -4  -1  -1  -5  -3  -2   12   8   3   7   0   4  25   3   0   0   1  23   5   1   0   2   3   0   1   2  0.48 0.35
  170 H    -1  -5   1  -2  -1  -3  -3  -2   5  -4  -4  -2  -2   2  -6  -3  -3  -3   8  -4    5   0   6   2   1   1   1   3  13   1   1   3   1   8   0   1   2   0  49   1  1.34 0.65
  171 G    -2  -2   4   2  -5  -2  -1   4  -2  -6  -6   3  -5  -6  -5  -1  -4  -6  -5  -4    2   1  23  12   0   1   3  36   1   0   0  17   0   0   0   3   0   0   0   1  0.90 0.48
  172 H     2  -3  -2  -2   4   1  -3  -2   5  -1   0  -2  -1  -3  -3  -2  -2  -5  -2   3   16   0   1   2  10   7   1   3  18   2   8   3   1   1   1   1   2   0   1  24  0.51 0.36
  173 S     2  -1   0  -2  -2  -2  -1  -2  -4  -2  -4   0  -4  -3   6  -1  -1  -5  -5  -1   16   3   4   2   1   1   4   3   0   2   1   7   0   1  43   4   3   0   0   6  0.87 0.44
  174 V    -1  -5  -5  -5   1  -2  -5  -5  -5   3   3  -5   1  -3  -5  -4  -2  -5  -4   5    5   0   0   0   3   2   0   0   0  18  23   0   3   0   0   0   2   0   0  43  0.90 0.45
  175 V     1  -4  -4  -5   0  -4  -4   1  -5   4   1  -4  -2  -3  -4  -2   0  -5  -4   4   10   0   0   0   2   0   0  12   0  21  14   0   0   0   0   2   7   0   0  29  0.54 0.34
  176 A     3  -3  -3  -5  -1  -4  -4  -1  -5   1   2  -4  -2  -3  -4   0  -1  -5  -4   4   27   2   1   0   1   0   0   5   0   7  19   0   0   0   0   6   2   0   0  29  0.53 0.37
  177 S    -2   1  -1  -3  -4   1   1   0  -1  -1   0   2   3   1  -3   0  -1   3  -1  -1    1   7   2   0   0   5  10   9   1   4  11  13  10   7   0   9   3   5   1   3  0.16 0.19
  178 A     2  -1  -1  -2   1  -3  -3   1   1  -3  -3  -3  -4  -4  -4   4   3  -5  -1  -1   21   3   3   1   3   0   1   8   4   1   1   0   0   0   0  28  20   0   2   4  0.52 0.39
  179 P     0  -2   1   1  -4   0  -1   0  -3   1  -3   0   1  -2   4   1  -1  -4   0  -2    8   1   8   9   0   4   3   6   0  11   0   5   4   2  19  14   1   0   4   1  0.28 0.23
  180 L    -1  -1   2   2  -2   0  -1  -1  -1   1   0   0   1  -1  -2   0   0  -3  -1   0    2   3  11  17   1   3   3   5   1  10  11   5   5   2   1   6   4   0   3   9  0.10 0.11
  181 D    -3  -2  -1   7  -4  -1   3  -3  -3  -2  -3  -2   0  -4  -2  -2  -3  -4  -3  -3    1   2   2  56   0   2  16   2   0   3   2   2   3   1   1   3   1   0   1   2  1.12 0.49
  182 I    -2  -2  -4  -3  -3  -1  -1  -3  -4   4   3  -2   1  -1   0  -2  -1  -4  -2   2    3   3   0   1   0   3   4   2   0  27  28   3   3   1   4   1   4   0   1  13  0.40 0.26
  183 N    -1  -2   5   4  -3  -2   2   1  -2  -5  -5   0  -5  -5  -3  -1  -2  -6  -5  -4    4   2  33  22   1   1  14  11   1   0   0   5   0   0   1   2   1   0   0   1  0.82 0.44
  184 L     0  -2  -1   0  -1  -1   1   0  -3   2   2  -1   3  -1  -3  -1   0  -3  -1   1    9   0   3   4   1   3   9   7   0  14  22   3   8   1   0   3   4   0   1   7  0.14 0.16
  185 S     4  -2  -4  -5   0   1  -2  -3  -4  -1   3  -3   2  -3  -4  -2  -2  -5  -2  -1   40   2   0   0   2   6   3   1   0   3  30   1   5   0   0   1   1   0   1   3  0.60 0.42
  186 K     0   3  -2  -1  -4  -1   1  -3  -1  -3  -4   6  -3  -4  -4  -2  -2  -5   0  -3    7  13   1   4   0   1   8   1   1   1   1  50   0   1   0   2   2   0   4   2  0.85 0.48
  187 Q    -1  -1  -1   2  -5   4   3  -2  -3  -4  -4   1  -4  -4  -2   2   1  -5  -3  -3    3   2   2  11   0  18  22   2   0   1   1   7   0   1   1  20   7   0   1   2  0.50 0.36
  188 L    -3  -4  -5  -5  -2  -4  -5  -6  -1   3   4  -4   3  -1  -4  -2  -1  -4   3   0    1   1   0   0   1   0   0   0   2  15  49   1   8   1   1   4   4   0   9   5  0.77 0.42
  189 N     1  -3   5   1  -2  -2  -1  -2  -1   1  -3  -1  -2  -3  -4   0   0  -5  -1   2   13   1  27   8   1   1   3   1   1   7   0   3   1   1   0   6   6   0   3  19  0.40 0.32
  190 I     0   2  -2   0  -3   1   2  -2  -1   2   0   1  -1  -3  -2  -2   0  -4  -2   0    8  12   1   6   0   5  16   2   1  17  11   7   1   0   1   1   5   0   1   6  0.18 0.19
  191 M    -1   2  -3  -2  -2  -2  -1  -4  -2   0   3   3   0  -2  -4  -2   0  -4  -2  -1    5   9   1   2   1   1   3   1   1   4  37  19   1   1   0   2   7   0   1   3  0.35 0.28
  192 I     1  -4  -5  -5   2  -3  -3  -4  -5   2   3  -4   0   0  -4  -3   0  -4  -3   3   15   0   0   0   5   1   2   0   0  11  34   0   2   3   0   0   7   0   0  20  0.52 0.33
  193 M     0   0   1  -1  -3   1   2  -1   0  -1  -1   2   1  -2  -3   0   2  -4  -1  -1    9   4   9   2   0   5  15   3   2   3   6  12   4   1   0   6  14   0   2   4  0.15 0.16
  194 E     1  -1   2   2  -2   3   3  -1  -2  -3  -5   3  -4  -5  -4  -1  -2  -5  -4  -3   12   2   8  12   1  12  21   3   1   1   0  23   0   0   0   3   1   0   0   1  0.55 0.37
  195 M     3  -3  -2  -3  -1  -1  -1  -4   1  -1   1  -2   4   0  -4  -2  -2   1   3   0   28   1   2   1   1   3   3   0   4   2  17   2  11   4   0   1   1   2  13   6  0.37 0.31
  196 N    -1  -5  -1  -3  -4  -3  -5   7  -6  -7  -7  -3  -6  -7  -6  -3  -4  -6  -7  -7    4   0   3   1   0   1   1  85   0   0   0   2   0   0   0   1   0   0   0   0  2.04 0.81
  197 L    -3  -5  -4  -5  -4  -3  -5  -5  -5   4   2  -4   2   0  -4  -4  -3  -4   0   4    1   0   1   0   0   1   0   0   0  28  21   1   4   4   1   1   0   0   4  32  0.80 0.41
  198 A     0   0   0   1  -3  -1  -1   0  -2  -3  -2   2  -2  -3   4   1  -1  -3  -2  -2    6   4   4   7   0   2   4   9   1   1   3  17   1   1  24   9   3   0   1   2  0.39 0.20
  199 P     0   1   1   1  -2   0   0  -1   0  -1   0   0  -1  -1   3  -1  -1  -2   1  -1   11  10   6   8   1   3   4   3   2   2   9   5   2   2  18   2   3   1   6   3  0.19 0.13
  200 N    -3  -1   1   3  -4   0   5  -3   2  -6  -6   4  -5  -6  -4  -1  -2  -6  -4  -5    1   1   5  14   0   4  38   1   5   0   0  23   0   0   0   4   2   0   0   0  0.90 0.49
  201 R    -4   1   3   6  -6   0   1  -4   0  -6  -6   2  -4  -6  -5   0  -3  -7  -5  -6    1   7  15  45   0   4   9   0   2   0   0  10   0   0   0   5   0   0   0   0  1.08 0.55
  202 I    -5  -6  -7  -7  -5  -6  -7  -7  -7   7   3  -6   0   0  -7  -6  -3  -6  -5   0    0   0   0   0   0   0   0   0   0  61  29   0   2   3   0   0   1   0   0   4  1.59 0.68
  203 I    -3  -6  -6  -7  -4  -6  -6  -6  -4   5   1  -6   0  -2  -6  -5  -3  -3   1   5    1   0   0   0   0   0   0   0   0  35   9   0   2   1   0   0   1   0   5  45  1.25 0.59
  204 M    -4  -5  -5  -5  -4  -5  -6  -6  -5   3   4  -5   5   4  -6  -5  -3  -4  -3   2    1   0   0   1   0   0   0   0   0  18  41   0  14  15   0   0   0   0   0  11  1.03 0.50
  205 D    -6  -6   1   8  -8  -5  -1  -6  -3  -7  -6  -5  -7  -4  -6  -4  -5  -8  -4  -7    0   0   6  88   0   0   3   0   1   0   1   0   0   1   0   1   0   0   1   0  2.50 0.98
  206 P    -2  -6  -5  -5  -4  -3  -5  -6  -6  -3  -4  -5  -3  -4   8  -1   0  -7  -6   1    3   0   0   0   0   1   0   0   0   2   1   0   1   1  69   4   7   0   0   9  1.93 0.80
  207 L    -3  -4  -1  -2  -4  -3  -2   5   1  -2   2  -4  -1  -3  -5  -1   2  -5  -2  -2    1   0   2   2   0   0   2  42   3   2  25   0   1   0   0   4  13   0   1   1  0.68 0.42
  208 I     0  -4  -2  -3   1  -3  -3  -4  -4   4  -2  -3   0  -3  -2   1   4  -4  -2   3    6   0   2   1   3   0   1   0   0  24   2   0   1   0   2  10  27   0   1  18  0.56 0.37
  209 G     1   1  -2  -2   0  -1  -1   3  -1  -3  -2  -1   1   3  -3   0  -1  -3   1  -2   11   9   1   1   2   2   3  28   1   0   3   4   4  16   1   5   2   0   4   3  0.30 0.23
  210 A     3  -2  -1  -1  -3  -2   0   0  -2  -3  -3  -2  -3  -3   5   1   0  -3  -3  -2   23   1   2   2   0   1   5   8   1   1   2   1   1   1  31   9   7   0   1   2  0.59 0.28
  211 L    -1  -3  -2  -3  -1  -3  -3  -3  -3   2   2  -3   0   3  -2  -2   0  -3  -2   3    4   1   1   1   1   1   2   1   0  11  25   1   1  15   2   3   6   0   0  22  0.36 0.23
  212 G     2  -3  -1  -3  -4  -2  -3   6  -2  -4  -4  -1  -4  -4  -3   0  -3  -4  -4  -4   14   1   2   1   0   2   1  60   1   1   1   4   0   1   1   6   1   0   0   1  1.06 0.45
  213 Y     0  -1  -2  -1  -4   0   1  -3  -2  -2  -3   3  -2  -1  -3  -1   3  -3   5  -2    7   3   0   4   0   3   9   1   0   2   1  21   1   2   0   2  19   0  21   2  0.47 0.34
  214 G     0  -3   1  -1  -4  -1  -2   5  -2  -4  -3  -2   0  -4  -3   0   2  -4  -4  -2    8   1   7   4   0   2   2  45   1   0   2   1   2   0   0   6  14   0   0   2  0.67 0.36
  215 I    -2  -3  -2   1  -3  -1  -1  -1  -3   3   2  -3   1   1   0  -2  -2  -3   2   0    3   1   1   8   0   4   3   4   0  18  24   0   3   7   4   3   2   0   7   6  0.19 0.18
  216 E    -2   0  -2   1  -6   2   6  -1  -1  -5  -4   2  -4  -4  -4  -1  -2  -5  -5  -4    3   4   1   7   0   7  50   5   1   1   1  14   0   1   0   3   2   0   0   1  0.90 0.50
  217 Y    -2  -2  -2   3  -5   4   3  -3   2  -4  -4  -1  -4   0  -4  -2  -2  -3   5  -4    2   1   1  14   0  21  16   2   5   0   1   3   0   3   0   2   2   0  25   1  0.76 0.45
  218 S     1  -3   3  -2  -2  -1  -2   0  -3  -1  -2  -2  -2  -3  -3   1   3  -4   0   2   14   0  14   1   1   3   1   6   0   2   3   0   1   0   0  10  21   0   4  17  0.30 0.27
  219 Y    -1  -3  -3  -4  -3  -3  -4  -4  -3   3   3  -3   0   4  -4  -3  -3  -2   4   1    4   1   1   1   0   1   0   1   0  16  25   1   1  19   0   1   0   0  16  10  0.58 0.32
  220 S     0  -1   1   0  -2   1   0   0   2   0   0   0   1   0  -2   0   0  -3  -1   0    7   0   7   7   0   7   7   7   6   7   7   7   6   6   0   7   7   0   0   7  0.04 0.09
  221 I     0  -1   3   2  -3   0   0  -1  -2   1   0  -1  -1  -1  -3  -1   1  -3  -2   1    8   3  19  11   0   3   3   3   0   8  11   3   0   3   0   0  12   0   0  11  0.13 0.15
  222 I     0  -2   0  -3  -3   1  -2  -3   1   2   1  -1   4   2  -3  -2   0  -3  -1   1    9   0   6   0   0   9   0   0   4  13  12   3  17  10   0   0   4   0   0  10  0.23 0.23
  223 E    -1   2  -1   0   0   0   3  -2  -1   1  -1   0   0  -3  -3  -1   1  -4  -1   2    2  11   2   4   3   2  21   2   2   8   3   3   2   0   0   4  12   0   2  16  0.17 0.19
  224 R     0   6   0  -3  -4   3  -1  -1   0  -2  -1   1   1  -4  -3  -1   0  -4  -3  -2    7  44   3   0   0  13   2   4   3   2   5   5   4   0   0   2   5   0   0   2  0.61 0.38
  225 M    -1  -2  -4  -3   0  -3  -2  -3  -4   5   2  -2   1  -1  -4  -2  -1  -3  -3   2    5   2   0   2   2   0   2   2   0  44  21   2   3   2   1   2   2   0   0   9  0.54 0.32
  226 R    -2   7  -3  -1  -5  -1  -1  -4  -3  -3  -4   1  -1  -5  -4  -2  -2  -5  -4  -3    3  72   0   3   0   2   3   0   0   2   1   7   1   0   0   2   2   0   0   2  1.43 0.63
  227 L    -1   4  -2  -1  -3   0   0  -1  -1   0   2   0   1  -2  -3  -2  -2  -1  -2  -1    5  33   1   3   0   4   4   4   1   5  22   3   4   1   0   2   2   1   1   2  0.31 0.25
  228 G     4  -2  -1  -2  -2  -1   0   0  -3   0   0  -1  -2  -1  -3   1   0  -4  -3  -2   45   0   2   2   0   3   6   7   0   5   9   4   0   2   0   9   5   0   0   1  0.35 0.28
  229 A     5  -1  -2  -2   0  -2   0   0  -3   0  -3  -1  -3  -4  -2  -1  -1  -4  -2   0   52   3   1   2   1   0   6   8   0   7   2   3   0   0   2   3   2   0   1   6  0.50 0.35
  230 L    -2  -4  -5  -5  -1  -4  -3  -5  -5   3   5   0   1   0  -5  -4  -2  -4  -3   1    2   0   0   0   1   0   2   0   0  14  58   7   3   3   0   0   2   0   0   7  0.80 0.43
  231 T    -1   0   0   0  -4   2   1  -2  -2  -1  -1   4   1  -1  -1  -1   0  -1  -2  -2    3   3   3   5   0  12   6   3   0   4   5  30   5   3   3   3   7   1   1   2  0.25 0.23
  232 G     0   0   2   0  -4   1   1   4  -1  -4  -3   2  -3  -4  -3  -1  -1  -4  -3  -2    6   4   9   5   0   6   8  36   1   0   2  13   0   0   0   3   2   0   0   2  0.45 0.27
  233 D    -3  -1   1   6  -4  -1   0  -3  -3  -2  -2  -1  -3   3  -3  -2  -2  -3   1  -2    1   4   7  48   0   3   4   1   0   3   3   3   0  13   1   1   2   0   5   2  0.77 0.39
  234 K     0   4  -1   1  -2   0   1  -3  -2  -3  -4   3  -2  -4   0  -1   0  -4  -3  -2    7  30   2  10   1   1   8   1   0   1   1  21   1   0   5   3   6   0   0   2  0.50 0.31
  235 I     0  -2  -2   1  -3  -1   1  -2  -2  -1   0   0   3  -1   3   0   1  -3   0  -1    6   1   1  11   0   2   8   2   0   2   9   6  11   2  14   5  12   0   4   3  0.20 0.19
  236 L    -4  -5  -6  -6   1  -5  -5  -6  -5   1   5  -5   2   5  -1  -4  -4  -3  -2  -1    0   0   0   0   3   0   0   0   0   5  57   0   4  22   3   1   0   0   0   3  1.04 0.51
  237 A     1  -1   0  -3  -3   3  -2   5  -4  -5  -3  -2  -3  -5  -3  -1  -2  -5  -5  -5   11   3   4   1   0  17   1  54   0   0   2   1   0   0   1   3   1   0   0   0  0.96 0.47
  238 M    -2  -4  -2  -5   1  -1  -5  -3   0  -2  -1  -4   5   4  -4  -3  -2  -2   7   0    3   0   2   0   3   3   0   2   1   1   3   0  15  18   1   1   2   0  38   6  1.00 0.50
  239 P    -4  -6  -3  -5  -6  -5  -5  -6   1  -6  -6  -5  -6  -7   8  -2  -5  -7  -1  -6    0   0   1   0   0   0   0   0   4   0   0   0   0   0  88   3   0   0   2   0  2.73 0.93
  240 V    -2  -4  -1  -4  -3  -3  -4  -4  -4   4   0  -4   4  -1  -2   0   3  -4  -3   3    1   0   3   0   0   0   0   0   0  26   7   0  13   2   2   7  19   0   0  19  0.55 0.35
  241 V    -3  -5  -5  -5  -2  -4  -5  -5  -5   6   3  -4   4  -2  -5  -1  -2  -4  -3   1    0   0   0   0   1   0   0   0   0  49  24   0  10   1   0   6   2   0   0   7  0.96 0.44
  242 C     1  -3   1  -3   5  -3  -3  -2  -3   0   2  -3  -1  -3  -3   2   2  -4  -3   1   14   0   6   0  13   0   0   2   0   3  19   0   1   0   0  15  14   0   0  10  0.32 0.24
  243 F    -1  -3   2  -1  -4  -2  -3   4  -3  -2  -1  -3  -3   5   1  -2  -2  -3  -1  -3    4   1  13   3   0   1   1  31   0   2   4   1   0  26   6   2   2   0   1   1  0.55 0.30
  244 I     1  -3  -3  -3  -1  -3  -3  -1  -2   1   1  -3   0  -3   1  -1   3  -4  -3   3   12   0   0   0   1   0   0   4   1   8  13   0   1   0   7   1  25   0   0  24  0.36 0.26
  245 G     1  -2   0  -1   2  -1  -2   2  -2  -2  -1  -2  -2  -2   3   3   0  -3  -2  -2    9   1   5   2   5   1   1  19   1   2   6   1   0   1  13  28   3   0   1   1  0.35 0.22
  246 Q    -1   3   2   0  -2   0   0  -1   1   0  -1   0  -1   0   0   0   1  -2   0  -1    4  18  12   3   1   3   7   3   3   7   6   5   1   4   5   4   9   0   3   2  0.11 0.11
  247 E    -1  -1   3   1  -3   0   3  -2  -1  -1  -1   1   0  -3  -2   0   0  -3   0  -1    5   1  16   5   0   1  28   2   0   3   5  10   3   1   1   4   6   0   3   5  0.27 0.19
  248 A     3   0  -2  -1   0  -1  -1  -2  -2  -1  -2  -1  -2  -2  -2   2   2  -3  -1   1   31   7   1   2   2   1   4   2   0   3   2   2   0   2   1  15  12   0   2  11  0.24 0.18
  249 W    -2  -2   0  -3  -2  -2  -2  -2   2  -1  -1  -2   0   2  -2  -2  -2  10   2  -2    4   1   5   2   1   1   2   4   5   3   6   2   2   9   2   2   2  38   7   3  1.10 0.33
  250 K     0   1   0  -1  -2  -1  -1   2   0   0  -1   2   1  -1  -1  -1  -1  -2   0  -1    6   6   4   2   1   1   2  20   2   9   6  19   4   3   2   4   3   0   3   2  0.10 0.09
  251 A     2  -2  -1  -1   3  -2  -2   0  -2   0  -1  -2  -1  -2  -2   1   1  -2   0   1   21   2   3   3   6   1   2   7   0   6   6   1   0   1   1  11  10   0   3  15  0.13 0.12
  252 K    -1   3   1  -2  -2   0   0  -1   1  -3  -2   4   1  -3   1  -1  -1  -3  -1  -2    3  14   8   1   1   2   4   4   3   1   4  34   4   1   6   3   2   0   2   3  0.33 0.20
  253 E     0  -1   0   0  -3  -1   5  -2  -2   0  -1   0  -1  -3  -2  -1   0  -3  -2  -1    7   1   4   4   0   1  46   2   0   6   6   5   1   1   1   3   4   0   1   5  0.46 0.26
  254 A     4  -2   0  -2  -1  -2  -2   0  -1   0   1  -1   0  -2  -1   0  -1  -3  -2  -1   42   1   6   1   1   1   2   5   1   4  13   2   3   1   2   6   3   0   1   3  0.28 0.21
  255 K    -1   0   1   0  -2   0   0  -1   0  -1  -2   2  -1   1  -1   1   1   4  -1  -2    5   5   6   6   1   3   4   3   2   3   3  18   1   7   2  13   8   8   1   2  0.16 0.13
  256 D     0  -1   1   2   0   0   2  -1  -1   0   1  -1   2  -2  -1  -1   0  -2  -2  -1    8   3   6  14   2   3  14   3   1   4  16   2   8   1   3   3   5   0   1   4  0.10 0.11
  257 P     0  -2   1   1  -3  -1   1  -1  -2  -2  -1   1  -2  -1   4  -1   0  -3  -2  -2    8   1   6   7   0   2  12   4   1   1   8   8   1   2  26   4   6   0   1   3  0.35 0.18
  258 E    -1  -2   0   4  -2  -1   2  -1  -1   0  -1   0   2  -2   0   0   0  -3  -2   0    4   1   4  25   1   2  14   3   1   5   5   5   8   2   4   5   5   0   1   6  0.22 0.15
  259 V     1  -1   0   1  -1   0   0   0   0   0   0  -1   0   0   0   0   0  -2  -1   0   13   3   3  12   2   2   6   7   2   4   9   3   4   5   3   8   4   0   1   8  0.03 0.04
  260 A     0  -1   0   0  -2  -1   1  -1  -1   0  -1  -2  -2  -1   5   0  -1  -3  -2  -1    7   2   4   4   1   3  10   5   2   6   7   2   1   2  32   7   2   0   1   4  0.45 0.21
  261 E     0   0  -1   1  -2   1   3   0  -1  -1  -1   0  -1   0  -1   0  -1  -2  -1   0    6   4   3   6   1   5  22   9   1   4   5   6   2   6   2   6   3   0   1   8  0.11 0.10
  262 W    -1  -1  -3  -2  -3  -2  -2  -1   0   0   1  -1   1   1  -3  -2  -2   9   1  -1    6   3   1   3   1   1   2   4   3   4  13   4   3   7   1   3   2  29   5   4  0.76 0.31
  263 G    -1  -2  -2  -1   0   0   0   5  -3  -2  -3  -2  -3  -2  -1  -2  -2  -3  -3  -2    3   2   1   3   2   4   7  54   1   3   2   2   1   2   3   2   3   0   1   4  0.73 0.32
  264 D    -1  -1   1   4   1  -1   2  -1  -2  -2  -2   0   1  -3   2   0  -2  -3  -3  -3    3   4   5  29   3   2  12   4   0   2   4   4   4   1  12   6   1   0   1   1  0.38 0.23
  265 Y     0   2   1   1  -3   2   0  -1  -2  -2  -1   1  -2  -2   2  -1   1  -3  -1  -1    6  11   5   9   0  13   5   3   0   2   7   8   0   2  10   2   9   0   2   5  0.16 0.14
  266 A     0  -1   0   1  -3   0   4  -2   1  -3  -3   0   0  -3  -1   1   0  -3  -2  -1    7   3   3   8   0   3  35   3   4   1   2   4   2   1   2   8   6   0   1   6  0.37 0.25
  267 L     0   0  -1   1  -2   0   2  -1  -2   0   0   1  -1  -1  -1  -1   0  -2   1   1    5   5   2   8   0   2  17   4   0   4  11   8   1   1   2   3   5   0   7  14  0.08 0.11
  268 R    -1   6  -2  -1  -3   1   0  -3   0  -3  -2   0   0  -3  -3   0  -1  -3  -3  -1    6  45   1   3   0   6   6   1   2   1   3   4   2   1   1   8   4   0   1   5  0.64 0.35
  269 A     3  -1   0  -1  -3  -1  -2   4  -3  -3  -2  -2  -2  -3  -2   0   1  -3  -3  -1   27   3   5   3   0   2   1  29   0   1   5   2   0   1   2   7   8   0   1   3  0.40 0.25
  270 I     1  -2  -2  -2  -2  -1  -2   0  -3   3  -1   0   0  -2   3   0  -1  -3  -2   2   10   1   1   1   0   2   2   6   0  23   4   7   2   1  15   5   3   0   1  15  0.25 0.18
  271 H     0  -1  -1  -1  -1  -1   0  -1  -1   2   2  -1   4   0  -2  -1  -1   0   2  -1    7   2   3   4   2   2   7   4   1  12  19   3  13   3   1   4   2   1   8   2  0.13 0.14
  272 W    -3  -1  -3  -3  -3  -2  -2  -2  -3  -1   0  -1   6   1  -3  -3  -3   9   1  -3    2   3   1   2   0   2   2   3   0   3   8   4  24   5   1   2   1  29   4   1  1.18 0.48
  273 E    -3  -3  -3  -2  -5   1   7  -4  -3  -5  -5  -2  -4  -5  -4  -3  -2  -5  -4  -4    1   1   1   1   0   4  83   1   0   1   1   1   0   0   1   1   3   0   0   1  1.81 0.72
  274 T     3  -3  -2  -3  -1  -2  -2   0  -3   2  -1  -3  -2  -2  -3   0   2  -4  -2   2   33   0   1   0   1   1   2   8   0  16   3   0   0   2   0   4  12   0   1  14  0.35 0.27
  275 V     2  -2  -3  -3  -1  -1  -2  -3  -3   2   0  -2   2  -1  -3   0   3  -1   0   2   19   2   0   0   1   2   1   0   0  12   9   1   7   1   0   6  20   1   3  14  0.26 0.23
  276 T    -1  -1  -1  -3  -3  -1  -2   0  -3   2   1  -3   0  -2  -3   0   5  -4  -2   0    4   3   2   0   0   2   2   6   0  13  13   0   2   1   0   4  41   0   1   4  0.44 0.33
  277 T     6  -4  -4  -5   1  -4  -4   1  -5  -4  -3  -4  -4  -5  -4   0  -1  -5  -5   0   74   0   0   0   2   0   0   9   0   0   1   0   0   0   0   4   3   0   0   5  1.26 0.63
  278 V     3  -3   0  -1  -1  -2  -3  -1  -3  -2   0  -3  -1  -3  -3   4   2  -4  -2  -1   24   0   5   2   1   1   0   3   0   1  11   0   1   1   0  31  13   0   2   5  0.42 0.34
  279 A     2  -3  -1  -3   0  -3  -3  -1  -3   1   0  -3   2  -3  -3   1   3  -4  -2   2   19   0   3   0   1   0   0   3   0   8   9   0   7   0   0  10  22   0   1  15  0.33 0.28
  280 L     0  -4  -3  -3   2  -4  -4  -1  -1  -1   3  -4   2   4  -5  -3  -3  -3   2   1    8   0   1   2   5   0   0   6   1   1  30   0   6  21   0   1   1   0   9   8  0.47 0.31
  281 I     0  -4  -4  -5  -3  -4  -4  -4  -5   3   3  -3   3  -1  -4  -2   2  -4  -3   2    7   0   0   0   0   0   0   1   0  21  32   1   9   1   0   1  14   0   0  13  0.58 0.35
  282 Q     2  -3   2  -3  -1   1  -2  -3  -2   1   1  -3   5  -3  -4  -1  -1  -4  -3   1   22   0  12   1   1   7   1   0   1   7  15   0  17   0   0   4   3   0   0   9  0.37 0.32
  283 A     3   3  -2  -3   1   0  -2  -1  -3  -4  -4   5  -4  -5  -4   0  -3  -5  -3  -2   29  14   1   0   3   2   0   5   0   0   0  37   0   0   0   6   0   0   1   2  0.72 0.41
  284 G    -4  -5  -4  -5  -6  -5  -5   6  -1  -6  -6  -5  -5  -1  -6  -4  -5  -3   7  -6    0   0   0   0   0   0   0  58   1   0   0   0   0   1   0   0   0   0  40   0  1.88 0.70
  285 G     4  -4  -1  -4   2  -3  -4   3  -4  -3  -4  -3  -2  -5  -4   2  -2  -5  -4   1   44   0   2   0   4   0   0  26   0   0   0   0   1   0   0  13   1   0   0  10  0.77 0.41
  286 H    -2  -4   2   6  -5  -2   0   0   2  -6  -6  -3  -5  -6  -4   3  -2  -6  -5  -5    2   0   9  48   0   1   5   8   5   0   0   0   0   0   0  22   1   0   0   0  1.05 0.48
  287 L     2  -5  -5  -6  -2  -5  -5  -5  -5   6   1  -5   2  -2  -5  -4  -2  -5  -2   1   17   0   0   0   1   0   0   0   0  56  11   0   5   1   0   0   1   0   1   7  1.02 0.46
  288 F    -2  -5  -5  -6  -3  -4  -5  -6  -5   3   3  -5   4   3  -5  -4  -3  -4  -3   4    2   0   0   0   0   0   0   0   0  15  23   0  10  11   0   0   0   0   0  38  0.87 0.40
  289 V    -3   3  -5  -5   1  -4  -5  -6  -5   5   0  -3   3  -2  -5  -4  -3  -5  -4   4    0  16   0   0   3   0   0   0   0  35   4   0   9   1   0   0   0   0   0  33  0.92 0.43
  290 M    -3  -4  -6  -6  -4  -4  -5  -6  -5   0   4  -3   7  -1  -5  -5  -3  -5  -4   3    1   1   0   0   0   0   0   0   0   3  33   1  37   2   0   0   0   0   0  23  1.23 0.52
  291 R    -3   5   0  -3  -5  -2  -1  -4   8  -5  -2   1   2  -3  -5  -1  -2  -1  -2  -5    1  30   3   1   0   0   2   1  37   0   4   7   7   0   0   5   2   1   0   0  1.07 0.47
  292 H    -3  -3   3   3  -1  -2  -1  -1   8  -5  -5  -1  -4  -4  -4   2  -2  -5  -1  -5    0   0  12  18   1   0   2   4  43   0   0   2   0   0   0  15   1   0   1   0  1.20 0.48
  293 P    -3  -4  -4  -3  -2  -4  -3  -5  -5   0   0  -3   1  -1   7  -3   0  -5  -4   2    1   0   0   1   1   0   1   0   0   5  10   1   4   3  49   0   6   0   0  18  1.10 0.43
  294 K    -1   0  -1   1  -4   1   4  -2  -2  -2   0   3  -2  -4  -3  -1   0  -2  -3  -2    5   3   2   7   0   6  33   3   0   1  10  20   0   0   0   1   6   1   0   1  0.42 0.26
  295 S     3  -3  -2  -3  -3  -2   0  -1  -3  -4  -4  -2  -3  -4   4   3   1  -4  -1  -2   23   0   1   0   0   1   7   4   0   0   0   0   0   0  22  28   8   0   3   2  0.61 0.33
  296 L     0  -3  -3  -4  -3  -3  -1  -4   1   3   0  -3   3  -1  -4  -3  -2   5   2   4    7   0   1   0   0   0   4   0   3  18   6   1  11   1   0   1   1   8   7  30  0.47 0.27
  297 A     3   1   0  -2  -2   1   1  -2  -2  -3  -2   2   0  -4  -2   1  -1  -4  -2  -1   32   8   3   0   1   6  10   1   0   0   4  15   2   0   1  10   1   0   1   5  0.30 0.23
  298 E     0   2  -2  -3  -3  -1  -1  -3  -1   1   2  -1   1  -2  -2  -1   2  -4  -2   1    9  16   1   1   0   1   2   0   1   7  20   1   4   0   1   2  19   0   1  13  0.22 0.20
  299 V    -2  -4  -5  -5  -1  -4  -4  -5  -4   3   3  -4   4   2  -4  -3   0  -4  -2   3    3   0   0   0   1   0   0   0   0  18  36   0  12   8   0   0   5   0   0  18  0.65 0.31
  300 K     1   3  -2  -3  -4   0  -1  -3  -1  -4  -4   4  -2  -5   5   0  -2  -5  -4  -2   13  17   1   0   0   3   2   1   1   0   1  26   1   0  25   5   1   0   0   2  0.69 0.34
  301 E     0   1  -1   1  -4   3   3  -1  -1  -3  -1   3  -2  -4  -3   0  -1  -4  -3  -2    6   7   2   5   0  14  22   4   0   0   7  23   0   0   0   5   2   0   0   2  0.38 0.23
  302 H     0  -3   1  -4   0  -3  -3  -3   3   1   2  -3   6   2  -4  -3  -1  -3  -1   0    9   0   7   0   2   0   1   1   9   9  22   0  25   9   0   0   2   0   1   3  0.47 0.29
  303 L    -2  -4  -4  -5  -3  -4  -4  -2  -5   5   1  -4   3   0  -4  -3   2  -4  -3   2    1   0   0   0   0   0   0   3   0  46  12   0  10   3   0   0  15   0   0  10  0.73 0.35
  304 K     0   1   1   4  -4   2   2  -2  -2  -4  -2   1  -3  -4  -2   0  -1  -4  -2  -3    8   6   6  29   0  10  16   1   0   0   5   9   0   0   1   5   3   0   1   0  0.43 0.21
  305 R     2   2  -1   1  -2   0   1   0  -2  -2  -2   0  -1  -3   0   0   1  -4  -2  -1   25  14   1   9   0   3  10   6   0   2   2   5   2   0   5   4   8   0   1   3  0.19 0.14
  306 I    -3  -4  -5  -6  -4  -4  -5  -6  -5   1   5  -4   6  -2  -5  -4  -1  -4  -3  -1    1   0   0   0   0   0   0   0   0   6  67   0  21   0   0   0   5   0   0   0  1.15 0.43
  307 L    -3  -4  -5  -5  -3  -3  -4  -5  -4   3   1  -4   8  -2  -5  -4  -2  -4  -3   3    0   0   0   0   0   0   0   0   0  14  10   0  52   0   0   0   0   0   0  25  1.16 0.40

                      K         Lambda
Standard Ungapped    0.1369     0.3193
Standard Gapped      0.0500     0.2670
PSI Ungapped         0.1628     0.3129
PSI Gapped           0.0500     0.2670
