
Last position-specific scoring matrix computed, weighted observed percentages rounded down, information per position, and relative weight of gapless real matches to pseudocounts
            A   R   N   D   C   Q   E   G   H   I   L   K   M   F   P   S   T   W   Y   V   A   R   N   D   C   Q   E   G   H   I   L   K   M   F   P   S   T   W   Y   V
    1 L    -2  -3  -4  -4  -2  -3  -3  -4  -4   1   4  -3   1   0  -3  -3  -1  -3  -2   2    0   0   0   0   0   0   0   0   0   0  75   0   0   0   0   0   0   0   0  25  0.58 0.08
    2 K    -2   1   0   3  -5   1   5  -2  -2  -5  -4   1  -2  -5  -3  -2  -1  -5  -4  -4    0   9   3  15   0   3  59   2   0   0   0   6   1   0   0   0   2   0   0   0  0.86 0.21
    3 S    -2   1  -2   1  -5   0   6   0  -2  -5  -5  -1  -4  -5  -1   0  -1  -5  -4  -4    1   8   0   3   0   0  72   7   0   0   0   0   0   0   2   4   2   0   0   0  1.01 0.25
    4 T     4  -3  -3  -3  -2  -3  -3  -2  -3   0  -2  -3   1  -3  -2  -1   2  -4  -3   3   43   1   0   0   0   0   0   0   0   2   0   0   4   0   1   1  15   0   0  33  0.53 0.19
    5 A     1  -1  -2  -3  -2   0  -2  -2  -2   1   2   0   3  -1  -3   0   0  -1  -2   1   16   2   1   0   0   5   0   0   0   5  20   8  14   1   0   6   6   1   0  13  0.15 0.08
    6 K     0   2  -1  -2  -2   5   0  -2  -2  -3  -2   3  -2  -3  -3   1  -1  -4  -3  -3    8  12   0   0   1  34   0   2   0   1   3  25   0   1   0  11   2   0   0   0  0.53 0.18
    7 W    -6  -6  -7  -7  -5  -5  -6  -6  -5  -6  -5  -6  -4  -2  -7  -6  -5  13  -1  -6    0   0   0   0   0   0   0   0   0   0   0   0   0   0   0   0   0 100   0   0  4.36 0.56
    8 A     3   1  -2  -2  -2  -1  -1   2  -2  -3  -3  -1  -2  -4  -2   3   0  -4  -3  -2   35  11   0   0   0   0   1  16   0   0   0   1   1   0   0  33   3   0   0   0  0.51 0.17
    9 A    -1  -2  -1   3  -4   4   4  -3  -1  -2  -2  -1  -1  -3  -3  -1  -1  -4  -3   0    2   0   1  17   0  21  37   0   1   1   1   1   2   1   0   2   3   0   0  11  0.55 0.17
   10 S     0  -3   1  -2  -2  -2  -2  -2   0  -5  -5  -2  -4  -5  -3   6   0  -5  -4  -4    2   0   4   0   1   0   0   0   2   0   0   0   0   0   0  91   1   0   0   0  1.32 0.33
   11 L    -3  -4  -5  -5  -3  -4  -5  -5  -4   0   4  -4   2   6  -5  -4  -3  -2   0   0    0   0   0   0   0   0   0   0   0   0  47   0   4  44   0   0   0   0   0   5  1.00 0.23
   12 E    -3  -2  -1   6  -6  -1   5  -3  -2  -5  -5  -2  -4  -5  -3  -2  -3  -5  -3  -5    0   1   0  46   0   0  52   1   0   0   0   0   0   0   0   0   0   0   1   0  1.34 0.28
   13 N    -2   3   2   0  -4   0   0  -2   0  -3  -3   5  -3  -4  -3   0   0  -4  -3  -2    0  14  11   4   0   1   5   1   2   1   0  47   0   0   0   5   7   0   0   3  0.54 0.16
   14 L    -3  -4  -5  -6  -3  -4  -5  -6  -5   0   6  -4   0  -1  -5  -4  -3  -4  -3   0    0   0   0   0   0   0   0   0   0   0  95   0   0   0   0   0   0   0   0   5  1.29 0.28
   15 L    -3  -4  -5  -6  -3  -4  -5  -6  -5   1   6  -4   2  -1  -5  -4  -3  -3  -3  -1    0   0   0   0   0   0   0   0   0   6  91   0   3   0   0   0   0   0   0   0  1.21 0.27
   16 E     2  -1   0   0  -2   3   1  -1   0  -3  -2   0  -2  -3  -2   3   0  -4  -3  -2   20   1   4   2   0  19  10   2   2   1   3   4   0   0   0  28   2   0   0   1  0.33 0.13
   17 D    -3  -2   4   3  -4   0  -1  -3   6  -5  -5  -2  -3  -4  -3   1   0  -5  -1  -4    0   0  29  22   0   4   1   0  28   0   0   0   0   0   0  11   4   0   1   0  0.85 0.21
   18 P    -2   1   0  -1  -4   2   1  -3  -2  -4  -4   4  -3  -5   5   0  -2  -4  -3  -4    1   6   4   1   0  11   7   0   0   0   0  34   0   0  28   8   1   0   0   0  0.73 0.18
   19 E     0  -1  -1   3   2  -1   1  -2  -1  -2  -2  -1  -2  -1  -3   0   0  -1   5  -1   11   2   1  22   5   1   9   1   1   1   2   2   0   0   0   4   7   0  28   5  0.33 0.13
   20 G    -2  -5  -2  -3  -5  -4  -4   7  -4  -6  -6  -4  -5  -5  -4  -2  -4  -5  -5  -5    0   0   0   0   0   0   0 100   0   0   0   0   0   0   0   0   0   0   0   0  2.04 0.34
   21 V    -2  -1  -4  -4  -3   1  -3  -4  -3   2   4  -3   1  -1  -4  -3  -2  -3  -2   3    0   4   0   0   0  11   0   0   0   7  48   0   3   1   0   0   1   0   0  26  0.50 0.16
   22 K     3   0   1   3  -3   0   2  -1  -2  -3  -3   1  -3  -4  -2   0  -1  -4  -2  -2   36   6   6  18   0   1  15   2   0   0   0   8   0   0   0   3   3   0   1   2  0.35 0.13
   23 R     3   0  -2  -3  -2  -2  -2  -2  -1   0  -2  -1  -1  -2  -2   1   1  -3   1   2   42   5   1   0   0   0   2   0   1   2   0   1   1   0   0   7  10   0   8  21  0.31 0.14
   24 F    -5  -5  -5  -6  -5  -6  -6  -6  -4  -2  -2  -6  -2   9  -6  -5  -5  -1   1  -3    0   0   0   0   0   0   0   0   0   0   0   0   0 100   0   0   0   0   0   0  2.36 0.40
   25 R    -2   5  -2  -3  -4   0  -1   0  -1  -3  -3   1  -2  -4  -3   1   3  -4  -3  -3    0  46   0   0   0   3   0   7   1   1   0   6   1   0   0  10  25   0   0   0  0.67 0.20
   26 E     2   2   1   0  -3   1   3  -1  -1  -2  -3   1  -2  -3  -2   1   1  -4  -3  -2   19  12   6   4   0   4  22   2   0   3   0   7   0   0   0  13   8   0   0   1  0.27 0.10
   27 F    -5  -5  -5  -6  -5  -6  -6  -6  -4  -2  -2  -6  -2   9  -6  -5  -5  -1   1  -3    0   0   0   0   0   0   0   0   0   0   0   0   0  99   0   0   0   0   1   0  2.31 0.39
   28 L    -3  -4  -5  -6  -3  -4  -5  -6  -5   0   6  -4   0  -1  -5  -4  -3  -4  -3  -1    0   0   0   0   0   0   0   0   0   0 100   0   0   0   0   0   0   0   0   0  1.42 0.30
   29 K    -3   4  -1  -3  -3   1  -1  -4  -2  -5  -4   6  -3  -5  -3  -2  -3  -5  -4  -4    0  20   1   0   1   5   0   0   0   0   0  74   0   0   0   0   0   0   0   0  1.25 0.28
   30 K    -1   0  -1  -2  -3  -1  -2  -2  -3  -3  -4   2  -2  -4  -3   4   4  -4  -3  -3    0   3   1   0   0   0   0   0   0   0   0  18   1   0   0  50  28   0   0   0  0.74 0.23
   31 E    -3  -2  -2  -1  -6   0   7  -4  -2  -6  -5  -1  -4  -6  -3  -2  -3  -5  -4  -5    0   0   0   0   0   0 100   0   0   0   0   0   0   0   0   0   0   0   0   0  1.91 0.38
   32 F    -4  -5  -5  -6  -5  -5  -5  -5  -1  -2  -2  -5  -2   8  -6  -5  -4  -1   3  -2    0   0   0   0   0   0   0   0   1   0   0   0   0  89   0   0   0   0   9   1  2.01 0.35
   33 S    -1  -3  -2  -2   0  -2  -2  -2  -3  -5  -5  -2  -4  -5  -3   7  -1  -5  -4  -4    0   0   0   0   2   0   0   0   0   0   0   0   0   0   0  98   0   0   0   0  1.53 0.37
   34 E    -1  -2  -2   2  -6   0   7  -4  -2  -5  -5  -1  -4  -5  -3  -2  -3  -5  -4  -4    4   0   0  11   0   1  84   0   0   0   0   1   0   0   0   0   0   0   0   0  1.45 0.31
   35 E    -3  -2  -2  -1  -6   0   7  -4  -2  -6  -5  -1  -4  -6  -3  -2  -3  -5  -4  -5    0   0   0   0   0   0 100   0   0   0   0   0   0   0   0   0   0   0   0   0  1.91 0.38
   36 N    -4  -3   8  -1  -5  -2  -3  -3  -2  -6  -6  -3  -5  -6  -4  -2  -2  -6  -5  -5    0   0 100   0   0   0   0   0   0   0   0   0   0   0   0   0   0   0   0   0  2.20 0.41
   37 V    -2  -4  -5  -5  -3  -4  -5  -5  -5   6   2  -4   2  -2  -4  -4  -2  -4  -3   3    1   0   0   0   0   0   0   0   0  65  14   0   4   0   0   0   0   0   0  17  0.97 0.22
   38 L    -2  -2  -2   1  -5   0   6  -4  -2  -2   2  -1  -2  -4  -3  -2  -2  -4  -4  -3    0   0   0   6   0   0  68   0   0   2  22   0   0   0   0   0   2   0   0   0  0.94 0.26
   39 F    -5  -5  -5  -6  -5  -6  -6  -6  -4  -2  -2  -6  -2   9  -6  -5  -5  -1   1  -3    0   0   0   0   0   0   0   0   0   0   0   0   0 100   0   0   0   0   0   0  2.36 0.40
   40 W    -6  -6  -7  -7  -5  -5  -6  -6  -5  -6  -5  -6  -4  -2  -7  -6  -5  13  -1  -6    0   0   0   0   0   0   0   0   0   0   0   0   0   0   0   0   0 100   0   0  4.36 0.56
   41 L    -2  -2  -3  -4  -3   1  -3  -4  -3   2   4  -1   4  -1  -4  -3  -1  -3  -2   1    2   0   0   0   0   9   0   0   0  12  51   4  12   0   0   0   4   0   0   7  0.49 0.15
   42 A     6  -2  -3  -4  -2  -3  -2  -2  -4  -3  -3  -3  -3  -4  -3   0  -1  -5  -4  -1   90   1   0   0   0   0   1   0   0   0   0   0   0   0   0   3   2   0   0   3  1.18 0.30
   43 C    -3  -6  -5  -6  11  -6  -6  -5  -6  -4  -4  -6  -4  -5  -6  -4  -4  -5  -5  -3    0   0   0   0 100   0   0   0   0   0   0   0   0   0   0   0   0   0   0   0  3.38 0.48
   44 E    -3  -2  -2  -1  -6   0   7  -4  -2  -6  -5   0  -4  -6  -3  -2  -3  -5  -4  -5    0   0   0   0   0   0  98   0   0   0   0   2   0   0   0   0   0   0   0   0  1.83 0.37
   45 D    -3  -2   0   7  -2   0   3  -3  -2  -5  -5  -1  -4  -3  -3  -2  -3  -5  -1  -5    0   2   3  67   1   2  20   0   0   0   0   1   0   1   0   0   0   0   3   0  1.24 0.26
   46 F    -4  -4  -5  -5  -4  -4  -5  -5  -1  -3  -1  -4  -2   7  -5  -4  -4   0   7  -3    0   0   0   0   0   0   0   0   0   0   3   0   0  48   0   0   0   0  48   0  1.72 0.32
   47 K    -3   1  -1  -3  -5   0  -1  -4  -1  -5  -5   7  -3  -5  -3  -1  -3  -5  -4  -4    0   4   1   0   0   3   0   0   1   0   0  88   0   0   0   3   0   0   0   0  1.43 0.32
   48 K    -2   1   0  -2  -5   2  -1  -3   1  -4  -4   6  -3  -5  -3  -1  -1  -5  -3  -4    1   5   3   0   0   8   0   1   3   0   0  75   0   0   0   2   4   0   0   0  1.06 0.26
   49 M    -2  -3  -1  -3   1  -2  -1  -4  -3   4  -1  -3   0  -3  -3   1   5  -4  -3   1    0   0   2   0   3   0   3   0   0  31   2   0   1   0   0   8  45   0   0   6  0.57 0.20
   50 Q    -1   2  -1   0  -4   1   2  -3   1  -2  -3   5  -2  -4   0  -1  -1  -2  -3  -3    2   8   1   4   0   5  14   0   4   4   0  48   0   0   4   0   3   1   0   0  0.55 0.16
   51 D     0  -2   1   4  -2  -1   1  -1  -2  -4  -4  -2  -3  -3  -3   4   0  -5  -3  -3    3   0   6  26   0   0   6   1   0   0   1   0   0   1   0  51   5   0   0   0  0.70 0.21
   52 K     1   0  -1   1  -3   0   0  -2  -2  -3  -3   2  -2  -4   5   1   1  -4  -3  -3   10   3   0   8   0   3   5   0   0   0   1  16   1   0  32  14   8   0   0   0  0.59 0.14
   53 T     1  -1   0   0  -2   2   1  -1   2  -2  -1   1  -1  -1  -2   1   1  -3  -2  -1   12   0   2   3   0  11   9   2   8   1   5  11   1   3   0  15  12   0   0   4  0.15 0.07
   54 Q    -1   1  -1  -2  -4   4   2  -3  -1  -2  -2   5  -2  -3  -2  -1  -2  -3  -1  -3    2   5   1   0   0  24  11   1   1   2   3  46   0   0   0   0   0   0   2   0  0.64 0.18
   55 M    -3   0  -4  -5  -3  -2  -4  -5  -4   3   4  -3   6  -1  -4  -4  -2  -3  -3   0    0   5   0   0   0   1   0   0   0  18  48   0  28   0   0   0   0   0   0   0  0.81 0.21
   56 Q     2   0  -1  -1  -2   1   0  -2   2   0   0   0   0  -1  -1   1   0  -3  -2   0   27   3   2   1   0   7   2   1   9   5  10   6   1   1   1  12   5   0   0   6  0.12 0.07
   57 E     0  -1  -1  -1   2   1   2  -1  -1  -2   0   0  -2  -2   1   3   0  -3  -1  -1    7   1   0   1   6   5  17   3   1   0  11   3   0   1   6  29   5   0   2   3  0.19 0.10
   58 K    -3   2  -2  -3  -5   1   0  -4  -3  -5  -4   7  -3  -5  -3  -2  -2  -5  -4  -4    0   9   0   0   0   3   4   0   0   0   0  82   0   0   0   0   1   0   0   0  1.33 0.30
   59 A     7  -4  -4  -4  -2  -3  -3  -2  -4  -3  -4  -3  -3  -4  -3  -1  -2  -5  -4  -2  100   0   0   0   0   0   0   0   0   0   0   0   0   0   0   0   0   0   0   0  1.48 0.34
   60 K    -2   3   1  -2  -5   2   1  -2   1  -4  -4   5  -2  -4  -3  -2  -2  -4  -3  -4    1  15   7   0   0   8  10   2   4   0   0  52   1   0   0   0   0   0   0   0  0.74 0.20
   61 E     0   1   0  -1  -3   1   2  -3  -1  -2  -3   4   1  -3  -2  -1   0  -3   0  -1   10   5   3   2   0   4  13   0   1   1   0  40   5   0   0   1   7   0   4   3  0.36 0.13
   62 I    -3  -5  -5  -5  -3  -5  -5  -6  -5   8   0  -5   0  -2  -5  -5  -3  -5  -3   1    0   0   0   0   0   0   0   0   0  98   0   0   2   0   0   0   0   0   0   0  1.69 0.35
   63 Y    -4  -4  -5  -6  -5  -4  -5  -5   0  -3  -3  -4  -3   4  -5  -4  -4   0   9  -3    0   0   0   0   0   0   0   0   1   0   0   0   0  14   0   0   0   0  85   0  2.20 0.39
   64 M     0  -1   1   1  -4   1   4  -2  -1  -3  -3   2   0  -4  -2   1   0  -4  -3  -3    6   1   7   4   0   3  42   2   1   0   1  15   4   0   0   9   6   0   0   1  0.46 0.15
   65 T     0   1  -1   2  -2   0   4  -3  -1  -2  -3   1  -2  -4  -2  -1   1  -4  -3  -1    7   7   1  12   1   2  34   0   1   1   1  11   0   0   0   1  14   0   0   6  0.37 0.13
   66 F    -4  -5  -5  -6  -5  -5  -5  -5   0  -2  -2  -5  -2   8  -6  -4  -4  -1   4  -3    0   0   0   0   0   0   0   0   2   0   0   0   0  85   0   0   0   0  13   0  1.96 0.35
   67 L    -3  -4  -5  -5   0  -4  -5  -5  -5   6   2  -4   0  -2  -4  -4  -2  -4  -3   3    0   0   0   0   1   0   0   0   0  65  20   0   0   0   0   0   0   0   0  14  0.98 0.23
   68 S    -1   0  -1   1  -1   5   2  -2   3  -4  -4   0  -2  -4  -3   3  -1  -4  -3  -3    2   3   0   7   1  33  13   0   7   0   0   4   0   0   0  28   0   0   0   1  0.56 0.18
   69 S     1  -1   2  -2  -2  -1  -1  -2  -2   0  -2   0  -1  -3   0   3   2  -4  -3   1   16   1  11   0   0   1   2   0   0   5   0   7   0   0   4  28  14   0   0  11  0.25 0.11
   70 K    -2   0   0   5  -5   2   3  -2  -1  -4  -3   2  -3  -4  -3  -1  -1  -4  -3  -4    0   2   3  35   0  12  26   1   1   0   3  14   0   0   0   0   2   0   0   0  0.68 0.17
   71 A     6  -3  -3  -3  -2  -3  -3  -1  -3  -3  -4  -3  -3  -4  -3   2  -2  -5  -4  -2   85   0   0   0   0   0   0   3   0   0   0   0   0   0   0  12   0   0   0   0  1.14 0.29
   72 S     0  -3  -1  -2   0  -3  -3  -3  -4  -2  -2  -3  -3  -4   7   1   2  -5  -4  -2    7   0   2   2   2   0   0   0   0   2   3   0   0   0  59  10  12   0   0   1  1.26 0.24
   73 S    -2   3  -1   0  -4   2  -1  -3  -2  -4  -4   5  -2  -3  -2   0   0  -4  -1  -4    1  12   0   4   0   7   0   0   0   0   0  58   1   1   0   8   5   0   3   0  0.73 0.20
   74 Q    -3  -2  -2  -1  -5   4   6  -4  -2  -5  -5  -1  -4  -5   3  -2  -3  -5  -4  -4    0   0   0   0   0  20  67   0   0   0   0   0   0   0  13   0   0   0   0   0  1.27 0.29
   75 V    -2  -5  -5  -5  -3  -4  -5  -5  -5   5  -1  -4  -1  -2  -4  -4  -2  -5  -3   6    0   0   0   0   0   0   0   0   0  33   0   0   0   0   0   0   0   0   0  67  1.15 0.26
   76 N    -4  -3   8  -1  -5  -2  -3  -3  -2  -6  -6  -2  -5  -5  -4   0  -2  -6  -4  -5    0   0  97   0   0   0   0   0   0   0   0   0   0   0   0   3   0   0   0   0  2.07 0.39
   77 V    -3  -4  -5  -5  -3  -4  -5  -5  -5   6   3  -4   0  -2  -4  -4  -2  -4  -3   2    0   0   0   0   0   0   0   0   0  64  25   0   0   0   0   0   0   0   0  11  1.00 0.23
   78 E    -4  -4  -1   8  -6  -2   2  -4  -3  -5  -6  -3  -5  -6  -4  -2  -3  -6  -5  -5    0   0   0  90   0   0  10   0   0   0   0   0   0   0   0   0   0   0   0   0  1.90 0.35
   79 G     0  -1  -1   0  -3   3   2   1   5  -4  -4   0  -3  -4  -3   2   0  -4  -2  -2    5   0   1   3   0  14  17  11  23   0   0   3   0   0   0  18   3   0   0   2  0.46 0.15
   80 P    -2  -4  -4  -4  -5  -4  -3  -4  -4  -4  -5  -3  -5  -1   8  -2  -3  -5  -2  -4    3   0   0   0   0   0   0   0   0   0   0   1   0   3  90   1   0   0   1   1  2.44 0.37
   81 H    -2  -1   0  -3  -3  -1  -2  -3   4  -2  -3  -2  -1  -4  -3   2   6  -4  -3  -2    0   3   3   0   0   1   0   0  12   1   1   0   2   0   0  17  60   0   0   1  0.83 0.24
   82 P    -1   0  -2  -3  -3  -1  -2  -3   0   0   2   0  -1  -2   5   0  -1  -4  -2  -1    2   7   1   0   0   2   0   0   3   4  26   5   1   1  38   6   1   0   1   4  0.60 0.15
   83 L    -1  -1   1   2  -3   0  -1  -1   3  -2  -1   0  -1  -3  -2   3   2  -4  -2  -2    1   3   5  12   0   3   1   3  12   2   8   3   0   0   0  27  18   0   0   1  0.26 0.11
   84 M    -2  -4  -3  -4   8  -3  -4  -4  -4  -1  -2  -3   5  -3  -4   3   2  -4  -4  -2    1   0   0   0  39   0   0   0   0   2   0   0  23   0   0  24  12   0   0   0  1.10 0.27
   85 F    -5  -5  -5  -6  -5  -6  -6  -6  -4  -2  -1  -6  -2   9  -6  -5  -4  -1   1  -3    0   0   0   0   0   0   0   0   0   0   2   0   0  98   0   0   0   0   0   0  2.26 0.39
   86 Q    -3  -1   2   7  -2   1   1  -3  -2  -5  -5   0  -4  -5  -3  -1  -2  -5  -4  -5    0   3   7  67   1   8   7   0   0   0   0   5   0   0   0   2   1   0   0   0  1.16 0.24
   87 K     2  -1  -2   1  -3   1   3  -2  -2  -1   0   1   0  -3  -2  -1  -1  -4  -3   0   24   0   0   9   0   4  28   1   0   1  12  11   2   0   0   1   1   0   0   6  0.25 0.11
   88 L     6  -3  -3  -4  -2   1  -2  -2  -1  -3  -1  -2  -2  -4  -2  -1  -2  -4  -3  -1   81   0   0   0   0   7   0   1   2   0   8   0   0   0   1   0   0   0   0   2  0.91 0.26
   89 Q    -3  -1  -2  -3  -6   9   0  -4  -2  -5  -5  -1  -3  -6  -4  -3  -3  -5  -4  -5    0   0   0   0   0 100   0   0   0   0   0   0   0   0   0   0   0   0   0   0  2.20 0.44
   90 D    -1   2   0   1  -3   1   0  -1   0  -3   0   4  -1  -3  -2   1   0  -4  -3  -2    4   8   4   7   0   3   2   4   2   0  11  37   2   0   0  13   3   0   0   0  0.28 0.11
   91 Q    -2   4  -2  -2  -4   4  -1  -3  -2   1   0   3   0  -3  -3  -1   0  -4  -3  -1    0  26   0   0   0  27   0   0   0  10   7  20   2   0   0   1   5   0   0   3  0.49 0.17
   92 I    -3  -5  -5  -5  -3  -4  -5  -5  -5   6   0  -4  -1  -2  -4  -4  -2  -5  -3   4    0   0   0   0   0   0   0   0   0  66   0   0   0   0   0   0   0   0   0  34  1.19 0.27
   93 F    -4  -3  -4  -5  -2  -4  -4  -5   3  -3  -3  -4  -3   6  -5  -4  -4   0   8  -3    0   1   0   0   1   0   0   0   6   0   0   0   0  32   0   0   0   0  61   0  1.71 0.32
   94 N     1   0   3  -1  -1   2  -1   0  -1  -1  -3  -1  -1  -3  -2   2   1  -4  -3  -2   12   5  23   0   1  12   0   7   1   5   0   1   1   0   0  18  11   0   0   1  0.29 0.12
   95 L    -3  -4  -5  -6  -3  -4  -5  -6  -5   0   6  -4   0  -1  -5  -4  -3  -4  -3  -1    0   0   0   0   0   0   0   0   0   0 100   0   0   0   0   0   0   0   0   0  1.42 0.30
   96 M    -4  -4  -5  -6  -4  -3  -5  -5  -4  -1   0  -4  10  -3  -5  -4  -3  -4  -4  -2    0   0   0   0   0   0   0   0   0   0   0   0 100   0   0   0   0   0   0   0  2.59 0.48
   97 K     0   0  -2  -1  -5   0   6  -3   1  -5  -4   4  -3  -5  -3  -2  -2  -5  -3  -4    7   2   0   0   0   0  61   0   3   0   0  27   0   0   0   0   0   0   0   0  1.01 0.25
   98 Y    -2   3   0  -2  -4   3  -1  -3  -1  -4  -3   5   0   1  -3  -2  -1  -3   2  -3    0  14   3   0   0  13   0   0   1   0   0  48   2   7   0   0   2   0   8   0  0.65 0.19
   99 D    -4  -4   0   8  -6  -2  -1  -4  -3  -6  -6  -3  -5  -6  -4  -2  -3  -7  -5  -6    0   0   3  97   0   0   0   0   0   0   0   0   0   0   0   0   0   0   0   0  2.10 0.37
  100 S    -1  -3  -2  -2   2  -2  -2  -2  -3  -5  -5  -2  -4  -5  -3   7  -1  -5  -4  -4    0   0   0   0   4   0   0   0   0   0   0   0   0   0   0  96   0   0   0   0  1.47 0.36
  101 Y    -4  -4  -5  -5  -5  -4  -4  -5  -1  -3   0  -4  -3   3  -5  -4  -4   0   9  -3    0   0   0   0   0   0   0   0   0   0   9   0   0  10   0   0   0   0  81   0  1.94 0.36
  102 S     0   0  -2  -3  -4  -2  -3  -2  -3  -4  -4  -1  -3  -5   7   0   1  -5  -4  -2    5   6   1   0   0   0   0   3   0   0   1   2   0   0  60   8  12   0   0   2  1.31 0.24
  103 R    -4   8  -3  -4  -6  -1  -2  -5  -3  -5  -5   0  -4  -5  -4  -3  -3  -5  -4  -5    0 100   0   0   0   0   0   0   0   0   0   0   0   0   0   0   0   0   0   0  2.10 0.39
  104 F    -5  -5  -5  -6  -5  -6  -6  -6  -4  -2  -2  -6  -2   9  -6  -5  -5  -1   1  -3    0   0   0   0   0   0   0   0   0   0   0   0   0 100   0   0   0   0   0   0  2.36 0.40
  105 L    -3  -4  -5  -5  -3  -4  -5  -5  -5   0   5  -4   1  -1  -5  -4  -3  -3  -3   2    0   0   0   0   0   0   0   0   0   1  84   0   2   0   0   0   0   0   0  13  1.07 0.25
  106 K    -2   5   0  -3  -5   0  -1  -3   1  -4  -3   5  -3  -5  -3  -2  -2  -5  -3  -4    2  33   3   0   0   2   1   0   3   0   1  55   0   0   0   0   0   0   0   0  1.01 0.24
  107 S    -1  -3  -2  -2  -1  -2  -2  -2  -3  -5  -5  -2  -4  -5  -3   7  -1  -5  -4  -4    0   0   0   0   1   0   0   0   0   0   0   0   0   0   0  99   0   0   0   0  1.55 0.37
  108 D    -1  -1   1   4  -5   0   4  -2   0  -4  -4   1  -3  -5   2  -1  -2  -5  -4  -4    3   2   5  34   0   1  33   1   2   0   1   9   0   0   9   1   1   0   0   0  0.70 0.18
  109 L    -1  -3  -4  -4  -2  -1  -3  -4  -2   4   2  -3   2   3  -3  -2   0  -2  -1   1    3   0   0   0   0   3   1   0   1  36  24   1   7  15   1   1   5   0   0   4  0.42 0.14
  110 F    -4  -4  -5  -6  -5  -4  -5  -6  -1  -4  -3  -4  -3   4  -6  -4  -4   0   9  -4    0   0   0   0   0   0   0   0   0   0   0   0   0  11   0   0   0   0  89   0  2.32 0.41
  111 L    -3  -3  -5  -5  -3  -3  -4  -5  -4   1   5  -4   2  -1  -4  -4  -2  -3  -2   0    0   0   0   0   0   0   0   0   0   2  96   0   2   0   0   0   0   0   0   0  1.03 0.18

                      K         Lambda
Standard Ungapped    0.1315     0.3185
Standard Gapped      0.0582     0.2670
PSI Ungapped         0.1909     0.3166
PSI Gapped           0.0582     0.2670
