
Last position-specific scoring matrix computed, weighted observed percentages rounded down, information per position, and relative weight of gapless real matches to pseudocounts
            A   R   N   D   C   Q   E   G   H   I   L   K   M   F   P   S   T   W   Y   V   A   R   N   D   C   Q   E   G   H   I   L   K   M   F   P   S   T   W   Y   V
    1 S     3  -2   0  -1  -1  -1  -1  -1  -2  -2  -3  -1  -2  -3  -1   4   2  -3  -2  -1   29   0   0   0   0   0   0   0   0   0   0   0   0   0   0  56  14   0   0   0  0.50 0.12
    2 T    -1  -2  -1  -2  -2  -1  -2  -2  -2   1   0   0  -1  -2  -2   2   4  -3  -2   1    0   0   0   0   0   0   0   0   0  11   5   6   0   0   0  18  52   0   0   8  0.40 0.15
    3 K     0  -1   2   4  -3   0   1  -2  -1  -3  -1   1  -2  -3   0   2  -1  -4  -3  -3    8   0  11  29   0   4   7   0   0   0   7  13   0   0   3  19   0   0   0   0  0.34 0.12
    4 T    -1  -2  -2  -1  -3   0   1  -3   0  -1  -2  -2   4  -3  -3   3   4  -4  -3  -2    3   0   0   2   0   2  11   0   3   2   0   0  18   0   0  27  33   0   0   0  0.53 0.28
    5 N    -2  -2   4   1  -3   2  -1   0   0  -3  -2   0  -3  -3   0   1   2  -4   1  -3    1   0  27   8   0  11   2   7   2   0   3   3   0   0   5   7  20   0   5   0  0.39 0.23
    6 S     2  -2   2   1  -3   2   1  -2  -2  -3  -3   1  -2  -4  -1   2   2  -4  -3  -2   20   0  12   8   0  10   6   1   0   0   2   9   0   0   1  14  15   0   0   1  0.31 0.21
    7 E    -1   1   0   1  -5   3   5  -3   1  -5  -4   1  -3  -5   1  -1  -1  -5  -3  -4    4   8   5   8   0  13  41   0   4   0   1   5   0   0   6   4   2   0   0   0  0.63 0.30
    8 I    -2  -4  -5  -5   0  -4  -5  -5  -4   4   3  -4   0   3  -5  -4  -1  -3  -2   2    1   0   0   0   2   0   0   0   0  26  36   0   0  17   0   0   3   0   0  16  0.73 0.31
    9 L     0  -3  -3  -3  -3  -3  -1  -4  -3   2   2  -2  -1   0   3  -2   1  -3  -1   1    7   0   0   0   0   0   5   0   0  15  29   2   0   4  16   1   9   0   2  11  0.34 0.21
   10 E     2   0   1   2   1   0   3  -2  -2  -3  -2   1  -3  -4  -1   0   0  -4  -3  -3   22   3   6  10   4   3  23   0   0   0   4  11   0   0   1   6   5   0   0   0  0.34 0.22
   11 Q    -2   1  -1  -1  -1   4   3  -3   0  -3  -1   3  -2  -4  -1   1   0  -4  -3  -2    1   8   1   1   1  20  20   0   2   1   5  18   0   0   2  11   5   0   0   3  0.41 0.25
   12 L    -2  -5  -6  -6  -4  -5  -5  -6  -5   3   6  -5  -1  -2  -5  -5  -4  -4  -4   0    3   0   0   0   0   0   0   0   0  13  80   0   0   0   0   0   0   0   0   4  1.32 0.50
   13 K     0   2  -1  -1  -4   2   2  -1  -2  -2  -2   3  -2  -4  -3   0   1  -4  -3   0    8  11   2   1   0  10  14   3   0   1   2  27   0   0   0   4  10   0   0   7  0.34 0.22
   14 Q    -1   1   0   0  -4   3   3  -3   0  -3  -3   1  -3  -4   0   1   1  -4  -3  -2    4   6   3   4   0  19  25   0   1   1   2   8   0   0   3  13  10   0   0   2  0.42 0.25
   15 A     4  -3   0  -4  -3   0  -3  -3  -1   0   2  -2   1  -3  -3   0   0  -4  -3   1   44   0   4   0   0   4   0   0   1   3  21   2   3   0   0   4   4   0   0  11  0.42 0.29
   16 S     2  -3  -2  -3   2  -2  -3  -3  -3   0   0  -2  -2  -1  -3   2   4  -4  -3   1   18   0   0   0   5   0   0   0   0   4  12   1   0   2   0  20  28   0   0   8  0.40 0.27
   17 D    -1   1   0   3  -4   3   2  -3   0  -4  -4   2  -3  -4   1   0   0  -4  -3  -4    6   5   4  20   0  15  16   0   2   0   0  14   0   0   8   4   5   0   0   0  0.47 0.24
   18 G    -3  -2   0   5  -5  -3  -1   5   0  -5  -5  -3  -5  -5  -4  -2  -3  -5  -4  -5    0   1   4  33   0   0   2  51   3   0   0   0   0   0   0   2   0   0   0   0  1.16 0.43
   19 L     0  -2  -5  -5  -3  -2  -4  -5  -4   0   5  -2  -1  -2  -4  -4  -3  -4  -3   0    8   3   0   0   0   2   0   0   0   2  76   2   0   0   0   0   0   0   0   5  1.01 0.43
   20 L    -3  -4  -4  -5  -1  -4  -3  -5  -3   1   4  -4   0   3  -4  -2  -2   3   3   1    0   0   0   0   1   0   2   0   0   5  51   0   1  12   0   3   2   3  10   8  0.65 0.31
   21 F    -4  -4  -4  -1   0  -4  -4  -5   0  -3  -2  -4   4   5  -5  -4  -4   6   7  -3    0   0   0   4   2   0   0   0   2   0   2   0  14  23   0   0   0  10  40   0  1.41 0.52
   22 M    -2   0  -4  -3  -3  -1  -1  -4  -3   1   0  -3   5  -3   5  -2  -1  -4  -2   1    2   5   0   0   0   3   5   0   0  10   7   0  19   0  29   2   3   0   1  12  0.63 0.32
   23 S    -2  -4   0  -3  -4  -3  -3  -3  -4  -5  -5  -3  -4  -5  -4   7  -2  -5  -5  -5    0   0   4   0   0   0   0   0   0   0   0   0   0   0   0  93   0   0   0   0  1.86 0.73
   24 E    -4  -3   0   2   2  -1   7  -5  -3  -6  -5  -2  -5  -6  -4  -3  -4  -5  -5  -5    0   0   4  11   4   0  78   0   0   0   0   0   0   0   0   0   0   0   0   0  1.67 0.63
   25 S     1  -1  -1  -3  -3  -2  -3  -1  -3  -4  -4  -1  -1  -4  -3   5   3  -5  -4  -2    9   3   2   0   0   0   0   2   0   0   0   2   2   0   0  60  16   0   0   1  0.91 0.46
   26 E    -4  -4  -1   7  -6  -2   4  -4  -4  -6  -6  -3  -6  -2  -4   0  -4  -7  -5  -6    0   0   1  64   0   0  26   0   0   0   0   0   0   2   0   7   0   0   0   0  1.64 0.62
   27 Y     1  -4  -4   0  -5  -3   4  -5   2  -4  -4  -3  -4   2  -5  -3  -4  -2   7  -4   14   0   0   4   0   0  27   0   6   0   0   0   0   7   0   0   0   0  42   0  1.15 0.52
   28 P    -3  -2  -5  -5  -6  -4  -2  -6  -6  -6  -3  -2  -6  -7   8  -4  -2  -7  -6  -6    1   2   0   0   0   0   3   0   0   0   3   2   0   0  87   0   2   0   0   0  2.60 0.81
   29 F    -4  -5  -5  -6  -1  -5  -6  -6  -4   1   1  -5  -2   7  -6  -5  -1   2   3   0    0   0   0   0   1   0   0   0   0   8  11   0   0  59   0   0   4   3   8   6  1.38 0.51
   30 E    -3   1  -1   0  -6   1   6  -4   0  -3  -5   1  -4  -5  -4  -1  -2  -5  -4  -1    1   8   3   3   0   3  60   0   2   1   0   9   0   0   0   2   1   0   0   5  1.01 0.47
   31 V     1  -4  -4  -4  -3  -4  -3  -3  -4   2  -1  -4  -2   0   4  -2  -1   1  -2   4   10   0   0   0   0   0   1   1   0  13   3   0   0   5  25   3   3   3   1  33  0.64 0.33
   32 F    -2  -5  -5  -5  -4  -2  -5  -5  -4   2   0  -5  -2   6  -5  -4  -2  -3   0   4    3   0   0   0   0   2   0   0   0  11   5   0   0  36   0   0   2   0   2  38  0.97 0.42
   33 L     1   0  -1  -2   3  -1  -1  -2   1   1   0  -2  -1   1  -1   1   1  -2   0   0   12   5   3   2   9   2   2   1   4  10  11   0   0   9   2  13   7   0   4   4  0.09 0.11
   34 W    -4  -1  -5  -6   0  -4  -3  -5  -1  -2   1  -2  -3   0  -5  -2  -3  11   4  -3    1   4   0   0   2   0   1   0   2   2  12   3   0   4   0   3   2  51  12   1  1.94 0.73
   35 E    -1   0   0   2  -4   1   3   1   0  -3  -1   1  -3  -4   2   0  -2  -4  -3  -3    3   4   2  10   0   5  26  11   2   0   7  10   0   0   9   7   1   0   0   0  0.33 0.24
   36 G     1  -1   2  -1   0  -1  -2   2   1   0  -1   0  -1   1  -1  -1   0   0  -2   0   12   2  11   2   2   1   1  19   4   6   6   7   0   7   2   2   8   1   0   7  0.10 0.12
   37 S     0  -1   1   2  -3   2   2   1  -2  -2  -2   0   0  -1   1   0   0  -3  -3  -2    9   2   7  12   0  10  14  11   0   1   4   3   3   3   6   6   7   0   0   1  0.19 0.16
   38 A     2   0   2   1  -3   1   1   1  -2  -1  -1   1  -1  -3  -1  -1  -2   0  -3  -1   23   3  10   8   0   7  10  10   0   3   6  11   1   0   2   1   1   2   0   3  0.17 0.17
   39 P     0  -2  -1   1  -1   2   2   3  -2  -1  -2   0  -2  -3   1   0   0  -3  -3  -1    7   1   1  10   1   9  15  22   0   4   2   4   0   1   7   5   5   0   0   3  0.24 0.17
   40 P     1  -2   0   1   0  -1   2   0  -2  -2  -1   0  -1  -2   4   0   0  -3  -2  -2   13   1   3   7   2   2  14   6   0   2   6   4   1   2  23   7   5   0   1   2  0.30 0.17
   41 V    -1  -3  -3  -3  -2  -2  -1  -3  -3   1   3  -3   1   2   2  -1   0  -2  -2   1    5   1   1   1   0   1   5   1   0   7  37   1   2  11  11   4   4   0   0   8  0.32 0.22
   42 T    -1  -3   2   2  -3  -2  -1  -3  -3  -2  -1  -2  -3  -4  -3   1   5   1  -3  -3    4   0   8  13   0   0   2   1   0   2   5   2   0   0   0  12  45   2   0   1  0.67 0.42
   43 H     0  -3  -1  -1  -3  -1   1  -2   0   0  -1  -2  -2  -2   5  -1  -1  -4  -3   1    8   0   3   4   0   3  13   2   3   7   5   1   0   2  28   4   3   0   0  13  0.41 0.25
   44 E     1  -2   0   1  -3   1   4  -1  -2  -4  -3  -1  -1  -4  -2   1   1   0  -3  -2   15   1   3   7   0   5  35   5   0   0   2   2   1   0   1  11   8   2   0   1  0.42 0.30
   45 I     0   1   1   0  -3   1   1   0   0  -2  -1   2  -2  -2  -1   0   1  -3  -2  -2   10   7   7   5   0   8   8   6   2   2   8  17   0   2   3   2  11   0   0   2  0.14 0.14
   46 V    -1  -2  -4  -2  -3  -3  -4  -3  -1   3   3  -3  -1   2  -4  -2  -2  -3  -2   2    5   2   0   3   0   0   0   2   2  16  38   0   0  10   0   2   0   0   0  18  0.45 0.29
   47 L     1   1  -3  -3  -3  -1   0  -1  -3   0   3   1  -1  -1  -3  -2  -1  -3  -2   0   16   7   0   0   0   2   7   3   0   4  40   9   0   3   0   2   2   0   0   3  0.27 0.24
   48 Q    -1   1  -2   1  -4   4   2  -3  -2  -4  -3   3  -3   1  -3   1   0  -4  -3  -3    4   7   0   7   0  22  13   0   0   0   2  21   0   6   0  10   5   0   0   0  0.47 0.33
   49 Q     0   0  -1  -3  -3   1  -1  -3   1  -1   2   1  -1  -1   1  -1  -1   4   0   0   10   6   2   0   0   8   2   1   4   0  26  10   0   2   8   5   1   7   3   5  0.18 0.19
   50 T     0   0  -2  -1   0  -1  -1   0  -3   1   2  -1  -1  -2  -1   0   2  -3  -1   0   10   5   0   4   2   2   3   6   0  12  21   3   0   0   2   4  20   0   2   3  0.12 0.17
   51 G    -1  -3   3  -1  -4   0  -3   5   2  -2  -2  -1   1  -4  -4   0   0  -4  -2  -4    5   0  15   3   0   4   0  43   5   3   4   3   5   0   0   5   5   0   1   0  0.60 0.37
   52 H    -1  -3   0  -2  -1  -2  -2  -4   6   1   1  -1   1   0  -1  -2   0  -3   3  -1    4   0   5   2   2   0   2   0  26  10  14   4   3   2   3   2   5   0  12   4  0.44 0.31
   53 G    -1  -1   0   0  -4  -3  -3   0  -1  -1  -2  -3   1  -4   6   2  -3   1  -4  -2    5   4   5   5   0   0   0   7   1   3   3   0   4   0  42  16   0   2   0   2  0.82 0.43
   54 Q     1  -2   0  -1  -3   2   0  -2  -2  -1   0  -1   0  -1   4   0  -1  -3  -1  -2   14   0   5   3   0  12   7   2   0   4   9   2   2   2  25   5   4   0   2   0  0.36 0.22
   55 D    -1   0   2   4  -4  -1   1   0  -2  -1  -1  -1  -1  -4   1   0  -2  -4  -3  -2    5   4  10  30   0   0  11   9   0   4   6   2   2   0   6   8   0   0   0   2  0.34 0.22
   56 A     1  -1  -1  -1  -2  -1  -1  -2  -3   0  -1   0   1  -3  -2   1   4  -3  -1   1   14   2   1   2   0   1   3   2   0   5   4   6   4   0   0   8  33   0   2  12  0.28 0.22
   57 P     0  -1  -1  -2  -3  -2  -1  -1  -2  -1  -1   0  -2  -2   5   2  -1  -3   1  -2    9   3   2   0   0   0   3   4   0   3   5   8   0   1  31  18   3   0   6   3  0.49 0.25
   58 F    -1  -4  -4  -4  -1  -3  -1  -2  -4   4   0  -3  -1   2  -4  -1  -1  -4  -2   4    4   0   0   0   1   0   5   2   0  24   5   0   0  10   0   5   3   0   0  39  0.52 0.30
   59 K    -2   1   0   0  -4   2   5  -3   0  -3  -3   2  -1  -4  -3   0  -2  -4  -3  -3    2   6   3   3   0   7  51   0   2   1   2  11   2   0   0   8   0   0   0   1  0.75 0.38
   60 V    -1  -1  -1  -2  -3   0   2  -2  -1   2  -1  -1  -1  -2   0   0   2   2  -1   2    2   2   2   0   0   2  17   2   2  14   2   3   0   1   3   6  16   4   1  21  0.20 0.20
   61 V    -1   1  -3  -3  -3   2  -1  -4  -3   2   1   0   0  -1  -3  -2   0  -3  -2   3    5   8   0   0   0  15   2   0   0  13  16   5   2   2   0   0   6   0   0  24  0.26 0.22
   62 D     0  -2   1   3  -3  -1   1  -1   0  -1  -3   0  -2  -3   2   1   2  -4  -1  -2    8   0   6  17   0   1  12   2   2   5   1   4   0   0   8  10  19   0   2   0  0.28 0.20
   63 I    -1  -2  -4  -2  -3  -3  -1  -2  -3   1   3  -3   1   1   0  -3  -1   2  -2   2    3   3   0   2   0   0   5   3   0   8  41   0   3   7   6   0   2   3   0  13  0.33 0.22
   64 D     0  -2   0   6  -4  -1   3  -2  -1  -4  -5  -2  -4  -5  -3   0   0  -5  -2  -4    6   1   2  51   0   2  20   2   2   0   0   0   0   0   0   5   6   0   1   0  0.94 0.42
   65 S    -1   1   2   3  -3   1   1  -2   0  -1  -2   0  -1  -2  -2   0   0  -2   3  -2    3  11  12  20   0   7   8   2   2   5   2   4   2   0   1   5   5   0  12   1  0.26 0.18
   66 F    -2  -4  -4  -4  -3  -4  -4  -4  -3  -1   1  -4  -2   7  -4  -4  -3  -1   2   1    3   1   0   1   0   0   1   1   0   3  12   1   0  62   1   1   1   0   5   9  1.23 0.43
   67 F    -3  -3  -3   0  -3  -2  -2  -3  -3   0   2  -3   0   6  -3  -2  -2   5   0  -2    1   1   1   5   0   2   2   1   0   3  18   1   2  47   1   3   2   8   0   1  0.80 0.32
   68 S     1   4   1  -1  -3   2   1  -1  -1  -3  -3   1  -2  -1  -1   0  -1  -3  -2  -2   15  26   7   2   0  12  11   3   0   1   1   7   0   3   3   5   1   0   1   2  0.31 0.17
   69 R    -1   0   3   0  -3   0   0  -1  -1  -1  -2  -1   0  -1   4   0  -1  -3  -2  -1    4   6  20   3   0   3   7   5   0   3   3   2   3   3  25   5   1   0   1   5  0.37 0.16
   70 A     1  -1  -2  -2   2  -2  -2  -2   0   1   0  -1   2   1  -2   0  -1  -2  -1   2   15   3   1   2   6   1   1   1   3   9   9   4   7   6   1   6   1   0   1  22  0.11 0.11
   71 T     0   0   0  -1   0  -1  -1  -2  -2   0   1  -1   0   0  -2   0   3  -2   0   0    9   7   5   3   2   1   2   1   0   6  16   1   1   5   1   3  28   0   3   5  0.14 0.13
   72 T     0   1   0   1  -2   1   0  -2   1  -1  -2   0  -1   0   0   1   2  -2   0  -1    8   8   2   8   0   9   5   1   5   2   2   5   0   4   4  10  19   0   3   5  0.13 0.11
   73 P    -1  -1   0   1  -3   1   3  -1  -2  -1  -2  -1  -2  -3   3  -1  -2  -3  -1   0    5   2   4   9   0   8  27   3   0   3   3   1   0   0  18   4   1   0   3   8  0.36 0.20
   74 Q     0   0   0   1  -3   2   2  -1  -1  -1  -1   1  -1   0   1   0  -1   0  -2  -1    9   3   3   7   0  14  17   2   0   3   6   9   0   4   6   7   3   1   0   4  0.15 0.11
   75 D     1  -1   1   4  -3   0   3   0  -2  -3  -3  -1  -3  -3   0   0  -1  -3  -1  -2   11   3   5  30   0   2  21   6   0   1   1   1   0   1   4   6   2   0   2   3  0.42 0.21
   76 W    -2  -3   0  -1  -3   0  -2   0  -3  -2  -3  -1  -3  -2   0  -1  -3  10   0  -2    4   1   4   3   0   4   2   7   0   2   2   3   0   1   6   5   1  48   2   4  1.44 0.44
   77 Y    -1   0  -1  -1  -1   0  -1  -1   5  -1   0  -2   1   1  -3   0  -1   1   4  -2    4   4   2   4   2   4   3   3  18   3  10   1   5   5   1   8   2   2  22   1  0.31 0.19
   78 E    -1   0   2   3   0  -1   1   3  -2  -3  -3  -1  -3  -2  -2   2   1  -3  -3  -2    1   4  10  16   2   0   8  23   0   1   1   3   0   2   1  17   8   0   0   2  0.32 0.18
   79 D     0  -2   1   4  -4   0   3  -3  -2  -4  -4  -1  -3  -4   2   1  -1  -4  -1  -3    7   0   5  22   0   3  27   1   0   0   1   1   0   0  12  14   3   0   2   1  0.54 0.26
   80 E     0  -1   0   1  -3   1   3  -1  -2   0  -1   0  -1  -2   1  -1  -1  -3  -2   0    9   2   4  10   0   4  24   4   0   7   6   6   1   2   8   3   3   0   0   6  0.16 0.11
   81 E     0   0  -1   2  -3   2   4  -1  -2  -1   0  -1  -2  -3  -2  -1   0  -3  -1  -2    6   5   1  12   0  10  35   5   0   4  10   1   0   1   1   1   5   0   2   1  0.34 0.21
   82 N     0   2   0  -1  -3   2   0   0  -1  -2  -1   3  -1  -2   0  -1  -1   0  -2  -1    8  15   4   3   0  10   4   7   0   1   6  22   2   1   5   2   2   2   1   5  0.18 0.12
   83 A     2  -1   0   2  -2   3   2  -2   0  -2  -3   0  -1  -3  -1   0   0  -3  -2  -2   25   1   2  11   0  14  18   1   2   2   1   5   1   1   3   5   6   0   0   1  0.30 0.17
   84 V    -1   1   0   0  -2   2   0  -3  -1   1   0  -1  -1   0  -2  -1   2  -2   0   1    1   8   4   6   0  12   7   1   0  11  11   2   0   4   1   2  16   0   4   9  0.10 0.11
   85 V     3  -1  -2  -3  -1  -1  -2  -1  -3   0   0  -2  -1  -2  -1   0   1  -3  -1   2   37   4   0   1   1   2   1   2   0   4   7   1   0   0   2   3  10   0   3  21  0.28 0.20
   86 A     1   0   2  -1  -3   3   1   1   2  -3  -3   2  -2  -4  -2   0  -1  -4  -3  -2   16   3  12   2   0  21   8  11   5   0   0  15   0   0   0   2   1   0   0   2  0.35 0.21
   87 K     0   5  -2  -2  -4   3  -1  -1  -1  -1  -3   3  -3  -4  -3  -1  -1  -4  -1  -1    7  35   0   1   0  16   0   5   1   3   0  21   0   0   0   2   3   0   2   4  0.57 0.30
   88 F    -4  -5  -5  -6  -1  -3  -5  -4  -2  -1  -3  -5  -3   7  -6  -5  -4   5   7  -2    0   0   0   0   2   1   0   1   0   3   0   0   0  45   0   0   0   9  37   2  1.66 0.55
   89 Q    -2   3   0  -2  -5   6   1  -2   0  -4  -3   3  -3  -5  -3  -1  -1  -4  -4  -4    3  16   5   0   0  43   6   2   2   1   1  16   0   0   0   2   4   0   0   0  0.82 0.39
   90 K     1   0   1   0  -3   1   2   0   0  -1  -2   0  -1  -1   0   0   1  -3  -2  -2   19   6   8   4   0   9  14   6   3   5   3   2   2   3   3   7   8   0   0   0  0.14 0.12
   91 L    -1  -4  -5  -6  -3  -4  -5  -3  -5   2   5  -4   0  -2  -5  -4  -3  -4  -3   2    4   0   0   0   0   0   0   2   0  12  69   0   1   0   0   0   0   0   0  12  0.98 0.40
   92 L    -1   0  -2  -1  -3   1   0  -2  -2   1   0   1   0   0  -3  -1  -2   1   2   2    4   6   0   3   0   9   6   2   0   9  10   8   1   2   0   4   0   2  12  22  0.13 0.14
   93 E     0  -1   1   3  -4   3   2  -1  -1  -3  -2   1  -1  -4  -1   0   0  -4  -2  -3    8   0   8  22   0  14  16   3   1   0   3  10   2   0   2   5   5   0   1   0  0.37 0.20
   94 V     1  -2  -2  -3  -2  -2  -2  -2   0   0   2  -1  -1   2  -3   0   2   0   1   1   13   2   0   0   0   0   2   3   3   5  23   2   0   9   0   5  17   1   6   9  0.15 0.14
   95 I    -2  -4  -5  -5  -3  -4  -4  -3  -4   4   4  -4   2   0  -4  -2  -2  -4  -3   2    2   0   0   0   0   0   0   2   0  24  51   0   5   2   0   2   0   0   0  11  0.74 0.31
   96 K     0   2   1   0  -4   2   2  -2  -1  -4  -3   4  -3  -4  -3  -1  -1  -4  -3  -3    6  13   7   4   0   9  16   1   1   0   1  34   0   0   0   3   2   0   0   1  0.51 0.27
   97 S     1   0   2   1  -3   2   3  -1   0  -3  -3   0  -3  -4  -1   2   0  -4  -1  -3   10   4   9   8   0   8  19   2   2   1   1   3   0   0   2  23   5   0   2   0  0.32 0.20
   98 N     0  -2   5   0  -1   1   1  -3   3  -4  -2  -1  -3  -4  -3   0   1  -4   1  -4   10   0  41   4   1   5   7   0  10   0   4   2   0   0   0   5   8   0   4   0  0.60 0.32
   99 L    -1  -4  -4  -1   0  -3  -4  -1  -4   0   5  -4   1   0  -4  -1   0  -3  -3   0    5   0   0   4   2   0   0   6   0   2  64   0   1   4   0   4   6   0   0   3  0.60 0.31
  100 K    -1   0   2   0  -3   1  -1  -3   0   0  -2   0  -2  -3  -3   3   3   0  -3  -1    2   3  10   4   0   6   3   0   2   7   2   5   0   0   0  27  25   2   0   4  0.34 0.24
  101 N    -1  -3   4   5   0  -2   2   1   1  -4  -4  -1  -4  -2  -3  -1  -1  -5  -3  -2    4   0  21  33   3   0  15   9   3   0   0   2   0   2   0   1   3   0   0   4  0.60 0.29
  102 P    -1  -1  -4  -4   0  -3  -3  -4  -4   3   2  -3  -1   0   0  -2   1  -4  -1   3    5   5   0   0   2   0   0   0   0  23  18   0   0   3   4   2   9   0   1  27  0.37 0.22
  103 Q    -2   3  -2  -2  -5   4   2  -4   2  -3  -4   5  -3  -5  -3  -2  -3   2  -3  -3    3  15   0   0   0  22  12   0   4   1   0  38   0   0   0   1   0   3   0   2  0.82 0.38
  104 V     0  -4  -5  -5  -3  -4  -2  -5   0   1  -1  -2  -2  -1  -5  -3  -2  -5  -3   6    6   0   0   0   0   0   3   0   3   4   3   2   0   3   0   1   0   0   0  75  1.07 0.47
  105 Y    -2  -5   0  -6  -5  -4  -5  -6  -2  -4  -2  -5  -2   4  -6  -4  -4   1   9  -4    3   0   5   0   0   0   0   0   0   0   2   0   1  17   0   0   0   2  70   0  1.97 0.64
  106 R    -3   7  -1  -3  -5   2   0  -4  -3  -3  -2   2  -3  -5  -1  -3  -3  -5  -4  -3    0  64   2   0   0   8   4   0   0   2   4  11   0   0   3   0   0   0   0   2  1.20 0.46
  107 L    -3  -4  -5  -5  -3  -4  -4  -5  -5   4   2  -1  -1   1  -4  -4  -2  -4  -3   5    0   0   0   0   0   0   0   0   0  28  18   5   0   5   0   0   0   0   0  42  0.78 0.34
  108 G     0   0   0   0  -4  -1   0   5  -3  -4  -4   0  -4  -4  -3  -1  -3  -4  -4  -1    5   4   5   5   0   2   5  59   0   0   0   6   0   0   0   2   0   0   0   5  0.84 0.33
  109 E    -1   0   0   1  -3   1   2   1  -1  -2  -3   0  -3  -3  -2   1   3  -3   0  -3    4   6   3  10   0   5  17  10   1   2   0   6   0   0   0  10  22   0   5   0  0.28 0.19
  110 V    -1   0  -2   0  -2  -1   0  -1   2   2   0  -1  -1  -1   0   0   2  -3  -1   2    3   4   0   6   0   0   6   3   6  13   5   4   0   1   4   7  18   0   1  17  0.11 0.13
  111 E    -1   3   2   1  -4   2   3  -3   3  -4  -4   0  -3  -4  -2   1  -1  -4  -3  -4    3  21   9   6   0   9  26   0   7   0   0   3   0   0   1  11   3   0   0   0  0.53 0.27
  112 L    -1  -2  -4  -2  -3  -2   0  -4  -3   4   1  -2   1   1  -4  -3  -1  -3   1   3    4   2   0   2   0   1   6   0   0  31   7   1   3   6   0   0   3   0   6  28  0.42 0.24
  113 D    -2   0   0   5  -5   2   2  -2   1  -2  -3   0  -3  -2   1  -1  -1  -4   0  -4    2   5   3  39   0   9  15   1   3   3   1   3   0   2   6   2   2   0   3   0  0.56 0.27
  114 V    -1  -2  -4  -5   3  -4  -1  -5  -3   3   0  -4  -1  -1  -4  -3  -2  -3   3   5    3   2   0   0   6   0   4   0   0  15   6   0   0   1   0   0   0   0  13  50  0.70 0.35
  115 Y    -4  -4  -5  -6  -4  -4  -5  -5  -2   0   1  -4  -2   2  -5  -4  -4   5   8   0    0   0   0   0   0   0   0   0   0   4  16   0   0   7   0   0   0   7  57   8  1.44 0.51
  116 V    -3  -5  -5  -5  -3  -5  -5  -6  -5   6   2  -5   0   0  -5  -3  -3   3  -3   3    1   0   0   0   0   0   0   0   0  55  18   0   1   2   0   2   0   4   0  17  0.99 0.39
  117 I    -2  -4  -5  -5  -3  -4  -5  -5  -5   4   4  -4   1   0  -5  -4  -3  -4  -3   4    1   0   0   0   0   0   0   0   0  26  38   0   3   2   0   0   0   0   0  30  0.85 0.35
  118 G    -2  -4  -2  -3  -4  -3  -4   6  -4  -4  -4  -2   0  -4  -4  -1  -2  -4  -4  -2    1   0   0   0   0   0   1  79   0   0   1   3   3   0   0   3   2   0   0   4  1.42 0.45
  119 E    -1   2  -1  -2  -3   2   1  -3  -2  -1   1   3   0   0  -2   0  -1  -3  -1  -1    2  11   2   0   0  13   7   0   0   2  16  25   2   3   0   6   3   0   2   4  0.24 0.17
  120 T     0  -3  -1   1  -3   0  -2  -2   5  -2  -2  -1  -3  -4  -2   0   5  -5  -3  -2    6   0   1   8   0   3   0   2  16   1   4   2   0   0   1   3  50   0   0   2  0.72 0.39
  121 P     2   0  -1   0  -3   0   2  -2  -1  -3  -1   1  -2  -4   4   1  -1  -4  -3  -2   19   3   2   3   0   4  18   0   2   0   5  11   0   0  19   8   3   0   0   2  0.37 0.20
  122 A    -1  -2   1   4   0   2   2   1  -1  -4  -4   0  -3  -3  -2   2  -1  -5  -4  -4    2   0   5  27   3  10  13  11   1   0   0   5   0   1   1  19   2   0   0   0  0.49 0.26
  123 G    -2  -3  -2   0   1  -1   0   6  -4  -5  -5   0  -5  -5  -4  -1  -3  -5  -5  -4    1   1   1   5   4   2   6  69   0   0   0   7   0   0   0   4   0   0   0   1  1.17 0.43
  124 N     0   2   2   3  -1   0   2   0  -1  -3  -3   1  -3  -4  -2   0   2  -4  -3  -2    6  11  13  19   1   2  13   5   1   0   0   7   0   0   1   3  14   0   0   3  0.31 0.17
  125 L    -2  -1  -4  -5  -1  -3  -4  -4  -3   3   3  -3  -1  -1  -3  -3  -2   7   3   2    1   5   0   0   1   0   0   0   0  16  30   0   0   1   1   1   2  17  10  13  0.67 0.29
  126 A     3  -3  -4  -4  -2  -2  -3  -2  -4   2   1  -2  -1  -3  -3  -1  -2  -4  -3   3   34   0   0   0   0   2   0   1   0  14  16   1   0   0   0   2   0   0   0  29  0.51 0.29
  127 G    -2  -5  -3  -4  -5  -4  -5   7  -5  -6  -6  -4  -5  -6  -5  -3  -4  -5  -5  -6    0   0   0   0   0   0   0  97   0   0   0   0   0   0   0   0   0   0   0   0  2.20 0.61
  128 I    -1  -4  -5  -5  -3  -4  -5  -5  -4   3   4  -4   1   2  -4  -4  -3  -3  -1   2    5   0   0   0   0   0   0   0   0  23  48   0   1   8   0   0   0   0   2  14  0.73 0.30
  129 S     0   3  -2  -3  -4   1  -1  -3  -2  -4  -4   5  -3  -2  -3   3  -1   0  -1  -2    8  15   0   0   0   5   0   0   0   0   0  39   0   2   0  23   2   2   2   2  0.61 0.32
  130 T     2  -2  -3  -4  -3  -3  -3  -4  -4   1  -3  -3  -1  -4   0   0   6  -5  -4  -2   16   2   0   0   0   0   0   0   0   8   0   0   1   0   5   2  64   0   0   0  1.00 0.45
  131 K    -2   2  -2  -3  -4   2  -1  -4   1  -1   1   5   0  -2  -3  -2   0  -4  -3   0    0   8   0   0   0  12   0   0   3   2  15  43   2   1   0   0   4   0   0   9  0.51 0.29
  132 V     2  -3  -3  -4  -2  -3  -3  -2  -4   2   2  -3   1  -2  -1   0  -2  -4  -3   3   24   0   0   0   0   0   0   2   0   8  26   0   2   0   2   9   0   0   0  27  0.39 0.24
  133 V    -3  -5  -5  -5  -3  -4  -5  -5  -5   5  -1  -4   1  -3  -4  -4   1  -5  -3   5    0   0   0   0   0   0   0   0   0  36   0   0   2   0   0   0   7   0   0  55  1.10 0.40
  134 E    -3  -1  -3   0  -6   2   7  -5  -3  -6  -5  -2  -4  -5  -4  -3  -3   5  -4  -5    0   2   0   3   0   6  81   0   0   0   0   0   0   0   0   0   0   8   0   0  1.64 0.54
  135 T    -2  -4  -2  -3  -3  -3  -3  -4  -4  -3  -4  -3  -3  -5  -3   3   7  -5  -4  -3    0   0   0   0   0   0   0   0   0   0   0   0   0   0   0  23  77   0   0   0  1.51 0.53

                      K         Lambda
Standard Ungapped    0.1313     0.3124
Standard Gapped      0.0467     0.2670
PSI Ungapped         0.1539     0.3110
PSI Gapped           0.0467     0.2670
