
Last position-specific scoring matrix computed, weighted observed percentages rounded down, information per position, and relative weight of gapless real matches to pseudocounts
            A   R   N   D   C   Q   E   G   H   I   L   K   M   F   P   S   T   W   Y   V   A   R   N   D   C   Q   E   G   H   I   L   K   M   F   P   S   T   W   Y   V
    1 G    -1  -4  -2  -3  -4  -3  -3   7  -3  -5  -5  -3  -4  -5  -3  -1  -3  -4  -4  -5    0   0   0   0   0   0   0 100   0   0   0   0   0   0   0   0   0   0   0   0  1.64 0.24
    2 S     2   0  -1  -2  -3  -1  -1  -2  -3  -3  -4   0  -3  -4  -2   5   3  -4  -3  -3   15   5   1   0   0   1   2   0   0   0   0   4   0   0   0  52  20   0   0   0  0.65 0.26
    3 I     0  -1  -1  -3   6  -2  -2  -3  -3   1  -1  -2  -1  -3  -3   1   2  -4  -3   1    6   3   3   0  25   1   1   0   0  11   4   2   1   0   0  12  18   0   0  12  0.46 0.20
    4 S     0  -2   1   1  -3  -1   1   1  -2  -4  -2  -2  -3  -2  -2   4   0  -4  -3  -3    6   1   5   8   0   2  11  10   1   0   4   0   0   2   1  47   2   0   0   0  0.49 0.27
    5 V    -1   0  -1   0  -3   1   2  -3  -2   1   0   1  -1  -2   1   0  -1  -3   0   2    3   3   2   3   0   8  17   0   0   9   7  10   0   0   6   7   2   0   3  21  0.16 0.13
    6 H    -2  -1   4  -2  -5   2  -3  -4   8  -4  -5  -2  -2  -5  -2  -1  -3  -5  -2  -3    4   2  24   1   0  11   0   0  47   1   0   1   1   0   2   4   0   0   0   2  1.37 0.48
    7 L    -3  -2  -4  -5  -3  -4  -5  -4  -4   1   5  -2   4   2  -5  -3  -2  -3  -2   1    0   2   1   0   0   0   0   1   0   8  56   2  10   9   0   1   2   0   1   7  0.74 0.31
    8 L     1  -1  -2  -1  -3   0   0  -3  -2  -1   2   2  -1   0  -1   0   1  -1   1  -1   16   2   0   3   0   3   4   0   0   1  23  15   0   5   3   4  13   1   5   2  0.13 0.15
    9 L    -3  -1  -2  -5  -4   0  -4  -4  -3  -1   3  -1   5   5  -5  -3  -3  -1   3  -2    1   3   2   0   0   5   0   1   0   1  33   4  15  24   0   2   0   0   9   1  0.68 0.32
   10 G    -2  -5  -3  -2  -6   0  -5   7  -5  -6  -6  -3  -5  -6  -2  -3  -4  -6  -6  -4    2   0   0   2   0   4   0  86   0   0   0   2   0   0   3   0   0   0   0   1  1.88 0.57
   11 N    -2  -2   6  -1  -3   1  -2  -3  -3  -1  -2  -2  -1   2  -2  -2   0  -5  -3   0    3   1  51   2   1   6   1   1   0   3   4   2   1  10   1   1   5   0   0   6  0.78 0.37
   12 P    -2  -6  -5  -4  -6  -2  -4  -6  -1  -6  -6  -5  -6  -7   9  -3  -4  -7  -4  -5    2   0   0   0   0   2   1   0   1   0   0   0   0   0  89   1   1   0   1   1  2.76 0.79
   13 S     0  -3  -1  -1  -4  -1  -1   0  -3  -3  -1  -1  -3  -2   2   5   1  -5  -4  -3    4   0   1   3   0   3   2   7   0   1   7   2   0   2  11  48   8   0   0   1  0.58 0.34
   14 G     0  -2   2   0  -3   0   1   3  -1  -1  -1  -1  -2  -1  -1   0   1  -3   0  -1    6   1  12   6   0   5  11  22   1   3   6   2   0   2   3   4   8   0   4   4  0.17 0.13
   15 A     4  -2  -3  -3  -3  -2  -2   1  -1  -2   1  -2  -2   0  -2   0   0  -4  -2  -2   47   2   0   0   0   1   2  10   1   2  14   2   0   4   1   6   4   0   1   1  0.44 0.27
   16 T     0   1   1   0  -2  -1  -1   0   0   0  -1   0  -1   0  -2   1   3  -3  -2   0    7   7   9   3   0   2   3   6   2   6   4   4   1   4   0   9  24   0   0   7  0.13 0.12
   17 P     1   0   0  -1  -3   1   1  -1  -2  -3  -3   1  -2  -3   4   0   2  -1   0  -2   12   3   3   3   0   5   9   3   0   1   2  10   0   0  20   7  13   1   4   3  0.31 0.16
   18 T     0  -1   0   2  -2  -1   2  -2  -2  -1  -2  -1  -2  -2  -1   2   2  -3   0  -1    7   2   4  13   1   2  13   2   0   2   3   3   0   2   3  18  16   0   4   5  0.20 0.15
   19 K     0   1   1   0  -2  -1   0   0  -1  -1  -1   1  -1  -2   2   1   0  -3  -1  -1    6   8   6   5   0   1   4   6   1   5   5  12   1   1   9  17   6   0   3   3  0.11 0.08
   20 L     0  -1   1  -1  -1  -1  -1  -1  -1   0   2  -1   0   1  -2   0   0  -2   0   0   10   4   9   2   1   2   2   4   1   5  27   2   1   6   2   9   7   0   2   4  0.07 0.08
   21 T    -1   0   2   0  -2   0  -1  -1  -1  -1  -1   0  -1   0   1   1   2  -2   1  -1    4   3  12   3   0   5   2   4   0   2   5   7   1   5   7  10  14   0   7   5  0.11 0.09
   22 P     1  -1   0  -1  -3   0  -1   0   1  -3  -3   1  -2  -2   5   0   1  -3  -2  -2   11   3   4   3   0   4   2   6   3   1   2  12   1   2  27   8   8   0   1   2  0.40 0.18
   23 D    -2   0   4   3  -3   0   1  -2   0  -1  -3   1  -3  -2  -2   0   0   1  -2  -2    1   6  28  17   1   3   7   2   2   3   3   8   0   1   1   5   6   2   1   3  0.39 0.20
   24 N    -1  -2   5   2  -4   1   1  -1   3  -4  -4  -2  -4  -3  -3   1   0  -4  -3  -4    3   1  34  10   0   7   8   4   7   0   1   1   0   1   0  12   7   0   0   1  0.63 0.30
   25 Y    -3   0  -3   0  -4   4   0  -4   0  -2   0  -2  -2   0  -4  -3  -2  -2   6  -1    2   5   0   5   0  23   5   1   2   2   9   1   1   3   0   1   1   0  35   3  0.79 0.37
   26 L    -2  -4  -5  -4  -3  -3  -3  -5  -5   4   4  -3   0  -1  -1  -4  -3  -4  -1   2    3   0   0   1   0   1   1   0   0  24  47   1   1   2   4   1   0   0   2  11  0.75 0.33
   27 M    -2  -1  -4  -5  -3  -2  -3  -5  -3   4   3  -1   2  -1  -4  -4  -3  -4  -1   2    3   4   0   0   0   1   1   0   1  31  34   5   5   2   0   0   0   0   1  10  0.64 0.29
   28 V    -2   1   0   0   5   0   1  -3   3  -1  -3   1  -3  -3  -3   0   0  -4   0   0    2  10   4   5  16   4  12   0   8   3   1   8   0   0   1   8   6   0   4   7  0.31 0.20
   29 K    -4   5   0  -4  -6  -1  -3  -5   6  -5  -5   3  -4   1  -5  -4  -3  -4   3  -5    1  36   4   0   0   1   0   0  19   0   0  19   0   7   0   0   1   0   9   0  1.15 0.46
   30 N    -1   0   2   1  -3   0   2  -2   0  -3  -3   1  -3  -3   3   0   2  -4  -1  -2    2   4  10   7   0   3  16   1   3   1   1   8   0   1  15   7  14   0   2   3  0.33 0.21
   31 Q     0  -2   3  -1  -3   3   0   4  -1  -5  -5  -3  -4  -2  -4   0  -1  -4   2  -3    8   1  16   3   0  16   5  29   1   0   0   0   0   1   0   7   3   0   7   1  0.57 0.32
   32 Y    -6  -6  -6  -7  -7  -6  -4  -7   3  -4  -4  -6  -2   5  -7  -6  -6  -2   9  -6    0   0   0   0   0   0   1   0   5   0   1   0   1  21   0   0   0   0  70   0  2.60 0.84
   33 A     3  -3   0  -3   0  -3  -3  -3  -4   0  -2  -3   0  -3  -4   2   4  -5  -3   2   24   0   4   1   2   0   0   0   0   5   2   0   2   0   0  18  27   0   0  13  0.55 0.35
   34 L    -1  -5  -5  -6  -4  -4  -3  -6  -5   1   4  -5   2  -1  -5  -2   0  -5  -4   4    4   0   0   0   0   0   2   0   0   6  43   0   4   2   0   4   5   0   0  30  0.80 0.38
   35 S    -1  -2  -2  -2   2  -3   2   1  -4  -5  -2  -3   1  -4  -5   6  -3  -6  -5  -4    4   1   1   2   4   0  13  10   0   0   4   0   4   1   0  55   0   0   0   1  0.93 0.50
   36 Y    -7  -7  -7  -8  -7  -6  -7  -8   1  -6  -6  -7  -6   1  -8  -7  -7   6  10  -6    0   0   0   0   0   0   0   0   3   0   0   0   0   4   0   0   0  10  83   0  3.17 0.98
   37 N    -3  -2   7   5  -4  -3  -3  -4   0  -7  -7  -4  -5  -7  -5   3  -4  -7  -5  -6    1   2  46  27   0   1   0   0   2   0   0   0   0   0   0  18   0   0   0   0  1.48 0.61
   38 N    -1   2   1   1   2   1   2   1   0  -3  -3   1  -2  -3   1   0  -1  -4   0  -3    5  14   6   6   6   6  14  10   2   1   1   9   1   0   6   6   4   0   5   1  0.23 0.17
   39 S     0   1   0   3  -4   2   1  -2  -1  -2  -3   0  -2  -3  -2   2   1  -2  -3   0    9   8   4  17   0   8   9   2   1   2   2   5   0   1   1  15   8   1   0   6  0.23 0.18
   40 K    -1   2   0  -2  -4  -1  -2  -4   3  -3   0   3   0  -2  -4   0   2   0   2  -3    5  13   4   2   0   1   1   0   7   0  11  21   2   1   0   7  15   1   8   0  0.35 0.26
   41 G    -3   4  -1  -4  -6  -2   2   2   0  -6  -4   5  -4  -6  -5  -3  -3  -6  -5  -5    1  26   3   0   0   0  11  16   2   0   2  38   0   0   0   1   1   0   0   0  0.99 0.46
   42 T    -1  -2   2  -2  -1   3  -1  -1   1   2  -1  -2  -2  -4  -4   0   3  -5  -4   0    5   1  12   1   1  15   3   4   4  15   5   1   0   0   0   6  21   0   0   7  0.32 0.26
   43 A     4  -5   0  -5  -3   0  -5  -5  -5  -5  -4  -5  -6  -7   7   0  -4  -7  -6  -5   30   0   5   0   0   4   0   0   0   0   2   0   0   0  53   6   0   0   0   0  1.63 0.64
   44 N    -1   3   6   0  -5  -2   1  -4   0  -3   0  -2  -3  -5  -5  -2  -2  -3   0  -3    4  18  39   4   0   1   9   0   2   1  12   1   0   0   0   2   1   0   4   1  0.76 0.40
   45 W    -8  -8 -10 -10  -8  -8  -9  -8  -8  -8  -7  -9  -7  -5 -10  -9  -8  13   0  -6    0   0   0   0   0   0   0   0   0   0   0   0   0   0   0   0   0  97   2   0  5.15 1.35
   46 V     0  -6  -6  -6  -3  -6  -6  -6  -7  -1  -3  -6  -3  -5  -6   1   1  -7  -5   7    7   0   0   0   0   0   0   0   0   1   0   0   0   0   0   9   7   0   0  75  1.61 0.64
   47 A     5  -5  -4  -5   4  -4  -4  -2  -5  -1  -2  -4  -2  -4  -4   4  -2  -6  -3  -1   47   0   0   0  10   0   0   2   0   3   5   0   1   0   0  28   1   0   1   3  0.97 0.48
   48 W    -6  -5  -6  -6  -7  -5   3  -7  -1  -7  -6  -6  -6   0  -7  -6  -6  10   7  -6    0   0   0   0   0   0  21   0   1   0   0   0   0   3   0   0   0  34  40   0  2.47 0.82
   49 Q    -3   1  -2  -2  -5   4   3  -4   7  -3  -4  -1  -3  -5  -1  -3  -1  -2   1  -2    1   8   1   2   0  21  16   0  28   2   2   3   1   0   3   1   3   1   4   3  0.90 0.43
   50 L    -5  -6  -7  -7  -5  -6  -6  -7  -4   2   6  -6   3   0  -6  -5  -3  -5  -4   0    0   0   0   0   0   0   0   0   0  12  71   0   7   3   0   0   1   0   0   4  1.43 0.54
   51 N    -2  -2   3   2  -5  -3  -2  -3   0  -3  -3   0  -4  -5  -4   2   5  -5   1  -4    1   2  16  10   0   0   1   1   2   2   2   6   0   0   0  14  37   0   6   0  0.69 0.39
   52 S     2   2  -1  -2  -4   1  -1  -1  -2  -4  -4   3  -4  -5   3   1  -1  -5  -3  -3   20  13   3   2   0   7   2   3   0   1   1  17   0   0  14  12   3   0   1   1  0.46 0.28
   53 S     1  -1   0   2  -4   1   4  -1  -3  -4  -5   0  -4  -5  -4   3   0  -4  -3  -4   11   2   4  10   0   6  26   5   0   1   0   5   0   0   0  23   6   0   0   1  0.52 0.31
   54 W    -3   2   1   2  -5  -1   1  -4   4  -4  -4   1   0  -4  -5   1   1   7   0  -4    1  10   7  10   0   1   8   1  12   1   0   7   3   0   0  11   8  18   3   1  0.68 0.35
   55 L    -1  -1  -3  -4  -2  -1  -4  -4  -3   1   4   0   1   0  -4  -3   2  -4  -3   1    6   3   1   1   0   2   0   1   0   9  41   6   3   3   0   1  13   0   0  10  0.44 0.26
   56 G    -1  -3   0  -2  -5   0  -2   6  -4  -6  -6   1  -5  -6  -3   1  -1  -6  -5  -4    4   1   3   2   0   5   2  57   0   0   0   9   0   0   1  10   4   0   0   1  1.04 0.44
   57 N    -1   0   4   2  -4   0   0  -1  -1  -5  -4   2  -2  -5   1   2   1  -5  -1  -4    3   3  19  13   0   3   3   3   1   0   1  16   1   0   7  18   7   0   2   1  0.44 0.27
   58 A     3  -2  -1  -2  -3  -1   0  -1  -1   1  -1  -2  -2  -1  -3   0   1  -1   1   2   28   2   2   2   0   2   7   5   1  10   4   1   0   1   1   5   8   1   6  15  0.20 0.19
   59 E    -2  -1   1   3  -5  -1   1  -1  -2  -5  -4   3  -4  -3   2   1  -1   0  -3  -3    2   2   5  20   0   1   9   4   1   0   1  24   0   1   9  13   3   1   0   2  0.49 0.29
   60 R    -6   8  -4  -6  -8  -2  -3  -5  -5  -3  -7   0  -6  -5  -4  -3  -4  -7  -6  -7    0  89   0   0   0   1   1   1   0   2   0   3   0   0   1   1   1   0   0   0  2.47 0.84
   61 Q    -1   2   0  -2  -1   2   0   0  -1  -4  -3   3  -3  -4   1   2   1  -4  -1  -2    2  14   3   1   2  11   6   6   1   0   2  17   0   0   6  14  11   0   2   2  0.31 0.22
   62 D    -4  -2   4   5   0  -3  -1   1   3  -6  -6  -1  -4  -5   1   0  -3  -7  -5  -6    0   2  23  37   2   0   2   9   7   0   0   3   0   0   7   7   0   0   0   0  0.96 0.43
   63 N    -1   1   3   3  -1   0   0  -1  -2  -4  -4   3  -4  -3  -2   1   0  -5   1  -4    5   9  17  17   2   4   3   3   0   0   1  17   0   1   2   8   5   0   5   0  0.39 0.24
   64 F    -7  -7  -8  -8  -7  -8  -8  -8  -6  -5  -3  -8  -5   9  -8  -7  -7   3   3  -6    0   0   0   0   0   0   0   0   0   0   1   0   0  87   0   0   0   4   8   0  2.96 0.89
   65 R    -1   4  -2  -1  -3   1   0  -3   4   0  -1   2   0  -1  -1  -1  -1  -2  -1  -1    6  22   1   3   0   7   4   1  10   8   6  14   3   3   3   3   2   1   2   4  0.27 0.19
   66 P     2  -1  -2  -1  -3  -1   4  -3  -3  -3  -4  -3  -1  -3   5  -2  -1  -5  -2  -1   16   3   2   2   1   2  27   2   0   2   1   0   2   1  27   2   4   0   2   5  0.65 0.35
   67 D    -6  -6  -2   8  -8  -5   1  -6  -6  -8  -8  -5  -8  -5  -6  -5  -6  -3  -5  -8    0   0   1  91   0   0   6   0   0   0   0   0   0   0   0   0   0   1   1   0  2.71 0.88
   68 K    -2  -3   0   1  -5  -2   1  -3  -4  -4  -3   0  -1  -4   6  -1   2   1  -2  -4    3   1   4   7   0   1   8   1   0   0   3   4   2   1  44   3  12   2   2   1  0.94 0.42
   69 T     0   1   2   2  -4   0   1  -2  -3  -3  -1   0   0  -4  -3   2   1  -5  -3  -3    8   9   9  13   0   3  11   3   0   1   8   6   2   0   0  15  10   0   0   1  0.25 0.19
   70 L    -4  -5  -6  -6  -4  -5  -5  -6  -6   4   4  -5   0  -1  -4  -4  -3  -5  -4   4    0   0   0   0   0   0   0   0   0  22  39   0   1   2   1   1   0   0   0  32  1.08 0.42
   71 P    -2  -2  -3  -2  -5  -3  -1  -4   1  -3  -4   1  -5  -5   7  -1  -1  -5  -4  -3    3   2   1   3   0   1   3   1   4   2   1   9   0   0  58   4   4   0   1   2  1.41 0.51
   72 A     2  -1   0   0  -3   0   2   1  -2  -3  -3   0  -2  -1   1   2   2  -4  -2  -2   17   3   3   4   0   3  13   9   0   0   2   5   1   3   7  17  12   0   1   2  0.23 0.17
   73 G     0  -2   1   0  -1   1   0   3  -2  -2  -2   0   0  -3   1   1   0  -3  -3  -2    6   1   5   5   1   7   7  29   1   2   2   7   3   1   6   9   6   0   0   2  0.28 0.15
   74 W    -1  -1  -2  -2   1  -1  -1  -2  -1   0  -1  -2  -2   5  -3  -2  -2   6   4  -1    5   3   2   3   4   3   5   3   1   4   5   2   1  23   1   3   2  13  14   3  0.53 0.20
   75 V     0  -1   0  -1  -2   1  -1  -1   3  -1  -2  -1  -1   0   2   0   0   0   4   0    6   3   4   2   1   6   3   4   9   3   3   2   1   4  12   9   5   1  17   7  0.23 0.13
   76 R     1   5  -2  -3  -3   2  -2  -3   0  -3  -3   1  -1  -3  -1   1   0   1  -2  -3   12  38   1   1   1  11   2   1   2   2   2   6   1   1   2  10   5   2   1   1  0.61 0.31
   77 V     4  -5  -2  -4  -4  -4  -4  -2  -5   0  -3  -4  -2  -1  -1   0   0  -3  -1   4   43   0   2   0   0   0   0   2   0   5   0   0   0   3   3   5   5   0   3  29  0.73 0.39
   78 T    -2   0   1   1  -3   2   1  -2   0  -2   0   1  -2  -3  -3   0   4  -4  -1  -2    1   3   7   9   0   8   7   2   3   1  10   8   0   0   0   7  28   0   2   2  0.31 0.24
   79 P    -2  -3   2   1  -4  -2  -2  -2   2  -3   2  -2  -2  -2   2   1   2   4  -1  -3    2   1  12   9   0   1   1   2   7   1  23   1   0   1  11   9  12   6   2   0  0.32 0.23
   80 S     1   1   1   1  -4  -1   1   0  -2  -3  -3   1  -3  -2  -2   3   0  -1   0  -3   13   8   8   8   0   2   9   6   0   1   1   8   0   2   1  24   5   1   3   1  0.26 0.20
   81 M    -4  -4   1   8  -7  -3  -2  -3  -2  -4  -7  -4  -4  -5  -2   0  -2  -7  -3  -5    1   1   6  74   0   0   1   2   1   1   0   0   1   0   2   6   2   0   1   1  1.81 0.66
   82 Y    -7  -7  -7  -8  -8  -7  -5  -8  -3  -6  -6  -7  -6   2  -8  -7  -7  -1  10  -6    0   0   0   0   0   0   1   0   0   0   0   0   0   6   0   0   0   0  92   0  3.42 1.04
   83 S    -1   3  -1  -3  -4  -1  -2  -2  -3  -1  -2   3  -1   0  -3   1   3   1   0  -1    4  17   3   0   0   1   0   3   0   3   4  20   1   4   1  11  18   2   3   4  0.32 0.24
   84 G    -3   4   3  -3  -6  -2  -3   5   1  -6  -5   1  -5  -4  -4  -1  -2  -6  -3  -6    1  21  13   1   0   1   1  44   3   0   1   8   0   1   1   3   1   0   1   0  0.95 0.42
   85 S    -2  -2  -2  -4  -2  -3  -4  -4  -5  -6  -6  -4  -1  -4  -5   7   1  -7  -4  -5    2   2   2   0   1   1   0   1   0   0   0   1   1   1   0  80   8   0   0   0  1.72 0.72
   86 G    -4  -4  -4  -4  -7  -3  -5   7  -6  -6  -8  -6  -7  -4  -5  -4  -5  -7  -7  -7    0   1   0   1   0   1   0  93   0   0   0   0   0   1   0   1   1   0   0   0  2.42 0.79
   87 Y    -7  -7  -7  -8  -7  -6  -7  -8  -3  -6  -4  -7  -1   5  -8  -7  -6   5   9  -6    0   0   0   0   0   0   0   0   0   0   1   0   1  23   0   0   0   8  67   0  2.70 0.86
   88 A    -4  -6  -2   8  -7  -2  -1  -6  -5  -5  -8  -5  -7  -8  -6   1  -2  -8  -7  -7    1   0   1  81   0   2   3   0   0   1   0   0   0   0   0   9   2   0   0   0  2.18 0.76
   89 R    -4   8  -5  -6  -8  -2  -4  -4   3  -7  -7   1  -4  -7  -6  -5  -6  -7  -6  -7    1  82   0   0   0   1   0   1   6   0   0   7   0   0   0   0   0   0   0   0  2.35 0.80
   90 G    -4  -7  -5  -6  -7  -6  -7   8  -7  -9  -8  -6  -7  -8  -7  -5  -6  -7  -8  -8    0   0   0   0   0   0   0 100   0   0   0   0   0   0   0   0   0   0   0   0  2.84 0.88
   91 H    -7  -6  -5  -7  -9  -5  -5  -8  11  -9  -8  -6  -7  -7  -8  -6  -7  -8  -3  -9    0   0   0   0   0   0   0   0 100   0   0   0   0   0   0   0   0   0   0   0  4.28 1.19
   92 I    -5  -5  -1  -7  -5   1  -6  -5  -3   2   4  -5   8  -3  -6  -6  -5  -6  -5  -3    0   0   3   0   0   6   0   1   1   9  39   0  41   0   0   0   0   0   0   0  1.56 0.61
   93 A     4  -6  -6  -6   9  -5  -4  -5  -6  -1  -3  -5  -2  -6  -5  -2   0  -6  -6   1   39   0   0   0  37   0   1   0   0   3   2   0   1   0   0   1   6   0   0  10  1.55 0.59
   94 P     1  -3  -5  -4  -7  -6  -6  -6  -7  -7  -7  -5  -7  -8   8  -3  -5  -8  -7  -7   11   2   0   1   0   0   0   0   0   0   0   0   0   0  83   2   0   0   0   0  2.69 0.88
   95 S     5  -5   2  -4  -5  -4  -4  -4  -3  -6  -6  -4  -5  -2  -5   5  -3  -6  -2  -5   47   0   9   0   0   0   0   0   1   0   0   0   0   2   0  41   0   0   1   0  1.31 0.60
   96 A     5  -4  -3  -2  -5  -4  -2   4  -5  -3  -6  -3  -5  -5  -5   0  -3  -6  -4  -4   55   1   1   3   0   0   3  30   0   2   0   1   0   0   0   4   1   0   1   0  1.16 0.52
   97 D    -3  -6   2   8  -8  -5  -2  -6  -2  -4  -8  -5  -7  -8  -6  -2  -3  -9  -7  -7    3   0   7  83   0   0   1   0   1   1   0   0   0   0   0   3   1   0   0   0  2.27 0.77
   98 R    -2   6   3  -5  -2  -2  -4  -6   2  -2  -3  -3   6  -1  -6  -4  -4  -1  -5  -4    3  45  15   0   1   1   0   0   4   2   1   0  24   3   0   0   0   1   0   0  1.36 0.58
   99 T    -2   2   1   1  -3  -1  -2  -3  -2  -4   0   4  -3  -5  -1   0   3  -5  -4  -3    3   9   6   8   0   1   1   1   0   0   8  32   0   0   2   6  19   0   0   1  0.50 0.31
  100 K    -1   1   1  -2   0  -3  -4  -2  -1  -4  -3  -2  -2   4  -5   0  -3   8   3  -4    5   7   7   3   2   1   0   4   1   0   2   2   1  20   0   8   1  24  11   1  0.96 0.40
  101 T    -3  -4   3   1  -4  -4  -3  -1   0  -6  -6  -3  -5  -4  -5   6   2  -7  -5  -5    1   0  12   8   0   0   0   3   2   0   0   1   0   1   0  58  14   0   0   0  1.21 0.57
  102 T     0   2  -1   0  -3   3   1  -3  -2  -1  -2   2  -2  -1   1   0   0   0   0   0    9  11   1   4   0  15   9   1   0   3   2  15   1   2   7   5   5   1   3   7  0.21 0.17
  103 E     1   0  -1   2  -5   2   3  -2  -2  -3  -4   3  -3  -5  -3  -1   1  -5  -4  -2   11   4   3   9   0  10  24   2   0   1   1  21   0   0   0   3   8   0   0   2  0.49 0.29
  104 D     5  -4  -1   3  -3   0  -1  -3  -4  -4  -4  -4  -2  -6  -3   1  -2  -6  -5  -2   57   0   2  17   0   4   3   1   0   0   1   0   1   0   1   9   1   0   0   2  0.99 0.48
  105 N    -3  -5   6  -4  -6   3  -4  -5  -2  -1  -3  -4   8  -2  -6  -3  -4  -6   2  -4    2   0  35   0   0  13   0   0   1   3   0   0  37   2   0   1   0   0   6   1  1.54 0.65
  106 A     1   0   0   2  -3   1   1  -3   0  -2  -2   2  -2  -2  -3   2  -1  -1   2  -2   10   5   4  14   0   6   9   1   2   3   3  12   1   1   0  15   2   1   9   2  0.22 0.18
  107 A     2  -3  -2   3  -5   4   5  -4  -4  -5  -5  -3  -3  -6  -4   0  -2  -6  -5  -5   15   1   2  15   0  21  37   1   0   0   0   0   1   0   0   7   2   0   0   0  0.96 0.47
  108 T    -3  -5  -4  -5   2  -5  -5  -5  -6  -5  -5  -5  -5  -4  -5   4   7  -7  -6  -2    1   0   0   0   3   0   0   0   0   0   0   0   0   1   0  28  64   0   0   2  1.72 0.71
  109 F    -7  -7  -3  -8  -7  -8  -8  -8  -3  -5  -4  -8  -5  10  -8  -7  -7  -4   0  -6    0   0   1   0   0   0   0   0   0   0   0   0   0  95   0   0   0   0   2   0  3.23 0.95
  110 L    -4  -5  -6  -7  -5  -5  -6  -7  -3  -2   4  -6  -1   3  -6  -1  -4  -3   7  -2    1   0   0   0   0   0   0   0   0   1  35   0   1  10   0   6   1   0  42   2  1.38 0.55
  111 M    -5  -6  -6  -7  -5  -5  -6  -5  -5  -1   4  -6   8   1  -6  -5   1  -5   1  -2    0   0   0   0   0   0   0   1   0   1  44   0  35   6   0   0   8   0   5   1  1.43 0.58
  112 T     0  -5  -4  -3  -5  -4  -4  -5  -5  -4  -6  -4  -5  -6  -5   6   5  -7  -6  -5    6   0   0   1   0   0   0   0   0   1   0   0   0   0   0  54  39   0   0   0  1.58 0.68
  113 N    -7  -5   9  -4  -8  -5  -5  -5  -4  -8  -9  -5  -7  -8  -7  -4  -5  -9  -7  -8    0   0 100   0   0   0   0   0   0   0   0   0   0   0   0   0   0   0   0   0  3.30 1.04
  114 M    -5  -6  -7  -7  -3  -4  -7  -7  -7   6  -2  -6   8  -3  -7  -6  -3  -6  -5   1    0   0   0   0   0   1   0   0   0  44   1   0  44   1   0   0   1   0   0   9  2.02 0.71
  115 M     0  -4  -3  -5   6   1  -4  -5  -5   2  -1  -4   0  -3  -5   2   0  -5  -3   3    7   0   1   0  20   8   0   0   0  11   5   0   3   1   0  20   6   0   0  19  0.65 0.35
  116 P    -4  -7  -7  -7  -8  -6  -6  -7  -7  -8  -6  -6  -8  -9   9  -6  -6  -9  -8  -7    1   0   0   0   0   0   0   0   0   0   1   0   0   0  98   0   0   0   0   0  3.45 1.05
  117 Q    -6  -4  -5  -5  -8   9  -3  -7  -3  -8  -7  -4  -1  -8  -6  -5  -6  -7  -7  -7    0   0   0   0   0  97   0   0   0   0   0   0   2   0   0   0   0   0   0   0  3.19 1.08
  118 T     2   0   3   1  -2   0  -1  -3   2  -1  -1   0  -2  -2  -3   0   0  -3   0   1   21   4  14   7   0   3   1   0   5   4   6   7   1   1   0   5   5   0   3  11  0.17 0.17
  119 P    -1   0  -1  -4  -6   1  -3   1   5  -4  -5  -1  -5  -1   6  -1  -4  -6  -1  -3    4   4   3   0   0   6   0  10  15   1   0   4   0   3  41   4   0   0   2   2  1.03 0.45
  120 D     0   0   3   4  -5   1   2   1   1  -5  -5   2  -4  -5  -3  -1  -2  -5  -3  -4    6   3  13  24   0   7  14  12   3   0   0  11   0   0   0   4   1   0   1   0  0.54 0.29
  121 N    -5  -5   5  -5  -3  -5  -5  -6   2  -3   3  -5   0   6  -6  -4  -3  -4  -3  -3    0   0  29   0   1   0   0   0   4   0  31   0   2  31   0   0   1   0   0   1  1.22 0.52
  122 N    -7  -5   9  -4  -8  -5  -5  -5  -4  -8  -9  -5  -7  -8  -7  -4  -5  -9  -7  -8    0   0 100   0   0   0   0   0   0   0   0   0   0   0   0   0   0   0   0   0  3.30 1.04
  123 R     1   5  -1  -2  -3   5  -1  -2  -4  -6  -5  -2  -4  -6  -5   1  -2  -6  -5  -4   12  38   2   1   1  26   3   3   0   0   0   1   0   0   0  10   2   0   0   1  0.99 0.48
  124 N    -3   1   0   0  -6   1   0   6  -1  -3  -6   0  -5  -6  -4  -2  -4  -6  -3  -3    1   7   4   6   0   7   7  53   1   2   0   6   0   0   0   2   0   0   1   2  0.93 0.41
  125 T     0  -3  -2   1  -2  -2  -3   0  -3   3   0  -3   0   0   1  -1   0  -3   2   2    9   0   1   9   1   2   0   8   0  18   5   1   1   3   6   3   7   0   8  20  0.19 0.17
  126 W    -8  -9 -10 -10  -8  -8  -9  -8  -8  -8  -7  -9  -7  -5 -10  -9  -8  13  -3  -9    0   0   0   0   0   0   0   0   0   0   0   0   0   0   0   0   0 100   0   0  5.36 1.39
  127 G     2   2   4  -2  -4   1   0   0  -1  -4  -2   3  -4  -5  -4   0  -3  -5  -1  -2   17  10  24   1   0   6   5   6   1   0   4  17   0   0   0   5   0   0   2   3  0.45 0.28
  128 N    -1   3   4   1  -5  -1   2  -2   2  -3  -3   1  -3  -5  -4   0   0  -5  -2  -3    4  18  21   7   0   1  15   3   4   1   2   9   0   0   0   6   5   0   2   1  0.43 0.26
  129 L    -4  -6  -7  -7  -5  -6  -6  -6  -6   1   6  -6   4   2  -7  -6  -3  -5  -4  -1    1   0   0   0   0   0   0   0   0   7  72   0  10   7   0   0   2   0   0   2  1.48 0.56
  130 E    -6  -5  -5  -3  -9  -3   8  -7  -5  -8  -8  -4  -7  -8  -6  -5  -6  -8  -7  -7    0   0   0   0   0   0 100   0   0   0   0   0   0   0   0   0   0   0   0   0  2.87 0.98
  131 D    -2   0   2   2  -5   2   4  -1  -2  -3  -4   1   2  -4  -4   0  -1  -5  -3  -3    3   5  12  11   0  10  27   5   1   2   0   8   6   0   0   7   4   0   1   1  0.45 0.27
  132 Y     1  -2  -2  -2  -5   3  -2  -5   1  -3  -1   3  -2   1  -5  -2  -3   1   6  -2   12   1   1   2   0  12   1   0   3   1   7  19   0   5   0   1   1   1  30   2  0.68 0.38
  133 C    -2  -5  -5  -5   8  -5  -2  -2  -6   1   0  -5  -1  -4  -5   0   1  -6  -5   4    3   0   0   0  29   0   4   3   0   8   7   0   1   0   0   6  10   0   0  29  0.97 0.42
  134 R    -6   8  -3  -5  -8   1  -4  -7  -3  -6  -6  -1  -3  -7  -7  -5  -4  -7  -6  -7    0  89   1   0   0   5   0   0   0   0   0   1   1   0   0   0   1   0   0   0  2.57 0.86
  135 E     0   0   1   3  -4   1   2  -1  -2  -3  -3   1  -3  -2  -3   1   1  -4   1  -3    8   5   7  19   0   4  13   4   0   1   1   8   0   1   0  11  10   0   6   1  0.31 0.21
  136 L    -5  -5  -6  -8  -3  -1  -7  -7  -5   0   4  -6   1   0  -7  -4  -5  10   0  -3    0   0   0   0   0   3   0   0   0   5  35   0   3   3   0   1   0  44   3   1  2.06 0.69
  137 V     5  -5  -3  -4   1  -4  -4  -3  -5  -1  -2  -4  -1  -5  -4  -1   4  -6  -5   2   47   0   1   0   2   0   0   1   0   4   3   0   1   0   0   2  22   0   0  16  0.91 0.46
  138 S     0   2   2  -1  -4   1   1  -1  -2  -1  -3   3  -3  -4  -2   0   1  -5  -3  -1    7  11  10   3   0   6  10   3   0   4   2  24   0   0   1   7   8   0   1   3  0.31 0.21
  139 Q     0   3   1   0  -4   3   1  -2  -1  -3  -3   3  -2  -3  -2   1   0  -1  -2  -3    7  15   6   4   0  17   6   1   1   1   3  21   1   1   1   9   5   1   1   1  0.38 0.24
  140 G    -2  -1   2   1   1  -2  -1   3   1  -3  -4   0  -3   2  -5  -1  -2  -1   5  -4    1   3  10   7   3   1   3  21   3   1   0   7   0  10   0   3   2   1  23   0  0.50 0.29
  141 K    -3   0   2   3  -4   1   1   2  -2  -3  -4   3  -3  -4  -1   0  -3  -1  -2  -5    0   6  12  20   0   5   7  19   1   2   1  17   0   0   2   6   1   1   2   0  0.47 0.27
  142 E    -1  -1   1   3  -2  -1   4  -1  -3  -4  -5   1  -4  -5  -4   1   2  -6  -4  -4    5   3   5  18   1   1  28   4   0   1   0   7   0   0   0   9  16   0   0   0  0.56 0.32
  143 L    -1  -5  -6  -6  -2  -5  -6  -5  -6   4   4  -4   0  -2  -6  -4  -4  -5  -3   4    4   0   0   0   1   0   0   1   0  20  39   1   1   0   0   0   0   0   1  32  1.01 0.42
  144 Y    -5  -1  -6  -7  -7  -3  -6  -7   1  -1  -3  -6  -5   2  -7  -5  -5   5   9  -4    1   4   0   0   0   1   0   0   3   4   3   0   0   6   0   0   0   8  69   1  2.28 0.77
  145 I    -4  -6  -4  -7  -1  -6  -6  -5  -7   6  -2  -6  -3  -4  -6  -5  -3  -6  -5   6    0   0   1   0   1   0   0   1   0  45   1   0   0   0   0   1   1   0   0  49  1.66 0.60
  146 V    -2  -6  -6  -6   4  -6  -6  -3  -6   5  -2  -6  -2  -1  -6  -5  -3  -6  -1   6    3   0   0   0   9   0   0   2   0  27   2   0   0   2   0   0   1   0   2  50  1.26 0.50
  147 A     2  -2  -4  -3   5  -4  -4  -3  -5  -4  -4   1   1  -5  -2   2   5  -6  -5  -4   18   1   0   1  11   0   0   1   0   0   0  10   4   0   1  12  40   0   0   0  0.91 0.46
  148 G    -2  -7  -5  -6  -7  -6  -6   8  -6  -3  -8  -6  -7  -7  -6  -5  -6  -7  -7  -7    3   0   0   0   0   0   0  94   0   2   0   0   0   0   0   0   0   0   0   0  2.51 0.80
  149 P    -1  -4  -4  -4  -6  -3  -5   3  -5  -3  -6  -4  -5  -6   7   0  -2  -7  -6  -1    4   1   0   1   0   1   0  23   0   1   0   0   0   0  53   8   3   0   0   4  1.47 0.56
  150 N    -2  -2   1  -1  -3  -2  -1  -4  -2   4   1  -1  -1  -2  -4  -2   2  -3   2   2    2   1   7   3   0   1   4   0   1  25  14   3   1   0   0   2  13   0   9  14  0.32 0.22
  151 G    -3  -4  -1  -2  -5  -2  -3   4  -3  -1   0  -2  -2   3  -3  -2  -1  -1   4  -2    0   0   2   2   0   2   2  36   0   4  12   2   1  14   1   2   3   1  13   2  0.57 0.30
  152 S    -1  -1   0   1  -4   2   0  -2  -1  -3   0   2  -1  -2  -1   1   2  -4  -1  -2    3   3   4  10   0  12   5   2   1   0  11  14   1   2   2  10  18   0   2   1  0.23 0.20
  153 L    -1   0   1   1  -4   0  -1   1   2   0  -2   1  -1  -3   4  -1  -1  -4  -1  -2    4   5   6  10   0   3   3  10   6   7   3  10   2   1  18   4   3   0   2   3  0.24 0.17
  154 G    -2   1   1   0  -5   1   0   3  -1  -2  -2   3  -3  -4  -1   0  -1   0  -2  -4    1   7   8   4   0   7   5  24   1   3   5  21   0   0   3   5   3   1   1   0  0.34 0.24
  155 K    -2   1  -1  -1  -5   0   0  -3  -3  -3  -1   4  -3  -3  -2   0   4  -4  -1  -2    2   8   3   2   0   4   7   1   0   1   6  24   0   1   2   4  29   0   2   2  0.47 0.32
  156 P    -2   0  -4  -1  -4  -2  -1  -1  -2   5  -1  -1  -1  -3   1  -2   1  -5   0   0    2   5   0   4   0   2   4   5   1  43   2   4   1   0   8   3  10   0   4   2  0.48 0.32
  157 L     0  -3  -2  -1  -4  -1  -2   4  -3   2  -1  -2  -2  -3  -2   0   0  -5  -3  -1    8   1   1   3   0   2   2  36   0  16   6   1   1   1   2   8   7   0   1   2  0.41 0.26
  158 K    -2   1   2   2  -4   1   1   1  -2   0  -4   4  -3  -5  -2   0  -1  -5  -4  -4    2   6  11  12   0   6   7  12   1   8   1  25   0   0   2   5   2   0   0   0  0.38 0.26
  159 G    -2  -2   5   0  -6  -1  -1   5   2  -6  -6  -1  -5  -5  -4   0  -2  -4  -4  -6    3   2  30   5   0   2   4  38   4   0   0   3   0   0   0   5   2   0   0   0  0.96 0.45
  160 K    -3   2   3   0  -6   0   0   2   1  -6  -4   5  -4  -5  -4  -2  -2  -6  -3  -4    1  10  12   5   0   4   4  15   4   0   1  40   0   0   0   1   2   0   1   1  0.76 0.40
  161 V    -3  -5  -7  -7  -5  -6  -5  -6  -4   4   0  -4  -1  -3  -6  -4  -4  -6  -5   6    1   1   0   0   0   0   0   0   0  21   7   1   1   1   0   1   0   0   0  66  1.53 0.61
  162 T     3  -2  -1  -3  -3  -1  -1  -2  -2   2  -1  -2  -1  -3  -1   1   2  -5  -2   1   31   2   3   1   0   2   3   1   1  12   6   2   1   0   2   9  15   0   1   9  0.31 0.25
  163 V    -5  -5  -7  -7  -5  -6  -7  -8  -7   4  -3  -2  -3  -5  -5  -6  -4  -7  -5   7    0   0   0   0   0   0   0   0   0  17   1   2   0   0   1   0   0   0   0  79  1.99 0.75
  164 P    -5  -7  -7  -7  -8  -7  -6  -7  -7  -8  -8  -6  -8  -9   9  -6  -6  -9  -8  -8    1   0   0   0   0   0   0   0   0   0   0   0   0   0  99   0   0   0   0   0  3.54 1.14
  165 K     1  -1   0   2  -4   0   2  -2  -1  -3  -5   3  -3  -5  -4   2   3  -5  -4  -3   11   2   5  10   0   4  12   2   1   1   0  17   0   0   0  14  20   0   0   1  0.44 0.30
  166 S     3   2   0  -4  -5  -1  -3  -3   6  -4  -5  -1  -4   0  -2   0  -2   0   5  -4   23  10   4   0   0   2   0   2  19   0   0   4   0   3   2   6   1   1  20   1  0.74 0.41
  167 T    -5  -5  -6  -7  -1  -6  -6  -7  -4  -1   1  -3  -3   8  -5  -4   1  -3   3   1    0   0   0   0   1   0   0   0   0   3  12   2   0  55   1   1  10   0   7   9  1.44 0.58
  168 W    -6  -7  -7  -8  -7  -7  -7  -6  -4  -6  -5  -7  -5   6  -8  -7  -7   9   8  -6    0   0   0   0   0   0   0   1   0   0   0   0   0  34   0   0   0  23  42   0  2.64 0.88
  169 K    -5  -2  -5  -5  -3  -3  -4  -6  -5  -4  -6   8   3  -7  -6  -3  -5  -7  -1  -6    0   1   0   0   1   0   0   0   0   1   0  87   8   0   0   1   0   0   2   0  2.32 0.88
  170 I     2  -6  -6  -7  -4  -6  -6  -6  -6   4  -1  -6  -2  -3  -6  -5  -3  -6  -2   6   19   0   0   0   0   0   0   0   0  19   3   0   0   1   0   0   1   0   1  56  1.31 0.56
  171 V     0  -6  -6  -6  -1  -5  -6  -6  -6   5   2  -6   2  -3  -4  -5  -4  -6  -2   4    7   0   0   0   1   0   0   0   0  39  15   0   4   0   1   0   0   0   2  31  1.10 0.47
  172 V    -1  -5  -6  -6  -2  -5  -5  -6  -5   1   5  -4   1   0  -6  -5  -4  -4   3   3    5   0   0   0   1   0   0   0   0   8  51   1   3   3   0   0   0   0  10  19  0.93 0.43
  173 V     1   0  -3   0   3  -2  -2  -2  -3   1   1  -2   1  -1  -2   0  -1  -3  -1   2   16   5   0   7   7   1   1   3   0  10  11   1   4   2   1   5   3   0   2  20  0.17 0.14
  174 L    -2   1  -2  -2  -1  -2   1  -3  -1   0   2   0   2  -1   3  -2  -2  -2   1   0    2   7   1   1   1   1   9   2   1   3  27   8   5   2  13   1   2   0   6   6  0.24 0.17
  175 D    -2   1   2   3  -2   0   1  -2   0  -3  -3   2  -3  -2   2   0  -1  -3   0  -3    3   8  12  16   1   3   8   3   2   1   2  14   0   2  11   5   3   0   5   1  0.30 0.17
  176 S     0   1   2   1  -2   0   0   1  -1  -2  -2   2  -1  -3   0   1   0  -3  -1  -1    7   8  11   7   0   4   6   9   1   1   2  14   1   1   3  12   6   0   2   4  0.16 0.10
  177 P    -1  -1   1   0  -3  -1  -1   3  -2  -3  -2   2  -1  -3   4   0  -1  -3  -3  -2    4   3   6   4   0   2   3  22   1   1   3  15   1   1  21   5   3   0   1   2  0.40 0.18
  178 G     0  -1   1   0  -2   0   0   3  -1  -2  -2   0  -1  -2   0   0   0  -2  -1  -1    7   2   6   6   1   3   5  25   2   2   5   7   1   1   4   8   7   0   2   5  0.16 0.07
  179 S     0   0   1   1  -1   1   0   0   0  -1   0   0  -1  -1   0   1   0  -1  -1  -1    5   3   9   9   1   8   4   8   2   3   9   6   2   2   5  14   5   1   2   4  0.07 0.04
  180 G     0  -1   0   2  -1   0   0   2  -1  -1  -1   0  -1  -1   0   0   0  -1  -1  -1   10   3   5  12   1   4   4  18   1   3   6   4   2   2   5   8   6   1   2   5  0.10 0.04
  181 L     0  -1   0  -1  -1  -1   0  -1  -1   1   1  -1   0   0   1   0   0  -1   1   1    8   3   4   3   1   2   5   5   2  12  14   4   1   5   6   5   5   1   5  10  0.02 0.01
  182 E     0   0   0   1  -1   0   1   0   0  -1  -1   0  -1  -1   1   1   0  -1  -1  -1    9   4   5   8   1   4   8   7   2   5   6   6   1   3   5  13   5   1   2   5  0.05 0.02
  183 G     0   2   0   1  -1   0   0   1   0  -1  -1   0  -1  -1   1   0   0  -1  -1  -1    6  13   5  10   1   4   6  12   2   3   6   6   2   3   6   7   4   1   2   4  0.08 0.03
  184 I     0  -1  -1   0  -1  -1  -1  -1  -1   2   0  -1   0   0   0   0   0  -1   0   2    6   3   3   6   1   3   4   5   1  14   8   4   1   6   4   6   5   1   2  17  0.03 0.02
  185 T     0  -1   1   0  -1   0   0   1  -1  -1  -1   0  -1  -1   0   1   3  -1  -1   0    8   3   7   5   1   3   4   9   1   3   5   4   1   2   4   9  21   1   2   7  0.11 0.06
  186 A     1   0   0   1  -1   0   1   1  -1  -1  -1   1  -1  -1   0   0   1   1  -1  -1   11   4   5   6   1   3  11  10   1   2   4  10   1   2   3   7  10   2   2   5  0.08 0.04
  187 N    -1   0   3   1  -2   1   1  -2   0  -2  -2   0  -2  -1   2   0   1  -1  -1  -2    5   3  17   8   1   8   9   2   2   2   3   4   1   2  12   7   8   1   1   2  0.24 0.13
  188 T    -1  -2  -1  -2  -3  -1  -2  -3   0   1   0  -2   0  -1   3  -1   3   0   4   0    4   1   2   2   0   3   1   1   2   7   7   1   2   1  13   3  23   1  17   6  0.36 0.22
  189 R     0   4  -1   0  -4   2   1  -3  -1  -3  -3   4  -3  -4  -2  -1  -2  -4  -1  -2    7  27   3   4   0   8  10   1   1   2   2  23   0   0   2   3   1   0   3   2  0.53 0.27
  190 V     4  -4  -4  -4  -1  -4  -4  -1  -3   1   1  -4   2  -3  -4  -2   0  -4  -3   3   37   0   0   1   1   0   0   4   1   6  13   0   6   0   0   2   5   0   0  23  0.56 0.32
  191 I    -2  -1  -5  -5  -4  -4  -5   1  -5   7   1  -5   1  -2  -5  -5  -4  -5  -2   0    2   4   0   0   0   0   1  12   0  60  11   0   2   1   0   0   0   0   1   4  1.15 0.48
  192 A     6  -5  -5  -5  -2  -5  -5   4  -5  -5  -6  -5  -5  -6  -5   0  -2  -6  -6  -4   59   0   0   0   1   0   0  32   0   0   0   0   0   0   0   6   1   0   0   0  1.43 0.61
  193 V    -4  -6  -7  -7  -6  -7  -7  -7  -5   1  -2  -7  -4   8  -7  -6  -5  -2   3   3    1   0   0   0   0   0   0   0   0   6   3   0   0  62   0   0   0   0  10  17  1.90 0.68
  194 N    -4  -3   1   0  -4  -4  -3  -5  -4   4   2  -3   0  -2  -5  -4  -3   7   2   3    0   2   7   7   0   0   1   0   0  22  17   1   1   1   0   0   0  13   7  20  0.71 0.36
  195 I    -1  -5  -5  -5  -1  -4  -5  -5  -4   3   1  -4   6   3  -5  -2   0  -4   2   2    6   0   0   0   1   0   0   0   0  14  14   0  22  11   0   3   6   0   6  15  0.67 0.35
  196 P    -4  -1  -2   0  -6  -4   1  -5  -5  -6  -6   0  -6  -5   8  -4  -4  -7  -6  -6    1   4   2   5   0   0   9   0   0   0   1   6   0   1  69   1   1   0   0   0  1.99 0.72
  197 N    -6  -5   8  -4  -7   1  -5  -5   6  -8  -8  -5  -7  -7  -7  -4  -5  -8  -6  -8    0   0  77   0   0   5   0   0  17   0   0   0   0   0   0   0   0   0   0   0  2.58 0.92
  198 D     0   1   1   2  -4   1   3  -2   0  -2  -3   2  -2  -4  -3   0   1  -4  -2  -2    9   7   7  11   0   6  20   1   1   3   1  15   1   0   0   5   8   0   2   2  0.32 0.21
  199 P     2   0   2   1  -3   2   0  -2  -2  -3  -3   1  -2  -4   3   1   0  -2  -3  -1   16   3   9   6   0  11   5   2   0   1   1  10   1   0  15   9   4   1   0   6  0.30 0.20
  200 E     0  -1   0   0  -3   0   1   2  -1  -1  -2   0  -2  -3   0   2   0  -3   0  -1    7   3   5   6   0   4   8  20   2   5   2   4   0   0   5  16   5   0   3   5  0.16 0.13
  201 L     0  -1   0   0   0  -1   0   0  -1   1  -1   1  -1   1   0   1   0  -2  -1   0    6   2   4   6   2   2   4   8   1   9   5   9   1   7   5  15   4   0   1  10  0.03 0.06
  202 N    -2  -1   4   4  -4   2   0   0   0  -4  -5   1  -3  -4  -3   2   0  -5  -2  -3    3   3  20  22   0   8   4   6   2   0   0   9   0   1   1  13   7   0   1   1  0.50 0.29
  203 N     0   2   2   0  -4   0   1   0   2  -2  -3   2  -2  -4   1   1   1  -4  -2  -2    5  10  11   4   0   3  10   5   5   2   2  12   0   0   6   9  11   0   1   2  0.20 0.15
  204 D    -1  -1   2   3  -5   1   1  -3  -2  -5  -5   1  -5  -6   5   1  -1  -6  -5  -5    5   2   9  16   0   7   7   1   1   0   1  10   0   0  26  13   2   0   0   0  0.68 0.36
  205 W    -4  -5  -6  -6  -3  -3  -5  -6  -5   0   5  -1   1   0  -5  -4  -4   9   1  -2    1   0   0   0   0   1   0   0   0   4  50   5   3   3   0   1   0  24   4   1  1.40 0.55
  206 R     0   2  -1   0  -3   2   1   0  -1  -2  -3   2  -1  -2  -1   1   1   0   0  -2    8  11   1   5   0  12   8   6   1   1   1  12   1   1   2  11  12   1   4   2  0.20 0.17
  207 A    -1   0   2   3  -3   1   2  -3  -1  -3  -3   1  -3  -3  -1   1   1  -3  -1  -1    5   6  10  17   0   6  12   1   1   1   2  11   0   1   2  10   8   0   2   5  0.27 0.19
  208 Y    -4  -4  -4  -6  -2  -3  -5  -6  -2  -5  -3  -2  -3   6  -6  -5  -3   3   8  -5    1   1   1   0   1   1   1   0   0   0   1   3   1  31   0   1   1   4  51   0  1.93 0.68
  209 K     2   2  -3  -4  -3   2  -1  -4  -3   1   0   0   0  -3  -4  -2  -1  -4  -3   3   17  12   0   0   0  11   4   0   0   9   9   6   2   0   0   1   3   0   0  25  0.34 0.25
  210 V    -4  -3   1  -5  -3  -3  -5  -6  -6   2  -1  -2   1  -3  -5  -4   3  -6  -5   6    0   2   6   0   0   1   0   0   0   8   5   3   4   1   0   0  17   0   0  54  1.02 0.50
  211 S    -3  -5   0  -4  -3  -4  -4  -4  -4  -6  -6  -2  -5  -7   3   6   4  -7  -6  -5    0   0   5   0   0   0   0   0   0   0   0   2   0   0  16  52  24   0   0   0  1.35 0.65
  212 V    -3  -7  -7  -7  -5  -6  -7  -7  -7   6   0  -6  -2  -4  -5  -6  -3  -7  -5   6    1   0   0   0   0   0   0   0   0  40   8   0   0   0   0   0   1   0   0  50  1.60 0.62
  213 D    -1  -1   1   7   2   1   2  -5  -2  -7  -7  -1  -6  -7  -5  -2  -4  -7  -6  -6    5   4   6  56   5   5  12   0   1   0   0   4   0   0   0   3   1   0   0   0  1.30 0.55
  214 E     0  -1  -2   2  -4   2   5  -4  -1  -5  -3   0  -2  -4  -4   1  -1  -5   1  -3    9   3   0  11   0   8  36   0   1   0   2   5   1   1   0  12   4   0   5   1  0.60 0.36
  215 L    -5  -6  -7  -7  -5  -6  -7  -7  -7   5   4  -6  -2  -4  -6  -6  -4  -6  -5   4    0   0   0   0   0   0   0   0   0  34  39   0   0   0   0   0   0   0   0  27  1.38 0.55
  216 E    -5  -5  -5  -3  -9   0   8  -7  -5  -8  -8  -3  -7  -8  -6  -4  -6  -8  -7  -7    0   0   0   0   0   4  95   0   0   0   0   0   0   0   0   0   0   0   0   0  2.69 0.99
  217 S     0   4   0  -2  -5   2   3  -4  -1  -4  -4   4  -3  -5  -4   0  -1  -5  -3  -3    8  21   4   2   0   9  16   0   1   0   1  24   0   0   0   7   4   0   1   1  0.61 0.35
  218 L     1   2  -3  -2  -4   1  -1  -4  -3   2   2   2   2  -3  -4  -1  -2   0  -3   0   12  11   1   2   0   7   3   0   0  11  25  13   6   0   0   4   0   1   0   4  0.27 0.22
  219 T    -2  -5  -4  -5  -3  -5  -5  -6  -6  -2  -2  -5  -5  -6  -5   2   7  -7  -6  -4    2   0   0   0   0   0   0   0   0   2   4   0   0   0   0  15  76   0   0   0  1.89 0.79
  220 G    -4  -6   0  -5  -7  -4  -6   7  -4  -8  -8  -1  -7  -8  -7  -4  -6  -7  -7  -8    0   0   4   0   0   1   0  91   0   0   0   3   0   0   0   0   0   0   0   0  2.39 0.82
  221 Y    -4  -6  -6  -7  -5  -5  -6  -7  -3   5   3  -6   3   2  -6  -5  -4  -4   5  -1    0   0   0   0   0   0   0   0   0  32  31   0   6   7   0   0   1   0  20   2  1.16 0.49
  222 D    -5  -4   3   7  -7  -3   0  -5  -2  -4  -2  -2  -6  -7  -5  -3   0  -8  -6  -1    0   1  15  61   0   1   4   0   1   1   4   2   0   0   0   1   6   0   0   5  1.45 0.60
  223 F    -4  -7  -8  -8  -7  -8  -8  -8  -6  -2   1  -8  -4   9  -8  -7  -6  -4  -2  -4    1   0   0   0   0   0   0   0   0   2  14   0   0  83   0   0   0   0   0   1  2.64 0.86
  224 L    -3  -7  -7  -8  -6  -7  -7  -7  -6  -3   2  -7  -2   8  -8  -7  -6  -4   0  -1    2   0   0   0   0   0   0   0   0   0  21   0   1  71   0   0   0   0   2   3  2.18 0.75
  225 S     0  -4   0  -2   4  -2  -2  -4   1  -5  -5  -3  -5  -6   5   4   0  -2  -2  -4    8   0   4   2   9   2   2   0   4   0   0   1   0   0  33  28   5   1   1   1  0.97 0.48
  226 N     1   0   5  -1  -5   2   0  -2   1  -5  -3   2  -4  -5  -1   0  -1  -6  -4  -4   11   4  34   2   0  11   4   2   3   0   3  12   0   0   3   7   3   0   0   1  0.60 0.35
  227 V    -4  -6  -7  -7  -5  -5  -6  -7  -6   2   6  -6  -1  -2  -6  -6  -3  -5  -4   2    0   0   0   0   0   0   0   0   0   8  75   0   1   1   0   0   1   0   0  13  1.52 0.59
  228 S    -3  -5   0   2  -6  -5  -1  -5  -5  -5  -6  -3  -3  -7   7   1   0  -7  -6  -6    2   0   4  11   0   0   4   0   0   0   0   1   1   0  60  11   5   0   0   0  1.67 0.65
  229 P    -1  -2   0   6  -6  -1   2  -4  -4  -5  -5   1  -4  -5   1  -1   0  -6  -4  -3    5   2   3  51   0   2  11   0   0   0   1   7   0   0   6   3   6   0   0   2  0.99 0.45
  230 N     0  -2   3   4  -5   1   2  -1  -3  -5  -5   0  -4  -5  -2   2   0  -6  -5  -4    9   2  16  23   0   5  16   3   0   0   0   6   0   0   1  14   5   0   0   0  0.56 0.32
  231 I    -2  -1  -5  -5  -3   2  -2  -6  -5   5   1  -2  -2  -3  -4  -4   0  -3  -4   3    2   3   0   0   0   9   2   0   0  40  12   3   0   0   1   0   5   0   0  22  0.77 0.39
  232 Q    -2   1  -4  -3  -4   5   6  -5  -2  -7  -6   2  -5  -5  -5  -3  -4  -6  -5  -6    3   6   0   0   0  22  54   0   1   0   0  11   0   1   0   1   0   0   0   0  1.40 0.62
  233 T     0   2   4   2  -3   1   1  -3  -1  -3  -4   2  -4  -4  -4   0   0  -2  -3  -4    6  13  24  12   1   6   8   1   1   1   1  14   0   0   0   6   4   1   0   0  0.52 0.30
  234 S     1   2   1  -1  -4   0   1  -2  -2   0  -2   3  -1  -3  -2   0   0  -4  -2   1   14  12   6   2   0   3   7   1   1   4   1  20   1   0   1   4   6   0   1  13  0.23 0.19
  235 I    -3  -6  -6  -6   0  -5  -6  -6  -6   5   3  -5   2  -3  -6  -5  -3  -5  -4   4    2   0   0   0   2   0   0   0   0  31  32   0   5   0   0   0   0   0   0  28  1.09 0.45
  236 E    -4  -1  -3  -2   3  -2   7  -6  -4  -7  -7   0  -6  -7  -5  -4  -4  -7  -6  -6    1   3   1   1   7   0  82   0   0   0   0   6   0   0   0   0   0   0   0   0  2.06 0.79
  237 S     4   0  -3  -3  -2   0   0  -1  -4  -4  -5   0  -2  -5  -3   4   0  -5  -5  -3   41   5   0   1   0   3   5   3   0   0   0   6   1   0   1  28   5   0   0   0  0.71 0.40
  238 K    -2   3   1   0  -5   3   2  -3  -2  -2  -4   3  -1  -4  -4   0   2  -5  -3  -2    3  16   5   3   0  12  15   1   1   2   1  20   1   1   0   5  13   0   0   2  0.46 0.27
  239 V     1  -3  -3  -4   1  -3  -4  -4  -4   3   1  -1  -1  -2  -4  -2  -1  -2   1   4   13   1   1   0   3   1   0   0   0  14  13   4   1   0   0   2   3   1   6  37  0.48 0.27
  240 D    -5  -5   5   7  -7  -3  -1  -4  -4  -7  -7  -4  -6  -7  -5  -3  -3  -8  -6  -5    0   0  26  69   0   0   2   0   0   0   0   0   0   0   0   0   1   0   0   1  1.97 0.63
  241 N    -3   2   6   3  -4   1  -1  -2  -1  -5  -5   1  -3  -5  -3   1  -2  -5  -4  -4    0  12  47  17   0   7   0   0   0   0   0   8   0   0   0   8   0   0   0   0  0.81 0.24

                      K         Lambda
Standard Ungapped    0.1291     0.3107
Standard Gapped      0.0531     0.2670
PSI Ungapped         0.1739     0.3125
PSI Gapped           0.0531     0.2670
