
Last position-specific scoring matrix computed, weighted observed percentages rounded down, information per position, and relative weight of gapless real matches to pseudocounts
            A   R   N   D   C   Q   E   G   H   I   L   K   M   F   P   S   T   W   Y   V   A   R   N   D   C   Q   E   G   H   I   L   K   M   F   P   S   T   W   Y   V
    1 P    -1  -3  -3  -2  -4  -2  -2  -3  -3  -3  -4  -2  -3  -4   8  -1  -2  -4  -4  -3    0   0   0   0   0   0   0   0   0   0   0   0   0   0 100   0   0   0   0   0  2.26 0.11
    2 L     0  -3  -4  -4  -2  -1  -2  -4  -4   1   2  -3   0  -2  -3  -2  -1  -4  -2   5    8   0   0   0   0   4   3   0   0   3  19   0   0   0   0   0   0   0   0  64  0.57 0.21
    3 G     0   0  -1   0  -3   4   2   1  -1  -2  -1   1   0  -3  -2  -1  -1  -3  -3  -1   10   3   0   3   0  30  13  14   0   0   7  11   3   0   0   0   4   0   0   4  0.29 0.14
    4 S     5  -1  -1  -1  -2  -1  -2  -2  -3  -3  -3  -1  -3  -2  -3   1   1  -4  -3  -2   69   3   3   2   0   2   0   0   0   0   0   3   0   2   0   8   9   0   0   0  0.70 0.28
    5 A     4  -3   0   0   3  -1   3  -2  -3  -2  -3  -1  -3  -2  -3  -1   0  -4  -3  -2   52   0   4   6   7   0  21   0   0   2   0   2   0   2   0   0   5   0   0   0  0.55 0.26
    6 T    -1  -2   2  -1  -3   0   0  -3  -1  -2   1  -1  -2  -3  -1   3   3  -4  -3   0    2   0  13   1   0   4   5   0   1   0  16   1   0   0   2  25  25   0   0   5  0.31 0.20
    7 I    -3  -5  -5  -5  -3  -3  -5  -6  -5   6   2  -5   1  -2  -5  -4  -2  -5  -3   3    1   0   0   0   0   1   0   0   0  62  15   0   3   1   0   0   1   0   0  16  1.12 0.39
    8 T     1  -3   1  -1  -1  -2   0  -1  -3  -1   1  -2   0  -2   0   0   4  -4  -3  -1   14   0   6   2   1   0   8   3   0   2  18   0   2   1   4   7  31   0   0   2  0.27 0.21
    9 Q    -1  -1   4   2  -4   5   1  -2   0  -3  -4   0  -1  -3   0   0  -1  -5  -4  -2    4   1  23  11   0  28   6   1   1   1   1   3   2   1   4   6   2   0   0   4  0.53 0.30
   10 D    -2  -4   1   5  -3  -1   2   0  -1  -3  -5  -3  -5  -6   5  -1  -3  -6  -5  -3    3   0   5  35   1   1  13   8   1   2   0   0   0   0  25   4   0   0   0   1  0.89 0.38
   11 T    -1  -3   6  -2  -5  -3  -2  -4  -2  -5  -4  -1  -2  -5  -4   1   4  -1  -3  -4    6   0  46   1   0   0   2   0   0   0   1   4   1   0   0   8  29   1   1   0  1.09 0.51
   12 P     0  -2  -1  -2  -3   4  -2  -2  -3  -4  -4   2  -4  -6   5   0  -1  -5  -3  -4    8   1   3   2   1  22   1   3   0   1   1  15   0   0  32   7   4   0   1   0  0.83 0.40
   13 I    -5  -6  -3  -7  -5  -4  -7  -7  -7   8   0  -6  -2  -4  -6  -6  -3  -6  -4   2    0   0   1   0   0   1   0   0   0  81   4   0   0   0   0   0   1   0   0  13  1.91 0.66
   14 N    -1  -2   5   1  -4  -1   1  -2  -2  -4  -4   2  -4  -5  -3   3   1  -5  -4  -1    4   0  29   6   0   2   8   2   1   0   0  11   0   0   1  22  10   0   0   5  0.56 0.32
   15 Q    -4  -2   2   6  -3   3   2  -4  -3  -3  -5  -1  -4  -5  -4   0  -3  -6  -4  -1    0   1   9  47   1  15  11   0   0   1   0   3   0   0   0   5   1   0   1   5  0.97 0.42
   16 I    -4  -5  -3  -6  -4  -5  -5  -6  -5   6   3  -4   2  -2  -5  -5  -2  -5  -1   2    0   0   1   0   0   0   0   0   0  53  23   1   5   1   0   0   1   0   2  12  1.11 0.44
   17 F    -2  -2  -2  -3  -4  -2  -2  -2  -2   3  -2  -1  -3   6  -4   1   1  -3   0  -2    2   3   2   1   0   2   3   3   1  16   0   4   0  43   1  11   8   0   1   1  0.71 0.38
   18 T    -2  -4  -3  -3  -5  -2  -2  -2  -5  -5  -3   1  -5  -6   7  -1   2  -6  -6  -5    3   0   1   1   0   1   2   3   0   0   3  10   0   0  58   3  16   0   0   0  1.50 0.57
   19 D    -5  -5  -2   7  -6  -3  -3  -5  -5  -1   3  -5  -3  -5  -5  -4  -4  -7  -6  -3    0   0   1  60   0   1   0   0   0   3  34   0   0   0   0   1   0   0   0   1  1.52 0.61
   20 T     2  -2   1   1  -4   0   1  -3  -2  -2  -4   2  -3  -5   4   2   0  -5  -2  -2   16   1   6   6   0   3  10   1   1   2   0  14   0   0  19  16   5   0   1   2  0.43 0.26
   21 A     1  -2   5   0  -4  -1  -2   0  -2  -2  -5   3  -4  -5  -3   1  -2  -6  -4  -2   14   0  37   4   0   2   1   8   0   3   0  17   0   0   0   9   0   0   0   3  0.66 0.37
   22 L    -4  -6  -7  -7  -5  -6  -6  -7  -6  -2   6  -6   2   1  -6  -5  -5  -5  -4  -2    1   0   0   0   0   0   0   0   0   0  89   0   3   6   0   1   0   0   0   1  1.73 0.64
   23 A     3   2  -1  -3  -4  -1   3  -2  -2  -2  -3   1  -3  -5   1   1   2  -5  -4  -3   28  12   1   0   0   0  19   1   1   2   2   7   0   0   5   7  13   0   0   0  0.42 0.29
   24 E     1   0   3  -1  -5   2   3  -3  -1  -5  -3   3  -1  -3  -3   0  -2  -5  -2  -4   13   4  16   2   0   9  24   0   1   0   1  18   1   1   0   7   1   0   1   0  0.51 0.30
   25 K     2  -1  -1  -3  -1  -2   0  -2  -4   0   3  -1   0  -2  -4  -2   1  -4  -2   1   19   3   3   0   1   1   7   2   0   5  33   3   1   1   0   1   9   0   0  12  0.27 0.22
   26 M    -3  -1  -3  -3  -4   0  -1  -5  -2   4  -1  -1   3  -3  -4  -2   2  -5  -4   3    0   3   1   1   0   5   5   0   1  32   3   4   7   0   0   3  12   0   0  23  0.52 0.31
   27 K     0   4   0  -2  -4   1   2  -3  -1  -2  -2   3  -1  -4  -3  -1   1  -5  -2  -2    8  25   4   1   0   5  12   1   1   2   2  22   1   0   0   2   8   0   1   2  0.45 0.27
   28 T    -1  -1   0   1  -3  -1   0  -3  -3   0   3   2  -1  -2  -3   0   1  -2  -1  -1    5   1   3   8   0   2   6   1   0   4  33  14   0   1   0   6  10   1   2   3  0.19 0.19
   29 V     0  -1   2   1  -1   1   1  -1  -1   0  -1   1  -1  -3  -3   0   0   3  -1   1    7   2  13   7   1   6   9   3   1   5   6   9   1   0   0   6   5   4   2  12  0.10 0.11
   30 L    -3  -5  -6  -6  -2  -5  -6  -6  -6   3   5  -5   0   2  -6  -4  -2  -4  -3  -1    2   0   0   0   1   0   0   0   0  16  69   0   2   7   0   1   2   0   0   1  1.21 0.48
   31 G    -2   1   4  -1  -4   0   0   3  -2  -3  -4   1  -4  -4  -4   2  -2   0  -3  -2    1   7  22   2   0   4   5  23   1   2   1  10   0   0   0  17   1   1   0   2  0.46 0.28
   32 K    -2   2   2   0  -5   0  -1  -1   2  -2  -3   5  -3  -3  -3  -1  -2  -5  -3  -2    1  11  11   5   0   4   2   5   5   2   3  42   0   1   1   5   1   0   0   2  0.59 0.33
   33 T     0   0   4  -1  -2   1  -1  -2  -2  -4  -3   2  -3  -3   3   1   1  -4  -3  -2    9   4  22   1   1   6   3   1   1   0   2  13   0   1  16   8  11   0   0   2  0.43 0.25
   34 N    -1   0   3   2  -3   3   1   0   0  -3  -2   1  -3  -3  -1   2  -1  -4  -2  -3    3   3  16  11   0  13   6   5   2   1   4   8   0   0   2  20   2   0   1   2  0.31 0.19
   35 V    -1  -3  -2  -2  -2  -3  -3  -2  -3   4   2  -2  -1  -1  -1  -2   1  -3  -1   3    3   1   2   2   0   1   1   3   0  28  16   2   0   1   3   1   9   0   1  24  0.39 0.20
   36 T     0  -3   2   0  -4  -2   0  -2  -2  -2  -4  -1  -3  -5  -2   3   5  -5  -3  -3    5   0   8   4   0   0   7   2   1   3   1   2   0   0   1  24  38   0   0   1  0.64 0.37
   37 D    -2  -4   2   6  -5  -1   0   2  -4  -5  -4  -2  -3  -6  -3   1   0  -6  -5  -5    2   0   8  48   0   2   5  15   0   0   1   1   1   0   0   9   7   0   0   0  0.94 0.42
   38 T    -1  -3  -3   0   1  -1  -1  -4  -3   3   1  -2  -1  -2   3  -2   1  -4  -1   1    6   1   0   5   3   2   4   0   0  19  16   2   1   1  15   2  10   0   2  12  0.28 0.19
   39 V    -2  -1  -2  -2  -3  -2  -1  -4  -4   4   1   0  -1  -3  -2   0   1  -5  -3   4    2   3   2   2   0   1   3   0   0  26   9   6   0   0   1   9   7   0   0  29  0.39 0.25
   40 S     1  -2  -2  -4  -4  -3  -2  -2  -4  -4  -3  -2  -4  -4   4   1   5  -2   2  -2   10   2   1   0   0   0   2   2   0   0   1   2   0   0  21  12  35   1   9   2  0.72 0.39
   41 Q    -2  -2  -3  -2  -3   5   0  -5  -3   1   3   3  -2  -2  -2  -2  -2  -2  -2  -1    2   0   0   1   0  28   5   0   0   7  28  17   0   1   2   1   1   1   1   2  0.52 0.34
   42 T     2  -1   1   0  -3   0   3  -2  -2  -3  -3  -1  -3  -4  -3   3   2  -5  -3  -2   18   3   7   5   0   4  18   1   0   1   2   3   0   0   0  22  13   0   0   2  0.37 0.25
   43 D    -3  -1   2   5  -5   2   4  -1  -1  -4  -5   0  -2  -5  -4   0  -2  -5  -2  -4    1   2   9  30   0   7  29   4   1   1   0   5   1   0   0   7   1   0   1   1  0.73 0.35
   44 L    -3  -5  -6  -7  -2  -5  -6  -7  -6  -1   6  -6   3   1  -6  -5  -4  -5  -4   1    1   0   0   0   1   0   0   0   0   1  77   0   7   4   0   0   0   0   0   8  1.44 0.55
   45 D     0  -1   3   2  -4   0   1  -3  -2  -3   0   0  -2  -4   2   0   2  -5  -3  -2    8   2  16  12   0   3   8   0   0   0  10   7   1   0  10   7  13   0   1   2  0.27 0.20
   46 Q    -1   1   4  -1  -4   3   0  -1   1  -4  -4   1  -2  -3  -4   2   1  -5  -1  -4    4   6  20   1   0  17   3   5   3   0   1   9   1   1   0  20   8   0   2   0  0.47 0.29
   47 V    -3  -2  -6  -6  -4  -5  -4  -6  -5   4   4  -5   1  -1  -5  -5  -3  -5  -4   3    0   2   0   0   0   0   1   0   0  27  45   0   3   2   0   0   1   0   0  19  0.98 0.41
   48 T    -2   1  -1   0  -4   0   1  -1   0  -2  -3   2  -3  -4  -3   0   4  -4  -1   0    1   7   2   4   0   3   8   5   3   1   1  15   0   0   0   6  37   0   2   5  0.44 0.29
   49 T    -1   0   0   1  -3   2   2   0   0  -2  -2   0  -1  -3  -3   2   2  -1   0  -1    4   4   4   6   0   8  18   6   2   2   2   4   2   0   0  17  13   1   4   3  0.21 0.17
   50 L    -4  -5  -6  -6  -4  -5  -6  -7  -6   2   6  -5  -1   0  -6  -5  -4  -5  -4   1    0   0   0   0   0   0   0   0   0   9  80   0   0   2   0   0   0   0   0   6  1.48 0.55
   51 Q    -1  -1   2   3  -4   1   0  -1   2   0  -3  -1  -2   0  -3   1   1  -1   0  -2    3   3  12  22   0   5   6   3   5   8   0   1   0   5   0  11   8   1   4   2  0.26 0.19
   52 A     3  -4  -3  -4   0  -4  -3  -2  -4   2   4  -4   0   1  -3  -2  -2  -4  -3   1   25   0   1   0   2   0   1   3   0  10  42   0   1   5   1   1   1   0   0   7  0.52 0.29
   53 D    -1  -1   2   2  -3  -1   1   1  -1  -1  -3  -1  -2   0  -2   2   0   2   0  -3    4   3  13  13   0   2   8   9   0   4   0   3   1   4   1  22   5   3   4   1  0.24 0.18
   54 R    -1   0   4   1  -2  -2   0   2   1  -3  -3  -1  -2  -2  -3   2   0  -4   0  -3    3   5  23   6   1   0   7  19   3   1   2   1   1   2   0  15   5   0   4   2  0.37 0.23
   55 L     0   1   4  -2   3   0  -1  -2  -2  -3  -1   3  -3  -3  -3   1   0  -2  -2  -3    7   8  28   1   6   4   3   1   0   1   6  17   0   1   0  11   5   1   1   0  0.43 0.27
   56 G    -2  -1   3   1  -5   3   2   4   0  -5  -4   0  -4  -5   0   0  -3  -2  -3  -4    1   2  17   6   0  14  11  29   2   0   1   6   0   0   4   5   0   1   1   1  0.53 0.29
   57 I    -3  -6  -6  -6  -4  -6  -6  -6  -6   7   0  -6  -2  -3  -4  -5  -4  -5  -3   3    1   0   0   0   0   0   0   0   0  73   7   0   0   0   1   0   0   0   1  15  1.65 0.58
   58 K     0   0   0  -1  -3   2   1  -2  -2  -2  -2   3  -2  -3  -3   2   2  -4  -2  -2    7   4   3   3   0   8   9   2   0   2   4  20   0   1   0  18  15   0   1   3  0.28 0.21
   59 S    -3  -3   2   6  -5  -2  -1  -2  -4  -5  -6  -2  -5  -6  -4   4   0  -6  -3  -5    0   1   9  44   0   1   1   2   0   0   0   1   0   0   0  35   5   0   1   0  1.14 0.50
   60 I    -4  -5  -6  -6  -4  -5  -5  -6  -5   6   4  -5  -1   0  -5  -5  -2  -4   1   1    0   0   0   0   0   0   0   0   0  43  41   0   0   3   0   0   1   0   4   6  1.12 0.44
   61 D     0  -1  -1   1  -4   1   4  -1  -3  -4  -4   1  -4  -5  -2   2   2  -5  -2  -4    6   3   2   7   0   6  31   3   0   0   0   7   0   0   1  20  11   0   1   0  0.50 0.30
   62 G     0  -5  -3  -3  -5  -4  -4   6  -5  -4  -6  -3  -5  -3   5  -2  -1  -6  -5  -5    6   0   1   1   0   0   0  56   0   1   0   1   0   1  28   2   3   0   0   0  1.41 0.52
   63 V    -2  -5  -6  -6  -4  -5  -5  -6  -5   4   5  -5   2  -2  -5  -5  -3  -5  -4   2    2   0   0   0   0   0   0   0   0  24  54   0   5   0   0   0   1   0   0  13  1.05 0.42
   64 E     1  -2  -1   0  -5   5   4  -2  -3  -4  -5   0  -4  -5  -4   1  -2  -5  -4  -3   13   1   2   3   0  31  31   2   0   1   0   5   0   0   0   9   2   0   0   1  0.82 0.42
   65 Y    -2  -2   3  -1  -3  -2  -1  -1   1  -3  -4   0  -4   1  -4   0  -2  -2   7  -3    2   1  15   2   1   1   4   4   3   1   1   7   0   4   1   9   2   0  42   1  0.85 0.41
   66 L     0  -5  -6  -6   2  -5  -5  -6  -5  -1   6  -5   2   0  -5  -5  -4  -4  -4  -2   10   0   0   0   4   0   0   0   0   1  76   0   5   4   0   0   0   0   0   0  1.29 0.52
   67 N    -2  -1   2  -3  -4  -1  -3  -4  -1   0  -2   0  -3  -3   3   1   5  -5  -4   0    1   3  12   0   0   3   0   0   1   6   2   6   0   1  12  11  36   0   0   5  0.53 0.32
   68 N    -3  -3   8   0  -6  -1  -1  -1   2  -6  -5   0  -5  -6  -5   0  -3  -6  -3  -6    2   0  67   3   0   2   3   4   5   0   1   6   0   0   0   6   0   0   1   0  1.50 0.58
   69 L    -4  -4  -6  -6  -4  -3  -6  -6  -6   1   6  -5   0  -3  -6  -4  -4  -5  -4   0    0   1   0   0   0   1   0   0   0   6  84   0   1   0   0   1   1   0   0   4  1.52 0.56
   70 T    -3   2  -1   0  -4   1   2  -3  -2  -2  -4   2  -3  -5  -3  -1   5  -5  -4  -2    0  13   2   5   0   7  12   2   0   3   0  14   0   0   0   3  38   0   0   2  0.62 0.35
   71 Q    -1   1   1  -1  -3   1   2  -1   0  -2  -3   2   0   0  -3   1   1   1   0  -1    2   6   7   2   0   7  14   3   1   2   0  13   3   4   0  14  11   2   3   4  0.19 0.16
   72 I    -4  -5  -6  -6  -4  -5  -6  -6  -6   2   6  -5  -1  -1  -6  -5  -4  -5  -4  -1    0   0   0   0   0   0   0   0   0  11  82   0   0   2   0   0   0   0   0   3  1.54 0.56
   73 N    -2  -1   3   3  -4   0   0  -2   0   0  -2  -2  -2   1  -3   0   1   0   2  -1    2   3  21  16   0   3   6   2   2   6   1   1   1   8   0   6   8   1   9   4  0.27 0.19
   74 F    -2  -5  -5  -6  -1  -4  -5  -2  -5   1   5  -5   2   2  -5  -4  -3  -4  -3   1    3   0   0   0   1   0   0   3   0   6  66   0   5   7   0   0   0   0   0   8  0.99 0.41
   75 S     0   0   3   0  -3  -1   0   1  -1  -2  -3   0  -3  -2  -3   3   1   0   0  -3    6   4  14   5   0   2   5   8   1   2   2   6   0   1   1  30   6   1   4   1  0.28 0.21
   76 N    -2   0   4   2  -4   0   1   2   1  -3  -4   0  -3  -3  -3   0  -2  -4   1  -3    1   5  24  10   0   5   8  20   3   2   1   6   0   0   0   8   1   0   6   1  0.41 0.24
   77 N    -2  -3   8  -2  -2  -2  -2  -2  -1  -4  -5  -3  -5  -6  -5  -1   1  -6  -5  -4    4   1  73   1   1   1   2   2   1   1   1   0   0   0   0   3   7   0   0   1  1.66 0.61
   78 Q    -3   0   2   0  -5   6   1  -2   0  -5  -3   3  -1  -4  -1  -1  -3   0  -2  -4    1   3   9   5   0  37   8   2   2   0   2  17   2   1   4   5   0   1   1   0  0.69 0.36
   79 L    -4  -5  -6  -6  -4  -5  -4  -6  -6   7   2  -5  -2  -3  -5  -5  -3  -5  -4   3    0   0   0   0   0   0   1   0   0  62  13   0   0   0   0   0   0   0   0  20  1.39 0.50
   80 T     0  -1  -1  -2  -2   0   0  -2  -3  -2  -4   0  -3  -4  -2   4   4  -5  -4  -2    4   4   2   1   1   3   7   2   0   2   1   4   0   0   1  34  33   0   0   2  0.65 0.36
   81 D    -5  -4   1   8  -6  -2   0  -4  -4  -6  -6  -2  -6  -6  -5  -2  -2  -7  -6  -6    0   0   6  80   0   1   3   1   0   0   0   2   0   0   0   2   2   0   0   0  1.97 0.65
   82 I    -3  -5  -5  -5  -3  -4  -5  -5  -5   6   4  -4  -1   0  -2  -4  -3  -4  -3   1    1   0   0   0   0   0   0   0   0  44  36   0   1   3   2   0   1   0   0   9  1.00 0.39
   83 T    -1  -1   0  -2  -2  -1   0  -1  -2  -4  -3   1  -3  -4  -1   4   4  -4  -4  -3    3   2   5   2   0   2   5   4   1   0   2   8   0   1   2  38  25   0   0   1  0.58 0.33
   84 P    -1  -4  -2  -3  -5  -2   0  -2  -4  -5  -4  -4  -5  -2   8  -2  -2  -5  -3  -2    4   0   2   1   0   2   6   3   0   0   1   0   0   2  69   3   2   0   1   3  1.77 0.59
   85 L    -4  -5  -5  -6  -4  -5  -5  -6  -5   3   6  -5  -1  -2  -5  -5  -4  -4  -4   0    0   0   0   0   0   0   0   0   0  16  75   0   0   1   0   0   0   0   0   3  1.34 0.49
   86 K     3  -1   0  -1  -3   0   0  -1  -3  -4  -4   2  -3  -4  -3   3   1  -4  -4  -3   28   2   4   2   0   4   5   3   0   0   1  16   0   0   0  26   8   0   0   0  0.48 0.29
   87 N    -2  -2   5   1  -4  -2   0   2   2  -5  -5   2  -4  -5  -3   2  -1  -5  -3  -4    2   1  31   7   0   0   4  19   4   0   0  12   0   0   1  14   2   0   0   1  0.62 0.31
   88 L    -4  -5  -6  -6   1  -5  -5  -6  -5  -1   6  -5   1  -1  -5  -4  -4  -4  -4  -2    0   0   0   0   2   0   0   0   0   2  88   0   2   1   0   1   0   0   0   1  1.61 0.58
   89 T    -2  -1  -1  -2  -4  -3  -2  -3  -4  -1  -2   2  -2  -4   1   1   6  -5  -4  -1    2   3   2   1   0   0   2   2   0   4   3  14   1   0   6   7  49   0   0   3  0.70 0.38
   90 K    -2   0   6  -1  -3   2  -1  -3   0  -5  -4   4  -4  -5  -4   1  -1  -5  -2  -4    2   4  37   2   1   9   2   1   1   0   1  26   0   0   0   8   3   0   1   0  0.81 0.38
   91 L    -4  -5  -6  -6  -4  -5  -6  -6  -6   0   6  -5   0  -3  -6  -4  -4  -5  -4  -1    0   0   0   0   0   0   0   0   0   4  89   0   1   0   0   1   0   0   0   2  1.65 0.59
   92 V    -2   1   1  -1  -4   2   2  -2  -2  -2  -3   2  -2  -4  -3   1   4  -5  -4  -1    1   7   5   1   0   8  15   2   1   2   1  13   0   0   0   9  29   0   0   5  0.44 0.29
   93 D    -2  -1   2   2  -4  -1   2  -2   1   0  -2  -1  -1  -1  -3   0   2   3   2  -1    1   3   9  11   0   2  13   3   3   5   1   3   2   1   0   7  16   5  10   3  0.23 0.18
   94 I    -5  -5  -4  -6  -4  -5  -6  -7  -6   2   6  -3  -1  -3  -6  -5  -4  -5  -4  -1    0   0   1   0   0   0   0   0   0  10  83   2   0   0   0   0   0   0   0   2  1.55 0.58
   95 L    -1  -1   2   3  -4   0   1  -1   1  -2  -1   0  -1   1  -3   0   0  -1   3  -1    3   2   9  16   0   5   9   4   3   2   4   4   1   7   0   8   5   1  14   3  0.20 0.16
   96 M    -2  -5  -6  -6  -1  -5  -6  -4  -6   1   6  -5   3  -1  -6  -5  -4  -5  -4   0    4   0   0   0   1   0   0   1   0   7  73   0   7   2   0   0   0   0   0   6  1.22 0.49
   97 N    -1   0   3   1  -4  -1  -1   1  -1  -3  -4  -1  -3  -1   0   3   0   0   1  -3    2   6  17   9   0   1   3  10   1   1   0   2   0   3   4  28   4   2   7   2  0.34 0.25
   98 N    -2   0   3   1  -1  -1   0   1   2  -3  -3   1  -3  -2  -3   1   1  -3   2  -2    1   5  16   9   1   1   5  13   6   1   1   8   0   1   0  12   8   0   8   2  0.26 0.19
   99 N    -4  -1   8  -2   0   0  -4  -4  -2  -7  -7  -4  -6  -7  -6  -2   1  -7  -4  -6    0   2  80   1   2   3   0   0   1   0   0   0   0   0   0   1   8   0   1   0  2.08 0.74
  100 Q    -3   0   2  -1  -5   6   1  -4  -1  -5  -4   3  -4  -5   1  -1  -1  -5  -1  -5    1   4   9   2   0  36   8   1   1   0   1  20   0   0   6   4   4   0   3   0  0.77 0.40
  101 I    -4  -6  -6  -3  -4  -6  -6  -7  -6   7   2  -6  -2  -1  -6  -4  -3  -5  -4   2    1   0   0   1   0   0   0   0   0  68  15   0   0   2   0   1   1   0   0  10  1.48 0.54
  102 A     0  -1   0  -2  -4  -1   0  -3  -2  -1  -2   2  -2  -4  -3   4   3  -5  -4  -2    4   3   3   1   0   1   6   1   1   3   5  13   1   0   0  40  17   0   0   2  0.50 0.33
  103 D    -5  -5   3   8  -7  -1  -1  -5  -2  -7  -7  -2  -6  -7  -5  -2  -1  -8  -6  -7    0   0  11  77   0   2   2   0   1   0   0   2   0   0   0   2   3   0   0   0  1.98 0.69
  104 I    -4  -5  -6  -6  -4  -5  -6  -6  -5   6   3  -5  -1  -1  -6  -5  -3  -2   0   2    0   0   0   0   0   0   0   0   0  48  32   0   0   2   0   0   1   1   3  12  1.15 0.45
  105 T     0  -1   0  -3  -2  -2   0  -1  -3  -3  -4   1  -4  -2  -4   5   3  -5  -4  -4    6   2   4   0   1   1   7   4   0   2   1   7   0   1   0  48  18   0   0   0  0.71 0.40
  106 P     1  -5  -3  -2  -2  -3  -2  -1  -3  -5  -4  -3  -5  -4   7   0  -2  -6  -2  -2   14   0   1   3   1   1   2   4   1   0   1   1   0   1  58   8   1   0   2   3  1.41 0.53
  107 L    -5  -5  -4  -5  -5  -3  -6  -7  -6   3   6  -6   0  -3  -6  -6  -4  -5  -4  -1    0   0   1   1   0   1   0   0   0  15  79   0   1   0   0   0   0   0   0   3  1.50 0.57
  108 A     3   0  -2  -3  -3   1   0  -1  -2  -4  -3   2  -3  -4  -2   3   1  -5  -4  -2   31   3   1   0   0   7   6   3   1   0   1  13   0   0   1  23   7   0   0   2  0.46 0.30
  109 N    -1  -2   5   0  -5  -1   0   2   1  -5  -4   2  -4  -3  -3   1  -2  -5   1  -4    4   1  28   5   0   2   6  18   3   0   1  15   0   0   0  11   1   0   5   0  0.52 0.30
  110 L    -5  -6  -7  -7  -5  -6  -6  -7  -6  -1   6  -6   2  -1  -3  -5  -5  -5  -4  -1    0   0   0   0   0   0   0   0   0   1  89   0   4   1   1   0   0   0   0   3  1.73 0.63
  111 T    -1  -3  -1  -1  -4   0  -1  -4  -4  -1  -2   1  -3  -3   2   1   5  -5  -4  -2    4   1   2   2   0   3   4   0   0   5   3   8   0   1  11   9  46   0   0   1  0.67 0.38
  112 N    -3  -1   7  -2  -5   1  -1  -2   1  -6  -3   2  -5  -6  -5   1  -1  -6  -5  -5    1   2  55   1   0   6   4   2   3   0   2  12   0   0   0   9   3   0   0   0  1.15 0.50
  113 L    -5  -6  -7  -7  -5  -5  -4  -7  -6   0   6  -6  -1  -3  -6  -6  -2  -5  -5  -1    0   0   0   0   0   0   1   0   0   3  90   0   1   0   0   0   2   0   0   3  1.72 0.63
  114 T    -2   0   1  -2  -4   2   2  -3   2  -2  -4   3  -1  -5  -4  -1   4  -3  -3  -3    2   5   6   1   0  10  13   1   5   2   1  23   2   0   0   2  27   0   0   1  0.54 0.33
  115 G    -1   0   1   0  -2   1   2  -1   0  -2  -3   1  -1  -1  -3   2   1   2  -1  -2    4   5   7   3   1   8  13   5   2   3   1  11   1   3   0  16  11   3   2   2  0.18 0.15
  116 L    -5  -6  -7  -7  -5  -6  -6  -7  -6  -1   6  -4   0   0  -6  -6  -4  -5  -4  -1    0   0   0   0   0   0   0   0   0   2  91   1   1   3   0   0   1   0   0   2  1.77 0.64
  117 T    -2  -1   3   3  -4   0  -1  -1   0  -2  -3  -2  -2   0  -4   1   1   2   2  -2    0   4  14  22   0   3   3   3   2   1   1   1   1   5   0  12  11   3   9   3  0.34 0.24
  118 L    -4  -5  -6  -7   0  -5  -6  -5  -6   2   6  -5   0   1  -6  -5  -4  -5  -4   1    1   0   0   0   2   0   0   1   0  12  71   0   1   4   0   0   0   0   0   9  1.24 0.49
  119 F     0  -1   2   1  -3   0   0   1   1  -3  -3  -1  -2  -1  -2   2   0   3   0  -2    7   2  11   9   0   3   7  13   3   1   2   4   1   3   0  23   3   4   3   1  0.23 0.18
  120 N    -1  -1   4   2  -3  -1   0   1   1  -4  -4   0  -3   0  -3   0  -1   0   2  -4    3   3  23  14   0   2   6  11   4   0   0   6   1   5   1   8   4   1   8   0  0.36 0.23
  121 N    -1  -3   8  -2   2  -4  -4  -3  -3  -6  -4  -3  -5  -6  -5  -1   2  -6  -3  -5    6   1  68   1   4   0   0   1   0   0   1   0   0   0   0   3  14   0   1   0  1.63 0.63
  122 Q    -2   1   2   0  -5   5   1  -2  -1  -5  -3   3  -3  -5   1   0  -2  -5  -2  -4    1   5   9   4   0  34   9   3   1   0   2  16   0   0   6   6   1   0   1   0  0.65 0.35
  123 I    -5  -6  -7  -7  -5  -6  -7  -7  -7   8   1  -6  -2  -4  -6  -6  -3  -6  -5   2    0   0   0   0   0   0   0   0   0  78   9   0   0   0   0   0   1   0   0  13  1.87 0.64
  124 T    -1  -1   1  -2  -4   0   1  -3  -2  -3  -2   1  -2  -5  -4   4   3  -5  -4  -2    2   3   8   1   0   3   8   1   1   1   3   8   1   0   0  37  22   0   0   2  0.56 0.35
  125 D    -5  -5   1   8  -7  -1   2  -5  -1  -7  -7  -2  -6  -7  -5  -3  -2  -8  -6  -6    0   0   6  77   0   2   9   0   1   0   0   1   0   0   0   1   2   0   0   0  1.95 0.68
  126 I    -3  -6  -6  -6  -4  -5  -6  -6  -6   6   3  -5  -1  -3  -1  -5  -2  -5  -1   3    1   0   0   0   0   0   0   0   0  52  25   0   0   0   3   0   2   0   2  16  1.16 0.46
  127 D    -1  -1   1   0  -4  -1   0  -3  -1  -4  -4   0  -4   1  -2   5   2  -5  -3  -3    3   3   5   6   0   2   6   0   1   0   0   6   0   6   1  46  14   0   0   1  0.60 0.36
  128 P     1  -5  -2  -4  -5  -3  -3  -2  -2  -4  -4  -4  -2   0   7   0   1  -6  -4   1   12   0   1   0   0   1   1   3   1   0   1   0   1   4  51   7   7   0   0   9  1.17 0.47
  129 L    -4  -5  -6   0  -4  -3  -5  -6  -6   2   6  -5  -1   0  -4  -5  -4  -5  -4   0    0   0   0   7   0   1   0   0   0   9  73   0   0   4   1   0   0   0   0   5  1.22 0.50
  130 K     3   0   0  -2  -3   0   0  -2  -2  -3  -4   2  -2  -5   0   3   1  -5  -4  -2   27   3   3   1   0   4   5   2   1   1   0  14   0   0   3  25   8   0   0   3  0.41 0.28
  131 N     0  -1   5   0  -4  -1   0   2   0  -5  -5   1  -4  -5  -3   2   0  -5  -1  -4    6   3  34   4   0   1   6  16   2   0   0   8   0   0   0  13   4   0   3   0  0.60 0.32
  132 L    -5  -6  -7  -7  -5  -6  -6  -7  -6  -1   6  -6   3   0  -6  -5  -5  -5  -4  -2    0   0   0   0   0   0   0   0   0   1  89   0   5   4   0   1   0   0   0   1  1.75 0.64
  133 T     0  -3   0  -3  -4  -2  -3  -3  -4   0  -3   0  -3  -4   1   2   5  -5  -4  -1    8   1   3   1   0   1   0   1   0   5   2   7   0   1   7  15  46   0   0   2  0.70 0.40
  134 N    -3  -2   7  -1  -6   3  -1  -1  -1  -6  -6   2  -5  -6  -5   1  -1  -2  -5  -5    2   1  51   2   0  11   3   3   1   0   0  13   0   0   0   9   3   1   0   0  1.12 0.50
  135 L    -2  -6  -7  -7  -5  -5  -4  -7  -6   1   6  -6   1  -3  -6  -6  -4  -5  -4   0    3   0   0   0   0   0   1   0   0   4  85   0   3   0   0   0   0   0   0   4  1.57 0.59
  136 N    -2   1   3   0  -2   2   2  -3  -1   0  -3   1  -1  -4  -3   0   3  -4  -1  -2    1   6  14   4   1  10  15   0   1   6   1   9   2   0   0   6  19   0   2   2  0.33 0.24
  137 R    -1   2   1   1  -4   0   2  -2   3  -2  -3   1  -3  -2  -3   2   2   2   0  -1    2  11   5   6   0   3  12   1   7   2   1   7   0   2   0  16  12   3   4   5  0.23 0.18
  138 L    -3  -5  -6  -4  -4  -5  -6  -7  -6   1   6  -4   0  -2  -6  -5  -2  -5  -3  -1    2   0   0   1   0   0   0   0   0   7  83   1   1   1   0   0   2   0   1   2  1.45 0.56
  139 E    -1  -1   3   3  -3  -1   1  -2  -1  -2  -3  -1  -3  -2  -4   1   0   3   3  -3    5   3  18  21   0   2   8   1   1   2   2   2   0   1   0  11   6   5  11   1  0.40 0.25
  140 L    -2  -5  -6  -7  -1  -5  -6  -7  -6   1   6  -6   1   0  -6  -5  -4  -5  -4   1    3   0   0   0   1   0   0   0   0   6  78   0   2   3   0   0   0   0   0   7  1.36 0.53
  141 S    -1   0   2   2  -4  -1   0   2   0  -3  -4  -1  -4  -2  -2   3  -1   2   1  -4    4   4  11  13   0   1   5  14   2   1   0   2   0   1   1  29   2   3   6   0  0.40 0.26
  142 S     0  -1   4   1  -3   0  -1   2   1  -2  -3   1  -3  -1  -3   1  -2  -1   1  -3    8   2  23   9   0   3   3  15   4   2   3   8   0   2   0  12   1   1   5   1  0.30 0.20
  143 N    -3  -4   8  -3  -6  -2  -4  -3  -3  -4  -7  -2  -6  -7  -1   0   0  -7  -6  -6    2   0  79   0   0   1   0   2   0   1   0   2   0   0   3   5   4   0   0   0  1.99 0.72
  144 T    -2   1   1  -3  -5   5   1  -1   0  -5  -3   3  -3  -5   0   1   0  -5  -4  -3    1   6   8   0   0  34   8   3   2   0   2  15   0   0   5  10   4   0   0   1  0.63 0.36
  145 I    -3  -6  -6  -4  -4  -4  -6  -5  -6   7   0  -6  -2  -1  -6  -5   0  -6  -4   3    1   0   0   1   0   1   0   1   0  67   7   0   0   3   0   0   5   0   0  16  1.41 0.53
  146 S     0  -1   0  -1  -4  -1  -1  -2  -1  -2  -4   1  -4  -3  -3   5   3  -5  -4  -1    4   2   3   2   0   2   3   2   1   1   1   9   0   1   1  46  18   0   0   5  0.61 0.37
  147 D    -4  -4   2   7  -6  -3   1  -3  -2  -6  -7  -2  -6  -7  -5   1  -1  -7  -5  -6    0   0  10  68   0   0   6   1   1   0   0   2   0   0   0   9   3   0   0   0  1.61 0.60
  148 I    -3  -5  -6  -4  -4  -5  -4  -6  -3   6   3  -5   0   0  -2  -5  -2  -5  -4   3    2   0   0   1   0   0   1   0   1  51  22   0   1   3   2   0   2   0   0  16  1.02 0.42
  149 S     0  -1   0   0  -2   0   0  -1  -3  -3  -3   1  -3  -4  -3   4   3  -5  -4   0    6   3   4   4   1   3   6   3   0   1   1   7   0   0   1  36  18   0   0   6  0.44 0.30
  150 A     1  -4  -2  -2  -4  -3  -3   1  -4  -2  -3  -2  -2  -2   6   1   0  -5  -3  -1   14   0   2   2   0   0   0  11   0   2   1   2   1   2  42  10   5   0   1   5  0.85 0.38
  151 L    -4  -5  -6  -6  -4   0  -5  -6  -5   2   5  -4   1   1  -6  -5  -4  -4  -3   1    0   0   0   0   0   5   0   0   0   9  69   1   2   6   0   0   0   0   0   8  1.14 0.47
  152 S     3   0   0  -1  -1   1   1  -2  -1  -3  -3   1  -2  -4  -3   3   0  -5  -4   0   25   4   3   2   1   7  10   1   1   1   0   7   1   0   0  26   5   0   0   6  0.35 0.25
  153 G    -1  -1   4   0  -4   0   1   3  -1  -5  -4   2  -2  -5  -2   1  -2  -1  -2  -4    3   3  27   3   0   3   8  23   1   0   1  12   1   0   2  11   0   1   1   1  0.52 0.29
  154 L    -3  -5  -6  -6  -4  -3  -6  -6  -5  -2   6  -4   4   0  -6  -4  -4  -5  -4  -2    1   0   0   0   0   1   0   0   0   0  82   1   8   4   0   1   0   0   0   0  1.50 0.57
  155 T     0  -2   1   1  -4  -1  -1  -2  -2   0  -4   1  -3  -5   1   1   5  -5  -4  -2    5   1   7   7   0   2   3   2   1   6   0   8   0   0   6  10  40   0   0   2  0.49 0.31
  156 S    -3  -1   6  -1  -3   1  -1  -2   1  -5  -5   3  -4  -5  -3   1   0  -3  -3  -5    0   2  46   1   0   7   2   3   3   0   1  17   0   0   1  11   5   0   1   0  0.94 0.44
  157 L    -4  -6  -7  -7  -2  -5  -6  -5  -6   1   6  -6   0  -3  -6  -6  -4  -5  -4  -1    1   0   0   0   1   0   0   1   0   6  87   0   1   0   0   0   0   0   0   3  1.64 0.60
  158 Q    -2   1   2   0  -1   3   2  -3  -1  -3  -3   1  -2  -4  -3   0   3  -2  -2  -2    2   7   9   4   1  15  17   1   1   0   1  10   1   0   0   4  22   0   2   1  0.41 0.27
  159 Q    -1   0   1  -1  -3   1   1  -1   1  -1  -1   1  -1   0  -3   1   1  -1   2  -1    4   3   5   3   0   7   9   3   4   4   4   7   1   4   0  13  12   1  10   5  0.11 0.12
  160 L    -4  -5  -7  -7  -4  -4  -6  -7  -6   1   6  -6   0  -1  -6  -6  -4  -1  -4   2    0   0   0   0   0   1   0   0   0   6  80   0   1   2   0   0   0   1   0  11  1.47 0.56
  161 S    -1  -1   2   3  -4   0   0  -1   1  -1  -2   0  -3  -1  -3   1   1   2   1  -2    4   2  11  21   0   3   3   5   4   3   4   6   0   3   0  13   8   3   6   2  0.23 0.18
  162 F     0  -5  -4  -6  -1  -4  -5  -4  -1   3   5  -5   1   3  -5  -4  -4   0  -3   0    7   0   1   0   1   1   0   1   1  15  57   0   2  10   0   0   0   1   0   3  0.86 0.39
  163 G    -2   0   3   2  -4  -2  -1   4  -2  -5  -5  -1  -4  -4  -3   4  -1  -5  -2  -5    1   4  14  10   0   1   2  28   1   0   0   3   0   1   0  31   2   0   1   0  0.68 0.36
  164 N    -4  -1   8  -2  -2  -3  -2  -1  -3  -5  -6  -2  -5  -4  -5   0   1  -7  -3  -6    0   3  72   1   1   0   2   3   0   1   0   2   0   1   0   7   7   0   1   0  1.68 0.65
  165 Q    -3   0   4  -2  -3   6   1  -1  -1  -5  -4   2  -4  -5  -1  -1  -1  -5  -3  -5    1   3  21   1   1  37   7   4   1   0   1  13   0   0   3   3   3   0   1   0  0.82 0.42
  166 V    -4  -5  -4  -6  -4  -5  -6  -7  -6   7   0  -6  -2  -1  -4  -4  -3  -6  -4   4    0   0   1   0   0   0   0   0   0  65   7   0   0   2   1   1   1   0   0  23  1.49 0.55
  167 T     0  -1   0  -3  -4   0  -1  -3  -3  -1  -3   1  -3  -4  -4   4   4  -5  -4  -2    6   2   4   0   0   4   3   1   0   4   1  11   0   0   0  33  30   0   0   2  0.61 0.37
  168 D    -5  -4   3   7  -6  -2  -1  -4  -3  -6  -7  -1  -6  -7  -5   1  -3  -7  -6  -5    0   0  14  67   0   1   3   1   0   0   0   3   0   0   0  10   0   0   0   1  1.65 0.61
  169 L    -3  -5  -6  -6  -4  -5  -5  -6  -6   6   4  -5  -1  -2  -4  -5  -2  -5  -2   3    1   0   0   0   0   0   0   0   0  43  35   0   0   1   1   0   2   0   1  17  1.11 0.44
  170 K     1  -2   0  -2  -4  -1   2  -2  -3  -4  -4   1  -3  -2  -3   4   2  -5  -4  -1   10   1   4   0   0   1  14   3   0   0   1   9   0   2   0  35  16   0   0   4  0.49 0.33
  171 P     1  -5  -3  -4  -5  -4  -3   1  -1  -4  -5  -3  -3  -2   7   0  -1  -6  -2  -1   10   0   1   0   0   0   1  12   1   1   0   1   1   2  54   7   3   0   2   4  1.25 0.49
  172 L    -3  -5  -6  -3  -4  -2  -5  -6  -6   2   6  -5   0   1  -6  -5  -3  -5  -4   1    1   0   0   2   0   2   0   0   0  10  70   0   1   4   0   0   1   0   0   8  1.14 0.47
  173 A     3  -1   0   0  -3   2   1  -2   0  -2  -3   1  -3  -3  -1   3   0  -3  -3  -2   26   3   3   5   0   8   7   1   2   2   1  10   0   1   2  24   3   0   0   2  0.35 0.25
  174 N    -1  -1   5   1  -3  -1   1   2   0  -5  -5   1  -4  -4  -3   1  -2  -4   2  -3    4   1  27   7   0   1  11  16   2   0   0   9   0   0   0  10   1   0   8   2  0.50 0.29
  175 L    -4  -5  -6  -7   1  -5  -6  -7   0  -1   6  -6   4   1  -6  -4  -4  -5  -4  -2    1   0   0   0   3   0   0   0   2   2  76   0   9   5   0   1   0   0   0   1  1.38 0.54
  176 T    -1  -2   1   0  -4  -1  -1  -4  -2   0  -3   2  -2  -5   1   1   5  -5  -3  -2    2   1   6   6   0   2   3   0   1   5   1  13   1   0   7   8  43   0   0   2  0.59 0.35
  177 T    -2   0   7   0  -5  -1  -2  -3  -1  -6  -6   2  -3  -6  -5   1   0  -6  -3  -5    3   3  53   4   0   3   2   1   1   0   0  13   1   0   0  12   4   0   1   0  1.13 0.49
  178 L    -4  -5  -6  -7  -4  -5  -6  -7  -6   1   6  -4   1  -1  -6  -5  -2  -5  -4   0    1   0   0   0   0   0   0   0   0   6  81   1   3   1   0   0   2   0   0   5  1.47 0.56
  179 E    -3   0   0   0  -4   2   3  -3  -2  -1  -3   2   0  -3  -3  -1   4  -3  -1  -1    0   5   3   5   0   8  18   1   0   4   0  12   2   1   0   3  31   0   2   3  0.43 0.30
  180 R    -2   1   1  -2  -4   2   1  -1   1  -2  -2   1   1  -2  -3   2   2  -1   1  -1    1   8   6   1   0  10  11   3   3   2   1   8   4   1   0  19  13   1   6   3  0.23 0.20
  181 L    -5  -5  -4  -4  -5  -5  -6  -7  -6   1   6  -4  -1  -2  -6  -6  -4  -5  -2   0    0   0   1   1   0   0   0   0   0   6  83   1   0   1   0   0   0   0   1   6  1.48 0.57
  182 D    -2  -1   2   3  -4   0  -1  -2   1  -1  -2  -1  -1   0  -3   1   0   1   2  -1    2   3  12  23   0   3   2   2   4   4   2   4   2   5   0  11   5   2  10   4  0.26 0.19
  183 I    -1  -5  -6  -6  -1  -5  -5  -3  -5   2   5  -5   0  -1  -5  -4  -2  -4  -2   0    7   0   0   0   1   0   0   2   0  11  68   0   1   2   0   0   2   0   1   5  1.02 0.43
  184 S     0  -1   3   1  -4  -1   0   1   1  -3  -4  -1  -3  -2  -3   3  -1   1   1  -3    6   3  18   8   0   2   5   9   3   2   0   3   0   1   0  27   3   2   6   0  0.35 0.25
  185 S    -2   0   3   1  -4  -1   0   2   1  -5  -5   1  -4  -2  -4   2  -1   1   2  -4    1   4  18   9   0   1   7  18   3   0   0   7   0   1   0  16   3   2  10   0  0.41 0.26
  186 N    -3  -4   8  -3  -6  -2  -4  -4  -3  -5  -5  -2  -6  -5  -6  -1   0  -7  -6  -6    3   0  83   0   0   1   0   0   0   0   1   2   0   1   0   3   7   0   0   0  2.17 0.77
  187 K    -2   0   2   0  -5   6   0  -1  -1  -5  -2   3  -3  -5  -1   0  -3  -5  -4  -3    1   3   9   5   0  40   3   4   1   0   4  19   0   0   3   6   1   0   0   1  0.77 0.41
  188 V    -4  -5  -6  -6  -4  -6  -6  -7  -6   7   0  -6  -2  -4  -6  -3  -3  -6  -5   4    0   0   0   0   0   0   0   0   0  70   4   0   0   0   0   2   1   0   0  22  1.67 0.60
  189 S    -1  -2  -1  -2  -4  -1   2  -3  -2  -3  -4   0  -4  -5  -4   4   4  -5  -4  -2    2   2   2   1   0   2  15   1   1   1   1   5   0   0   0  36  28   0   0   2  0.69 0.40
  190 D    -4  -3   3   7  -7  -3   0  -4  -4  -7  -7  -3  -6  -7  -5   0  -1  -8  -6  -6    1   1  12  72   0   0   3   1   0   0   0   1   0   0   0   6   3   0   0   0  1.78 0.64
  191 I    -3  -6  -6  -6  -4  -5  -4  -7  -6   6   3  -5  -1  -2  -6  -5  -2  -5  -2   2    1   0   0   0   0   0   1   0   0  53  27   0   0   0   0   0   2   0   1  14  1.23 0.48
  192 S     0  -2   1  -1  -4  -1   1   0  -3  -4  -5   0  -4  -5  -3   5   2  -5  -4  -1    5   1   5   3   0   2   9   5   0   0   0   6   0   0   0  43  15   0   0   5  0.59 0.36
  193 V     2  -5  -2  -4  -5  -3  -3   0  -5  -1  -4  -3  -4  -5   7  -1   1  -6  -3   0   15   0   2   0   0   1   1   6   0   3   1   1   0   0  49   4   9   0   1   8  1.10 0.45
  194 L    -4  -5  -6  -6  -4   0  -5  -7  -6   2   6  -5   0  -1  -4  -5  -3  -5  -3   1    0   0   0   0   0   4   0   0   0   9  74   0   1   1   1   0   1   0   1   7  1.26 0.50
  195 A     4  -1  -1   0  -3   1  -1  -1  -1  -3  -4   1  -3  -4  -2   3   1  -5  -3  -3   36   2   2   5   0   6   3   2   2   1   0  10   0   0   1  21   8   0   1   0  0.46 0.30
  196 K    -1  -1   5   1  -5  -2   1   2  -2  -5  -4   2  -4  -5  -3   1  -2  -5   0  -5    3   2  28   8   0   0  10  15   0   0   1  16   0   0   1  12   0   0   3   0  0.57 0.32
  197 L    -5  -5  -6  -7  -5  -5  -6  -7  -1  -2   6  -5   4   0  -6  -3  -4  -5  -4  -2    0   0   0   0   0   0   0   0   1   0  81   0  11   3   0   3   0   0   0   1  1.55 0.59
  198 T    -1  -2   0  -1  -4  -2   0  -3  -4  -1  -4   1  -3  -5   1   1   5  -5  -4  -1    3   1   5   3   0   0   5   2   0   4   0  11   0   0   8  11  44   0   0   4  0.62 0.36
  199 N    -3  -2   6   0  -5   2  -1  -2   0  -6  -5   2  -4  -5  -4   1  -2  -6  -1  -5    1   1  48   4   0  10   2   3   2   0   1  15   0   0   0  10   1   0   3   0  1.02 0.46
  200 L    -5  -6  -7  -7  -5  -6  -6  -7  -6   1   6  -6  -1  -3  -6  -6  -3  -5  -5  -1    0   0   0   0   0   0   0   0   0   6  89   0   0   0   0   0   1   0   0   3  1.75 0.63
  201 E    -2   1   0   1  -4   1   2  -3  -1  -2  -3   1  -2  -3  -3   0   4  -1  -3  -1    2   9   4   8   0   7  17   1   1   2   2   8   1   1   0   4  29   1   0   5  0.39 0.27
  202 S    -1   0   1   1  -3   1   1  -2   0   0  -2   0   0  -1  -3   1   2  -2   2   0    1   6   7   7   0   6   9   2   2   5   2   3   2   2   0  14  14   0  10   7  0.14 0.15
  203 L    -5  -6  -7  -7  -5  -3  -6  -7  -6   2   6  -6   0   0  -6  -6  -4  -5  -4  -1    0   0   0   0   0   1   0   0   0  10  84   0   1   2   0   0   0   0   0   2  1.61 0.59
  204 I    -2  -2   3   2  -2   0   0  -1   0   1  -2  -1  -1   0  -3   1   0  -2   2  -1    1   1  18  15   1   5   4   4   2  10   2   2   1   3   0  12   4   0  11   3  0.23 0.19
  205 A     1  -5  -6  -6   0  -5  -5  -5  -5   2   5  -5   2  -1  -5  -4  -4  -5  -4   0   13   0   0   0   2   0   0   0   0  12  62   0   4   2   0   0   0   0   0   5  0.99 0.43
  206 T     0  -2   3   0  -1   0   0   0   0  -2  -3  -1  -2   0  -1   3   0  -1   1  -2    5   1  14   4   1   3   4   7   3   2   1   2   1   5   3  31   6   1   7   1  0.28 0.22
  207 N    -1   0   4   2  -2  -1   0   1   2  -4  -3   0  -3  -2  -3   2   0  -2   0  -3    3   4  23  13   1   1   5  13   5   0   2   6   0   1   0  14   4   1   4   2  0.35 0.22
  208 N    -3  -4   8  -2  -1  -3  -4  -3  -3  -7  -5  -2  -6  -7  -6  -1   0  -7  -6  -6    2   0  81   1   1   0   0   1   0   0   1   2   0   0   0   4   5   0   0   0  2.09 0.74
  209 Q    -3   0   2  -1  -6   6   1   0  -3  -5  -3   2  -4  -6   1  -1  -3  -5  -5  -5    1   5  11   3   0  42   6   7   0   0   3  14   0   0   6   2   1   0   0   0  0.84 0.43
  210 I    -5  -6  -7  -7  -5  -6  -7  -7  -7   7   1  -6  -1  -2  -6  -6  -4  -6  -5   2    0   0   0   0   0   0   0   0   0  75  11   0   1   1   0   0   0   0   0  12  1.79 0.62
  211 S    -1  -1   0  -3  -4   0   0  -2  -4  -4  -5   1  -4  -5  -2   4   4  -5  -4  -2    4   2   5   0   0   3   5   2   0   0   0   9   0   0   1  40  26   0   0   3  0.70 0.40
  212 D    -4  -4   3   7  -6  -3   1  -4  -3  -6  -7  -2  -6  -7  -5   1  -1  -7  -4  -5    0   0  13  63   0   0   6   0   0   0   0   1   0   0   0  11   4   0   0   1  1.53 0.58
  213 I    -3  -6  -6  -6  -4  -5  -6  -6  -6   6   3  -5  -1  -1  -6  -5  -1  -5  -4   3    1   0   0   0   0   0   0   0   0  51  28   0   0   1   0   0   3   0   0  16  1.22 0.47
  214 T     1  -2  -1  -1  -4   1   1  -1  -3  -4  -4   1  -4  -5  -1   4   3  -5  -3  -3    8   1   1   3   0   6   9   4   0   1   0   9   0   0   2  39  16   0   0   1  0.54 0.34
  215 P     1  -5  -3  -2  -5  -4  -3   1  -3  -5  -4  -3  -5  -4   7   1  -2  -6  -4  -1   13   0   1   3   0   0   0   9   0   0   1   1   0   1  53   9   2   0   0   6  1.27 0.50
  216 L    -4  -5  -6  -6  -4  -3  -6  -5  -6   3   6  -5   1  -1  -6  -5  -3  -5  -4   2    0   0   0   0   0   1   0   1   0  13  70   0   2   2   0   0   1   0   0  10  1.25 0.49
  217 G     3  -2   0  -1  -1   2   0   1  -2  -4  -3   1  -3  -4  -2   3  -1  -5  -4  -3   26   1   4   2   1   8   5  10   1   0   1   7   0   1   1  28   3   0   0   1  0.42 0.28
  218 I     0  -2   5   1  -5   0   0   2  -2  -2  -5   1  -4  -3  -3   0  -3  -5   1  -4    7   1  33   8   0   4   5  16   0   3   0  11   0   0   0   5   0   0   6   0  0.55 0.31
  219 L    -3  -5  -6  -6  -4  -5  -6  -6  -2   0   6  -4   2   0  -6  -3  -4  -5  -4  -1    1   0   0   0   0   0   0   0   1   2  80   1   5   3   0   2   0   0   0   3  1.39 0.55
  220 T    -1  -3   1  -2  -4  -3  -1  -3  -2  -1  -4   2  -3  -5   2   0   5  -5  -3  -1    3   0   8   1   0   0   2   1   1   4   0  14   0   0  11   7  44   0   1   4  0.70 0.39
  221 N    -2  -1   7   0  -5   1   0  -2  -2  -6  -6   2  -3  -6  -4   2  -1  -6  -5  -5    3   2  49   3   0   5   5   2   0   0   0  13   1   0   0  13   3   0   0   0  1.02 0.46
  222 L    -5  -6  -7  -7  -5  -6  -6  -7  -6   0   6  -6   0  -3  -6  -6  -4  -5  -5   1    0   0   0   0   0   0   0   0   0   3  88   0   1   0   0   0   0   0   0   8  1.73 0.63
  223 D    -2   1   1   1  -4   2   2  -3   1  -2  -3   0   0  -3  -3   0   4  -2  -2  -1    1   7   8   6   0   8  11   1   3   2   1   6   2   1   0   5  33   1   1   3  0.39 0.27
  224 E     0   1   0   0  -3   0   2  -1   0  -1  -3   0  -2  -1  -3   1   1   4   3  -1    6   7   3   3   0   4  17   4   2   3   0   5   0   2   0  13  10   5  11   4  0.22 0.18
  225 L    -5  -6  -7  -7  -5  -6  -6  -7  -6   1   6  -6  -1   0  -6  -6  -4  -5  -4   0    0   0   0   0   0   0   0   0   0   6  86   0   0   3   0   0   0   0   0   5  1.65 0.60
  226 S    -1   0   2   3  -4  -1   1  -1   0  -1  -2  -1  -3   1  -3   1   1   1   3  -2    3   4  11  17   0   2   7   3   2   4   3   1   0   6   0  12   8   2  12   2  0.22 0.18
  227 L    -1  -5  -6  -6   1  -5  -6  -5  -6   2   5  -5   1   2  -6  -5  -4  -4  -3   0    6   0   0   0   2   0   0   1   0   8  69   0   2   7   0   0   0   0   0   4  1.12 0.46
  228 N     0  -1   4   1  -4  -1   0   1   0  -2  -4   0  -4  -3  -3   2  -1   1   1  -4    8   3  24   8   0   2   5  10   2   2   0   5   0   0   0  20   1   2   7   0  0.39 0.26
  229 G    -2  -2   4   2  -3  -1   0   3   1  -4  -4  -1  -4   0  -4   2  -2  -4   0  -4    2   1  23  13   0   2   6  21   4   1   0   2   0   5   0  15   1   0   4   0  0.49 0.28
  230 N    -3  -4   8  -2  -6  -4  -3  -4  -2  -3  -6  -2  -6  -7  -6  -3   0  -7  -6  -6    2   0  86   1   0   0   1   0   1   2   1   2   0   0   0   0   4   0   0   0  2.27 0.79
  231 Q    -2  -1   2  -2  -5   6  -1  -1  -1  -5  -3   3  -4  -6   0   0  -2  -5  -4  -4    1   2  11   2   0  43   2   5   1   0   2  18   0   0   4   6   2   0   0   0  0.88 0.45
  232 L    -3  -6  -6  -6  -4  -6  -6  -7  -6   7   2  -6  -2  -2  -6  -5  -2  -6  -4   2    1   0   0   0   0   0   0   0   0  66  18   0   0   1   0   0   1   0   0  12  1.52 0.55
  233 K    -1   0  -1  -2  -4   1   1  -3  -3  -2  -4   2  -4  -5  -2   4   4  -5  -4  -2    3   4   2   1   0   5   8   0   0   2   0  12   0   0   1  35  25   0   0   2  0.62 0.37
  234 D    -4  -4   3   7  -6  -1   0  -4  -3  -6  -7  -2  -6  -7  -5   0   0  -7  -6  -6    0   0  15  64   0   3   4   1   0   0   0   2   0   0   0   7   5   0   0   0  1.55 0.58
  235 I    -4  -6  -6  -6  -4  -5  -6  -7  -6   6   3  -5  -1   0  -6  -5  -2  -5  -4   3    0   0   0   0   0   0   0   0   0  50  28   0   0   3   0   0   2   0   0  16  1.20 0.47
  236 G     1   0   1  -1  -4   0   1   0  -3  -3  -5   1  -4  -5  -3   4   1  -5  -4  -3    8   3   7   3   0   3   8   5   0   1   0  10   0   0   0  41   9   0   0   1  0.53 0.33
  237 T     1  -4  -3  -4  -5  -3  -4   1  -3  -4  -4  -4  -4  -1   7   1   0  -6  -5  -1   11   0   1   0   0   1   0  10   0   0   1   0   0   3  50  12   5   0   0   6  1.14 0.46
  238 L    -5  -5  -7  -7  -4  -5  -6  -7  -6   1   6  -6   0  -1  -6  -6  -4  -5  -4   1    0   0   0   0   0   0   0   0   0   7  83   0   1   2   0   0   0   0   0   7  1.56 0.57
  239 A     3  -1   0  -1  -3   1   0  -2  -2  -3  -4   1  -2  -4  -2   3   1  -4   0  -1   31   2   3   3   0   7   6   2   1   0   0   9   0   0   1  21   7   0   3   3  0.37 0.26
  240 S    -2  -1   5   0  -5  -1   0   2  -1  -5  -5   1  -4  -3  -4   3  -2  -5  -1  -5    2   3  36   4   0   2   5  13   1   0   0   7   0   1   0  21   1   0   2   0  0.70 0.36
  241 L    -3  -5  -5  -7   0  -4  -6  -7  -4  -1   6  -4   0  -2  -6  -5  -4  -5  -4  -2    2   0   1   0   2   1   0   0   0   2  88   1   2   1   0   0   0   0   0   1  1.59 0.60
  242 T    -2  -2  -2  -3  -4  -1  -2  -3  -4   1  -2   2  -2  -5   2   1   5  -5  -4  -1    2   1   1   0   0   2   2   1   0   7   3  11   0   0   9   7  48   0   0   3  0.70 0.40
  243 N    -2  -2   7   0  -5   1  -1  -1   0  -4  -3   2  -4  -5  -4   0  -2  -5  -4  -5    2   1  50   4   0   7   3   5   2   1   3  14   0   0   0   5   1   0   0   0  0.95 0.43
  244 L    -5  -6  -7  -7  -5  -5  -6  -7  -6   1   6  -5   1  -2  -6  -6  -4  -5  -2  -1    0   0   0   0   0   0   0   0   0   7  86   1   2   0   0   0   0   0   1   3  1.64 0.60
  245 T    -1   0   0  -1  -4   2   2  -1  -3  -1  -3   2  -2  -4  -3   1   4  -5  -2  -2    5   5   3   3   0   9  14   3   0   3   1  12   0   0   0   8  31   0   1   2  0.40 0.28
  246 D    -1  -1  -1   1  -4  -1   2  -2   0   0  -2   1  -1  -1  -3   1   2   4   2  -2    3   3   2   9   0   2  16   3   1   6   2   8   1   1   0  10  16   7   8   1  0.23 0.19
  247 L    -4  -6  -5  -7  -5  -6  -6  -7  -6   2   6  -6  -1  -1  -6  -6  -4  -5  -4  -1    0   0   1   0   0   0   0   0   0   9  87   0   0   1   0   0   0   0   0   2  1.68 0.61
  248 D    -2  -1   2   3  -4   0   1  -1   2  -1  -2  -1  -2   1  -3   0   0   1   3  -1    1   3  10  19   0   4   9   4   5   3   2   3   0   7   0   7   5   2  12   6  0.22 0.17
  249 L    -1  -5  -6  -6   1  -5  -6  -5  -6   2   6  -5  -1   0  -6  -4  -4  -5  -4   0    4   0   0   0   3   0   0   1   0  10  73   0   0   3   0   1   0   0   0   5  1.22 0.49
  250 A     1  -1   2   2  -3  -1  -1   0   1  -2  -4  -1  -2  -1  -2   3   1   0   1  -3    9   3  11  11   0   1   3   7   4   2   0   2   0   2   1  30   7   1   5   1  0.32 0.24
  251 N    -1   1   4   2  -4  -1   1   1   1  -5  -4  -1  -4  -1  -4   1   0  -4   1  -4    4   7  25  10   0   2  11  11   3   0   0   2   0   4   0  13   4   0   5   0  0.41 0.25
  252 N    -4  -4   9  -3  -1  -4  -4  -4  -2  -7  -7  -3  -6  -7  -4  -3   0  -8  -4  -5    1   0  89   0   1   0   0   0   1   0   0   1   0   0   1   1   5   0   1   1  2.44 0.83
  253 Q    -3   0   2   0  -6   6   1  -1   1  -5  -5   3  -4  -6   1  -2  -2  -5  -2  -4    1   3  10   3   0  41   8   4   3   0   0  16   0   0   6   2   1   0   1   1  0.84 0.43
  254 I    -5  -6  -7  -7  -5  -6  -7  -7  -7   7   1  -6  -2  -2  -6  -6  -4  -6  -5   3    0   0   0   0   0   0   0   0   0  76   8   0   0   1   0   0   0   0   0  15  1.83 0.63
  255 S     0  -1   0  -1  -4  -1   1  -2  -3  -2  -4   2  -3  -5  -2   4   2  -5  -4  -2    7   3   3   2   0   1   9   2   0   3   0  15   0   0   1  36  15   0   0   3  0.49 0.32
  256 N    -3  -5   3   7  -7  -3   0  -5  -2  -7  -7  -1  -6  -7  -5  -2  -3  -8  -6  -6    2   0  14  72   0   0   4   0   1   0   0   4   0   0   0   3   1   0   0   0  1.83 0.65
  257 L    -3  -5  -6  -6  -4  -5  -6  -6  -6   6   4  -5  -1  -1  -6  -5  -3  -5  -3   2    2   0   0   0   0   0   0   0   0  45  37   0   0   1   0   0   1   0   1  14  1.18 0.46
  258 A     0  -1   1   1  -3  -1   0  -1  -3  -5  -5   0  -4  -5  -2   5   1  -6  -5  -4    7   2   5   6   0   1   5   3   0   0   0   6   0   0   1  53   9   0   0   0  0.76 0.42
  259 P     2  -4  -2  -4  -5  -4  -2   0  -5  -3  -5  -3  -3  -1   7   1  -1  -3  -3  -1   15   0   1   0   0   0   2   7   0   1   0   1   0   3  50  11   3   0   1   6  1.15 0.47
  260 L    -4  -5  -7  -7  -4  -5  -6  -7  -6   2   6  -6   0  -1  -6  -6  -4  -5  -4   2    0   0   0   0   0   0   0   0   0  10  75   0   1   2   0   0   0   0   0  12  1.41 0.53
  261 S     3   0  -1   0  -4   0   0  -1  -3  -3  -4   3  -3  -5  -3   3   0  -5  -1  -3   24   4   3   4   0   3   7   3   0   1   0  18   0   0   0  28   3   0   2   0  0.48 0.31
  262 G    -1  -1   5   2  -5   1   0   3   0  -5  -4   0  -4  -4  -4   1  -1  -5  -2  -5    3   2  30   9   0   6   6  22   2   0   1   5   0   1   0  10   2   0   1   0  0.58 0.30
  263 L    -4  -3  -6  -7  -5  -5  -6  -7  -3  -1   6  -5   3   0  -6  -4  -4  -5  -4  -2    1   1   0   0   0   0   0   0   1   1  84   0   6   4   0   1   0   0   0   1  1.56 0.59
  264 T    -1  -2   1  -3  -4   0  -2  -3   0   0  -3   2  -3  -3   1   0   5  -5  -4  -1    2   1   7   1   0   4   1   1   2   5   1  13   0   1   8   7  43   0   0   3  0.62 0.37
  265 K    -2   0   6   0  -3   3  -1  -3  -1  -4  -5   3  -4  -4  -4   0  -1  -6  -4  -4    2   3  44   4   0  11   2   1   1   1   1  19   0   1   0   8   3   0   0   1  0.93 0.43
  266 L    -5  -6  -7  -7  -5  -6  -7  -7  -6   0   7  -6  -1  -2  -7  -6  -5  -5  -5  -1    0   0   0   0   0   0   0   0   0   4  93   0   1   0   0   0   0   0   0   2  1.88 0.67
  267 T    -3   1   1  -1  -4   2   2  -3  -1  -1  -4   2  -3  -4  -3   0   4   0  -2  -2    0   9   8   2   0   7  15   1   1   4   0  15   0   0   0   5  28   1   1   3  0.45 0.29
  268 E    -1  -1   0   1  -3   0   1  -1  -1  -1  -3   0  -1   0  -3   1   2   3   1  -1    3   3   4   9   0   4  12   5   1   3   0   7   2   5   0  15  13   4   7   4  0.16 0.15
  269 L    -5  -6  -7  -7  -5  -6  -7  -7  -6   1   7  -6   0  -2  -7  -6  -5  -5  -5  -2    0   0   0   0   0   0   0   0   0   5  93   0   1   1   0   0   0   0   0   1  1.88 0.67
  270 K    -1  -1   3   2  -4  -1   0   0   1  -3  -3   0  -3   0  -3   2   1   2   2  -1    4   3  14  12   0   2   3   7   3   0   1   5   0   4   0  15   8   3  10   4  0.23 0.18
  271 L    -2  -5  -6  -6  -2  -5  -6  -6  -6   3   5  -5   1   0  -4  -5  -4  -5  -4   1    3   0   0   0   1   0   0   0   0  18  66   0   3   3   1   0   0   0   0   6  1.16 0.46
  272 G     0   1   2   2  -2   0   1   2   0  -3  -3  -1  -3  -1  -3   2   0  -1  -2  -3    6   7  11  12   1   4   7  14   2   1   1   2   0   4   0  23   3   1   1   0  0.28 0.20
  273 A    -1  -1   4   2  -3   0   0   1   3  -4  -4   1  -3  -1  -3   1  -1  -4   1  -3    3   3  24  11   1   3   4  11   7   1   0   9   0   2   0  11   3   0   6   1  0.38 0.24
  274 N    -4  -4   8  -2   2  -3  -4  -4  -3  -7  -7  -4  -6  -7  -4  -2   1  -8  -6  -6    1   0  84   0   4   1   0   1   0   0   0   0   0   0   1   2   7   0   0   0  2.30 0.80
  275 Q    -3   1   2   0  -5   5   2  -1  -1  -5  -4   3  -4  -3   0  -2  -2  -2   0  -4    0   6   8   4   0  35  10   4   1   0   1  18   0   1   4   2   1   0   4   1  0.69 0.38
  276 I    -4  -6  -7  -7  -5  -6  -7  -7  -7   8   1  -6  -2  -4  -6  -6  -4  -6  -5   2    1   0   0   0   0   0   0   0   0  79   9   0   0   0   0   0   0   0   0  11  1.90 0.65
  277 S    -1  -2   0  -2  -4  -1   1  -2   0  -4  -5   2  -2  -5  -4   5   3  -2  -2  -2    2   0   4   1   0   1   8   2   2   0   0  13   1   0   0  45  17   1   1   3  0.68 0.40
  278 N    -4  -5   4   7  -7  -4   0  -5  -4  -7  -7  -2  -6  -7  -5  -1  -4  -8  -6  -7    1   0  19  71   0   0   4   0   0   0   0   1   0   0   0   3   0   0   0   0  1.95 0.68
  279 I    -4  -6  -6  -6  -4  -5  -6  -7  -6   6   4  -5  -1  -2  -6  -5  -4  -5  -1   3    0   0   0   0   0   0   0   0   0  44  37   0   0   1   0   0   0   0   2  16  1.22 0.47
  280 S     0  -1   1   0  -4  -1   0  -2  -3  -4  -5   1  -4  -5  -4   5   3  -6  -4  -4    6   2   6   3   0   1   6   1   0   1   0   8   0   0   0  46  18   0   0   0  0.73 0.41
  281 P     1  -5  -3  -2  -5  -3  -2   1  -3  -5  -5  -4  -3  -4   7   0  -2  -6  -4  -1   14   0   1   2   0   1   2  10   1   0   0   0   1   1  54   7   2   0   1   5  1.29 0.50
  282 L    -5  -6  -7  -7  -4  -6  -6  -7  -6   3   6  -6  -1  -3  -6  -6  -4  -5  -4   1    0   0   0   0   0   0   0   0   0  15  78   0   0   0   0   0   1   0   0   6  1.53 0.57
  283 A     3  -1  -1  -1  -1   1   1  -2  -3  -3  -4   0  -3  -5  -3   3   0  -5  -3  -1   28   2   2   3   1   7  10   2   0   0   0   6   0   0   0  30   5   0   0   5  0.47 0.31
  284 G    -1  -2   5   0  -5   0   0   3   2  -5  -5   1  -4  -4  -4   0   0  -5  -2  -4    4   1  29   5   0   4   6  24   5   0   0  10   0   0   0   7   4   0   1   0  0.59 0.31
  285 L    -4  -6  -5  -7  -2  -6  -6  -7  -6  -1   6  -6   2  -2  -6  -6  -5  -5  -4  -3    1   0   0   0   1   0   0   0   0   1  91   0   5   1   0   0   0   0   0   0  1.81 0.65
  286 T    -2  -4   1  -1  -4  -3  -3  -4  -2   1  -3  -1  -2  -5  -1   2   6  -5  -4  -1    2   0   6   3   0   0   0   1   1   8   1   4   1   0   4  15  52   0   0   2  0.86 0.45
  287 A    -1   0   6   0  -5   3  -1  -1   0  -5  -5   2  -4  -5  -4   0  -1  -6  -2  -5    4   4  45   4   0  12   2   3   2   0   1  12   0   0   0   7   3   0   1   0  0.85 0.41
  288 L    -4  -6  -7  -7  -5  -6  -6  -7  -6   1   6  -6   2  -3  -6  -6  -5  -5  -5  -2    1   0   0   0   0   0   0   0   0   5  89   0   4   0   0   0   0   0   0   0  1.79 0.64
  289 T    -1   1   1  -1  -4   2   2  -2  -3  -1  -3   2   0  -4  -3   0   4  -5  -4  -2    2   8   8   2   0  10  14   3   0   3   2  12   2   0   0   5  27   0   0   3  0.38 0.26
  290 N    -1   0   1  -1  -1   0   2  -1   1  -1  -1   0   1  -1  -3   1   0   1   2   0    2   4   8   2   1   4  17   3   4   2   5   4   4   2   0  15   4   2   8   6  0.13 0.14
  291 L    -5  -6  -7  -7  -5  -6  -7  -7  -6   0   6  -6  -1   0  -7  -6  -5  -5  -4  -1    0   0   0   0   0   0   0   0   0   3  92   0   0   3   0   0   0   0   0   2  1.84 0.66
  292 E    -3  -3   3   2  -5   0   0  -2   0  -2  -4  -1  -3   1  -4  -1   0   5   5  -2    0   1  17  14   0   4   6   3   2   2   0   2   0   5   0   5   7   8  21   3  0.52 0.30
  293 L     0  -5  -6  -6  -1  -5  -6  -6  -5   2   5  -5   1   2  -6  -5  -4  -4  -3   0    9   0   0   0   1   0   0   0   0  10  67   0   2   7   0   0   0   0   0   4  1.09 0.46
  294 N    -1   0   3   2  -2  -1  -1   2   1  -3  -4  -1  -4  -2   0   3   0  -4  -1  -3    2   4  14  12   1   1   3  18   3   1   1   2   0   2   4  24   4   0   3   1  0.36 0.24
  295 E    -1   0   5   2  -4   0   2   1   1  -2  -3   0  -3  -1  -3   0  -2  -4   0  -3    3   5  29   9   0   3  13  10   3   3   3   6   0   2   0   7   1   0   3   0  0.39 0.24
  296 N    -4  -4   9  -2  -1  -4  -3  -5  -3  -7  -5  -2  -3  -7  -5  -3   0  -8  -6  -7    1   0  88   1   2   0   1   0   0   0   1   1   1   0   0   0   5   0   0   0  2.39 0.82
  297 Q    -4   0   2  -2  -6   6   1  -2   0  -6  -5   2  -4  -6  -1   0  -3  -5  -1  -5    0   4   9   1   0  46   9   3   2   0   1  14   0   0   3   6   0   0   2   0  0.95 0.47
  298 L    -4  -6  -7  -7  -5  -6  -7  -7  -7   7   1  -6  -2  -3  -6  -6  -4  -6  -5   2    1   0   0   0   0   0   0   0   0  74  13   0   0   0   0   0   0   0   0  12  1.77 0.62
  299 E    -2   0   0   0  -4  -2   2  -2  -2  -2  -4   1  -3  -5  -3   4   3  -2  -4  -2    1   5   4   3   0   0  13   2   1   2   0   9   0   0   0  34  22   1   0   2  0.54 0.34
  300 D    -5  -5   3   8  -7  -1   0  -5  -4  -7  -7  -2  -6  -7  -5  -1  -4  -8  -6  -7    0   0  14  75   0   2   4   0   0   0   0   2   0   0   0   4   0   0   0   0  1.98 0.69
  301 I    -4  -6  -6  -6  -3  -5  -6  -7  -6   6   3  -6  -1  -1  -3  -5  -4  -5  -4   3    1   0   0   0   0   0   0   0   0  54  24   0   1   1   1   0   0   0   0  17  1.26 0.49
  302 S    -1  -1   0   0  -4  -1   1  -3  -3  -3  -4   2  -4  -5  -2   4   4  -5  -4  -4    3   2   3   4   0   2   7   1   0   1   1  11   0   0   1  39  24   0   0   0  0.68 0.39
  303 P     1  -5  -4  -5  -3  -5  -4  -1  -5  -2  -5  -4  -5  -2   7  -1  -3  -6  -4   0   10   0   1   0   1   0   1   6   0   2   1   0   0   2  64   4   0   0   1   8  1.64 0.60
  304 I    -5  -6  -7  -7  -5  -6  -6  -7  -6   3   6  -6  -1  -1  -6  -6  -4  -5  -4  -1    0   0   0   0   0   0   0   0   0  18  78   0   1   2   0   0   0   0   0   2  1.57 0.58
  305 S     3  -2  -1  -2  -2   0   0  -1  -3  -3  -4   2  -4  -5  -3   4   0  -2  -4  -3   25   1   1   1   1   4   4   4   0   1   0  12   0   0   0  41   3   0   0   0  0.65 0.38
  306 N    -2   0   5  -1  -5  -1   0   2  -2  -5  -5   2  -4  -4  -2   2  -1  -5  -3  -4    2   3  35   2   0   2   5  14   1   0   0  11   0   0   1  19   3   0   0   0  0.66 0.35
  307 L    -5  -6  -7  -7  -5  -5  -6  -7  -6  -1   6  -6   4  -1  -6  -6  -5  -5  -4  -2    0   0   0   0   0   0   0   0   0   1  85   0  11   2   0   0   0   0   0   1  1.76 0.64
  308 K    -2  -2   0  -3  -2  -2  -1  -3  -2   1  -4   1  -2  -3   0   1   5  -2  -3  -1    2   1   4   0   1   1   2   1   1   8   0  11   0   1   4  11  46   1   1   4  0.62 0.37
  309 N    -2   0   7  -1  -6   1  -1  -1   0  -6  -5   2  -5  -6  -5   0  -1  -6  -5  -5    3   4  55   2   0   6   3   5   2   0   1  13   0   0   0   5   2   0   0   0  1.15 0.49
  310 L    -4  -6  -7  -7  -5  -6  -6  -7  -6   0   6  -5   2  -3  -6  -6  -5  -5  -5  -2    1   0   0   0   0   0   0   0   0   4  91   1   4   0   0   0   0   0   0   0  1.81 0.65
  311 T    -2   1   0   1  -4   2   1  -3  -1   0  -1   1  -1  -2  -3   1   3  -1   0  -2    1   6   4   7   0  11  11   1   1   6   5   7   1   1   0   8  24   1   3   1  0.26 0.21
  312 Y    -1   1  -1   0  -1   0   1   0  -1  -1  -2   0  -1   1  -3   1   2   2   3   0    1   7   2   4   1   2   9   6   0   4   3   7   1   5   0  11  15   3  13   6  0.13 0.14
  313 L    -5  -6  -7  -7  -5  -6  -6  -7  -6   1   6  -6   1   0  -6  -6  -5  -5  -4  -1    0   0   0   0   0   0   0   0   0   5  88   0   2   3   0   0   0   0   0   2  1.71 0.62
  314 T    -2   0   2   3  -1  -1  -1  -1   1  -1  -3  -2  -1   0  -3   2   1   2   3  -1    1   4  10  20   1   1   3   3   4   4   1   0   1   4   0  16   8   3  11   3  0.28 0.22
  315 L    -1  -5  -6  -7  -1  -5  -6  -6  -6   2   6  -5   0   0  -6  -5  -4  -5  -4   0    5   0   0   0   1   0   0   0   0   9  74   0   2   3   0   0   0   0   0   5  1.27 0.50
  316 Y    -1  -2   2   3  -4  -1   1   1   0  -2  -4  -2  -3   0  -2   3   0   1   1  -3    3   1  11  17   0   2   9  10   2   2   0   1   0   3   2  23   5   2   6   1  0.32 0.23
  317 F    -1  -1   4   2  -4   0  -1   2   2  -4  -4   1  -2   0  -3   1  -1  -4   1  -4    4   3  22  12   0   3   3  15   4   0   0   8   1   4   0  11   4   0   5   0  0.38 0.23
  318 N    -3  -4   9  -3   2  -2  -4  -4  -4  -7  -7  -4  -6  -7  -6  -2   0  -8  -6  -7    2   0  87   0   4   2   0   0   0   0   0   0   0   0   0   1   5   0   0   0  2.43 0.83
  319 N    -3   0   3  -2  -6   6   1  -1   0  -6  -4   2  -3  -5  -2  -1  -3  -5   0  -4    1   3  13   1   0  44   7   5   2   0   1  14   0   0   1   4   0   0   4   0  0.91 0.46
  320 I    -5  -6  -7  -7  -5  -6  -7  -7  -7   8   0  -6  -1  -4  -6  -5  -4  -6  -5   2    0   0   0   0   0   0   0   0   0  79   7   0   1   0   0   0   0   0   0  13  1.90 0.65
  321 S    -2  -1   0  -2  -4   1   0  -3  -3  -3  -5   2  -4  -4  -4   5   3  -5  -4  -2    1   2   3   1   0   5   5   1   0   1   0  12   0   1   0  48  17   0   0   3  0.74 0.42
  322 D    -4  -5   3   8  -7  -2  -1  -4  -4  -5  -7  -3  -6  -7  -5  -4  -2  -7  -6  -6    1   0  11  79   0   2   2   1   0   1   0   1   0   0   0   0   2   0   0   0  2.01 0.69
  323 I    -4  -6  -6  -6  -4  -5  -6  -6  -6   6   3  -5  -1  -2  -6  -5  -3  -5  -2   3    0   0   0   0   0   0   0   0   0  52  23   0   1   1   0   0   1   0   1  21  1.27 0.48
  324 S     0  -1   0  -1  -4   0   1  -2  -3  -3  -5   0  -4  -5  -4   5   3  -5  -4  -2    5   2   3   3   0   3  10   1   0   1   0   4   0   0   0  46  19   0   0   3  0.70 0.40
  325 P     2  -5  -3  -4  -5  -4  -4  -3  -5  -2  -4  -3  -5  -1   7   0  -2  -6  -2   0   16   0   1   0   0   0   0   1   0   3   0   1   0   3  57   7   1   0   1   8  1.42 0.54
  326 V    -3  -5  -6  -7  -4  -5  -6  -7  -6   2   6  -6  -1  -2  -6  -5  -2  -5  -4   2    1   0   0   0   0   0   0   0   0   9  74   0   0   1   0   0   2   0   0  13  1.33 0.52
  327 S     4  -1   0  -2  -4  -1   0  -3  -1  -4  -5   1  -4  -4  -3   4   0  -5  -4  -2   33   2   3   1   0   1   5   0   1   0   0  10   0   0   1  36   4   0   0   2  0.67 0.39
  328 S    -2  -1   6   1  -3   0  -1   2  -2  -6  -6   1  -4  -5  -4   2  -1  -6  -4  -5    1   2  39   6   0   3   3  15   0   0   0   7   0   0   0  19   3   0   0   0  0.80 0.39
  329 L    -5  -6  -5  -7  -5  -5  -6  -7  -6  -1   6  -6   2  -2  -6  -4  -5  -5  -4  -2    0   0   1   0   0   0   0   0   0   1  91   0   4   1   0   1   0   0   0   0  1.80 0.65
  330 T    -1  -3   1  -2  -4  -1  -2  -1  -4   0  -3   1  -3  -4  -1   1   5  -5  -2  -1    4   0   8   1   0   3   2   3   0   5   1   8   0   0   2  10  47   0   2   4  0.64 0.38
  331 K    -3  -1   6  -1  -5   1   0  -1  -2  -6  -6   4  -2  -6  -4   1  -2  -6  -5  -5    1   2  40   1   0   5   5   3   0   0   0  27   1   0   0  13   1   0   0   0  0.98 0.45
  332 L    -5  -6  -7  -7  -5  -5  -6  -7  -6   0   6  -6  -1  -2  -6  -4  -4  -5  -2  -1    0   0   0   0   0   0   0   0   0   4  90   0   0   1   0   2   0   0   1   2  1.71 0.63
  333 Q    -1   0   0   0  -4   3   2  -3  -1  -1  -3   0  -1  -2  -3   0   3  -1  -1   0    2   5   3   4   0  14  15   1   1   3   1   6   1   1   0   7  25   1   2   9  0.32 0.24
  334 R    -1   0   1   1  -3   0   2  -1  -2  -2  -2   0  -1   0  -2   1   1   2   2  -1    3   6   7   7   0   2  13   3   0   2   2   7   2   4   1  15  11   3   9   4  0.16 0.14
  335 L    -3  -5  -6  -7  -4  -5  -6  -7  -6   0   6  -6   0   1  -6  -5  -4  -5  -4   0    1   0   0   0   0   0   0   0   0   4  83   0   1   4   0   1   0   0   0   5  1.51 0.56
  336 F    -2  -2   2   3  -3  -1  -1  -1   1  -1  -2  -2  -2   2  -4   1  -1   2   4  -2    2   2   9  17   0   1   3   4   3   3   2   1   1  10   0  15   3   3  17   3  0.32 0.23
  337 F    -1  -5  -6  -6   0  -5  -5  -6  -5   2   5  -5   0   3  -5  -4  -4  -4  -2   0    5   0   0   0   2   0   0   0   0  11  65   0   1  11   0   1   0   0   1   3  1.07 0.44
  338 A     0   0   1   1  -3   0   1   1   0  -3  -3   1  -2  -1  -2   2   0  -1   1  -1    7   3   6   9   0   4  10   9   2   0   2   8   0   3   1  24   4   1   5   5  0.19 0.16
  339 N     0  -1   5   3  -4   0   1   0   1  -3  -4   0  -4  -3  -4   1  -2  -5   0  -4   10   3  32  15   0   4   7   6   3   1   1   5   0   1   0   8   1   0   3   1  0.53 0.29
  340 N    -5  -4   9  -2   0  -3  -4  -4  -3  -6  -6  -3  -5  -6  -5  -2   0  -7  -5  -6    0   0  86   1   2   1   0   0   0   0   0   1   0   0   0   1   5   0   0   0  2.33 0.77
  341 K    -2   0   1  -2  -5   6   1  -3   1  -5  -3   2  -1  -5   0  -2  -2  -4  -1  -3    3   4   7   1   0  42   9   1   4   0   2  14   2   0   4   2   2   0   3   1  0.76 0.39
  342 V    -4  -6  -6  -6  -4  -5  -6  -6  -6   8  -1  -5  -2  -3  -5  -4  -3  -5  -4   3    0   0   0   0   0   0   0   0   0  78   2   0   0   0   0   1   1   0   0  16  1.82 0.61
  343 S    -1   1   0  -2  -2  -1   0  -3  -3  -1  -3   1  -1  -2  -3   5   2  -2  -3  -3    4   6   4   0   1   2   5   1   0   3   2   8   1   1   0  46  13   1   1   1  0.55 0.34
  344 D    -5  -5   3   8  -7  -1  -1  -5  -4  -6  -7  -2  -6  -7  -5  -3  -3  -7  -5  -6    0   0  11  79   0   2   2   0   0   0   0   2   0   0   0   1   1   0   0   0  2.03 0.68
  345 V    -3  -5  -5  -5  -4  -3  -4  -4  -5   6   2  -5  -1  -1  -5  -4  -3  -5  -4   4    1   0   0   0   0   1   1   1   0  47  19   0   0   2   0   1   1   0   0  26  1.05 0.42
  346 S     0   1   0  -2  -4   0   1  -1  -3  -5  -5   1  -4  -5  -3   5   2  -5  -4  -4    5   8   4   1   0   3   7   3   0   0   0   7   0   0   0  47  13   0   0   0  0.69 0.39
  347 S     2  -5  -3  -4  -5  -4  -3  -1  -5  -5  -4  -4  -1  -4   7   2  -2  -6  -5  -1   17   0   1   0   0   0   1   5   0   0   1   0   1   1  52  15   1   0   0   4  1.30 0.52
  348 L    -4  -5  -6  -6  -4  -5  -6  -6  -6   1   6  -5  -1  -2  -2  -5  -4  -5  -4   2    1   0   0   0   0   0   0   0   0   6  77   0   0   1   2   0   0   0   0  13  1.37 0.53
  349 A     3  -1  -1  -2  -2   1   0  -1  -2  -1  -4   0  -3  -4  -3   3   0  -2  -4  -1   30   3   2   1   0   7   5   3   1   4   0   7   0   0   0  29   4   1   0   4  0.43 0.29
  350 N    -1  -2   4   1  -4   0   1   2  -1  -2  -4   1  -3  -3  -3   1  -1  -4  -4  -3    4   1  25   8   0   2  11  18   1   3   1   7   0   1   1  13   3   0   0   1  0.43 0.24
  351 L    -4  -4  -5  -4  -4  -4  -5  -6  -3   0   6  -3   2   0  -5  -3  -4   0  -1  -1    0   1   0   1   0   0   0   0   1   3  78   1   3   3   0   2   0   1   2   2  1.24 0.49
  352 T    -1  -2   1  -1  -3  -1  -1  -3  -1   1  -3   1  -3  -4   1   1   5  -2  -2  -1    5   1   5   2   0   2   4   1   1   8   0   9   0   0   6  11  39   1   1   3  0.45 0.29
  353 N    -3   0   6   0  -4   1  -1  -2  -1  -4  -5   3  -3  -5  -4   1  -1  -5  -4  -4    1   5  46   3   0   5   2   2   1   1   1  17   1   0   0  12   3   0   0   0  0.93 0.41
  354 I    -2  -4  -5  -4  -4  -4  -5  -5  -5   1   6  -3  -1  -2  -4  -4  -1  -4  -4  -1    3   0   0   1   0   0   0   1   0   5  80   2   0   1   1   1   3   0   0   1  1.28 0.49
  355 N     0   1   2   0  -3   1   1  -2  -1  -1  -3   1  -2  -2  -2   0   3  -3  -1  -1   10   8   9   3   0   8  11   1   1   3   1  11   0   2   1   6  20   0   2   3  0.22 0.16
  356 W    -1  -1   0  -1  -3  -1   1  -1  -1  -1  -2   0  -1   0  -3   0   2   6   3  -1    3   4   4   2   0   2  13   4   1   3   2   5   1   4   1   8  18  11  12   3  0.29 0.20
  357 L    -3  -4  -4  -5  -2  -4  -4  -5  -2   2   5  -3  -1  -1  -4  -3  -3  -4  -3   1    2   1   0   1   1   0   1   1   1  10  69   2   0   2   1   2   1   0   0   6  0.99 0.39
  358 S    -1   0   3   3  -3  -1   0   0   1  -2  -1   0  -1   0  -2   1   0   0   2  -1    2   4  14  18   0   0   4   6   3   2   5   5   1   3   1  10   6   1   8   5  0.17 0.13
  359 A     0  -3  -4  -4  -1  -3  -4  -4  -4   2   5  -3   1   0  -4  -2  -2  -1  -2   1    7   1   1   1   1   1   1   1   0  10  57   1   2   4   1   3   1   1   1   8  0.66 0.29
  360 G     0   0   1   1  -3   0   0   2   0  -2  -3   0  -2  -2  -2   2  -1   1   0  -1    7   3   8   9   0   5   4  16   2   2   2   4   1   2   1  22   3   2   3   4  0.19 0.13
  361 H    -1   0   4   2  -3  -1   0   1   3  -3  -3   0  -3   1  -3   0  -1  -3   1  -2    3   3  22  15   0   2   5   9   8   1   2   6   0   6   1   6   2   0   5   3  0.29 0.17
  362 N    -4  -3   8  -2  -5  -1  -3  -3  -3  -5  -5  -2  -4  -3  -4  -2   0  -5  -4  -5    1   1  79   1   0   3   1   1   0   1   1   2   0   1   1   1   6   0   0   1  1.93 0.63
  363 Q    -2   1   1  -1  -2   5   1  -1   0  -4  -2   2   0  -1   1  -1  -2  -2  -3  -3    2   6   7   2   1  36   6   3   2   1   4  13   2   3   7   3   1   1   0   2  0.54 0.29
  364 I    -3  -4  -5  -5  -3  -4  -4  -5  -5   7   0  -4  -2  -3  -4  -4  -2  -4  -3   2    2   1   1   1   0   1   1   1   0  73   6   1   0   0   1   1   2   0   0  10  1.44 0.49
  365 S    -1   1  -1  -2  -1   0   0  -2  -2   0  -2   0  -1   0  -2   3   2   2  -1  -1    3   7   2   1   1   3   4   2   0   7   1   6   1   4   1  33  14   3   2   4  0.27 0.20
  366 D    -3  -3   2   7  -5  -1   0  -3  -3  -4  -5  -2  -4  -5  -3  -2  -2  -5  -4  -4    1   1   7  71   0   3   4   1   0   1   1   3   0   1   1   2   2   0   0   1  1.53 0.50
  367 L    -1  -4  -4  -4   0  -3  -3  -4  -4   5   2  -3  -1   1  -3  -3  -2  -3  -2   3    4   1   1   1   2   1   2   1   0  42  20   1   0   5   1   1   1   0   1  17  0.66 0.28
  368 T     0   0   0  -1  -1  -1   0  -2  -2  -3  -3   0  -2  -3  -1   4   3  -4  -2  -3    4   5   3   3   1   2   6   2   0   1   1   6   1   1   2  41  17   0   1   1  0.49 0.28
  369 P     1  -4  -3  -4  -4  -3  -3  -2  -4  -4  -3  -3  -3  -5   7   0  -1  -5  -4  -1   11   1   1   1   0   0   1   3   0   1   2   1   1   0  61   8   3   0   0   5  1.47 0.49
  370 L    -2  -4  -4  -4  -3  -4  -4  -4  -4   1   5  -3   0   0  -4  -3  -3  -3  -3   1    3   1   1   1   0   0   1   1   0   7  69   2   1   3   1   1   1   0   0   7  0.95 0.37
  371 A     2  -2   0  -1  -2   0   0   0  -1   0  -2   2   0  -1  -1   2  -1  -3  -1  -1   24   1   3   2   0   4   7   6   1   6   1  13   2   3   2  19   1   0   2   3  0.19 0.16
  372 N    -2  -1   4   1  -3   0   0   2  -1  -3  -4   1  -3  -4  -2   2   0  -2  -2  -3    1   2  28   6   0   3   6  15   1   1   1   8   0   0   1  17   5   1   1   1  0.44 0.23
  373 L    -3  -3  -3  -4  -2  -3  -4  -4  -2   0   6  -3   2  -1  -4  -1  -2  -3  -3  -2    1   1   1   1   1   1   1   1   1   2  73   2   5   2   1   4   1   0   0   1  1.01 0.40
  374 T    -1  -1   1  -1  -3  -1  -1  -2  -2  -1  -2   0  -1  -3   2   2   4  -4  -2  -1    4   2   6   3   0   2   2   2   1   5   2   4   1   0   9  17  34   0   2   4  0.40 0.24
  375 R    -2   1   6  -2  -1   1  -1  -2   1  -4  -4   2  -3  -4  -3   0  -1  -1  -1  -4    2   8  42   1   1   6   3   1   3   1   2  14   0   0   1   7   3   1   2   1  0.72 0.33
  376 I    -3  -3  -4  -4  -3  -3  -3  -2  -4   1   6  -3   0   0  -4  -4  -1  -3  -3  -1    1   1   0   1   0   1   1   3   0   5  72   2   1   4   1   1   4   0   0   2  0.98 0.40
  377 T     0   0   1   1  -2   0   1  -2  -1  -1  -2   2   0   1  -2   1   3  -2  -2  -2    6   6   5   7   1   3  11   1   1   4   2  14   2   6   0   9  21   1   1   1  0.18 0.16
  378 Q    -1   1  -1   0  -3   1   1  -1  -1   0  -1   0  -1   0  -3   0   1   1   2   0    2   8   2   5   0   6  13   6   1   8   3   6   1   4   0   8   9   2  10   9  0.08 0.10
  379 L    -4  -5  -4  -5  -2  -4  -5  -5  -5   2   5  -5   0  -1  -4  -4  -2  -4  -2   2    0   0   1   0   1   0   0   0   0  10  67   0   1   2   1   0   2   0   1  12  1.06 0.42
  380 G    -1  -2   2   3  -3   0   2   1  -1  -2  -3  -1  -1  -1  -3   1   1   1   2  -1    3   0   9  17   0   4  12  10   1   2   1   3   2   2   0   9  10   2  10   4  0.23 0.17
  381 L     0  -4  -5  -4  -1  -4  -5  -5  -5   2   5  -5   2  -1  -5  -4  -3  -4  -2   1    7   0   0   1   1   0   0   0   0  10  63   0   4   2   0   0   0   0   1   9  0.93 0.40
  382 N     0   1   2   1  -3   2   0   0  -1  -3  -3   0  -1  -1  -3   2   1   0  -2  -2    5   9  10   7   0  10   5   7   1   1   1   3   1   3   0  22  10   1   1   2  0.23 0.18
  383 D    -2  -1   5   3  -4  -1   0   2   1  -3  -5  -2  -4  -2  -2   1  -2  -5  -1  -4    3   3  35  17   0   2   5  13   3   1   0   2   0   1   1  10   1   0   2   1  0.64 0.32
  384 Q    -4  -3   7  -2   0   6  -2  -4  -2  -5  -4  -3  -4  -6  -4  -2   0  -6  -5  -5    0   0  48   1   2  37   0   0   1   1   2   0   0   0   1   1   6   0   0   0  1.52 0.62
  385 A    -1   0   0  -2  -4   4   1  -3  -2  -2  -2   3  -1  -1   2   0   1  -2  -2  -2    3   4   4   0   0  21   7   0   1   2   5  17   2   3  12   5  11   1   1   2  0.36 0.24
  386 W    -3  -2  -5  -5   1  -5  -4  -6  -5   6   1  -5  -2   0  -3  -4  -3   5  -1   2    2   3   0   0   3   0   1   0   0  53   9   0   0   3   1   1   0   8   2  13  1.00 0.42
  387 T    -1  -3   0   0  -3  -1   0  -2  -3  -1  -1  -1  -2   0   0   2   4  -4  -3   0    2   0   5   6   0   3   7   2   0   4   5   3   0   5   4  17  31   0   0   8  0.30 0.24
  388 N    -3  -2   5   4  -4  -2  -1  -3  -1  -2   0   0  -3  -3  -4   0  -2  -5  -4  -3    0   2  35  27   0   0   3   0   1   3  13   4   0   1   0   7   2   0   0   1  0.76 0.37
  389 A    -1  -1   1   0   0   0   1  -2  -2   1  -1   2  -1  -2   2   1   0  -3  -2   0    4   2   6   4   3   5  12   1   0  10   4  14   1   1   9  11   6   0   1   7  0.14 0.12
  390 P     0  -3  -3  -1  -4   0   2  -2  -3  -3  -4  -3  -4  -5   6   2   1  -5  -4  -4    6   0   0   3   0   5  12   2   0   2   1   1   0   0  43  17   8   0   0   1  0.97 0.39
  391 V    -1  -1  -3  -3  -1  -3  -2  -1  -2   3   3  -2   0  -2  -2  -1   0  -3  -2   3    3   3   1   1   1   1   2   4   1  19  27   1   2   0   2   3   6   0   0  24  0.33 0.19
  392 N     0   0   3   1  -3   0   1  -1   0  -1  -1  -1  -2  -2   1   1   0  -3  -2  -2    8   4  19   6   0   2  11   3   2   4   9   3   0   2   5  13   5   0   1   2  0.16 0.12
  393 Y    -1  -2   1  -1  -3  -1  -1  -1   2  -1  -2  -1  -2   3   0   0  -2   1   4   1    2   1   8   3   0   2   3   6   5   2   2   4   0  14   4   8   1   1  20  11  0.26 0.18
  394 K    -2  -1   0   0  -3   4   1  -3  -1   0   2   1  -1  -1  -3   0  -2  -3  -2  -2    1   1   6   5   0  23   8   1   1   5  28   8   0   3   1   6   1   0   0   1  0.32 0.23
  395 A    -1  -1   2   0  -3   0  -1   0  -2  -2  -2   2  -2  -2  -1   2   3  -1  -3  -1    2   2   9   5   0   4   1   5   0   2   3  16   0   2   2  20  22   1   0   3  0.29 0.21
  396 N    -3  -2   6   2  -4  -1   1  -2  -1  -2  -5   1  -3  -5   0   0   0  -5  -4  -4    1   1  41  13   0   1   9   2   1   3   0  10   1   0   4   6   6   0   0   0  0.75 0.36
  397 V    -2  -3  -4  -4  -2  -4  -3  -4  -4   2   5  -2   0   1  -3  -3  -2  -3  -1   2    2   1   0   1   1   0   1   1   0  13  54   2   1   4   1   1   2   0   1  13  0.66 0.31
  398 S    -1  -2  -1  -1  -3   0   0  -2   1  -1  -2   1  -2  -2  -3   2   3  -1  -3   1    4   1   2   2   0   3   7   2   4   3   3  10   0   2   0  18  26   1   0  14  0.28 0.22
  399 I    -1  -2  -2  -3  -3   0  -2  -2  -3   3   1  -3   0  -1   2   0  -1  -2   0   3    3   1   1   1   0   4   2   2   0  23  12   1   2   2  10   7   2   0   3  24  0.29 0.18
  400 P    -2  -3  -3  -2  -4  -2  -1  -3  -4  -1   3  -2  -1  -2   5   0  -1  -4  -3  -2    1   1   1   2   0   1   3   1   0   3  36   3   1   2  33   8   3   0   0   2  0.72 0.32
  401 N     1  -2   6   1  -4   0  -1  -2  -2  -3  -4   0  -3  -4  -2   1  -2  -4  -2  -4   10   1  50   7   0   4   4   2   0   1   2   4   0   1   1   8   2   0   1   1  0.85 0.36
  402 T    -1  -1   3  -1  -2  -1   0  -1  -2   0   0   0  -2  -3   3   0   1  -3  -2   0    5   2  21   2   1   2   6   5   0   7   9   6   0   0  13   5   9   0   1   6  0.19 0.14
  403 V    -2  -2  -1  -2  -3  -3  -2  -3  -4   4   2  -2  -1  -1  -2  -2  -2  -4  -2   3    2   1   3   2   0   1   3   2   0  23  25   2   0   1   2   3   1   0   1  28  0.43 0.24
  404 K    -2   1   0  -1  -3   1  -1  -2   0   1  -2   3  -1  -1  -2  -1   2  -3   2  -2    2   6   3   3   0   7   2   2   2  11   2  26   2   2   1   3  17   0   8   1  0.27 0.21
  405 N    -3  -3   6   4  -5  -2   1   0  -1  -5  -4  -1  -4  -5  -4  -1  -2   2  -3  -4    1   1  42  23   0   1   9   6   1   0   1   3   0   0   0   4   1   3   1   1  0.93 0.39
  406 V    -2   0   1  -1  -3  -1   1  -3  -1   2   2   0  -1  -2   0  -2  -1   0   0   1    2   4   8   2   0   2   9   2   1  14  27   7   0   0   4   1   2   1   4  10  0.14 0.14
  407 T     0  -1   1   3  -3  -1  -1  -2  -2   0  -2  -1   0  -2  -1   1   3  -4  -2   0    5   2   7  22   0   2   3   1   0   6   1   4   3   2   3  12  21   0   1   5  0.28 0.20
  408 G    -2  -3   1  -2  -2   0   1   5  -2  -2  -4  -1  -3  -4  -3   1   0   3  -1  -3    2   0   8   1   1   5   8  42   1   3   1   3   0   0   0  10   5   5   2   1  0.56 0.27
  409 A     1  -1   2   1  -1   0   0  -2  -2   0   1   0  -1  -2  -2   0   1  -1  -2   0   11   2  12   7   1   3   7   2   0   4  22   5   0   0   1   7   9   1   0   4  0.10 0.11
  410 L    -2  -1  -1   0  -3  -2  -1  -2  -1   1   3  -1   0   1   1  -2  -1   0   1   0    1   4   3   6   0   1   3   2   1  10  32   4   0   8   6   3   3   1   5   7  0.15 0.13
  411 I    -1  -3  -2  -2  -3  -2  -3  -3  -3   3   3  -3  -1   1  -3   0  -1  -3  -2   3    2   0   2   2   0   1   0   1   0  23  26   0   0   5   0  11   3   0   1  19  0.38 0.22
  412 A     2  -1   1   1   0   0   1  -1  -2  -2  -2   0  -2  -2   0   2   2  -1  -2  -1   17   1   8  10   2   4   8   4   0   1   3   4   0   1   4  14  15   1   1   3  0.20 0.15
  413 P    -2  -2   0   1  -4  -1   0  -2  -3  -2  -1   1  -3  -3   6  -1  -2  -5  -2  -2    1   1   6   9   0   2   5   2   0   3   7   9   0   1  44   3   2   0   1   3  0.84 0.34
  414 A     0  -2   4   1  -3  -1   1  -3  -2   0  -1   0  -2   0  -3   0   1  -4  -1  -1    8   0  28   9   0   2  10   0   0   7   6   4   0   4   0   6  10   0   2   3  0.29 0.21
  415 T    -2   1   2  -1  -4   3  -1  -2  -1  -1  -3   1  -1  -4  -2   1   4  -4   0  -2    1   7  10   3   0  14   2   1   1   3   2  10   1   0   2  11  28   0   3   1  0.37 0.26
  416 I    -3  -4  -6  -4  -4  -5  -6  -6  -6   7   2  -4   0  -2  -4  -4  -4  -5  -4   1    1   1   0   1   0   0   0   0   0  68  18   1   1   1   1   1   0   0   0   7  1.38 0.52
  417 S     0  -3   0  -3   0  -1  -1  -1  -4  -5  -4  -1  -4  -3  -4   6   1  -6  -5  -4    5   1   4   0   2   2   4   4   0   0   1   4   0   1   0  66   6   0   0   0  1.02 0.50
  418 D    -5  -3   3   7  -6  -3   1  -4   2  -6  -7  -2  -6  -6  -5   0  -4  -7  -3  -6    0   1  14  66   0   0   6   0   6   0   0   2   0   0   0   5   0   0   1   0  1.60 0.57
  419 G    -1  -3   4   0  -1  -2  -1   1  -2   2   0  -1  -2  -2  -3   0  -2  -4  -3   1    3   0  25   5   1   1   3  10   0  16   9   5   0   1   0   6   1   0   0  13  0.25 0.20
  420 G    -2  -3   0  -2  -2  -3  -2   6  -4  -4  -4  -1  -4  -5  -4   3  -1  -5  -5  -4    0   1   4   1   1   0   2  56   0   1   1   4   0   0   0  24   4   0   0   1  1.03 0.42
  421 S     0  -2  -1  -1  -3  -2  -2  -3  -3   1  -2  -1  -1  -2   4   1   3  -4  -2   2    6   1   3   4   0   1   1   1   0   8   2   3   1   1  21  13  19   0   1  16  0.37 0.22
  422 Y    -4  -5  -5  -6  -5  -5  -5  -4  -2  -1   3  -5  -2   1  -6  -5  -3  -2   8   1    0   0   0   0   0   0   0   1   0   2  31   0   0   4   0   0   1   0  51   9  1.38 0.52
  423 T     3  -2   0   0  -3   0   1  -3  -3  -4  -4   1  -3  -3  -3   3   2  -5  -2  -3   25   1   4   5   0   4   7   0   0   0   0   8   0   1   0  31  13   0   1   0  0.49 0.29
  424 E    -1  -2   5   2  -2   0   1  -2   0  -4  -5   1  -4  -5  -1   3  -2  -5  -2  -4    3   0  34  10   1   3   8   2   2   1   0  10   0   0   2  23   0   0   2   0  0.65 0.33
  425 P    -2  -4  -2   0  -4  -3  -1   1   0  -2   2  -3   1  -2   5  -1  -2  -5  -4  -2    2   0   1   6   0   0   3  11   2   0  27   0   3   2  35   3   2   0   0   2  0.66 0.31
  426 D    -1  -2   5   3  -4  -1   2  -2  -2  -2  -4   0  -3  -5  -3   0   2  -5  -4  -1    4   0  32  17   0   1  11   1   0   2   0   6   0   0   0   6  16   0   0   4  0.60 0.30
  427 I    -1  -1   1  -3  -2  -2  -2  -3  -3   4   1   0   0  -1  -4  -2  -2  -4  -2   3    2   2   9   1   1   1   1   2   0  31  15   8   1   1   0   3   0   0   1  21  0.34 0.21
  428 T    -2  -1   0  -3  -3  -2  -3  -4  -4   1   2   2  -1  -1  -3  -1   4  -4  -3  -1    1   3   4   1   0   0   0   0   0   6  26  13   1   2   0   3  37   0   0   3  0.46 0.29
  429 W    -3  -2  -2  -4  -5   0  -3  -5  -5  -5  -5   0  -4   0  -5  -2   1  11  -1  -5    1   2   2   1   0   5   1   0   0   0   0   8   0   3   0   3  11  61   1   0  2.33 0.65
  430 N    -2  -1   5   1  -4   0   0  -2   2  -2  -2  -1  -1  -3  -4   2   0  -5  -1  -3    0   3  39   7   0   3   5   1   5   2   5   1   1   1   0  19   5   0   2   1  0.56 0.30
  431 L    -3  -4  -3  -4  -4  -3  -4  -1  -4   0   5  -2   2  -2  -5  -2   1  -4  -1  -2    0   0   1   1   0   1   0   7   0   4  66   2   5   0   0   2   9   0   2   0  0.77 0.36
  432 P     0  -3   1   1  -4  -3  -2  -3  -2  -2   0  -3  -1  -1   5   0   0  -4   1  -1    6   0   9   9   0   0   2   1   1   2  10   0   2   3  33   6   7   0   6   4  0.52 0.24
  433 S    -1  -2   2   0  -1   0   2   1  -2  -1   2  -1  -1  -2  -3   1   0   0  -3  -1    4   1  10   4   1   2  16  11   0   2  25   1   0   1   0  12   6   1   0   1  0.16 0.16
  434 Y    -1  -1  -2  -1  -3   0  -1  -1  -1  -1  -1  -1  -1   3  -2   1  -1   0   6  -2    4   2   1   4   0   5   2   3   0   5   5   2   1  12   1  15   3   1  32   2  0.40 0.22
  435 T    -1  -1   3  -1  -3  -1  -1  -1  -2   1  -1   1  -2  -2  -2   1   2  -3  -3   0    3   1  21   1   0   1   3   4   0  10   4   9   0   2   0  14  17   0   0   8  0.22 0.16
  436 N    -3  -2   7   0  -4   0  -2  -1  -2  -4  -4   0  -4  -4   1   1  -1  -4   1  -4    1   1  55   4   0   3   1   4   0   0   1   4   0   0   7   9   3   0   5   1  0.92 0.36
  437 E    -3  -1   2  -2  -5   5   4  -3  -2  -1  -4   2  -3  -3  -3   1  -2  -4  -1  -4    0   1  10   0   0  27  30   1   0   6   0  12   0   1   0   9   0   0   2   0  0.69 0.34
  438 V    -3  -4  -4  -5  -3  -4  -3  -5  -5   4   0   1  -1  -3  -4  -2  -1  -5  -3   5    0   0   0   0   0   0   1   0   0  30   7  11   0   0   0   2   2   0   0  46  0.81 0.35
  439 S    -1  -2   1  -1  -1  -2  -2  -3  -1  -3  -3  -2  -3  -4  -3   5   1  -5  -1   1    1   1   7   2   1   1   1   0   1   0   1   1   0   0   0  61   6   0   2  12  0.76 0.38
  440 Y    -4  -4  -5  -5  -5  -4  -3  -6  -1  -4  -3  -4  -3   4  -6  -2  -4   0   9  -4    0   0   0   0   0   0   2   0   0   0   0   0   0  16   0   3   0   0  79   0  2.11 0.55
  441 T    -2  -1   0   1  -3  -1   2  -2  -2   0  -3  -1  -2  -1  -3   1   5  -4  -3  -1    0   2   3   6   0   0  18   2   0   6   0   3   0   3   0   8  45   0   0   2  0.46 0.24
  442 F    -4  -5  -5  -6  -5  -5  -5  -5  -3  -2  -1  -5  -2   8  -6  -2  -4  -1   4  -1    0   0   0   0   0   0   0   0   0   0   2   0   0  80   0   3   0   0  12   3  1.80 0.46
  443 S    -1  -2   5   0  -4  -2   0   2  -1  -2  -2  -1  -3  -1  -3   1  -1  -3   2  -3    3   0  39   3   0   0   7  14   0   2   3   1   0   3   0  12   3   0   9   0  0.47 0.22
  444 Q    -2   0   0  -2  -4   5   1  -2  -2  -2   0   2  -2  -4  -3  -1  -1  -4  -3   1    0   4   4   0   0  42   5   3   0   1   8  15   0   0   0   3   3   0   0  13  0.50 0.25
  445 P     0   0  -1   0  -3   2   0  -1  -1  -2  -2   3  -2  -3   3   1  -1   1  -1  -2    4   3   0   4   0  13   4   3   1   2   4  23   0   0  17  14   2   2   2   2  0.33 0.15
  446 V    -2  -3  -3   2  -3  -3  -1  -2  -3   2   1  -3   0  -2  -1  -2  -1  -4  -3   4    0   0   0  17   0   0   4   3   0   7  13   0   1   0   2   0   2   0   0  48  0.40 0.21
  447 T     0  -2   1  -2  -3  -1   0  -2  -2  -1  -2  -1   1  -3   3   1   4  -4  -3  -1    7   1   6   0   0   2   6   2   0   4   0   2   5   0  15   6  42   0   0   1  0.44 0.21
  448 I    -2  -3  -1  -3  -3  -1   0  -4  -3   4   1  -3   0   3  -3  -2  -2  -2   1   1    0   0   3   0   0   3   8   0   0  37  12   0   0  19   0   2   0   0   3   9  0.37 0.17
  449 G     1  -3  -2  -2  -3  -2  -3   6   0  -4  -3   0  -3  -4  -3   0  -2  -4  -3  -3   15   0   0   0   0   0   0  61   3   0   3   8   0   0   0   6   0   0   0   0  0.85 0.25
  450 K    -1   0   3   2  -3   1   0  -1  -1  -1  -3   2  -2  -3  -1   2  -1  -3  -1  -2    4   2  20  12   0   5   2   2   0   5   1  21   0   0   3  18   2   0   3   0  0.29 0.14
  451 G     2  -2  -1   1  -2  -1  -2   2  -2  -1   0  -2  -1  -2  -2   0   3   1  -2  -1   23   2   0   9   0   2   1  17   0   4  10   1   0   0   1   2  24   2   0   1  0.22 0.13
  452 T    -1  -2   1  -1  -3  -1  -2   2  -2  -3  -3   1  -1  -3  -1   1   4   1  -3  -2    1   0   7   2   0   0   0  20   0   0   1  13   1   0   2   8  40   2   0   2  0.43 0.20
  453 T     2  -2  -2  -2  -2  -2  -1   0  -1   2   0  -2  -1   1  -2   0   2  -3  -2   0   22   0   0   0   0   0   3   7   2  20  10   0   0   6   0   6  18   0   0   4  0.16 0.12
  454 T    -1   0   0  -1  -3   0  -1  -3  -2   0  -1  -1  -1   2   1   0   4  -2   1  -1    2   7   6   2   0   4   2   0   0   6   3   2   0  13   7   2  36   0   6   2  0.25 0.16
  455 F    -4  -5  -5  -6  -5  -5  -5  -5  -3  -1  -2  -5  -2   8  -6  -5  -4  -1   5  -3    0   0   0   0   0   0   0   0   0   3   0   0   0  79   0   0   0   0  18   0  1.91 0.46
  456 S    -1  -2  -1  -1  -3   0  -1  -2   2  -4  -4  -2  -3  -4  -3   6   3  -5  -3  -3    0   0   1   2   0   4   3   0   6   0   0   0   0   0   0  69  15   0   0   0  0.92 0.35
  457 G    -2  -5  -3  -4  -5  -4  -4   7  -4  -6  -6  -4  -5  -5  -4  -2  -4  -5  -5  -4    0   0   0   0   0   0   0  98   0   0   0   0   0   0   0   0   0   0   0   2  2.01 0.46
  458 T    -2   1  -2  -2  -3   1  -1  -3  -3   0  -3   1  -2  -2  -3   2   5  -4  -3  -1    0   7   0   0   0   6   2   0   0   5   0  12   0   1   0  13  51   0   0   4  0.57 0.26
  459 V    -2  -5  -5  -5  -3  -4  -5  -5  -5   3  -1  -4  -1  -3  -4  -4  -2  -5  -3   6    0   0   0   0   0   0   0   0   0  16   0   0   0   0   0   0   0   0   0  84  1.29 0.38
  460 T    -2  -1   0  -3  -3  -2  -1  -4  -3   3  -2   0   0  -3  -3  -1   5  -4   0  -1    0   2   5   0   0   0   4   0   0  24   0   7   2   0   0   0  54   0   3   0  0.62 0.28
  461 Q    -3  -1  -3  -3  -5   8  -1  -4  -2  -1  -4  -1  -3  -6  -4  -3  -3  -5  -4  -4    0   0   0   0   0  95   0   0   0   5   0   0   0   0   0   0   0   0   0   0  2.01 0.55
  462 P    -1  -4  -4  -4  -5  -3  -3  -4  -4  -5  -5  -3   0  -6   8   0  -3  -6  -5  -4    4   0   0   0   0   0   0   0   0   0   0   0   3   0  87   6   0   0   0   0  2.32 0.44
  463 L    -3  -4  -5  -5  -3  -4  -4  -5  -3   1   5  -4   0   0  -5  -4  -3  -2   3  -1    0   0   0   0   0   0   0   0   0   5  82   0   0   2   0   0   0   0  11   0  1.00 0.29
  464 K    -2   0   0  -1  -4   2   2  -3   3  -2  -3   5  -2  -4  -2  -1   1  -4  -2  -3    0   0   3   0   0   7  13   0  10   3   0  51   0   0   0   0  12   0   0   0  0.54 0.17
  465 G     3  -1   2  -1  -2   1   1  -1  -1  -3  -3   1  -2  -3   1   1   0  -3  -2  -2   40   0  17   0   0   5  11   2   0   0   0  11   0   0   5  10   0   0   0   0  0.30 0.07
  466 G     5  -2  -2  -2  -1  -1  -1   1  -2  -2  -2  -1  -2  -3  -1   2   0  -3  -2  -1   81   0   0   0   0   0   0   6   0   0   0   0   0   0   0  13   0   0   0   0  0.56 0.10

                      K         Lambda
Standard Ungapped    0.1283     0.3104
Standard Gapped      0.0550     0.2670
PSI Ungapped         0.1802     0.3163
PSI Gapped           0.0550     0.2670
