
Last position-specific scoring matrix computed, weighted observed percentages rounded down, information per position, and relative weight of gapless real matches to pseudocounts
            A   R   N   D   C   Q   E   G   H   I   L   K   M   F   P   S   T   W   Y   V   A   R   N   D   C   Q   E   G   H   I   L   K   M   F   P   S   T   W   Y   V
    1 S     2  -3  -1  -2  -2  -2  -2   1  -3  -3  -4  -2  -3  -4  -3   5   3  -4  -3  -3   21   0   0   0   0   0   0  11   0   0   0   0   0   0   0  50  17   0   0   0  0.70 0.27
    2 K    -3   3  -2   1  -5   3  -1  -4   1  -4  -3   4  -3   3  -3  -1  -1  -3  -2  -4    0  18   0   7   0  16   2   0   3   0   0  30   0  17   0   4   4   0   0   0  0.58 0.29
    3 E    -4  -4  -1   6  -7   3   4  -5   2  -6  -6  -3  -5  -6  -5  -2  -3  -6  -1  -6    0   0   2  54   0  11  23   0   5   0   0   0   0   0   0   2   1   0   2   0  1.42 0.59
    4 F    -6  -7  -7  -8  -6  -7  -7  -5  -5  -4   0  -4  -4   9  -8  -6  -6  -3   3  -5    0   0   0   0   0   0   0   1   0   0   6   1   0  84   0   0   0   0   8   0  2.57 0.89
    5 I    -2  -1   1  -2  -4   4  -1  -3   5   2   0  -1   1  -3  -3  -1   0  -4   1   0    2   3   6   2   0  20   3   1  15  12  11   2   4   0   1   2   4   0   5   6  0.34 0.28
    6 E    -2   2  -1   4  -5   0   3  -1   0  -3   0   1  -1  -5  -2  -1   0  -5  -4  -3    2  11   2  26   0   3  19   4   2   1   9   9   2   0   2   3   6   0   0   1  0.43 0.30
    7 F    -3   0  -6  -7  -6   1  -6  -5  -5  -2  -3  -4  -4   9  -7  -6  -3  -3   1  -2    3   6   0   0   0   6   0   1   0   1   1   1   0  75   0   0   1   0   2   2  2.05 0.83
    8 L    -4  -2  -6  -4  -5  -4  -6  -7  -6   1   6  -6   1  -2  -6  -6  -3  -5  -5  -1    1   2   0   1   0   1   0   0   0   6  82   0   2   1   0   0   1   0   0   2  1.55 0.69
    9 K    -2   2   0   1  -5   1   3  -1  -2  -4  -4   4  -4  -5  -4   0  -1  -5  -4   0    3   9   4   6   0   6  20   4   1   0   0  31   0   0   0   5   3   0   0   8  0.56 0.38
   10 T     0   2   0  -1  -1   4  -1  -3  -1  -1  -2   0   2  -2  -2   0   2  -4  -3  -1    6  11   5   4   1  25   2   1   1   4   3   5   6   1   2   7  13   0   0   3  0.33 0.30
   11 F    -3  -1   0  -4  -4  -3  -4  -3  -4  -1   4  -1   4   3  -4  -3  -2   0   2  -2    1   3   6   0   0   0   0   2   0   2  45   5  13  11   0   1   2   1   6   2  0.66 0.40
   12 H    -3   4  -1  -2  -5   3  -1  -2   6  -4  -1   3  -3  -2  -2  -1  -3  -4  -3  -4    1  25   3   1   0  15   3   3  18   0   6  15   0   2   2   3   1   0   0   1  0.73 0.42
   13 K    -1   3   0   0  -5  -1   0  -4   0  -5  -4   4  -4  -4   4   1  -2  -5  -4  -5    4  16   4   5   0   1   6   0   2   0   2  29   0   1  19   9   2   0   0   0  0.69 0.43
   14 T     1  -1   0   0  -2   0  -1  -2   0  -1   0   0  -3  -2   3   3   1  -4  -3  -2   10   2   4   4   1   3   3   1   3   5   8   6   0   1  15  24   9   0   0   2  0.27 0.25
   15 G     5  -2  -2  -3   4  -3  -1   1  -4  -2  -4  -1  -1  -3   1   0  -2  -5  -4  -1   48   2   1   1   9   0   4   9   0   2   0   5   1   1   6   7   1   0   0   3  0.67 0.45
   16 Q     0   1  -2   2  -2   3   1  -2   4  -1  -2   0  -2  -4  -2   0  -2  -1  -2  -1   10   9   1  14   1  17   9   2  10   5   2   6   1   0   1   7   1   1   1   4  0.31 0.28
   17 E    -1  -1  -1   5  -6   1   4  -4   1  -6  -6  -3  -5  -6   4  -1  -2  -6  -5  -5    5   3   2  29   0   5  24   1   4   0   0   0   0   0  21   3   2   0   0   1  0.92 0.53
   18 I    -2  -5  -5  -5  -4  -3  -2  -3  -5   5   2  -5  -2   0  -4  -5  -2  -5  -4   4    3   0   0   0   0   1   3   2   0  37  22   0   0   4   1   0   2   0   0  24  0.87 0.48
   19 Y     1   0  -1  -1  -3   0  -1  -2   0   0  -1   0  -2   1  -2  -1   0  -1   1   3   16   4   4   3   0   4   2   2   2   4   3   7   0   5   1   4   6   1   6  24  0.14 0.20
   20 K    -3   4  -1  -1  -6   1  -1  -5   0  -4  -5   5  -1  -4  -5   1  -2  -6   0  -3    2  25   2   3   0   5   2   0   2   1   0  40   1   1   0  10   2   0   3   2  0.91 0.57
   21 Q    -1   0  -2  -1  -1   4  -1  -4   3  -4  -2   1  -1   2  -4   1  -2  -3   4  -3    4   4   1   3   1  21   3   1   7   0   4   9   1  10   0  13   2   0  15   2  0.48 0.40
   22 T    -1  -5  -5  -3   4  -5  -3  -5  -5   5   3  -5   0  -2  -5  -1   1  -5  -4   2    4   0   0   2   8   0   2   0   0  30  25   0   2   1   0   4   8   0   0  13  0.70 0.43
   23 K    -2   4   0   0  -6   2   0  -5   2  -4  -4   5  -4  -3  -5   0  -1  -6  -2  -5    2  25   5   5   0   7   4   0   4   1   2  33   0   1   0   5   3   0   1   0  0.80 0.52
   24 L     1   1   1  -1  -2  -1  -1   0   0  -2  -1   0   0  -4  -4   4  -1  -5  -1  -2   10   9   7   3   1   3   3   6   2   3   6   4   3   0   0  34   2   0   2   2  0.33 0.34
   25 F    -1  -7  -7  -4  -7  -4  -3  -7   0  -2   0  -4  -4   8  -8  -4  -4  -4   1  -2    5   0   0   1   0   1   2   0   2   2   7   1   0  71   0   1   1   0   4   3  2.02 0.94
   26 L    -2  -3  -6  -3   1  -3  -3  -6  -5   4   4  -4   0  -2  -5  -4  -2  -5  -2   3    3   2   0   2   3   1   2   0   0  24  38   1   1   1   0   1   2   0   1  16  0.75 0.47
   27 E     0   1   1   0  -4   1   2  -2   3  -2  -3   1  -1  -1  -1   1   0  -4  -2   0    6   7   6   5   0   7  15   3   7   1   1   7   2   2   3  12   5   0   1   9  0.19 0.22
   28 G     0   1   2   0  -4   1   1   0   0  -2  -2   1   1  -2  -3   2   1  -4  -2  -3    6   8   9   4   0   5  11   8   2   2   3  10   4   2   0  17   7   0   1   0  0.21 0.24
   29 M    -3  -6  -3  -6  -6  -6  -3  -4  -5   2   2  -6   5   7  -2  -4  -5  -4   0  -2    2   0   2   0   0   0   2   2   0  11  17   0  13  42   2   2   0   0   2   2  1.25 0.69
   30 H    -1   0   0   0  -1   2   1  -1   2  -2  -1   0   0  -3   0   2  -1  -4  -1  -1    3   5   5   4   2   9  10   5   5   2   7   5   3   0   3  19   3   0   2   5  0.12 0.19
   31 Y     0   0   1   0  -3   1   1   0   1  -1  -1   0   0   1  -1   1   0   1   0  -2    7   4   9   5   0   6   8   6   3   2   6   5   3   6   2  11   7   2   3   2  0.06 0.10
   32 K    -1   1   2  -1  -5   3  -1  -2   1  -1  -1   3   0  -1  -1   1  -2  -4   0  -2    4   7  11   3   0  13   2   3   3   3   6  20   3   2   2   9   2   0   4   2  0.26 0.28
   33 R     1   3   0   0   1   1   0   0   1  -1  -2   1   0  -3   0   0  -1  -4   0  -1   11  18   4   5   3   6   4   6   4   4   3   9   3   0   4   5   3   0   3   3  0.15 0.18
   34 D     0   0   0   0   2   0   0  -1   1   0  -1   0   1   0   0   0   0  -2   1   0    5   5   5   5   5   5   5   5   5   5   5   5   5   5   5   5   5   0   5   5  0.03 0.05
   35 L    -1  -1  -3  -2  -2   0  -2  -3  -3   0   2  -1   2   2  -1   0   0   7   1   0    3   3   1   2   1   5   3   2   0   3  20   4   5   8   3   7   6  14   4   8  0.34 0.23
   36 S     0  -3   3   0  -4  -2  -3  -1  -3  -3  -2  -1   3  -4   1   2   3  -5  -4  -2    8   1  12   6   0   1   0   4   0   1   4   4   7   0   8  19  22   0   0   2  0.41 0.33
   37 I     2  -1  -1  -4  -3  -2  -3  -3  -4   3  -1  -2   1  -2   2   0   0  -4  -2   3   17   4   3   0   0   2   0   1   0  17   5   1   3   1  12   7   5   0   1  22  0.35 0.27
   38 E    -2  -3   1   6  -6   1   4  -5   3  -6  -5  -2  -5  -6  -4  -1  -2  -7  -4  -5    3   1   7  39   0   5  27   0   6   0   1   2   0   0   1   3   3   0   1   1  1.08 0.58
   39 E    -2   0  -1   3  -7   2   6  -4  -1  -4  -5   0  -3  -5  -5  -2  -4  -7  -4  -5    3   5   2  13   0   7  57   1   1   1   1   5   1   1   0   2   1   0   0   1  1.22 0.66
   40 Q    -3   1  -4   1  -5   6  -2  -3  -4  -2   1   3   1  -2  -3  -3  -3  -5  -4  -1    2   7   0   9   0  33   1   2   0   2  15  16   4   2   1   1   1   0   0   4  0.66 0.46
   41 S     1   0  -2  -3   0   0  -2   1  -1   1  -3  -3  -1  -4  -2   4   1  -5  -4   2   13   5   1   0   2   3   2   9   1   7   1   0   1   0   1  31   7   0   0  13  0.37 0.33
   42 E     1   1  -1   3  -6  -1   4  -2   0  -5  -4   4  -1  -6  -4  -1  -2  -6  -5  -4   10   6   2  15   0   1  28   3   2   0   1  24   2   0   0   4   2   0   0   0  0.69 0.44
   43 C     0   1  -4  -4   3  -2  -3  -5   0   3   3  -1   3   1  -4  -2  -1  -3  -2   0    7   7   0   1   7   2   1   0   2  18  28   3   7   5   0   3   3   0   0   4  0.39 0.28
   44 A    -1  -5  -4  -6  -1  -5  -5  -6  -6   5   1  -4   0  -1  -5  -3   0  -5  -4   5    4   0   1   0   1   0   0   0   0  28  11   1   1   2   0   1   5   0   0  43  1.04 0.52
   45 Q    -3  -2   2  -2  -6   6   1  -2   4  -2  -3  -1   0  -3  -5   1  -1  -6  -4  -4    1   2  11   2   0  39   9   2   8   2   3   3   2   1   0  10   3   0   0   1  0.82 0.52
   46 D    -1  -1   3   6  -6  -1   2  -4   2  -5  -4  -2  -5  -6  -3   0  -1  -6  -4  -5    5   4  12  43   0   2  12   1   4   0   2   2   0   0   1   7   3   0   0   0  0.94 0.51
   47 F    -2  -6  -5  -7  -6  -5  -6  -5  -5  -3  -3  -4  -4   9  -7  -4  -3  -4   2  -4    5   0   0   0   0   1   0   1   0   2   2   2   0  77   0   2   2   0   6   1  2.30 0.90
   48 Y    -4  -3  -5  -6  -5  -3  -4  -6  -3   1   4   1   0   1  -5  -3  -3  -3   6   0    0   1   0   0   0   1   1   0   0   6  36   9   2   5   0   2   1   0  30   5  0.96 0.51
   49 H     1   1   1   1  -4   3   1  -2   3  -2  -2   0  -1  -4  -3   1   1  -4  -3  -2   11   7   5   7   0  18  10   2   6   2   3   3   1   0   0  10  10   0   0   3  0.30 0.26
   50 N    -1  -1   3  -1  -3   0   1  -2   0  -1  -2   1  -1   5  -3   0  -1   0   1  -1    4   4  13   2   0   4   9   2   2   3   2   8   1  25   1   8   4   1   3   4  0.31 0.26
   51 V    -4  -5  -6  -6  -3  -5  -5  -6  -6   5   2  -4   6   2  -6  -4  -1  -5  -1   2    1   0   0   0   0   0   1   0   0  28  21   1  21   8   0   1   5   0   1  12  1.01 0.51
   52 A     2  -1   0  -1  -4   0   2  -1   0  -2  -1  -1   0   0  -4   1   0  -3   3  -2   21   4   4   2   0   4  14   5   2   2   6   2   2   3   0  11   6   0  12   1  0.21 0.23
   53 E     0  -1   2   4  -5   1   4   0   1  -2  -3   0  -3  -5  -2  -1  -1  -6  -4  -3    9   2   9  21   0   5  24   7   3   2   2   4   0   0   2   2   4   0   0   2  0.48 0.33
   54 R     1   5  -2  -3  -6   0   1  -5   0  -2  -3   4  -3  -4  -5  -2  -2   0  -1  -4   11  27   1   1   0   4   9   0   2   3   3  30   0   1   0   3   2   1   2   1  0.73 0.46
   55 M    -5  -1  -6  -5  -5  -5  -5  -6   0   3   3  -1   7   3  -6  -3  -4  -5  -1  -1    0   4   0   1   0   0   1   0   2  14  27   3  30  12   0   2   0   0   1   3  1.05 0.55
   56 Q    -1   3   0   0  -2   3   3  -3   1  -4  -2   2   0  -5   0  -1  -2  -5  -4  -3    4  18   4   3   1  13  23   2   3   1   4  10   2   0   4   5   2   0   0   1  0.45 0.33
   57 T     1  -2   1   0  -2   1  -1  -2   0  -1  -2  -1   0  -4   2   1   2  -5  -4   1   12   1   8   5   1   7   3   3   3   3   3   3   3   0  12   8  12   0   0  14  0.21 0.21
   58 R    -5   2  -1  -1  -7  -4  -6  -5   4  -4  -4  -3  -4   4  -6   0  -3  10  -1  -6    0  12   3   3   0   1   0   1   9   1   1   1   0  17   0   8   1  38   1   0  1.78 0.78
   59 G     2   3  -1  -3  -3   2   0   0  -1  -3  -4   3  -2  -2   1   1  -3   1  -3  -4   17  16   3   1   0   9   5   7   1   1   1  19   1   2   6   9   0   2   0   0  0.39 0.31
   60 K    -1  -1   2   1  -2   0   0   2   1  -2   0   1  -1  -1  -2   1  -1  -4  -1  -2    4   2  10   9   1   3   5  16   3   2   9  12   2   3   1  13   3   0   2   2  0.16 0.16
   61 V     2  -4  -4  -4   1  -1  -2  -2  -4   0   2  -4   3   2  -4  -1  -2   2  -1   2   22   0   0   1   4   2   2   3   0   5  21   0   9   8   0   5   1   3   1  13  0.36 0.28
   62 P    -2  -4   1   2  -3   0   0  -1  -3  -5  -4  -2  -3  -4   2   4   2  -6  -5  -5    2   0   7  13   1   3   6   4   0   0   1   2   0   1  10  36  13   0   0   0  0.66 0.45
   63 P    -1  -2   0   4  -4   1   4  -2   1  -4  -3  -1  -3  -3   2   0  -1  -5  -2  -4    5   1   4  24   0   5  24   3   3   1   3   3   1   1   8   7   3   0   1   1  0.50 0.34
   64 E     1  -1  -1   1  -3   0   4  -3  -1  -2  -3   1  -3  -4  -3   0  -1   2  -1  -1   15   3   3   7   1   3  32   1   1   3   2   8   0   0   0   6   4   3   2   5  0.42 0.32
   65 R    -2   1  -2   2  -2   4   4  -3   0  -2  -4   1   1  -4  -3  -2  -2  -5  -3  -2    3   8   1  11   1  17  30   2   2   3   1   8   3   1   1   2   2   0   1   2  0.59 0.39
   66 V    -2   1  -4  -4  -3  -1  -4  -4  -1   2   3   0   1   3  -4  -3  -2   0  -1   2    3   8   0   1   0   3   0   1   1  10  31   6   3  13   0   1   1   1   1  15  0.42 0.28
   67 E    -1   0   0   4  -5   1   5  -3   0  -3  -3  -2  -3  -4  -4  -1  -1  -5  -4  -3    4   5   4  26   0   6  33   1   3   1   3   2   0   1   0   4   3   0   0   2  0.72 0.40
   68 K     0   0   4   1  -2   1   2  -1   0  -3  -1   1  -1  -3  -4   0  -2  -2   0  -2   10   4  24   8   1   6  11   3   2   1   5   7   1   1   0   8   1   1   4   3  0.31 0.25
   69 I     5  -3  -3  -5  -1  -4  -4  -3  -5   1   1  -4   1  -3  -3   0   0  -5  -4   1   44   1   1   0   1   0   0   1   0   9  15   0   3   0   1   7   5   0   0  10  0.65 0.42
   70 M    -3   3  -3  -4  -3   1   1  -1  -1   1   1   1   5  -4  -4  -2  -2  -4  -2   0    1  19   1   0   1   6  10   6   1   7  12   8  18   0   0   2   1   0   1   5  0.42 0.32
   71 D    -2  -3  -1   4  -6  -2   6  -4  -1  -3  -3  -2  -2  -5  -4  -1  -2  -6  -5  -3    3   1   2  25   0   1  49   1   1   1   3   2   1   1   1   4   2   0   0   2  1.10 0.58
   72 Q     2  -3  -1  -3   1   0  -1   4   2  -3  -3  -3  -3   0  -4   0   0  -2   0  -2   19   1   2   0   3   5   4  35   5   1   2   1   1   4   0   5   6   0   4   2  0.51 0.33
   73 I    -3  -5  -6  -6  -2  -5  -6  -6  -6   4   3  -5   5   1  -6  -4  -2  -2  -4   3    2   0   0   0   1   0   0   0   0  25  29   0  17   5   0   1   2   1   0  17  0.99 0.48
   74 E    -6  -5  -5  -2  -8  -1   8  -7  -5  -7  -7  -1  -6  -3  -6  -5  -6  -7  -6  -7    0   0   0   1   0   2  91   0   0   0   0   3   0   1   0   0   0   0   0   0  2.53 1.07
   75 K    -2   5  -2  -4  -3   0  -4  -6  -5  -6  -6   7   0  -7  -5  -4  -2  -7  -6  -6    4  24   2   1   1   3   0   0   0   0   0  59   2   0   0   0   2   0   0   0  1.63 0.75
   76 Y    -2   0  -4  -4   0  -4  -5  -4   1  -1   3  -5   0   3  -6  -1  -3  -3   6  -1    4   5   1   1   2   0   0   1   3   2  28   0   2  10   0   4   1   0  32   4  0.86 0.47
   77 I    -1  -6  -6  -6  -5  -6  -6  -6  -6   5   1  -6  -1  -1  -6  -4  -2  -6  -5   5    4   0   0   0   0   0   0   0   0  33  14   0   1   2   0   1   2   0   0  42  1.25 0.59
   78 M    -5  -6  -6  -7   4  -4  -6  -7  -3   0   0  -6  10  -3  -6  -3   0  -6  -1  -1    0   0   0   0   8   1   0   0   1   4   7   0  62   1   0   2   6   0   2   4  2.13 0.92
   79 T    -1  -3   4  -1  -2   0   2   0   0  -2  -4  -2  -4  -2  -4   0   4  -5  -3  -1    3   1  18   2   1   4  13   7   2   2   0   2   0   2   0   7  31   0   1   4  0.56 0.41
   80 R    -2   6  -3  -5   0   2  -3  -4   0  -6  -3   5  -2  -5  -3  -2  -3  -3  -2  -6    3  37   1   0   2   7   1   1   2   0   3  35   1   0   1   2   1   0   1   0  1.16 0.61
   81 L    -3  -6  -2  -6   0  -5  -6  -6  -6   4   5  -6   1  -4  -6  -5  -3  -5  -5   2    2   0   3   0   2   0   0   0   0  21  53   0   2   0   0   0   1   0   0  15  1.15 0.56
   82 Y    -4  -4  -6  -5  -1  -6  -6  -7   5  -6  -6  -6  -6   3  -5  -2  -6   1   9  -6    2   1   0   1   1   0   0   0  10   0   0   0   0  11   1   3   0   1  68   0  2.46 1.01
   83 K     0   0   0   3  -4  -1   0  -2   3  -3  -3   2  -2  -2   1   1   1  -5  -2  -3    6   6   4  18   0   2   5   3   7   1   1  15   1   2   6  12   9   0   1   1  0.31 0.25
   84 Y    -2   3  -1  -2  -1   2  -2  -4   1   0   0   2  -1   1  -4   0  -1   3   3  -1    2  18   3   1   1  12   1   1   4   6   8  12   1   5   0   6   4   3  10   3  0.29 0.25
   85 V     2  -5  -3  -5   4  -4  -5  -4  -5   2   1  -5  -3  -2  -3  -3   3  -5  -4   3   16   0   1   0  10   0   0   1   0  13  14   0   0   1   1   1  20   0   0  22  0.64 0.41
   86 F    -6  -7  -7  -8  -7  -7  -7  -7  -6  -2   0  -7   2   9  -8  -7  -6   5   1  -5    0   0   0   0   0   0   0   0   0   2   8   0   6  71   0   0   0   8   4   0  2.42 0.94
   87 C     1   1  -2  -4   6  -2  -3  -1  -1  -4  -4  -2  -2   1   0   3   1   0   2  -3    9   8   2   0  17   2   1   4   1   0   1   2   1   7   5  23   7   2   8   1  0.53 0.38
   88 P    -2  -3  -1  -4  -5  -3  -3  -3   4  -3  -4  -1   0  -3   7  -1  -3  -5  -4  -3    4   2   3   1   0   1   2   2   8   2   2   5   3   1  58   4   2   0   0   2  1.45 0.63
   89 E     0   1   3   1   0   2   2  -3   1  -4  -3   0  -2  -3   1   1  -2  -4  -1  -2    8   7  15   6   2  10  15   0   4   1   1   5   1   1   6  11   1   0   2   3  0.32 0.26
   90 T    -2   0  -1  -2  -1   0  -1   1   5  -1  -1  -2  -2   0  -2   2   3  -1  -3   0    1   6   3   1   1   3   4   9  13   4   5   1   0   4   1  18  18   1   0   6  0.29 0.27
   91 T    -1  -2  -2   2   0   2   1  -4  -4  -4  -2  -1   0  -5   2   1   4  -5  -3  -3    5   1   1  14   2  10   7   1   0   1   4   3   2   0   9   9  28   0   1   1  0.48 0.37
   92 D     0  -2   0   5  -5   0   3   1  -4  -3  -1  -2  -1  -5  -3  -2   0  -5  -5  -3    7   1   3  30   0   4  23   9   0   2   6   2   2   0   1   2   5   0   0   2  0.59 0.38
   93 D    -5  -3  -3   8  -6  -1   0  -3  -5  -6  -5  -5  -6  -6  -4  -4  -4   2  -4  -3    1   2   1  76   0   3   6   2   0   0   1   0   0   0   1   1   1   3   1   2  2.03 0.87
   94 E    -1   0  -4  -1  -4  -1   4  -5  -1   1   2  -1  -1  -3  -3  -3  -2  -5  -4   2    6   5   0   2   0   2  29   0   1   9  22   2   1   1   1   1   1   0   0  15  0.45 0.34
   95 K     0  -1  -1   0  -3   1   4  -2   0  -1  -2   2  -2  -4  -4  -1  -1  -5   0   0    6   3   3   4   1   5  33   3   2   4   4  14   1   0   0   4   2   0   4   8  0.39 0.32
   96 K    -1   5  -1   0  -4   0   1  -4  -1  -2  -3   4  -2  -5  -5  -2  -3  -6  -5  -3    5  36   3   5   0   3   8   0   1   2   3  26   1   0   0   3   1   0   0   2  0.85 0.49
   97 D    -7  -6  -2   8  -8  -5  -3  -6  -6  -8  -8  -6  -8  -2  -6  -5  -6  -8  -7  -8    0   0   1  93   0   0   1   0   0   0   0   0   0   2   0   0   0   0   0   0  2.93 1.17
   98 L     0   1  -1   0  -5   2   4  -4   1  -2   2   1   0  -4  -4  -1  -1  -5  -2  -2    7   9   2   5   0   8  26   1   3   2  19   8   2   0   0   3   3   0   1   2  0.35 0.30
   99 A     2   0  -2  -2  -2   0   0  -2  -2   1   0   2   0  -3  -3  -1  -1  -4  -2   2   17   4   2   2   0   3   8   3   0   7   9  15   2   0   0   5   3   0   1  19  0.20 0.21
  100 I    -5  -6  -7  -7  -5  -6  -6  -7  -6   3   5  -3   0   3  -7  -6  -4  -1  -1   0    0   0   0   0   0   0   0   0   0  15  61   2   1  12   0   0   1   1   2   5  1.30 0.63
  101 Q     0   2  -2  -3  -2   5  -1  -3   4  -4  -3  -1  -3  -1  -5   2  -1  -1   1  -4    9  12   1   1   1  27   4   1   9   1   2   3   0   3   0  17   3   1   4   1  0.60 0.44
  102 K    -1   1   0   1  -3   3   3  -4  -1  -2  -3   3  -1  -3  -4   1  -1  -5  -4  -4    5   8   4   8   0  16  19   0   1   3   2  16   1   1   0  10   3   0   0   0  0.46 0.35
  103 R    -5   6  -2  -5  -7   0  -4  -6   5  -6  -3   5  -3  -4  -6  -1  -2  -7  -5  -5    0  39   2   0   0   4   0   0  12   0   3  31   0   1   0   5   2   0   0   1  1.36 0.70
  104 I    -5  -5  -2  -7  -5  -6  -7  -7  -7   7   0  -6   5  -2  -7  -4   0  -6  -3   1    0   1   2   0   0   0   0   0   0  57   8   0  14   1   0   1   7   0   1   7  1.51 0.71
  105 R     2   5   0  -3  -2   1   1  -1  -1  -5  -2   2  -3  -3  -4   0  -3  -1  -4  -4   17  31   4   1   1   7   9   4   1   0   3  11   1   1   0   8   1   1   0   1  0.56 0.39
  106 A     1   0  -2  -2   2   1   0  -3  -1   1   1   2  -1  -3  -4   2  -1  -4  -2  -2   15   6   1   1   4   5   6   1   1   9  16  12   1   0   0  17   2   0   1   2  0.19 0.23
  107 L    -5  -6  -7  -7  -6  -6  -7  -7  -1  -2   5  -6  -1   4  -7  -5  -2  -2   4  -1    0   0   0   0   0   0   0   0   1   1  61   0   1  16   0   1   2   1  12   3  1.39 0.68
  108 R     0   2   1   0  -5   3  -2   1   4  -5  -4  -1  -4  -5  -5   3  -2  -6  -3  -4    7  12   7   5   0  13   1  12  11   0   2   2   0   0   0  26   1   0   0   1  0.59 0.43
  109 W    -5  -7  -5  -8  -7  -5  -7  -5  -3  -3  -1  -4  -5   6  -8  -3  -2  10  -2   0    1   0   1   0   0   1   0   1   1   1   5   1   0  33   0   2   3  42   1   8  2.32 0.95
  110 V    -3  -7  -5  -7  -5  -6  -7  -7  -7   6   1  -6  -1  -2  -6  -6  -4  -6  -5   5    2   0   0   0   0   0   0   0   0  36  13   0   1   1   0   0   0   0   0  45  1.49 0.69
  111 T    -3   2   1  -3  -5   0   1   1   0  -5  -5   1  -3  -6  -4   1   5  -6  -5  -4    1  12   6   1   0   3  11  11   2   0   0   8   0   0   0   8  35   0   0   1  0.67 0.47
  112 P     1  -6  -6  -4  -2  -5   2   0  -3   1  -2  -5  -3   0   6  -3  -3  -1  -3  -3   12   0   0   1   1   0  14   7   1   8   4   0   1   4  43   1   1   1   1   2  1.02 0.61
  113 Q     0   0   0   0  -3   3   4   1   2  -4  -4   2  -4  -5  -3   0  -1  -1  -2  -3    7   4   4   5   1  11  26  11   5   1   1  11   0   0   1   6   3   1   1   1  0.44 0.35
  114 M    -3  -6   2  -4  -7  -1  -4  -7  10  -3   0  -6   5  -1  -7  -3  -6  -7  -2  -4    2   0   9   1   0   2   1   0  55   2   9   0  11   3   0   2   0   0   1   1  2.04 0.94
  115 L    -6  -1  -5  -7  -6  -4  -6  -5  -7  -1   6   1  -1  -2  -2  -6  -5  -6  -6  -3    0   3   1   0   0   1   0   1   0   2  76   8   1   1   3   0   1   0   0   1  1.56 0.79
  116 C    -1  -2  -4   7   4  -1   3  -2  -6  -7  -7  -3  -3  -8  -6  -3  -6  -8  -7  -5    5   2   0  58   7   3  16   4   0   0   0   2   1   0   0   1   0   0   0   1  1.60 0.82
  117 V    -2  -6  -6  -7   2  -6  -6  -3  -2   6   2  -6  -3  -3  -6  -4  -1  -6  -5   3    4   0   0   0   5   0   0   2   1  47  18   0   0   1   0   1   3   0   0  17  1.20 0.61
  118 P    -2   0  -2   1  -2   0   0   0  -1  -3  -4   1  -2  -5   5   0   0  -6  -4  -4    2   5   2   7   1   5   6   7   2   1   2  10   1   0  33   8   6   0   1   1  0.66 0.42
  119 V     0  -2  -2  -2   1  -2  -1  -3  -2   3   0  -1   1   0   2  -2   0  -4  -2   2    8   1   2   2   3   1   5   1   1  22   9   4   4   4  12   2   4   0   1  12  0.26 0.21
  120 N    -2  -1   3   3   1   0   0   0   1  -2  -2  -1  -1  -2   0   0   1  -4  -3   0    3   2  13  20   4   4   5   7   3   2   4   4   1   2   5   5   9   0   0   8  0.23 0.19
  121 E    -2  -1  -1   0   1  -1   4  -1   1  -1   0   0   1   2   0  -1  -2  -4  -2  -2    3   2   2   4   3   1  29   4   4   4  11   7   4   8   4   4   2   0   1   2  0.28 0.25
  122 D    -2   0   1   2  -1   1   1  -1   2  -2  -1   2  -2  -1  -1   0   0  -4   0  -1    2   5   6  13   1   7   9   4   6   2   5  13   1   2   2   6   6   0   4   6  0.15 0.15
  123 I    -1  -2   3  -1  -3   0   0   0  -1   1   0   0  -1  -1  -3   2   0  -2   0   0    5   1  18   3   0   3   5   7   2   9   8   5   1   3   1  15   4   1   4   6  0.15 0.18
  124 P     0  -2  -1   0  -4   1   2   0   0  -3  -1   1  -3  -3   3   1  -1  -4   0  -2    7   1   3   5   0   6  15   7   3   1   7   7   0   1  15  11   3   0   4   2  0.24 0.21
  125 E    -1   2   0   0  -2   1   3  -2   1  -3  -3   2  -2  -2  -1   0   0   2  -3  -1    4   9   4   6   1   6  23   3   4   1   2  12   1   1   3   7   4   3   0   5  0.29 0.24
  126 V     1  -2  -1  -2  -1  -1  -1   0  -3   2   0  -2   0   0  -2   0  -1   0  -1   3   11   1   3   2   1   2   5   8   0  11   7   1   2   4   2   9   3   1   2  25  0.17 0.17
  127 S    -1   3   1   0  -2   1   2  -1  -1  -3  -1   1   0  -2  -1   2  -1   0  -2  -3    4  18   6   4   1   6  14   4   1   2   6   7   2   2   3  14   2   2   1   1  0.24 0.21
  128 D     1   1   1   3   2   0   2   0  -1  -3  -3   1  -2  -4  -1  -1  -1   0  -3  -2   12   7   7  17   4   3  13   6   1   1   2  10   1   0   3   2   4   1   0   3  0.25 0.21
  129 M    -3  -1  -1  -4  -2  -1  -1  -4   0   0   1  -2   2   5   2   0  -2   3   0  -2    2   3   3   0   1   3   5   1   2   5  16   3   5  26  10   7   2   4   3   1  0.44 0.31
  130 V    -1  -5  -5  -6   2  -1  -5  -5  -5   1   3  -5   1   0  -5  -4  -1   8  -1   2    7   0   0   0   5   3   0   0   0   8  29   0   3   4   0   0   4  19   2  15  0.88 0.46
  131 V     0   0   0   1  -1   0   1  -1  -1  -1   0   0   0  -1   0   0   0  -3   1   0    8   4   4  11   1   3  10   3   1   2  11   6   2   1   5   8   6   0   6   7  0.06 0.08
  132 K     0  -1   0  -1  -3   1   0  -2   1  -1   1   1   0   2   0  -1  -1   0   1  -1    7   3   3   3   0   8   5   3   5   3  17   9   2  12   4   5   2   2   3   3  0.08 0.12
  133 A     5  -4  -3  -4   2  -1  -3  -1  -4  -1  -1  -3   1  -4  -1   1  -1  -4  -4   0   54   0   0   0   5   3   0   4   0   4   4   0   5   0   3   9   3   0   0   5  0.66 0.44
  134 I    -1   1  -2  -2   1   2   0  -1  -2   2  -1   0   1   0   0   0   0  -3  -2   0    5   7   0   0   3  14   6   6   0  17   5   4   5   3   3   7   7   0   0   6  0.12 0.19
  135 T     0   0   0   0   2   1   0   0   1   0   0   0   1   0  -2   0   0  -3  -1   0    6   6   6   6   6   6   6   6   6   6   6   6   6   6   0   6   6   0   0   6  0.03 0.08
  136 D     0  -2   0   2   0   2   5   0   1  -5  -5  -1  -4  -2  -4   0  -3  -5  -1  -3    6   2   4  12   2   8  39   7   3   0   1   2   0   2   0   6   0   0   2   2  0.65 0.40
  137 I    -1   0  -7  -7  -7   2  -7  -7  -7   3   4   0   2   2  -7  -7   0  -7  -6   0    5   6   0   0   0   7   0   1   0  13  37   5   5   7   0   0   5   0   0   6  0.84 0.36
  138 I    -2   1   0   0   1   0  -2  -2   0   3   0  -1   2   0   0   1  -1   2   0  -2    3   9   4   5   3   4   3   3   3  15   9   3   5   3   4  12   4   2   3   3  0.16 0.11
  139 E    -1   1   0   0  -4   0   2  -1   0  -3  -2   4   1  -1  -1  -1  -1   2  -2  -3    6   8   4   4   0   3  13   5   2   1   2  29   5   3   3   3   2   3   1   2  0.32 0.26
  140 M    -3  -4  -4  -5  -4  -1  -4  -5   0   5   1  -4   7   0  -4  -1  -1  -4  -3   1    1   0   0   0   0   3   0   1   2  31  10   0  29   4   0   6   4   0   0   8  0.87 0.45
  141 D    -2  -2   6   4  -4  -1  -1   0   0  -4  -5  -1  -4  -4  -1   0  -1  -5  -1  -2    2   1  41  22   0   2   2   6   2   0   1   3   0   0   2   6   3   0   3   4  0.81 0.42
  142 S     1  -1   1   1  -2  -1   0   0   0   0  -1   0   0  -1  -2   2   1  -3  -1   0   11   3   5   6   0   2   5   7   2   7   3   5   3   2   0  24   7   0   2   5  0.12 0.14
  143 K     1   0  -2  -1   1  -1   0  -2   3  -2  -1   1   0   0   0   0   0  -2   3   1   11   5   0   2   3   2   6   2   8   0   5  10   2   4   5   5   5   0  14  11  0.13 0.16
  144 R    -2   5  -1  -3  -1   2   0  -4   2  -2  -1   3  -3  -2   1  -2  -2   0  -1  -2    2  31   2   0   2   8   4   1   4   2   5  21   0   2   6   0   2   2   2   3  0.51 0.33
  145 V     2  -1  -2  -2   1  -2  -1  -1   0  -1  -2  -2  -2  -1  -1   3   1   2   2   1   15   4   0   2   3   0   3   4   2   2   3   0   0   3   3  26   7   2   9  11  0.23 0.24
  146 P     1  -4  -4  -4   2  -4  -4  -1  -4  -4  -4  -4  -4   0   7   0   0  -5  -4  -4   10   0   0   0   5   0   1   4   0   0   1   1   0   5  56   7   6   0   0   1  1.40 0.59
  147 R    -1   5  -2   0  -4   3   0   1  -1  -2  -1   1  -2  -3  -3  -1  -2  -2  -2  -2    5  36   0   4   0  13   4   9   1   2   8   6   0   1   1   4   2   1   1   2  0.46 0.28
  148 D    -2   0  -1   5  -4   0   3   1   1  -4  -4  -2  -4  -4  -3  -1  -3  -4  -4  -1    3   5   2  40   0   3  20  11   3   1   1   1   0   0   1   3   1   0   0   5  0.73 0.36
  149 K    -4  -1  -3  -4  -5   0  -1  -4  -4  -3  -5   7   0  -5  -4  -3  -4  -5  -4  -4    1   1   0   1   0   2   3   1   0   2   1  83   2   0   1   1   1   0   0   1  1.80 0.69
  150 L    -3  -4  -4  -5  -3  -4  -4  -5  -4   1   5  -3   5  -2  -4  -1  -2  -4  -3   0    1   0   0   0   0   0   1   1   0   8  59   2  13   0   0   6   2   0   0   6  0.91 0.42
  151 A     1   0   0   1  -1   1   1  -1   0   1   0   0   0  -2   0   0   0  -3  -1   0   13   3   5   9   1  11   8   5   2  10   6   3   3   1   5   5   3   0   2   6  0.06 0.07
  152 C    -1  -3  -3  -5  10  -1  -4  -3   3  -2  -3  -4  -4   0  -5   0  -3  -4   0  -2    5   2   1   0  55   3   1   2   8   3   2   1   0   3   0   7   1   0   4   2  1.66 0.59
  153 I    -2  -4  -3  -4  -3  -4  -4  -5  -4   5   3  -4   1   1  -2  -4  -2  -4  -3   3    1   0   1   0   0   0   1   1   0  38  24   1   2   4   2   1   2   0   0  21  0.77 0.35
  154 T    -2  -1  -3  -4  -2  -1  -3  -4  -2   1   3  -2   2  -1  -3  -1   1   3  -1   2    1   4   0   0   1   2   1   1   1   7  34   3   5   2   0   4  11   5   2  16  0.34 0.22
  155 K    -1   3   4  -1  -4   1   0  -1   1  -1  -3   1  -3  -1  -3  -1  -1  -4  -1  -3    5  22  28   2   0   5   6   5   4   4   2   8   0   3   0   3   2   0   1   1  0.43 0.27
  156 C     2  -4  -4  -4   9  -4  -1  -2  -4  -3  -3  -4   0  -1  -4   0  -1  -4  -4   1   21   0   0   0  44   0   4   2   0   0   1   0   2   2   0   8   4   0   0   8  1.21 0.51
  157 S     0  -4  -3  -4   9  -1  -4  -2   3   0  -3  -2  -3  -2  -1   1  -1  -4  -3  -2    6   0   0   0  44   3   0   3   9   6   2   2   0   1   3  13   4   0   0   2  1.12 0.48
  158 K    -2   3  -1  -1  -4   2   0  -3   2  -3  -3   5  -3  -3   0   0   0  -4  -3  -3    1  16   2   2   0   9   5   1   5   2   2  37   0   1   4   6   6   0   0   2  0.55 0.32
  159 H     0  -2   0  -1   0   1  -1  -1   2   1   0  -1   0  -2  -2   0   1   2  -2   2    6   0   4   4   2   7   3   3   7  11   7   2   3   0   0   8  12   3   0  16  0.10 0.13
  160 I    -2  -4  -4  -5  -3  -4  -4  -5  -4   6   2  -4   1   1  -4  -4  -1  -4  -3   2    2   0   0   0   0   0   0   1   0  52  16   0   2   7   0   0   4   0   0  12  0.88 0.40
  161 F    -2  -3   0  -3  -1  -3  -2  -3  -3   1   1  -3   3   4  -3  -1   1  -2   0   2    2   0   6   0   1   0   3   2   0   8  10   0  11  25   0   5   9   0   1  14  0.34 0.24
  162 N    -1   1   3   2  -3   1   1   1   1  -2  -3   0  -3  -2  -3   0  -1  -3   0  -3    5   8  19  11   0   5  10  13   4   3   2   5   0   1   0   7   3   0   3   0  0.25 0.17
  163 A     1  -3  -3  -4  -1  -1  -3  -3   0   1   3  -2   1   1  -3   0   0  -1  -1   1   15   0   1   0   1   3   0   1   3   5  35   1   4   5   0   5   7   1   2  10  0.28 0.23
  164 I    -3  -5  -2  -5   0  -4  -5  -5  -5   3   5  -5   1  -1  -2  -3  -3  -4  -3   1    1   0   2   0   2   0   0   0   0  16  62   0   2   2   2   2   0   0   0   7  0.97 0.47
  165 K     0   2   0  -2  -3   2  -1  -2   0  -2  -2   3  -1  -4   0   2   1  -4  -2  -2    7  13   3   1   0  12   1   1   2   2   3  20   1   0   4  18   8   0   1   1  0.33 0.26
  166 I     0   0   0   0  -1   1   0  -2   2   0   1   0   2  -1   0   0   0  -3  -1  -1    8   4   5   5   1   6   4   2   8   5  15   5  10   1   5   6   4   0   1   3  0.07 0.10
  167 T     2  -2   1  -2  -1  -1  -2  -2   2  -1  -1  -2  -1  -2  -3   4   1  -4  -2  -1   18   1   7   2   1   2   1   1   5   4   5   2   1   2   0  34  10   0   1   3  0.36 0.30
  168 K     0   1   2  -1  -2   0   0   0   2  -3  -1   2  -2  -1  -1   1   0  -3  -2  -2    5   8  12   3   0   4   3   8   7   0   9  16   1   3   2  13   5   0   1   2  0.15 0.13
  169 N    -1  -1   2   1  -2   0   0   2   0  -2  -1   1  -1  -3   2   0  -1  -4  -2  -3    4   2  10   8   1   3   7  20   2   1   9  12   1   0   9   7   2   0   1   1  0.21 0.14
  170 E     0   0   1   2  -3   1   3   0  -2  -3  -3   0  -2  -4  -2   2   0  -4  -3  -3    9   5   6  10   0   4  24   8   0   1   2   5   1   0   1  18   5   0   0   1  0.33 0.21
  171 P     0  -2  -2   1  -2  -1   1  -1  -1  -3  -2  -2  -3  -3   5   2   0  -4  -2  -1    9   1   1   9   1   2  10   4   1   1   4   1   0   1  27  15   6   0   1   5  0.46 0.23
  172 A     3  -2  -1  -1  -3   1   0   0  -1  -2  -3  -1  -2  -2   3   2   1  -3  -3  -1   25   1   2   3   0   7   4   5   1   1   1   2   1   2  18  14   8   0   0   5  0.34 0.20
  173 S     0  -3   1  -3  -2  -3  -3   4  -3  -4  -4  -3  -4  -4  -3   4  -1  -4  -4  -3    8   0   7   1   1   0   1  37   0   0   1   1   0   0   0  37   3   0   0   1  0.88 0.39
  174 A     7  -4  -4  -4   1  -4  -4  -3  -4  -4  -4  -3  -4   0  -4  -2  -2  -4  -4  -3   83   0   0   1   2   0   1   1   0   0   1   1   0   4   0   1   2   0   0   1  1.51 0.58
  175 D    -4  -4  -1   8  -5  -3  -1  -4  -4  -5  -5  -4  -5  -5  -4  -3  -4   3  -5  -5    1   0   1  86   0   0   1   1   0   0   1   1   0   0   0   1   1   4   0   1  2.22 0.69
  176 D    -1  -3   0   5  -3  -1   3  -3  -2  -3  -3  -1  -3  -2  -3   2  -1  -4  -4  -3    6   0   3  34   1   1  23   1   1   1   2   2   0   2   0  19   2   0   0   1  0.69 0.33
  177 F    -2  -5  -5  -5  -4  -5  -5  -1  -4   2   1  -5  -2   8  -5  -4  -3  -2   0  -2    4   0   0   0   0   0   1   4   0  10  13   0   0  59   0   1   1   0   2   2  1.30 0.47
  178 L    -3  -4  -5  -5  -3  -4  -4  -5  -4   2   5  -4   3   1  -4  -4  -1  -4  -3   2    1   0   0   0   0   0   0   1   0  12  52   0   7   5   0   1   4   0   0  15  0.81 0.34
  179 P    -4  -5  -5  -5  -5  -4  -4  -5  -5  -5  -6  -4  -5  -6   9  -2  -3  -6  -6  -5    1   0   0   0   0   0   0   1   0   0   1   0   0   0  89   4   1   0   0   0  2.77 0.81
  180 T     1  -3  -1  -3  -1   0  -3  -2   0   2   2  -2   0  -1  -3  -1   1  -3  -2   3   12   0   2   0   1   4   0   3   3  10  20   1   1   2   0   2  12   0   0  24  0.24 0.18
  181 L    -4  -5  -6  -6  -4  -5  -5  -6  -5  -1   6  -5   1   2  -5  -4  -4  -4  -3  -2    0   0   0   0   0   0   0   0   0   1  83   0   2   8   0   1   0   0   0   1  1.51 0.56
  182 I    -4  -6  -6  -6  -2  -5  -6  -6  -6   7  -1  -5  -1   0  -5  -5  -4  -5  -4   2    0   0   0   0   1   0   0   0   0  78   2   0   1   4   0   0   0   0   0  12  1.75 0.60
  183 Y    -5  -5  -5  -6  -3  -5  -5  -2  -2  -3   1  -5  -2   4  -6  -5  -4   2   8  -4    0   0   0   0   0   0   0   4   0   1  12   0   1  18   0   0   1   2  59   0  1.75 0.61
  184 I    -1  -5  -4  -5  -1  -4  -4  -5  -5   3  -1  -4  -1  -3  -4  -3   3   2  -4   6    5   0   0   0   1   0   0   0   0  12   2   0   1   0   0   1  17   3   0  56  0.98 0.44
  185 V    -3  -4  -5  -5  -3  -4  -5  -5  -5   3   3  -4  -1  -2  -4  -4   1  -4  -3   5    1   0   0   0   0   0   0   0   0  14  28   0   1   1   0   0   9   0   0  43  0.87 0.38
  186 L    -4  -5  -5  -6  -4  -5  -5  -6  -3   5   5  -3   1  -1  -5  -5  -4  -4  -4  -1    0   0   0   0   0   0   0   0   1  37  53   1   2   2   0   0   0   0   0   1  1.21 0.47
  187 K    -3   3  -3  -3  -5   2   0  -4   1  -4  -2   5  -1  -5  -1  -2   0  -5  -4  -4    1  17   0   0   0  10   5   0   3   1   4  46   2   0   3   2   6   0   0   0  0.83 0.40
  188 G     5  -4  -3  -4   0  -3  -4   1  -4  -3  -4  -3  -2  -5  -4   2   1   3  -3  -2   55   0   1   0   2   0   0   8   0   1   1   0   1   0   0  18   7   4   1   2  0.89 0.44
  189 N    -3  -1   7  -1  -2   1  -3  -2  -1  -5  -5   0  -3  -5   1  -2  -3  -5   1  -5    1   3  61   2   1   5   0   2   1   0   1   7   0   0   8   1   0   0   5   0  1.30 0.53
  190 P    -3  -5  -5  -5  -5  -4  -4  -4  -5   0  -3  -4  -3  -4   8  -4  -1  -3  -5  -1    1   0   0   0   0   0   0   1   0   5   3   0   1   1  78   0   3   0   0   4  2.22 0.72
  191 P    -1  -1  -2   0  -3   0   3  -2  -2  -3  -4  -1  -2  -5   6  -1  -1  -5  -4  -1    3   3   1   5   0   4  20   2   1   1   1   2   1   0  42   4   3   0   0   5  0.91 0.39
  192 R    -1   2   3  -2   0   1   0  -2   6  -3  -2   0  -1  -1  -3   0  -2  -4   0  -1    3  15  16   1   2   7   5   2  21   0   5   5   1   2   0   6   1   0   4   4  0.42 0.26
  193 L    -2  -5  -5  -6  -4  -5  -5  -5  -5   1   6  -4   1   1  -5  -5  -4  -4  -3  -1    3   0   0   0   0   0   0   0   0   7  76   1   2   5   0   0   0   0   0   3  1.25 0.49
  194 Q    -1  -2  -2  -3  -1   1  -2  -2   5   2   1  -1  -1  -1  -1  -3  -2   1   2   2    3   1   1   0   1   7   2   4  17  15  15   4   0   1   2   0   0   2   6  17  0.31 0.22
  195 S    -3  -3  -3  -4  -4  -3  -4  -4  -4  -5  -6  -2  -5  -6  -4   7  -2  -1  -5  -1    0   1   0   0   0   1   0   0   0   0   0   1   0   0   0  88   1   1   0   4  1.83 0.78
  196 N    -3  -4   8  -1  -1  -3  -3  -4  -1  -5  -6  -4  -3  -6  -3  -2   2  -6  -5  -1    2   0  72   2   1   0   1   0   1   0   0   0   1   0   1   2  12   0   0   4  1.71 0.68
  197 I    -2  -4  -5  -5  -1  -4  -4  -5  -5   5   3  -4   1  -1  -4  -1  -2  -3  -3   3    1   0   0   0   1   0   0   0   0  33  27   1   3   1   0   4   1   0   0  25  0.78 0.35
  198 Q    -1   1   2  -1  -4   5   2  -3   1  -2  -1   1  -1  -3   0  -1  -2  -4  -1  -3    4   5  10   3   0  29  16   0   4   2   6   8   1   1   4   2   1   0   2   1  0.44 0.28
  199 Y    -4  -5  -5  -6  -5  -5  -5  -4  -3  -4  -3  -5  -4   6  -1  -5  -4  -2   8  -4    1   0   0   0   0   0   0   1   0   0   2   0   0  37   4   0   1   0  51   0  1.99 0.70
  200 I    -3  -6  -6  -6  -4  -5  -6  -6  -6   7  -2  -4  -1  -2  -5  -5  -2  -5  -4   3    2   0   0   0   0   0   0   0   0  69   1   1   1   1   0   0   1   0   0  22  1.61 0.60
  201 T    -1  -2   1  -2   0   4   2  -3  -2  -2   0  -1  -1   0  -3   2   2  -2  -2  -2    3   1   8   1   2  22  12   1   0   2   9   2   1   5   0  15  12   1   1   1  0.31 0.26
  202 R    -1   6   0  -3   1  -1  -2  -1   1  -5  -1   0  -2  -3  -4   0  -2  -5  -1  -4    5  56   4   1   3   1   2   5   3   0   6   3   1   1   0   6   2   0   2   0  0.89 0.44
  203 F    -6  -6  -7  -7  -6  -6  -7  -7  -4  -4  -3  -7  -4   9  -7  -6  -6  -3   5  -1    0   0   0   0   0   0   0   0   0   0   1   0   0  77   0   0   0   0  17   4  2.46 0.80
  204 C    -1   6  -3  -4   4   0  -3  -1  -3  -4  -4  -1  -4  -3  -5  -1  -1  -5   1  -1    5  55   0   0   9   3   0   6   0   1   1   1   0   1   0   4   3   0   5   5  1.02 0.48
  205 N    -1   1   4   0   0  -1  -2   1   4  -3  -1  -2  -2  -1  -3   1  -1  -3  -1  -3    5   9  28   4   2   1   1   9  11   1   6   1   1   2   1  11   3   0   2   1  0.36 0.23
  206 P     1  -1  -1  -1  -4   3   1  -3  -1  -4  -2  -1  -3  -4   6   0  -2  -4  -3  -3   10   2   2   3   0  16   8   1   1   1   3   4   0   1  38   6   2   0   0   1  0.80 0.34
  207 S     1  -1   1   1  -3   0   2  -1   1  -3  -3   0  -2  -4   1   4   0  -4  -3  -2    9   1   5   7   0   3  15   3   3   1   1   4   0   0   6  34   5   0   0   1  0.39 0.26
  208 R    -3   5   0  -2  -4   0   0  -2   0  -4  -3   4  -2  -3  -3   0  -2   2  -3  -1    1  34   5   2   0   2   4   2   2   1   1  29   1   1   1   6   1   3   0   5  0.70 0.33
  209 L    -2  -1  -3  -3   0  -2  -3  -3   1   0   4  -1   1   2  -3  -2  -2  -2  -1   0    2   4   1   1   2   2   1   1   3   3  54   3   3  10   1   2   2   0   1   3  0.54 0.26
  210 M    -1  -1  -1  -2  -2   0  -1  -1  -2   2   2  -2   5  -1  -2  -1  -1  -2  -2   2    3   3   3   1   0   6   3   6   1  14  18   1  18   2   1   3   2   0   1  14  0.25 0.16
  211 T     1   0  -1   2  -3   0   0   1   0  -3  -3  -1  -2  -4  -3   4   1  -4  -3   0    8   4   1  12   0   3   4   8   3   0   1   3   1   0   0  33   9   0   1   7  0.33 0.24
  212 G    -1  -3  -2  -2  -3  -2  -2   6  -3  -3  -3  -2  -1  -3  -2  -1  -2  -3  -3  -1    3   1   1   2   0   1   2  64   1   1   2   1   2   1   2   5   2   0   1   6  1.02 0.34
  213 E    -3  -2  -3  -2  -6   0   7  -5  -2  -4  -6  -1  -5  -6  -4   0  -4  -6  -5  -5    1   1   0   1   0   2  82   0   1   1   0   3   0   0   0   5   0   0   0   0  1.82 0.71
  214 D     3  -1  -1   1  -1  -1   2  -1  -3  -2  -3  -2  -3  -3   1   1   1  -2  -3  -1   35   3   2   6   1   1  14   4   0   1   1   0   0   1   8   9   8   1   0   4  0.34 0.25
  215 G     3  -2  -2  -2  -2   1   0   4  -2  -3  -2  -2  -2  -3   0   1  -2  -1  -1  -3   24   1   1   2   1   7   6  34   1   1   3   0   1   1   4   9   1   1   2   1  0.47 0.27
  216 Y    -5  -5  -5  -6  -1  -5  -5  -6  -2  -4  -4  -5  -4   0  -6  -5  -5   0  10  -1    0   0   0   0   1   0   0   0   0   0   1   0   0   2   0   0   0   1  86   4  2.74 0.87
  217 Y    -2  -5  -5  -6   6  -5  -5  -5  -1  -4  -3  -5  -1   4  -5  -4  -4   6   7  -3    3   0   0   0  15   0   0   0   1   0   1   0   1  16   0   1   0  10  46   2  1.64 0.59
  218 F    -4  -4  -5  -5  -4  -4  -4  -5  -3  -1   3  -4   0   6  -5  -4  -4   7   1  -2    1   1   0   1   0   0   1   1   0   3  34   1   2  35   1   1   1  14   3   1  1.17 0.43
  219 T    -2  -3  -2  -3   0  -3  -3  -3  -4  -2  -3  -3   2  -4  -3   3   6  -4  -3   1    2   1   1   1   2   0   1   1   0   2   1   1   5   0   1  21  52   0   1   8  0.94 0.45
  220 N    -3  -3   6  -2  -4   4  -2  -1   2  -4  -2  -2  -2  -5  -4   3   0  -5  -4  -4    0   0  36   0   0  18   0   5   5   0   5   0   1   0   0  22   6   0   0   0  0.82 0.42
  221 L    -4  -5  -5  -5  -4  -4  -5  -5  -5   1   5  -5   1   4  -5  -4  -3  -3  -1   1    0   0   0   0   0   0   0   0   0   8  60   0   2  17   0   0   0   0   1   9  1.03 0.42
  222 C    -2  -2  -2  -3   7   2   1  -2  -4  -1   0  -2   3  -3  -4   0   0  -4  -3   1    1   1   1   1  25  10  11   3   0   3   8   2   9   0   0   8   5   0   0  11  0.52 0.31
  223 C     2  -4  -3  -4   6  -4  -4   3  -4  -2  -3  -4  -4  -5  -4   4  -1  -5  -5  -3   20   0   0   0  20   0   0  20   0   2   2   0   0   0   0  33   2   0   0   1  0.95 0.46
  224 A     7  -5  -4  -5  -4  -4  -4  -3  -5  -4  -5  -4  -4  -6  -4  -1  -2  -6  -5   0   87   0   0   0   0   0   0   0   0   0   0   0   0   0   0   3   2   0   0   7  1.72 0.69
  225 V    -1  -5  -5  -5  -1  -4  -1  -5  -5   4   0  -2  -1  -3  -5  -3  -2  -5  -3   5    4   0   0   0   1   0   6   0   0  29   6   3   1   0   0   1   1   0   0  48  0.94 0.43
  226 A     2  -2   1  -1  -2   2   2  -1   0  -4  -4   0  -1  -3  -3   3   1  -4  -1  -3   18   1   5   2   0   9  17   3   2   0   0   3   2   1   0  26   7   0   2   1  0.40 0.28
  227 F    -6  -7  -7  -7  -6  -7  -7  -7  -5  -4  -4  -7  -4   9  -7  -6  -6   0   3  -5    0   0   0   0   0   0   0   0   0   0   0   0   0  91   0   0   0   1   8   0  2.87 0.86
  228 I    -4  -6  -6  -6  -4  -6  -6  -7  -6   7   2  -6  -2  -3  -6  -4  -3  -2  -4   1    1   0   0   0   0   0   0   0   0  75  17   0   0   0   0   1   1   1   0   4  1.69 0.61
  229 E    -2   0  -2   0  -5   1   6  -4  -3  -3  -2   3  -1  -4  -4  -1  -2   1  -3  -3    2   3   1   3   0   5  52   1   0   2   3  17   2   0   0   4   1   2   1   1  0.87 0.43
  230 K    -2   0   5   0  -3  -1   0  -2   0  -4  -5   2  -3  -5  -4   0   4  -6  -4  -3    1   3  33   4   1   1   5   2   2   1   0  14   1   0   0   5  28   0   0   1  0.75 0.40
  231 L    -3  -5  -6  -6   0  -5  -5  -6  -5   3   4  -5   6  -3  -5  -5  -4  -5  -4   2    1   0   0   0   2   0   0   0   0  19  44   0  22   0   0   0   0   0   0  12  1.11 0.46
  232 D    -4  -4   3   7  -4  -2  -1  -2  -4  -6  -4  -2  -6  -6  -5  -2   1  -7  -6  -6    1   0  13  66   0   1   2   3   0   0   1   1   0   0   0   2   9   0   0   0  1.52 0.58
  233 A     3   1  -2  -2  -2  -1  -1   1   3  -3  -1   0  -2  -1   0  -1  -1  -3   1  -2   35   8   0   1   0   1   3   8  10   1   7   5   0   2   4   3   2   0   6   2  0.29 0.23
  234 Q     0  -1   0   1  -2   3   2  -3   0  -4  -4   2  -3  -5   0   3   3  -5  -4  -4    6   1   3   6   1  13  12   0   2   0   0  11   0   0   4  23  18   0   0   0  0.46 0.29
  235 S     0  -2  -1   0  -4   2  -1  -2   1  -4  -2  -1   0  -5  -4   5   1  -5  -4  -3    5   1   2   5   0   8   3   2   4   0   4   3   2   0   0  54   5   0   0   1  0.70 0.41
  236 L    -5  -5  -7  -7  -4  -5  -6  -7  -6   0   6  -6  -1   0  -6  -4  -3  -5  -4  -1    0   0   0   0   0   0   0   0   0   3  90   0   0   4   0   1   1   0   0   2  1.65 0.60
  237 N    -2   1   4  -2  -4  -1  -2  -2  -1  -5  -5   2  -4  -5  -4   3   4  -5  -4  -4    2   6  25   0   0   2   0   3   1   0   0  12   0   0   0  25  24   0   0   0  0.74 0.39
  238 L    -1  -5  -5  -5  -2  -3  -4  -5  -5   5   2  -3   6  -3  -5  -4  -2  -5  -4   2    6   0   0   0   1   1   1   0   0  40  19   1  22   0   0   0   1   0   0   9  0.96 0.41
  239 S    -1  -3   1   4  -4  -2   2  -3  -3  -5  -5  -2  -4  -5  -1   3   3  -6  -4  -4    2   0   5  26   0   1  11   0   0   0   0   0   0   0   3  27  23   0   0   0  0.75 0.39
  240 Q    -1  -1  -1   3  -5   4   4  -4   0  -4  -5   1  -4  -5   2  -1  -2  -5  -3  -3    5   2   1  17   0  21  26   0   2   1   0   8   0   0  12   2   2   0   0   1  0.68 0.34
  241 E    -1   0  -1   2  -5   2   5  -3  -2  -3  -4   1  -2  -5  -2   0   0  -5  -4  -4    6   4   1  11   0   9  46   1   0   2   1   6   1   0   2   6   6   0   0   0  0.71 0.35
  242 D    -3  -3  -1   4  -6   0   6  -2  -3  -6  -5  -2  -3  -6  -4  -2  -2  -6  -5  -3    1   0   2  26   0   3  57   3   0   0   1   1   1   0   0   1   2   0   0   1  1.25 0.51
  243 F    -6  -6  -4  -7  -6  -2  -6  -7  -3  -4  -2  -6  -1   9  -3  -5  -5  -2   3  -4    0   0   1   0   0   2   0   0   0   0   1   0   1  83   1   1   0   0   9   0  2.32 0.71
  244 D    -1  -1   1   4  -5   2   5  -4   1  -4  -4  -1  -3  -5  -2  -2  -3  -2  -1  -5    4   2   7  23   0   9  41   0   4   1   1   2   0   0   1   1   0   0   2   0  0.81 0.37
  245 R     2   5  -1  -2  -1   1   1  -2  -1  -4  -3   3  -2  -4  -3   0  -1  -5  -3  -3   17  32   2   1   1   5   7   2   1   0   2  21   1   0   0   4   3   0   0   0  0.55 0.29
  246 Y    -2   0   4  -3  -3  -1  -2  -1   3  -3  -1   0  -1   1  -2   0  -2  -1   5  -3    1   6  23   0   1   2   2   3   9   1   7   5   1   5   1   6   1   1  23   1  0.45 0.27
  247 M    -3  -4  -5  -2  -4  -1  -4  -5  -3   0   1  -4   8   0  -4  -3   0  -4  -1   3    0   0   0   2   0   3   1   0   1   4  12   0  47   3   1   1   5   0   2  20  1.08 0.46
  248 S     1  -1   1   1  -3   2   4  -3  -1  -4  -3   0  -2  -4  -3   3   0  -5  -4  -4   10   3   5   5   0   7  31   0   1   0   1   4   1   0   0  28   3   0   0   0  0.56 0.31
  249 G     3   0   1  -2  -3   1   0   4  -1  -4  -4  -1  -2  -4  -3   1  -2  -4  -4  -3   28   5   7   1   0   7   6  34   1   0   0   1   1   0   0   9   1   0   0   0  0.55 0.27
  250 Q     4  -1  -3  -1  -3   4   1  -3   0  -4  -4   1  -3  -5   0   0  -2  -5  -4  -3   45   2   0   2   0  22  10   0   3   0   0   8   0   0   4   4   0   0   0   0  0.65 0.33
  251 T     1   1  -2   0  -1   1   0   0  -2   0  -1   0   0  -2  -2   0   1  -3  -2   2   14   8   0   4   1   6   6   6   0   4   5   3   2   0   0   7  13   0   1  20  0.10 0.10
  252 S     2  -1  -2  -2  -2  -1  -1  -2  -3   0  -3  -1  -2  -3  -1   4   2  -4  -3   1   22   2   0   0   0   2   2   0   0   5   0   2   0   0   2  38  12   0   0  14  0.43 0.24
  253 P    -3  -4  -4  -3  -5  -3  -3  -4  -4  -5  -5  -3  -5  -6   9  -3  -3  -6  -5  -4    0   0   0   0   0   0   0   0   0   0   0   0   0   0 100   0   0   0   0   0  2.77 0.43

                      K         Lambda
Standard Ungapped    0.1361     0.3210
Standard Gapped      0.0513     0.2670
PSI Ungapped         0.1667     0.3110
PSI Gapped           0.0513     0.2670
