
Last position-specific scoring matrix computed, weighted observed percentages rounded down, information per position, and relative weight of gapless real matches to pseudocounts
            A   R   N   D   C   Q   E   G   H   I   L   K   M   F   P   S   T   W   Y   V   A   R   N   D   C   Q   E   G   H   I   L   K   M   F   P   S   T   W   Y   V
    1 S     2  -2  -1  -2  -2  -2  -2   2  -2  -3  -4  -2  -3  -4  -2   5   1  -4  -3  -3   19   0   0   0   0   0   0  17   0   0   0   0   0   0   0  60   4   0   0   0  0.64 0.18
    2 F    -2   1  -2  -3  -3  -2  -1  -2   1   0   1   1  -1   4  -2  -1  -2  -1   4   0    0   9   0   0   0   0   2   2   4   1  14  10   0  28   1   4   0   0  15  10  0.28 0.12
    3 T     1   2   0   0  -3   1   0   1  -1  -2  -3   2  -2  -3  -2   2   1  -4  -3  -2   11  14   1   5   0   4   2  12   1   2   0  18   0   0   0  18  12   0   0   2  0.25 0.10
    4 N    -1  -1   3   2  -3   0  -1  -1   3  -4  -4   1  -3  -4   2   2   0  -4  -2  -3    2   1  20  10   0   3   1   4   9   0   0   9   0   0  12  23   4   0   1   0  0.42 0.18
    5 A     2  -2  -3  -3   0   1   0  -2  -3  -1   1   0   4  -1   2   0  -1  -3  -2   0   19   0   0   0   2   9   6   1   0   1  11   5  16   3  13   5   1   0   0   7  0.22 0.16
    6 T     0  -1  -1  -2  -2   0   0  -3  -3   2   0  -1  -1  -3   2   2   3  -4  -3   0    7   2   1   1   0   4   6   0   0  16   6   3   0   0   8  17  26   0   0   4  0.24 0.16
    7 F    -3  -2  -4  -4  -3  -2  -3  -4  -1   0   4  -3   1   3   4  -2  -2  -3   0  -1    0   1   0   0   0   2   0   1   1   2  43   1   3  17  21   3   1   0   3   2  0.60 0.26
    8 S     0  -1   0   2  -4   2   3  -3  -2  -3  -3   1  -3  -4  -3   3   0  -4  -2  -1    6   0   3  14   0   8  26   0   0   1   2   6   0   0   0  24   5   0   1   4  0.42 0.23
    9 Q    -1   0   0   4  -5   0   4  -2   0  -4  -4   1  -3  -4  -1   0  -1  -5  -1  -3    5   5   3  28   0   1  33   1   2   0   1   9   1   0   2   4   3   0   2   1  0.60 0.26
   10 V     1  -4  -4  -4  -1  -4  -2  -4  -4   4   1  -4   0  -2  -4  -3  -2   4  -3   3   16   0   0   0   1   0   3   0   0  33  11   0   1   0   0   0   1   6   0  28  0.59 0.28
   11 L    -2  -4  -5  -6  -3  -4  -5  -6  -1   2   5  -4   3   0  -5  -4  -2  -1  -2   0    2   0   0   0   0   0   0   0   2   8  74   0   6   3   0   0   1   1   1   3  1.01 0.38
   12 D    -3  -1   1   6  -2   1   3  -3  -3  -3   0  -1  -3  -3  -3  -1  -1  -5  -4  -3    0   2   5  47   1   5  18   0   0   1  10   3   0   1   0   2   3   0   0   1  0.73 0.30
   13 D    -3  -1   0   7  -5  -2   3  -4  -2  -5  -2  -2  -4  -5  -4   0  -3  -6  -5  -5    0   3   2  63   0   0  16   0   1   0   5   0   0   0   0   8   0   0   0   0  1.23 0.42
   14 L    -3  -4  -5  -6   4  -4  -5  -6  -5   2   5  -5   0  -2  -5  -3  -3  -4  -3   0    0   0   0   0  10   0   0   0   0   8  74   0   1   0   0   1   0   0   0   5  1.11 0.40
   15 S     1  -2  -2  -3   7  -1  -1  -2   0  -1   0  -3  -2  -2  -3   1   0  -3   2  -1   15   2   1   0  27   2   4   2   2   4   9   0   0   0   0  14   6   0   9   4  0.45 0.24
   16 A     1  -1  -2   0   1  -2  -2   0  -3   0   0  -2  -1   0  -3   3   0  -4  -2   2   11   2   1   5   3   0   0   6   0   2   6   0   1   5   0  31   5   0   0  21  0.23 0.20
   17 R    -4   8  -3  -4  -6  -2  -1  -5  -3  -5  -2   1  -4  -6  -5  -3  -1  -6  -5  -5    0  84   0   0   0   0   3   0   0   0   5   4   0   0   0   0   4   0   0   0  1.83 0.58
   18 F    -6  -6  -6  -7  -6  -7  -7  -7  -5  -3  -1  -6  -3   9  -7  -6  -5  -2   0  -4    0   0   0   0   0   0   0   0   0   0   3   0   0  97   0   0   0   0   0   0  2.68 0.74
   19 I    -3  -5  -6  -6  -3  -5  -5  -6  -5   6   2  -5  -1   1  -5  -5  -3  -4  -3   3    0   0   0   0   0   0   0   0   0  56  21   0   0   5   0   0   0   0   0  18  1.09 0.40
   20 L    -1  -3  -1  -4  -3  -3  -4  -4  -4   4   3  -3   1  -1  -4   0   0  -4  -3   2    3   0   3   0   0   0   0   0   0  29  30   0   2   1   0   7   7   0   0  15  0.45 0.22
   21 N    -4  -3   8  -2   0  -2  -3  -2   1  -4  -1  -3  -4  -3  -1  -2  -1  -5  -4  -4    0   0  73   0   2   1   0   2   4   0   7   0   0   1   3   0   4   0   0   0  1.39 0.49
   22 L    -1  -1  -1  -4   4   0  -3  -3  -3   2   3  -3   2  -2  -4  -3  -1  -3  -3   2    5   4   4   0  10   4   0   1   0  13  32   0   7   0   0   0   3   0   0  14  0.36 0.22
   23 P    -4  -2  -4  -2  -5  -4   0  -3  -5  -3  -5  -1  -5  -6   8  -3  -3  -6  -5  -2    0   2   0   2   0   0   5   2   0   1   0   4   0   0  76   1   1   0   0   3  2.02 0.65
   24 A    -1  -1   0   1  -4   2   4  -3   0  -3  -2   1  -3  -4   2   0   0  -4  -1  -2    5   1   3   8   0   9  32   1   2   1   3   8   0   0  11   7   5   0   2   2  0.40 0.25
   25 E    -1  -3   0   2   1   1   5  -2  -1  -4  -2  -2  -1   2  -2   0  -2  -1  -1  -2    4   0   4  10   3   4  42   2   1   0   4   0   1   9   2   8   1   1   1   2  0.48 0.31
   26 E    -1  -2   0   4  -5   0   5  -4  -3   0  -2   0  -3  -1  -3  -2  -2  -5  -4  -1    3   0   3  20   0   2  48   0   0   7   4   5   0   3   0   0   2   0   0   4  0.71 0.37
   27 Q    -3   2  -3  -1  -1  -1  -1  -5   1   0   4   1   1   0  -4  -3  -3  -3   0  -1    0  13   0   4   1   2   3   0   4   4  49   9   3   4   0   0   0   0   4   1  0.46 0.29
   28 S     0   0   1   0  -3   1   1  -1  -1  -2  -1   1  -1  -3  -1   2   0  -4  -3  -2    6   5   8   4   0   8  12   3   1   2   8   9   1   0   3  21   6   0   0   2  0.17 0.14
   29 S    -1  -3   3   5  -4   1  -1  -3  -1  -4  -5  -1  -4  -5  -3   4   0  -5  -4  -3    2   0  14  32   0   5   2   0   1   0   0   2   0   0   0  33   5   0   0   2  0.76 0.37
   30 V    -1  -1  -1  -2  -3  -1  -3  -4   1   2   1  -1   1   3   2  -1  -1  -3   0   1    5   2   3   1   0   4   0   0   4  12  14   4   4  17  10   3   2   0   1  14  0.19 0.15
   31 E    -2  -3   0   0  -4   0   5  -4  -3   3  -1  -2   0  -2  -1  -2  -1  -5  -4   1    3   0   4   5   0   3  43   0   0  19   3   0   3   2   3   1   2   0   0   9  0.54 0.33
   32 R    -4   7  -3   1  -6  -2   0  -5   3  -5  -2   0  -4  -5  -5  -3  -1  -5   0  -5    0  67   0   8   0   0   5   0   7   0   4   3   0   0   0   0   3   0   3   0  1.35 0.54
   33 L    -2  -4  -5  -5  -3  -4  -2  -5  -4   4   4  -2   1   1  -5  -4  -3  -4   0   2    2   0   0   0   0   0   3   0   0  28  40   3   3   4   0   0   0   0   3  16  0.67 0.31
   34 C    -1  -5  -5  -5   8  -4  -5  -3  -4  -2   1  -4   3   5  -2  -2  -3  -3   3  -3    5   0   0   0  31   0   0   2   0   0  15   0   8  23   2   2   0   0  11   0  1.01 0.41
   35 F    -5  -6  -3  -6   1  -6  -6  -6  -4  -2  -1  -6   0   8  -6  -4  -3   2   1  -2    0   0   2   0   3   0   0   0   0   2   3   0   2  80   0   1   1   2   2   2  1.91 0.57
   36 Q    -1   0  -1  -3  -4   6   1  -3   4   0   0  -1   0  -2  -4  -2  -2  -4   0  -3    4   3   3   0   0  43   6   1  13   7  10   2   3   1   0   2   1   0   3   0  0.64 0.34
   37 I    -1  -4  -5  -5  -1  -4  -5  -5  -5   4   3  -4   1   1  -5  -4  -1  -4  -3   3    3   0   0   0   1   0   0   0   0  30  31   0   2   5   0   0   2   0   0  25  0.72 0.29
   38 E    -4  -1  -3  -2  -7   3   7  -5  -3  -6  -6   1  -5  -6  -4  -3  -4  -6  -5  -5    0   3   0   0   0  11  81   0   0   0   0   5   0   0   0   0   0   0   0   0  1.74 0.59
   39 Q    -2  -1  -2   0  -2   4   4  -4  -2  -1   1   0  -2  -4  -3  -1  -2  -4  -1  -3    2   2   1   5   1  26  34   0   0   3  16   3   0   0   0   4   1   0   3   0  0.57 0.31
   40 A     7  -4  -4  -5   0  -4  -4  -2  -5  -4  -4  -4  -4  -5  -4  -2  -1  -6  -5  -2   92   0   0   0   2   0   0   2   0   0   0   0   0   0   0   0   3   0   0   2  1.61 0.58
   41 H    -5  -4  -4  -2   0   1  -4  -6   9  -6  -5  -4  -5   1  -6  -2  -4   5   6  -6    0   0   0   2   2   7   0   0  50   0   0   0   0   5   0   3   1   7  23   0  1.86 0.65
   42 W    -6  -6  -7  -7  -6  -6  -7  -6  -6  -6  -6  -7  -5  -3  -7  -6  -6  13   1  -6    0   0   0   0   0   0   0   0   0   0   0   0   0   0   0   0   0  92   4   0  4.48 1.10
   43 F    -5  -5  -5  -5  -5  -5  -3  -5   4  -4  -3  -5  -3   8  -6  -5  -5   5   5  -4    0   0   0   0   0   0   1   0  10   0   0   0   0  55   0   0   0   8  21   0  1.82 0.58
   44 Y    -3  -5  -5  -6  -5  -5  -5  -6   2  -5  -3  -5  -4   1  -6  -5  -5  -2  10  -4    3   0   0   0   0   0   0   0   4   0   3   0   0   3   0   0   0   0  84   0  2.55 0.78
   45 E    -2  -3  -3   0   2  -2   4  -4  -3   2   2  -2   0  -3  -3  -2   0  -4  -2   0    3   0   0   5   4   1  29   0   0  16  26   0   2   0   0   1   7   0   1   3  0.40 0.26
   46 D    -5  -5  -2   8  -6  -4  -2  -5  -4  -6  -7  -4  -6  -6  -5  -1  -4  -7  -6  -6    0   0   0  92   0   0   0   0   0   0   0   0   0   0   0   5   0   0   0   0  2.43 0.75
   47 F    -4  -4   2  -4  -4  -2  -3  -5   2   1  -2  -1   0   7  -5  -4  -4  -1   1  -2    0   0  10   0   0   1   1   0   4   9   2   5   2  57   0   0   0   1   3   2  1.15 0.44
   48 I    -2  -4  -4  -4  -1  -3  -4  -4   4   2   0  -4   1   2  -4  -2  -2   6   5   1    3   0   0   0   2   0   0   0  12  14   8   0   3   6   0   3   1  11  24  11  0.68 0.30
   49 R    -1   5  -2  -4   6   0  -3  -4  -3  -1  -1   1   2  -4  -4  -2  -1  -2  -2   1    5  32   2   0  18   4   0   0   0   3   5   9   5   0   0   2   3   1   1  10  0.68 0.41
   50 A     0  -1  -1   2  -4   2   3  -2  -1   0   0   1  -2  -4   2  -1  -2  -4  -3  -1    7   1   3  11   0   8  23   2   1   5   9   8   0   0  11   4   2   0   0   4  0.28 0.23
   51 Q    -2   1   1   1  -2   2   2  -1   0  -1   0   2   2  -3  -1  -1  -1  -4  -3  -2    2   6   8   6   1  12  14   3   3   4   9  15   7   1   3   1   3   0   0   1  0.21 0.20
   52 N    -2  -1   5   3  -5   1   0  -3   2  -4  -3  -1  -4   1  -4  -1   0   0   1  -4    2   2  34  18   0   5   4   1   5   1   3   3   0   7   0   4   5   1   5   0  0.63 0.41
   53 D    -1  -1   0  -1  -5  -1  -1  -4   0  -1  -4   1  -2  -5   6  -1   0  -5  -1  -3    4   3   4   4   0   2   4   0   2   4   1  10   1   0  45   4   6   0   2   1  0.91 0.46
   54 Q     0   1   1  -1  -3   1   1   0   2  -2  -2   2  -2  -1  -2   1   0  -3   0  -2    6   6   8   2   0   6   9   9   5   2   2  15   1   3   1  14   6   0   4   2  0.17 0.16
   55 L    -3  -3  -3  -5   3  -1  -3  -5  -5   0   5  -2   0   1  -5  -3  -3  -4  -2   0    2   1   1   0   5   3   2   0   0   3  67   2   1   4   0   2   1   0   1   4  0.95 0.50
   56 P    -2  -1  -1  -4  -2  -2  -4  -1  -4  -3  -3   2  -3  -5   7  -1  -1  -5  -3  -5    3   4   2   0   1   1   0   5   0   2   2  11   1   0  59   3   3   0   1   0  1.42 0.63
   57 S     0   0   1  -1  -1   1  -1  -1   3  -4  -3   2   0  -3   0   3   0  -4  -1  -3    5   3   5   3   2   7   2   5   8   0   2  16   3   1   5  25   5   0   2   1  0.27 0.25
   58 L    -2  -1  -3  -2   3  -2  -3  -4  -1   1   2  -2   3   3  -1  -1  -1  -2   2   1    2   3   0   3   6   1   1   1   2   6  24   2  11  12   3   4   2   0   8   8  0.26 0.18
   59 G    -1  -1   1   2   0   0  -1   1   0  -3  -3   1  -3  -4  -1   3   2  -4  -3  -1    3   2   6  12   2   3   2  12   2   0   1  10   0   0   3  24  12   0   0   4  0.27 0.20
   60 L    -3  -3  -4  -2  -3   0  -3  -4  -3   2   3  -3   4   3  -4  -2  -2  -3   0   0    1   0   0   2   0   5   1   1   0  14  35   1  13  16   0   3   2   0   2   4  0.55 0.29
   61 R    -1   4  -1  -1  -4   0   0  -2  -1   0  -2   4  -2   1  -1   0  -1  -3   0  -3    4  21   2   2   0   2   4   2   1   8   2  27   0   6   3   7   3   0   3   1  0.33 0.23
   62 V    -1   0   0   2  -3   2   2   0   2  -3  -2   2  -1  -2  -1   0   1  -3  -2  -2    5   3   3  15   0   8  12   6   7   0   3  13   1   2   2   8   8   0   0   3  0.21 0.15
   63 F    -5  -5   0  -5  -5  -5  -5  -5  -4  -3   0  -5  -3   9  -6  -5  -5  -3  -1  -4    1   0   5   0   0   0   1   1   0   0   7   0   0  81   0   1   0   0   0   1  2.21 0.72
   64 S     3  -3  -1  -3   4  -3  -3  -1  -3   0  -1  -3  -3  -1  -3   2   2  -4  -1  -1   32   0   2   0   9   0   0   4   0   5   4   0   0   3   0  19  13   0   2   3  0.46 0.31
   65 A     1   0   0   0  -1   2   2  -1   0  -1   0   1   0   1  -2   0  -1  -3   0  -1   12   5   3   3   1   9  14   4   2   3   9   9   2   7   1   7   3   0   2   4  0.08 0.09
   66 K    -1   1   0  -1  -3   3   1  -3   1  -1   1   1   1  -1  -1  -1   0   1  -1  -1    5   8   5   2   0  16   8   1   4   4  13   9   5   3   2   3   5   2   1   3  0.14 0.15
   67 L    -3  -4  -3  -3  -4  -4  -5  -5  -5   4   3  -4   5   1  -5  -4  -1  -4  -3   1    2   0   2   1   0   0   0   0   0  29  33   0  15   4   0   0   3   0   0   9  0.83 0.39
   68 F    -3  -5  -5  -6   4  -5  -4  -6  -4   2   1  -2  -3   7  -6  -4  -4   0   1  -1    2   0   0   0   7   0   1   0   0  10  14   3   0  53   0   1   0   1   3   3  1.26 0.52
   69 A     0   1   2  -1  -4   4   1  -2   3  -3  -2   2  -2  -2  -2   0  -2  -4  -2  -1    6   8  12   2   0  20   9   3   7   1   4  12   1   2   2   6   2   0   1   4  0.31 0.24
   70 H     0   0   2   1   1  -2  -2  -4   8  -3  -2   0   0  -2  -5   0  -2  -5   1  -3    9   4   8   7   3   1   2   0  36   2   4   7   2   1   0   7   2   0   4   1  0.79 0.43
   71 C    -5  -7   0  -4  10  -6  -7  -7  -6   2  -4  -7  -5   0  -7  -2  -2   0  -1   1    0   0   5   1  59   0   0   0   0   9   1   0   0   4   0   3   3   1   2  11  2.08 0.76
   72 P    -2  -2  -5   0  -6  -4   1  -2  -5  -5  -4  -3  -3  -2   8  -2  -4  -7  -6  -4    3   3   0   6   0   0  10   3   0   1   1   1   1   2  64   3   1   0   0   1  1.66 0.68
   73 L    -1  -1  -2  -1  -2  -2  -3  -3   0   2   3  -3   1   3  -2  -1  -2  -3  -1   1    4   3   1   3   1   2   1   2   2  13  34   1   2  16   1   5   1   0   0   7  0.36 0.25
   74 L    -4  -5  -6  -6  -4  -5  -5  -6  -5   2   6  -5   1   0  -5  -3  -4  -4  -1   0    0   0   0   0   0   0   0   0   0  10  73   0   2   3   0   3   0   0   2   5  1.28 0.54
   75 W     0   3   0  -3  -2   2  -1  -3   3   0  -1   2  -3  -2  -4   1  -1   5  -2  -2    7  17   5   1   1  11   2   0   7   5   6  12   0   1   0  10   3  10   1   2  0.36 0.26
   76 K    -1   0   0  -1  -5   2   1  -2   4  -3  -3   3  -4  -5   5  -1  -3  -5  -4  -4    4   5   3   3   0  10   7   3  10   1   2  16   0   0  30   4   0   0   0   0  0.71 0.37
   77 W    -4  -3  -3  -5  -5   0  -2  -4   4  -4   0  -1  -1   4  -5  -3  -2   8   5  -2    0   1   1   0   0   4   2   1  11   0   8   4   1  15   0   1   2  21  22   3  1.09 0.48
   78 S     1  -1  -1   0  -3  -1  -1   1   0   0   0   0  -2  -2  -1   1   0  -2  -2   1   11   3   1   6   0   2   1  12   3   7   8   6   0   1   3  16   5   1   1  13  0.08 0.12
   79 K     0  -2   0   1  -4   1   2  -1   3   0  -3   0  -1  -3   2   1   0  -4  -1  -1    7   1   5   7   0   8  16   4   9   7   0   5   1   0  10  10   4   0   3   4  0.22 0.19
   80 V    -2   1   3   3  -5   2   1  -2   3  -5  -4   1   0  -4  -1   0   0  -5   0  -4    1   6  17  20   0  10   7   2   7   0   1   9   3   0   3   6   4   0   4   1  0.45 0.30
   81 H     0  -2  -2  -3   0  -1  -3  -5   6   2   0  -4  -2   1   0  -3  -2   2   1   3    8   2   2   1   2   2   1   0  21  10   8   0   0   7   4   1   2   3   5  21  0.44 0.31
   82 E    -4  -3   0   6  -6   3   4  -4   0  -5  -3  -1  -1  -6  -2  -2  -2  -6  -5  -4    0   0   3  38   0  11  29   1   2   0   2   4   2   0   2   2   2   0   0   1  1.01 0.52
   83 E     0   2   1   2  -5   2   4  -3  -1  -5  -4   2  -4  -5  -3   1   0  -5  -4  -4    9   9   6  10   0   8  27   1   1   0   1  13   0   0   0  10   4   0   0   1  0.51 0.33
   84 A     4  -4  -2  -3  -3  -3  -4  -3   0   3  -1   0   2  -2  -4  -1  -2  -4  -1   2   37   0   2   1   0   0   0   0   2  21   5   5   6   1   0   2   1   0   2  13  0.50 0.35
   85 F    -5  -5  -6  -6  -5  -5  -6  -6   2   1   3  -5   0   6  -6  -5  -3   2   4  -1    0   0   0   0   0   0   0   0   6   9  31   0   2  32   0   0   1   3  15   2  1.11 0.51
   86 D     1   0   0   3  -5   2   3  -3  -2  -4  -4   3  -4  -3  -3   0  -2  -5  -4  -2   12   5   3  16   0  10  24   1   1   0   1  16   0   1   0   6   1   0   0   3  0.50 0.32
   87 D    -3   1   1   3  -5   2   4  -4  -1  -4  -3   3  -4  -5  -4   0  -2  -5  -3  -4    1   6   6  17   0   8  30   0   1   1   2  18   0   0   0   7   2   0   0   0  0.66 0.38
   88 F    -7  -7  -8  -8  -7  -7  -8  -7  -6  -5  -4  -7  -5   8  -8  -7  -7   9   2  -6    0   0   0   0   0   0   0   0   0   0   0   0   0  69   0   0   0  26   5   0  2.89 0.96
   89 L    -3   1  -2  -4  -4  -1  -2  -1  -3   1   3   2   5  -3  -4   0  -2  -4  -3   0    0   7   1   0   0   2   1   6   0   6  26  14  22   0   0   8   0   0   0   6  0.41 0.28
   90 R    -3   4  -3  -3  -6   6  -1  -4  -3  -6  -5   5  -3  -6  -4  -3  -3  -5  -4  -5    0  21   0   0   0  43   0   0   0   0   0  36   0   0   0   0   0   0   0   0  1.37 0.50

                      K         Lambda
Standard Ungapped    0.1367     0.3263
Standard Gapped      0.0509     0.2670
PSI Ungapped         0.1644     0.3097
PSI Gapped           0.0509     0.2670
