
Last position-specific scoring matrix computed, weighted observed percentages rounded down, information per position, and relative weight of gapless real matches to pseudocounts
            A   R   N   D   C   Q   E   G   H   I   L   K   M   F   P   S   T   W   Y   V   A   R   N   D   C   Q   E   G   H   I   L   K   M   F   P   S   T   W   Y   V
    1 M    -3  -4  -5  -6  -4  -3  -4  -5  -4   0   2  -4  10  -2  -5  -4  -3  -4  -3  -1    0   0   0   0   0   0   0   0   0   3  12   0  86   0   0   0   0   0   0   0  1.90 0.46
    2 E     2  -2   1   1  -3   1   4  -2   1  -4  -4  -1  -3  -4   0   2   0  -4  -3  -2   18   0   7   6   0   3  32   0   3   0   0   1   0   0   3  20   4   0   0   2  0.45 0.21
    3 D     1  -1   0   4  -2   2   1  -2  -2  -4  -3  -1  -3  -4   0   2   1  -4  -4  -3   13   3   1  30   1   9   8   1   0   0   1   0   0   0   4  18  10   0   0   1  0.45 0.21
    4 E     1  -1  -2  -1  -3   2   3  -3  -2  -1   0   1   0  -3   3  -1   0  -4  -2   0   13   2   0   1   0  11  21   0   0   2   8   7   3   0  18   1   6   0   1   7  0.32 0.19
    5 N     0   0   2   1  -3   1   1   0  -2  -3  -3  -1  -1  -4   3   1   1  -4  -3  -3    7   5  13   9   0   9   8   7   0   1   1   2   1   0  15  13   8   0   0   0  0.31 0.16
    6 I     0   3  -1  -2  -3   0   1  -1   0   1  -1   1  -1  -2   0   0   0  -3  -1  -1    8  25   1   1   0   4  10   4   2  11   7   5   0   1   4   6   8   0   2   3  0.15 0.13
    7 L     2  -2  -2  -3  -2  -1  -2  -2   0  -1   0  -2  -1  -1  -1   3   3  -3   2  -1   16   1   0   0   0   2   1   1   2   3   9   0   1   1   2  23  25   0  10   3  0.31 0.23
    8 R    -3   5   3  -2  -5   0  -1   1  -2  -3  -2   1  -3  -4  -2  -2   0  -5  -4  -4    0  42  17   1   0   3   3  12   0   1   4   7   0   0   2   1   7   0   0   0  0.67 0.34
    9 N    -1   2   2   1  -3   2   2  -2   0  -3  -1   1  -1  -3  -2   0   1  -3   2  -3    5  10  12   8   0   9  13   2   2   0   5   8   1   0   1   4  11   0   8   0  0.22 0.17
   10 A     2   0  -1   2  -3   2   3  -3  -1  -3  -3   0  -1  -4  -2   1   0  -4  -3  -2   23   3   1  10   0   9  25   0   1   0   2   5   1   0   1  11   5   0   0   1  0.39 0.25
   11 V    -2  -3  -4  -4  -4  -2  -5  -2  -1   3   4  -4   5  -1  -5  -4  -2   1  -1   0    2   1   0   1   0   1   0   4   2  15  46   0  17   1   0   0   1   2   1   5  0.71 0.36
   12 N    -4  -4   8  -1  -1  -1  -3  -3  -3  -6  -6  -3  -5  -6  -5   2   1  -7  -5  -5    1   0  72   2   2   2   0   1   0   0   0   0   0   0   0  14   7   0   0   1  1.76 0.70
   13 L    -4  -4  -1  -6  -4  -5  -5  -6   0   0   5  -5   1   3  -6  -5  -3  -4  -1  -1    0   0   4   0   0   0   0   0   2   3  69   0   3  13   0   0   1   0   1   2  1.10 0.49
   14 Q     2   2   1  -3  -2   1  -2  -2  -2  -2  -3   2  -3  -4  -2   2   2   3  -3  -2   16  14   8   0   1   7   0   1   1   2   1  12   0   0   1  19  13   4   0   2  0.35 0.27
   15 V     2  -4  -4  -5   0  -3  -4  -4  -5   0  -1  -4   2  -3  -4  -1   0  -5  -1   6   20   0   1   0   2   1   0   0   0   1   3   0   4   0   0   4   4   0   2  57  0.85 0.45
   16 L    -4  -5  -6  -6  -4  -5  -5  -6  -5   3   6  -5  -1  -2  -5  -5  -4  -4  -4   0    0   0   0   0   0   0   0   0   0  16  77   0   0   0   0   0   0   0   0   4  1.40 0.56
   17 K    -2   5  -2  -3  -5   6  -1  -1  -2  -5  -4   3  -2  -5  -4  -1  -2  -5  -4  -5    2  33   1   0   0  34   1   4   1   1   1  17   1   0   0   3   2   0   0   0  1.05 0.52
   18 F    -4   7  -2  -4  -3   0  -2  -1  -1  -5  -3   1  -1  -3  -5  -2  -2  -5  -4  -5    1  68   2   0   1   4   2   5   1   0   2   7   1   1   0   2   3   0   0   0  1.37 0.59
   19 H    -3   1  -1  -3  -3  -1  -2  -4   6   2   0  -1   0   1  -4  -3  -2   0   5  -1    1   7   2   1   1   3   2   0  25  12  10   3   2   4   0   1   2   1  19   4  0.59 0.34
   20 Y    -4  -3   0   7  -1  -1  -1  -4   0  -3  -3  -3  -4  -2  -4  -2  -4  -6   0  -2    0   1   3  70   1   2   2   0   3   2   3   0   0   2   0   3   0   0   4   3  1.39 0.59
   21 P    -1  -3   1  -3  -3   0  -1  -5  -3  -2  -5  -1  -5  -6   7  -1  -3  -6  -5  -5    6   1   8   1   0   4   3   0   0   3   0   4   0   0  64   4   1   0   0   0  1.62 0.62
   22 E     1  -2   0   0   0   0  -1  -2   2  -3  -2   1  -3   1  -2   2   0  -2   4  -3   13   1   5   6   3   3   3   2   6   0   3   8   0   5   1  18   7   0  17   0  0.25 0.23
   23 I    -1  -5  -6  -6   1  -5  -6  -6  -5   6   0  -5  -1  -1  -5  -4  -2  -5   0   3    6   0   0   0   3   0   0   0   0  60   7   0   1   2   0   0   2   0   3  16  1.15 0.50
   24 E    -1   1   1  -1  -2   1   2  -2  -1  -1  -2   1  -1  -3  -3   1   2  -4  -3   1    1   9   5   2   1   6  15   1   1   4   2  10   1   0   0  14  17   0   0  10  0.23 0.21
   25 S     0   2   0   2   0   2   2  -2   1  -4  -4   1  -3  -4  -3   3   0  -4  -1  -3    6  10   2  13   2  11  11   2   3   0   0   9   0   0   0  26   3   0   2   1  0.38 0.27
   26 I    -4  -6  -6  -6  -4  -5  -6  -7  -6   7   2  -5  -1  -3  -6  -5  -2  -5  -1   3    0   0   0   0   0   0   0   0   0  67  15   0   0   0   0   0   2   0   2  14  1.44 0.59
   27 I     0  -4  -4  -5  -3  -3  -2  -5   0   2   4  -2   1   1  -1  -3  -2   1  -1   2    7   0   0   0   0   0   2   0   2   9  48   2   2   4   3   1   1   2   1  12  0.47 0.30
   28 D     0  -2  -1   4   0  -2   0  -1   0   0  -1  -1   0   2  -2   1  -1  -3   1  -2    8   2   1  29   3   0   5   4   3   7   4   2   3  10   1  11   2   0   5   0  0.22 0.22
   29 I    -1  -1   0  -3  -1   2  -2  -2   2   1  -1   1  -1  -2  -3   0   3  -4  -1   1    2   2   4   0   1  10   1   1   5  12   5  11   1   0   0   7  22   0   2  12  0.17 0.21
   30 A     4  -4  -3  -4   1  -2  -3  -2  -1  -2  -3  -3  -1   1  -3   3   2   1  -3  -2   41   0   0   0   3   1   0   2   2   2   0   0   1   6   1  20  14   2   0   2  0.55 0.40
   31 S     2  -2  -1  -2  -1  -1  -2   1  -1  -2  -4   0  -3  -4   3   3   2  -4  -3  -1   19   2   1   1   1   2   0   9   1   2   0   4   0   0  18  26  12   0   0   3  0.45 0.28
   32 H    -3  -2   1  -3  -1   2  -2  -3   7  -3  -4  -2  -3   3  -4   1  -2  -3   4  -2    0   1   8   0   2   9   2   1  33   1   0   2   0  15   0  11   1   0  13   2  0.83 0.42
   33 V     3  -4  -4  -3   3  -4  -4  -4  -4   0  -1  -4  -2  -3  -4  -1   0  -5  -3   5   26   0   0   2   6   0   0   0   0   2   3   0   0   0   0   4   4   0   0  52  0.76 0.42
   34 A     2  -2  -2  -3   1  -2  -3  -3   0   0  -1  -1   0  -3  -1   1   2  -4  -3   3   18   2   0   0   3   1   0   0   3   2   4   4   1   0   2  12  17   0   0  28  0.28 0.25
   35 V    -1  -4  -4  -4  -3  -3  -3  -3  -4   2   3  -3   1   0  -2  -3  -2  -4  -2   4    6   0   0   0   0   0   2   1   0   8  38   1   2   3   2   0   0   0   1  33  0.54 0.31
   36 Y    -5  -2  -2  -6  -5  -4  -5  -3   0  -4  -2  -5  -1   1  -6  -5  -5  -1   9  -4    0   2   2   0   0   0   0   2   2   0   3   0   1   4   0   0   0   0  81   0  2.24 0.79
   37 Q    -1   1   1   1  -3   1   2  -2   2  -2  -3   2  -1  -2  -2   1   1  -4  -1  -2    4   9   6   6   0   4  18   2   6   3   1  12   2   1   0  13   9   0   2   2  0.21 0.17
   38 F    -4  -5  -5  -5  -5  -2  -5  -4   0   1  -1  -2   1   7  -6  -4  -4   4   4  -3    0   0   0   0   0   2   0   1   3   7   4   3   4  57   0   1   0   5  12   0  1.33 0.53
   39 W    -4  -3  -4   2  -5  -4  -4  -5  -4  -5  -2  -5  -1  -1  -3  -2  -4  12  -1  -5    1   2   0  12   0   0   1   1   0   0   4   0   2   2   2   4   0  68   0   1  2.71 0.74
   40 L    -1  -1   0   0  -3   2   3  -3   0   0   0   0   0  -2  -2   0   0  -3  -2   1    4   2   4   4   0  10  27   1   2   7   7   4   2   1   0   5   6   0   0  12  0.20 0.17
   41 K     1   3   0  -1  -4   1  -1  -3   1  -3  -2   5  -2  -4  -1  -1   0  -4  -3  -2   10  19   4   2   0   4   2   1   4   0   4  40   0   0   2   2   5   0   0   2  0.51 0.28
   42 T     1  -1  -1  -2   0   1   0  -2   0  -1   0   0   1  -3  -1   1   3  -3  -2  -1    9   3   2   0   2   6   7   2   2   2   9   6   5   0   2  12  28   0   0   2  0.20 0.17
   43 S    -1  -2   2   4  -1   1   1   2   1  -4  -3   0   1  -4  -1  -1  -2  -4  -3  -3    4   0  11  29   2   7   7  18   3   0   1   5   5   0   3   2   0   0   0   1  0.43 0.23
   44 I    -1  -1  -3  -4   2  -2  -3  -4  -2   3   0  -2   0   0  -1  -2   0  -2   3   3    4   3   0   0   6   2   0   1   0  22   7   2   2   3   2   1   6   0  12  26  0.31 0.20
   45 E    -3  -1  -2   2  -5   3   6  -1  -2  -4  -3  -1  -3  -2  -1  -1  -1  -4  -3  -4    1   2   0   9   0  12  56   5   0   0   3   0   0   2   2   2   3   0   0   1  0.85 0.39
   46 G    -1  -4  -3  -3  -4  -4  -4   6  -4  -4  -1  -3  -4  -4  -4  -2  -1  -4  -4  -4    5   0   0   0   0   0   0  76   0   0   8   0   0   0   0   1   5   0   0   1  1.37 0.48
   47 T     0  -2   0  -2  -1   1  -2  -1  -2   0  -2  -2  -2  -1   3   2   3  -3  -2   0    7   0   5   0   1   6   1   5   0   8   2   0   0   3  18  15  24   0   0   4  0.32 0.20
   48 F    -2  -3  -3  -3  -1   1  -3  -4   0   1   4  -3   3   2  -1  -3  -2  -2  -1  -1    2   1   0   1   1   7   1   1   3   9  48   1   8  10   4   1   2   0   1   1  0.41 0.23
   49 F    -1  -3  -2  -4  -1  -3  -3  -1   2  -1  -1  -3  -2   6  -4  -3  -1   5   2   0    6   1   2   1   1   0   1   4   6   2   2   1   0  46   1   1   4   7   6   8  0.71 0.31
   50 L    -1  -3  -3  -3  -2  -3  -1  -4  -3   3   2  -3   1   0  -3  -2  -1  -3  -2   4    4   1   0   1   0   0   6   1   0  18  26   1   2   3   1   1   2   0   0  33  0.42 0.22
   51 V    -2  -3  -2  -4   6  -3  -3  -4   2  -1  -1  -3  -2   2  -4   0  -2  -1   5   2    2   0   2   0  20   0   1   1   4   2   2   0   0   9   0   7   2   0  27  19  0.66 0.31
   52 K     0   0   1   0  -3   1   0  -3   2   0  -1   0   1  -3   1   0   0   4  -2   0    6   6   6   6   0   6   6   0   6   6   6   6   6   0   6   6   6   6   0   6  0.12 0.15
   53 D     0   1   1   1   2   1   1  -2  -1  -2  -1   1   1  -2   1   0   0  -2   1  -2    7   7   7   7   7   7   7   0   0   0   7   7   7   0   7   7   7   0   7   0  0.12 0.14
   54 Q     1   0   0   1   1   0   0   1   0  -1  -2   0  -2  -1  -2   1   1   2   0  -1   13   6   4   7   3   5   4   9   3   4   3   5   0   3   0  10   9   3   3   4  0.07 0.11
   55 R     0   0   0   0  -2   1   0   0   1   0  -1   0   1   0   1   0   0  -2   1   0    6   6   5   6   0   5   6   6   5   6   6   6   5   5   6   6   6   0   5   6  0.03 0.06
   56 A     1  -4   0  -2  -5  -3  -1   1  -4  -3  -4  -1  -4  -2   6   1  -3  -5  -1  -4   10   0   5   2   0   0   4  12   0   2   2   3   0   2  46   9   0   0   3   0  1.01 0.51
   57 R    -2   4  -1  -1  -4   1   1  -3   2  -3  -2   1  -2   0   3  -1  -2  -3   1  -2    2  27   2   2   0   8   7   2   6   1   3   7   1   4  14   3   2   0   6   2  0.41 0.28
   58 V    -1  -3   0  -2   1  -2  -3  -4   4  -1  -1  -1   1   4  -2  -2  -1   1   5  -1    4   0   4   2   3   2   0   0  10   2   6   4   4  19   2   2   3   2  27   4  0.56 0.32
   59 G     0   0   0  -3   4   1  -2   4   0  -3  -2  -1   0  -3  -3   1  -1   2  -3   0    5   5   4   0  10   8   2  30   2   0   2   3   2   0   0  11   3   3   0   7  0.36 0.24
   60 Y     0  -3  -3  -3   2  -2  -3  -3  -2   2   2  -3   2   4  -3  -2   0  -1   2   1    7   1   0   1   5   0   1   1   0  14  18   1   6  22   1   1   7   0   6   9  0.27 0.15
   61 V    -1   0  -2  -3   1   0  -2  -3   2   3   0  -2   2   3  -3  -2   0  -2   1   1    4   5   0   0   4   4   0   1   7  23   6   0   6  14   0   1   9   0   6   9  0.18 0.14
   62 I    -1  -3  -3  -3   1  -3  -3  -3  -3   4   1  -3   1  -1  -3  -2  -1  -3  -2   4    1   1   1   1   4   1   1   1   0  36  10   1   4   1   1   1   1   0   0  35  0.46 0.16
   63 L     0  -2   0  -2  -2  -2  -2  -2   1   1   3  -2   2   1  -2  -1   0  -1   1   1    6   1   6   1   0   1   1   1   5   6  37   1   9   6   1   1   6   0   5   6  0.16 0.07
   64 N    -2  -1   6   3  -3  -1  -1  -1  -1  -3  -3  -1  -3  -3  -2   2  -1  -3  -3  -3    1   1  59  13   0   1   1   1   0   1   2   1   0   1   1  14   1   0   1   1  0.80 0.19
   65 R    -3   7  -2  -3  -4   1  -2  -4  -3  -4  -4   2  -3  -4  -4   0  -1  -4  -4  -4    1  66   0   1   0   5   1   1   0   1   1   9   0   0   1   8   4   0   0   1  1.31 0.43
   66 N    -2   3   2   0  -1   0  -1  -3  -1  -1   1   3   0  -2  -3  -1  -1  -3  -1  -1    2  16  11   6   1   4   2   1   1   3  19  22   2   0   0   3   2   0   1   4  0.23 0.16
   67 S     0  -2   2   0  -3   0   0   2   2  -3  -2   1  -3  -3  -3   3   0  -4   0  -3    6   0  10   6   0   4   4  18   5   0   5   8   0   0   0  23   5   0   4   0  0.28 0.24
   68 P     0   0  -1   0  -2   1   0   0   2   0   0   0   1   0   1   0   0  -3  -1   0    6   6   0   6   0   6   6   6   6   6   6   6   6   6   6   6   6   0   0   6  0.04 0.08
   69 E    -1  -1   2   2  -3   0   3   0   1  -3  -2   1  -1  -1  -1   0   0  -3  -1  -2    2   2  12  10   0   3  25   7   3   0   3   9   2   3   3   3   8   0   2   2  0.24 0.20
   70 N    -3  -1   6   3   1  -2  -1  -3   2  -4  -4  -2  -4  -1  -1   1  -1  -4   0  -2    1   3  44  15   3   0   3   1   4   0   1   0   0   3   3   9   3   0   3   4  0.73 0.43
   71 L    -3  -1  -3  -4   0  -1  -3  -4   1   0   2  -3   1   4  -1  -2  -2   4   2   1    1   4   0   0   3   3   0   1   5   3  21   0   4  25   3   3   0   7   6  13  0.43 0.28
   72 Y    -1  -1  -2  -1   0  -1   0  -2  -1   3  -1  -1   1   0  -3   1   1  -3   0   2    3   3   1   3   2   2   5   2   2  20   4   2   3   4   0  12  10   0   3  19  0.19 0.20
   73 L     0  -1  -3  -2   0   1   4  -4   1   2   1  -2   0  -1  -4  -2  -2   0  -2   0    7   3   0   1   2   8  29   0   4  11  16   1   2   2   0   2   1   1   1   7  0.34 0.30
   74 F    -2  -1   1   3  -2  -1   0   1  -1  -2  -2  -2  -2  -1   4  -1  -1  -4   0  -3    2   3   7  20   1   2   6  10   2   2   5   1   1   3  22   4   3   0   3   2  0.40 0.28
   75 I    -2  -5  -5  -5  -4  -5  -5  -6  -5   5   4  -5   1   1  -5  -2  -4  -5  -4   1    2   0   0   0   0   0   0   0   0  33  43   0   2   4   0   4   0   0   0   8  1.01 0.51
   76 N     0   0   1   1  -3  -1  -2   0   1  -1   0  -1  -1  -3  -2   0   3  -3   1   0    8   5   7   9   0   2   1   6   3   2   9   2   2   0   2   7  24   0   5   6  0.16 0.20
   77 H    -1   0   0   1  -2   0   1   0   1  -4  -3   2  -2  -4   4   1   1  -4  -2  -3    5   5   4   6   1   2  11   8   4   0   2  13   1   0  19   8   8   0   1   1  0.34 0.24
   78 P    -1  -1   1   3  -4   0   2   1  -1  -2  -2  -1  -1  -3   0   0   0  -4  -2   0    4   2   6  18   0   3  14  13   1   2   3   3   2   1   5   7   5   0   2  10  0.21 0.20
   79 S    -2  -3   0   3   0  -1   1  -3  -1   0   2  -2   3   2  -4  -1   0   0  -2  -1    2   1   4  18   2   2   8   2   2   4  19   2  10  10   0   5   5   1   1   3  0.23 0.23
   80 N    -2   0   3   4  -5   1   3  -1   2  -2  -4   0  -2  -4  -4  -2  -2  -5  -2  -1    3   4  16  21   0   6  22   4   5   2   1   6   1   0   0   2   1   0   1   5  0.51 0.34
   81 V    -1  -5  -5  -5   0  -4  -5  -5  -2   3   1  -4   3   4  -5  -3  -2  -3   1   4    4   0   0   0   2   0   0   1   1  14  13   0   6  20   0   1   1   0   5  30  0.72 0.40
   82 H    -3   0  -1   1  -1   4   6  -2   0  -5  -4   0  -4  -3  -4  -2  -3   0  -4  -3    1   5   3   6   2  16  47   2   2   0   2   4   0   1   0   3   1   1   0   2  0.89 0.53
   83 L    -1  -2  -1  -3   1  -1  -1  -2   0   3   2  -2   1   0  -2  -1  -1  -3   0   2    3   2   3   1   3   3   4   3   2  16  25   2   3   3   1   3   3   0   3  17  0.23 0.19
   84 V    -1  -1   1   0  -4   4   1  -3   2  -2  -2   1   0  -2  -3   1   2  -4  -2   0    3   2   5   5   0  19   8   1   6   2   3   9   3   1   0   8  17   0   1   6  0.31 0.29
   85 D    -1  -2   0   5  -2  -1   2   3  -2  -4  -4  -1  -4  -5   1  -1  -1  -5  -5  -3    4   1   4  29   1   2  12  20   1   1   1   4   0   0   7   5   3   0   0   2  0.56 0.37
   86 R    -4   0   3   2  -5  -1   3  -1   0  -5  -5  -1  -5  -5   5  -1  -1  -6  -5  -4    0   4  13  11   0   2  23   6   2   0   0   2   0   0  26   4   3   0   0   1  0.76 0.46
   87 Y    -3  -5  -4  -5  -5  -5  -4  -4   0   0   1  -5   0   6  -5  -5  -2  -2   7  -1    3   0   1   0   0   0   1   1   2   5  13   0   3  29   0   0   3   0  34   3  1.22 0.57
   88 L    -4  -5  -5  -5  -4  -4  -3  -6  -2   4   4  -5   1  -1  -5  -5  -3  -4  -1   3    0   0   0   0   0   0   2   0   1  27  39   0   3   2   0   0   0   0   2  19  0.93 0.46
   89 I    -4  -5  -2  -5  -4  -2  -5  -4  -1   5   2  -4   4   2  -5  -3  -2  -4   0   0    0   0   2   0   0   2   0   1   2  41  21   0   9  10   0   2   2   0   3   4  0.83 0.44
   90 H    -3  -4  -3  -5  -2  -2  -5  -4   1   2   1  -4   0   4  -5  -2  -3   3   6   1    2   0   1   0   1   2   0   1   3  10  14   0   2  16   0   3   1   4  31   9  0.84 0.44
   91 R    -4   6  -1  -2  -5   2  -1  -2   0  -5  -3   4  -2  -5  -2  -2  -1  -2  -3  -5    0  45   3   2   0   7   3   3   2   0   2  22   1   0   2   2   4   1   1   0  0.99 0.53
   92 T    -1  -1   4   0   0  -1  -2  -2  -1  -1   0  -1   0  -3  -1   1   2  -5  -4   0    4   3  27   5   2   3   1   3   1   4   8   3   2   1   2  13  11   0   0   8  0.31 0.27
   93 E     2  -1  -1   2  -2   0   3   1   0  -2  -1   0  -1  -3  -1   0  -1  -4  -2  -1   17   2   3  10   1   4  21   9   2   1   8   5   1   1   3   5   2   0   1   4  0.21 0.20
   94 N     0   0   1   0   2   1   0   0   2  -2  -1   0   1  -2  -3   0   0   4   1  -1    6   6   6   6   6   6   6   6   6   0   6   6   6   0   0   6   6   6   6   6  0.10 0.14
   95 Q    -1   0   0   2   1   2   1   2   1  -3  -1   0   0  -1  -1   0  -1  -3   0  -2    4   3   5  11   3   9   7  17   4   0   7   6   3   3   3   5   4   0   3   3  0.12 0.15
   96 H     0   0   1   0   2   1   0   0   2   0  -1   0  -1   0  -2   0   0  -3  -1   0    6   6   6   6   6   6   6   6   6   6   6   6   0   6   0   6   6   0   0   6  0.04 0.07
   97 V    -1   0  -4  -1   2  -3  -1  -4  -4   5   0  -3   2  -2  -4  -3   0  -4   0   2    5   6   0   5   5   0   5   0   0  38   6   0   5   0   0   0   5   0   4  15  0.45 0.30
   98 V    -3   0   0  -4   1   0  -3  -2   3   0   0  -1   0   3  -4  -1  -1   2   6  -1    0   6   5   0   3   4   0   3   7   5   8   3   3  10   0   3   3   2  29   4  0.46 0.32
   99 G     0   0  -1  -3   3  -3  -3   6  -3  -4  -4  -3  -4  -4  -3   1  -3  -4   0  -4    7   6   3   0   7   0   1  59   0   0   1   0   0   0   0  10   0   0   3   1  0.96 0.34
  100 L    -3  -4  -4  -4  -3  -4  -4  -5  -4   6   3  -4   1   1  -4  -4  -3  -3  -2   2    1   0   0   0   0   0   1   1   0  48  27   0   3   7   0   1   0   0   0   9  0.84 0.32
  101 W    -4  -2  -5  -5  -5   0  -5  -5  -4   0  -1  -5  -4   1  -5  -2  -4  12   1  -4    1   3   0   0   0   4   0   1   0   6   5   0   0   4   0   4   0  66   4   0  2.58 0.66
  102 M    -2  -5  -5  -5  -4  -5  -5  -5   1   3   0  -5   1   7  -5  -3  -3  -2   0   1    2   0   0   0   0   0   0   0   4  17   3   0   4  58   0   2   0   0   0   9  1.12 0.41
  103 F    -3  -4  -1  -3   1  -1  -4  -3   5  -2  -3  -4  -3   5  -5  -1  -1   0   6  -2    1   0   4   1   3   3   0   2  16   2   0   0   0  26   0   4   4   1  31   2  0.92 0.37
  104 D     0  -2   3   4  -1   1   2  -2   0  -4  -4  -1  -4  -5   1   1  -1  -5  -4  -1    6   1  18  25   1   5  16   1   2   0   0   2   0   0   7   9   3   0   0   5  0.49 0.25
  105 P     0  -1  -1   3  -4   2   2  -1  -2  -2  -4   2  -1  -4   2   1  -1  -5  -4  -1    7   2   1  16   0  10  17   4   0   2   0  14   1   0  10  12   1   0   0   4  0.35 0.20
  106 N    -1   1   1   1  -4   1   3  -1   0  -3  -2   1  -3   0   0   1  -1   2  -1  -3    4  10   8   6   0   5  21   4   2   1   3  10   0   6   3  10   2   3   1   1  0.22 0.16
  107 D    -3  -3  -1   5  -5   0   4  -4   1  -2  -5  -3  -2  -5   0  -1   1  -6  -5  -2    1   0   1  31   0   4  35   0   4   3   0   0   1   0   5   2  10   0   0   4  0.84 0.42
  108 M    -1   4   0  -1   7   0  -2  -2  -2  -3  -2   0  -1   0  -1  -1  -2  -5  -4  -2    3  27   4   3  28   4   2   3   1   1   4   4   1   4   4   3   2   0   0   2  0.71 0.35
  109 S    -1  -1   0   2  -4   2   3  -3   1  -1  -3   1   1  -4  -2   0   2  -5  -3  -2    4   1   3  11   0  11  21   1   4   3   1   8   5   0   1   7  16   0   0   2  0.35 0.24
  110 R    -1   6   0  -1  -5   0   1  -4   0  -3  -3   2  -2  -5  -3   0  -1  -5  -2  -3    5  44   4   4   0   2  11   1   2   2   2  10   1   0   1   7   3   0   1   2  0.69 0.36
  111 I    -1  -4  -1  -3   0  -2  -2  -5  -5   5   1  -4   0   0  -3  -3   0  -5  -3   3    4   0   3   1   2   1   3   0   0  36  13   0   2   3   1   1   7   0   0  24  0.60 0.32
  112 F     3  -2  -2  -2   2  -2  -1   1  -2  -2  -1  -2  -1   0  -4  -1  -1  -3   4   0   33   1   2   2   4   1   5   9   1   2   6   1   1   4   0   3   4   0  16   6  0.31 0.25
  113 N    -1  -1   5   1  -5   2   3  -3   0  -5  -4   3  -4  -3  -4   1  -1  -5  -3  -4    4   2  26   5   0  10  19   1   2   0   1  16   0   1   0  10   3   0   1   1  0.62 0.35
  114 I    -1  -1  -4  -5   2  -1  -4  -5  -3   1   4  -1   2   0  -4  -2   1  -2  -1   1    5   4   0   0   5   2   0   0   0   7  44   4   5   2   0   2   8   1   2   9  0.43 0.26
  115 V    -4  -2  -5  -6  -4  -3  -5  -6  -5   4   3  -5   4   3  -5  -5  -2  -4  -3   2    0   2   0   0   0   1   0   0   0  29  32   0  13  11   0   0   1   0   0  10  0.89 0.39
  116 K    -1   0   1  -1  -4   4   1   0  -2  -2  -2   4  -1  -3  -3   0  -1  -5  -4  -2    3   4   5   1   0  20  10   8   0   3   4  27   1   1   0   6   4   0   0   3  0.41 0.27
  117 E    -2   4   0   1  -5   1   4  -3   0  -5  -4   2  -2  -1  -4   0  -3   0   1  -5    1  22   4   7   0   5  30   1   2   0   1  12   1   2   0   5   0   1   6   0  0.60 0.33
  118 S    -1  -3  -4  -5   6  -2  -4  -5  -1   3   3  -2   1  -1  -3  -2   0  -4  -3   1    3   1   0   0  18   2   0   0   1  22  29   2   3   1   1   3   6   0   0   7  0.56 0.29
  119 L     1  -4  -5  -5   0  -4  -3  -4  -4   3   3  -4   0  -1  -4  -2  -1   5  -3   2   14   0   0   0   1   0   2   0   0  14  34   0   2   2   0   2   2   9   0  17  0.55 0.28
  120 L     0   1   0   1  -3   1   2  -2  -2  -2  -2   3   0  -4  -3   1  -1  -4  -3   1    8   5   4   6   0   6  13   1   0   1   1  25   3   0   0  12   0   0   0  13  0.27 0.18
  121 R    -3   5  -2  -3  -5   5  -1  -4  -2  -5  -4   4  -3  -5  -4  -2  -3  -5  -4  -5    0  41   0   0   0  34   0   0   0   0   0  25   0   0   0   0   0   0   0   0  1.25 0.39

                      K         Lambda
Standard Ungapped    0.1403     0.3254
Standard Gapped      0.0518     0.2670
PSI Ungapped         0.1694     0.3146
PSI Gapped           0.0518     0.2670
