
Last position-specific scoring matrix computed, weighted observed percentages rounded down, information per position, and relative weight of gapless real matches to pseudocounts
            A   R   N   D   C   Q   E   G   H   I   L   K   M   F   P   S   T   W   Y   V   A   R   N   D   C   Q   E   G   H   I   L   K   M   F   P   S   T   W   Y   V
    1 F    -5  -6  -6  -7  -6  -6  -6  -6  -3  -4  -4  -6  -4   7  -7  -6  -5   8   7  -5    0   0   0   0   0   0   0   0   0   0   0   0   0  42   0   0   0  23  35   0  2.28 0.68
    2 K    -4   2  -4  -4  -7   4   3  -6  -2  -7  -4   6  -5  -7  -5  -2  -3  -7  -6  -5    1   8   0   0   0  17  18   0   1   0   2  50   0   0   0   2   1   0   0   1  1.36 0.68
    3 C    -3  -7  -4  -7  10   1  -2  -7   0  -4   0  -5  -4  -1  -2  -4  -5  -6   1   1    2   0   1   0  53   8   3   0   2   0   9   0   0   3   2   1   0   0   5   8  1.83 0.78
    4 V    -3  -2  -4  -4   0  -4  -4  -5  -5   3   4  -4  -1  -1  -5  -1   2  -4  -4   2    1   3   1   1   2   0   1   0   0  18  36   0   1   2   0   4  14   0   0  14  0.66 0.40
    5 N    -2   2   4  -3   2   4  -3  -2   4  -6  -4   3  -4  -5  -5   0  -2  -6  -2  -4    3  11  18   0   5  18   0   3   9   0   1  20   0   0   0   7   3   0   1   1  0.72 0.46
    6 S    -2   1  -3  -5  -5   2  -4  -5   1   0  -4  -1  -4  -1  -5   1   6  -3   1  -1    2   8   1   0   0   8   0   0   4   4   1   4   0   2   0  11  45   0   5   3  0.83 0.55
    7 L    -4  -5  -7  -7  -5  -6  -7  -6  -1   2   6  -4   0   1  -4  -6  -3   0  -5   1    1   0   0   0   0   0   0   0   1  11  64   1   2   5   1   0   2   1   0   9  1.24 0.61
    8 K    -1   1  -2  -2  -2   3  -2  -3  -2  -2   1   4  -1   0  -2  -1   1  -3   0  -3    4   8   1   2   1  14   1   1   1   1  17  24   1   4   2   3  10   0   4   1  0.35 0.27
    9 E    -3  -2  -1   1  -4   2   6  -3   0  -3  -3  -2  -2  -4  -3  -2  -1  -3  -3  -3    2   2   2   6   0   8  55   3   2   2   3   2   1   1   1   2   4   0   1   2  1.02 0.45
   10 D    -3  -4  -3   3  -7  -3  -2   7  -4  -7  -7  -2  -7  -7  -4  -2  -4  -7  -5  -6    1   1   1  14   0   1   2  71   0   0   0   2   0   0   1   2   1   0   0   1  1.75 0.78
   11 H    -5  -6  -1  -3  -7  -3  -4  -6  11  -7  -7  -6  -6  -5  -5  -4  -6  -7   0  -7    1   0   3   2   0   1   1   1  84   0   0   0   0   1   1   1   0   0   3   0  3.47 1.25
   12 N    -1  -1   3  -1  -4   0  -1   1  -2  -3  -3   1  -4  -5  -3   3   3  -4  -3  -4    4   4  12   3   0   4   4  12   1   1   2   7   0   0   1  24  19   0   1   0  0.46 0.37
   13 Q    -1   0   3   3  -3   3   0   2   2  -5  -4  -1  -4  -4  -4   2  -1  -3  -2  -4    5   5  13  15   1  15   5  13   4   0   1   3   0   1   0  13   2   0   1   1  0.45 0.34
   14 P    -1   1  -1  -2  -1  -1  -1  -1   0  -2  -3  -2  -1  -2   4   2  -1   6   1  -3    6   9   2   2   1   3   5   4   2   3   2   1   2   2  20  16   4  11   5   2  0.45 0.34
   15 L    -4  -7  -7  -8  -5  -7  -7  -8  -7   4   2  -7  -3   0  -7  -6  -4  -3  -2   6    1   0   0   0   0   0   0   0   0  23  15   0   0   4   0   0   0   0   1  54  1.52 0.70
   16 F    -4   1   2  -4  -1  -1  -4  -3   0  -3  -2  -3  -1   5  -5  -1   1   6   5  -4    1   8  11   1   1   2   0   2   2   1   5   2   1  20   0   5   8  11  18   1  0.79 0.46
   17 G     2  -4  -3  -1   3  -3  -2   3  -5  -6  -5  -5  -6  -5  -5   5  -2  -5  -6  -5   14   0   1   4   6   1   2  19   0   0   1   0   0   0   0  49   2   0   0   0  1.08 0.64
   18 V    -2  -7  -8  -8   2  -7  -7  -7  -8   3  -2  -7  -4  -6  -7  -6  -5  -8  -6   7    4   0   0   0   3   0   0   0   0  12   4   0   0   0   0   0   0   0   0  75  1.98 0.87
   19 Q     5  -1  -2  -4   2   3  -3  -2  -2  -3  -4   1  -3  -6  -5   0  -1  -6  -4   0   43   3   2   1   4  15   1   2   1   1   1   7   1   0   0   7   4   0   1   7  0.70 0.48
   20 F    -5  -6  -6  -6  -5  -6  -6  -6  -5  -1  -4  -6  -4   9  -6  -5  -5  -2  -2  -3    1   0   0   0   0   0   1   1   0   3   1   0   0  85   0   1   1   1   1   2  2.81 1.02
   21 N    -1  -1   5  -1   2  -1  -1  -1   0  -2  -2  -1  -2  -1  -2   3  -1  -2   1  -2    5   2  25   3   4   2   3   3   2   2   5   3   1   3   2  23   3   1   5   3  0.38 0.18
   22 W    -1  -1  -1  -1  -1   1  -1  -1   2  -2  -2  -1  -2   1   5   0  -1   4   0  -2    5   3   4   3   1   6   3   4   6   3   5   3   1   6  27   6   4   5   3   3  0.41 0.16
   23 H    -1  -1   0   3  -2   0  -1  -2   3   1   0  -1  -1   1  -1  -1  -1   1   2  -1    3   3   5  18   1   4   3   3   8   9   7   3   2   7   2   4   3   2   9   4  0.17 0.10
   24 S    -2  -4  -2   0  -3  -2  -3   1  -3  -4  -1  -3  -2  -5  -4   6  -1  -5  -3  -2    3   1   2   6   1   1   1  10   1   1   7   2   1   0   1  58   3   0   1   2  1.00 0.59
   25 K    -2   1  -3  -2  -5  -2  -2  -2   1  -4  -3   3  -3  -4   6   1  -2  -5  -4  -3    4   7   1   2   0   2   2   3   3   1   3  15   1   1  42  10   2   0   1   2  0.96 0.49
   26 E    -2   1   0   6  -4  -1   2  -3  -1  -4  -4  -1  -3  -4   0  -2  -2  -1  -1  -4    3   7   4  46   0   2  11   2   1   1   2   4   1   1   5   3   2   1   3   1  0.87 0.42
   27 G    -2  -2  -1   0  -4  -2  -3   6  -3  -3  -3  -2  -2  -3  -2  -2  -1  -2   1  -4    3   2   2   5   0   2   2  59   1   1   3   2   1   1   3   3   4   1   5   1  1.02 0.42
   28 D    -1   0   1   2   0   3   1  -2   0  -3  -3   2  -2  -1  -2   0   1  -2   0  -2    5   5   7  12   2  17   8   3   2   1   3  11   1   2   1   7   8   1   3   2  0.24 0.18
   29 P    -2   2   1   0  -2   0  -1  -2  -1  -2  -1   1  -1  -2   2   0   3  -2  -1  -2    2  10   7   5   1   4   3   3   2   2   7   9   1   2  11   5  22   0   2   3  0.23 0.19
   30 L    -3  -2  -3  -3  -3   0  -4  -4  -2   4   4  -2   1  -1   1  -3  -2  -4  -3   0    2   2   2   2   0   5   1   1   1  21  41   3   3   2   6   1   2   0   1   6  0.57 0.32
   31 V     3  -6  -5  -6  -4  -5  -6  -6  -4   4   2  -5  -2  -4  -6  -4  -2  -6  -4   5   25   0   0   0   0   0   0   0   0  20  15   0   1   0   0   0   2   0   0  34  0.99 0.53
   32 F     2  -5  -4  -5  -3  -4  -4  -4  -5  -2  -1  -4  -4   5  -5   4  -1  -4  -3   0   19   0   0   0   0   0   0   1   0   2   5   0   0  26   0  36   3   0   0   6  0.94 0.54
   33 A     5  -6  -5  -5  -2  -5  -5   3  -6  -6  -6  -5  -6  -6  -5   4  -3  -7  -6  -4   39   0   0   0   1   0   0  23   0   0   0   0   0   0   0  34   1   0   0   1  1.32 0.72
   34 T     0  -5  -4  -5   3  -4  -5   3  -6  -4  -6  -5  -5  -5  -4   5   3  -7  -3  -1    7   0   0   0   5   0   0  19   0   1   0   0   0   0   1  44  16   0   1   4  1.03 0.63
   35 V     1  -3  -2  -2   2  -2  -2  -1  -2  -1  -2  -2  -2  -1  -3   4   0   2   0   3    9   1   2   2   4   1   2   5   1   2   4   1   1   2   1  29   5   2   4  22  0.37 0.26
   36 G    -1  -1   1   2  -3  -1   1   4   1  -4  -4  -1  -4  -2  -3   1  -2   0  -2  -4    5   3   7  14   1   3   7  31   3   1   2   3   0   2   1  11   2   2   2   1  0.45 0.27
   37 S    -3  -3  -1   7  -5  -4  -3   1  -2  -8  -7  -1  -7  -5  -6   1  -5  -8  -5  -7    2   1   3  67   0   0   1   9   1   0   0   3   0   1   0  10   0   0   1   0  1.78 0.83
   38 N    -4   2   5  -1  -1   2  -1  -2   2  -5  -4   4  -4  -5  -3  -1  -1  -6  -2  -5    1  10  29   3   1   9   3   3   5   0   1  23   0   0   1   5   4   0   1   0  0.77 0.47
   39 R    -3   3  -2  -5  -2  -2  -4  -4   1  -3  -5  -2  -1  -3  -6   1   6  -5  -3  -4    2  17   2   0   1   2   1   1   3   1   0   2   1   1   0   9  55   0   1   1  1.25 0.70
   40 V    -1  -7  -7  -7  -2  -7  -7  -7  -3   6  -1  -7  -4  -5  -7  -5  -3  -7  -6   5    5   0   0   0   1   0   0   0   1  46   4   0   0   0   0   0   1   0   0  41  1.67 0.74
   41 T    -5   6  -3  -5  -2  -1  -4  -6  -1  -1  -5   5  -2  -5  -6  -1   2  -4  -3  -3    0  38   1   0   1   3   0   0   1   4   0  30   1   0   0   4  13   0   1   2  1.16 0.63
   42 L    -5  -6  -6  -7  -5  -6  -7  -8  -7   5   5  -7  -1  -2  -7  -5  -3  -6  -5   3    0   0   0   0   0   0   0   0   0  29  51   0   1   1   0   1   1   0   0  16  1.43 0.66
   43 Y    -4  -6  -9  -9   1  -8  -8  -7  -7  -7  -6  -8  -7  -4  -9  -7  -8  12   6  -7    2   1   0   0   2   0   0   0   0   0   0   0   0   0   0   0   0  72  20   0  3.98 1.43
   44 E    -4   1   4   6  -7   1   3  -5  -3  -6  -6  -1  -6  -7  -6  -1  -5  -7  -5  -7    1   7  15  47   0   6  15   0   1   0   0   3   0   0   0   4   0   0   0   0  1.34 0.67
   45 C     2  -4  -5  -6   6  -5  -5  -4  -6   2   1  -5  -2  -1  -1  -3   0  -3  -4   4   15   1   0   0  16   0   0   1   0  10  12   0   1   3   3   2   6   0   0  28  0.71 0.41
   46 H     1   0   1   0  -3   1   1  -2   3  -2   0   1  -2  -3   0   1   1  -5  -3  -2   11   5   6   4   0   6  11   2   7   2  10  10   0   1   4  13   7   0   0   1  0.18 0.19
   47 S    -4  -2  -2   1  -5  -3   0  -4  -1  -4  -3  -1  -3  -6   0   3   6  -4  -5  -4    0   2   2   8   0   1   7   1   1   1   2   4   0   0   4  22  44   0   0   1  0.94 0.59
   48 Q    -3  -3   0   0  -3   1  -1   6  -3  -7  -6  -3  -6  -7  -6  -1  -3  -7  -3  -5    1   2   5   5   1   5   4  66   1   0   1   1   0   0   0   4   1   0   1   1  1.42 0.68
   49 G    -1   1   1  -2  -3   4   2   2  -2  -5  -4   4  -3  -5  -3  -1   0  -4  -4  -3    5   5   7   1   1  16  11  17   1   0   1  22   0   0   1   2   6   0   0   2  0.51 0.36
   50 E    -2  -3  -1  -2   7   3   3  -2   0  -3   0  -1  -3  -4   1  -1  -2  -5  -2  -1    3   1   3   1  22  12  17   4   2   1   9   4   1   0   8   4   2   0   1   6  0.57 0.38
   51 I    -4  -2  -5  -6   0  -1  -3  -5  -4   5   4  -1  -1  -1  -4  -5  -1  -4  -3   1    0   2   0   0   2   3   2   1   0  35  34   4   1   2   1   0   3   0   1   9  0.84 0.45
   52 R     1   3   0  -2  -2   4   0  -2   2  -3  -3   3  -2  -5  -3  -1  -2  -5  -1  -4   10  18   3   2   1  19   6   2   6   1   2  18   1   0   1   3   2   0   2   1  0.53 0.36
   53 L    -3  -3  -2  -3  -2  -3  -2  -5  -5   2   2  -1  -2  -3   1  -1   5  -5  -3   2    1   1   2   1   1   1   2   1   0   9  17   4   1   1   6   3  37   0   1  11  0.62 0.42
   54 L    -5  -4  -7  -7  -4  -5  -7  -7  -4   1   6  -4   0   2  -7  -5  -4   1  -4  -1    1   1   0   0   0   0   0   0   1   6  73   1   2   8   0   1   1   2   0   3  1.50 0.69
   55 Q    -2   1  -2  -1  -6   6   3  -2   1  -4  -4   2  -2  -5  -3  -1   0  -4  -3  -3    2   6   2   3   0  31  19   3   3   1   1  13   1   0   1   5   6   0   1   2  0.74 0.48
   56 S     0  -2  -3  -3   1  -4  -2   6  -4  -4  -5  -3  -4  -4  -5   1  -2  -2  -4  -2    7   2   1   1   3   0   3  59   0   1   1   1   0   1   0  11   2   1   1   3  1.15 0.58
   57 Y    -7  -5  -2  -6  -8  -3  -6  -6  10  -2  -5  -4  -6   0  -5  -4  -7   1   6  -5    0   0   2   0   0   1   0   1  60   3   1   1   0   4   1   1   0   2  23   1  2.60 1.03
   58 V     0   0  -1  -2   0  -1   0  -2  -1  -1  -1  -1  -2  -1  -2   3   3  -4  -2   1    7   5   2   2   2   3   5   3   1   3   6   3   1   3   1  21  21   0   1  10  0.22 0.21
   59 D    -2  -2   3   6  -2  -2  -1   1   0  -3  -4  -2  -4  -2  -3   0  -3  -5  -2  -4    3   2  14  43   1   2   3  12   2   1   2   2   0   2   1   6   1   0   1   1  0.85 0.42
   60 A     1  -1  -2  -1  -2  -2   1   0   0  -1  -1  -1  -2  -1   2   0  -2   7   1  -1   11   4   2   4   1   1  10   7   3   4   5   3   1   3  11   6   2  16   4   3  0.34 0.19
   61 D    -1  -1   0   3   0  -1  -1  -1   0   1  -1  -1  -1  -2  -1  -1  -1  -1  -2   2    5   3   4  21   2   3   4   4   2   9   5   4   1   2   3   5   4   1   1  19  0.16 0.10
   62 A     0   0   1   0  -1   0   0  -1   0  -1  -1   1   0  -1   1   1   1   0  -1  -1    8   5   7   5   1   3   7   5   3   3   7  10   2   2   6   9   9   1   2   5  0.05 0.03
   63 D     0  -1   1   3  -1   0   1   0  -1  -2  -2   0  -2  -1  -1   2   0  -2  -1  -1    6   2   7  17   1   3  11   8   1   2   4   5   1   3   3  17   4   1   2   3  0.17 0.10
   64 E     1  -1  -1  -1  -2   0   4  -2  -1   0  -1  -1   0  -2  -2   0  -1  -1  -2   2   11   3   2   3   1   3  27   3   1   4   4   3   2   2   2   7   3   1   2  17  0.24 0.15
   65 N     0   0   2   1  -1   2   1   0  -1  -2  -2  -1  -2  -1  -1   2   0   0  -2  -1    7   4  12   6   1   8   8   6   1   2   5   3   1   2   2  19   6   1   1   4  0.15 0.12
   66 F    -3  -4  -2  -4  -1  -4  -4  -4  -2   0   0  -4  -2   6  -4  -4  -3  -3   1   4    1   1   2   1   1   1   1   1   1   5   6   1   1  38   1   1   1   0   4  31  1.07 0.45
   67 Y    -2   1   1  -3   1  -2  -3  -3  -1  -2  -1  -2  -2   2  -3   3   0   1   6  -3    2   7   7   1   3   2   1   1   1   3   6   1   1   8   1  20   5   2  25   2  0.53 0.31
   68 T     0  -3  -2  -2   3  -2  -2  -2  -1  -3  -3  -2  -3  -3  -1   5   3  -3  -2  -2    8   1   1   1   6   1   2   2   1   2   3   2   1   1   4  42  17   0   1   2  0.69 0.37
   69 C    -2  -2  -3  -2   6  -2  -3  -3  -3   1   0  -3  -2  -2  -3  -1  -2  -1  -3   5    3   2   1   3  19   2   2   2   1   6   8   1   1   1   1   4   2   1   1  39  0.75 0.33
   70 A     4  -2  -2  -3   2  -2  -2  -1  -3  -1  -3  -2  -2  -3  -3   1   1  -3  -3   2   41   2   1   2   4   1   2   4   1   2   2   2   1   1   1  11   7   0   1  14  0.52 0.30
   71 W    -3  -3  -3  -4  -4  -3  -3  -4  -2  -2  -3  -3  -3   6  -4  -4  -3  10   0  -3    2   2   2   1   0   1   2   1   1   2   2   2   0  35   1   2   2  38   2   2  1.97 0.66
   72 T     1  -3  -2  -3   2  -3  -2  -2  -3  -3  -3  -3  -4  -3  -3   6   2  -3  -4  -3    9   1   1   1   4   1   3   2   0   1   2   1   0   1   1  56  12   0   1   2  0.99 0.51
   73 Y    -1  -1  -3  -3   2  -1  -3  -3   1   1  -1  -1  -2  -1   5  -2  -2  -3   3   2    4   3   1   1   5   3   1   2   4   9   6   3   1   2  27   3   1   0   9  16  0.50 0.27
   74 D     1  -3   1   6  -2  -2  -1  -2  -2  -2  -3  -2  -4  -3  -2  -1  -2  -4  -4  -3   13   2   7  52   1   2   3   2   1   3   2   3   0   1   2   3   2   0   1   2  0.98 0.44
   75 S    -1  -1  -1   0   0  -1  -1   2  -1  -1  -1  -1  -1   3   0   1  -1  -2   0  -1    4   3   2   5   2   2   4  18   2   4   6   3   1  15   5  13   4   0   3   4  0.13 0.10
   76 N     0   0   1   1  -1   1   0  -1   1   0  -1   1  -1  -2  -1   2   1  -2  -2  -1    5   4   7   6   2   6   6   4   3   5   5   7   1   1   2  19   9   0   1   5  0.10 0.09
   77 T    -2  -1   0   1  -3  -1  -1  -2   1  -2  -2  -1  -3  -3   5   1   4  -4  -3  -2    3   3   4   7   1   2   3   3   4   2   4   3   0   1  25   8  24   0   1   2  0.54 0.30
   78 S    -2  -1   1   4  -3  -1   0   2  -1  -2  -1  -1  -2  -2  -2   0  -2  -3  -2  -2    3   3   6  29   1   2   5  19   1   2   6   4   1   2   2   8   2   0   1   3  0.39 0.18
   79 H    -1  -1  -1   0  -2   0  -1   5   1  -3  -3  -1  -3  -3  -1   0  -1  -3  -1  -3    5   3   3   6   1   5   3  45   3   2   3   4   0   1   3   6   3   0   2   2  0.58 0.28
   80 P    -2   1   0  -2  -3   3   0  -2   1  -3  -2   2  -3  -3   4   1   0  -3  -2  -3    3   7   5   2   1  12   5   3   3   1   5  13   0   1  22   9   6   0   1   2  0.41 0.24
   81 L    -2   1  -2  -3  -1  -1  -2  -3  -1   2   2   1   2   1  -3  -2   0   1   0   0    2   9   1   1   1   3   2   1   1  15  26   8   6   5   1   2   7   2   3   4  0.24 0.17
   82 L    -4  -7  -7  -8  -4  -6  -7  -8  -7   4   5  -7  -2  -1  -7  -6  -5  -4  -4   2    1   0   0   0   0   0   0   0   0  24  60   0   0   2   0   0   0   0   0  11  1.48 0.66
   83 A     6  -6  -5  -6   2  -5  -5  -4  -6   0  -3  -5  -1  -5  -5  -4  -3  -7  -6   4   61   0   1   0   4   0   0   1   0   4   2   0   1   0   0   0   1   0   0  24  1.37 0.70
   84 V     1  -5  -4  -5  -1  -5  -5  -5  -6  -3  -4  -5  -5  -1  -5   6   0  -7  -3   1    9   0   0   0   1   0   0   0   0   1   2   0   0   3   0  66   5   0   1  10  1.39 0.76
   85 A     4  -4  -4  -4   4  -4  -5   6  -5  -6  -6  -5  -6  -6  -6   0  -4  -6  -4  -4   29   1   0   1   7   1   0  52   0   0   0   0   0   0   0   6   1   0   1   1  1.40 0.66
   86 G    -3  -5  -3  -4  -6  -5  -6   4  -6  -7  -7  -5  -7  -6  -5   6  -4  -7  -5  -6    1   0   1   0   0   0   0  33   0   0   0   0   0   0   0  62   0   0   0   0  1.81 0.88
   87 S     0   0   1   2  -2   0   1   0   0  -1  -1   0   0   0  -3   1  -1   4   1  -1    9   4   6  13   1   3  10   6   2   3   5   5   2   4   0  12   2   5   6   4  0.14 0.14
   88 R    -5   2   1   8  -8  -5  -2  -5  -4  -8  -6  -2  -7  -8  -6  -1  -2  -8  -7  -7    1  11   5  70   0   0   2   1   0   0   1   2   0   0   0   4   2   0   0   0  1.95 0.85
   89 G    -1   1   2  -1  -2   2   0   3   2  -5  -5   3  -2  -3  -3  -1  -2  -3  -2  -5    4   8  11   3   1   8   5  26   4   0   1  19   1   1   1   4   2   0   2   0  0.52 0.34
   90 I    -4  -3  -3  -4  -3  -2  -4  -5  -3   2  -2  -2  -1  -4  -6   0   7  -7  -6   1    1   2   1   1   0   2   0   1   1  13   3   3   1   0   0   6  57   0   0   9  1.24 0.67
   91 I    -4  -7  -7  -7  -4  -7  -7  -6  -7   7   0  -7  -1  -5  -5  -6  -3  -7  -6   4    1   0   0   0   0   0   0   0   0  61   6   0   1   0   1   0   1   0   0  27  1.82 0.75
   92 R    -6   7  -4  -6  -2  -1  -3  -6  -2  -4  -5   5  -3  -6  -6  -5  -5  -4  -2  -6    0  56   0   0   1   2   1   0   1   1   1  32   1   0   0   0   0   0   2   0  1.86 0.82
   93 I    -5  -6  -7  -7  -3  -6  -7  -7  -7   5   5  -6  -1  -1  -6  -6  -4  -6  -5   3    0   0   0   0   0   0   0   0   0  27  49   0   1   2   0   0   1   0   0  18  1.37 0.61
   94 I    -7  -8  -8  -9  -4  -7  -8  -8  -7   3  -2  -8  -2  -1  -8  -8  -6  12  -1  -3    0   0   0   0   0   0   0   0   0  13   5   0   1   2   0   0   0  72   2   2  3.60 1.26
   95 N    -5  -2   5   7  -3  -2  -1  -4  -3  -7  -6  -3  -7  -5  -6   0  -5  -7  -6  -6    0   2  24  57   1   1   3   1   1   0   1   1   0   1   0   7   0   0   0   0  1.70 0.76
   96 P     2  -4  -5  -3   2  -4  -5  -5  -4   2   0  -4  -2  -3   2  -2   1  -3  -3   4   18   0   0   1   4   0   0   0   0  12   8   0   1   1  10   2   9   0   1  33  0.62 0.38
   97 I     2   0   2  -1  -1   1   1  -1   0  -1  -2   1  -2  -3  -3   2   0  -4  -2  -1   15   5   9   2   1   7   8   3   3   4   3   9   1   1   1  17   6   0   1   5  0.19 0.19
   98 T    -3  -2   0  -2  -5  -2  -2  -3  -4  -3  -4  -2   0  -5  -5   3   6  -6  -6  -3    1   2   4   2   0   2   2   2   0   1   2   2   2   0   0  23  53   0   0   1  1.22 0.66
   99 M    -3   0  -2  -4  -7  -1   0   7  -2  -7  -5  -1   1  -7  -6  -2  -5  -5  -6  -6    2   6   2   1   0   2   5  68   1   0   1   4   4   0   0   2   1   0   0   0  1.50 0.69
  100 Q    -1   1  -1  -2  -3   5   2  -3  -2  -4  -5   4  -3  -5  -3   0   0  -6  -4  -3    4   7   3   2   0  23  14   2   1   1   1  27   1   0   1   6   6   0   0   2  0.71 0.45
  101 C    -1  -3  -4  -4   8   3   1  -4  -1   0   1  -3   0  -2  -2  -3  -3  -6  -3   0    5   1   1   0  30  13   9   1   2   6  15   1   2   1   2   2   1   0   1   6  0.86 0.46
  102 I    -2  -1  -3  -4  -1  -1  -2  -4   1   4   3   0   0  -2  -4  -2   0  -1  -2   1    2   3   1   1   1   3   3   1   3  24  29   7   2   1   1   2   5   1   1  10  0.41 0.27
  103 K    -1   3  -1  -2  -2   4  -2  -1   2  -4  -2   4   0  -2  -4  -2  -1  -2  -3  -3    6  15   3   2   1  17   1   5   5   1   3  27   3   1   1   3   3   0   1   1  0.56 0.37
  104 H    -2  -2   0  -2   1   0  -1  -5   3   0  -3   0  -3  -4  -2   1   5  -6  -3  -1    2   2   5   1   3   5   3   0   7   6   2   7   0   1   2   8  40   0   1   5  0.64 0.42
  105 Y    -4  -6  -7  -7  -6  -5  -7  -7  -6  -1   6  -6   0   4  -5  -6  -5   1   2  -3    1   0   0   0   0   0   0   0   0   2  67   0   2  16   1   0   1   2   7   1  1.53 0.68
  106 V    -2   1  -1   0  -3   2   3  -3  -2   0  -2   1  -2  -4  -2  -1   2  -3  -2   1    2   7   3   4   0   9  22   1   1   6   4   9   0   0   1   4  11   0   2  11  0.28 0.24
  107 G    -2  -5  -4  -4  -5  -6  -3   7  -6  -8  -6  -5  -7  -7  -7  -5  -5  -7  -4  -6    3   1   0   1   0   0   2  88   0   0   1   0   0   0   0   0   1   0   1   1  2.35 0.93
  108 H    -7  -3  -4  -6  -2  -2  -6  -7  11  -8  -8  -4  -7  -3  -7  -6  -7  -4   0  -8    0   1   1   0   1   1   0   0  88   0   0   1   0   1   0   0   0   0   3   0  3.73 1.29
  109 G    -2  -2  -1  -2  -3  -1  -1   4  -3  -4  -3  -2  -3  -4  -4   4   4  -6  -5  -3    2   2   3   2   1   3   4  27   1   1   3   2   1   0   0  26  22   0   0   1  0.69 0.44
  110 N    -2  -2   4   4  -3   0  -1   2   2  -6  -5  -2  -3  -4  -5   1  -3  -4  -1  -5    3   2  21  25   1   4   2  17   5   0   1   2   1   1   0  12   1   0   2   0  0.75 0.43
  111 A     1   0  -2  -1   0  -1   0   1  -1  -3  -2  -3  -2  -1  -1   2  -1   7   1  -2   13   5   1   3   2   2   5   9   2   2   3   1   1   2   3  17   4  17   4   3  0.45 0.31
  112 I    -4  -7  -7  -7  -5  -7  -7  -7  -7   5  -3  -7  -3  -5  -7  -6  -4  -7  -6   7    1   0   0   0   0   0   0   0   0  30   1   0   0   0   0   0   0   0   0  64  2.00 0.82
  113 N    -3   2   6  -3   0   0  -3  -3   1  -3  -2  -2  -1  -1  -5   0   1   5   2  -3    2  10  35   1   2   3   1   1   3   2   4   2   1   2   0   6   8   8   6   1  0.74 0.44
  114 E     1  -3  -3   1   1  -3   3  -1  -2  -6  -5  -3  -5  -5  -4   6  -1  -4  -5  -4    9   1   0   7   3   0  16   4   1   0   1   1   0   0   1  50   3   0   0   1  0.98 0.58
  115 L    -2  -6  -7  -7  -3  -6  -6  -7  -7   3   2  -6   0  -4  -6  -5  -4  -6  -5   6    3   0   0   0   0   0   0   0   0  17  17   0   2   0   0   1   1   0   0  58  1.49 0.65
  116 K     4   1  -1  -4   2   2  -2  -3  -4  -3  -4   2  -3  -5  -4   0   0  -6  -5   0   40   7   3   1   4   8   1   2   0   1   1  14   0   0   0   6   5   0   0   6  0.62 0.41
  117 F    -4  -7  -7  -3  -7  -7  -7  -7  -6   0  -3  -7  -4   9  -6  -4   0   2   0  -1    1   0   0   2   0   0   0   0   0   4   2   0   0  72   0   1   7   2   2   4  2.21 0.87
  118 H    -3  -4  -2  -3   1  -1  -5  -5   6  -5  -6  -3  -6  -3  -5   7  -4  -5  -5  -6    1   1   2   1   3   3   0   0  15   1   1   1   0   2   0  69   0   0   0   0  1.77 0.86
  119 P    -3  -4  -5  -1  -4  -4  -4  -4  -3  -4  -5  -3  -5  -5   8  -4  -3  -5  -5  -5    2   1   1   3   1   1   1   1   1   1   1   2   0   1  79   1   1   0   0   1  2.37 0.87
  120 R     0   1   0   0  -1   0   0  -1   1  -1   0   1   0  -1   0   1   0  -1   0   0    7   8   5   4   1   5   4   5   5   4  11   8   2   3   3  10   6   1   4   5  0.03 0.02
  121 D    -5  -3   4   7  -5  -3  -2  -3  -2  -6  -5   0  -5  -6  -6  -4  -4  -7  -5  -7    1   2  15  66   0   1   2   2   1   0   2   5   0   0   0   1   1   0   1   0  1.83 0.79
  122 P    -4  -2  -1  -4  -4  -4  -3   6  -3  -7  -5  -5  -6  -7   4   1  -4  -6  -5  -6    1   2   3   1   0   1   2  57   1   0   1   0   0   0  19  10   1   0   0   0  1.41 0.66
  123 N    -2   2   3  -2  -2   4  -1  -3   1  -5  -4   3  -2  -5  -5   2   1  -2  -2  -4    2   9  14   1   1  19   3   1   4   0   2  19   1   0   0  14   7   1   1   1  0.59 0.39
  124 L    -3   2  -4  -5  -3  -1  -4  -5   0   3   3   1   1  -2  -5  -3   3   0   1  -1    1  10   0   0   0   3   0   0   3  15  24   7   4   1   0   1  20   1   4   3  0.47 0.33
  125 L    -5  -6  -7  -7  -5  -6  -7  -7  -7   5   5  -6  -2  -1  -6  -6  -5  -6  -5   1    1   0   0   0   0   0   0   0   0  27  57   0   0   3   0   0   0   0   0  10  1.49 0.64
  126 L     5  -5  -6  -6  -2  -5  -5  -4  -6   0   1  -5  -1  -1  -5  -4  -3  -6  -5   3   51   0   0   0   1   0   0   1   0   5  12   0   1   3   0   0   1   0   0  22  1.06 0.56
  127 S    -4  -6  -4  -4  -6  -5  -5  -5  -6  -5  -6  -5  -6  -5  -6   8   1  -7  -6  -6    0   0   0   1   0   0   0   0   0   1   1   0   0   0   0  89   6   0   0   0  2.35 1.06
  128 V     3  -6  -3  -4   3  -5  -5   6  -6  -5  -6  -5  -5  -3  -5   0  -4  -6  -2   0   23   0   1   1   6   0   0  51   0   1   0   0   0   1   0   6   1   0   1   7  1.20 0.59
  129 S    -3  -6  -3  -3  -4  -5  -5  -1  -3  -7  -6  -5  -6  -7  -6   7  -4  -7  -7  -6    1   0   1   1   0   0   0   6   1   0   1   0   0   0   0  88   0   0   0   0  2.26 1.02
  130 K    -1   0   1   3  -2  -1   0   0   0  -3  -2   3  -1  -1  -3   0  -2   3   1  -2    5   5   5  17   1   1   6   6   2   1   4  20   1   3   0   8   2   5   6   2  0.27 0.23
  131 D    -6  -6  -2   8  -8  -4  -3  -1  -6  -7  -8  -6  -7  -8  -6  -5  -6  -8  -4  -7    0   0   1  90   0   1   1   4   0   0   0   0   0   0   0   1   0   0   1   0  2.77 1.05
  132 H    -3   2   2  -1   0   2   1  -2   4  -5  -3   4  -3  -2  -5  -2  -1   0   0  -4    1   9  11   2   2   9   8   3  11   0   3  26   1   2   0   3   4   1   3   1  0.55 0.36
  133 A    -1  -4  -4  -5   0  -5  -5  -6  -6  -3  -5  -3  -3  -7  -6   3   7  -7  -6  -4    4   1   1   1   2   0   0   0   0   1   1   1   1   0   0  20  67   0   0   0  1.79 0.85
  134 L    -3  -7  -3  -7  -3  -6  -7  -7  -7   7   1  -6  -1  -5  -7  -5  -4  -7  -5   5    2   0   2   0   1   0   0   0   0  50  12   0   1   0   0   1   0   0   0  31  1.56 0.66
  135 R    -6   7  -2  -6  -2  -2  -4  -4  -1  -4  -7   5  -6  -7  -6  -5  -4  -7  -6  -7    0  59   2   0   1   2   0   1   2   1   0  31   0   0   0   0   1   0   0   0  1.97 0.85
  136 L    -5  -6  -7  -7  -5  -6  -7  -7  -7   4   6  -6  -1  -3  -2  -5  -4  -6  -5   1    0   0   0   0   0   0   0   0   0  19  65   0   1   1   3   1   0   0   0   9  1.49 0.66
  137 W    -8  -6  -9 -10  -8  -8  -9  -8  -8  -4  -8  -9  -7  -1  -9  -7  -8  13  -4  -9    0   1   0   0   0   0   0   0   0   1   0   0   0   3   0   1   0  94   0   0  5.04 1.64
  138 N    -5  -3   6   7  -4  -2  -1  -5  -1  -7  -6  -3  -6  -7  -3  -1  -5  -7  -6  -7    1   2  31  51   0   1   3   1   2   0   1   1   0   0   1   5   0   0   0   0  1.68 0.74
  139 I     2  -4  -5  -6  -2  -4  -5  -5  -5   4   1  -5  -1  -3  -1  -2   0   1  -4   4   15   1   0   0   1   0   0   1   0  21  15   0   1   0   3   2   7   2   0  30  0.68 0.39
  140 Q     1   1   1   0  -3   2   1  -3   1  -2  -2   2  -1  -3  -3   2   0  -2  -2  -2   13   7   6   4   0   9  10   1   4   2   4  14   1   1   0  15   6   0   1   3  0.24 0.21
  141 T    -2  -4  -1  -3  -5  -2  -3  -3  -4  -5  -4  -1  -5  -4  -4   3   7  -6  -6  -4    2   1   3   1   0   2   1   2   0   0   1   3   0   1   1  20  59   0   0   1  1.40 0.71
  142 D    -3  -1  -3   1  -3   0  -1   6   0  -6  -7  -1   0  -7  -4  -2  -4  -3  -6  -6    1   3   1   7   1   5   4  64   3   0   0   3   3   0   1   3   1   0   0   0  1.35 0.62
  143 T    -1   1  -1  -1  -3   4   2  -3  -1   0  -3   3  -2  -5   0  -1   1  -3  -3   0    5   6   2   3   0  18  12   1   1   5   1  19   1   0   5   3   8   0   0   7  0.37 0.29
  144 L    -1  -3  -3  -4   8   2   2  -4   0  -2   1  -3  -1  -4  -2  -2  -1  -5  -2  -2    4   1   1   1  35  11  12   1   3   2  13   2   2   0   3   2   4   0   2   2  0.98 0.46
  145 V    -2  -1  -3  -4  -1  -1  -2  -3  -2   4   3  -1  -1   0  -3  -2  -1  -2  -3   3    2   3   1   1   1   3   3   2   1  25  27   3   1   3   1   2   3   0   1  17  0.46 0.25
  146 A     2   2   0  -3   1   4  -1  -3   2  -3  -1   2  -2  -3   0  -1  -1  -4  -1  -2   17  12   4   1   3  18   2   1   4   1   7  15   1   1   4   3   3   0   2   2  0.35 0.27
  147 I    -2  -3  -1  -2   0  -3  -3  -4  -3   4   0  -2   0  -3  -2  -2   5  -4  -3   2    2   1   3   3   2   1   1   1   1  21   8   2   2   1   2   3  35   0   1  11  0.61 0.33
  148 F    -2  -1  -2  -2   1  -2  -2   0  -1   0   2  -1   0   5  -1  -1  -1   0   0  -1    3   3   2   2   3   2   3   7   2   5  19   5   2  28   3   4   3   1   2   3  0.32 0.14
  149 G     1   0  -1  -1  -1   0   0   2   1  -1  -1   0  -1  -2   0   1   0  -2  -1  -1   16   4   2   4   1   5   6  17   3   3   5   7   1   2   3   9   4   1   2   3  0.11 0.06
  150 G     0  -1  -1  -1  -2  -1  -1   3   0  -2  -2   0  -2  -2   2   0   1  -2  -1  -1    6   3   2   4   1   3   4  26   2   2   5   6   1   2  11   6  10   1   2   3  0.23 0.10
  151 V    -1  -1  -3  -2  -3  -3  -1  -3   0   0   5  -3   0   0  -2  -3  -2  -2  -1   1    4   3   2   3   0   1   4   3   2   3  52   1   1   4   2   2   2   1   2   9  0.56 0.28
  152 E    -2   1  -1   1  -1   2   4  -1   1  -3  -3   1  -1  -3  -2  -2   1  -2  -1  -2    2   6   3   6   1   8  31   5   3   1   2   9   1   1   2   1  10   1   2   3  0.41 0.27
  153 G    -3  -5  -2  -4  -4  -5  -2   7  -6  -3  -6  -5  -6  -6  -6  -3  -5  -6  -6  -6    2   1   2   1   0   0   3  84   0   2   1   1   0   0   0   2   0   0   0   0  2.12 0.82
  154 H    -6  -5  -4  -6  -7  -3  -5  -6  11  -7  -6  -6  -6  -6  -6  -6  -6  -7  -1  -7    0   0   1   0   0   1   0   0  91   0   1   0   0   0   0   0   0   0   2   0  3.86 1.27
  155 R    -2   3   0  -1  -2   0   0  -1  -2  -3  -2  -1  -4  -4  -3   3   3  -3  -3  -4    2  18   4   3   1   4   5   5   1   1   4   3   0   0   1  26  21   0   1   1  0.52 0.38
  156 D    -1  -2   4   5  -6  -2   0   1   1  -6  -6  -2  -4  -5  -5   1  -3  -1  -2  -6    5   2  22  31   0   1   6  12   4   0   0   2   0   1   0  10   0   1   1   0  0.83 0.45
  157 E     0   1  -1   0  -2   0   2  -1  -1  -2  -3  -2  -2  -2   0   1  -1   7   1  -2    6   9   2   4   1   4  13   6   1   3   2   1   1   2   5  12   4  17   5   3  0.44 0.30
  158 V    -4  -7  -7  -7  -6  -7  -7  -7  -7   3  -2  -7  -4  -5  -4  -6  -4  -7  -6   7    1   0   0   0   0   0   0   0   0  15   3   0   0   0   1   0   1   0   0  78  2.10 0.85
  159 L    -3   2   3  -1   0  -2  -3  -4  -1  -1   2  -2   0   1  -4  -1   1   6   2  -2    1  10  13   3   2   2   1   1   1   2  24   2   2   5   0   4   8  10   6   1  0.42 0.30
  160 S     0  -5  -3  -3   1  -4  -3  -2  -2  -5  -4  -3  -6  -5  -5   7   1  -5  -5  -5    6   0   1   1   3   0   1   3   1   0   2   1   0   0   0  70   7   0   0   1  1.45 0.76
  161 A     0  -7  -7  -6   0  -2  -6  -4  -7   2  -1  -6  -4  -4  -7  -6  -4  -7  -3   7    6   0   0   0   2   2   0   2   0  10   6   0   0   0   0   0   1   0   1  69  1.58 0.71
  162 D     5   0  -1   4   2   1  -3  -3  -1  -4  -5  -2  -2  -5  -5   0  -1  -6  -4  -1   41   4   3  20   3   6   1   1   1   1   0   2   1   0   0   6   4   0   1   5  0.72 0.46
  163 Y    -7  -8  -8  -9  -3  -8  -8  -8  -6   0  -3  -8  -3   9  -9  -6  -7   5   3  -2    0   0   0   0   1   0   0   0   0   5   2   0   1  74   0   1   0   8   7   3  2.59 0.97
  164 D    -3  -4   1   0  -4  -5  -5  -4   4  -7  -7  -4  -6  -6  -5   7  -2  -7  -4  -6    1   1   7   6   0   0   0   1  10   0   0   1   0   0   0  69   1   0   0   0  1.71 0.84
  165 L    -2  -2  -4  -3  -3  -3  -3  -5   1  -3   0  -4  -1  -2   7  -1  -5  -7  -4  -5    3   2   1   1   1   1   2   1   4   1  11   1   1   2  61   6   0   0   0   1  1.60 0.74
  166 L    -4  -4   2   7  -3  -1  -2  -4  -4  -7  -1  -3  -7  -6  -6  -1  -2  -8  -7  -6    2   1   9  65   1   3   1   2   0   0   6   1   0   0   0   5   3   0   0   0  1.63 0.75
  167 G    -3  -6  -1  -4  -2  -7  -6   7  -4  -2  -7  -6  -4  -8  -5   0  -6  -5  -8  -6    2   0   3   1   1   0   0  80   0   3   0   0   0   0   1   7   0   0   0   1  2.05 0.90
  168 E    -2   2   1   1  -4   4   0  -3   0  -5  -3   3  -3  -5  -5   1   2  -4  -1  -4    2  12   7   6   0  19   6   1   2   0   2  19   0   0   0   9  12   0   2   1  0.55 0.39
  169 K    -4   3  -2  -5  -2   0  -4  -6   1   1   0   2   1  -1  -5  -2   3   1   2  -3    1  18   2   0   1   4   0   0   3   8  11  11   4   3   0   2  21   2   8   1  0.50 0.38
  170 I    -6  -7  -8  -8  -6  -7  -8  -8  -8   6   5  -4  -1   0  -7  -7  -5  -7  -6   1    0   0   0   0   0   0   0   0   0  35  48   1   1   4   0   0   0   0   0   9  1.55 0.71
  171 M     6  -7  -7  -7  -1  -6  -6  -5  -7   0   0  -6   1  -3  -6  -4  -3  -7  -6   4   53   0   0   0   1   0   0   0   0   4   9   0   4   1   0   1   2   0   0  26  1.31 0.71
  172 S    -5  -7  -5  -7  -3  -3  -6  -7  -7  -8  -7  -7  -8  -6  -7   8  -1  -9  -8  -8    0   0   0   0   1   1   0   0   0   0   0   0   0   0   0  92   4   0   0   0  2.65 1.27
  173 C     2  -6  -6  -5   7  -6  -6   6  -7  -7  -6  -6  -6  -6  -6   1  -5  -7  -4  -3   15   0   0   1  18   0   0  49   0   0   0   0   0   0   0  12   1   0   1   2  1.54 0.74
  174 G    -2  -6  -1  -6  -3  -6  -6   3  -5  -8  -7  -6  -7  -8  -6   7  -4  -8  -7  -7    3   0   2   0   1   0   0  23   0   0   1   0   0   0   0  69   0   0   0   0  1.93 0.98
  175 M    -1   0   0   2  -4  -2   0   0   3  -2  -2  -2   5   1  -5   0  -2   4   2  -2    6   4   5  12   0   1   6   8   6   2   4   2  18   6   0   6   2   5   6   2  0.37 0.30
  176 D    -8  -7  -3   9  -9  -6  -4  -5  -7  -9  -9  -7  -8  -9  -4  -6  -7  -9  -6  -9    0   0   1  94   0   0   1   1   0   0   0   0   0   0   1   0   0   0   0   0  3.19 1.29
  177 H    -4   2   4  -2  -1   3  -1  -1   5  -6  -6   4  -3  -6  -6  -1  -2  -5  -2  -6    1  10  20   2   1  13   3   4  15   0   1  21   1   0   0   4   3   0   1   0  0.88 0.52
  178 S    -2  -4  -4  -5  -2  -4  -6  -5  -2  -3  -6  -4  -3  -7  -4   3   7  -7  -3  -3    3   1   0   0   1   1   0   1   1   2   0   1   1   0   1  17  67   0   1   2  1.76 0.91
  179 L    -4  -7  -8  -8  -6  -7  -7  -8  -8   7   1  -7  -2  -3  -7  -6  -4  -7  -6   5    2   0   0   0   0   0   0   0   0  49  10   0   1   1   0   0   1   0   0  36  1.78 0.78
  180 K    -5   6  -1  -6  -1  -3  -3  -5  -6  -5  -6   6  -4  -6  -7  -5  -5  -8  -3  -5    1  42   3   0   1   1   1   1   0   1   0  45   0   0   0   1   1   0   1   1  1.85 0.88
  181 L    -6  -5  -7  -8  -6  -6  -7  -4  -7   5   5  -7   1  -2  -7  -7  -5  -7  -6   1    0   1   0   0   0   0   0   2   0  31  54   0   3   1   0   0   0   0   0   7  1.53 0.71
  182 W    -9  -9 -10 -10  -9  -8  -9  -9  -9  -9  -5  -9  -8  -6  -9  -9  -9  13  -5  -7    0   0   0   0   0   0   0   0   0   0   2   0   0   0   0   0   0  96   0   1  5.33 1.89
  183 R    -3  -1   4   7  -3  -1  -1  -5  -3  -6  -5  -2  -7  -6  -6   1  -2  -8  -3  -5    2   4  15  53   1   3   4   0   1   0   1   2   0   0   0   9   3   0   1   1  1.36 0.70
  184 I     2  -4  -5  -6  -3  -4  -5  -3  -6   2   2  -5   2  -2  -1  -3   1  -4  -4   4   16   1   0   0   0   0   0   2   0  12  20   0   5   2   3   1   8   0   0  27  0.61 0.38
  185 N     1   0   2   1  -1   2   1  -2   1  -3  -3   1  -2  -3   0   2   0  -4  -3  -2   12   5   9   8   1   8  10   3   3   1   2   7   1   1   5  15   6   0   0   2  0.21 0.19
  186 S    -2  -3  -1  -1  -5  -2  -3  -2  -1  -4  -5   0  -5  -6  -4   4   6  -6  -4  -5    3   2   3   4   0   1   2   3   2   1   1   5   0   0   1  24  46   0   0   0  1.09 0.63
  187 K    -3  -1  -3  -1  -5  -3  -1   6  -3  -7  -6   1  -4  -3  -1  -2  -5  -4  -5  -6    2   4   1   4   0   1   4  64   1   0   1   8   0   1   4   2   1   0   1   1  1.36 0.67
  188 R    -1   2  -1  -1  -6   4   4  -4   0  -2  -4   3  -3  -6  -3  -1   0  -6  -2  -3    6   9   2   3   0  15  23   1   2   2   2  19   0   0   1   4   6   0   2   2  0.58 0.40
  189 M    -2  -2  -3  -2   7   2   2  -4  -1   0   1  -3   1   1  -2  -2  -3  -4  -3   0    4   2   1   2  25  11  12   1   1   6  11   1   4   6   3   2   1   0   1   5  0.66 0.39
  190 M    -3   0  -4  -5  -3   1  -2  -4  -2   4   3   1   1  -2  -4  -3  -1   3  -3   1    2   4   1   0   1   8   3   1   1  22  25   8   3   2   1   1   3   5   1   9  0.47 0.31
  191 N    -1   3   2   0  -3   4   0  -2   2  -3  -2   3  -3  -4  -2  -1   0  -5  -3  -2    6  13   8   5   1  18   4   3   5   1   4  17   0   1   1   3   5   0   1   3  0.41 0.30
  192 A     1  -1  -3  -3  -1  -2  -2  -4  -2   1  -2   0  -2  -4  -1   1   5  -5   1   0   10   3   1   1   1   1   3   1   1   8   3   5   1   1   4   8  38   0   5   6  0.55 0.39
  193 I    -4  -4  -6  -5  -3  -5  -6  -4  -4   3   5  -5  -1   2  -3  -4  -4   0  -3   1    2   1   0   1   0   0   0   2   0  13  56   1   1   8   1   1   1   1   1   9  1.07 0.52
  194 K    -1   1  -1  -1  -3   3   4  -3   0  -3  -3   2  -3  -4  -2   0   1  -1  -2  -3    5   7   2   3   1  13  28   2   2   2   2  14   0   1   2   5   8   1   1   2  0.50 0.35
  195 E    -2  -2  -3  -1  -3  -1   0   6  -2  -5  -4   1  -4   0  -5  -2  -4  -5  -3  -5    3   2   1   4   1   3   7  56   1   1   2   9   0   4   0   3   1   0   1   1  1.06 0.54
  196 S    -3  -3  -2  -3  -2  -2  -3  -2   9  -4  -4  -2  -4  -4  -2   4  -3  -5  -1  -4    3   1   2   1   1   2   2   3  46   1   2   3   0   1   3  25   2   0   2   1  1.58 0.68
  197 Y    -1  -1   0   0  -1  -1  -1  -1   1  -2  -2  -1  -1   1   0   3   2  -1   2  -3    4   3   4   5   1   2   3   5   4   2   4   3   1   5   5  24  14   1   8   1  0.25 0.22
  198 D    -2   0   3   4  -3  -2   0   1   1  -3  -3  -1  -3  -3  -2   2   1  -4  -2  -3    3   5  12  23   0   1   6   9   4   1   2   4   1   1   2  14   9   0   2   2  0.39 0.25
  199 Y    -1   1  -2  -2  -2  -2  -2   1   1  -1  -2  -2  -2   1  -1  -1   0   8   2  -1    6   8   1   2   1   2   3  12   4   4   4   2   1   5   3   6   5  20   7   5  0.52 0.26
  200 N     0   0   0  -1   1   0  -1  -1   0   1  -1   0  -1  -2   1  -1   1  -1  -1   2    6   5   4   4   3   4   4   4   2   9   5   4   1   1   9   5   9   1   2  20  0.10 0.09
  201 F    -1   1   0   1   0  -1  -1  -1   0  -1  -1   0   0   3  -1   0   0   4   1  -1    3   8   6   9   3   2   3   5   2   4   7   4   2  13   4   9   5   5   4   3  0.10 0.09
  202 I    -1  -1   0  -2  -1  -1  -2  -2   2   2   0  -1  -1  -1   1   0  -1   1   0   3    3   4   4   3   1   2   2   3   5  14  11   4   1   2   7   8   3   2   3  20  0.14 0.13
  203 S     0  -2   0   1  -3  -2  -2  -2  -1  -2  -2  -2  -1  -3   2   1   3   5  -1   2    7   2   4   9   0   1   1   2   1   2   3   3   1   1   9  11  16   8   2  14  0.31 0.24
  204 Q     0  -1   0   0  -2   2  -2  -2   0   0  -2   1  -2  -2  -3   4  -2   0  -2   0    8   4   4   5   1  10   2   2   2   6   3   9   1   2   1  30   2   1   1   6  0.30 0.26
  205 K    -1  -1  -1  -3  -3   0  -2  -2  -1   0  -2   1  -2  -1  -2   0   4  -3  -2   3    5   3   2   1   0   4   2   3   1   5   3  10   1   3   2   5  23   0   1  22  0.32 0.25
  206 I     1  -2  -2  -3   1   0  -1  -3  -3   4  -1  -1  -1   0  -2   0  -1  -3  -3   3   14   2   2   1   3   5   3   1   0  21   6   3   1   3   2   8   2   0   0  21  0.34 0.23
  207 H    -2   2  -1  -2   1   2  -2  -3   6  -2  -3   1  -3   4  -1  -1  -1   1   1  -3    3  12   2   2   3   8   2   2  16   2   2  10   1  19   3   4   3   2   4   2  0.53 0.32
  208 F    -2  -2  -2   0  -2  -2  -2   0  -1   1   1  -3   0   4  -4   3  -1  -3   2  -2    2   2   1   5   1   1   2   6   2   7  13   1   2  16   1  25   4   0   7   2  0.35 0.26
  209 P    -3  -3  -3  -3  -2  -3  -3  -4  -3  -5  -4   0  -5  -5   7  -3  -3   8  -3  -2    3   2   1   1   1   1   2   1   1   1   2   5   0   1  49   2   2  21   1   3  1.75 0.76
  210 D    -2  -3   1   6   2  -1  -1  -4   2  -1  -2  -3  -2  -4  -3  -1   0  -5  -2  -1    3   1   5  47   4   3   4   1   4   4   4   2   1   1   1   4   5   0   2   5  0.86 0.44
  211 F     0  -1  -1  -3  -1  -2  -2   0  -1   2   1  -2   0   4  -3  -1  -1  -2   0   1    7   4   3   1   2   2   2   9   1  12  11   2   2  22   1   4   3   1   3  10  0.25 0.17
  212 S    -1   1  -1  -2  -2   3  -1  -3   2  -2  -3   2  -1  -3  -3   4   0  -4  -2  -1    5   6   3   2   1  11   4   2   4   2   2  13   2   1   1  29   6   0   1   5  0.39 0.29
  213 T    -2  -3  -2  -3  -4  -4  -4  -3  -4   0  -2  -2  -2  -3   1   1   6  -5  -4  -1    4   1   2   2   0   1   1   2   0   6   5   3   1   1   8  11  49   0   0   3  0.94 0.52
  214 R    -1   2  -1  -2  -3  -2  -2   1  -3  -2   3  -2  -1   1  -3   0  -1   3  -3  -2    6  14   3   3   0   1   2  10   1   2  31   2   1   6   1   6   4   4   1   2  0.29 0.23
  215 D    -1   0   0   3  -4   3   3  -3   0  -2  -3   2  -1  -4  -2   0   0  -4  -3  -2    4   5   4  16   0  11  21   2   2   2   3  10   1   1   2   7   5   0   1   3  0.40 0.26
  216 I    -2  -3  -4  -4   3  -4  -3   5  -3   2  -1  -3  -2  -4  -3  -3  -3   0  -4   2    3   1   1   1   5   1   2  41   1  13   7   2   1   1   1   2   1   2   0  15  0.74 0.38
  217 H    -5  -2  -2  -4  -7  -3  -5  -6  11  -7  -5  -5  -6  -3  -6  -5  -6  -6   0  -7    1   3   2   1   0   1   1   1  82   0   1   1   0   1   0   1   0   0   3   1  3.40 1.23
  218 R    -2   3   0   0  -4   0  -1   0  -2  -3  -2  -1  -3  -4  -3   4   3  -2  -2  -4    3  14   5   4   0   4   3   6   1   2   4   4   0   1   1  27  18   1   2   1  0.45 0.34
  219 N    -3  -2   5   4  -4  -2  -1   2   3  -5  -4  -2  -3  -3  -5   1  -2  -5  -2  -4    2   2  30  20   0   2   4  13   6   0   2   2   1   1   0   9   2   0   2   1  0.80 0.45
  220 Y    -1   0  -2  -3   0  -1  -3  -1  -1  -2   0  -3  -2   1  -2   0  -1   7   6  -2    5   6   2   2   2   3   2   5   1   2   8   1   1   5   2   8   3  16  23   2  0.70 0.40
  221 V    -3  -4  -6  -6  -5  -3  -6  -4  -6   3  -3  -4  -3  -4  -5  -4  -4  -6  -4   7    2   1   0   1   0   1   1   2   0  13   2   1   0   1   1   1   1   0   1  72  1.77 0.76
  222 D    -3   1   3   4  -2  -1  -1  -2  -1  -2  -1  -1  -1  -2  -4  -1   0   5   2  -3    2   8  13  25   1   2   2   3   2   2   6   3   1   2   1   5   6   8   6   2  0.47 0.31
  223 C     1  -4  -3  -3   8  -4  -4  -1  -2  -5  -4  -4  -5  -5  -3   5  -2  -4  -5  -4   10   1   1   1  29   1   1   5   1   0   2   1   0   1   1  41   2   0   0   1  1.43 0.69
  224 V    -2  -5  -2  -4  -2  -5  -5  -5  -6   2  -1  -5  -2  -2  -5  -4  -1  -6  -5   7    3   0   2   1   1   0   1   1   0   9   5   1   1   2   1   2   4   0   0  66  1.45 0.65
  225 R     4   4  -2  -3   0   2  -2  -2  -2  -3  -4  -1  -2  -4  -4   0   0  -5  -4  -1   39  19   2   1   2   9   2   2   1   1   1   2   1   1   1   6   5   0   1   5  0.69 0.43
  226 W    -4  -6  -6  -6  -6  -4  -6  -6  -5  -2  -2  -6  -3   8  -3  -6  -3   8   1  -4    2   0   0   1   0   1   1   1   0   2   3   1   1  58   2   1   2  20   4   1  2.26 0.88
  227 L    -3  -4  -1  -3  -3  -4  -4  -5   1  -2   1  -4  -2   1  -5   6  -3  -3   1  -1    1   1   2   1   1   0   1   1   3   2  11   1   1   6   0  57   1   0   5   4  1.08 0.62
  228 G    -4  -6  -4  -5  -7  -3  -6   7   1  -7  -7  -5  -7  -6   4  -2  -4  -7  -6  -6    1   0   1   1   0   1   0  64   3   0   0   1   0   0  21   3   1   0   0   0  1.80 0.84
  229 D    -4  -1   2   6  -7   3  -1  -2  -2  -7  -6   2  -5  -6  -6   0  -1  -7  -5  -7    1   3   8  44   0  14   4   3   1   0   0  11   0   0   0   6   3   0   0   0  1.16 0.63
  230 L    -3   2  -4  -5  -3  -1  -4  -4  -1   1   2   1   1   3  -5  -1   2   0   2  -1    1  10   0   0   1   3   0   1   2   9  21   8   4  11   0   4  15   1   6   3  0.36 0.28
  231 I    -4  -7  -5  -7  -6  -5  -7  -8  -7   6   4  -5   0  -1  -7  -6  -4  -6  -6   2    1   0   1   0   0   1   0   0   0  39  39   1   1   2   0   0   1   0   0  15  1.43 0.66
  232 L     5  -7  -7  -7  -2  -5  -6  -6  -7   0   2  -6  -1  -1  -6  -5  -5  -7  -5   4   46   0   0   0   1   1   0   0   0   4  20   0   1   2   0   0   0   0   0  24  1.21 0.66
  233 S    -4  -7  -6  -6  -7  -6  -6  -5  -7  -5  -6  -6  -7  -5  -7   8   0  -9  -8  -7    1   0   0   0   0   0   0   1   0   1   1   0   0   1   0  90   5   0   0   0  2.52 1.22
  234 K     1   0  -5  -6   3  -4  -5   5  -5  -4  -6   3  -6  -5  -6  -1  -3  -4  -4  -4   11   5   0   0   6   1   0  47   0   1   1  19   0   0   0   5   2   0   1   2  1.13 0.61
  235 S    -1  -6  -3  -4   0  -6  -6  -1  -5  -9  -6  -7  -8  -9  -6   7  -5  -9  -8  -6    5   0   1   1   2   0   0   4   0   0   1   0   0   0   0  86   0   0   0   0  2.30 1.15
  236 C     0  -1   0   2   5  -2  -1   0   1  -2  -2  -2  -3  -1  -3   0  -1   4   1   0    8   3   4  13  15   1   4   8   4   1   3   2   0   2   1   7   4   6   5   7  0.31 0.25
  237 E    -7  -6  -3   8  -9  -5   3  -5  -1  -9  -9  -6  -9  -9  -7  -3  -7  -1  -7  -9    0   0   1  76   0   0  17   1   1   0   0   0   0   0   0   2   0   1   0   0  2.49 1.10
  238 N    -2   1   5   0  -1   2  -2   0   1  -6  -5   4  -2  -4  -4  -1  -2  -2  -2  -6    3   6  30   5   1   9   2   7   3   0   1  21   1   1   1   5   2   1   2   0  0.75 0.48
  239 A    -1  -2  -3  -6   1  -5   0  -5  -1  -2  -3   0  -2  -6  -5   1   7  -7  -5  -2    5   3   1   0   2   0   6   1   2   2   3   6   1   0   0  10  56   0   0   2  1.20 0.70
  240 I    -4  -8  -8  -8  -6  -6  -8  -6  -8   7  -1  -8  -1  -4  -8  -7  -5  -8  -7   4    2   0   0   0   0   0   0   1   0  63   4   0   1   1   0   0   1   0   0  27  2.05 0.87
  241 V    -5   6  -5  -6   0  -4  -4  -6  -3  -1  -2   5  -2  -5  -6  -4  -4  -4  -5   3    1  35   0   0   2   0   1   1   1   3   4  31   1   0   0   1   1   0   0  18  1.23 0.66
  242 C    -4  -5  -8  -8   5  -7  -8  -6  -8   4   5  -7  -2  -1  -7  -7  -5  -7  -6   0    2   1   0   0  10   0   0   1   0  18  59   0   1   2   0   0   0   0   0   6  1.49 0.70
  243 W    -9  -9 -10 -10  -9  -9  -9  -7  -3  -5  -7  -9  -5  -3 -10  -6  -9  13  -5  -9    0   0   0   0   0   0   0   1   1   1   0   0   0   1   0   1   0  94   0   0  5.17 1.84
  244 K    -4   0   3   6  -6   0   1  -4  -1  -6  -6   3  -3  -6  -5  -2  -5  -7  -6  -5    1   5  14  43   0   4   8   1   2   0   1  15   1   0   0   4   0   0   0   1  1.18 0.60
  245 P     2  -3  -3  -2  -3  -2  -3  -2  -1   1   0  -3  -2   0   5   0  -1   0  -2   2   18   1   1   2   0   1   1   3   1   7   8   1   1   4  24   6   4   1   1  12  0.43 0.24
  246 G     1   0   0   1  -1   0   0   2   0  -2  -1   1  -1  -2   0   1   0  -2  -2  -1   11   4   5   7   1   5   5  18   2   2   6   8   1   2   4   9   5   1   1   3  0.11 0.07
  247 K    -1   0   0  -1  -2  -1  -1   0  -1  -1  -2   1  -1  -2   0   2   4  -2  -2  -1    3   5   4   4   1   2   3   9   1   3   4   8   2   2   4  14  25   1   1   5  0.22 0.15
  248 M    -1   0   0  -1  -1  -1  -1   3   1  -1   0   0   1   1  -1   0  -1  -1   0  -1    3   5   3   3   1   3   4  26   4   4   8   6   5   6   2   7   3   1   3   4  0.15 0.10
  249 E    -1   0   0   0  -2   2   2   0   1  -1  -1   1  -1  -1  -1   1   0  -2  -1  -2    5   5   3   5   1   9  17   6   3   3   6  10   2   2   3  10   4   1   2   3  0.14 0.09
  250 D     0  -1  -1   3   0   2   2  -1  -1  -1  -1  -1  -1  -2   1   1  -1  -2  -1  -1    7   3   3  15   2  11  12   5   1   3   5   3   2   2   6  10   3   1   2   5  0.16 0.10
  251 D     0   0   0   2  -1   0   1  -1   0   0   0   0  -1  -1   0   0   0   1  -1   0    6   5   4  12   1   3   7   5   2   5   8   8   1   2   5   8   6   2   2   6  0.05 0.02
  252 I     0   0  -1   0   0   0   0   0  -1   1   0   0   0   0   0   0   1  -1   0   1    5   4   3   4   2   3   5   8   1   9   9   4   2   5   5   7   9   1   2  11  0.01 0.01
  253 D     0   0   0   2  -1   0   1  -1  -1   0  -1   0   0  -1   0   0   1   1  -1  -1    6   6   4  11   1   4   9   5   2   6   6   5   2   2   5   7   9   3   3   4  0.06 0.03
  254 K     0   1   0   0  -1   0   0  -1   0  -1  -1   1  -1  -1   2   1   0  -1  -1  -1    6   7   4   5   1   4   6   4   2   4   6  11   2   2  10  10   7   1   2   5  0.09 0.04
  255 I    -1  -1  -1  -2  -2  -1  -1  -2  -1   3   2  -1  -1  -1   0  -1   0  -2  -2   3    4   3   3   2   1   2   3   3   1  15  18   3   1   3   5   4   6   0   1  20  0.18 0.11
  256 K     0   1   0  -1  -1   1   0  -2   0  -1  -2   2  -1  -2  -1   1   0   2  -1  -1    9   8   5   3   1   5   6   3   3   3   4  16   1   2   2  12   6   3   2   4  0.13 0.10
  257 P    -1  -1  -1  -1  -2  -1  -1   0  -1  -2  -2  -1  -1   0   3   1   3   2  -1  -1    4   3   3   4   1   3   4   7   2   2   5   3   1   4  16  10  21   2   2   3  0.28 0.17
  258 S    -1  -1   0  -2  -2   0  -2   4   2  -2  -2  -1  -2  -2  -1   2   0  -1  -2  -2    4   3   5   2   1   4   3  32   4   3   3   3   1   2   3  15   6   1   1   3  0.38 0.21
  259 E    -1   0   0   1  -2   2   4  -2  -1  -2  -2   1  -2  -3   1   0   0  -3  -2  -2    5   4   4   8   1   8  26   4   1   2   4   8   1   1   7   6   5   0   1   3  0.29 0.19
  260 S     0   0   0   1   5  -1   0   0   0  -2  -2  -2  -3  -3  -1   2   2  -3  -2  -1    6   5   4   7  12   3   7   8   2   2   4   2   1   1   3  17  12   0   1   4  0.25 0.18
  261 N    -1   0   1   0   0   0  -1   1   0   0   0  -1   0  -1  -1   1   1  -2  -1   0    4   4   8   6   2   3   3  10   2   8  11   4   2   2   2  12   8   0   1   5  0.04 0.05
  262 V     0   1   0  -2   1   1  -1   0   1   0  -2   1  -1   0  -1  -1   0  -1   0   1    6   9   4   1   3   9   3   8   4   4   3  10   2   5   2   4   4   1   4  14  0.08 0.09
  263 T    -2  -1  -3   1  -3   1  -1  -3   0   0  -2   0  -1  -2  -2   0   6  -3  -3  -1    2   4   1   7   0   6   3   2   2   5   4   5   1   2   2   5  43   0   1   3  0.64 0.37
  264 I    -3  -1  -4  -4   4  -1  -3  -4   0   3   4  -2   0   0  -3  -3  -3  -1  -1   2    2   4   1   1   7   3   2   2   2  16  34   2   1   3   1   2   1   1   2  12  0.53 0.28
  265 L    -3   0  -4  -4  -2   1  -1  -4  -1   2   4  -1   0  -2  -4  -2   0  -4  -3   0    2   5   1   1   1   8   4   2   1  13  39   4   1   1   1   3   6   0   1   7  0.48 0.31
  266 G     0   1  -2  -4  -1   4  -2   4   4  -3  -2  -1  -2  -3  -5   0  -3  -2  -2  -4    7   7   1   0   2  17   2  33   8   1   5   4   1   1   0   6   2   1   1   1  0.64 0.41
  267 R    -3   1  -3  -3  -1   1   0  -3   7  -4  -3   2  -4  -5  -1  -1   4  -4  -1  -3    2   8   1   1   1   5   6   2  24   1   3  12   0   0   3   4  21   0   2   2  0.79 0.48
  268 F    -3  -4  -3  -4  -3  -4  -5  -4  -1  -2   3  -2   0   5  -4   1   1   0   2  -3    1   1   1   1   1   1   1   1   1   2  28   2   2  26   1  10   9   1   7   1  0.73 0.41
  269 D    -2  -1   2   4  -4   1   3  -3   2  -4  -4   1  -2  -4   1   0   0  -4  -3  -3    3   4   9  20   0   5  19   1   4   1   1   8   1   1   8   8   5   0   1   2  0.48 0.33
  270 Y    -2  -3  -3  -1  -1  -3  -2   4  -3  -2  -1  -3  -1   0  -4  -2  -1   5   3   0    3   1   1   4   1   1   3  35   1   3   7   1   2   4   1   2   4   7  10   8  0.57 0.33
  271 S    -2  -2  -1  -1  -2  -2  -1  -2   8  -3  -3   0  -3  -3   2   0  -1  -4  -1  -2    3   2   3   4   1   2   3   3  39   2   4   7   1   1  12   6   4   0   2   4  1.04 0.45
  272 Q    -1  -1   1   2  -3   2   2  -1   1  -2  -2  -1  -1  -3  -2   2   2  -3  -2  -3    4   3   6  11   0   8  11   4   4   2   4   3   1   1   1  18  14   0   1   2  0.27 0.21
  273 C     0  -2   2   1   7  -2  -2   1  -1  -2  -3  -1  -3  -3  -3   2   0  -3  -2  -2    8   2   9   8  20   2   3  12   2   2   2   4   1   1   1  14   5   0   2   2  0.49 0.27
  274 D    -1   1   1   3  -1   0   1   0   0  -2  -3  -1  -2  -3   0   1   0   5  -2  -2    5   8   6  16   1   4   9   8   2   3   2   2   1   1   4  12   4   8   1   2  0.28 0.21
  275 I    -4  -5  -3  -7  -6  -4  -6  -7  -7   5  -1  -7  -2  -4  -3  -5  -4  -7  -4   6    1   1   1   0   0   1   1   0   0  28   6   0   1   1   2   1   1   0   0  55  1.62 0.75
  276 W    -5   1   1  -6  -2  -2  -6  -4  -3  -3  -1  -3  -2   2  -6  -1  -1  11   3  -5    1   7   8   0   1   2   1   2   1   2   6   2   1   7   0   5   5  43   8   1  1.77 0.83
  277 Y    -1  -5  -5  -1  -2  -5  -4  -2  -6  -5  -6  -5  -5   4  -5   6  -2   0   3  -4    4   1   0   4   1   0   1   3   0   0   1   0   0  18   0  52   2   1   9   1  1.29 0.75
  278 M    -3  -8  -4  -7  -5  -7  -8  -6  -8   3  -1  -7   5  -4  -8  -5  -4  -8  -7   7    2   0   1   0   0   0   0   1   0  16   6   0  11   1   0   1   1   0   0  61  1.75 0.83
  279 R     4   4  -2  -4   1   1  -3  -3  -3  -4  -5   2  -4  -7  -6   0  -2  -7  -6  -1   38  20   2   1   2   5   1   1   1   1   1  11   0   0   0   8   3   0   0   5  0.83 0.54
  280 F    -8  -9  -9  -9  -6  -9  -9  -9  -8  -2  -4  -9  -4  10  -9  -7  -8   1   0  -3    0   0   0   0   0   0   0   0   0   2   1   0   0  87   0   1   0   2   3   2  3.27 1.29
  281 S     0  -4  -4  -2  -3  -4  -3  -1  -5  -8  -8  -4  -7  -4  -7   7  -3  -8  -7  -7    6   1   1   2   1   1   2   5   0   0   0   1   0   1   0  77   1   0   0   0  1.93 1.02
  282 M    -3  -5  -5  -7   3  -3  -6  -6   0   0   0  -6   3  -1   7  -1  -4  -8  -4  -3    2   1   1   0   5   1   0   1   2   6   8   0   7   3  54   5   1   0   1   2  1.52 0.80
  283 D    -6  -7   2   8  -4  -5  -3  -6   1  -8  -7  -4  -8  -4  -4  -2  -7  -9  -8  -8    1   0   9  77   0   0   1   1   3   0   1   1   0   1   1   3   0   0   0   0  2.39 1.07
  284 F     0   0  -1   0  -1  -1  -1   1  -1  -1  -1  -1  -1   2   2   0  -1   0   1  -1    7   5   3   5   1   3   4  12   2   3   7   4   2  11  10   6   4   1   6   4  0.09 0.04
  285 W    -1   0   0   1  -1   2   0  -1   3  -1  -1   1   0  -1  -1   0  -1   4   0  -1    5   4   4   7   1  12   5   5   7   3   7   7   2   3   3   8   4   7   3   4  0.14 0.06
  286 Q    -3   1  -1  -4  -1   2  -4   6   2  -6  -5  -2  -4  -1  -6   0  -5  -6   0  -7    2   6   3   1   1  10   1  52   5   0   2   2   0   3   0   8   0   0   3   0  1.11 0.61
  287 K    -3   3   2  -3  -3   3  -1  -3  -1  -3  -3   4  -4  -5  -1   0   2  -5  -4  -3    2  13   8   1   1  14   3   1   2   2   2  24   0   0   4   7  12   0   0   2  0.57 0.39
  288 M    -2   1  -4  -5  -3  -1  -4  -5   1   3   1   0   3   0  -5  -3   3   3   1   0    3   8   0   0   1   3   0   1   3  14  12   6   6   4   0   1  22   3   5   6  0.41 0.31
  289 L    -3  -8  -9  -9  -7  -8  -8  -9  -8   5   6  -8   1  -3  -8  -5  -6  -7  -6   1    2   0   0   0   0   0   0   0   0  25  60   0   2   1   0   1   0   0   0   9  1.65 0.77
  290 A     7  -6  -8  -8  -1  -7  -7  -5  -5  -2  -4  -7  -6  -6  -7  -3  -4  -8  -7   3   71   0   0   0   2   0   0   1   0   2   1   0   0   0   0   1   1   0   0  20  1.87 0.94
  291 L    -3  -7  -6  -7   1  -6  -7  -7  -7  -1   0  -6  -1  -2  -7   7   0  -8  -7  -1    2   0   0   0   3   0   0   0   0   4   9   0   1   2   0  69   5   0   0   4  1.62 0.91
  292 G     1  -7  -5  -7   4  -8  -8   7  -8  -5  -9  -7  -8  -9  -8  -1  -5  -4  -3  -7   11   0   0   0   7   0   0  73   0   1   0   0   0   0   0   4   1   0   1   0  2.06 0.96
  293 N    -3  -6   5  -5  -4  -6  -6   0  -4  -8  -8  -6  -8  -8  -7   7  -2  -9  -6  -8    1   0  24   0   0   0   0   6   0   0   0   0   0   0   0  64   2   0   0   0  1.95 1.02
  294 Q     0   1   0   2  -2   3   0   0   1  -3  -3  -1  -2  -1  -4   0  -1   4   1  -2    8   8   4  12   1  12   6   8   4   1   2   3   1   3   0   8   4   6   6   2  0.25 0.23
  295 V    -3  -5  -1   8  -5  -3   0  -5  -3  -5  -6   0  -3  -6  -7  -3  -2  -3  -4  -1    3   1   3  68   0   1   4   1   1   1   1   6   1   0   0   2   2   1   1   5  1.76 0.85
  296 G    -3   1   2  -3   0   2  -1   4   1  -6  -5   4  -3  -4  -5   0  -2  -4  -3  -6    2   7  10   1   2   8   3  30   3   0   1  22   1   1   0   6   2   0   1   0  0.73 0.46
  297 K    -4  -2  -5  -3  -5  -1  -2  -7  -4  -3  -6   3  -1  -6  -7   0   7  -4  -7  -4    1   3   0   2   0   3   2   0   0   1   1  16   1   0   0   7  60   0   0   1  1.54 0.84
  298 L    -3  -8  -7  -8  -6  -8  -8  -9  -8   7   0  -8  -2  -6  -8  -7  -1  -8  -4   5    2   0   0   0   0   0   0   0   0  50   8   0   1   0   0   0   4   0   1  34  1.80 0.81
  299 Y    -6   6  -5  -7   0  -2  -4  -6   0  -4  -4   5  -3   2  -7  -3  -6  -2   4  -6    0  36   0   0   2   2   1   0   2   1   2  29   1   8   0   2   0   0  12   0  1.34 0.71
  300 V    -5  -6  -8  -9  -6  -7  -8  -9  -8   4   5  -8   0   2  -8  -7  -6  -2  -6   3    0   0   0   0   0   0   0   0   0  21  49   0   2   7   0   0   0   1   0  21  1.45 0.69
  301 W   -11  -7 -12 -12 -10 -10 -11 -11  -4 -11 -10 -11  -9  -2 -12 -11 -10  13  -3 -11    0   0   0   0   0   0   0   0   1   0   0   0   0   2   0   0   0  96   1   0  5.44 1.96
  302 D    -7  -3   4   8  -9  -3   2  -7  -1  -9  -8  -4  -8  -9  -7  -4  -7 -10  -6  -8    0   2  16  67   0   1  10   0   1   0   0   1   0   0   0   1   0   0   0   0  2.16 0.99
  303 L     2  -4  -5  -6  -3  -5  -5  -6  -6   2   3  -5   0  -1  -3  -3   0  -3  -4   4   15   1   0   0   1   0   0   0   0  11  25   0   2   3   1   1   5   0   0  31  0.76 0.43
  304 E     1   0   1   2  -4   3   2  -2   0  -4  -3   2  -3  -4  -3   2   0  -5  -4  -3   10   5   5  10   0  14  11   2   2   1   2  11   0   1   1  15   6   0   0   2  0.38 0.29
  305 V     0  -1  -1  -1  -2  -3  -2  -2  -2  -2  -2  -2  -2  -4  -2   1   6  -4  -3   0    6   3   3   3   1   1   3   3   1   2   3   3   1   1   2  10  45   0   1   7  0.73 0.42
  306 E    -1  -1   1  -1   0  -2   1   5  -1  -3  -2  -2  -1  -2  -2   0  -2  -1  -3  -3    4   4   6   4   2   2   8  42   1   2   4   2   1   2   2   8   3   1   1   2  0.56 0.28
  307 D    -2  -1   0   2  -3   3   3  -1  -1  -2  -2   1  -2  -3   2  -1   0  -2  -3  -2    3   3   4  13   1  13  18   4   1   3   4   8   1   1   9   4   6   1   1   3  0.30 0.19
  308 P     0  -2  -1  -1   6  -1  -1  -2   0  -2   0  -2  -2  -2   4  -1   0  -2  -2  -1    9   2   3   3  18   3   4   3   2   2   8   2   1   2  22   5   6   1   1   4  0.54 0.25
  309 H     0   0   0  -1  -1   0   0  -1   1   0   0   0   0  -1  -1   2   0  -1   0   0    5   6   5   2   1   4   5   4   4   4  11   4   2   3   3  18   5   1   4   7  0.06 0.06
  310 K    -1   2  -1  -1  -3   1  -1   3   0  -3  -2   2  -2  -3  -1   0  -1  -2  -2  -2    5   9   2   4   1   6   3  26   2   2   5  16   1   1   3   7   4   1   1   4  0.30 0.17
  311 A     1   1  -1  -1  -2   1   1   0  -1  -1  -2   2  -1  -2  -1   0   1  -2  -1   0   13   8   2   3   1   5   8   6   2   3   3  14   2   1   3   7   9   1   2   8  0.11 0.09
  312 K    -1   0  -1  -2   2   2   2  -2   0  -1   1   1  -1  -1   2  -1  -2  -2  -1  -1    4   5   2   2   5   9  12   3   2   3  16  10   1   3  10   3   2   1   2   5  0.16 0.13
  313 C    -2  -2  -3  -3   4  -1  -3  -3  -3   4   2  -1   2   1  -1  -2  -1  -1  -2   0    3   2   1   2   8   3   2   2   1  26  19   4   5   5   3   3   3   1   1   6  0.39 0.21
  314 T     1   1   0  -2  -1   4  -1  -2   2  -2  -2   0   0  -3  -2   0   1  -2  -1  -2   13   8   4   2   1  22   3   3   6   3   4   6   2   1   2   6   9   0   2   2  0.30 0.24
  315 T    -4   0  -3  -4  -3  -1  -2  -4  -2   0  -2   1  -3  -5   0  -1   6  -5  -4   0    1   5   1   1   1   2   2   1   1   6   4   9   1   0   5   5  46   0   0   7  0.85 0.51
  316 L    -6  -5  -5  -7  -3  -7  -6  -7  -5  -2   6  -7  -2   2  -5  -6  -3  -4  -5  -1    1   1   1   0   1   0   1   0   0   2  78   0   0   8   1   0   2   0   0   4  1.78 0.81
  317 T    -2   0  -1  -1  -4   2   4  -3  -2  -4  -3   3  -2  -4  -3   1   3  -2  -3  -2    2   5   2   4   0   8  23   2   1   1   3  16   1   1   1  11  17   1   1   3  0.49 0.38
  318 H    -1  -5   0  -4  -7  -6  -1   6   5  -4  -5  -4  -7  -5  -4  -3  -4  -7  -4  -6    4   1   4   1   0   0   4  62  14   1   1   1   0   0   1   2   1   0   1   1  1.59 0.76
  319 H    -2  -4  -1  -4  -8  -2  -4  -5  11  -4  -7  -3  -3  -5   2  -3  -6  -8  -4  -5    4   1   3   1   0   2   1   1  69   1   0   2   1   0   9   2   1   0   0   1  2.71 1.13
  320 K    -1   2   0  -1  -2   2   0   0   0  -2  -1   2  -1  -2   0   1   1  -2  -2  -2    5   9   4   3   1   9   7   8   2   2   6  14   1   2   4  10   8   1   1   3  0.14 0.09
  321 C    -1   0   0   0   5  -1  -1   0   3  -1  -1   0  -1  -1  -1   1  -1   0   0  -1    4   5   3   6  15   3   4   6   9   3   5   7   1   2   3  11   4   1   3   4  0.23 0.10
  322 G     0  -2   1  -1  -2  -2  -2   1  -1  -3  -3   2  -3  -2  -2   3   3  -2  -3  -1    6   2   7   3   1   1   2  12   2   2   2  12   0   2   2  23  18   1   1   4  0.38 0.27
  323 A     0  -2   3   3  -2  -1  -1   1  -2  -3  -4  -2  -3  -4  -3   3   0  -3  -1  -2    8   2  12  16   1   2   4  12   1   2   2   2   1   1   1  22   7   0   2   3  0.37 0.26
  324 A     2   0  -4  -2   1  -1  -2  -3  -3  -1  -1  -3  -1  -1   1   1   1   7   0  -1   16   6   0   3   3   3   2   2   0   3   5   1   2   2   7   9   9  16   4   5  0.47 0.31
  325 I    -6  -8  -8  -8  -3  -8  -8  -9  -8   5  -3  -8  -4  -5  -8  -6  -2  -8  -7   7    0   0   0   0   1   0   0   0   0  27   2   0   0   0   0   0   2   0   0  67  2.15 0.94
  326 R    -4   6   3  -4  -3  -1  -4  -6  -2  -4  -2  -2  -1  -1  -7  -1   0   7   1  -4    1  40  13   1   1   2   1   0   1   1   5   2   2   3   0   4   7  13   4   1  1.14 0.64
  327 Q     0  -3  -5  -4   1   5  -4  -1  -2  -8  -6  -4  -3  -6  -7   6  -1  -8  -7  -6    7   1   0   1   2  24   1   5   1   0   1   1   1   0   0  51   4   0   0   0  1.37 0.81
  328 T    -2  -8  -8  -8   0  -8  -8  -8  -8   2  -2  -8  -4  -6  -8  -6   3  -8  -5   7    3   0   0   0   2   0   0   0   0  11   3   0   0   0   0   0  15   0   0  65  1.81 0.86
  329 S     6  -2  -1  -1   2   1  -5  -4  -3  -4  -5  -4  -4  -7  -6   2  -2  -8  -5  -1   57   3   3   4   4   6   0   1   1   1   1   1   0   0   0  12   2   0   0   5  1.11 0.66
  330 F    -8  -9  -9  -9  -6  -9  -9  -9  -7   0  -2  -9   0   9  -9  -8  -4   2   0  -1    0   0   0   0   0   0   0   0   0   6   3   0   2  76   0   0   1   3   3   4  2.69 1.09
  331 S    -4  -6   1  -7  -5  -6  -7  -5   0  -9  -9  -7  -5  -7  -7   8  -2  -9  -7  -8    1   0   5   0   0   0   0   1   3   0   0   0   0   0   0  87   2   0   0   0  2.46 1.21
  332 R    -1   1  -1  -4  -6  -3  -4  -5   1  -8  -4  -2  -7   0   7  -1  -4  -8  -1  -4    5   8   3   1   0   1   1   1   3   0   2   3   0   4  57   6   1   0   2   2  1.50 0.80
  333 D    -8  -7   3   8  -1  -3  -2  -7  -4 -10 -10  -6  -9 -10  -8  -3  -6 -11  -9 -10    0   0  11  81   1   1   2   0   0   0   0   0   0   0   0   2   0   0   0   0  2.67 1.17
  334 S    -2  -7  -4  -4  -3  -6  -6   7  -8 -10  -9  -6  -9  -9  -8   1  -7  -9  -9  -9    3   0   1   1   1   0   1  85   0   0   0   0   0   0   0   8   0   0   0   0  2.44 1.08
  335 S    -3   3   1  -1  -5   4  -2  -5  -1  -5  -4   4  -4  -5  -5   3   1  -5  -4  -6    1  13   6   3   0  16   2   0   2   0   2  20   0   1   0  21  10   0   0   0  0.74 0.51
  336 I    -4   2  -4  -5  -1  -1  -5  -6   0   4   1   1   1  -1  -6  -3   4   2   1   0    0   9   1   0   2   3   0   0   2  21  11   7   3   2   0   2  25   2   6   4  0.61 0.42
  337 L    -5  -8  -9  -9  -4  -8  -8  -9  -8   5   5  -8   1  -4  -8  -8  -6  -7  -7   2    0   0   0   0   0   0   0   0   0  29  53   0   3   0   0   0   0   0   0  13  1.68 0.77
  338 I     5  -7  -7  -8  -6  -7  -7  -5  -8   3   1  -7  -3  -3  -7  -5  -5  -8  -6   4   43   0   0   0   0   0   0   1   0  14  11   0   1   1   0   0   0   0   0  29  1.30 0.70
  339 A     2  -7  -6  -7   3  -6  -7  -3  -5  -8  -8  -7  -8  -8  -7   7  -1  -5  -2  -8   14   0   0   0   5   0   0   2   0   0   0   0   0   0   0  74   3   0   1   0  2.02 1.04
  340 V     2  -7  -6  -7   6  -7  -7   5  -7  -5  -6  -7  -6  -7  -7   0  -4  -8  -2   2   16   0   0   0  13   0   0  46   0   0   0   0   0   0   0   7   1   0   1  16  1.37 0.70
  341 C    -2  -7  -5  -7   6  -7  -7   1  -4  -8  -6  -5  -7  -5  -7   7  -3  -9  -8  -7    3   0   0   0  16   0   0  12   0   0   1   0   0   1   0  66   1   0   0   0  1.98 0.99
  342 D    -1  -2   0   6  -5   0   2  -1   2  -5  -3  -3  -2  -1  -6   0  -4   2   1  -4    6   2   4  37   0   4  12   5   4   0   3   1   1   3   0   8   1   3   4   1  0.72 0.46
  343 D    -8  -5  -1   9 -10  -7  -4  -3  -6 -10 -10  -4  -3  -6  -8  -5  -8 -11 -10 -10    0   1   2  91   0   0   1   2   0   0   0   1   1   1   0   1   0   0   0   0  3.03 1.27
  344 A     0   2   2  -2   1   2   0   3   0  -7  -7   3  -4  -6  -5  -1  -2  -7  -3  -6    6   9  11   2   3   8   6  24   2   0   0  21   0   0   0   5   2   0   1   0  0.62 0.41
  345 S    -5  -5  -4  -7  -3  -5  -7  -6  -8  -3  -2  -4  -2  -4  -7   2   8  -9  -7  -3    1   1   1   0   1   0   0   1   0   1   4   1   1   1   0  12  74   0   0   2  2.05 1.02
  346 I    -3  -9  -9  -9  -7  -8  -6  -9  -9   7  -1  -8   0  -4  -8  -8  -6  -8  -7   4    2   0   0   0   0   0   1   0   0  62   5   0   2   1   0   0   0   0   0  29  2.11 0.90
  347 W    -4   6  -2  -7   2  -2  -6  -7  -4  -4  -6   5  -6  -4  -7  -4  -4   8  -2  -6    2  36   2   0   4   2   0   0   0   1   1  30   0   1   0   1   1  17   1   0  1.69 0.82
  348 R    -6   4  -7  -8  -3  -5  -7  -8  -6   4   5  -5  -1  -2  -8  -7  -5  -7  -6   0    0  22   0   0   1   0   0   0   0  22  46   0   1   1   0   0   1   0   0   5  1.35 0.68
  349 W   -10 -10 -12 -12 -10 -10 -11 -10 -10  -6  -5 -11  -9   0 -11 -11 -10  13  -3 -10    0   0   0   0   0   0   0   0   0   1   2   0   0   4   0   0   0  93   1   0  5.17 1.85
  350 D    -5  -5   4   8 -10  -5   0  -6  -3  -9 -10  -5  -9 -10  -8  -6  -7 -10  -9  -9    1   1  16  75   0   0   5   0   1   0   0   1   0   0   0   0   0   0   0   0  2.52 1.08
  351 R     5   4  -6  -5  -5  -4  -2  -5  -6  -1  -4  -1  -3  -3  -6  -3  -2  -7  -6   1   50  23   0   0   0   0   2   0   0   4   1   3   1   2   0   0   2   0   0  11  1.08 0.62
  352 L    -4  -6  -6  -7  -4  -5  -6  -7  -6   4   4  -6   3  -3  -6  -5  -4  -6  -4   5    0   0   0   0   0   0   0   0   0  20  34   0   8   0   0   0   0   0   0  38  1.22 0.53

                      K         Lambda
Standard Ungapped    0.1371     0.3227
Standard Gapped      0.0438     0.2670
PSI Ungapped         0.1437     0.3134
PSI Gapped           0.0438     0.2670
