
Last position-specific scoring matrix computed, weighted observed percentages rounded down, information per position, and relative weight of gapless real matches to pseudocounts
            A   R   N   D   C   Q   E   G   H   I   L   K   M   F   P   S   T   W   Y   V   A   R   N   D   C   Q   E   G   H   I   L   K   M   F   P   S   T   W   Y   V
    1 T    -2  -3  -2  -3  -3  -3  -3  -3  -4  -4  -5  -3  -4  -5  -3   6   4  -5  -4  -4    0   0   0   0   0   0   0   0   0   0   0   0   0   0   0  72  28   0   0   0  1.38 0.43
    2 S     0  -2   2  -2  -4  -2  -2   5   2  -5  -5  -1  -4  -5  -2   2  -1  -5  -4  -5    5   1  12   1   0   1   1  47   5   0   0   3   0   0   1  19   3   0   0   0  0.84 0.32
    3 V     2  -3  -4  -5  -1  -3  -4  -4  -3   2   4  -1   1  -1  -4  -2  -1  -4  -1   1   20   0   0   0   1   0   0   0   1  11  40   5   2   2   0   1   3   0   2  11  0.46 0.23
    4 K    -4   7   0  -4  -4   0  -2  -5   2  -6  -5   3  -5  -6  -4  -2  -3  -6  -4  -6    0  63   4   0   0   2   2   0   6   0   0  19   0   0   0   2   1   0   0   0  1.58 0.51
    5 I    -3  -6  -6  -6  -4  -6  -6  -7  -6   6   1  -6  -1  -2  -6  -5  -3  -6  -4   5    1   0   0   0   0   0   0   0   0  43  11   0   0   1   0   0   0   0   0  45  1.42 0.46
    6 L    -5  -6  -7  -8  -5  -6  -7  -8  -7  -2   7  -6  -1  -3  -7  -6  -5  -5  -5  -3    0   0   0   0   0   0   0   0   0   0  99   0   0   0   0   0   0   0   0   0  2.14 0.64
    7 V    -3  -5  -6  -7  -4  -5  -6  -7  -6   1   5  -6  -1  -3  -6  -5  -4  -5  -4   4    1   0   0   0   0   0   0   0   0   6  63   0   1   0   0   0   0   0   0  30  1.35 0.46
    8 V     4  -5  -6  -6  -3  -5  -5  -5  -6  -2  -3  -5  -3  -5  -5  -3  -2  -6  -5   6   41   0   0   0   0   0   0   0   0   0   0   0   0   0   0   0   2   0   0  57  1.46 0.53
    9 E    -5  -4  -4   0  -8  -2   8  -6  -4  -8  -7  -3  -6  -8  -5  -4  -5  -7  -6  -7    0   0   0   5   0   0  95   0   0   0   0   0   0   0   0   0   0   0   0   0  2.53 0.76
   10 D    -6  -6  -3   9  -8  -5  -3  -6  -5  -8  -8  -5  -8  -8  -6  -5  -5  -9  -8  -8    0   0   0 100   0   0   0   0   0   0   0   0   0   0   0   0   0   0   0   0  3.00 0.80
   11 N    -6  -5   9  -1  -7  -4  -3  -4  -1  -7  -7  -4  -6  -7  -6  -2  -3  -8  -4  -7    0   0  91   2   0   0   1   1   1   0   0   0   0   0   0   1   1   0   1   0  2.63 0.75
   12 H     0  -1  -2   0  -4   0   2  -4   0  -1   0   0  -1  -1   5  -1  -2  -5  -3   0    6   3   1   4   0   4  16   0   3   4  11   7   1   2  27   4   1   0   0   6  0.42 0.20
   13 V    -3  -5  -4  -4  -4  -5  -5  -6  -6   5   0  -5   0  -2  -5  -4   0  -6  -4   5    1   0   1   1   0   0   0   0   0  32   7   0   2   1   0   0   6   0   0  49  1.16 0.41
   14 N    -6  -5   9  -3  -7  -4  -5  -5  -4  -8  -8  -5  -7  -8  -6  -3  -4  -8  -7  -7    0   0  99   0   0   0   0   0   0   0   0   0   0   0   0   1   0   0   0   0  3.09 0.84
   15 Q    -4   2  -4  -5  -4   8  -2  -6  -4  -2  -4  -2  -1  -7  -6  -4  -4  -6  -6  -4    0   8   0   0   0  82   0   0   0   3   2   0   1   0   0   0   0   0   0   1  2.22 0.72
   16 E    -2  -1  -3  -1  -5   4   4  -4  -2  -2   0   3   2  -4  -4  -2  -1  -5  -4  -2    2   2   0   1   0  17  35   0   1   3   9  17   6   0   0   1   4   0   0   2  0.66 0.32
   17 V    -4  -6  -7  -7  -4  -6  -6  -7  -7   2   0  -6   0  -3  -6  -5  -4  -6  -5   7    0   0   0   0   0   0   0   0   0  10   7   0   1   1   0   0   0   0   0  80  1.79 0.56
   18 I     6  -5  -5  -5  -3  -4  -4  -3  -5   3  -2  -4   1  -4  -4  -2  -2  -6  -5   2   65   0   0   0   0   0   0   1   0  15   3   0   4   0   0   0   1   0   0  11  1.14 0.45
   19 K    -1   2  -2  -3   0   1  -1  -2  -1   0   1   2   1  -2  -3   0   0  -4  -2   1    3  10   1   0   2   7   3   3   1   3  17  18   3   1   0   8   7   0   0  12  0.16 0.14
   20 R     1   3  -1  -1  -4   0   3   2  -1  -3  -2   1  -1  -3  -3   0  -2  -4  -2  -3   12  22   1   2   0   2  23  15   1   2   3   7   2   1   0   5   2   0   1   0  0.40 0.22
   21 M    -4  -4  -6  -6  -5  -1  -5  -6  -4   3   4  -5   8  -1  -6  -5  -3  -5  -3  -1    0   0   0   0   0   3   0   0   0  14  34   0  42   2   0   0   1   0   1   3  1.40 0.48
   22 L    -5  -6  -7  -7  -5  -6  -6  -7  -6  -1   7  -6   0  -2  -6  -6  -4  -5  -5  -3    0   0   0   0   0   0   0   0   0   1  95   0   2   1   0   0   1   0   0   0  1.98 0.60
   23 N    -1   2   1  -1  -4   2   3  -2   1  -4  -3   3  -2  -5  -3   0   0  -5  -4  -4    5  13   6   2   0   8  25   3   3   0   2  24   1   0   0   5   4   0   0   0  0.53 0.25
   24 L     0   1   0   0  -3   1   0  -1   0  -2   1   3   0  -3  -2   1  -2  -3  -2  -2    6   8   3   6   0   5   6   5   2   0  17  27   2   0   1  10   0   0   1   1  0.24 0.17
   25 E     1  -1  -2  -3  -3  -1   2  -3  -1   0   3  -2   2   0  -4  -2  -1   0  -1   0   15   2   1   0   0   1  20   1   1   3  30   2   7   4   0   1   2   1   1   7  0.29 0.20
   26 G    -3  -4  -1   0  -6  -3  -2   7  -1  -7  -6  -2  -6  -7  -5  -2  -4  -6  -6  -6    1   1   3   5   0   1   3  81   2   0   0   2   0   0   0   1   0   0   0   0  1.78 0.54
   27 I    -2  -3  -3  -4   4  -3  -4  -3  -2   2   2  -3   0   3  -4  -3  -2  -1   3   2    3   1   1   1  11   0   1   1   1  15  24   1   2  12   1   1   1   0  12  13  0.49 0.20
   28 E     0   2   0  -1  -2   2   2  -2   4  -2  -1   1  -2  -2  -1   0   0  -2   1  -2   10  10   3   3   1   9  15   2  12   1   6   7   1   1   2   4   5   0   7   2  0.21 0.11
   29 N     0   0   2   2  -1   0   0  -1   0   0  -1  -1  -1  -2   0   1   1  -1  -1   0    9   4  11  14   1   3   3   3   3   5   3   2   1   2   3   8  13   1   2   8  0.10 0.06
   30 I    -1  -4  -4  -5   1  -4  -4  -4  -4   3  -1  -4  -1  -2  -4  -3  -2  -4  -2   6    5   1   0   1   3   0   1   1   0  14   4   1   1   2   1   1   1   0   1  63  1.08 0.36
   31 E    -2  -2  -2   5  -2  -1   2  -3  -1  -3  -4  -2  -4  -4  -4   0   3  -3  -4  -1    2   2   0  41   1   2  15   1   1   1   1   1   0   1   0   6  22   0   0   4  0.83 0.35
   32 L    -2  -4  -5  -5  -1  -4  -4  -5  -4   4   2  -4   2  -2  -5  -3   1  -1  -3   4    2   0   0   0   1   0   0   0   0  26  17   0   4   1   0   2   7   1   0  37  0.79 0.31
   33 A     7  -5  -5  -6  -3  -5  -5  -4  -5  -4  -5  -5  -4  -6  -5  -2  -3  -6  -5   2   84   0   0   0   0   0   0   0   0   0   0   0   0   0   0   1   0   0   0  15  1.75 0.60
   34 C     1  -2   3   2   2  -1   2   0   0  -3  -3   1  -2  -4  -2   1  -1  -4  -4  -1   13   1  18  10   5   2  18   7   2   0   1   7   1   0   1   8   2   0   0   4  0.30 0.18
   35 D    -5  -4   7   5  -7  -3  -3  -4   3  -7  -7  -4  -6  -7  -6  -3  -4  -8  -6  -7    0   0  59  32   0   1   0   0   7   0   0   0   0   0   0   1   0   0   0   0  1.98 0.61
   36 G    -4  -6  -4  -5  -7  -6  -6   8  -6  -8  -8  -6  -7  -7  -6  -4  -6  -7  -7  -7    0   0   0   0   0   0   0 100   0   0   0   0   0   0   0   0   0   0   0   0  2.71 0.72
   37 Q     1   3  -2  -3  -4   4   1  -2  -1  -1   0   2  -2  -3  -4  -2  -2  -3  -3  -1   16  14   1   0   0  27   8   2   1   4  11  11   1   1   0   0   0   0   0   4  0.44 0.26
   38 E    -2  -2  -3   0  -6   2   7  -5  -3   0  -4  -1  -4  -6  -5  -3  -4  -6  -5  -1    2   1   0   3   0   9  69   0   0   7   1   2   0   0   0   0   0   0   0   4  1.39 0.51
   39 A     7  -5  -5  -6  -2  -5  -5  -2  -5  -5  -5  -5  -5  -6  -5  -2  -4  -6  -6  -2   94   0   0   0   1   0   0   2   0   0   0   0   0   0   0   1   0   0   0   2  2.02 0.65
   40 F    -4  -5  -6  -6  -2  -5  -5  -6  -5   3   4  -5  -1   0  -5  -4  -3  -3   1   4    0   0   0   0   0   0   0   0   0  13  41   0   0   3   0   0   0   0   5  36  1.00 0.36
   41 D     1  -1   0   5  -5   1   5  -3   0  -5  -5   0  -4  -5  -4   0  -1  -5  -4  -4   10   2   4  29   0   4  35   1   2   0   1   4   0   0   0   4   2   0   0   1  0.82 0.32
   42 K     2   2  -2  -3   0   0  -2  -3   0   0   1   2   3  -1  -3  -1  -1  -2  -2  -1   21  11   1   0   2   4   1   0   2   6  14  17  11   2   0   2   3   0   1   2  0.26 0.18
   43 V    -1  -4  -4  -4  -1  -4  -4  -4  -4   2   4  -4   1   1  -4  -3  -2  -2  -2   4    4   0   0   0   1   0   1   1   0  10  37   1   2   4   0   1   1   1   1  34  0.67 0.26
   44 K     0   2  -1  -1  -2   3   3  -2  -1  -3  -2   3  -1  -3  -2   0  -1  -3  -3  -2    9  13   1   2   1  12  18   2   1   1   4  23   2   1   1   5   3   0   1   2  0.38 0.17
   45 E     1   2  -1   0  -2   3   3  -2   2  -2  -2   1  -1  -2  -2   0   0  -2  -2  -2   14  10   2   4   1  15  19   2   5   1   4   7   1   1   1   4   5   0   1   2  0.25 0.12
   46 L     1   0   1   0  -1   0   0   0  -1   0   0   0   0  -1   0   1   0  -1  -1   0   15   4   7   3   1   3   4   7   1   5   9   4   2   3   3  15   6   1   2   5  0.04 0.02
   47 T     0   0   0  -1   0   0   0   0   0   0   0   0   2  -1   0   0   1  -1   0   0   11   3   4   3   2   4   5   6   2   6   9   4   9   2   4   7   8   1   3   6  0.02 0.01
   48 S     1   0   0   0   0   0   1   0   0  -1  -1   0  -1  -1   0   1   0  -1  -1  -1   17   4   4   6   2   4  12   6   2   3   6   5   1   2   4  11   5   1   2   5  0.07 0.03
   49 K     0   1   1   0  -1   1   1   0   1  -1  -1   1  -1  -1   0   1   0  -1  -1  -1    8   7   6   5   1   6   8   8   3   3   5   8   1   2   4   9   6   1   2   4  0.07 0.02
   50 G     0   0   2   0  -1   0   0   1   0  -1  -1   0  -1  -2   2   1   0  -1  -1  -1    7   5  12   5   1   3   5  14   2   3   5   5   1   2  10   9   5   1   2   3  0.12 0.04
   51 E    -1   1   1   1  -3   3   2   1   1  -3  -2   2  -2  -3  -1   0   0  -3  -2  -3    3   8   8   7   0  14  15   9   4   1   3  12   0   1   2   3   6   0   1   1  0.26 0.12
   52 N     0   1   1   1  -3   1   0  -1   2  -3  -2   0  -1  -2   3   0   0  -3  -1  -2    8  10   5   9   0   7   4   3   6   1   3   6   1   2  18   8   5   0   2   2  0.26 0.12
   53 Y    -6  -6  -6  -7  -6  -6  -6  -7  -2  -3  -4  -6  -4   7  -5  -6  -5  -2   8  -4    0   0   0   0   0   0   0   0   0   1   0   0   0  40   1   0   0   0  56   1  2.41 0.66
   54 N     0  -5   0   8  -5  -2  -2  -3   0  -6  -7  -4  -5  -7  -4  -1  -3  -7  -6  -6    7   0   3  77   0   2   1   1   2   0   0   0   0   0   0   3   1   0   0   0  1.87 0.57
   55 M     0  -5  -6  -6  -2  -5  -5  -3  -6   2   5  -5   2  -2  -5  -4  -3  -5  -4   2    8   0   0   0   1   0   0   2   0  12  62   0   4   0   0   0   1   0   0  10  1.02 0.37
   56 I    -4  -6  -7  -7  -2  -6  -6  -7  -7   6  -2  -6  -2  -4  -6  -5  -4  -6  -5   6    1   0   0   0   1   0   0   0   0  50   1   0   0   0   0   0   0   0   0  48  1.74 0.54
   57 F    -5  -6  -7  -7  -4  -6  -6  -7  -6  -2   6  -6  -1   6  -7  -6  -5  -4  -3  -2    0   0   0   0   0   0   0   0   0   1  69   0   0  29   0   0   0   0   0   1  1.68 0.53
   58 M    -6  -6  -7  -8  -6  -5  -7  -8  -6  -4  -3  -6  11  -5  -7  -6  -5  -6  -6  -4    0   0   0   0   0   0   0   0   0   0   0   0 100   0   0   0   0   0   0   0  3.84 0.99
   59 D    -6  -6  -3   9  -8  -5  -3  -6  -5  -8  -8  -5  -8  -8  -6  -5  -5  -9  -8  -8    0   0   0 100   0   0   0   0   0   0   0   0   0   0   0   0   0   0   0   0  3.00 0.80
   60 V    -4  -5  -6  -6   8  -5  -6  -6  -6   4  -1  -6   5  -4  -6  -5  -4  -6  -5   4    0   0   0   0  32   0   0   0   0  21   5   0  15   0   0   0   0   0   0  27  1.51 0.48
   61 Q    -4  -1   0  -4  -7   9  -2  -6   0  -6  -5  -3  -1  -7  -5  -2  -5  -6  -5  -6    1   3   5   0   0  84   1   0   2   0   1   0   1   0   0   3   0   0   0   0  2.31 0.74
   62 M    -6  -6  -7  -8  -6  -5  -7  -8  -6  -3  -1  -6  11  -5  -7  -6  -5  -6  -6  -4    0   0   0   0   0   0   0   0   0   0   2   0  98   0   0   0   0   0   0   0  3.70 0.96
   63 P    -5  -7  -7  -6  -7  -6  -6  -7  -7  -7  -8  -6  -7  -8   9  -5  -6  -8  -8  -7    0   0   0   0   0   0   0   0   0   0   0   0   0   0 100   0   0   0   0   0  3.47 0.89
   64 K    -3  -1   2  -2  -4  -2   3  -2  -2   1  -2   0  -2  -3  -4  -3  -2  -5  -4   5    0   3  11   1   0   1  23   2   1   6   2   7   0   0   0   0   1   0   0  43  0.65 0.33
   65 V    -5  -6  -7  -7  -4  -5  -6  -7  -6  -1   2  -5  10  -4  -7  -6  -4  -6  -5   0    0   0   0   0   0   0   0   0   0   2  15   0  78   0   0   0   0   0   0   5  2.66 0.76
   66 D    -6  -6   0   8  -5  -4  -3  -3  -3  -7  -8  -5  -7  -8  -6  -3  -5  -8  -7  -7    0   0   3  94   0   0   0   2   0   0   0   0   0   0   0   1   0   0   0   0  2.67 0.74
   67 G    -4  -6  -4  -5  -7  -6  -6   8  -6  -8  -8  -6  -7  -7  -6  -4  -6  -7  -7  -7    0   0   0   0   0   0   0 100   0   0   0   0   0   0   0   0   0   0   0   0  2.71 0.72
   68 L    -5  -4  -5  -6  -4  -5  -5  -6  -2   2   4  -5  -1   3  -5  -5  -4  -2   7  -1    0   1   0   0   0   0   0   0   1  10  35   0   1  12   0   0   0   0  36   3  1.21 0.42
   69 L     0  -3  -3  -1  -6   3   6  -4  -3  -4  -3  -2  -3  -6  -4  -1   2  -6  -5  -4    8   0   0   1   0  13  56   0   0   1   3   1   0   0   0   4  12   0   0   0  1.11 0.45
   70 S     7  -5  -5  -5  -2  -4  -4  -4  -5  -5  -5  -4  -5  -6  -4   1   1  -6  -5  -4   84   0   0   0   1   0   0   0   0   0   0   0   0   0   0   9   7   0   0   0  1.72 0.60
   71 T    -2  -5  -4  -5  -3  -5  -5  -6  -6  -5  -5  -5  -5  -6  -5   0   8  -7  -6  -3    3   0   0   0   0   0   0   0   0   0   0   0   0   0   0   6  91   0   0   1  2.28 0.73
   72 K    -1   7  -3  -4  -6   2  -1  -3   0  -5  -4   3  -3  -5  -5  -3  -2  -6  -4  -5    5  61   0   0   0   7   2   2   2   0   1  16   0   0   0   1   2   0   0   0  1.38 0.48
   73 M     1   3  -2  -3  -3   2   1  -3   2   0   1   1   1  -2  -3  -2  -1  -2  -1  -1   15  18   1   0   0  11   9   0   5   5  14   7   5   1   0   1   3   0   2   3  0.24 0.17
   74 I    -5  -7  -7  -7  -5  -7  -7  -8  -7   8   0  -7  -2  -3  -7  -6  -5  -1  -5  -1    0   0   0   0   0   0   0   0   0  90   7   0   0   0   0   0   0   1   0   1  2.29 0.65
   75 R    -6   9  -4  -6  -8  -3  -4  -7  -4  -7  -7  -2  -6  -7  -6  -5  -5  -7  -6  -7    0  98   1   0   0   0   0   0   0   0   0   1   0   0   0   0   0   0   0   0  2.89 0.79
   76 R     2   3   1  -1  -3   4   1  -2  -1  -4  -3   2  -2  -4  -3   0  -1  -4  -3  -3   19  16   6   2   0  20  10   1   1   0   1  12   0   0   0   8   3   0   0   1  0.46 0.23
   77 D    -2   1   1   2  -3   1   2  -1   1  -2   1   0  -1  -2  -2   1  -1  -3  -2  -2    2   7   8  11   0   7  17   4   5   1  15   5   2   2   1  10   2   0   0   1  0.18 0.13
   78 L    -1  -2  -1   0  -3   0   2   0  -1  -1   1  -1   2  -1   3  -1  -1  -1  -2  -2    5   1   2   4   0   3  15   9   1   2  21   3   6   2  17   3   3   1   1   1  0.23 0.15
   79 G     0   1   1  -2  -3   0  -2   5   2  -4  -3   0  -4  -2  -2   0  -2  -3  -2  -4    9   9   8   2   0   4   2  43   5   0   2   6   0   2   2   5   1   0   1   0  0.56 0.25
   80 Y    -1   2  -1  -2  -1   0  -1  -1   1  -1  -1   1  -2   1  -2  -1  -1   5   4  -2    6  12   2   1   1   5   4   4   4   4   7   9   0   6   2   4   2   8  16   1  0.22 0.14
   81 T    -1   1   1   2  -4   1   0  -2   4  -4  -4   1  -3  -4  -1   2   2  -5  -2  -3    5   8   6  13   0   7   5   1  13   0   1   8   0   0   3  15  13   0   1   1  0.37 0.21
   82 S     0  -2  -1  -4  -1  -2  -4  -3  -1   3   3  -2  -1  -2  -2  -1   2  -4  -2   2    9   2   3   0   1   1   0   1   1  20  28   2   0   1   2   2  14   0   1  12  0.33 0.19
   83 P    -4  -5  -6  -6  -7  -5  -5  -6  -6  -4  -6  -4  -6  -8   9  -4  -2  -3  -6  -4    1   0   0   0   0   0   0   0   0   1   1   1   0   0  91   1   2   0   0   1  2.91 0.78
   84 I    -5  -7  -7  -7  -5  -7  -7  -8  -7   8  -2  -7  -3  -4  -7  -6  -5  -7  -5   1    0   0   0   0   0   0   0   0   0  92   1   0   0   0   0   0   0   0   0   7  2.39 0.67
   85 V    -4  -6  -6  -7  -3  -6  -6  -7  -6   6   0  -6  -2  -3  -6  -5  -4  -6  -4   5    0   0   0   0   0   0   0   0   0  57   8   0   0   0   0   0   0   0   0  34  1.57 0.49
   86 A     7  -5  -6  -6  -4  -5  -5  -3  -6  -5  -6  -5  -5  -6  -5  -2  -4  -7  -6  -4   99   0   0   0   0   0   0   1   0   0   0   0   0   0   0   0   0   0   0   0  2.26 0.71
   87 L    -5  -6  -6  -7  -5  -5  -6  -7  -6  -1   4  -6   9  -4  -6  -6  -4  -5  -5   0    0   0   0   0   0   0   0   0   0   1  38   0  56   0   0   0   0   0   0   5  2.05 0.63
   88 T    -4  -5  -4  -5  -5  -5  -5  -6  -6  -5  -5  -5  -5  -6  -5  -1   8  -7  -6  -4    0   0   0   0   0   0   0   0   0   0   0   0   0   0   0   4  96   0   0   0  2.53 0.78
   89 A     7  -6  -6  -6  -4  -5  -5  -4  -6  -5  -6  -5  -5  -6  -5  -3  -4  -7  -6  -4  100   0   0   0   0   0   0   0   0   0   0   0   0   0   0   0   0   0   0   0  2.31 0.72
   90 F    -4  -3   7  -2  -6  -4  -4  -4   6  -6  -5  -4  -5   3  -6  -3  -4  -5   1  -6    1   1  58   1   0   0   0   1  19   0   1   0   0  13   0   1   0   0   4   0  1.72 0.56
   91 A     7  -4  -4  -5  -4  -4  -4  -4  -4  -4  -5  -4  -4  -6  -4   0  -1  -6  -5   0   85   0   0   0   0   0   0   0   0   0   0   0   0   0   0   4   3   0   0   6  1.66 0.58
   92 D    -4  -4  -4   1  -5  -3   0  -6  -3  -1   2  -4   8   3  -6  -4  -3  -4  -2  -2    0   0   0   7   0   0   8   0   0   2  14   0  50  14   0   0   1   0   1   1  1.38 0.50
   93 D     1   0  -1   1  -4   3   3  -3  -1  -3  -4   2  -3  -5   1   1  -1  -5  -3  -1   12   4   2   9   0  14  21   1   1   1   1  12   0   0   6   9   3   0   0   4  0.38 0.21
   94 S    -1  -2  -2   0  -5  -1   3   5  -2  -6  -6  -3  -5  -6  -4   3  -2  -6  -5  -5    3   1   0   5   0   2  22  42   1   0   0   0   0   0   0  23   1   0   0   0  0.93 0.38
   95 N    -4  -5   4   7  -7  -4   2  -5  -4  -7  -7  -4  -6  -7  -5  -4  -4  -7  -3  -5    1   0  16  71   0   0  10   0   0   0   0   0   0   0   0   0   0   0   1   1  1.94 0.59
   96 I    -3   7  -4  -3  -5  -1  -1  -6  -4   1  -4   2  -3  -5  -5  -3  -4  -4  -5   1    1  63   0   1   0   2   3   0   0   8   0  10   0   0   0   1   0   0   0   9  1.34 0.47
   97 K    -2   0  -1   2  -6   3   6  -5  -3  -5  -6   3  -3  -6  -4  -3  -3  -6  -5  -5    3   4   2   9   0  12  51   0   0   0   0  16   1   0   0   1   1   0   0   0  1.13 0.43
   98 E     1   5  -1  -1  -5   1   2  -4   0  -4  -3   4  -2  -5  -4  -2  -2  -5  -4  -3   11  32   1   3   0   4  15   0   2   1   2  23   1   0   0   1   2   0   0   1  0.72 0.31
   99 C    -2  -8  -7  -8  11  -7  -8  -7  -7  -6  -6  -8  -6  -4  -7  -2  -4  -7  -4  -5    3   0   0   0  93   0   0   0   0   0   0   0   0   1   0   3   0   0   1   0  3.90 0.91
  100 L    -4   0  -6  -5  -4  -4  -3  -6  -3   1   5  -3   2   1  -6  -5  -3  -4   0  -2    1   5   0   0   0   0   2   0   0   8  68   2   5   5   0   0   1   0   3   1  1.06 0.39
  101 E     3  -3   1   3  -4   1   4  -3  -3  -4  -4  -1  -4  -5  -4   0  -2  -5  -5  -4   31   0   6  19   0   5  27   1   0   0   1   3   0   0   0   5   1   0   0   0  0.69 0.32
  102 S     6  -5  -4  -5   1  -3  -4  -3  -3  -3  -4  -3  -4  -5  -4   2  -2  -6  -5  -1   73   0   0   0   2   0   0   0   0   1   1   1   0   0   0  15   1   0   0   4  1.33 0.50
  103 G    -4  -6  -4  -5  -7  -6  -6   8  -6  -8  -8  -6  -7  -7  -6  -4  -6  -7  -7  -7    0   0   0   0   0   0   0 100   0   0   0   0   0   0   0   0   0   0   0   0  2.71 0.72
  104 M    -6  -6  -7  -8  -6  -5  -7  -8  -6  -4  -3  -6  11  -5  -7  -6  -5  -6  -6  -4    0   0   0   0   0   0   0   0   0   0   0   0 100   0   0   0   0   0   0   0  3.84 0.99
  105 N    -5  -4   7   6  -7  -3  -2  -4  -4  -7  -7  -4  -6  -7  -5  -1  -3  -8  -6  -5    0   0  52  40   0   1   0   0   0   0   0   0   0   0   0   5   1   0   0   1  1.87 0.59
  106 G    -2  -4  -2   7  -5  -4   1   1  -3  -6  -7  -4  -2  -4  -5  -3  -4  -7   0  -6    3   0   0  70   0   0   7  12   1   0   0   0   1   1   0   0   0   0   3   0  1.66 0.54
  107 F    -6  -5  -5  -6  -6  -5  -6  -7   7  -5  -5  -6  -5   6  -7  -6  -6  -3   8  -5    0   0   0   0   0   0   0   0  24   0   0   0   0  30   0   0   0   0  47   0  2.29 0.65
  108 L    -4  -5  -6  -6  -4  -5  -6  -7  -6   5   5  -5   0  -3  -6  -5  -3  -5  -4   3    0   0   0   0   0   0   0   0   0  32  50   0   1   0   0   0   1   0   0  16  1.25 0.42
  109 S     4  -4  -3  -3  -3  -3  -3  -1  -4  -5  -5  -3  -4  -5   0   5   2  -6  -5  -3   33   0   0   0   0   0   0   4   0   0   0   0   0   0   5  44  12   0   0   1  0.97 0.42
  110 K    -5  -2  -4  -5  -7  -3  -3  -6  -5  -7  -7   8  -6  -7  -5  -4  -5  -7  -6  -7    0   0   0   0   0   0   0   0   0   0   0 100   0   0   0   0   0   0   0   0  2.70 0.78
  111 P    -5  -7  -7  -6  -7  -6  -6  -7  -7  -7  -8  -6  -7  -8   9  -5  -6  -8  -8  -7    0   0   0   0   0   0   0   0   0   0   0   0   0   0 100   0   0   0   0   0  3.47 0.89
  112 I    -4  -6  -6  -6  -4  -6  -6  -7  -6   6   0  -6  -2   3  -6  -5  -4  -5   0   4    0   0   0   0   0   0   0   0   0  52   5   0   0  14   0   0   0   0   2  26  1.35 0.44
  113 K    -3   3   2   4  -4   1   1  -3  -1  -4  -4   2  -3  -5  -4  -1  -1  -5  -4  -3    1  19   9  28   0   5   9   1   1   1   1  15   0   0   0   4   3   0   0   2  0.62 0.27
  114 R    -2   4  -4  -4  -4   0  -2  -5  -2   0  -1   1  -1  -2   5  -2  -2  -5  -3  -1    3  30   0   0   0   4   1   0   1   7   6   6   1   2  29   2   1   0   0   5  0.76 0.32
  115 P     0  -1   1   3  -5   2   3  -2   0  -4  -4   0  -3  -4   2   0  -1  -5  -4  -3   10   3   7  19   0   8  22   2   2   0   1   5   0   0  11   6   3   0   0   1  0.47 0.23
  116 K     1   1   0   2  -4   3   2  -3   0  -1  -1   2  -1  -4  -3  -1  -1  -4  -3  -1   13   8   4  10   0  13  17   1   3   3   5  12   1   0   0   1   4   0   0   5  0.27 0.17
  117 L    -5  -6  -7  -7  -5  -6  -6  -7  -6   0   6  -6   1  -1  -6  -6  -5  -5  -4   0    0   0   0   0   0   0   0   0   0   4  88   0   3   2   0   0   0   0   0   4  1.76 0.55
  118 K     0   2  -2  -2  -2   1   0  -3   0   0  -1   2   0   2  -4  -2  -1   1   3  -1    7  10   1   1   1   7   5   1   2   6   6  18   2  12   0   1   2   2  14   3  0.24 0.17
  119 T     2   1   0   0  -4   3   2  -2   0  -3  -3   2  -1  -4  -3   1   1  -5  -3  -3   21   8   4   4   0  14  15   1   2   1   1  11   1   0   0   8   7   0   0   1  0.35 0.21
  120 I     1  -3  -4  -4   0  -3  -3  -4  -4   3   0   0   3  -3  -4  -2   2  -5  -4   3   12   1   0   0   2   0   1   0   0  15   8   6  10   0   0   1  16   0   0  27  0.49 0.26
  121 L    -5  -6  -7  -7  -5  -6  -6  -7  -6   4   6  -6   0  -2  -6  -6  -4  -5  -4   0    0   0   0   0   0   0   0   0   0  20  73   0   1   1   0   0   0   0   0   5  1.53 0.49
  122 T     0   1   0   1  -2   2   1  -1   0  -1   0   1  -1  -2  -2   0   0  -2  -2  -1   10   6   3   8   1  11  12   4   2   2  13   9   1   1   0   8   4   1   0   4  0.11 0.09
  123 E    -3   5  -2  -2  -4   2   1  -4   2  -5  -3   5  -4  -5  -3  -2  -1  -5  -2  -4    1  31   1   2   0   8   9   0   4   0   2  33   0   0   0   1   4   0   1   0  0.90 0.37
  124 F    -5  -7  -6  -8  -2  -5  -7  -7   0  -3  -2  -7  -5   4  -8  -7  -6  11   4  -4    1   0   0   0   1   0   0   0   2   1   4   0   0  14   0   0   0  63  13   1  3.08 0.79
  125 C     0  -3  -5  -5   4  -3  -5  -3  -5   3   4  -4   0  -2  -5  -1   0  -4  -3   1    9   1   0   0  10   0   0   2   0  16  43   0   1   1   0   4   5   0   0   8  0.63 0.28
  126 A     1  -2  -2  -1  -3  -1  -2   1  -2  -4  -4   0  -3  -4   6   2   2  -5  -5  -3   10   2   1   2   0   2   2  10   1   1   1   5   0   0  36  14  12   0   0   1  0.76 0.31
  127 A     2   0  -1  -1  -2   1  -1   0  -2   0  -3   0  -1  -4   4   1   0  -3  -3  -2   20   6   1   2   0   6   2   7   1   7   1   6   1   0  22   8   7   0   0   1  0.35 0.18
  128 Y     0   2  -1  -1  -3   1   1  -1   1   0  -2   1  -1  -1   2   0   0   0   0  -1    8  12   3   1   0   7   8   3   3   6   3  10   0   2  13   6   6   1   3   4  0.15 0.09
  129 Q     0   2  -1   1  -4   3   3  -3   1  -3  -3   1  -3  -5   4  -1  -1  -5  -3  -3    7  11   2   7   0  14  19   1   3   1   2   9   0   0  19   3   3   0   0   1  0.48 0.21
  130 G     1   0   0   0  -4   0   3   2  -2  -4  -3   0  -2  -4   0   1   0  -1  -4  -2   10   5   2   3   0   3  28  20   0   0   1   3   1   0   3  11   6   1   0   2  0.37 0.19
  131 K     1   2  -1  -1  -4   2   2  -2  -1  -4  -4   1  -3  -4   4   0   0  -4  -2  -3   10  11   3   3   0   9  17   1   1   0   0   9   0   0  23   6   4   0   1   1  0.50 0.20
  132 K    -1   3  -1   0  -5   3   3  -2   0  -4  -3   2  -3  -5   3  -1  -1  -4  -3  -3    3  15   2   4   0  13  27   1   1   0   2  14   0   0  13   1   2   0   0   1  0.54 0.21
  133 N    -2  -3   5   5  -4  -2  -1  -2  -2  -5  -5  -2  -4  -5  -3   3  -1  -5  -4  -4    0   0  37  33   0   0   0   0   0   0   0   0   0   0   0  30   0   0   0   0  1.05 0.29

                      K         Lambda
Standard Ungapped    0.1345     0.3168
Standard Gapped      0.0660     0.2670
PSI Ungapped         0.2161     0.3180
PSI Gapped           0.0660     0.2670
