
Last position-specific scoring matrix computed, weighted observed percentages rounded down, information per position, and relative weight of gapless real matches to pseudocounts
            A   R   N   D   C   Q   E   G   H   I   L   K   M   F   P   S   T   W   Y   V   A   R   N   D   C   Q   E   G   H   I   L   K   M   F   P   S   T   W   Y   V
    1 T    -2  -3   5  -2  -3  -2  -2  -3  -2  -3  -4  -2  -3  -4  -3   3   5  -5  -4  -3    0   0  30   0   0   0   0   0   0   0   0   0   0   0   0  21  49   0   0   0  0.94 0.35
    2 I    -4  -6  -7  -7  -5  -6  -6  -7  -7   6  -1  -6  -2  -4  -6  -6  -2  -6  -5   5    0   0   0   0   0   0   0   0   0  50   4   0   0   0   0   0   1   0   0  45  1.65 0.66
    3 Q    -2  -3  -4  -5  -6   5  -2  -5  -1  -5  -1  -1   1  -6   6  -1  -2  -6  -5  -2    2   1   0   0   0  32   1   1   1   0   8   3   4   0  40   3   2   0   0   2  1.25 0.63
    4 P    -2  -6  -6  -6  -5  -4  -5  -5  -6   1   1  -5  -3  -3   5  -4  -2  -6  -4   5    3   0   0   0   0   1   0   1   0   6  14   0   0   1  32   1   2   0   0  39  1.15 0.58
    5 K    -3   0  -3  -5  -7   8  -1  -4  -3  -6  -3   1   2  -7  -5  -4  -1  -6  -6  -1    2   4   1   0   0  65   3   1   0   0   2   9   4   0   0   0   4   0   0   5  1.61 0.81
    6 A     3   0  -3  -3  -5   1   2  -3  -3  -4  -4   1  -4  -6   5   1  -2  -6  -5  -4   21   4   1   1   0   7  16   1   1   0   1  10   0   0  28   8   1   0   0   0  0.74 0.45
    7 N    -5  -5   7   6  -7  -3  -3  -2  -2  -8  -8  -5  -7  -7  -6  -2  -5  -8  -4  -6    1   0  56  35   0   1   1   3   1   0   0   0   0   0   0   2   0   0   1   0  2.02 0.88
    8 F    -7  -6  -8  -9  -8  -8  -8  -8  -2  -1  -3  -8  -5   9  -9  -8  -7  -4   1  -4    0   1   0   0   0   0   0   0   1   4   2   0   0  89   0   0   0   0   3   1  3.00 1.11
    9 D    -5  -3   3   7  -7   4  -1  -6   0  -6  -6  -2  -6  -6  -5  -2  -5  -5  -7  -4    0   1  13  55   0  18   3   0   2   0   1   2   0   0   0   2   0   0   0   1  1.54 0.76
   10 A     2  -2  -2   0  -2   0   0  -3  -2   1   2  -2   1  -1   0  -1  -1  -4  -1   0   22   1   2   7   0   5   6   1   1   9  22   2   4   2   5   2   2   0   2   7  0.17 0.20
   11 Q    -1   0   1   3  -5   3   3  -3  -2  -5  -5   0  -2  -6  -1   2   0  -6  -5  -4    4   5   7  16   0  15  19   1   1   0   0   5   1   0   2  17   5   0   0   1  0.55 0.39
   12 Q    -3   3  -4  -4  -7   6  -1  -4  -4  -7  -5   6  -3  -7  -4  -5  -5  -7  -6  -7    1  14   0   1   0  36   3   1   0   0   1  41   1   0   1   0   0   0   0   0  1.56 0.80
   13 F    -4  -7  -7  -7  -4  -7  -5  -6  -6   3  -1  -7   3   8  -7  -6  -4  -4  -1   2    2   0   0   0   0   0   1   0   0  18   5   0   7  55   0   0   1   0   1  11  1.68 0.74
   14 A     3  -3  -1  -4  -4   4  -1  -3   0  -3   0  -2   0  -3  -4   2   0  -4   2  -2   22   0   3   0   0  22   2   1   2   1  10   1   3   1   0  18   5   0   7   2  0.48 0.40
   15 G    -5  -7  -5  -6  -7  -6  -6   8  -6  -7  -7  -6  -7  -7  -6  -5  -6  -7  -7  -3    0   0   0   0   0   0   0  95   0   0   0   0   0   0   0   0   0   0   0   2  2.66 1.05
   16 T    -3   2  -2  -2  -5  -1   1  -2  -2  -2   0   5  -1  -3  -2  -2   2  -5  -2  -2    1   9   2   2   0   1   8   2   1   3   8  40   1   1   2   1  13   0   1   3  0.58 0.40
   17 W    -7  -8  -8  -8  -7  -7  -8  -7  -7  -8  -5  -8  -7  -5  -8  -5  -7  13  -4  -8    0   0   0   0   0   0   0   0   0   0   1   0   0   0   0   1   0  94   0   0  5.00 1.69
   18 L    -4  -5  -3  -7  -3  -6  -6  -7   4  -5  -2  -6  -5   5  -7  -6  -6   0   9  -4    1   1   2   0   1   0   0   0   9   0   4   0   0  18   0   0   0   1  61   1  2.24 0.95
   19 L    -1  -1  -1   0   0  -2   0  -3  -1   0   1  -3   0  -2  -1   2   1  -4  -3   3    3   4   3   5   2   1   5   1   2   5  14   1   2   1   2  16   9   0   0  24  0.21 0.23
   20 V    -1  -6  -6  -6  -4  -4  -6  -5  -6   5   1  -4   1  -3  -4  -3  -1  -6  -5   5    4   0   0   0   0   1   0   1   0  30  13   1   2   1   1   2   3   0   0  41  1.06 0.56
   21 A     4  -5  -3  -5  -3  -3  -4   5  -5  -2  -1  -4  -3  -3  -5   0  -3  -6  -5  -2   33   0   1   0   0   1   1  42   0   2   7   1   0   1   0   7   1   0   0   2  0.97 0.57
   22 V     0  -3  -6  -6  -3  -5  -4  -4  -5   1   4  -4   5   1  -5  -4  -2  -1  -2   3    7   1   0   0   0   0   1   1   0   7  35   1  15   6   0   1   2   1   1  21  0.74 0.45
   23 G     6  -6  -6  -6  -1  -5  -5   1  -6  -3  -5  -5  -5  -6  -5  -2  -4  -7  -6   1   74   0   0   0   1   0   0  10   0   1   1   0   0   0   0   1   1   0   0  10  1.58 0.84
   24 S    -2  -3  -3  -1  -3  -2  -3   1  -5  -6  -6  -4  -6  -6  -5   6   1  -6   0  -6    2   1   0   3   0   1   1  11   0   0   1   1   0   0   0  65   9   0   3   0  1.35 0.80
   25 A    -3   0   6   5  -6  -3  -2  -4  -2  -7  -7   0  -6  -7  -4  -1   2  -7  -6  -6    2   4  36  31   0   1   1   0   1   0   0   6   0   0   1   4  13   0   0   0  1.25 0.70
   26 C     1  -1  -2   1   8  -1  -1  -3  -4  -2  -3  -1  -1  -3  -3   2  -1  -3  -3  -2   12   3   1   8  33   3   3   1   0   3   2   4   1   1   1  16   4   0   1   3  0.86 0.50
   27 R    -2   3   0  -2  -5   3   0  -4  -1  -3  -4   3  -3  -3   4   1  -1  -5  -3  -3    2  17   4   2   0  13   4   0   2   2   1  17   0   1  20  10   3   0   1   1  0.60 0.43
   28 F    -3  -2  -1  -1  -5  -2   0   0   2  -2  -3   0  -3   4  -5  -2  -2   9   3  -2    2   2   3   4   0   2   7   7   5   3   1   7   0  14   0   4   2  24  10   3  0.82 0.48
   29 L    -3  -1  -4  -4  -5  -2  -3  -3  -3   0   3   1   3   6  -3  -2  -2  -4  -1  -2    1   3   1   1   0   1   1   2   1   5  26  10   7  30   1   4   2   0   1   2  0.65 0.43
   30 Q    -2   1  -1  -2  -4   3   0  -1  -3   1   0   3   0  -4  -1  -2  -2  -2  -4   0    3   8   3   1   0  15   6   6   0   9  12  22   2   0   3   2   1   0   0   6  0.29 0.29
   31 E    -3   1   1   3  -3   0   5  -2  -1  -4  -3   1   2  -3  -2  -1  -3  -6  -5  -3    1   8   5  13   1   4  36   2   1   0   3   9   5   1   2   5   1   0   0   1  0.62 0.45
   32 R    -2   4  -1  -2  -6  -1  -1  -5   4  -3  -4   5  -2  -2  -4  -1  -3  -6  -1  -5    3  21   3   2   0   1   3   0  11   2   1  40   1   2   0   5   1   0   2   0  0.92 0.57
   33 A     0   0  -3  -3  -5  -3  -3   0  -4  -1  -1   4   6   0  -3   0  -2  -5  -4   1    6   5   1   1   0   0   1   6   0   4   5  25  22   4   1   6   2   0   0   9  0.53 0.42
   34 E     0  -2  -1   2  -4   0   2   0   0  -4  -4   0  -1   2  -1   2  -1   0   2  -3    8   2   2  10   0   3  15   6   2   0   1   5   2   8   3  20   3   1   8   1  0.26 0.28
   35 A     1  -2   1  -2  -4  -3  -2  -1  -2   0  -2  -1   5  -4  -2   1   3  -5  -4   1   13   2   8   2   0   0   1   4   1   5   3   3  18   0   2  10  16   0   0  12  0.39 0.37
   36 T     0   1  -2  -2  -4  -2  -1   1  -2  -1  -2  -2   4  -4  -2   1   3  -5  -3  -1    8   9   1   2   0   1   4  10   1   2   3   2  14   0   2  13  23   0   1   4  0.36 0.36
   37 T     1  -2   0  -2  -4  -1  -3  -3  -1   1  -2   1   1  -2  -3   1   4  -5  -3   2   10   2   4   2   0   2   1   1   2   7   2  10   3   1   1   8  30   0   1  14  0.39 0.36
   38 L    -4  -4  -7  -7  -5  -6  -6  -7  -5   5   2  -6   6   2  -7  -5  -4  -5   3   2    1   1   0   0   0   0   0   0   0  28  18   0  18   7   0   1   1   0  10  15  1.06 0.60
   39 H    -1  -1   0  -1  -2   1   2  -1   3  -2  -2   0  -1  -3   0   1   2  -5  -2   1    4   3   3   3   1   5  17   5   8   1   2   4   1   1   4   9  13   0   1  12  0.19 0.24
   40 V     1  -4  -3  -5  -4  -3  -3  -5  -4   0   3  -2  -1  -1   3  -1  -1  -2  -3   4   10   1   1   0   0   1   1   0   0   2  27   3   1   2  14   4   3   1   0  27  0.51 0.40
   41 A     1  -2   0  -2  -3   0  -1  -1  -1  -1   2   1   0  -1  -2   0   3  -2  -3   0   14   1   5   1   0   3   4   4   1   2  19   8   2   2   1   6  18   1   0   6  0.15 0.21
   42 P     1  -2  -1   2  -5  -1   3  -1  -4  -3  -2  -1  -2  -4   3   0   1  -6  -3  -2   13   1   2  11   0   2  21   4   0   1   5   4   1   0  17   6   9   0   1   2  0.40 0.34
   43 Q    -4  -3   5   5  -7   1   3   2  -4  -5  -5  -2  -3  -7  -4  -1  -4  -7  -6  -2    1   1  23  29   0   6  17  13   0   0   1   1   1   0   0   4   1   0   0   3  0.92 0.57
   44 G    -1  -2   1   0  -5   0  -2   5   2  -6  -4  -1  -5  -4  -3   1   0  -6  -3  -5    4   2   5   5   0   5   2  50   5   0   2   3   0   1   1   8   5   0   1   0  0.85 0.51
   45 T    -1  -3   3   3  -3   0   0   0   1  -3  -3  -1  -4  -6  -2   4   1  -6  -5  -5    3   1  13  14   0   3   6   6   4   2   3   4   0   0   2  31   8   0   0   0  0.52 0.42
   46 M    -3  -6  -5  -7  -5  -6  -6  -2  -5   2   5  -6   3   2  -6  -3  -5  -4   3   0    2   0   1   0   0   0   0   3   0  11  51   0   8   7   0   2   0   0  10   5  1.00 0.57
   47 A     1  -1   4   1  -4  -1   0  -1   1  -2  -3   1  -4  -2  -4   2   1  -5  -2  -1   12   2  21   7   0   2   6   3   3   2   2   7   0   2   0  19   7   0   1   4  0.34 0.31
   48 V    -1  -5  -2  -6  -4  -5  -5  -6  -5   1   2  -3   3   2  -5  -2   0  -5  -2   5    4   0   2   0   0   0   0   0   0   6  21   1   8   9   0   3   5   0   1  39  0.77 0.49
   49 S    -2  -2  -1  -2  -2  -1  -2  -3   2  -2  -4   2  -1  -5  -3   2   5   1  -2  -3    3   1   3   2   1   2   2   2   6   2   1  13   2   0   1  17  39   2   1   1  0.71 0.54
   50 T     0  -1  -1  -4  -1  -4  -4  -3  -1  -2  -1  -3   4   3  -2   2   3  -4   0  -2    7   4   3   0   1   0   0   2   1   2   6   1  12  13   2  19  20   0   4   3  0.44 0.40
   51 F     0  -1  -1  -2  -4  -2  -1  -2   3   0  -1  -1  -1   3  -4   0   3   5   2   0    7   3   3   1   0   1   4   2   7   5   4   5   1  11   0   6  19   9   6   6  0.31 0.31
   52 R    -2   1  -3  -1  -3  -1   0  -2   1   0   1  -1   2   2   0  -1   0   2   2   0    3  11   0   3   0   2   5   2   4   5  13   2   6  10   5   5   7   3   8   5  0.14 0.18
   53 K     0   1   0   0  -4  -1  -2  -2   0  -1   0   1   1   0   3  -1   0   4   0  -1    9   8   4   4   0   2   2   2   3   3  11  10   4   4  15   3   5   6   2   4  0.18 0.19
   54 L    -2   4  -1  -2  -4   0  -1  -1   2  -1   0   1   1  -4   0  -1   0   1  -1  -1    3  25   2   2   0   3   3   4   5   3  12  10   3   0   4   5   7   2   1   4  0.27 0.28
   55 D    -1   0   2   1  -3   1   0   0   1  -1  -2   0   0  -1   1   1   0  -3   0  -1    5   4  12  10   0   5   5   8   4   3   3   5   3   3   8  10   4   0   3   3  0.13 0.15
   56 G    -1   0   1   2   1   1   0   2   1  -1  -2   0  -3  -1  -1  -1  -1  -4   0  -2    4   4   7  15   3   6   6  20   4   3   4   5   0   3   3   4   3   0   3   3  0.17 0.18
   57 I    -1   1   0  -1   4   1   0   2   1  -1  -2   0  -1  -2  -2  -1   0  -4  -2   0    3   8   3   3  11   8   7  14   4   4   3   6   1   1   2   4   6   0   1   9  0.19 0.20
   58 C    -3  -3  -1  -2  11  -2   0  -7  -7  -6  -7  -7   1  -7  -7  -2  -2  -7  -7  -2    2   2   3   2  68   2   7   0   0   0   0   0   3   0   0   3   3   0   0   3  2.72 1.16
   59 W    -3   0   0  -1  -5   1   1  -3   3  -3  -2   0   0  -2  -2  -2   2   7   2   0    2   5   4   3   0   7  10   1   6   2   3   7   2   2   2   3  13  15   7   7  0.47 0.36
   60 Q    -2   3  -2  -1  -5   3   3  -1   0  -3  -3   2   0  -2  -2   0  -2   4  -2  -2    3  14   2   2   0  13  19   4   2   2   2  13   2   2   2   6   3   6   2   2  0.42 0.34
   61 V    -1  -1  -2  -1  -4  -1  -2  -3  -2   4  -1   0   3   0  -4  -1   1   3  -1   2    4   3   1   3   0   3   2   2   1  26   5   5   7   4   0   4   8   3   2  14  0.34 0.27
   62 R     0   2   1   1  -3   0   0  -2   0  -2  -1   0   1   1  -2   1   1   0   0   0    6  11   7   9   0   3   4   1   2   2   7   4   4   6   2  11   9   1   3   6  0.10 0.14
   63 Q     0  -2  -2  -3  -2   3  -1   0   0  -1   1  -2   1  -1  -2  -1   2   1  -1   0    7   2   1   1   1  16   2   9   2   3  16   2   4   3   2   3  16   2   2   6  0.20 0.25
   64 L     0  -1  -2  -2  -2  -2   0  -4  -2   0   3  -3  -1   2  -4  -2   1  -4   0   2    9   3   1   2   1   1   8   1   1   5  28   1   1   9   0   3  10   0   3  13  0.27 0.27
   65 Y    -2  -2  -3  -4   3   0  -2  -4   1  -1  -2  -1   0   4  -6  -2  -2   0   7   1    3   3   1   1   6   4   3   1   4   4   4   4   2  14   0   3   2   1  33   8  0.79 0.51
   66 D    -3   0  -2   2  -1   1   0  -3   2  -4  -4   4  -5  -6   4  -2   0  -2  -1  -3    1   4   2  10   1   5   5   1   4   1   1  30   0   0  22   2   7   1   2   2  0.67 0.48
   67 T     0  -1  -2  -2  -1  -3  -2  -2  -3  -3  -1   1  -1  -5  -2   1   6  -5  -2  -1    9   3   1   2   1   0   2   3   1   1   6   8   1   0   2   9  45   0   1   4  0.65 0.50
   68 G    -1  -1   0   2  -3   0   1   3  -1  -2  -2   0  -3  -2   0   1  -1  -4  -3  -1    2   3   3  11   1   5  10  24   1   1   5   5   0   2   5  12   4   0   1   5  0.24 0.23
   69 V     0  -1  -1  -1  -1   2   1  -2  -2   0   0   1  -1  -4   0   0   3  -2  -2   1    7   2   2   2   1  11   8   2   1   4   8   8   1   0   5   8  18   1   1   9  0.16 0.21
   70 L    -1  -2   0   2  -3  -1   1  -3   1  -3  -4  -2  -3  -6   6  -1  -1  -6  -4  -2    6   2   4  11   1   2  10   2   3   1   2   2   1   0  42   4   4   0   1   3  0.91 0.56
   71 G    -1  -4  -2  -5  -6  -5  -1   7  -3  -6  -4  -2  -6  -6  -3  -3  -4  -6  -6  -3    5   1   2   0   0   0   4  74   1   0   2   3   0   0   2   1   1   0   0   3  1.63 0.81
   72 R    -4   4   0  -2   0   4   1  -1   4  -3  -4   2  -4  -5  -2  -1  -3  -2  -4  -2    0  22   4   1   2  18   9   5  11   2   2  13   0   0   2   3   1   1   0   3  0.59 0.43
   73 F    -2  -3  -5  -3  -1  -2  -3  -3  -4  -3  -2  -5  -2   8  -6  -3  -5   0   5  -3    3   2   0   2   1   2   2   2   0   1   3   0   1  55   0   2   1   1  20   2  1.62 0.76
   74 L    -2   0   0  -2  -3  -1  -2  -1  -1   1   1   0   1   0  -3   1   3  -3  -1   0    2   6   3   2   0   3   2   5   1   7  14   5   3   4   0  13  21   0   2   7  0.16 0.20
   75 L    -2  -3  -4  -4   1  -1  -4  -2   0   0   2  -3   0   1  -2  -2   0   0   6   2    3   1   0   0   3   2   1   3   2   4  23   1   2   4   2   3   5   1  26  13  0.54 0.37
   76 Q    -1   0   0   0  -3   1   0   1   3  -2  -1   0  -2  -1   0   2   0   1   0  -2    3   4   3   6   0   6   5  11   8   2   5   7   1   3   4  18   7   2   3   3  0.14 0.17
   77 R     0   0   1   0   2   1   0   0   2   0  -1   0   1  -2  -2   0   0  -3   1   0    6   6   6   6   6   6   6   6   6   6   6   6   6   0   0   6   6   0   6   6  0.05 0.09
   78 D     0   0   1   1  -4   1   1   0   0  -1  -2  -1   0  -4   4   0  -1  -4  -3  -1    6   5   6   8   0   8   8   9   2   5   3   3   2   0  20   8   3   0   0   3  0.28 0.24
   79 A     1   2  -1  -1  -3   0  -1   0   2  -1  -2   1  -2   0   0   0   0   1   2  -1   15  15   3   4   0   2   3   8   5   3   3  10   0   3   4   4   5   2   9   3  0.14 0.17
   80 R     0   0   0   0  -3   0   0  -1   2   0  -1   0   1   0  -3   0   0   3   1   0    5   5   5   5   0   5   5   5   5   5   5   5   5   5   0   5   5   5   5   5  0.03 0.10
   81 G    -1  -1   2   0   0   1  -1   4   0  -4  -3  -1  -1  -4  -1  -1  -2   1  -1  -3    5   3  12   5   2   8   3  30   2   0   3   4   2   0   3   4   2   2   2   2  0.31 0.35
   82 A    -1  -1   1   0  -4   2   0  -1   1  -2  -2   0   0   0   0   2   1  -4   1  -1    4   3   8   5   0   9   4   3   3   2   2   5   3   3   4  17   9   0   5   4  0.10 0.23
   83 V    -2  -1   3  -1  -2  -1   0  -3  -1   1   0   1   0   0  -3  -1   1  -1   2   1    1   2  19   2   1   2   5   0   1   9   9   8   2   3   0   2   9   1   8  12  0.16 0.21
   84 H    -2  -1  -1   4  -4   0   2  -1   2  -1  -2  -1  -2  -3  -3  -1   2  -4   0  -1    3   2   2  28   0   3  14   4   6   3   3   4   1   1   1   2  13   0   4   4  0.37 0.30
   85 V    -1  -4  -3  -5  -4  -4  -4  -4  -4   3   0  -4   4   2  -2   0  -2  -4  -2   4    4   0   1   0   0   0   0   1   0  18   6   0  10  10   2   7   2   0   1  35  0.60 0.40
   86 V    -3   5  -3  -2  -3   1  -3  -3   0  -2  -2  -1  -2   0  -4  -1  -1   2   3   1    1  38   1   2   1   6   0   2   2   2   4   2   1   3   0   4   4   3  11  10  0.54 0.39
   87 V    -2  -5  -5  -4  -4  -5  -5  -2  -5   3  -1  -5   1  -2  -3  -4  -3  -5  -4   6    2   0   0   1   0   0   0   3   0  15   5   0   3   2   1   0   0   0   0  62  1.17 0.61
   88 A     1  -3  -4  -4  -3  -1  -2   0  -2   0   1  -3   0  -2  -2  -1   0  -4  -2   4   10   1   0   0   0   3   3   7   1   4  13   0   2   1   2   3   6   0   1  39  0.38 0.33
   89 E     0  -1  -1   4  -5   0   4  -2   3  -4  -5   0  -2  -2  -4   0  -2  -5  -3  -4   10   3   1  24   0   3  30   3   7   1   0   5   1   2   0   6   2   0   1   1  0.62 0.40
   90 T    -1  -3  -4  -5  -4  -1  -3  -2  -5  -2  -3  -4  -2  -3  -2  -1   7  -6  -5   1    5   1   0   0   0   2   1   3   0   2   2   0   1   1   2   2  69   0   0   8  1.37 0.73
   91 D    -4  -4   4   7  -6  -2  -2  -4  -4  -4  -6   1  -5  -6  -5  -1  -3  -7  -6  -2    1   0  21  57   0   1   0   0   0   1   0   8   0   0   0   4   1   0   0   3  1.46 0.70
   92 Y    -4  -5  -4  -6  -2  -5  -3  -4   0  -4  -5  -5  -5   1   0  -4  -5  -2   9  -3    1   0   1   0   1   0   2   2   2   1   0   0   0   4   6   1   0   0  75   2  2.30 0.95
   93 Q    -2   0   3   4  -2   1   1  -2  -1  -2  -4   1  -2  -4  -4   2   0  -5  -4  -2    2   5  12  28   1   6   7   1   2   2   1  10   1   1   0  15   4   0   0   3  0.48 0.33
   94 S    -2  -1   1   2  -4   2   3  -1   4  -4  -3  -1  -1  -3  -1   2   0  -5  -3  -3    2   3   7   9   0  11  23   4   9   0   2   3   1   1   2  17   4   0   0   2  0.44 0.33
   95 F    -2  -2  -5  -5  -5  -4  -5  -5   2  -4  -4  -5  -4   6  -5  -3  -3  -2   8  -2    3   3   0   0   0   0   0   0   4   0   1   0   0  31   0   2   1   0  49   2  1.70 0.70
   96 A     6  -4  -4  -4  -2  -3  -4  -1  -4   2  -1  -3  -1  -4  -1  -1  -1  -4  -1   0   62   0   0   0   1   0   0   3   0  11   4   0   1   0   3   2   2   0   2   6  0.85 0.49
   97 V    -1  -3  -4  -5  -3  -4  -4  -5  -2   5   2  -4   3  -1  -1  -3   0  -4  -2   3    3   1   0   0   0   0   0   0   1  32  18   0   9   2   4   0   5   0   1  20  0.61 0.35
   98 L    -3  -4  -2  -4   1  -4  -3  -5  -3   2   3  -4   3   3  -1  -3  -1  -3  -1   3    0   0   2   0   3   0   2   0   1  10  25   0   9  15   3   1   2   0   1  25  0.51 0.31
   99 Y    -3  -3  -3  -2  -1  -3  -4  -5   6  -1   1  -4  -1   3  -1  -4  -3   2   7  -2    2   1   1   3   1   1   0   0  17   3  11   0   2  12   3   0   1   2  36   2  1.07 0.55
  100 L    -1  -3  -1  -4   0  -2  -2  -4  -3   2   1  -3   2   3  -1   0   2   0   1   0    4   1   2   0   2   1   2   0   0  11  17   1   7  12   3   9  16   1   5   6  0.23 0.22
  101 E    -2   1   0  -1  -3   2   3  -3   0   0  -2   3  -2  -3  -1  -1   0  -4   2  -2    2   7   3   2   0  10  18   1   2   8   3  20   1   1   3   2   7   0   7   2  0.30 0.26
  102 R    -3   3   2  -3  -5  -1   0  -1  -2  -5  -4   6  -1  -5  -1  -2  -1  -3  -5  -3    1  17  10   1   0   2   4   6   1   0   1  44   2   0   3   2   3   0   0   2  0.85 0.49
  103 A     1  -1   0  -1  -3   1   0  -1   0   0  -1  -1   0   0   0   0   1   2   0   1   11   4   4   3   0   6   7   4   3   6   3   3   3   5   5   5  11   3   3  12  0.06 0.11
  104 G     0   0   1  -1   1   0  -1   0   1  -1  -2   1  -3   0  -3   1   1   2   1  -1    6   6   6   4   3   4   3   9   3   3   3  11   0   4   0  14   9   3   5   3  0.12 0.16
  105 L    -2  -1  -1  -1  -3  -1  -1   0   2   1   0  -1   0   3  -2  -1   2  -3  -1   1    2   3   3   4   0   3   5   8   5  10   8   3   2  15   2   3  13   0   1   9  0.11 0.17
  106 S    -1   0  -1  -2  -4   0   1   0  -1  -2  -1   1   3  -1   1   1   2   2  -1  -1    4   5   3   2   0   4  10   6   1   1   5   8  11   2   6  11  12   3   2   4  0.15 0.21
  107 V     1  -4   0  -4   0  -4  -3  -2  -1   1   1  -2   3   0  -4  -2   1  -4  -1   4   10   0   5   0   2   0   1   4   1   8  14   2   9   4   0   2   7   0   2  27  0.35 0.29
  108 K    -1   0  -1  -2  -1   4   0  -4  -4  -1  -3   4  -1  -5  -4   0   3  -5  -2  -1    4   5   2   2   1  18   6   0   0   4   2  24   2   0   0   8  16   0   1   4  0.51 0.42
  109 L    -5  -6  -6  -6  -5  -6  -6  -7  -6  -1   6  -6   0   1  -1  -6  -5  -5  -1  -2    0   0   0   0   0   0   0   0   0   2  78   0   2   5   3   0   0   0   3   2  1.61 0.73
  110 Y    -4  -3  -3  -6  -1  -5  -6  -6   1  -3   0  -5  -4   2  -2  -3   0  -3   9  -3    1   2   2   0   1   0   0   0   3   1  11   0   0   6   2   2   5   0  59   2  1.71 0.78
  111 A     2  -3  -2  -2  -1  -4  -5   5  -5  -6  -6  -4  -2  -6  -5   3   0  -6  -6  -3   15   1   1   2   1   0   0  48   0   0   0   0   1   0   0  23   5   0   0   2  1.08 0.58
  112 R     0   6  -4  -4  -5  -2   0  -4  -3  -5  -4   1   2  -4   0  -3   0   3   1  -4    8  46   0   0   0   0   5   0   0   0   1   6   5   0   5   0   5   5   5   0  0.82 0.51
  113 S     0  -1   0  -1   1   0   0  -1   0   1  -1  -1  -2   0  -3   2   1   3  -2  -1    8   4   4   3   4   3   4   3   3  11   3   3   0   4   0  17  10   5   0   3  0.06 0.15
  114 L    -2  -1  -1   0  -4   2  -1  -2  -3  -1  -2   1   0  -1   4   0  -1   5  -3   0    3   3   2   6   0   9   3   2   0   3   4  11   3   2  22   7   3  10   0   6  0.42 0.29
  115 P     0   0   0   2  -4   2   3  -2   0  -4  -3  -1  -1  -2   3  -1  -1   1  -2  -2    7   4   4  14   0  11  19   3   2   0   3   2   2   2  14   3   4   2   2   3  0.34 0.28
  116 V     0  -4  -2  -3   1  -2  -3  -3  -2   0   4  -2   1  -1   0  -2  -1  -4  -3   3    7   0   2   1   3   1   1   1   1   3  38   3   2   2   5   1   3   0   0  23  0.42 0.33
  117 S    -2   3   2   0  -4  -1  -1  -2  -1  -3  -3   0  -3  -1   3   3   0  -4  -2  -3    2  16  11   4   0   2   3   3   2   2   2   4   0   2  13  25   6   0   1   2  0.39 0.34
  118 D     0  -1  -1   2  -2  -2   2  -2  -1  -4  -4  -1  -5  -3   5  -1   0   3  -3  -3    7   4   2  12   1   1  15   3   1   1   2   3   0   1  32   5   5   4   1   1  0.66 0.45
  119 S     0  -2   0   1  -4   1   4  -1  -1  -3  -4   0  -4  -5  -1   1   1   0  -4   0    9   2   4   8   0   7  29   4   1   1   1   5   0   0   2  13   7   1   0   6  0.38 0.33
  120 V     1  -3  -3  -3  -3  -3  -4  -1  -2   2   3  -3   1   0  -1  -1   0  -4   1   2   15   1   1   1   0   1   0   5   1  10  30   1   2   3   3   3   5   0   4  14  0.27 0.25
  121 L    -1  -1  -5  -5  -5   0  -2  -5  -2   1   4   4   2  -2  -3  -4  -2  -5  -4  -1    5   2   0   0   0   4   2   0   1   7  41  24   6   2   1   0   2   0   0   4  0.65 0.46
  122 S    -1   0   0   2  -5   3   4  -1  -2  -4  -4   2  -1  -4  -4   0  -1  -2  -3  -4    5   3   3  11   0  15  29   5   1   0   2  12   1   0   0   7   4   0   1   1  0.54 0.38
  123 G     0   3   0   0  -3   0   1  -3   1  -2  -2   5  -1  -4  -4  -2  -1  -5   0  -1    8  13   4   6   0   2   8   1   4   2   3  34   2   0   0   1   3   0   3   5  0.44 0.33
  124 F    -7  -7  -7  -8  -7  -7  -7  -7  -6  -5  -2  -7   2   9  -8  -7  -6  -4   1  -5    0   0   0   0   0   0   0   0   0   0   3   0   5  87   0   0   0   0   3   0  2.91 1.09
  125 E    -2   3  -2  -2  -5   2   3  -4   0   1  -2   2  -1  -2   0  -1   1  -5  -3   0    2  16   1   1   0  11  18   0   2   9   2  12   1   2   5   3   8   0   0   8  0.33 0.29
  126 Q    -1   1   0   1   2   4   2  -3   1  -3  -3   2  -1  -5  -4   0   0  -5  -4  -2    6   6   4   9   4  21  12   2   4   1   2  15   2   0   0   5   6   0   0   3  0.41 0.32
  127 R    -3   1  -5  -6  -5  -4  -4  -5   1   0   3  -3  -1   6  -6  -4  -3   2   1   1    2   9   0   0   0   1   1   1   3   5  26   1   1  35   0   1   1   3   3   8  0.84 0.47
  128 V     4  -5  -5  -5   6  -4  -5  -3  -5  -1  -2  -5  -1  -3  -5   2  -1  -1   1   2   38   0   0   0  14   0   0   1   0   4   4   0   1   1   0  13   4   1   6  13  0.78 0.50
  129 Q    -2   2  -2  -3  -5   2   0  -3  -1  -3   1   4   0  -4   3  -1  -2  -5  -3  -2    3  12   1   0   0  11   5   1   1   1  15  24   3   0  13   3   2   0   0   2  0.43 0.34
  130 E     1  -1  -1   0  -4   1   2   1  -2  -3  -3   2  -2  -3  -4   3   1  -5  -3  -3   11   3   1   6   0   5  15  12   1   1   2  11   1   1   0  21   9   0   1   1  0.33 0.29
  131 A     1   0  -1  -4  -4   3  -3  -5   3  -1   2  -1   2  -2  -4  -2   0  -4   1   2   10   4   3   0   0  17   0   0   8   1  18   3   5   1   0   1   6   0   5  17  0.36 0.33
  132 H    -4  -4   3  -2  -4  -4  -3   7  -2  -8  -8  -3  -7  -7  -4  -3  -4  -7  -7  -7    0   1  12   3   0   1   2  75   1   0   0   2   0   0   1   2   1   0   0   0  1.82 0.79
  133 L    -5  -6  -7  -7  -5  -6  -7  -7  -6   4   5  -6   3   3  -7  -6  -3  -5   0  -1    0   0   0   0   0   0   0   0   0  20  56   0   5  14   0   0   1   0   2   2  1.28 0.60
  134 T    -2  -2   1  -1  -4  -1  -3   0  -2  -3  -1  -2  -3  -5   3   2   4  -6  -3  -2    1   2   6   3   0   3   1   7   1   1   6   1   0   0  16  15  32   0   1   3  0.55 0.41
  135 E    -2   0  -2   4  -6  -1   5  -3  -2  -6  -3   1  -3  -6   2  -1  -1  -6  -5  -4    2   4   1  21   0   2  39   1   1   0   3   7   1   0  11   4   3   0   0   1  0.84 0.49
  136 D    -1  -3   0   6  -6   0   4  -3   0  -4  -6  -2  -6  -7  -4   0  -3  -7  -6  -6    5   1   4  46   0   3  26   2   2   1   0   2   0   0   1   6   1   0   0   0  1.17 0.59
  137 Q    -2  -3   5   0  -4   3  -2  -3   4  -4  -3  -2   3  -1  -5   1   0  -5   0  -2    3   0  28   5   0  14   2   1  10   1   2   1   9   3   0  12   4   0   4   2  0.63 0.43
  138 I    -3  -5  -5  -6  -5  -4  -6  -1  -2   7  -1  -6   2  -2  -6  -5   0  -6  -3   2    1   0   1   0   0   1   0   5   1  62   4   0   5   1   0   0   6   0   1  12  1.30 0.61
  139 F     0  -4  -4  -5  -4  -2  -5  -5   0   3   1  -3  -1   4  -5  -3  -2   0   2   3    9   1   0   0   0   2   0   0   2  20  14   1   0  15   0   1   2   1   6  24  0.56 0.34
  140 Y    -3  -2  -4   1  -4  -2  -3  -5  -1   2   1  -3   3   5  -1  -2   0  -3   2  -1    1   2   0   9   0   2   1   0   1  12  11   1   8  29   4   2   8   0   6   4  0.50 0.34
  141 F    -4  -4  -4  -6  -5  -5  -6  -6  -5  -2   5  -3   3   5   2  -4  -3  -4  -2  -3    1   0   1   0   0   0   0   0   0   1  50   2   6  26   9   1   1   0   1   1  1.11 0.57
  142 P     0  -4  -3  -3  -6   0  -2  -5  -2  -1  -3  -2  -4  -4   7  -2   1  -7  -6  -1    8   1   1   1   0   4   3   0   1   4   2   2   0   1  55   3  10   0   0   5  1.32 0.63
  143 K    -2   1   2   2  -5   1  -1  -3   0  -4  -4   4  -3  -5   2  -1   1  -2  -3  -2    1   5  10  12   0   7   2   2   3   0   1  30   0   0  11   3   8   1   1   3  0.50 0.35
  144 Y    -1   1   1   0  -4   0  -2  -3  -1   0  -3   1  -1  -2  -2   2   2  -3   4   0    5   6   7   5   0   5   1   0   1   7   1   9   1   0   2  15  13   0  18   5  0.26 0.26
  145 G    -2  -4  -1   6  -6  -4   1   5  -5  -4  -3  -4  -3  -4  -5  -1  -3  -6  -6  -4    3   0   2  38   0   0   9  37   0   1   2   0   1   1   0   3   1   0   0   1  1.10 0.56
  146 F    -1   2   0  -1  -4   3   4  -3   1  -3  -3   1  -2   3  -1  -2  -1  -4  -2  -2    5  10   3   2   0  12  26   2   4   1   1   8   0  16   3   0   4   0   0   2  0.45 0.34
  147 C    -5  -5  -8  -8  12  -8  -8  -7  -8  -4  -6  -8  -6  -5  -4  -6  -6   0  -7  -6    0   1   0   0  94   0   0   0   0   1   0   0   0   1   1   0   0   1   0   0  4.09 1.30
  148 E    -1  -2  -2  -1  -2  -1   1  -2  -2   1   0  -2   2  -2   2   1   1  -4  -2   2    4   1   1   3   0   3  12   3   0   6   9   0   7   1  11   9   8   0   1  20  0.18 0.19
  149 A     1  -3  -2   0  -5   2   2  -3  -2  -5  -3  -1  -4  -2   5   2  -1  -5  -4  -3   10   0   1   6   0   8  12   1   1   0   3   4   0   2  32  17   3   0   0   1  0.69 0.40
  150 A     4  -3  -3  -3  -4  -2  -2   4  -4  -4  -3  -3  -4  -5  -4   0   0  -5  -4   0   41   1   0   1   0   2   2  31   0   0   2   1   0   0   0   7   6   0   0   7  0.72 0.42
  151 D    -3  -1  -1   5  -5   1   4   0   2  -5  -2  -1  -4  -5  -2  -2  -3  -5  -4  -5    0   3   1  40   0   4  28   8   6   0   4   2   0   0   1   1   0   0   0   0  0.84 0.39
  152 Q    -3   1  -1  -1  -5   7   2  -2  -2  -5  -4   2  -3  -5   0  -1  -2  -5  -4  -5    0   5   2   2   0  56  10   2   0   0   1  13   0   0   4   2   1   0   0   0  1.10 0.48
  153 F    -2  -3  -1   3  -4  -2   3  -1  -2  -1  -2  -2   1   5  -3   0  -2   1  -1  -3    2   0   2  21   0   0  20   4   0   4   1   0   4  33   0   6   0   2   0   0  0.51 0.26
  154 H    -3  -3  -2  -3  -5   1  -2  -4   9  -5  -5  -3  -4  -4   5  -3  -3  -5  -1  -5    0   0   0   0   0   5   0   0  62   0   0   0   0   0  29   0   0   0   0   0  1.85 0.48
  155 V    -1  -2  -3  -2  -2  -2  -1  -4  -3   3   1  -1   0   0   0  -2   0  -3  -2   3    1   2   0   1   0   1   4   0   0  21  15   3   0   4   4   0   6   0   0  35  0.27 0.13
  156 L    -3  -4  -4  -4  -3  -3  -4  -5  -4   2   4  -3   0  -1   4  -3  -2  -4  -3  -1    0   0   0   0   0   0   0   0   0  12  64   0   0   0  23   0   0   0   0   0  0.84 0.24
  157 D    -2  -2   4   6  -4   0   0  -2  -2  -4  -4  -2  -4  -5  -1  -1   2  -5  -4  -4    2   0  27  53   0   2   0   0   0   0   0   0   0   0   2   0  13   0   0   0  0.90 0.23
  158 E    -2  -2  -2   1   4   0   5  -3  -2  -4  -4  -1  -3  -4   4   1  -2  -4  -3  -3    0   0   0   5  14   0  48   0   0   0   0   0   0   0  22  11   0   0   0   0  0.77 0.18
  159 V    -1  -3  -3  -3  -2  -2  -3  -4  -3   2   1  -2   4  -1  -3  -1   2  -3  -2   4    0   0   0   0   0   0   0   0   0   5   9   0  18   0   0   0  20   0   0  48  0.39 0.11

                      K         Lambda
Standard Ungapped    0.1364     0.3246
Standard Gapped      0.0501     0.2670
PSI Ungapped         0.1644     0.3127
PSI Gapped           0.0501     0.2670
