
Last position-specific scoring matrix computed, weighted observed percentages rounded down, information per position, and relative weight of gapless real matches to pseudocounts
            A   R   N   D   C   Q   E   G   H   I   L   K   M   F   P   S   T   W   Y   V   A   R   N   D   C   Q   E   G   H   I   L   K   M   F   P   S   T   W   Y   V
    1 D    -4  -4   0   5  -7  -2   6  -5  -3  -6  -6  -3  -5  -7  -4  -3  -4  -6  -5  -6    0   0   4  31   0   0  64   0   0   0   0   0   0   0   0   0   0   0   0   0  1.71 0.67
    2 C    -5  -8  -7  -8  12  -8  -8  -5  -8  -6  -6  -8  -6  -7  -8  -5  -5  -7  -7  -5    0   0   0   0  99   0   0   1   0   0   0   0   0   0   0   0   0   0   0   0  4.26 1.21
    3 S    -2   0   1   3  -4   2   3  -3  -1  -4  -2   2  -3  -5  -1   1  -1  -5  -3  -4    2   3   7  18   0  11  20   1   1   0   4  15   0   0   2  13   3   0   0   0  0.47 0.30
    4 Q    -1   2   2   1  -4   2   1  -3   0  -1  -2   3  -2  -4  -3   0   0  -5  -3  -2    3  11  10   7   0  12   8   1   3   5   4  24   0   0   0   5   7   0   0   1  0.35 0.26
    5 Y     3  -1  -1   2  -3  -2  -2  -3   3  -2   0  -3   1   0  -2  -2  -2  -2   4   0   27   3   3  12   0   1   1   0   9   1   7   0   5   3   1   1   2   0  15   9  0.32 0.28
    6 E    -2   0   0   1  -4   0   2  -3   2  -3  -3   2  -1   0   3   0   0  -4  -2  -3    2   4   5   8   0   4  16   1   6   1   1  14   1   4  18   5   6   0   1   1  0.36 0.24
    7 P    -3   0  -3  -4  -5  -1  -1  -4  -1  -3  -3  -2  -3   6   5  -1  -1  -4  -1  -3    2   4   1   1   0   3   3   1   1   1   2   2   0  39  30   5   4   0   1   1  1.02 0.50
    8 I    -1  -5  -5  -6  -4  -5  -5  -6  -5   4  -1  -5  -1  -3   3  -3  -3  -5   1   5    6   0   0   0   0   0   0   0   0  29   2   0   1   1  17   1   0   0   5  40  1.00 0.50
    9 P    -5  -6  -6  -6  -3  -5  -5  -6  -6  -7  -6  -5  -6  -7   9  -4  -5   4  -6  -6    0   0   0   0   1   0   0   0   0   0   1   0   0   0  91   1   0   6   0   0  3.04 1.04
   10 G    -2  -5   3  -4   3  -4  -5   6  -3  -6  -6  -4  -6  -6  -5   0  -4  -3  -5  -6    2   0  15   0   6   1   0  68   0   0   0   1   0   0   0   6   0   0   0   0  1.55 0.64
   11 S     1  -2  -3  -4  -4  -3  -3  -3   6   3  -3  -3  -1  -3  -4   2  -1  -2   2   2   15   2   0   0   0   0   0   1  21  16   0   0   1   0   0  15   4   0   9  17  0.59 0.40
   12 Q    -3   1   5   2  -5   2   4  -1   0  -5  -5  -2  -3  -5  -4   0  -1   3  -3  -5    1   9  26  10   0  10  26   4   2   0   1   0   1   0   0   5   2   5   1   0  0.72 0.42
   13 K    -3   1   0  -5  -4  -2  -4  -5  -2   0   5  -1   1  -1  -5  -3   1  -4  -3  -2    1   8   4   0   0   1   0   0   1   5  61   4   2   2   0   1   9   0   0   1  0.77 0.44
   14 A     4  -4  -4  -4  -3  -4  -4   1  -4   1   1  -4   3  -2  -3  -2   1  -5  -4   2   37   0   0   0   0   0   0   9   0   6  12   0   7   1   0   1  10   0   0  17  0.51 0.36
   15 A     2  -4  -4  -5  -5  -5  -4   7  -5  -5  -6  -5  -3  -6  -5  -2  -2  -6  -6  -3   14   1   0   0   0   0   1  77   0   0   0   0   1   0   0   2   3   0   0   2  1.73 0.70
   16 L    -1   0   1  -2  -5   2   4  -3   0  -3  -1   0  -3  -3  -4   1   0  -3   1  -3    4   4   8   0   0   9  36   2   2   1   6   5   0   1   0  10   5   0   6   0  0.47 0.34
   17 G    -3  -6  -4  -5  -6  -6  -6   8  -6  -8  -7  -5  -7  -7  -6  -3  -5  -6  -7  -7    1   0   0   0   0   0   0  97   0   0   0   0   0   0   0   1   0   0   0   0  2.59 0.92
   18 Y    -4  -5  -6  -6  -5  -5  -6  -6  -4   3   0  -5   1   6  -6  -5  -4  -2   5   1    0   0   0   0   0   0   0   0   0  19   7   0   3  40   0   0   0   0  20   8  1.30 0.56
   19 N    -5  -4   6   7  -6  -4  -3  -4   3  -5  -7  -4  -6  -6  -5  -3  -4  -7  -5  -6    0   0  36  54   0   0   0   0   7   1   0   0   0   0   0   1   0   0   0   0  1.89 0.78
   20 I     0  -5  -5  -6  -4  -5  -4  -5  -5   6   0  -5  -1   0  -5  -4  -3  -5  -2   4    8   0   0   0   0   0   1   0   0  47   6   0   1   4   0   0   0   0   1  30  1.07 0.51
   21 L    -2  -4  -4  -5  -4  -4  -5  -5  -5   0   4  -4   0   1  -4  -3   4  -4  -3   3    1   0   0   0   0   0   0   0   0   3  39   0   2   6   0   0  27   0   0  20  0.80 0.46
   22 T     1  -1  -1  -3  -4  -2  -3   1  -3  -3  -4   1  -3  -5  -4   1   6  -5  -4  -3   10   3   2   0   0   1   1  10   0   1   1  11   0   0   0   9  52   0   0   0  0.88 0.53
   23 Q    -2  -3   0  -3  -4   1  -1   3  -3  -2   3  -3   6  -3  -5  -2  -3  -5  -4  -3    2   1   5   1   0   8   4  21   1   0  27   0  27   0   0   3   0   0   0   0  0.72 0.47
   24 E    -1   2   0   1  -3   3   4  -1   0  -5  -5   2  -4  -5  -4   0  -1  -3  -4  -3    4   9   3   7   1  16  33   4   2   0   0  11   0   0   0   6   3   0   0   1  0.62 0.39
   25 D    -2   5  -3  -2  -4  -1   0  -2   0  -2   0   0   0   1   3  -1   0   0  -3  -3    1  33   0   1   0   1   7   3   2   2  11   3   2   8  15   5   5   1   0   1  0.45 0.33
   26 A    -1   4  -3  -3  -3  -1   1  -3  -3  -3  -1   4   1  -5  -4   1   1  -5  -4  -2    6  22   0   0   0   0   8   1   0   1   5  30   3   0   0  10   9   0   0   2  0.55 0.39
   27 Q     0  -2  -1  -2  -5   1  -3   6  -4  -5  -4  -2  -1  -6  -5   0  -2  -5  -5  -4    8   3   3   2   0   7   1  62   0   0   1   1   2   0   0   7   2   0   0   1  1.11 0.53
   28 S     3   0   1  -1  -3  -1   1  -2  -1  -3  -3  -1  -2  -1   0   2   0  -4   0  -2   33   4   7   2   0   2  10   2   1   1   2   2   1   2   5  16   6   0   4   2  0.32 0.29
   29 V    -3  -5  -5  -5  -4  -4  -5  -4  -5   1  -1  -4   0   0   3  -4  -2  -4   1   6    1   0   0   0   0   0   0   1   0   6   3   0   2   4  15   0   1   0   4  59  1.07 0.54
   30 Y    -3  -4  -5  -5  -3  -4  -4  -5  -4   4   4  -4   0   3  -4  -3  -3  -1   2   2    1   0   0   0   0   0   0   0   0  24  37   0   1  11   1   1   0   1   8  12  0.74 0.37
   31 D    -4  -3   4   7  -5  -3  -1  -2  -1  -5  -5  -3  -4  -3  -4  -2  -3  -2  -2  -4    1   1  18  61   0   1   2   2   2   1   1   1   0   1   1   2   1   1   1   1  1.42 0.58
   32 A    -1  -2   4  -2  -3  -2  -2  -3   2  -2  -2  -2   4  -3   1  -1   3  -4  -1   1    5   1  26   1   0   1   1   1   5   2   3   1  11   1   7   2  21   0   2  10  0.49 0.33
   33 S    -1   3   1   0  -3   2   2  -2   0  -3  -3   3   1  -3  -2   1  -1  -3  -3  -3    2  14   7   4   0   9  13   2   2   1   2  18   4   1   1  14   3   0   0   1  0.34 0.23
   34 Y    -2  -1  -1  -2  -3   0  -2  -2   0  -1  -2   0  -2   4  -2   1   2  -1   5  -1    2   2   3   2   0   5   1   2   2   3   3   6   0  19   1  12  13   0  20   3  0.38 0.24
   35 Y    -3  -1  -1  -3  -3  -3  -3  -3   0  -3  -2  -3   1   5  -3  -3  -1   6   6  -2    2   3   4   1   0   1   1   2   2   1   3   1   4  23   1   1   4  13  31   2  1.05 0.42
   36 G     0  -1   3   0  -2   1  -1   4   0  -2  -2   0  -1  -2  -2  -1  -1  -2  -2  -2    8   3  17   4   1   6   3  34   2   2   3   4   1   1   2   4   2   0   1   3  0.39 0.18
   37 G    -1  -2  -1  -1  -2  -2  -2   6  -2  -2  -2  -1  -1  -1  -2  -1  -1  -2  -2  -2    3   2   2   3   1   2   3  57   1   2   4   4   1   2   2   4   3   1   1   2  0.79 0.27
   38 Q    -1   1   0  -1  -2   3   1   0   0   0  -1   1  -1  -1  -1   1   0  -2  -1  -1    5   6   5   2   1  19   7   7   2   6   6   7   2   2   2   9   7   1   2   4  0.11 0.08
   39 C    -2  -2   0  -2   9  -2  -2  -2  -2  -1  -2  -2   0  -2  -2  -2  -2  -2  -2  -2    3   3   5   2  52   2   3   3   1   3   4   2   3   2   2   3   2   1   1   3  1.38 0.36
   40 E    -1   2   0   1  -2   0   2  -1  -1  -1  -1   1  -1  -2  -1   1   0  -2   0  -1    4  12   5   7   1   3  16   3   1   4   7   9   1   2   2  10   6   1   3   5  0.11 0.07
   41 T    -1   0  -1  -1   0  -1  -1  -2  -1   0   0   1   1  -1   1   0   2  -1   1   0    3   5   2   2   3   2   4   3   1   5  10  12   3   2   9   4  16   1   7   7  0.09 0.08
   42 V    -1  -2  -2  -2   2  -1  -2  -1   2   1  -1  -2  -1  -2   0  -2  -1  -2   0   4    4   2   2   2   5   3   3   5   6   6   4   2   1   1   5   3   3   1   3  39  0.29 0.17
   43 Y    -1   1   0   1   0   0  -1  -1   0  -1  -1   1  -1   2  -1  -1  -1  -1   4  -1    4   7   5  10   2   3   3   4   2   3   6   9   1   9   2   4   4   1  19   3  0.18 0.11
   44 N    -1  -1   4   0  -2  -1  -1  -1  -1   1  -2  -1  -1  -1  -1   2   1  -2  -2  -1    4   3  25   3   1   2   2   5   1   8   4   4   2   3   2  19   7   1   1   4  0.25 0.15
   45 G     0  -1   0  -1   0   0  -1   3  -1  -1  -1  -1   0  -2  -1   1   0  -2  -1  -1    4   3   5   3   2   4   4  29   1   4   7   3   3   2   3  14   4   1   2   3  0.20 0.11
   46 E    -1   0   1   3  -1   1   2  -1   0  -1  -1   0  -1  -1  -1   0   0   0  -1  -1    3   6   8  18   2   5  14   4   1   3   7   5   1   2   3   4   6   1   2   5  0.14 0.07
   47 W    -1  -1  -1  -1   0   0   0  -1   0  -1  -1  -1   0  -1  -1   0   1   8   0  -1    4   4   2   4   2   3   6   5   2   3   7   4   2   2   2   8  11  21   2   5  0.39 0.15
   48 R    -1   5   0   0  -2   1  -1  -1  -1  -1  -2   1   1  -2   0   0  -1  -1  -2  -1    4  35   3   5   1   6   3   5   1   3   4   5   4   2   4   5   4   1   1   4  0.33 0.15
   49 E     0   0   0   0   0   1   1   0   1  -1  -1   1   0   0   0   0   0   0  -1  -1    5   4   3   4   2   5  12   8   4   4   5  11   2   5   3   7   5   1   2   5  0.04 0.03
   50 L    -1  -1   0   0   0  -1   0   0  -1   0   2   0   1   0   0   0   0  -1   0   0    4   4   4   5   2   3   5   9   1   2  26   5   3   4   5   5   5   1   4   4  0.04 0.05
   51 R    -1   4   1   0  -2   0   1   0  -1  -1  -1   2   0  -2  -1   0   0  -2  -1  -1    3  24   6   4   1   3   7   7   1   3   5  11   3   2   3   6   7   1   2   3  0.19 0.11
   52 Y     0   0   0   0  -2  -1  -1   0   0  -2  -2   1  -2  -1   3   0   1  -1   3  -1    6   4   4   5   1   2   3   7   2   2   3   8   1   2  18   7   8   0  12   3  0.22 0.12
   53 D    -1   0   3   4   3   0   0  -1   0  -2  -2   0  -2  -2  -1   1  -1  -2  -2  -2    4   4  13  26   8   3   3   5   2   2   3   4   1   1   2  11   4   1   1   2  0.32 0.16
   54 S     1   0   0  -1   1   0  -1   2   0  -2  -2   0  -1  -2   1   0   1  -2  -2  -1   11   5   4   3   4   3   4  19   2   2   3   7   2   1   7   7  12   0   1   4  0.14 0.08
   55 T     0  -1   0  -1   0  -1  -1  -2  -1   0   1  -1  -1   0   0   0   3  -2  -1   0    8   2   5   3   2   2   3   3   1   3  16   2   1   4   4   5  27   0   1   8  0.15 0.12
   56 C    -2  -3  -2  -2  10  -2  -2  -2  -3  -1  -1  -2  -2  -2  -2  -1  -1  -2  -2  -2    3   2   2   2  55   2   3   3   1   3   5   2   1   1   2   4   4   0   1   2  1.50 0.43
   57 E    -1  -1   0   1  -1  -1   2  -2  -1  -1  -2   1  -1  -1   1   0   3  -2   0  -1    3   2   5   8   2   1  14   3   1   3   3   8   1   4   6   3  25   0   3   4  0.18 0.14
   58 R    -1   3   2  -2   0   0  -1  -1   0  -1   2  -1   0  -2  -2  -1  -1  -2  -2  -1    3  23  10   2   2   3   4   4   2   3  26   2   1   1   2   4   2   0   1   3  0.20 0.16
   59 L    -1  -1   0  -2   7  -2  -1  -2  -2  -1   1  -1  -1  -2   1  -1   0  -2  -1   0    3   3   5   2  26   1   5   2   1   3  14   4   1   2   6   4   4   0   3   8  0.37 0.19
   60 Y    -1   3   0  -1  -2   1   0  -2   2  -1  -2   1  -1   0  -1   0   0   1   3  -1    5  17   3   2   1   7   5   2   6   3   3   6   1   3   3   7   4   2  13   3  0.16 0.12
   61 Y    -1  -1   4   1  -3  -1   0  -2   0  -2  -2  -2   1  -1   0   0  -1  -2   4  -2    4   2  27   9   1   3   4   3   2   1   4   2   5   2   4   5   3   0  15   2  0.34 0.22
   62 G     0   1   0  -1  -2   0  -1   2  -1  -1   0  -1  -1  -2   3   0  -1  -2  -1  -2    7   9   4   2   0   5   3  21   2   4   9   3   1   1  15   7   3   0   2   2  0.20 0.12
   63 D    -1   0   2   3  -3   3   1  -2  -1  -2  -1   0   1  -1  -2   0   0  -2   0  -2    3   4  13  17   0  17   6   2   1   2   7   4   4   2   1   5   5   0   3   2  0.25 0.17
   64 D     0   0   2   2   0   1   0   2   2  -2  -1   0  -1  -3  -2   0   1  -3  -2  -2    7   3   9  13   2   5   4  16   6   2   6   6   1   1   1   4  12   0   1   1  0.15 0.12
   65 E    -1   1   1   1  -3   0   2   2  -1  -3   0   1  -1  -3  -2   0  -1  -3  -3  -2    2   6   8   6   0   3  16  19   1   1  10  10   1   1   1   9   2   0   1   2  0.21 0.16
   66 K     0   0   1   0   1   2   0  -2  -1  -1  -1   3  -2  -3  -1   0   2  -3  -2  -1    8   4   7   4   3  10   5   1   1   2   5  23   0   1   3   4  13   0   1   5  0.20 0.17
   67 Y    -2  -1  -1  -2  -3  -2  -2  -3  -1   0   2   0  -1   2   1  -1  -1   3   5  -1    2   3   4   3   0   1   1   1   1   5  20   5   1   9   7   3   3   4  22   4  0.31 0.20
   68 F    -4  -2  -2  -2  -5   5  -2  -5   1  -1  -3  -3  -2   4  -4  -4  -4   2   6  -4    1   1   2   3   0  31   2   1   3   3   1   0   1  17   0   1   0   3  30   1  1.16 0.56
   69 R    -4   7  -3  -4  -5  -1  -3  -3  -1  -3  -3   3  -4  -5  -4  -2  -4  -5  -2  -4    1  63   0   0   0   2   1   2   1   1   3  19   0   0   0   2   1   0   1   1  1.50 0.58
   70 K    -2   0  -3  -4  -4  -2  -3  -2  -4   1   4   3   0  -2  -2  -3  -3  -4  -3   1    2   4   1   0   0   1   1   3   0   6  41  22   2   1   2   1   0   0   0  12  0.51 0.32
   71 P    -4  -5  -5  -5  -5  -4  -4  -2  -5  -5  -5  -4  -5  -6   8   1  -2  -6  -5  -5    1   0   0   0   0   0   1   3   0   0   1   0   0   0  79   9   2   0   0   1  2.37 0.82
   72 Y     1  -2  -4  -3  -3  -1  -2  -1   1  -1   2  -3   0  -1  -1  -1  -3   5   4   1   15   2   0   1   0   2   2   5   3   2  22   0   3   1   3   3   0  10  16  10  0.38 0.28
   73 N     2  -4   7  -3  -5  -3  -3  -2  -3  -5  -5  -3  -4  -5  -2   2  -1  -6  -5  -1   19   0  53   0   0   0   0   2   0   0   1   0   0   0   2  14   2   0   0   4  1.24 0.62
   74 F    -1  -4  -5  -5  -1  -4  -3  -3  -4   2   2  -4   1   2  -4  -2  -1  -4   0   5    4   0   0   0   1   0   2   2   0  10  19   0   3  10   0   3   4   0   2  39  0.62 0.37
   75 L     1  -2  -1   0  -3   0   2  -2   2  -1   1  -1   0  -3  -2  -1   0   1  -2   2   10   0   3   4   0   4  16   3   6   2  17   2   2   0   1   2   8   2   1  17  0.15 0.19
   76 K     0  -1   1   4  -3   0  -1  -2   1  -1  -2   0  -1   0  -3   2   1  -4   0  -1    7   3   6  25   0   4   0   2   3   3   3   6   1   5   0  15   8   0   3   5  0.27 0.24
   77 Y    -5  -5  -6  -6  -5  -5  -3  -6   0  -1   1  -5  -4   3  -6  -5  -5  10   6   0    0   0   0   0   0   0   2   0   2   4  11   0   0   9   0   0   0  35  27   6  1.82 0.75
   78 H    -1   5   2  -2  -2   1  -2  -3   3  -1  -3   0  -2  -2  -4   0   2  -1  -3  -2    4  35  10   2   1   5   2   2   7   4   2   3   1   1   0   6  13   1   0   2  0.54 0.37
   79 F     1  -4  -3  -3  -4  -1  -2  -3  -3   0  -2  -3  -1   6   2  -1  -1  -2   3   0   13   0   1   1   0   3   3   1   0   4   2   1   1  33  10   3   4   0  12   5  0.60 0.38
   80 E    -3  -1  -1   0   1   4   3  -3   3  -2   0   1  -1  -1  -4  -2  -2  -4  -2  -1    1   3   3   4   3  19  23   2   8   2  10  10   2   2   0   2   2   0   1   4  0.40 0.32
   81 A     0   0   1   0  -2   1   0   0   2   0  -1  -1  -1   0   1   0   0  -3  -1   0    7   7   7   7   0   7   7   7   6   7   7   0   0   6   7   7   7   0   0   7  0.05 0.08
   82 L    -2   2  -1  -2  -4   3   0   0   1  -1   0   3  -1  -4  -2   1  -1  -2  -3  -1    2   9   2   1   0  17   5   8   3   3   9  20   1   0   1  11   4   1   1   3  0.29 0.29
   83 A     2  -2  -3  -4   8  -2  -1   1  -5   0  -3  -2  -2  -5  -5  -2  -1  -5  -3   2   18   2   1   1  33   2   5   9   0   5   1   3   1   0   0   2   4   0   1  12  0.89 0.52
   84 D    -2   0   2   3  -1   3   2  -3  -1  -3  -3   2  -3  -3  -2   1   0  -5  -2  -3    1   4   8  18   1  12  16   1   1   1   3  11   0   1   2  12   6   0   1   1  0.40 0.32
   85 T    -2   3   2   1  -4   0   1  -3   0  -3  -2   2   0  -2  -2   1   1  -4   2  -3    3  15  11   9   0   3   9   1   2   1   3  11   2   1   2   9  10   0   9   1  0.28 0.27
   86 G    -2   0   1   4  -5   1   2   0   0  -3  -4   2  -1  -5  -2   0   0  -5  -3  -4    2   4   7  26   0   5  12   6   2   1   1  13   1   0   1   7   5   0   1   1  0.43 0.33
   87 I    -2  -3  -5  -3  -4  -2  -2  -2  -4   2   1  -4   1   6  -5  -2  -2  -3  -1   3    2   2   0   1   0   1   3   3   0  12  12   0   3  34   0   3   2   0   0  21  0.68 0.42
   88 S     1   0   0  -1  -3   0   0  -2   0  -1  -3   0  -1  -2  -3   4   1  -4   0   0   12   6   4   2   0   3   5   2   3   3   1   4   2   1   0  33  10   0   3   6  0.31 0.31
   89 S    -1  -1  -1   0  -3  -1  -2  -1  -1  -2   0  -1  -1  -2  -2   4   3  -1   0  -2    4   4   1   6   0   2   1   3   1   2   9   3   2   2   2  33  20   1   4   2  0.35 0.35
   90 E     0  -1  -1   1  -4   0   5  -2  -1  -3  -4   1  -1  -4  -3   2   1  -5  -2  -2    6   2   1   6   0   3  36   2   1   2   0   8   2   0   0  19   8   0   1   2  0.55 0.41
   91 F    -1  -2  -2  -2  -3  -1   0  -2   0   1   1  -1   0   3  -1   0   0  -2   1   1    5   0   2   1   0   2   7   2   2   7  13   4   2  18   3   9   5   0   6  12  0.14 0.16
   92 Y    -3  -3  -4  -3  -5   0   0  -5   4  -4  -2  -2   0   3  -5  -2  -4  -2   8  -1    2   1   0   2   0   5   5   0  10   0   3   2   2   9   0   2   0   0  50   5  1.30 0.66
   93 D    -2   0   2   3  -5   1   4  -2   1  -4  -4   0  -4  -5  -1   0   1  -5  -2  -3    3   5   9  13   0   4  32   2   3   0   1   6   0   0   2   8   8   0   2   1  0.49 0.36
   94 N    -2  -2   0   4   0  -1   1  -2   0  -2  -2  -2  -1  -5  -4   4  -1  -5  -2   0    2   2   4  20   2   2  10   2   2   2   4   2   2   0   0  32   3   0   2   7  0.50 0.42
   95 A     2   0  -1  -1  -3   1  -1  -1   1  -1   0  -1   0  -1  -1   1   0  -3   1   0   17   4   2   2   0   8   3   4   4   3   9   4   3   2   3  12   6   0   6   7  0.09 0.15
   96 N    -1  -1   0  -1   0   0   0  -2   0   2  -1  -1   1   0  -3   1   0   5   0   1    4   3   4   3   2   5   7   3   3  12   3   4   4   3   0  12   4   8   2  13  0.16 0.19
   97 D    -1  -1   0   2  -4   1   2  -1   2  -4  -2   0  -4  -4   0   3   0   1   0  -4    4   3   5  13   0   7  11   5   4   0   4   4   0   0   4  24   5   2   3   0  0.33 0.32
   98 L     0  -6  -6  -7  -5  -4  -5  -6  -4  -1   4  -6   2   3  -5  -3  -4  -4   6   1    8   0   0   0   0   1   0   0   0   2  35   0   5  12   0   2   1   0  24  10  0.97 0.62
   99 L     1  -4  -3  -3  -4  -3   1  -1  -3   1   1  -2   4   2  -4  -1  -1  -2  -1   2   13   0   1   1   0   0  11   4   0   8  14   2  11   8   0   3   2   0   1  18  0.30 0.31
  100 S    -3   2   1   1  -5   1   0  -4   3  -5  -4   5  -4  -5  -4   2   0  -6  -4  -5    1  12   6   6   0   7   6   1   6   0   1  32   0   0   1  15   5   0   0   0  0.68 0.50
  101 K     1  -1   3   2  -3   0   2  -2   4  -4  -4   1  -3  -4  -3   2  -1  -5  -2  -3   11   2  13  10   0   3  13   2  12   0   2   7   0   0   1  17   4   0   1   1  0.44 0.37
  102 V    -2  -2  -2  -2  -4  -2   0  -4  -2   3  -1  -1   2  -2  -4   0   3  -4   0   3    3   2   2   2   0   1   6   0   1  20   4   5   4   1   0   8  17   0   4  21  0.37 0.34
  103 K    -1   0   1  -1  -3   1   0  -2   0   0  -1   2   0  -1  -3   2   2  -4  -1  -1    5   5   7   3   0   8   5   2   2   5   6  12   2   2   1  14  14   0   2   5  0.15 0.20
  104 K    -1   1   4  -1  -4   2   1  -2   0  -3  -4   2  -2  -5  -4   2   1  -5  -3  -4    4   9  17   3   0   9   9   2   2   2   1  11   1   0   0  18  10   0   1   1  0.44 0.38
  105 D    -1   0   0   4  -4   2   3  -2   0  -3  -3   0  -2  -4  -2   1   0  -5  -2  -3    5   4   5  21   0   8  22   2   2   2   3   5   1   0   1  11   5   0   1   1  0.44 0.35
  106 K    -1   1  -1   0  -3  -1  -1  -1   2  -1  -2   2   0  -1  -2   0   0   5  -1   0    6   6   2   5   0   2   4   4   5   4   3  16   3   2   1   9   7  10   2   9  0.21 0.21
  107 S    -1   0  -1  -2  -2   2   0  -3  -1  -2  -2   1  -1  -1  -4   4   3  -3  -3  -3    5   4   3   2   1   9   5   1   1   2   3  10   1   3   0  28  20   0   1   1  0.43 0.40
  108 D    -1  -1   3  -1  -4  -1  -1  -2   0  -2  -2   0  -2   0  -4   4   0  -2  -2   1    5   3  14   2   0   3   3   3   2   2   4   5   1   5   0  30   4   1   1  13  0.33 0.34
  109 S    -2  -1   3   2  -4   1  -1   1   0  -4  -4   1  -1  -3  -3   3   0  -3  -1  -3    2   3  15  10   0   6   2  12   2   0   2   9   1   1   0  24   6   0   2   1  0.40 0.34
  110 F    -1  -2  -2  -3  -4  -2  -2   0   0  -1   1  -3  -1   3  -2   1   0   7   0  -1    4   3   2   1   0   2   3   8   2   3  14   1   1  15   2  13   6  15   2   4  0.43 0.32
  111 G    -2   1   2   2  -4   0   0   2   1  -4  -3   2  -2  -3  -3   2   0  -4  -2  -2    1   6   8  13   0   3   6  16   3   1   2  14   1   1   1  15   5   0   1   2  0.33 0.28
  112 V     1  -2  -2  -2  -1  -1  -2  -1  -1   0   0  -1   0   3  -2   0   0   0   0   3   14   2   2   2   1   3   2   5   2   4   6   4   2  12   1   5   5   1   2  25  0.18 0.20
  113 T    -1   0   1   1  -3  -1  -1   3   0  -4  -3   0  -3  -3  -1   2   2  -1  -2  -3    3   4   6   9   0   2   4  20   2   1   2   6   1   1   3  18  15   1   1   1  0.33 0.28
  114 I    -2  -2  -2  -2  -3  -2  -2  -2  -2   1   3  -2   0   3   1   0  -1  -3  -2   1    3   2   1   2   0   1   2   4   1   9  27   2   2  15   6   9   3   0   0   9  0.25 0.22
  115 G    -1  -2   1   1  -3  -1  -1   3   0  -3  -3   1  -2   0  -2   3   0  -3  -2  -2    3   2   7   7   1   2   4  23   3   1   2   8   1   5   2  23   4   0   1   3  0.32 0.27
  116 I    -2  -2  -3  -4  -1  -2  -3  -3  -2   3   1  -3  -1   4   2   0  -2  -3   0   1    3   2   1   1   1   1   1   1   1  17  16   1   1  19  10   8   2   0   3  10  0.38 0.28
  117 G    -1   0  -1  -1  -4   0  -1   3   0  -3  -3   3  -2  -2   0   2  -1  -1  -1  -3    3   4   2   3   0   3   4  20   3   2   3  24   1   2   5  14   4   1   2   2  0.32 0.28
  118 S    -1  -1  -1  -1  -1  -2  -2  -2  -1   3  -1   0  -1   2   0   1   0  -3   0   1    4   4   3   3   1   1   2   3   2  21   5   6   1   9   4  11   4   0   3  11  0.10 0.16
  119 P    -2  -1   2  -1  -3  -1  -2  -2  -2  -1  -2   1  -1   0   5   1   1  -1  -2  -2    3   2   9   2   0   3   2   2   1   5   3   8   2   5  26  12   9   1   1   3  0.38 0.31
  120 L     0  -1  -1  -2  -2  -1  -2   1  -2   1   0  -1   0   1   2   0  -1  -1   0   1    6   3   2   1   0   2   2  13   0   8   9   3   2   8   9   9   3   1   3  13  0.09 0.13
  121 L    -1  -1  -1  -2  -3   1  -1  -1   2   0   0   0   0   2  -3   1   2  -1   0   0    2   2   3   1   0   7   4   4   5   6  10   4   2  12   1  13  13   1   2   6  0.10 0.17
  122 V     0  -2  -3  -2  -3  -2   0  -2  -3   0   1  -3   0   4  -2   0  -1   1   1   3    7   2   0   2   0   1   7   4   0   2  14   1   2  17   2   6   2   2   4  23  0.23 0.25
  123 G     0  -2   1  -1  -2  -1   2   1   0  -2  -2   0   0   0  -2   2   0  -3  -2  -1    9   1   6   3   1   2  16  10   2   2   3   4   3   5   1  21   6   0   1   3  0.18 0.22
  124 V     0  -1  -2  -3  -3  -3  -2  -1  -1   0   2  -2   1   3  -3   1   0  -3   0   1    6   3   1   1   0   0   1   6   1   5  22   2   3  13   1  15   4   0   2  12  0.19 0.22
  125 G     2   0   0  -1  -4  -2  -1   4  -1  -4  -4   1  -2  -3  -2   2  -1  -4  -3  -3   15   4   4   3   0   1   3  33   1   1   1   8   1   1   1  15   3   0   1   1  0.46 0.35
  126 V    -1  -1  -1  -2  -3  -2  -2   3   0   0   0  -1   0   2  -2   1  -1  -3   2   1    3   3   3   1   0   1   1  22   3   4   8   4   2  12   1  11   3   0   6  11  0.18 0.21
  127 S    -1  -2   2  -2  -3  -1  -1  -1  -3  -4  -4   0  -4  -3  -4   5   2  -2  -3  -2    4   2  11   2   0   3   3   4   0   1   1   4   0   1   0  45  12   1   1   2  0.66 0.53
  128 H    -2   0   0  -2  -3   0  -2   1   5  -3  -2   0  -1   1  -4   2  -1   1   4  -2    1   4   5   1   0   4   2  12  16   1   4   5   1   5   0  18   2   2  13   3  0.40 0.36
  129 S    -1  -1   2  -1  -2  -2  -2  -1   2  -4  -4  -2  -3  -2  -4   5   1  -5   0  -4    3   3   8   4   1   1   2   3   4   1   1   2   1   2   0  52   7   0   3   0  0.79 0.59
  130 Q    -2   3   1   0  -5   2   0  -1   2  -4  -3   4  -2  -4  -3   2  -1  -5  -1  -4    2  13   7   5   0   9   4   5   5   1   2  26   1   0   1  14   2   0   2   1  0.45 0.37
  131 D     0  -1   3   0  -3  -1   0   0   2  -1   0   0   0  -1  -3   1  -1  -2   2  -2    6   2  16   5   0   2   7   7   5   3  10   6   2   1   0  12   4   1   9   3  0.15 0.20
  132 T     2   0   1  -2  -2  -1   0  -2   1  -2  -4   1  -2  -3  -2   2   2  -4   1  -3   19   5   7   2   1   2   7   1   3   2   1  11   1   1   1  19  13   0   5   1  0.31 0.32
  133 S     0  -1   2   0  -4   0   1   0   2  -2  -3   2   0  -3  -2   2   1  -4   0  -2    6   2   9   5   0   3   8   6   6   2   1  12   3   1   1  21   8   0   3   2  0.22 0.25
  134 F    -3  -3   0  -4  -5  -5  -5  -4   0   0  -1  -2  -1   7  -5   0  -1  -3   5  -2    1   2   5   1   0   0   0   1   2   6   6   2   1  41   0   8   4   0  18   2  0.99 0.59
  135 L     2   1   0  -2  -3   1  -1  -2   2   0   0   2   0  -1  -2   1   0  -4  -2   0   17   6   4   1   0   6   2   2   7   4   9  15   2   2   1  11   4   0   0   6  0.15 0.20
  136 N     0   1   2   0  -3   1   1  -2   0  -2  -1   2   0   0  -2   1   0  -3  -1  -1    6   6  11   5   0   7   9   2   2   1   6  16   2   4   1  11   5   0   2   3  0.16 0.16
  137 E     0   1   1   0  -2   1   1  -1   0   0   0   1   0  -1  -2  -1   1  -2   0   0   10   8  10   3   0   5  11   3   2   7   7   8   2   3   1   3   8   0   3   6  0.07 0.09
  138 L    -2  -1  -1  -2  -3   0  -1  -3   2   2   2   0   2   1  -3   0   0  -3   0   1    2   3   3   2   0   5   4   1   5  14  19   6   6   6   1   6   6   0   3   8  0.13 0.15
  139 N    -1   0   1   1  -4   2   3  -2   0  -2  -2   2  -1  -3  -2   1   2  -4  -2  -3    3   4   6   6   0   9  18   2   2   2   4  11   1   1   2  13  12   0   1   1  0.26 0.26
  140 K    -1   3   0  -1  -2   1   0  -3   1  -1  -3   4  -1  -1  -4  -1  -1  -4   3  -2    6  14   3   2   1   6   4   1   3   4   2  30   1   3   0   3   3   0  10   3  0.42 0.36
  141 Y     0  -3   0  -1   0  -1  -1  -2   1  -1  -2  -1   0   2  -3   3   2   1   3  -1    6   0   4   2   2   2   4   3   4   3   3   2   2   8   0  22  13   2  11   3  0.24 0.28
  142 N    -1   0   1   0  -3   1   0  -1   3  -1  -1   1   0   0  -3   1   1  -3   1  -1    4   5   7   5   0   6   4   4   7   4   4  11   3   4   0  14  10   0   4   4  0.12 0.16
  143 E     0   0   0   0  -2   1   0   0   1   0  -1   0   1   0   1   0   0  -2   1   0    6   6   5   6   0   5   6   6   5   6   6   6   5   5   6   6   6   0   5   6  0.03 0.06
  144 K    -3  -1  -2   5  -5   0  -1  -4   0  -3  -4   5  -1  -5  -4  -1   1  -5  -1  -4    1   2   1  32   0   4   2   0   2   1   1  35   2   0   0   4   8   0   2   1  0.90 0.53
  145 K    -2   2   2   2  -4   2   1  -3  -1  -2  -4   4  -2  -2  -3   1  -1  -4  -2  -3    2  11   8  12   0   8   9   1   1   3   1  26   1   2   0   9   2   0   1   2  0.43 0.30
  146 F    -2  -2   0  -4  -1  -2  -3  -4   0  -2  -2   1  -2   3  -3   2  -2   2   6  -2    2   2   5   0   2   2   0   1   2   2   4   8   1   9   1  18   1   2  35   3  0.73 0.44
  147 I    -1   0   1  -2  -3   1  -1   0  -1  -1  -2   1   2  -1  -3   3   2  -4  -2  -1    2   4   6   0   0   6   3   7   2   3   4  10   6   3   0  28  11   0   1   4  0.24 0.24
  148 F    -5  -6  -6  -6  -5  -6  -6  -6   0  -1   0  -6   0   8  -6  -3  -5  -3   1  -1    0   0   0   0   0   0   0   0   2   2   8   0   2  73   0   2   0   0   4   4  2.02 0.77
  149 T    -1  -3  -1  -3  -3  -3  -2  -4  -1   3   2  -2   3   1  -2   1   1  -3  -1   1    4   0   3   0   0   0   3   0   1  20  22   2   8   5   1  12   8   0   2   8  0.28 0.23
  150 R    -2   5  -2  -3  -2  -1  -3  -2   4  -1  -2   0   0  -4  -4   2   1  -1  -2   0    3  30   1   0   1   1   0   3  13   3   3   5   2   0   0  15   9   1   1   8  0.49 0.34
  151 I     1  -2  -2   1  -3   1  -1  -3   5   2  -1  -2  -1  -1  -3  -1  -2  -4  -1   3   13   1   1   8   0   6   3   2  15  13   6   1   1   2   0   2   1   0   1  21  0.30 0.24
  152 F    -2   1   0  -1  -2   1   2  -1   3  -2  -1   2   0   0  -3   1   0  -1   1  -1    1   8   3   1   1   7  13   4   9   2   7  14   2   4   0  11   4   1   4   4  0.16 0.16
  153 T     0  -1   2  -2  -1   0  -2   0   0   0  -1   1   1  -2  -3   1   2  -4  -3   2    6   1  11   0   1   3   0   8   3   6   4   9   4   2   0   9  12   0   0  19  0.15 0.18
  154 K    -1   0   0   1  -3   1   2  -2  -1  -1  -2   2   0  -3  -2   1   1  -4  -2   0    4   3   5   8   0   5  18   2   1   3   2  12   2   1   1  13  11   0   1   9  0.21 0.19
  155 V    -3  -5  -5  -6   8  -5  -5  -5  -2   3   1  -5  -1   0  -5  -4  -1  -5  -4   3    1   0   0   0  32   0   0   0   1  17  14   0   1   4   0   0   4   0   0  24  1.17 0.52
  156 Q     0   1   1   1  -3   2   2  -1   3  -3  -2   1  -2  -3   1   0   0  -3  -2  -1    5   9   5   6   0  11  13   4  11   0   4   7   0   0   7   8   6   0   0   4  0.21 0.16
  157 T    -2  -3   0  -3   2  -2  -3  -1   2   1   1  -3   1   2  -3  -1   0  -2   3   2    1   0   4   0   6   0   0   4   7   5  11   0   4  11   0   5   7   0  14  18  0.22 0.19
  158 A     3  -3  -4  -4  -4  -4  -4   1  -2  -4  -2  -2  -4  -2  -5   0  -3  -3   7  -3   28   1   0   1   0   0   0  10   0   1   3   2   0   1   0   7   1   0  42   2  1.13 0.58
  159 H    -2   4   1  -2  -4   3  -2  -1   4  -4  -4  -1  -2  -2  -4   3   0  -3   0  -3    1  21   7   1   0  13   1   6  10   1   1   1   1   1   0  25   5   0   3   2  0.55 0.38
  160 F    -5  -6  -6  -6  -1  -6  -6  -6  -4  -4  -2  -6  -4   8  -6  -4  -5  -3   7  -3    0   0   0   0   1   0   0   0   0   0   2   0   0  55   0   2   0   0  35   2  2.22 0.82
  161 K    -3   6  -3  -4  -3   2  -3  -3   2   0  -3   3  -1  -5  -4  -2   0  -1  -4  -1    1  41   0   0   1   7   0   1   5   7   1  19   1   0   0   3   6   1   0   4  0.85 0.46
  162 M    -2  -4   1  -5  -4  -4  -5  -5  -5   1   3  -4   7  -2  -5  -3  -1  -5  -2   2    3   0   8   0   0   0   0   0   0   7  32   0  28   1   0   2   3   0   1  15  0.93 0.48
  163 R     0   4   2  -2  -3  -1  -2  -2   0  -1  -2   2  -2  -3  -3   1  -1  -2  -3   1    8  25   9   1   0   2   1   3   2   3   2  15   1   1   1  12   4   1   1  10  0.35 0.23
  164 K     0   2   1   0  -4   0  -1  -2   3  -4  -3  -1  -3  -4   1   3   2  -4  -2  -3    8  11   8   4   0   4   3   2   9   1   2   2   0   0   7  26  11   0   1   1  0.38 0.29
  165 D    -2   3   1   1  -4   0  -1  -2   1  -4  -4   1  -1  -3   2   2   0  -2  -2  -4    2  21   7  10   0   3   3   2   4   1   1   8   2   1  10  18   5   1   1   1  0.39 0.27
  166 D    -1  -2   3   3  -4   0   0  -2   1  -4  -3   1  -3  -4   4  -1   0  -4  -3  -4    4   2  15  20   0   4   6   3   3   1   2   7   1   0  22   4   5   0   1   1  0.56 0.31
  167 I    -2  -4  -4  -5  -4  -3  -4  -4  -3   1   3  -4  -3   0   6  -3  -4  -2  -1   0    3   1   1   0   0   1   0   1   1   9  29   0   0   4  39   2   0   1   2   6  0.97 0.47
  168 M    -1   0   0  -2  -2   2   0  -2   0   0   0   0   4  -1   1  -1   0  -1  -1   1    2   4   4   2   0  11   4   2   2   5  10   7  14   2   7   5   5   1   2  11  0.14 0.13
  169 L    -4  -5  -5  -5  -4  -5  -5  -5  -1  -1   6  -5   0  -2  -1  -2  -2  -5  -4  -1    1   0   0   0   0   0   1   1   1   2  78   0   2   1   3   3   2   0   0   3  1.38 0.59
  170 D     0  -3   0   1  -4   0  -2  -1   6  -5  -4  -2  -2  -5  -4   4   2  -5  -3  -4    8   1   4   8   0   5   1   3  21   0   1   2   1   0   0  30  12   0   0   0  0.74 0.43
  171 E    -1   0  -2   1  -4   1   3  -3   2  -2  -2  -1  -3  -2   3   0   0  -2   1  -3    3   5   1   8   0   4  25   1   6   2   3   3   0   2  14   7   6   0   6   1  0.38 0.27
  172 G    -2  -1   0   3  -4   0   4   0   2  -3  -3  -2  -3  -4   0  -1   0  -2  -2  -1    3   2   3  17   0   4  32   6   5   1   2   1   0   0   5   3   7   1   1   5  0.46 0.29
  173 M    -4  -5  -3  -6  -5  -6  -6  -6  -5  -3  -2  -6   3   9  -6  -5  -4  -3  -2  -2    1   0   2   0   0   0   1   1   0   1   3   0   7  79   0   1   1   0   0   2  2.38 0.83
  174 L    -2   1  -3  -4  -4  -1  -1  -4  -1  -1   3   2   1   0  -3   0   0   5  -1  -1    2   7   1   0   0   2   5   0   1   2  33  14   3   5   1   6   6   7   2   3  0.35 0.26
  175 Q    -2   3  -2   1  -5   4   0  -3  -1  -3  -2   4  -1  -3  -3   0  -2  -1  -3  -3    2  14   1   7   0  20   6   2   1   1   3  28   1   1   1   6   2   1   1   2  0.58 0.35
  176 S     4   2  -3   2  -4   0   0  -3   2  -4  -4  -2  -4  -2  -4   2  -2  -5  -3  -2   35  12   0  14   0   3   6   0   4   0   1   1   0   1   0  17   1   0   1   2  0.56 0.38
  177 L    -2  -5  -5  -5  -4  -4  -5  -5  -5   1   5  -5   0  -2  -5  -3  -3  -4  -4   4    2   0   0   0   0   0   1   1   0   7  54   0   1   1   0   2   0   0   0  25  0.99 0.46
  178 M    -1   3   2   1  -4   0   0  -2   0  -3  -2   3   2  -2  -3   0  -1  -4  -1  -1    4  15   9   9   0   4   3   2   2   1   4  22   8   1   0   7   2   0   2   4  0.30 0.22
  179 E     0   1   1   2  -3   1   2  -2   2  -2  -1   0  -1  -2  -3   2  -1   0  -1  -2    9   6   8  10   0   7  13   2   5   3   7   3   1   2   0  17   3   2   2   1  0.18 0.16
  180 L    -4  -5  -1  -5  -4  -5  -5  -6  -5  -1   6  -5  -2  -1  -2  -2  -4  -5  -4  -2    1   0   4   0   0   0   0   1   0   2  81   0   0   2   2   3   0   0   0   2  1.46 0.61
  181 P    -5  -5  -5  -5  -6  -2  -5  -5   0  -6  -4  -5  -6  -6   8  -1  -5  -6  -6  -6    1   0   0   0   0   2   0   1   2   0   2   0   0   0  84   5   0   0   0   0  2.63 0.92
  182 D     0  -1  -1   0  -2   0   1  -1  -1  -2   1   0  -2  -3   4   2   0  -4  -3  -1    5   2   2   4   1   3   8   4   1   1  16   7   0   1  19  16   5   0   0   4  0.26 0.21
  183 Q    -2  -1   1   0  -2   2   2  -2   3  -2  -2   1  -2  -1  -3   1   1   1   1   0    2   3   5   3   1   9  15   2  10   2   4   8   0   2   0   9   9   2   6   8  0.20 0.18
  184 Y    -5  -5  -5  -6  -1  -3  -5  -6   1  -5  -3  -2  -4   3  -6   0  -1  -2   9  -5    0   0   0   0   2   1   0   0   3   0   2   3   0  11   0   7   4   0  63   0  1.90 0.76
  185 N    -2  -2   6   4  -2  -2   1  -3  -1  -5  -5  -2  -5  -5  -4   3   1  -6  -5  -3    2   1  34  21   1   1   7   1   1   0   0   1   0   0   0  19   7   0   0   2  0.92 0.47
  186 Y    -1  -1  -2  -3  -4  -2   0  -3   1  -3  -4   3  -2   0   1   2  -1  -3   5  -2    5   2   1   1   0   1   5   1   4   1   0  18   1   2   7  19   4   0  25   3  0.55 0.36
  187 G     0  -1  -1  -1  -4  -1   1   3  -3  -2  -3  -1  -2  -3   1   3   0  -2  -4  -2    8   2   2   2   0   3   8  23   0   2   3   4   1   1   6  27   4   1   0   3  0.37 0.27
  188 M     1  -1  -2  -2  -3   0   2  -3  -1  -1   0   0   1   0  -1   1   3  -4  -1  -2   10   3   0   1   0   3  18   0   1   3   9   5   5   4   2  11  20   0   1   2  0.25 0.23
  189 Y    -5  -3  -5  -3  -6  -1  -5  -6  -3  -5  -5  -1  -5   1  -6  -5  -5  -2   9  -5    1   2   0   2   0   3   1   1   0   0   1   4   0   3   0   1   1   0  80   1  2.60 0.90
  190 A     0   4   0  -1  -4   1  -1  -3   3  -2  -1  -1  -1   2  -3   1  -1  -1   0  -3    7  25   5   3   0   6   2   1   8   3   7   3   1  11   0  11   3   1   4   1  0.31 0.23
  191 K    -1   4   1   1  -4   3   0  -2   0  -3  -2   2  -2  -3  -2  -1  -1  -4  -2  -3    5  25   7  10   0  15   5   2   2   1   5  13   1   1   2   3   3   0   1   0  0.42 0.24
  192 F    -3  -4  -5  -5  -4  -4  -4  -5  -4   2   4  -4   0   5  -1  -4  -3  -3  -2   0    1   1   0   1   0   0   1   1   0  10  42   1   1  29   4   1   1   0   0   6  0.89 0.36
  193 I    -4  -5  -5  -5  -4  -5  -5  -5  -5   6   2  -5  -1   3  -5  -4   0  -4   0   0    0   0   0   0   0   0   0   0   0  56  15   0   1  13   0   0   6   0   3   3  1.17 0.45
  194 N     0   1   2   4  -4   1   3  -2   2  -4  -4  -1  -4  -4  -3   1  -2  -5  -2  -3    7   8  11  25   0   6  17   2   6   1   1   2   0   0   0  13   1   0   1   1  0.52 0.28
  195 D    -3  -1   2   5  -4  -1  -1  -4   0  -1  -3   0  -2  -5  -4  -1   4  -5  -3  -3    1   3  11  34   0   3   1   0   2   4   1   5   1   0   0   4  27   0   1   2  0.73 0.37
  196 Y    -4  -4  -5  -5  -5  -4  -5  -5   0  -4  -4  -4  -4   5  -5  -4  -3  -2   8  -4    1   1   1   1   0   0   1   1   1   1   1   1   0  26   1   1   2   0  61   1  2.13 0.66
  197 G    -3  -5  -3  -4  -5  -4  -4   7  -4  -5  -5  -4  -5  -5  -4  -1  -4  -5  -5  -5    1   1   1   1   0   0   1  86   0   1   1   1   0   0   1   4   1   0   0   1  2.02 0.63
  198 T    -3  -4  -3  -4  -4  -3  -3  -4   0  -3  -4  -3  -3  -4  -4  -2   8  -4  -4  -3    1   1   1   1   0   1   1   1   2   1   1   1   0   1   1   1  85   0   0   1  1.90 0.61
  199 H    -4  -3  -3  -4  -5  -3  -3  -4  11  -5  -5  -4  -4  -4  -4  -4  -4  -4  -2  -5    1   1   1   1   0   1   1   1  86   1   1   1   0   1   1   1   1   0   0   1  3.08 0.76
  200 Y    -4  -4  -4  -4  -4  -4  -4  -4  -2  -2  -3  -4  -3   5  -4  -4  -4   1   8  -3    1   1   1   1   0   1   1   1   0   2   1   1   0  22   1   1   1   1  60   1  1.85 0.55
  201 I    -1  -4  -4  -4  -1  -3  -4  -4  -3   5   1  -4   1   2  -4  -1   0  -3   2   1    4   1   0   1   1   0   1   1   0  47   9   1   3   7   1   5   5   0   8   5  0.65 0.28
  202 T    -1   3   0  -3  -3   1  -2  -3   1  -3  -3   0  -2  -4  -3   2   5   0  -3  -2    3  15   4   0   0   7   1   1   4   1   1   4   1   0   0  14  37   1   0   2  0.55 0.31
  203 S     0  -1   0  -1  -4   3   3  -2   0  -4  -2   1  -2  -3  -3   4  -2  -2  -3  -4    5   2   3   1   0  16  18   2   2   0   3   8   1   1   0  35   1   0   0   1  0.56 0.30
  204 G     2  -4  -3  -4  -3  -4  -4   5  -4  -2  -1  -4   2  -4  -2  -3  -3  -4  -4   3   16   0   0   0   0   0   1  40   0   1   4   0   5   0   1   1   0   0   0  28  0.77 0.33
  205 S    -1   0   0  -1  -3   0   0  -2   1  -1  -2   1   0  -1  -2   3   2  -2   0   0    2   5   4   2   0   4   7   1   4   3   2   7   3   2   1  24  16   0   3   7  0.18 0.15
  206 M    -3  -4  -4  -5  -3  -4  -4  -5  -4   0   5  -4   4  -1  -4  -2  -2  -4  -3   0    1   1   0   1   0   0   1   1   0   3  66   1  12   2   1   4   1   0   0   5  1.03 0.38
  207 G    -3  -5  -3  -4  -5  -4  -4   7  -4  -3  -5  -4  -5  -5  -4  -3  -4  -5  -5  -5    1   1   0   1   0   0   1  89   0   2   1   1   0   0   1   1   1   0   0   1  2.05 0.58
  208 G    -1  -5  -4  -4  -5  -5  -5   7  -5  -6  -6  -4  -5  -6  -5  -3  -4  -5  -5  -5    5   0   0   0   0   0   0  89   0   0   1   0   0   0   0   0   0   0   0   0  2.12 0.61
  209 I    -2   4  -2  -1  -3   1   1  -3   1   1  -1   1  -1  -2  -3  -1   0  -2  -1   0    1  25   1   3   0   5  11   1   3  13   4  10   1   1   0   4   6   1   2   8  0.26 0.17
  210 Y     0  -4  -4  -5  -4  -4  -4  -3  -1   2   0  -4   1   1  -4  -4  -2  -2   7   2    7   0   0   0   0   0   0   2   1  11  10   0   3   4   0   0   1   0  44  15  0.97 0.38
  211 E    -3   4  -2   1  -5   1   4  -3   0  -4  -3   3  -3  -4  -3   0  -2  -1  -4  -4    1  20   1   8   0   5  32   1   2   0   2  16   0   1   0   7   2   1   0   0  0.66 0.30
  212 Y     1   1  -2   0  -3  -1  -1  -3   0  -1   1  -2  -1   0  -3   0  -1  -1   4   0   17   9   1   5   0   3   4   1   2   2  17   0   0   3   0   6   2   1  21   6  0.24 0.19
  213 I    -2  -4  -4  -5  -3  -4  -4  -5  -5   4   2  -4   0  -2  -4  -3   3  -4  -3   4    1   0   0   0   0   0   0   0   0  26  23   0   1   1   0   0  18   0   1  26  0.73 0.32
  214 L    -1  -4  -3  -4  -3  -3  -4  -4  -2  -1   2  -3  -1   1  -4  -2   5  -2   5   0    5   0   0   0   0   1   0   0   0   3  20   1   1   6   0   1  36   0  19   6  0.67 0.35
  215 V     3  -1  -3  -3  -3   1  -2  -3  -1   1  -1  -1   1  -3  -3   1   0  -3   1   2   29   3   0   0   0   6   2   0   1   6   3   2   4   0   0  12   4   0   5  20  0.30 0.22
  216 I    -1  -4  -4  -4  -3  -1  -4  -4  -3   3   3  -3   3   2  -4  -2  -2  -3   2   2    6   0   0   0   0   3   0   0   0  16  33   0   7   7   0   3   2   0   8  14  0.48 0.24
  217 D    -3   4   3   4  -3   0  -2  -4  -2  -5  -5   0  -3  -5  -2   2  -2  -5  -4  -5    1  29  17  25   0   3   1   0   0   0   0   4   0   0   2  15   1   0   0   0  0.82 0.37
  218 K    -2   1  -1  -2  -4   2   0  -3  -2  -3  -4   3  -3   0  -2   2   4  -4  -3  -1    1   6   3   1   0   8   5   0   1   1   0  21   0   4   1  15  28   0   0   4  0.48 0.31
  219 A     0  -3  -2   1   9  -1   4  -4  -2  -4  -4  -2  -5  -5  -4  -2  -2  -5  -3  -4    7   1   2   7  44   2  27   1   1   1   1   1   0   0   0   1   2   0   1   0  1.44 0.54
  220 K     1   0   0  -1  -3   3   3  -2   0  -2   0   2   0  -3  -3   0   1   0  -2  -2   12   3   3   2   0  13  21   1   2   2  10  12   2   1   0   4   8   1   1   1  0.24 0.18
  221 M     2  -3  -4  -4  -3  -2  -2  -4  -2   1   3  -3   6  -1  -4   0  -1  -4  -3   1   17   1   0   0   0   1   2   1   1   5  27   1  25   1   0   7   3   0   0   7  0.57 0.30
  222 E     2   1  -1  -1  -3   0   3  -2  -1  -3  -3   3  -2  -3  -3   1   2  -4  -3  -2   17   6   3   3   0   3  18   1   1   1   1  18   1   1   1  11  12   0   0   3  0.33 0.21
  223 S    -1   1   1  -2   0   1   0  -3  -1  -1   2   1   3  -2  -3   0  -1  -2  -2  -2    4   8   7   1   2   8   7   1   1   1  28   9   8   0   0   8   3   0   1   1  0.20 0.17
  224 L     0  -1   3   1  -1   1   2  -2   0  -2  -1   1   0  -2  -3   2  -1  -4  -2  -3    5   2  14   8   1   5  13   2   1   3   5  11   3   2   0  19   3   0   1   1  0.24 0.18
  225 G    -1  -2  -1   2  -5  -2  -2   6  -2  -5  -5  -1  -4  -5  -4   0  -3  -5  -5  -1    3   3   3  11   0   1   2  60   1   0   1   3   0   0   0   6   0   0   0   5  1.04 0.41
  226 I    -3  -3  -4  -4  -3  -2  -3  -5  -2   2   4  -3   1   2  -4  -2  -1  -3   3   2    1   1   0   0   0   1   1   0   1   9  41   1   4  10   0   2   3   0  10  13  0.57 0.28
  227 T    -2  -3  -1  -2  -4  -2   1  -2  -2  -4  -4  -1  -4  -4  -2   4   6  -5  -4  -3    1   1   3   1   0   1   7   2   1   0   1   3   0   0   2  29  46   0   0   1  0.94 0.47
  228 S     1  -2  -1   1  -3  -1   1  -2  -2   0   1  -1  -1  -1  -2   2   0  -4  -2   0   15   1   2  10   0   2  11   1   1   4  14   2   1   3   1  21   5   0   0   7  0.17 0.17
  229 R    -1   1   2   2  -4   0   3  -3   0  -2  -3   0  -3  -3  -3   1   2  -2  -3  -2    3   9  11  14   0   3  20   1   2   2   2   6   0   1   0  10  13   1   0   2  0.35 0.22
  230 D    -2  -3  -1   5  -5   2   5  -4   0  -4  -3  -1  -2  -4  -4  -2  -1  -5  -4  -3    3   1   2  34   0   8  35   1   2   1   3   3   1   1   0   1   3   0   0   1  0.95 0.43
  231 I    -1  -3  -2  -4  -3   0  -3  -4   0   3  -1  -2   1  -1  -4  -2  -1  -1   1   4    5   1   2   1   0   4   1   1   3  19   4   2   4   2   0   3   4   1   5  39  0.53 0.30
  232 T    -2   2   0  -2  -5   3   0  -1   4  -4  -4   5  -2  -4  -2   0  -2  -5   0  -4    3   8   5   1   0  13   5   4   9   1   1  35   1   0   2   8   2   0   4   0  0.61 0.34
  233 T    -1   0   2   3  -4   0   1  -2   1  -2  -4   2  -1  -4  -3   2   0  -4  -3  -2    5   6   9  21   0   3   9   3   3   3   1  13   2   0   0  14   5   0   1   2  0.34 0.22
  234 C    -4  -5  -6  -7  11  -7  -7  -6  -2  -5  -5  -7  -6   0  -7  -5  -5  -6  -6  -5    1   1   0   0  90   0   0   0   1   1   0   0   0   4   0   0   0   0   0   0  3.78 1.06
  235 F     0  -4  -4  -4  -4  -4  -3  -5  -4   1   4  -4  -1   2  -4  -1   1   1  -2   1    8   0   0   1   0   0   2   0   0   5  48   1   0   9   0   5   8   2   0   9  0.61 0.34
  236 G    -1   2   0  -1  -2   0  -1   3  -2  -3  -4   1  -2  -1  -4   3   0  -1  -2  -3    4  12   5   4   1   5   4  22   1   1   1   8   1   3   0  21   4   1   1   1  0.35 0.32
  237 G     1  -1  -1  -2  -3  -1  -2   0  -1   0   0   0   0   1  -2   1   0  -1   0   2   10   3   1   2   0   2   2   8   2   5   8   5   3   6   1  14   7   1   3  16  0.06 0.14
  238 S    -2  -2   1   1  -5  -1   4   1   0  -3  -4   1  -2  -2  -4   2  -1  -5  -4  -2    2   1   7   6   0   2  26  11   3   2   1   9   1   2   0  18   4   0   0   4  0.41 0.40
  239 L     1  -2  -2  -3  -3  -2  -3  -3  -1   1   2  -1   0   3  -2  -1   1   3  -1   1   13   1   1   1   0   1   1   2   2   9  19   4   2  12   2   3  10   4   1  10  0.20 0.23
  240 G    -1   0   1  -1  -4   0  -2   3  -1  -4  -3   2  -2  -3  -1   2   1   1  -2  -3    3   6   8   3   0   3   2  22   2   0   2  15   1   1   3  14  11   2   1   1  0.34 0.31
  241 I     0   0  -3  -4  -3  -1  -2  -2  -3   2   1   0   1   2  -2   0  -1   0  -1   2    9   4   0   0   0   2   2   2   0  15  13   7   4   8   1   6   3   1   2  18  0.19 0.20
  242 Q    -1   2   1   0  -4   0   1  -1   0  -1   0   0  -1  -1  -3   3   0  -1  -2  -2    2  11   6   4   0   4   9   5   3   3   9   5   2   3   0  25   5   1   1   3  0.18 0.23
  243 Y    -2  -1  -2  -3  -4  -2  -1  -1   0   1   0  -1   0   4  -3   0  -1  -2   3   1    3   3   1   1   0   1   4   5   3   9   9   5   2  23   1   7   4   0  10  10  0.29 0.25
  244 D    -1   0   2   1  -4   1   0   1   3  -3  -3   3  -3  -2  -2   0   1  -4  -2  -2    5   4  11   9   0   6   6  10   7   1   2  17   0   2   1   7   8   0   1   3  0.25 0.24
  245 H    -1   2   0   0  -4   0   0  -1   3  -2  -2   3  -2   0  -1   0   0  -4   0  -3    5  12   4   5   0   3   4   4   8   2   5  21   1   5   3   8   5   0   2   1  0.21 0.24
  246 C    -4  -7  -4  -7  11  -7  -7  -3  -3  -4  -5  -2  -6  -4  -5  -1  -3  -7  -7  -4    1   0   1   0  76   0   0   2   1   1   1   3   0   1   1   5   2   0   0   1  3.14 1.40
  247 K    -2   1   0   0  -3   1   2  -2  -1  -2  -2   3  -1  -2  -3   1   2  -1  -4  -2    2   7   4   5   0   5  14   2   1   2   4  23   1   2   1   8  11   1   0   3  0.27 0.31
  248 K    -1   0   2   0   0  -1   2  -1   1  -4  -4   4  -2  -3  -2   0   2  -3  -4  -2    4   5   8   4   2   2  11   5   3   1   1  26   1   1   1   8  12   0   0   3  0.34 0.35
  249 F    -2   0   3   0  -3  -1  -1  -2  -2   1   1   2   0   0  -1  -1   0  -4  -3   0    2   5  14   5   0   2   3   2   1   9  16  12   2   4   3   5   6   0   0   7  0.12 0.19
  250 G    -2   1  -1  -1   1  -1   0   2  -1  -2   1   3  -1  -4  -3   0   1  -1  -4  -2    2   6   2   2   4   2   6  15   1   2  14  20   1   0   1   7   8   1   0   2  0.19 0.26
  251 G    -2   0   1   1   1   0   1   1  -1  -2  -1   2   2  -1  -2   0   0  -2  -3  -1    2   5   7   7   3   5   8  10   2   2   6  17   7   2   2   5   4   1   0   3  0.11 0.19
  252 G    -1  -1   1  -1  -4   0   2   1   0  -2  -2   2  -2  -2  -3   2   1  -4  -3  -2    5   2   6   2   0   4  13  11   2   2   4  16   1   2   1  16   9   0   0   2  0.22 0.28
  253 K    -2   0   0   0  -1   1   1  -2   2   0   0   1   1  -1  -2   0  -1  -2   0  -1    1   5   5   4   2   7  12   2   7   7  12  11   4   2   1   6   3   0   3   2  0.09 0.16
  254 T    -2   1   0   0  -4   0   1   1  -2  -1  -1   3  -2  -2  -4   0   2  -2  -1  -2    2   7   4   5   0   4   8   9   1   4   6  24   1   1   0   6  12   1   2   2  0.22 0.27
  255 E    -2  -1   0   2  -1  -1   2  -1   2  -3  -2  -2   1  -1  -3   1   0   1   3   0    3   3   4  14   1   3  12   4   5   1   3   2   4   2   1  11   5   2  10   8  0.18 0.25
  256 R     1   1   2   0  -2   0   2   0  -1  -2  -3   1  -2  -3  -2   1   1  -5  -3  -2   10   7  10   3   1   4  14   8   1   3   2  10   1   1   2  11   7   0   0   2  0.18 0.23
  257 A     0  -1   2   0  -2  -1  -1   2   1   0  -1   0   0  -2  -3   1   2  -1  -1  -2    7   2   9   4   1   2   4  17   3   6   6   5   2   1   1  11  12   1   2   2  0.14 0.18
  258 R    -2   1   1  -2  -2  -3   0   1  -2  -5  -3   2  -1  -4  -2   4   1  -6  -3  -3    3   7   6   2   1   1   6  11   1   0   3  13   2   1   2  32   7   0   1   1  0.47 0.45
  259 K    -3   1   0  -1  -5   0  -1  -1  -1  -1  -3   2  -1   5  -4   1   0  -2   1  -4    1   9   4   3   0   4   4   5   2   3   1  11   2  26   1  11   7   0   4   1  0.45 0.39
  260 A     1  -1   1   1  -3   0  -2  -1   4  -2  -1   1  -2  -4  -3   3   0  -5  -2  -1   10   3   6   8   0   4   2   5  10   2   7   9   1   0   1  22   4   0   1   4  0.25 0.30
  261 M     1  -1   1  -1  -4   3   0   0  -1  -2  -2   0   2  -3  -1   2   1  -3  -2  -2   10   3   6   3   0  16   4   6   1   2   3   4   7   1   3  18   9   0   1   2  0.26 0.32
  262 A     1  -1   0  -3  -2  -3  -2   2  -1   0   0  -2   2  -1  -2   1   0  -4   0   1   15   3   5   1   0   0   2  17   1   4   8   2   7   3   1  11   6   0   4  10  0.15 0.21
  263 V     0  -2  -3  -4  -4  -4  -3  -3  -4   2   0  -1  -1   3  -5   0   0  -4   3   4    9   2   1   1   0   0   1   2   0  13   6   5   1  11   0   6   5   0   9  27  0.44 0.37
  264 E    -3   1   1   2  -2   1   4  -4   2  -3   0   0   1  -4  -4   0  -1  -6  -4  -3    2   6   7  11   1   5  30   0   5   2   9   4   4   1   1   7   4   0   0   2  0.47 0.41
  265 D    -4   1   1   6  -6   0   3  -2  -1  -5  -4   2  -6  -6  -2  -2  -3  -7  -6  -5    1   6   6  38   0   5  16   3   1   1   1  12   0   0   2   3   2   0   0   1  0.92 0.60
  266 I    -2   3   0  -4  -2  -3  -3   0   3   3  -1  -1  -2   0  -5   0  -2  -5  -2   2    3  19   5   0   1   0   1   7   8  15   6   3   1   4   0   9   1   0   1  16  0.35 0.33
  267 I    -3  -2  -3   0  -3  -2  -2  -4   2   5   0   0   0   2  -3  -2  -2  -1   1   2    1   2   1   5   0   2   2   1   6  30   8   6   2   8   2   2   2   1   4  15  0.45 0.35
  268 S     0  -3  -3  -1  -4  -3  -2  -4  -5  -1  -3  -3  -1  -3   2   4   3  -1  -4   2    6   1   1   3   0   1   2   1   0   3   2   2   2   1  10  33  19   1   1  14  0.64 0.53
  269 R    -3   2  -1   0  -5   0   3  -5  -1  -3   2   0   0   3  -1  -1  -3  -4   0  -2    1  13   3   5   0   3  22   0   1   1  22   4   2  11   3   5   1   0   3   2  0.39 0.36
  270 V    -3  -6  -6  -3  -5  -6  -5  -5  -7   4  -2  -5  -2  -3  -6  -4  -3  -7  -5   7    2   0   0   2   0   0   1   1   0  18   2   1   1   1   0   1   1   0   0  67  1.71 0.89
  271 R    -2   5  -1   0  -5   1   1  -4  -3   0  -2   2  -3  -2  -4  -1   0  -5  -3   1    2  29   3   5   0   7   7   1   0   5   3  12   0   2   0   5   7   0   1  10  0.47 0.37
  272 G    -3  -5  -5  -6  -6   1  -6   7  -6  -7  -7  -6  -6  -7  -2  -3  -6  -6  -7  -5    2   1   0   0   0   6   0  82   0   0   1   0   0   0   3   2   0   0   0   1  2.17 1.03
  273 G    -3  -6   0  -3  -6  -2  -4   7  -6  -7  -7  -6  -6  -7  -6  -4  -6  -6  -7  -7    2   0   5   2   0   2   1  84   0   0   1   0   0   0   0   1   0   0   0   0  2.23 1.04
  274 S     0   3   2   1  -5   0  -2   0   3  -4  -4   1  -4  -5  -1   2   1  -5  -3  -4    7  15   9   8   0   3   2   6   9   1   1   8   0   0   3  16  11   0   0   1  0.39 0.34
  275 S     0  -2   3   2  -5  -2  -3  -3   2  -2  -4  -2  -4  -6   3   4   1  -6  -5  -3    6   3  11  11   0   2   1   2   4   3   1   1   0   0  12  33  10   0   0   1  0.64 0.51
  276 T     1  -2  -2  -1  -1   0   2   1  -1  -2  -3   1  -2  -4   1   1   2   2  -3  -2   13   2   1   3   1   3  13  10   1   3   1   8   1   0   7  13  15   3   1   2  0.25 0.26
  277 I    -1  -2  -1  -1  -4   0   1  -3   0   1   0  -1  -1   3  -4   1   1  -3   4  -1    5   1   3   4   0   4   8   1   2  11   9   4   2  11   0  12   8   0  14   2  0.23 0.24
  278 T     3  -1  -2  -2  -4  -1  -3   0  -3   0  -2  -2   2  -4  -4   1   2  -5  -4   2   29   3   1   2   0   2   1   6   0   5   3   1   6   0   0   8  14   0   0  17  0.42 0.36
  279 Y    -5  -5  -7  -7  -7  -6  -3  -7  -2  -5  -3  -4   2   6  -7  -5  -6   0   8  -5    1   1   0   0   0   0   2   0   1   0   2   1   5  27   0   1   0   1  56   1  2.27 1.04
  280 R    -1   3  -1  -1  -3   1   0  -3  -2  -2  -3   2  -1  -5  -4   4   1  -5  -5  -1    3  15   3   4   1   5   5   1   1   3   3  15   2   0   0  29   7   0   0   4  0.47 0.40
  281 S     1   0   4   0  -2   1   3  -3   0  -4  -3   0  -3  -1  -4   2   0  -5  -3  -4   11   4  18   5   1   5  18   1   2   1   2   6   0   3   0  16   5   0   1   1  0.41 0.36
  282 W    -8  -8  -9  -9  -8  -8  -4  -6  -8  -8  -5  -8  -7  -5  -9  -8  -8  13  -4  -8    0   0   0   0   0   0   2   1   0   0   1   0   0   0   0   0   0  94   0   0  5.07 1.90
  283 G     4  -4  -5  -5  -1  -4  -4   3  -5   0   2  -3   3  -4  -5  -2  -3  -5  -5   1   31   0   0   0   1   1   1  23   0   5  19   1   6   0   0   3   1   0   0   8  0.65 0.46
  284 R     0   3   1   2  -5   0   3   0  -2  -3  -4   2  -3  -2  -4   0  -1  -5  -4  -4    7  18   7  10   0   2  21   6   1   1   1  10   0   2   0   8   3   0   0   0  0.45 0.34
  285 S     1  -5  -3  -4  -5  -2  -5  -2  -5  -6  -6  -2  -6  -6  -5   7   2  -7  -6  -6    9   0   1   1   0   2   0   2   0   0   0   3   0   0   0  71  10   0   0   0  1.62 0.89
  286 L    -3  -5  -6  -6   0  -5  -3  -6  -6   1   5  -5  -2  -4  -6  -5  -1  -5  -5   5    1   0   0   0   2   0   2   0   0   5  47   0   0   0   0   0   4   0   0  36  1.16 0.62
  287 K    -2   1  -1  -3  -5   2   0  -4   0  -1  -2   5  -4  -4   1  -1   1  -5  -4  -2    2   5   3   1   0  10   4   1   2   4   4  40   0   1   6   4  11   0   0   2  0.64 0.45
  288 Y    -1  -2   0   4  -5   0   1  -2   0  -4  -3  -1  -3  -1  -4   1   0  -4   5  -4    5   2   3  27   0   3   8   2   2   0   2   3   1   2   0   9   6   0  22   1  0.66 0.44
  289 N     1  -2   6  -2  -4  -2  -4  -3   2  -1   0  -3  -2   1  -4   1  -1  -4   1  -2   11   1  37   1   0   1   0   1   5   3  10   1   1   7   0   9   4   0   5   2  0.64 0.43
  290 P    -4  -7  -7  -6  -7  -6  -6  -5  -7  -7  -5  -6  -7  -8   9  -3  -6  -8  -7  -7    1   0   0   0   0   0   0   1   0   0   1   0   0   0  92   2   0   0   0   0  3.17 1.31
  291 V     3  -1  -2   3  -4   1   0   1  -4  -2  -4  -1  -4  -5  -4  -1  -1  -5  -4   2   23   3   1  20   0   8   5  12   0   2   0   3   0   0   0   4   4   0   0  15  0.42 0.35
  292 V    -4  -6  -6  -6  -5  -5  -6  -6  -6   3   3  -6  -2   0  -4  -5  -3  -5  -4   5    1   0   0   0   0   0   0   0   0  17  28   0   0   4   1   0   1   0   0  46  1.24 0.61
  293 I    -4  -6  -3  -6  -5  -6  -6  -6  -6   7   0  -6  -2  -3  -4  -3  -3  -6  -5   4    1   0   1   0   0   0   0   0   0  56   8   0   0   1   1   2   2   0   0  26  1.53 0.70
  294 D    -3  -1   2   4  -4   0   0  -4  -1  -6  -6   4  -4  -5  -4   3  -1  -4  -3  -5    1   3  10  25   0   5   4   1   1   0   0  23   0   0   0  20   3   0   1   0  0.79 0.51
  295 F    -2  -3  -5  -5  -4   4  -2  -6   0  -2  -3  -3  -2   5  -6   0  -4  -3   7  -3    3   1   0   0   0  21   3   0   2   3   2   2   1  20   0   6   0   0  32   1  1.20 0.68
  296 E    -2  -1  -1  -3  -6   1   4  -5  -2  -5  -4   5  -3  -3  -5   3   0  -6  -5  -4    3   3   2   0   0   5  23   0   1   0   2  33   1   1   0  19   6   0   0   1  0.84 0.57
  297 M    -1  -6  -7  -7  -5  -6  -7  -7  -7   1   6  -6   3  -3   0  -5  -1  -6  -5   1    4   0   0   0   0   0   0   0   0   6  66   0   5   0   5   0   3   0   0   9  1.29 0.68
  298 Q     1   3  -2  -2  -5   3   2  -3   0  -3  -2   0   1  -2  -4   1   2  -5  -3  -3   10  14   1   2   0  13  16   1   2   1   4   4   4   2   0  12  13   0   1   1  0.39 0.35
  299 P    -4  -7  -7  -7  -8  -7  -7  -7   0  -8  -8  -6  -8  -9   9   0  -6  -9  -8  -8    1   0   0   0   0   0   0   0   2   0   0   0   0   0  90   6   0   0   0   0  3.13 1.31
  300 I    -6  -5  -8  -8  -6  -7  -7  -8  -7   6   5  -7   0  -4  -7  -7  -5  -6  -6  -2    0   0   0   0   0   0   0   0   0  44  52   0   2   0   0   0   0   0   0   1  1.80 0.81
  301 H    -6  -2  -5  -5  -7  -4  -5  -5   8  -3  -3  -6  -3  -2  -7   0  -2  -4   7  -3    0   2   0   0   0   0   0   1  39   2   3   0   1   1   0   8   3   0  38   2  2.02 0.92
  302 E    -3  -3   2   2  -6   1   5  -5  -1  -3  -2  -3   1  -3  -5  -1   1  -6  -5  -1    2   1   8  10   0   6  43   0   1   1   4   1   3   1   0   5   9   0   0   4  0.76 0.51
  303 V    -3  -7  -7  -8  -6  -6  -7  -6  -7   1   6  -7  -1  -4  -7  -7  -5  -6  -5   0    2   0   0   0   0   0   0   1   0   5  85   0   1   0   0   0   0   0   0   5  1.90 0.85
  304 L    -4  -6  -7  -7  -5  -6  -3  -7  -7   3   3  -6  -1  -4  -6  -6  -4  -2  -5   6    1   0   0   0   0   0   2   0   0  12  23   0   1   0   0   0   0   1   0  58  1.45 0.70
  305 R    -1   4  -1  -1  -3   0   1  -3  -1  -2  -3   3  -3  -3   2  -2   2  -3  -2  -3    3  20   2   4   1   3   7   2   1   2   2  22   0   1  12   2  12   0   1   2  0.46 0.28
  306 H     0   0   2   0  -3   0   2  -1   3  -3  -2   0  -3  -2   3   0  -1  -4  -3  -2    8   4   9   5   0   4  17   5   8   1   5   4   0   1  15   8   2   0   1   3  0.29 0.21
  307 T    -1   0   0  -2   0   0  -2  -3  -3   1  -1  -1  -1  -1  -1   1   2  -3  -2   3    4   5   5   2   2   5   1   2   0   8   6   2   1   2   3   9  15   0   1  26  0.23 0.20
  308 S    -1  -1   2   3  -3   1   0  -1   0  -3  -3   1  -2  -3   4   0   0  -3  -3  -3    3   2  11  18   0   5   4   4   2   1   2   9   1   1  23   5   6   0   1   2  0.48 0.26
  309 L    -1  -3  -3  -3   7  -3  -3  -2  -3   1   1  -2   3   3  -2  -2  -2  -2  -1   0    4   1   1   1  27   1   2   3   1   8  14   2   8  12   2   2   2   0   2   5  0.69 0.29
  310 G     4  -1  -1  -2  -2  -1  -2   1  -2  -2  -3   1  -2  -3   1   0  -1  -2  -2  -2   38   3   3   2   1   2   2  12   1   3   3   7   1   1   8   6   4   1   1   2  0.37 0.23
  311 P    -1  -1   2   2  -2   0  -1   1   0  -1  -2  -1  -2  -1   3   0  -1  -1   1  -2    5   3  11  15   1   4   3  10   3   4   4   3   1   2  14   7   3   1   7   3  0.20 0.11
  312 L     2  -1   0   0  -2   0  -1   0   0  -1   0   0   0  -2  -1   1   0  -2  -1   0   19   3   4   6   1   4   3   7   3   3  12   5   3   1   2  12   3   1   1   6  0.07 0.07
  313 E    -1  -1   1   1  -3   0   2  -1   3  -2  -2  -1  -1  -2  -2   2  -1  -3   1   0    5   3   8   9   0   3  12   3   8   2   4   3   2   1   1  20   2   0   4   9  0.20 0.18
  314 A     0  -2  -2  -3  -3  -2  -2  -2  -2   0   0  -1  -1  -3   4  -1   4  -4  -3   1    9   2   1   1   0   2   2   3   1   4   8   3   2   1  22   4  24   0   1  12  0.47 0.31
  315 K    -1   3  -4  -3  -5   0  -3  -5  -3  -1  -1   6  -1  -4  -4  -4  -3  -5  -5   0    5  15   0   1   0   3   1   0   0   3   6  53   1   1   0   0   2   0   0   6  1.06 0.58
  316 R    -5   7  -4  -5  -7   0  -4  -6  -4  -2  -5   5  -4  -6  -6  -4  -4  -1  -4  -5    1  53   0   0   0   4   0   0   0   3   1  34   0   0   0   1   0   1   0   1  1.77 0.83
  317 Q     0   2   1  -2  -5   4   3  -4   1  -3   0   1  -3  -2  -4  -1  -3  -5  -2  -3   10  10   6   1   0  23  18   1   3   1  11   8   0   1   0   4   1   0   1   1  0.45 0.37
  318 N     1  -5   7  -3  -6  -2  -3   1   4  -5  -5  -4  -5  -3  -6  -1  -3  -6   3  -4   12   0  50   0   0   1   1   9   9   1   1   0   0   1   0   3   1   0  11   1  1.27 0.64
  319 L    -6  -6  -8  -8  -6  -6  -7  -8  -7  -1   6  -7   5  -2  -7  -7  -5  -6  -5  -2    0   0   0   0   0   0   0   0   0   3  81   0  13   1   0   0   0   0   0   2  1.92 0.80
  320 R    -4   6  -3  -3  -5   1   2  -5  -1  -6  -6   6  -4  -7  -5  -4  -4  -3  -6  -6    1  36   1   1   0   4  11   0   1   0   0  42   0   0   0   0   0   0   0   0  1.44 0.68
  321 R    -1   6  -3  -3  -6   4  -3  -5  -4  -3  -3   2  -2  -6  -5   0  -2  -3  -5  -4    5  46   0   1   0  20   1   0   0   1   2  13   1   0   0   6   3   0   0   1  1.15 0.60
  322 A     7  -6  -6  -6  -5  -4  -3  -3  -6  -6  -6  -5  -4  -7  -5  -3  -4  -7  -7  -5   94   0   0   0   0   1   2   1   0   0   0   0   0   0   0   1   1   0   0   0  2.25 0.97
  323 L    -4  -6  -6  -7  -5  -6  -6  -7  -6   5   4  -6   0   1  -6  -5  -1   1  -2   3    0   0   0   0   0   0   0   0   0  33  34   0   1   5   0   0   3   2   1  21  1.10 0.51
  324 D    -2   0  -2   2  -6   0   5  -3  -1  -4  -4   0  -3  -5  -4   3  -1  -6  -3  -2    3   4   1  12   0   3  40   1   1   1   1   4   0   0   0  20   4   0   1   2  0.75 0.47
  325 Q    -4  -3  -3   3  -7   4   6  -5   3  -7  -5   1  -5  -7  -5  -3  -3  -7  -5  -6    1   0   0  16   0  17  46   0   7   0   1  10   0   0   0   1   1   0   0   0  1.27 0.64
  326 Y    -7  -7  -7  -8  -8  -7  -7  -8  -1  -6  -6  -7  -6   3  -8  -7  -7  -3  10  -6    0   0   0   0   0   0   0   0   1   0   0   0   0   9   0   0   0   0  90   0  3.44 1.21
  327 L    -4  -6  -6  -7  -5  -1  -6  -7  -6   5   4  -6   3  -3  -6  -5  -4  -5  -5   2    0   0   0   0   0   3   0   0   0  32  43   0   8   0   0   0   0   0   0  14  1.22 0.54
  328 M    -3  -4  -5  -6  -3  -4  -5  -6  -5   1   5  -4   7  -2  -5  -4  -3  -4  -3   0    0   0   0   0   0   0   0   0   0   5  56   0  33   0   0   0   0   0   0   5  1.21 0.41

                      K         Lambda
Standard Ungapped    0.1368     0.3186
Standard Gapped      0.0454     0.2670
PSI Ungapped         0.1480     0.3128
PSI Gapped           0.0454     0.2670
