
Last position-specific scoring matrix computed, weighted observed percentages rounded down, information per position, and relative weight of gapless real matches to pseudocounts
            A   R   N   D   C   Q   E   G   H   I   L   K   M   F   P   S   T   W   Y   V   A   R   N   D   C   Q   E   G   H   I   L   K   M   F   P   S   T   W   Y   V
    1 Y    -3  -3  -3  -4  -4  -3  -3  -4   4  -2  -1  -3  -1   6  -4  -3  -3   0   6  -2    0   0   0   0   0   0   0   0  14   0   0   0   0  48   0   0   0   0  38   0  1.10 0.23
    2 Q    -3  -1  -2  -2  -5   7   2  -4   3  -5  -4  -1   0  -4  -3  -2  -3  -4   0  -4    0   0   0   0   0  74  12   0   9   0   0   0   3   0   0   0   0   0   3   0  1.40 0.47
    3 Q     0  -1  -1   3  -4   5   3  -2   1  -4  -4   0   0  -4  -3  -2  -2  -4  -3  -4    6   0   0  20   0  39  24   1   4   0   0   2   3   0   0   0   0   0   0   0  0.79 0.33
    4 D    -2  -3   1   6  -5   1   1   0   0  -4  -5  -2  -4  -5  -3  -2  -1  -5  -4  -3    2   0   5  65   0   5   8   7   2   0   0   0   0   0   0   0   4   0   0   2  1.04 0.36
    5 Q    -2   0  -1   1  -4   4   4  -1   1  -4  -2  -1  -2  -4  -3  -1   1  -4  -3  -3    0   3   0   6   0  30  38   4   3   0   4   0   0   0   0   2  10   0   0   0  0.67 0.31
    6 V     0  -2  -2  -1  -2   0   1  -1  -2   2   0  -1  -1  -1   0  -1   0  -3   1   2    5   0   0   3   0   4  12   6   0  20   8   1   0   0   4   5   3   0   7  22  0.11 0.12
    7 V     2  -1  -3  -3  -2   0  -1  -1  -3   2   0  -1  -1  -1   1   0   0  -3  -2   3   20   4   0   0   0   4   2   4   0  12   3   2   0   3   7   4   2   0   0  32  0.20 0.16
    8 K    -1   1   2  -1  -3   0   1  -2  -2  -2  -2   3   0  -3   1   2   0  -4  -3  -2    0   4  15   0   0   3   7   0   0   3   4  31   4   0   8  17   4   0   0   0  0.35 0.20
    9 E    -2  -2   1   2  -3   0   4  -1  -2  -1  -2  -1  -2  -3  -2   1   2  -4   0  -1    0   0   6  10   0   0  40   3   0   4   3   0   0   0   0   8  20   0   3   3  0.43 0.24
   10 D    -2  -2   1   5  -3  -1   2  -1  -2   0  -2  -1  -3  -4  -3   1   2  -4  -3  -2    1   0   6  42   0   0  11   3   0   6   4   3   0   0   0   8  13   0   0   2  0.52 0.24
   11 N    -2  -1   4   5  -4   0  -1  -2  -2  -4  -5  -1  -4  -5  -3   3  -1  -5  -4  -3    0   2  22  43   0   3   0   0   0   0   0   3   0   0   0  23   1   0   0   2  0.85 0.35
   12 I    -1  -2  -3   0  -2  -2  -2  -4  -3   4   1   0   3  -2  -3  -2   1  -3  -2   2    2   0   0   6   0   0   0   0   0  30   9   8  13   0   0   0  11   0   0  20  0.35 0.21
   13 E     1  -1  -1   3  -4  -1   5   0   1  -4  -4  -1  -3  -4  -1  -1  -1  -4  -3  -2   13   2   0  20   0   0  44   8   3   0   0   0   0   0   3   0   4   0   0   3  0.61 0.29
   14 A     2   1   0  -2  -3   0   0  -1  -2  -2  -1   3  -1  -2  -2  -1   0  -3   0   0   24   6   3   0   0   3   4   3   0   0   5  32   1   0   0   0   7   0   5   6  0.25 0.18
   15 V    -1  -3  -4  -4  -2  -3  -2  -4  -3   2   2  -3   3   0  -3  -3  -1  -3  -2   4    4   0   0   0   0   0   3   0   0   9  23   0  11   3   0   0   1   0   0  42  0.50 0.25
   16 G     1   1  -2  -2  -2  -1  -1   3  -2  -1  -1   0  -1   0  -2   0  -1   4   0   0   18   9   0   1   0   0   2  25   0   4   6   5   0   4   1   4   3   8   3   8  0.21 0.13
   17 K     0   2  -1   0  -4   4   3  -3  -1  -3  -2   3   0  -4  -2  -1   0  -3  -3  -3    8  14   0   3   0  21  23   0   0   0   2  18   3   0   0   0   5   0   0   0  0.47 0.25
   18 K    -1   2   0  -2  -3   3  -1  -3   2  -3  -2   4   1  -3  -2   1  -1  -3  -2  -3    4  11   3   0   0  18   0   0   6   0   3  37   4   0   0   9   3   0   0   0  0.49 0.27
   19 L    -3  -4  -4  -5   0  -4  -4  -5  -3   0   5  -4   0   3  -4  -4  -3  -2   2  -1    0   0   0   0   2   0   0   0   0   0  70   0   0  15   0   0   0   0   8   0  0.91 0.37
   20 H     0   1  -2  -2   0   1   0  -3   1   1   0   2   1  -1  -2  -1  -1  -2   1   1    6   8   0   0   2   6   7   0   5  13   9  21   4   2   0   0   0   0   5   9  0.12 0.12
   21 K    -1   0   1   3  -4   2   4  -3  -2  -1  -3   0  -1  -4  -2  -1  -2  -4  -3   0    3   4   5  20   0   8  40   1   0   3   1   3   2   0   0   1   0   0   0   9  0.52 0.26
   22 Y    -1  -3  -3  -1  -2  -2  -3  -3   0   2   2  -2   0   0  -3  -1   1  -1   4   1    2   0   0   4   0   0   0   1   2  17  19   2   0   2   0   3  10   0  24  13  0.32 0.20
   23 N    -1  -2   3   2  -4   1   1  -3   6  -3  -2   0  -3  -3  -3  -1  -1  -4  -2  -1    3   0  20  14   0   5   9   0  28   0   3   3   0   0   0   3   3   0   0   6  0.56 0.29
   24 T     0   2   2   0  -1   2   0  -2   1  -3  -3   4  -2  -4   0   0  -1  -4  -3  -1    6  10  10   3   1  13   4   1   3   1   1  33   0   0   3   4   2   0   0   4  0.35 0.22
   25 Q    -1   0  -1   2  -4   4   4  -1  -2  -3  -2   2   0  -4  -2  -1   0  -4  -3  -3    3   3   0  10   0  25  29   4   0   0   3  11   3   0   0   2   6   0   0   0  0.50 0.28
   26 F    -3  -3  -3  -4  -3  -3  -1  -4   1   1   3  -3  -1   4  -4  -3  -2  -1   5   1    0   0   0   0   0   0   4   0   4   9  30   0   0  18   0   0   2   0  24   8  0.55 0.27
   27 Q    -1   0   1   1  -3   3   1  -3  -2   0   1   1   2  -2  -2   0   1  -3  -2   0    2   5   7   8   0  18   6   0   0   7  13   8   8   0   0   3   9   0   0   4  0.16 0.16
   28 E    -1  -2   1   4  -4  -1   3  -1  -2  -3  -1   1  -3  -4  -3   0  -1  -4  -3  -1    3   0   4  31   0   0  25   4   0   0   6  11   0   0   0   8   3   0   0   4  0.46 0.26
   29 K    -1   2  -2  -3  -4   1  -1  -2  -2  -1  -1   5   1  -1  -3   0   0  -4  -3  -3    3   7   0   0   0   3   0   2   0   4   7  58   4   3   0   5   5   0   0   0  0.60 0.36
   30 S     0   0   1  -2  -2   1  -1  -1  -2   1   0  -1   1  -2  -2   3   2  -3  -2   0    4   5   5   0   0   7   0   3   0   9   7   0   5   0   0  36  12   0   0   4  0.23 0.21
   31 R    -2   4   2   0  -1   1   1  -2   0  -1  -3   2  -2  -3  -2   0   0   0  -2  -2    0  32  12   4   2   6   7   2   2   4   1  16   0   0   0   4   4   2   0   2  0.37 0.21
   32 E    -1   0  -1   1  -3   3   4  -3  -2  -2  -1   0   0  -3  -2   0  -1  -3  -3   0    5   5   0   7   0  14  37   0   0   0   6   2   4   0   0   9   2   0   0   8  0.38 0.23
   33 Y    -3   1  -3  -4   1  -3  -3  -4  -1  -3  -1  -3  -2   3  -4  -1  -3   0   8  -3    1  10   0   0   3   0   0   1   0   0   7   0   0  11   0   4   0   0  62   0  1.24 0.43
   34 D    -2  -1   1   5  -4   2   3  -3   0  -4  -2  -1  -3  -1  -3  -1  -2  -4  -3  -3    1   2   6  39   0  13  25   1   2   0   4   2   0   4   0   0   0   0   0   0  0.68 0.28
   35 R    -2   3   1   1  -2   3   2  -2   1  -1  -1   1  -2  -1  -2   0  -1  -3  -2  -1    1  23   5   7   1  15  13   1   3   3   4   8   0   3   0   8   2   0   0   4  0.27 0.15
   36 L    -3  -1  -4  -5   4  -3  -4  -5  -1   1   4  -2   0   0  -4  -3  -1  -3   0   0    0   4   0   0  10   0   0   0   2   8  64   3   0   2   0   0   3   0   3   3  0.66 0.31
   37 Y    -1  -2  -2  -3  -3   0  -1  -3   3  -2   1  -2  -2   2  -3   1   0   2   5  -1    3   0   0   0   0   5   4   0   9   0  14   2   0   8   0  18   4   2  29   3  0.43 0.25
   38 E    -1  -1   0   3  -5   1   5  -3  -2  -4  -4   2  -3  -4  -3  -1  -2  -4   1  -4    4   0   4  18   0   3  46   0   0   0   0  17   0   0   0   2   0   0   7   0  0.75 0.33
   39 E     0   0  -1   2  -3   1   3  -2   0  -2   0   2  -1  -3   1  -1   1  -3  -3  -2    8   4   0  14   0   3  22   0   2   2  11  16   1   0   7   1   9   0   0   0  0.25 0.15
   40 Y    -2  -4  -4  -5   1  -3  -4  -5   3  -2   0  -4  -2   5  -5  -3  -3  -1   7   0    4   0   0   0   3   0   0   0   7   0   9   0   0  26   0   0   0   0  45   7  1.09 0.40
   41 T    -1  -2   4  -1  -3   0   0  -2  -2  -3  -2   0  -1  -4  -3   3   3  -4  -3  -3    1   0  27   0   0   2   6   1   0   0   4   6   2   0   0  23  27   0   0   0  0.53 0.29
   42 R     0   4  -2  -1  -4   2   0  -3  -2  -1  -2   4   0  -1  -3  -1  -2  -4  -3  -1    8  31   0   2   0   7   5   0   0   4   1  31   2   3   0   2   0   0   0   3  0.52 0.26
   43 T    -1  -1  -2  -3   4  -3  -3  -3  -3   2   1  -3   0  -2  -3   0   4  -3   1  -1    2   4   0   0  12   0   0   0   0  13  13   0   2   0   0   6  41   0   7   0  0.49 0.29
   44 S     0   1   0  -2   1   2   1  -2  -2  -3  -3   1  -2  -4  -2   4   1  -4  -3  -2    7   8   2   0   3  14   6   0   0   0   0   7   0   0   0  42   9   0   0   2  0.46 0.27
   45 Q     0  -1   1   0  -4   6   1  -2  -1  -4  -3   1  -2  -1  -3   0  -2  -3   1  -4    6   0   5   6   0  55   6   2   0   0   1   5   0   3   0   6   0   0   5   0  0.77 0.37
   46 E    -3  -2   0   2  -5   1   6  -3   1  -5  -5  -1  -4  -5  -3  -2   0  -5  -4  -2    0   0   3  10   0   3  72   1   4   0   0   0   0   0   0   0   5   0   0   3  1.15 0.44
   47 I    -2  -4  -4  -4  -1  -3  -4  -5  -4   4   2  -4   2  -2  -3  -1  -2  -4  -3   3    0   0   0   0   1   0   0   0   0  36  23   0   5   0   1   4   0   0   0  30  0.65 0.27
   48 Q     0  -1   1   2  -3   4   2   0  -1  -3  -1   1   0  -4  -2   0  -1  -4  -3  -1    8   0   7  11   0  32  11   6   0   0   5   8   3   0   0   3   3   0   0   3  0.34 0.21
   49 K     0   3   0   1  -3   1  -1  -1   1  -3  -1   3   2  -3  -2  -1   1  -4  -2  -2    7  15   3   8   0   6   0   5   4   0   4  30   8   0   0   0   9   0   0   0  0.29 0.19
   50 R    -2   5   0  -2  -4   3  -1   0   1  -4  -3   2  -2  -3  -3   0  -2  -3   1  -3    1  37   5   0   0  14   0   6   4   0   1  16   0   0   0   9   0   0   6   0  0.53 0.24
   51 T    -1  -1   1  -1  -2   2   1  -2   3  -1   0  -1   2  -2   2  -1   1  -2  -1  -1    1   1  12   1   0  12  12   1  11   1  12   1  11   0  12   1  12   0   0   1  0.20 0.10
   52 A     4  -2  -2   0  -2  -2  -2   0   1  -1  -1  -2  -2  -3   1   0   0  -3  -2  -1   59   0   0   4   0   0   0   5   4   4   5   0   0   0   8   4   4   0   0   0  0.43 0.20
   53 I    -2   0  -2  -3  -2   2   0  -3  -2   2   3  -1   1   0  -3  -2  -1  -2  -2   1    1   8   0   0   0  13   5   0   0  21  33   0   3   2   0   1   0   0   0  10  0.24 0.13
   54 E     0  -1   0   2  -4   2   4  -3  -1  -3  -2   2  -2  -4   1  -1  -2  -4  -3  -2    7   0   2  13   0   7  41   0   0   0   4  13   0   0   6   2   0   0   0   4  0.47 0.19
   55 A     5  -3  -2  -3  -2   0  -2   0   2  -3  -3  -2  -2  -4  -2   1  -1  -4  -3  -1   75   0   0   0   0   4   0   5   5   0   0   0   0   0   0   7   0   0   0   4  0.76 0.30
   56 F    -3  -1  -4  -4  -4   0  -3  -4  -2  -2   1  -3   2   7  -5  -2  -3  -1   3  -2    0   4   0   0   0   7   0   0   0   0   9   0   5  62   0   2   0   0  11   0  1.01 0.31
   57 N     0   2   3   0  -3   1   2  -1  -1  -1  -2   1  -2  -3  -2   1   0  -4  -3  -2    5  16  22   1   0   5  13   1   0   6   4   9   0   0   0  16   2   0   0   0  0.27 0.13
   58 E    -2   0   0   0  -5   2   6  -2   0  -5  -4   0  -3  -5   1  -1  -2  -4  -3  -4    0   4   5   0   0   7  66   2   1   0   0   4   0   0   7   3   0   0   0   0  0.89 0.30
   59 T     2  -2   0  -2  -2  -2  -2  -2  -3   1   0  -1   1  -3   2   0   3  -3  -3   1   24   0   4   0   0   0   0   0   0   8   5   4   5   0   9   0  34   0   0   7  0.31 0.18
   60 I    -1  -2   0  -1  -2  -1   1  -3  -2   3   1   0   1  -1  -2  -2   0  -3  -2   2    1   0   4   2   0   0  15   1   0  30  11   6   2   0   0   1   6   0   0  19  0.20 0.12
   61 K    -1   2   0   0  -3   0   2   0  -2  -1  -1   3   1  -3  -2   0   0  -3  -3  -2    4  10   2   4   0   0  16   5   0   3   7  35   5   0   0   6   3   0   0   1  0.26 0.14
   62 I    -2  -3  -4  -5   3  -3  -4  -5  -4   4   2  -3   6  -1  -4  -3  -2  -3  -3   2    0   0   0   0   7   0   0   0   0  30  14   0  38   0   0   0   0   0   0  11  0.78 0.28
   63 F    -3  -4  -5  -5   1  -4  -5  -5  -3   0   1  -4  -1   7  -5  -4  -3   4   3  -2    0   0   0   0   3   0   0   0   0   3  13   0   0  66   0   0   0   7   8   0  1.23 0.33
   64 E    -2   0   0   0  -4   4   5  -3  -1  -2  -3   1  -2  -4  -2  -1   0  -4  -3  -3    0   2   2   0   0  19  55   0   0   3   0   9   0   0   0   0   5   0   0   0  0.76 0.26
   65 E    -2  -1  -1   3  -4   1   5  -3  -1  -4  -4   0  -3  -4   1   0  -2  -4  -3  -3    1   0   0  13   0   4  62   1   0   0   1   3   0   0   8   5   1   0   0   1  0.83 0.25
   66 Q    -2  -1  -1  -2  -4   7   1  -3   3  -4  -3   0  -2  -4   1  -2  -2  -3  -2  -3    1   0   0   0   0  74   4   1   7   0   1   1   0   0   8   1   1   0   0   1  1.20 0.36
   67 C    -1  -2  -2  -3   6  -1  -2   0   1   1   2  -1   2  -1  -3  -2  -1  -3  -2   0    4   0   0   0  25   2   1   8   5  13  23   4   7   1   0   1   3   0   0   1  0.33 0.14
   68 Q    -1   2  -1   1  -3   2   2  -2   1  -2  -1   2  -1  -2  -2   0  -1  -2   1  -2    4  13   1   8   0  14  16   1   4   1   7  17   0   0   1   3   3   0   7   1  0.24 0.10
   69 T    -1  -2  -2  -2  -2   0  -1  -3  -3   2   2  -2   0  -2   1  -1   3  -3  -2   1    1   0   0   0   0   4   3   1   0  15  24   0   0   0   8   2  30   0   0   9  0.26 0.14
   70 Q    -2   2  -1  -2  -3   6   0  -3   5  -3   0   0  -1  -3  -1  -1  -2  -3  -2  -3    1   9   0   1   0  50   1   1  16   1  12   1   0   0   2   4   1   0   0   1  0.67 0.26
   71 E     0   1  -1   1  -3   0   5  -2  -1  -1  -2   0  -2  -3  -2  -1   0  -3  -3  -2    8   6   0   5   0   0  56   1   0   4   4   2   0   0   1   1   8   0   0   1  0.54 0.20
   72 R    -2   4   0  -2  -2   1  -1  -2   1  -3  -2   4  -2  -3  -2   0  -1  -3  -2  -3    1  31   4   1   1   5   1   1   3   1   5  39   0   0   1   4   3   0   0   1  0.54 0.19
   73 Y    -1  -1  -1  -2   4   0  -2  -1   1  -1   0  -2   0   3  -2  -1  -1   0   4  -1    6   2   3   1  13   7   1   3   4   3   9   1   2  19   1   2   1   0  20   1  0.25 0.11
   74 S     0  -1   1  -1  -1   1   0   0   2   0  -1  -1   0  -2  -1   2   0  -2  -1  -1    7   2   6   1   1  11   4   6   7  10   7   1   3   1   1  28   2   0   1   2  0.12 0.08
   75 K    -1   2   1   0  -2   2   1  -1  -1  -2  -1   3  -1  -2  -1   0   0  -2  -2  -2    4  11   8   4   0   8   5   3   1   1   7  32   1   1   1   5   5   0   1   2  0.23 0.09
   76 E    -1  -1   0   3  -3   1   4   0  -1  -3  -3   0  -2  -3  -1   0  -1  -2  -2  -2    2   1   1  19   0   5  41   8   1   1   2   4   1   1   1   6   1   0   1   2  0.45 0.14
   77 Y     2  -1  -1  -2   1   1  -1  -1   0   0  -1  -1  -1   0  -1   0   0  -1   3   1   24   2   1   2   3  10   2   2   1   4   3   2   1   3   2   4   3   0  19  14  0.15 0.09
   78 I     0  -1  -1  -1  -2   1   1  -1   2   1   1   0   0  -1   1   0  -1  -2  -1   0    5   2   2   3   1  11   9   3   9  14  14   3   3   1   8   7   2   0   1   3  0.07 0.05
   79 E    -1   2  -1   1  -2   1   3  -2  -1  -2  -1   1  -1  -2   2  -1  -1  -2  -2  -2    2  14   1   6   1   7  29   2   1   2   7   7   1   1  12   2   2   0   1   2  0.30 0.09
   80 K     0   2   0  -1  -2   0   0   0   4  -2  -1   1   1  -2  -1   0  -1  -2  -1  -1   12  19   5   2   1   1   4   6  15   2   3  10   9   1   2   3   2   0   1   4  0.17 0.08
   81 F    -1  -2  -1  -2   0  -1   1  -2  -1   0  -1  -2   1   5  -2   0  -1  -1   2  -1    2   1   3   1   2   1  13   2   1   6   2   1   5  42   1   7   2   0   5   3  0.35 0.14
   82 K     0   3   1  -1   0   3   1  -2   1  -2   0   2  -1  -2  -1   0  -1  -2  -1  -1    6  21   7   1   3  17   7   2   4   1  10  11   1   1   1   3   1   0   1   3  0.21 0.10
   83 R     0   4   1  -1  -1   0  -1  -2  -1  -1   1   2   0  -2  -2   0   0  -2  -2  -1    8  28   9   1   1   2   1   1   0   2  16  14   2   1   1   6   4   0   1   1  0.22 0.12
   84 E    -1  -1   0   0   0   2   4  -1   0  -2   0   0  -2  -3   0   0  -1  -3  -2  -2    5   1   5   3   2   8  39   4   2   1  11   4   0   1   5   4   1   0   1   2  0.33 0.21
   85 G     2  -1   0   1   2  -1  -1   3   1  -2  -2  -1  -2  -3   0   1   0  -3  -2  -2   18   3   4  11   6   1   1  27   4   1   2   1   0   1   4   9   3   0   1   2  0.26 0.15
   86 N    -1  -2   3  -1  -3   1   0   0   2  -2  -3  -1  -2  -3   3   2   1   1  -2  -3    4   1  19   2   0   7   5   5   7   2   1   2   0   0  17  15  10   3   0   1  0.36 0.22
   87 E     0   1   1   2  -3   2   3   0   1  -3  -3   1  -2  -3   1   0  -1  -3  -2  -2    5   6   6  13   0   9  21   7   3   1   1   8   0   0   7   8   1   0   0   3  0.28 0.16
   88 K     0  -1   0  -2  -3   1   2  -3   5  -3  -3   3  -2  -3  -2   0   0  -3   0  -2    7   0   3   0   0   6  14   1  20   0   1  26   0   0   0   8   5   0   3   4  0.44 0.28
   89 E    -1   1   0   2  -4   1   4  -1  -1  -2  -2   1  -2  -3  -2   0  -2  -3   1  -3    3   6   3   9   0   5  40   4   0   3   4  11   0   0   0   6   0   0   6   0  0.43 0.27
   90 I    -1  -2  -1   0  -2   1   0  -1   0   2   1  -1   3  -2   0   0   0  -3  -2   0    0   0   3   4   0   8   5   6   3  18  18   3  13   0   4   6   5   0   0   4  0.11 0.15
   91 Q     0   1   1   1  -2   1   1  -2   2   0   0   1   1  -2  -2   0  -1  -3  -2   0    8   8   7   8   0   7   8   1   7   8   8   8   7   0   0   8   0   0   0   8  0.09 0.11
   92 R    -1   1   1  -1  -2   1   0   1  -2   0   1   1   1  -2  -2   0   1  -3  -2   0    1   9   6   0   0   5   5  12   0   5  18   9   4   0   0   9   9   0   0   5  0.08 0.11
   93 I     0  -1  -2  -3  -2   0  -1  -3  -2   2   2  -1   2   1  -3  -1  -1   4   0   1    9   2   0   1   0   4   5   1   0  17  22   3   7   5   1   4   3   8   3   6  0.19 0.14
   94 H    -1  -1   0   0  -2   1   1  -2   1   0   1   0   2  -1  -2   0   0  -2   0  -1    1   1   6   4   0  10  13   1   4   3  21   5  10   0   1   6   8   0   4   3  0.12 0.13
   95 N    -2  -2   6   1  -3  -2  -2   0  -2  -1  -1  -2   1  -3  -3   1   0  -4  -3  -1    1   0  50   8   0   0   0   5   0   4   5   0   4   0   0  11   5   0   0   5  0.64 0.33
   96 Y    -1  -1   3  -2  -3  -2  -2  -2   1   1   0  -2   0   1  -3   0  -1   2   4   0    6   3  22   0   0   0   0   1   3   9  10   0   3   4   0   8   0   3  21   4  0.28 0.21
   97 D    -1   0   1   1  -3   1   4  -2  -1  -3  -3   2  -2  -3   0  -1   0  -3  -3  -3    5   4   7   7   0   3  43   1   0   1   1  14   0   0   5   1   5   0   0   1  0.51 0.23
   98 K    -2   1   0  -2  -3   1   0  -1   0   0   2   2   1  -2  -1  -2  -1   3  -2  -1    1   9   4   0   0   9   4   4   2   4  31  17   3   0   3   1   3   5   0   1  0.18 0.15
   99 L    -1  -2  -3  -3  -2  -3  -2  -4  -3   1   5  -3   2  -1  -1  -3  -2  -3  -2   1    3   2   1   1   0   0   3   1   0   5  67   1   4   0   3   1   1   0   0   7  0.60 0.27
  100 K    -2   2   0  -2  -3   2   1  -1  -2  -2  -2   5  -2  -3  -2  -1  -2  -3  -3  -3    1   8   2   1   0  11   6   4   0   3   3  53   0   0   1   3   1   0   0   1  0.61 0.28
  101 S     0   2   1  -1   1   1   0  -1   1  -3  -2   0  -2  -1  -2   3   0  -3  -2  -2    7  11   5   3   3   9   4   2   4   1   3   3   0   3   1  37   5   0   0   1  0.28 0.18
  102 R    -2   7  -2  -2  -4   1   0  -3   0  -4  -3   2  -3  -4  -3  -1  -2  -4  -3  -3    1  68   1   1   0   3   6   1   2   1   1  10   0   0   1   2   1   0   0   1  1.12 0.39
  103 I    -2   0  -1  -3  -2  -2  -1  -3  -3   3   3  -2   3   1  -3  -2  -2   0  -1   1    1   7   4   0   0   0   4   1   0  25  30   0   9   5   0   1   0   1   2   8  0.30 0.18
  104 S     1  -1   1   0  -2   1   1   1  -2  -2  -1   1   0  -3  -2   1   2  -3  -2  -2   11   0   5   4   0   6   8  11   0   0   8  13   2   0   0  11  16   0   0   1  0.15 0.11
  105 E     0   0   1   1  -3   0   4  -1  -2  -2  -1   0   1  -1  -2   0   0  -3  -2  -1    5   4   6   5   0   0  43   3   0   0   5   4   5   2   0   7   4   0   0   4  0.35 0.21
  106 I    -1  -3  -3   0  -2  -3  -3  -4   0   4   3  -3   1   0  -3  -2  -2  -3  -2   1    4   0   0   7   0   0   0   0   3  40  30   0   4   3   0   2   0   0   0   6  0.45 0.24
  107 I    -2   1   0  -2   1   1   1  -3   4   0   0   2  -1  -2  -2  -1   0  -3   0   0    0   6   4   0   4   7   9   0  15   4  10  19   0   0   0   0   5   0   3   9  0.19 0.17
  108 D    -1   1   1   3  -3   2   2  -1   2  -3  -1   0  -2  -2   1   1  -1  -3   0  -3    1   6   6  17   0  10  17   3   6   0   6   5   0   0   6  11   1   0   5   1  0.25 0.16
  109 S     0   0   0  -1   4   0   1   0  -2  -1  -3   0  -2  -3  -2   4   0  -3  -3  -2    6   3   4   0  10   5   9   6   0   6   1   4   0   0   0  41   4   0   0   0  0.35 0.26
  110 R    -2   3  -2  -2   1  -1  -1  -3   3  -3  -1   4   1  -3   0   0  -1  -4  -3  -3    0  18   0   0   4   0   3   0   8   0   8  41   3   0   4   6   2   0   0   0  0.54 0.30
  111 R     0   1   1   0  -3   1   2  -1  -1  -1  -1   2   2  -3  -2   0   0  -3  -2  -1   10  10   6   5   0   7  17   4   0   3   3  13   8   0   0   5   5   0   0   4  0.17 0.13
  112 R     0   1   1   0   1   3   1  -1   1  -3  -2   3  -1  -3  -2   0   0  -3  -2  -2    9   7   5   3   4  19   5   3   4   0   2  23   1   0   0   6   6   0   0   2  0.30 0.19
  113 L    -3  -4  -4   0  -3  -3  -4  -4  -4  -1   5  -4   0  -2  -4   0  -2  -3  -3   0    1   0   0   5   0   0   0   0   0   0  75   0   0   0   0  10   0   0   0   5  0.88 0.40
  114 E    -1   1   0   2   0   2   5  -3   1  -4  -2   0  -3  -4  -3  -2  -2  -4  -3  -3    3   6   3  12   3   8  49   0   3   0   4   4   0   0   0   0   0   0   0   0  0.70 0.32
  115 E     0   0   0   1   1   4   3  -2   2  -2  -2   0  -2  -3  -2   0   0  -3  -2  -1    5   3   5   8   3  22  25   1   6   2   2   3   0   0   0   4   6   0   0   4  0.36 0.21
  116 D    -1  -2   1   4  -4   3   3  -3   1  -2  -3   0  -3  -4  -2   1  -1  -4  -3  -3    6   0   7  28   0  15  20   0   3   4   1   4   0   0   0   8   2   0   0   0  0.52 0.26
  117 L    -3  -4  -4  -5   1  -3  -4  -5  -4   2   5  -4   3  -2  -4  -4  -3  -3  -3   1    1   0   0   0   4   0   0   0   0  10  67   0   8   0   0   0   0   0   0   6  0.90 0.36
  118 K    -2   4   0   0  -4   0   2  -2   1  -3  -3   3  -3  -2   0  -1  -2   0  -2  -1    1  29   4   4   0   2  14   3   3   0   1  22   0   2   5   3   0   1   0   4  0.45 0.24
  119 K     0   1   0   0  -3   2   1  -1   2  -1  -1   2  -1  -1  -2   0   1  -3  -2  -1    8   9   4   4   0  11   9   3   8   3   5  14   0   2   0   5   8   0   0   5  0.14 0.10
  120 Q    -2   2  -2  -2   1   5   2  -1   3  -4  -3   2  -2  -1  -3  -2   0  -3  -2  -3    1  11   0   0   4  34  11   3   9   0   1  14   0   3   0   0   7   0   0   0  0.59 0.31
  121 A     2   0   0   0  -2   0   0  -1  -2   0  -1   1  -1  -2   0   0   1  -3  -2   1   21   4   4   4   0   5   7   1   0   7   4  13   0   0   4   6   7   0   0  12  0.11 0.10
  122 A     2  -2  -1   0  -2   1   2  -1  -2  -2   1  -1   1  -2  -2   0   0  -1  -2  -1   23   1   2   5   0   6  21   4   0   1  14   1   4   0   1   8   3   1   0   4  0.18 0.15
  123 E    -1   1   1   2  -3   0   1  -2   0  -2  -1   1  -2   0  -2   0  -1   0   2  -2    4   7   7  17   0   3  12   2   2   1   7  11   0   3   1   7   1   1  12   2  0.18 0.13
  124 Y    -2  -2   5  -1  -1   0  -2  -2   2  -1  -1   0   1   0  -3   0   0  -2   3  -2    1   1  37   1   1   5   1   1   4   5   5   4   4   4   1   7   6   0  13   1  0.43 0.25
  125 R    -3   6   0  -3  -5   1  -2  -4  -2  -4  -2   3   2  -4  -4  -3  -3   5  -3  -4    0  54   3   0   0   4   0   0   0   0   4  17   6   0   0   0   0   9   0   0  1.09 0.44
  126 E     1  -1   1  -1  -3   1   4  -1  -2  -3  -1  -1  -2  -3  -3   0   2  -4  -1  -3   11   2   7   1   0   6  39   3   0   0   6   1   0   0   0   6  14   0   3   0  0.42 0.26
  127 I    -1  -2  -4  -4  -1  -3  -4  -2  -4   4   3  -3   1   0  -4  -3  -1  -3  -2   1    4   2   0   0   1   0   0   3   0  33  38   0   2   2   0   0   4   0   0   8  0.53 0.26
  128 D    -2  -2  -1   5  -5   1   5   0  -1  -4  -4  -2  -4  -5  -3  -1  -2  -5  -4  -4    2   0   0  38   0   4  41   8   1   0   0   0   0   0   0   4   0   0   0   0  0.97 0.38
  129 K    -3   6  -2   1  -5   0   0  -4  -2  -4  -3   2  -3  -4  -3   0  -1  -4  -4  -4    0  59   0   9   0   3   6   0   0   0   2  12   0   0   0   6   3   0   0   0  1.00 0.40
  130 R    -1   1  -1   0  -3   1   2  -3  -2   0   0   2   4  -2  -2   0  -1  -3  -2  -1    1   7   0   4   0   4  21   1   0   6   8  19  20   0   0   5   1   0   0   1  0.25 0.18
  131 N    -2  -1   5  -1  -3   1  -1  -2   2   0  -2   0   2  -2  -3  -1   1  -3   1  -2    1   0  48   1   0   6   1   1   5   6   1   5  10   0   0   1   9   0   6   1  0.52 0.26
  132 S     0   1   0  -1  -2   1   0  -1  -1  -1  -2   2  -1  -3   1   2   1  -3  -2  -1    5   8   3   1   0   9   4   4   0   4   1  23   0   0   6  21   6   0   0   5  0.21 0.12
  133 I    -1   1   0  -3  -2  -2  -2  -3  -2   1   4  -1   1  -1  -3  -2   0  -2  -2   0    3   8   5   1   0   0   1   1   0   7  55   4   2   0   1   1   7   0   0   4  0.31 0.16
  134 K    -2   2   1  -2  -4   1  -1  -2  -2  -3  -3   5  -2  -4   1  -1  -2  -3  -3  -3    1  11   5   1   0   7   1   1   0   1   1  61   0   0   8   1   1   0   0   1  0.75 0.27
  135 P     1   1  -2  -2  -3   0  -1  -2   2  -3  -2  -1  -2  -3   6   1  -1  -3  -2  -1   14   8   0   1   0   4   1   1   8   1   3   1   0   0  43  12   1   0   0   3  0.76 0.22
  136 D    -2  -1   1   3  -3   0   5  -3  -1  -2  -1   0  -2  -3  -2  -1  -2  -3  -3  -1    1   1   5  22   0   0  50   1   0   1   8   3   0   0   1   1   1   0   0   5  0.61 0.23
  137 L    -2  -2  -1  -2  -2  -2   0  -1  -2   3   3  -2   2  -1  -3  -2  -1  -2  -2   1    1   1   5   1   0   0   7   7   0  24  36   1   6   0   1   1   3   0   0   7  0.24 0.13
  138 I     0   1  -2  -2  -2   0  -1   0   0   1   1   1   3   0  -2  -1  -1  -2   0   0   10   8   0   1   0   3   1   7   4  13  12  10  19   2   1   1   1   0   3   6  0.10 0.10
  139 Q    -1   1   0   0  -3   4   0  -1  -1  -1   1   0  -1  -2  -2   0  -1  -3  -2   0    1   6   3   4   0  34   4   4   0   3  20   3   0   0   1   8   2   0   0   5  0.23 0.15
  140 L    -1   1   0  -3  -2  -1  -2  -3  -3   0   4  -2   0  -1  -3  -1  -2  -3  -2  -1    4  12   7   1   0   2   1   1   0   1  65   1   0   0   1   4   1   0   0   1  0.48 0.24
  141 R     0   3   0  -1  -1   1  -1   0   1  -2  -2   0  -2  -2  -2   1   0  -1   1   0    6  28   5   1   2   7   1   5   3   1   1   3   0   1   1  16   6   1   6   8  0.21 0.12
  142 K    -2   3   0  -2  -3   0   0  -3  -2  -1   0   5   1  -3  -2  -1  -1   1  -2  -2    1  18   5   1   0   0   4   1   0   3  10  47   4   0   1   1   1   2   0   1  0.48 0.22
  143 T    -1   2  -1  -2  -3   3   1  -3   0   1   0   0   0  -2  -2  -1   0   4  -2  -1    2  18   2   1   0  21  11   1   1  13   9   4   2   0   1   1   7   6   0   1  0.25 0.15
  144 R    -2   5  -1   2  -4   1   1  -3  -1  -3  -3   4  -2  -3  -2  -1  -2  -3  -3  -3    1  37   0  17   0   4   5   1   0   1   1  30   0   0   1   1   1   0   0   1  0.67 0.23
  145 D    -2  -2   0   5  -4   3   3   0  -2  -3  -3  -1  -3  -4  -2  -1  -1  -4  -3  -3    1   1   2  48   0  15  17   5   0   1   3   1   0   0   1   1   4   0   0   1  0.71 0.24
  146 Q    -2   1  -1  -1   0   5   1  -2   3  -3  -2   2  -2  -1  -2   0   1  -3  -2  -2    1   8   0   1   2  38   3   1   8   1   3  15   0   3   1   4  11   0   0   1  0.44 0.21
  147 Y    -2  -1  -2  -3   2  -2  -2  -3   4   0   1  -2  -1   3  -3  -1  -2   1   5  -2    1   3   0   1   7   0   1   1  15   4  14   1   0  11   1   5   1   2  33   1  0.50 0.20
  148 L    -1  -1  -2  -3  -2   0  -2  -3  -2   1   3  -1   3  -1  -2  -1   0  -2  -2   1    5   2   0   1   0   4   1   1   0   8  42   4  14   0   1   2   7   0   0   8  0.28 0.14
  149 W    -1  -1  -5  -5  -4  -3  -1  -4  -4  -4  -2  -1  -3   0  -5  -2  -4  11   0  -3    5   4   0   0   0   0   4   0   0   0   3   5   0   3   0   3   0  72   0   1  2.37 0.50
  150 L    -3  -3  -5  -5  -3   0  -4  -3  -4   0   5  -4   1   0  -4  -4  -3  -3  -2  -1    0   0   0   0   0   5   0   2   0   0  91   0   0   2   0   0   0   0   0   0  1.00 0.32
  151 T    -1  -1   2  -1  -2   1  -1  -2  -2   1   1   2   0  -2  -2   0   1  -3  -2   0    4   0  15   0   0   6   0   1   0   9  18  24   1   0   0   6  13   0   0   3  0.16 0.12
  152 Q    -2   3   0   0   0   4   2  -2   3  -4  -3   2  -2  -4  -2  -1  -1  -4  -2  -3    1  17   3   4   3  33  13   2  11   0   0  10   0   0   0   3   2   0   0   0  0.53 0.20
  153 K    -2   3   2  -1  -4   3   0  -3   4  -4  -3   4  -2  -1  -2  -1  -2  -3  -2  -3    0  14  13   0   0  14   3   0  12   0   0  39   0   4   0   0   0   0   0   0  0.57 0.21
  154 G    -1  -3  -2  -2  -4  -2   1   6  -3  -5  -5  -3  -4  -4  -3  -1  -3  -4  -4  -4    0   0   0   0   0   0  10  85   0   0   0   0   0   0   0   4   0   0   0   0  1.38 0.33
  155 V     0  -2  -3  -3  -2  -2  -2  -3  -3   3   1  -1   2   0  -3  -2   1  -3  -2   3    7   0   0   0   0   0   2   0   0  17  12   5   5   2   0   0   9   0   0  39  0.29 0.14
  156 R     0   4   0  -2  -3   1  -1  -2  -2  -3  -1   2  -2  -3  -2   2   1  -4  -3  -3    7  36   2   0   0   3   0   0   0   0   5  16   0   0   0  23   7   0   0   0  0.47 0.20
  157 Q    -1   0  -1   0  -4   6   1  -3   2  -4  -3   1   0  -3  -1  -2  -2  -3   1  -3    4   3   0   5   0  61   7   0   4   0   0   6   2   0   2   0   0   0   5   0  0.83 0.30
  158 K     0   1   1   2  -3   1   2  -1   0  -3  -3   3  -2  -4  -1   1   0  -4  -3  -3    6   6   8  12   0   3  13   3   2   0   0  26   0   0   2  15   4   0   0   0  0.33 0.12
  159 K    -1   3  -1   0  -4   2   1  -3   1  -4  -3   4  -2   0  -2  -1  -2  -3  -1  -3    5  19   0   5   0  13   8   0   4   0   0  38   0   4   0   2   0   0   2   0  0.48 0.19
  160 L    -2  -4  -4  -4  -2  -4  -4  -5  -4   6   2  -4   0  -1  -4  -3   0  -4  -3   2    0   0   0   0   0   0   0   0   0  68  23   0   0   0   0   0   4   0   0   5  0.86 0.27
  161 N    -2  -1   5   2  -4   0   0  -2   2  -4  -4   2  -2  -4  -3   1  -1  -4  -1  -4    0   0  47  12   0   3   4   0   6   0   0  13   1   0   0  12   0   0   2   0  0.65 0.22
  162 E    -1   1   2   3  -4   3   3  -2   1  -4  -3   2  -2  -3  -2  -1  -1  -4  -2  -3    3   6   9  20   0  17  23   0   3   0   0  14   0   1   0   2   2   0   0   1  0.47 0.16
  163 W    -3  -2  -4  -5  -1  -3  -4  -4  -3   2   2  -4   2   1  -4  -4  -3   9   1   1    0   2   0   0   1   0   0   0   0  11  28   0   6   3   0   0   0  36   4   8  1.08 0.26
  164 L    -2  -3  -4  -4  -2  -3  -2  -5  -4   2   5  -3   1  -1  -4  -2  -2  -3  -2   1    0   0   0   0   0   0   3   0   0  11  78   0   1   0   0   3   0   0   0   4  0.76 0.24
  165 G     0  -2  -1  -1  -3   1   3   5  -2  -3  -2  -1  -2  -3  -2  -1  -2  -3  -3  -3    5   0   0   0   0   5  30  54   0   0   7   0   0   0   0   0   0   0   0   0  0.63 0.14
  166 N    -1  -1   6   1  -3   0  -1  -1   0  -3  -4  -1  -2  -3  -2   1   1  -4  -2  -3    0   0  83   0   0   0   0   0   0   0   0   0   0   0   0  10   8   0   0   0  0.79 0.09

                      K         Lambda
Standard Ungapped    0.1302     0.3125
Standard Gapped      0.0388     0.2670
PSI Ungapped         0.1270     0.3058
PSI Gapped           0.0388     0.2670
