
Last position-specific scoring matrix computed, weighted observed percentages rounded down, information per position, and relative weight of gapless real matches to pseudocounts
            A   R   N   D   C   Q   E   G   H   I   L   K   M   F   P   S   T   W   Y   V   A   R   N   D   C   Q   E   G   H   I   L   K   M   F   P   S   T   W   Y   V
    1 P    -2  -3  -3  -3  -4  -2  -2  -3  -3  -4  -4  -2  -4  -5   8  -2  -2  -5  -4  -4    0   0   0   0   0   0   0   0   0   0   0   0   0   0 100   0   0   0   0   0  2.50 0.20
    2 S     0  -2   0  -2  -2  -2  -2  -2  -2  -3  -3  -2  -3  -4  -2   5   4  -4  -3  -2    0   0   3   0   0   0   0   0   0   1   1   0   0   0   1  67  28   0   0   0  0.84 0.21
    3 P    -1  -2  -2  -3  -3  -1  -2  -3   0  -2   0  -2  -2  -3   7   0   1  -4  -3  -1    1   1   1   0   0   2   0   0   3   0  13   0   0   0  55   8   9   0   0   5  1.03 0.17
    4 E    -2  -1  -1   3  -5   1   6  -3  -2  -4  -4   0  -3  -5  -3  -1  -2  -4  -4  -4    1   2   1  14   0   1  73   1   0   0   1   4   0   0   0   1   2   0   0   0  1.04 0.21
    5 E    -2  -2  -1   3  -5   0   7  -4  -2  -5  -5  -1  -4  -5  -3  -2  -3  -5  -4  -4    1   0   0  13   0   1  85   0   0   0   0   0   0   0   0   0   0   0   0   0  1.37 0.26
    6 A     4  -2  -3  -3   2  -2  -2  -2  -3   0  -2  -2  -1  -3  -1   0   2  -4  -3   3   53   1   0   0   5   0   0   0   0   2   0   0   1   0   1   0  13   0   0  25  0.48 0.16
    7 Q    -1  -1  -1  -3  -2   0  -2  -3  -3   1   3   0   3   0  -3  -1   0  -1  -2   1    4   1   4   0   0   5   0   0   0   3  38   6  14   2   0   3   6   1   0  13  0.22 0.09
    8 L     0   2  -1  -2  -1   3   0   0  -1  -2  -1   3   0  -3  -2   0   0  -3  -2  -1   10  11   0   0   2  25   3   7   0   2   6  22   2   1   0   2   4   0   0   3  0.26 0.09
    9 W    -5  -5  -6  -7  -1  -4  -5  -5  -5  -5  -4  -5  -4  -1  -6  -4  -5  12   0  -5    0   0   0   0   2   0   0   0   0   0   0   0   0   0   0   1   0  97   0   0  3.91 0.44
   10 S     1   3  -1  -2  -2  -1  -1   3  -2  -3  -3   1  -1  -2  -2   2   0  -3  -3  -3   14  21   0   0   0   1   0  24   0   0   0  10   1   1   0  25   2   0   0   0  0.38 0.11
   11 E    -2  -1  -1   3  -5   3   6  -3  -1  -4  -4   0  -3  -5  -3  -1  -2  -4  -3  -3    1   1   1  15   0  12  68   0   1   0   0   1   0   0   0   0   0   0   0   1  1.03 0.21
   12 A     0  -2   1  -2  -2  -2  -2  -1  -2  -4  -4  -2  -3  -4  -2   6   1  -4  -3  -3    3   0   6   0   0   0   0   2   0   0   0   0   0   0   0  86   3   0   0   0  1.03 0.25
   13 F    -3  -4  -4  -5  -3  -4  -4  -5  -3   0   4  -4   3   6  -4  -4  -3  -1   0   0    0   0   0   0   0   0   0   0   0   0  44   0   8  45   0   0   0   0   0   4  0.85 0.18
   14 D    -3  -2   0   7  -5  -1   4  -3  -2  -5  -5  -2  -4  -5  -3  -2  -2  -5  -4  -3    0   1   0  69   0   0  28   0   0   0   0   0   0   0   0   0   0   0   0   1  1.29 0.22
   15 E    -1   2   0  -1  -3   1   1  -2   1  -2  -1   4  -2  -3  -2   0   1  -4  -2  -1    1   7   4   2   0   3   6   0   3   2   5  47   0   0   0   4  13   0   0   3  0.37 0.12
   16 L    -3  -4  -5  -5  -3  -4  -4  -5  -4   1   5  -4   1  -1  -4  -4  -2  -3  -2   1    0   0   0   0   0   0   0   0   0   1  92   0   0   0   0   0   0   0   0   7  1.03 0.21
   17 L    -3  -4  -5  -5  -3  -4  -4  -5  -4   1   6  -4   1  -1  -4  -4  -3  -3  -3  -1    0   0   0   0   0   0   0   0   0   1  99   0   0   0   0   0   0   0   0   0  1.17 0.23
   18 A     2  -1   1  -1  -1   2   0   0   0  -3  -1   0  -2  -3  -2   3   1  -3  -2  -2   21   1   5   1   0  11   2   4   2   0   5   3   0   0   0  38   7   0   0   1  0.30 0.11
   19 S    -2  -2   4  -1  -4   1  -1  -2   7  -4  -4  -2  -3  -3  -3   3  -1  -4  -1  -4    0   0  31   0   0   5   1   0  35   0   0   0   0   0   0  26   1   0   1   0  0.87 0.19
   20 K    -2   2   1  -1  -4   2   0  -3  -2  -4  -4   6  -3  -4  -1   0  -2  -4  -3  -4    1   8   7   1   0   8   2   0   0   0   0  65   0   0   3   6   0   0   0   0  0.76 0.18
   21 Y     0  -2   1   2   1  -2  -1  -2   2  -3  -3  -2  -3   0  -3  -1  -2  -1   6  -3   11   1   8  17   4   1   1   1   6   0   0   1   0   0   0   1   0   0  48   0  0.66 0.17
   22 G    -1  -4  -2  -2  -4  -3  -4   7  -4  -5  -5  -2  -4  -5  -4  -2  -3  -4  -5  -5    1   0   0   1   0   0   0  97   0   0   0   1   0   0   0   0   0   0   0   0  1.73 0.25
   23 L    -2  -2  -4  -4   0  -1  -3  -4  -4   1   4  -1   2  -1  -4  -3  -2  -3  -2   2    0   2   0   0   1   2   0   0   0   2  68   3   3   1   0   0   1   0   0  16  0.57 0.14
   24 A     4  -2  -1   2   0  -1   1  -1  -2  -1  -2  -1  -2  -3  -2   0   0   0  -1  -1   54   0   2  15   2   0  10   0   0   3   2   1   1   0   0   1   4   1   2   1  0.37 0.13
   25 A     5  -2  -2  -3  -2  -2  -2  -1  -3  -1  -2  -2  -1  -3  -2   1   2  -4  -3   0   67   1   0   0   0   0   0   0   0   2   1   0   2   0   0   9  13   0   0   5  0.60 0.17
   26 F    -4  -5  -5  -5  -4  -5  -5  -5  -3  -2  -1  -5  -2   9  -6  -4  -4  -1   1  -2    0   0   0   0   0   0   0   0   0   0   0   0   0  99   0   0   0   0   0   1  1.98 0.30
   27 R    -2   5  -1  -2  -2   1  -1  -3   3  -3  -3   2  -2  -4  -3  -1   2  -4  -2  -3    1  51   0   0   1   4   0   0  11   0   0  10   1   0   0   3  17   0   0   1  0.70 0.16
   28 A     3   2   0  -2  -2  -1  -1  -1  -2   0  -2   0  -2  -3  -2   2   2  -4  -3  -1   38  13   3   0   0   0   0   2   0   6   0   5   0   0   0  14  18   0   0   2  0.30 0.11
   29 F    -4  -5  -5  -5  -4  -5  -5  -5  -3  -2  -1  -5  -2   9  -6  -4  -4  -1   2  -3    0   0   0   0   0   0   0   0   0   0   0   0   0  99   0   0   0   0   1   0  2.00 0.31
   30 L    -3  -4  -5  -5  -3  -4  -4  -5  -4   0   6  -4   1  -1  -4  -4  -3  -3  -3  -1    0   0   0   0   0   0   0   0   0   0 100   0   0   0   0   0   0   0   0   0  1.20 0.23
   31 K    -2   3  -2  -2  -4   2  -1  -3   0  -3  -3   6  -1  -4  -3  -2  -2  -4  -3  -2    0  13   0   0   0   6   0   0   2   1   0  73   1   0   0   0   0   0   0   4  0.92 0.20
   32 S     0  -2  -1  -2  -2  -2  -2  -2  -3  -3  -3  -2  -2  -4  -2   5   4  -4  -3  -2    1   0   1   0   0   0   0   0   0   0   1   0   0   0   0  59  38   0   0   0  0.86 0.22
   33 E    -3  -2  -2   0  -6   1   7  -4  -2  -5  -5  -1  -4  -5  -3  -2  -3  -5  -4  -4    0   0   0   0   0   2  98   0   0   0   0   0   0   0   0   0   0   0   0   0  1.62 0.29
   34 F    -4  -5  -5  -5  -4  -5  -5  -5  -3  -2  -1  -5  -2   8  -5  -4  -4  -1   3  -3    0   0   0   0   0   0   0   0   0   0   0   0   0  93   0   0   0   0   7   0  1.87 0.29
   35 S    -1  -3   0  -2   4  -2  -2  -2  -3  -4  -4  -2  -3  -4  -3   6   0  -4  -3  -3    0   0   2   0   9   0   0   0   0   0   0   0   0   0   0  89   0   0   0   0  1.14 0.26
   36 E    -2  -2  -1   3  -5   1   6  -4  -2  -5  -5  -1  -4  -5  -3  -1  -2  -5  -4  -4    0   0   0  15   0   2  83   0   0   0   0   0   0   0   0   1   0   0   0   0  1.31 0.24
   37 E    -3  -2  -2   0  -6   0   7  -4  -2  -5  -5  -1  -4  -5  -3  -2  -3  -5  -4  -4    0   0   0   0   0   0 100   0   0   0   0   0   0   0   0   0   0   0   0   0  1.66 0.30
   38 N    -3  -2   8   0  -5  -2  -2  -2  -1  -5  -5  -1  -4  -5  -4  -1  -2  -6  -4  -5    0   0  98   0   0   0   0   0   0   0   0   2   0   0   0   0   0   0   0   0  1.84 0.31
   39 I    -2  -4  -4  -5  -2  -4  -4  -5  -4   5   3  -4   0   0  -4  -3  -2  -3  -2   2    1   0   0   0   0   0   0   0   0  55  33   0   0   1   0   0   0   0   0   9  0.74 0.16
   40 E     0  -2  -2   2  -5   0   6  -3  -2  -5  -4  -1  -4  -5  -3  -2  -2  -5  -4  -4    6   0   0  11   0   0  82   0   0   0   1   0   0   0   0   0   0   0   0   0  1.22 0.24
   41 F    -4  -5  -5  -5  -4  -5  -5  -5  -3  -2  -1  -5  -2   9  -6  -4  -4  -1   1  -3    0   0   0   0   0   0   0   0   0   0   1   0   0  99   0   0   0   0   0   0  1.99 0.30
   42 W    -5  -5  -6  -7  -5  -4  -5  -5  -4  -5  -4  -5  -4  -1  -6  -5  -5  12   3  -5    0   0   0   0   0   0   0   0   0   0   0   0   0   0   0   0   0  94   6   0  3.73 0.42
   43 L    -2  -3  -4  -4  -2  -3  -3  -4  -4   3   4  -2   3   0  -4  -3  -1  -3  -2   1    1   0   0   0   0   0   1   0   0  16  57   2  12   3   0   1   2   0   0   6  0.55 0.13
   44 A     6  -3  -3  -3  -2  -2  -2  -1  -3  -2  -3  -2  -2  -4  -2   0   0  -4  -3  -2   94   0   0   0   0   0   0   0   0   1   0   0   0   0   0   2   3   0   0   0  1.08 0.24
   45 C    -2  -6  -5  -6  11  -5  -6  -5  -5  -3  -3  -5  -4  -5  -5  -3  -3  -5  -5  -3    0   0   0   0 100   0   0   0   0   0   0   0   0   0   0   0   0   0   0   0  3.01 0.38
   46 E    -3  -2  -2   0  -6   1   7  -4  -2  -5  -5  -1  -4  -5  -3  -2  -3  -5  -4  -4    0   0   0   0   0   1  98   0   0   0   0   1   0   0   0   0   0   0   0   0  1.61 0.29
   47 D    -3  -3   1   7  -5  -1   3  -3  -2  -5  -5  -2  -4  -5  -3  -2  -2  -6  -4  -5    0   0   3  74   0   0  23   0   0   0   0   0   0   0   0   0   0   0   0   0  1.38 0.23
   48 F    -4  -4  -4  -5  -4  -4  -4  -5  -1  -2  -2  -4  -2   7  -5  -4  -4   0   7  -3    0   0   0   0   0   0   0   0   0   0   0   0   0  54   0   0   0   0  46   0  1.59 0.26
   49 K    -2   2  -2  -2  -5   0  -1  -3  -2  -4  -4   7  -3  -5  -3  -2  -2  -5  -4  -4    0   4   0   0   0   0   0   0   0   0   0  96   0   0   0   0   0   0   0   0  1.42 0.27
   50 S     0  -1   0  -2   0  -1  -1  -2  -2  -4  -4   3  -3  -4  -2   5   0  -4  -3  -3    1   0   2   0   2   0   0   0   0   0   0  23   0   0   0  72   0   0   0   0  0.83 0.22
   51 P     2  -2  -2  -2  -3   1  -1  -2  -3  -3  -2  -1  -2  -4   6   2   1  -4  -3  -2   17   1   0   0   0   7   0   0   0   0   3   2   0   0  41  20   8   0   0   0  0.81 0.15
   52 Q     1   0  -1  -1  -2   2   1  -1   1  -1  -2   0   0  -1  -2   1   1  -3  -2   0   17   2   0   0   0  15   9   3   6   2   2   3   3   3   0  16  12   0   0   6  0.16 0.07
   53 K    -2   2  -1  -2  -5   2   1  -3  -1  -4  -4   6  -3  -5  -3  -2  -2  -4  -3  -4    0   5   1   0   0  10   5   0   1   0   0  79   0   0   0   0   0   0   0   0  1.08 0.22
   54 L    -2  -2  -4  -5  -3  -3  -4  -5  -4   3   4  -3   5  -1  -4  -3  -2  -3  -2   0    0   2   0   0   0   0   0   0   0  21  47   0  28   0   0   0   0   0   0   1  0.73 0.17
   55 S     4  -1  -2  -2  -2  -1  -2  -1  -2   0  -1  -2   0  -2  -2   1   1  -3  -2   1   50   2   1   1   0   1   0   1   0   7   5   0   1   2   1  12   8   0   0   9  0.30 0.11
   56 S     1  -1  -1  -1  -2  -1   1  -1  -1  -2  -1  -1  -1  -3   0   4   1  -1  -3  -2    9   1   0   2   0   1   9   1   1   0   9   0   1   0   5  53   6   1   0   1  0.36 0.13
   57 K    -2   3  -1  -2  -5   0  -1  -3  -2  -4  -4   6  -1  -5  -3  -1  -1  -4  -3  -4    0  16   1   0   0   1   0   0   0   0   0  79   1   0   0   1   1   0   0   0  1.10 0.23
   58 A     6  -3  -3  -3  -2  -2  -2  -1  -3  -3  -3  -2  -3  -4  -2   0  -2  -4  -3  -2  100   0   0   0   0   0   0   0   0   0   0   0   0   0   0   0   0   0   0   0  1.24 0.26
   59 R    -1   2   1  -2  -4   2   0  -3   3  -4  -3   5  -2  -4  -3  -1  -2  -4  -2  -4    2  10   7   0   0  11   0   0   8   0   0  60   0   0   0   0   1   0   0   0  0.75 0.18
   60 K     0   3  -1  -2  -2   1   0  -3  -1  -3  -3   5   1  -4  -2   0   0  -4  -3  -2    8  16   0   0   1   3   3   0   1   0   0  53   7   0   0   3   5   0   0   1  0.55 0.15
   61 I    -3  -5  -5  -5  -3  -4  -5  -6  -5   7   0  -4   0  -2  -4  -4  -2  -4  -3   1    0   0   0   0   0   0   0   0   0  96   1   0   1   0   0   0   0   0   0   2  1.34 0.26
   62 Y    -4  -4  -4  -5  -4  -4  -4  -5   0  -3  -2  -4  -2   5  -5  -4  -4   0   8  -3    0   0   0   0   0   0   0   0   0   0   0   0   0  26   0   0   0   0  74   0  1.78 0.28
   63 T     1  -1   1   2  -3   0   5  -2  -1  -3  -3   1  -2  -4  -2   1   0  -4  -3  -3   10   0   5  10   0   1  49   0   0   2   1   6   1   0   0  13   3   0   0   0  0.53 0.13
   64 D    -2   0  -1   3  -5   1   6  -3  -1  -4  -4   1  -2  -4  -2  -1   0  -4  -3  -3    0   2   0  13   0   3  64   0   1   1   0  10   1   0   0   0   5   0   0   1  0.87 0.18
   65 F    -4  -4  -5  -5  -4  -5  -5  -5  -2  -2  -1  -5  -2   8  -5  -4  -4   0   4  -3    0   0   0   0   0   0   0   0   0   0   0   0   0  88   0   0   0   0  12   0  1.79 0.28
   66 I    -3  -5  -5  -5  -3  -4  -5  -5  -5   7   0  -4   0  -1  -4  -4  -2  -4  -3   2    0   0   0   0   0   0   0   0   0  91   1   0   0   1   0   0   0   0   0   7  1.24 0.24
   67 E     0   2  -1   1   0   5   3  -1  -1  -3  -3   1  -2  -4  -2   0  -1  -4  -3  -2    7  10   0   6   3  37  22   4   0   1   0   6   0   0   0   3   1   0   0   1  0.49 0.13
   68 K     2  -1   1  -2   0  -1  -1  -2  -2   0  -2   1  -1  -2  -1   2   2  -3  -2   0   19   1   9   0   2   1   0   0   0   9   0  11   1   1   2  20  18   0   0   7  0.19 0.08
   69 E    -2  -2  -1   5  -5   3   5  -2  -1  -4  -4  -1  -3  -5  -3  -1  -1  -4  -4  -4    0   0   0  38   0  17  41   2   1   0   0   0   0   0   0   0   2   0   0   0  0.93 0.18
   70 A     6  -3  -2  -3  -2  -2  -2   0  -3  -3  -3  -2  -2  -4  -2   2  -1  -4  -3  -2   82   0   0   0   0   0   0   5   0   0   0   0   0   0   0  13   0   0   0   0  0.91 0.21
   71 P    -2  -4  -3  -3   3  -3  -3  -4  -4  -4  -4  -3  -4  -5   8  -2  -2  -5  -5  -4    1   0   1   0   7   0   0   0   0   0   1   0   0   0  88   0   2   0   0   0  2.27 0.29
   72 K    -2   4  -1  -2  -5   2   0  -3  -2  -4  -4   6  -2  -4  -3  -2  -2  -4  -3  -4    0  20   0   0   0   8   1   0   0   0   0  69   1   0   0   0   0   0   0   0  1.01 0.21
   73 E    -3  -2  -2   0  -6   0   7  -4  -2  -5  -5  -1  -4  -5  -3  -2  -3  -5  -4  -4    0   0   0   0   0   0 100   0   0   0   0   0   0   0   0   0   0   0   0   0  1.66 0.30
   74 I    -2  -4  -4  -5  -2  -4  -4  -5  -5   4   0  -4   0  -2  -4  -3  -2  -4  -3   5    0   0   0   0   0   0   0   0   0  32   0   0   0   0   0   0   0   0   0  68  0.95 0.20
   75 N    -3  -2   8   0  -5  -2  -2  -2  -1  -5  -5  -2  -4  -5  -4  -1  -2  -6  -4  -5    0   0 100   0   0   0   0   0   0   0   0   0   0   0   0   0   0   0   0   0  1.90 0.32
   76 I    -3  -4  -5  -5  -3  -4  -4  -5  -4   6   3  -4   0  -1  -4  -4  -2  -4  -3   1    0   0   0   0   0   0   0   0   0  64  35   0   0   0   0   0   0   0   0   1  0.89 0.19
   77 D    -4  -3   0   8  -5  -2   0  -3  -3  -5  -6  -2  -5  -5  -3  -2  -3  -6  -5  -5    0   0   0 100   0   0   0   0   0   0   0   0   0   0   0   0   0   0   0   0  1.94 0.30
   78 F    -3  -3  -2  -3  -4  -2  -3  -4   7  -3  -2  -3  -2   6  -4   0  -3  -1   3  -3    0   0   0   0   0   0   0   0  36   0   0   0   0  44   0  11   0   0   9   0  1.05 0.21
   79 Q    -2   0   0  -1   0   2   2  -3   5  -3  -2  -1  -2   3  -3   0  -2  -2   3  -3    1   3   3   0   3  14  17   0  23   0   1   2   0  15   0   8   1   0  10   1  0.38 0.11
   80 T    -2  -3  -2  -3  -3  -2  -3  -3  -4  -3  -3  -2  -2  -4  -3   0   7  -4  -3  -2    0   0   0   0   0   0   0   0   0   0   0   0   0   0   0   0 100   0   0   0  1.52 0.30
   81 K    -3   6  -2  -3  -5   0  -1  -3  -2  -4  -4   5  -3  -5  -3  -2  -2  -4  -3  -4    0  53   0   0   0   0   0   0   0   0   0  47   0   0   0   0   0   0   0   0  1.18 0.22
   82 T    -1  -2   1   4  -5   0   5  -2  -2  -3  -4  -1  -3  -4  -3  -1  -1  -5  -4  -4    2   0   8  31   0   0  52   2   0   2   0   0   0   0   0   1   2   0   0   0  0.87 0.18
   83 L     0  -2  -2  -2  -2  -1  -1  -3   3   2   2  -2   1  -1  -3  -2   0  -3  -1   2    6   1   1   1   0   2   3   0  11  20  24   2   2   1   0   0   5   0   0  21  0.20 0.08
   84 I    -2  -3  -2  -3  -2  -3  -3  -4  -4   5  -1  -3  -1  -2  -3  -1   5  -4  -3   0    0   0   0   0   0   0   0   0   0  44   1   0   0   0   0   0  56   0   0   0  0.84 0.22
   85 A     1   2  -1  -2  -2   0  -1  -2  -2  -1   0   2   2  -2  -2   2   1  -3  -2   0   11  11   1   0   0   2   1   0   0   3   6  23  11   0   0  20   6   0   0   4  0.20 0.08
   86 Q    -1   3   0  -2  -4   4   1  -2  -1  -4  -3   4  -2  -3  -2  -1   0  -4  -3  -3    4  15   3   0   0  33   3   0   0   0   0  33   1   1   0   2   4   0   0   0  0.60 0.15
   87 N    -2  -1   7   0  -4  -1  -2  -2  -1  -4  -5  -1  -3  -4  -3   2   0  -5  -4  -3    1   1  73   1   0   1   0   0   0   0   0   1   0   0   0  18   3   0   0   1  1.15 0.23
   88 A     0  -4  -4  -3  -4  -3  -3  -4  -4   1  -1  -3  -1  -4   7  -2  -2  -5  -4  -1    9   0   0   0   0   0   0   0   0  11   5   0   1   0  69   0   0   0   0   4  1.50 0.22
   89 T    -1  -2  -1  -2  -2  -2  -2  -3  -3  -2  -3  -2  -2  -4  -2   3   6  -4  -3  -1    0   0   1   0   0   0   1   0   0   1   1   0   1   0   0  28  67   0   0   1  0.92 0.22
   90 S     0   1  -2  -3  -2  -1  -2  -3   0   0   2  -1   0  -1   3   0   0  -3  -1   0   10  11   0   0   0   3   0   0   3   6  32   1   1   0  16   5   7   0   2   3  0.21 0.07
   91 G     0   0   0  -1  -2   0  -1   0   3  -3  -3   1  -1  -3  -2   3   2  -4  -2  -2    3   2   3   0   0   3   0   6  11   0   0   7   2   0   0  40  18   0   0   2  0.35 0.12
   92 C    -1  -4  -3  -4   9  -3  -4  -3  -4  -3  -3  -3  -3  -4  -4   3   1  -4  -4  -2    1   0   0   0  62   0   0   0   0   0   0   0   0   0   0  28   9   0   0   0  1.52 0.26
   93 F    -4  -5  -5  -5  -4  -5  -5  -5  -3  -2   0  -5  -2   8  -6  -4  -4  -1   1  -3    0   0   0   0   0   0   0   0   0   0   3   0   0  97   0   0   0   0   0   0  1.92 0.30
   94 T    -3  -3   2   7  -3  -2   1  -3  -1  -4  -3  -2  -4  -5  -3  -1  -1  -5  -4  -4    1   0   7  79   0   0   4   0   1   0   2   0   0   0   0   3   2   0   0   0  1.26 0.22
   95 T     2  -2  -2   0  -2   0   2  -2  -2   0   1  -1   0  -2  -1   0   0  -3  -2   1   22   0   0   5   0   4  20   1   0   1  21   0   2   0   1   5   3   0   0  14  0.14 0.07
   96 A     6  -3  -3  -3  -2  -2  -2  -1  -3  -3  -3  -2  -2  -4  -2   0  -2  -4  -3   0   96   0   0   0   0   0   0   0   0   0   0   0   0   0   0   0   0   0   0   4  1.13 0.25
   97 Q    -3  -1  -2  -2  -5   8   0  -4  -1  -5  -4  -1  -2  -5  -3  -2  -3  -4  -3  -4    0   0   0   0   0  99   1   0   0   0   0   0   0   0   0   0   0   0   0   0  1.86 0.34
   98 K     0   2   1  -2  -3   0  -1   1   1  -4  -3   4  -2  -4  -2   1  -1  -4  -2  -3    6  11   5   0   0   2   0  12   3   0   0  43   0   0   0  16   1   0   1   0  0.43 0.12
   99 R    -2   5  -2  -3  -4   0  -1  -3  -2  -1   0   4  -1  -3  -3  -1  -1  -4  -3  -2    0  46   0   0   0   0   0   0   0   5  10  31   1   0   0   1   4   0   0   1  0.64 0.16
  100 V    -1  -4  -4  -4  -2  -4  -4  -5  -4   5   0  -4   0  -2  -4  -3   1  -4  -3   4    1   0   0   0   0   0   0   0   0  48   0   0   0   0   0   0   7   0   0  43  0.76 0.17
  101 Y    -3   1  -3  -4  -1  -3  -3  -5   3  -3  -2  -3  -2   3  -5  -3  -3   1   8  -3    0  10   0   0   1   0   0   0   8   0   1   0   0   9   0   0   0   1  70   0  1.37 0.25
  102 S     1   0   1  -1  -1   1  -1   2  -2  -2  -2  -1   0  -3  -2   3   1  -3  -3  -2   14   6   7   0   1  10   0  15   0   2   1   0   3   0   0  28  12   0   0   1  0.26 0.09
  103 L    -3  -4  -5  -5  -3  -4  -4  -5  -4   0   6  -4   1  -1  -4  -4  -3  -3  -3  -1    0   0   0   0   0   0   0   0   0   0 100   0   0   0   0   0   0   0   0   0  1.20 0.23
  104 M    -3  -4  -4  -5  -4  -3  -4  -5  -4  -1   0  -4  10  -2  -5  -4  -3  -4  -3  -1    0   0   0   0   0   0   0   0   0   0   0   0 100   0   0   0   0   0   0   0  2.16 0.38
  105 E     1  -2  -2   0  -4   0   6  -3  -2  -4  -4   0  -3  -5  -3  -1  -2  -4  -4  -3   17   0   0   0   0   0  81   0   0   0   0   1   0   0   0   0   0   0   0   1  1.15 0.24
  106 N    -2   2   2  -2  -4   3   0  -3  -1  -4  -4   6  -3  -5  -3  -1  -2  -4  -3  -4    0   6  13   0   0  14   0   0   1   0   0  66   0   0   0   0   0   0   0   0  0.89 0.20
  107 D    -3  -3   3   7  -5  -2   0  -3  -2  -5  -5  -2  -5  -5  -3  -2  -3  -6  -5  -5    0   0  12  88   0   0   0   0   0   0   0   0   0   0   0   0   0   0   0   0  1.64 0.26
  108 S     0  -3  -1  -2   3  -2  -2  -2  -3  -4  -4  -2  -3  -4  -1   6   0  -4  -3  -3    2   0   0   0   7   0   0   0   0   0   0   0   0   0   3  87   1   0   0   0  1.05 0.25
  109 Y    -3  -4  -4  -5  -4  -3  -4  -5   0  -2   0  -4  -2   4  -5  -4  -3   0   8  -2    0   0   0   0   0   0   0   0   0   0  11   0   0  18   0   0   0   0  71   0  1.50 0.26
  110 P    -2  -2  -3  -3  -4  -2  -3  -1  -4  -4  -4  -2  -3  -5   8  -2   1  -5  -4  -4    2   1   0   0   0   1   0   4   0   0   1   2   0   0  79   0  10   0   0   0  1.87 0.25
  111 R    -3   8  -2  -3  -5   0  -2  -4   0  -5  -4   1  -3  -5  -4  -3  -3  -5  -3  -4    0  98   0   0   0   1   0   0   2   0   0   0   0   0   0   0   0   0   0   0  1.75 0.29
  112 F    -4  -5  -5  -6  -4  -5  -5  -5  -3  -2  -1  -5  -2   9  -6  -4  -4  -1   1  -3    0   0   0   0   0   0   0   0   0   0   0   0   0 100   0   0   0   0   0   0  2.04 0.31
  113 L    -3  -4  -5  -5  -3  -4  -4  -5  -4   2   5  -4   1  -1  -4  -4  -2  -3  -2   1    0   0   0   0   0   0   0   0   0   6  85   0   0   0   0   0   0   0   0   9  0.93 0.19
  114 K    -2   6  -1  -2  -4   1   0  -3   2  -4  -4   4  -3  -4  -3  -1  -2  -4  -3  -4    2  50   0   0   0   6   3   0   5   0   0  34   0   0   0   1   0   0   0   0  0.90 0.18
  115 S     0  -3  -1  -2  -3  -2  -2  -2  -3  -4  -4  -2  -3  -4  -3   6   0  -5  -3  -3    0   0   0   0   0   0   0   0   0   0   0   0   0   0   0 100   0   0   0   0  1.34 0.29
  116 E     0  -1   0   4  -4   0   4  -2  -1  -4  -4   1  -3  -3   2  -1  -1  -4  -3  -3    7   1   3  24   0   0  43   0   1   0   0   7   0   1  10   2   1   0   0   0  0.63 0.14
  117 F     1  -3  -3  -3  -2  -1  -2  -3  -2   3   2  -2   2   3  -3  -1  -1  -2   0   1   14   0   0   0   0   4   1   0   1  27  18   0   6  18   0   3   1   0   2   5  0.24 0.08
  118 Y    -4  -4  -4  -5  -5  -4  -4  -5   0  -3  -3  -4  -3   1  -5  -4  -4   0   9  -3    0   0   0   0   0   0   0   0   0   0   0   0   0   1   0   0   0   0  99   0  2.32 0.36
  119 Q    -2   3  -2  -2  -3   4   0  -3  -2  -1   2   3   0  -3  -3  -1  -1  -3  -2  -2    0  16   0   0   0  29   0   0   0   1  28  22   1   0   0   1   2   0   0   0  0.44 0.14
  120 D    -2  -2   2   5  -4   0   4  -2   0  -4  -4   1  -4  -4  -3   0  -1  -5  -3  -4    0   0   7  46   0   0  30   2   2   0   0   8   0   0   0   3   3   0   0   0  0.81 0.16
  121 L    -3  -4  -5  -5  -3  -4  -4  -5  -4   1   5  -4   2   0  -4  -4  -3  -3  -2   0    0   0   0   0   0   0   0   0   0   4  91   0   2   2   0   0   0   0   0   0  1.04 0.21
  122 C    -2  -4  -4  -4   4  -3  -4  -4  -4   4   2  -3   0  -1  -4  -3   0  -3  -2   3    0   0   0   0  12   0   0   0   0  31  26   0   0   0   0   0   4   0   0  28  0.52 0.12

                      K         Lambda
Standard Ungapped    0.1303     0.3168
Standard Gapped      0.0599     0.2670
PSI Ungapped         0.1948     0.3135
PSI Gapped           0.0599     0.2670
