
Last position-specific scoring matrix computed, weighted observed percentages rounded down, information per position, and relative weight of gapless real matches to pseudocounts
            A   R   N   D   C   Q   E   G   H   I   L   K   M   F   P   S   T   W   Y   V   A   R   N   D   C   Q   E   G   H   I   L   K   M   F   P   S   T   W   Y   V
    1 S     1  -1   0  -1  -1  -1  -1  -1  -2  -3  -3  -1  -2  -3  -1   5   2  -3  -2  -2    9   0   0   0   0   0   0   0   0   0   0   0   0   0   0  84   7   0   0   0  0.58 0.09
    2 H    -3  -3   1  -4  -4  -2  -3  -2   4  -1   0  -3   9  -2  -4  -3   0  -4  -3  -2    0   0   9   0   0   1   0   3  10   0   1   0  71   0   0   0   5   0   0   0  1.30 0.38
    3 S     3  -3   1   0  -2  -2  -2   1  -3  -3  -4  -2  -3  -4  -2   4   0  -4  -3  -1   24   0   5   4   0   0   0   8   0   0   0   1   0   0   0  50   4   0   0   4  0.59 0.26
    4 T     1  -1   4  -2  -3  -2  -2  -2  -2  -4  -4  -1  -3  -4  -1   4   3  -5  -2  -3   10   4  25   0   0   0   1   0   0   0   1   1   0   0   2  33  22   0   1   0  0.64 0.33
    5 G     1  -1   0  -2  -2  -1  -1   2  -1  -2  -3  -1  -3  -2   0   3   3  -4  -3   0   13   3   4   0   1   1   2  18   1   1   1   1   0   1   3  26  19   0   0   6  0.33 0.21
    6 D    -1  -2   4   5  -4   0   2  -1  -2  -4  -3  -2  -4  -5  -1   1   0  -5  -4  -3    5   1  25  31   0   3  14   4   0   0   2   0   0   0   2   8   4   0   0   1  0.65 0.30
    7 F    -2  -4   2  -3  -1  -3  -4  -4  -2   0   0  -3  -1   6  -2   2  -1  -2   2  -2    2   0  12   0   1   0   0   0   0   4  10   0   1  39   2  17   3   0   8   0  0.63 0.32
    8 L    -3  -1  -4  -4  -4  -3   0  -5  -4   1   5   0   2  -2  -5  -4  -1  -4  -1   0    0   4   0   0   0   0   7   0   0   6  65   5   4   0   0   0   3   0   2   3  0.74 0.35
    9 T    -1   0   0   3  -3   3   2   1  -2  -4  -4   0  -3  -4   0   1   0  -4  -4  -2    5   5   3  20   0  20  11   9   0   0   1   3   0   0   4   8   7   0   0   3  0.39 0.23
   10 K     1   3  -2  -2  -5   2  -2  -4   0  -5  -4   6  -4  -5  -3  -2  -1  -5  -4  -4   11  18   1   2   0   8   0   0   2   0   1  53   0   0   1   1   2   0   0   0  0.97 0.44
   11 G     6  -5  -4  -5  -4  -4  -4   2  -5  -5  -5  -4  -4  -6  -4  -1  -2  -6  -5  -4   83   0   0   0   0   0   0  14   0   0   0   0   0   0   0   2   1   0   0   0  1.58 0.64
   12 I    -1  -4  -5  -5  -1  -4  -5  -4  -5   6   0  -3  -1  -2  -5  -2   1  -5  -1   3    6   0   0   0   1   0   0   1   0  55   4   2   0   1   0   2   8   0   2  18  0.92 0.42
   13 E     1  -2   0   3  -4   1   4  -2  -2  -4  -4   0  -2  -5  -3   1   2  -5  -3  -4   15   0   4  16   0   4  31   2   1   0   1   4   1   0   0   9  12   0   1   0  0.52 0.31
   14 L    -3  -3  -4  -5  -3  -1  -2  -5  -1   3   4  -4   1  -1  -5  -3   0  -4   0   2    0   1   0   0   0   3   2   0   1  21  43   0   3   1   0   0   7   0   4  13  0.61 0.31
   15 V     2  -5  -5  -5  -3  -4  -5  -5  -5   2   2  -4  -1  -1  -5  -2  -2  -5  -3   5   16   0   0   0   0   0   0   0   0  10  18   0   0   2   0   1   1   0   0  52  0.87 0.41
   16 Q    -2   1   0  -3  -1   4  -2  -3   0  -4  -3   5  -2  -5  -4   1   1  -5  -4  -1    1   6   3   0   1  22   0   1   2   0   2  38   1   0   0   9   9   0   0   5  0.66 0.38
   17 K    -3   5  -2  -1  -6   3   2  -4  -3  -5  -3   5  -4  -4  -4  -3  -2  -3  -4  -5    0  28   1   2   0  14  11   0   0   0   3  37   0   1   0   0   2   0   0   0  0.96 0.44
   18 A     7  -5  -5  -5  -4  -4  -4  -2  -5  -5  -5  -4  -5  -6  -4  -2  -4  -6  -5  -4   98   0   0   0   0   0   0   2   0   0   0   0   0   0   0   0   0   0   0   0  2.03 0.77
   19 I     1  -5  -5  -5  -1  -4  -5  -5  -5   4  -1  -4  -1  -3  -4  -2   2  -5  -4   5   10   0   0   0   1   0   0   0   0  27   4   0   1   0   0   3  12   0   0  43  0.83 0.40
   20 D    -1  -1  -2   2  -6   3   6  -3  -2  -3  -5   1  -4  -6  -4  -2  -1  -5  -4  -4    5   2   1  10   0  16  50   1   0   2   0   7   0   0   0   1   3   0   0   1  0.93 0.45
   21 L     0  -1  -2  -1  -2   0   4  -4   0  -3   2   1   1  -1  -4  -2  -2  -4   0  -3    9   2   1   2   1   2  34   0   3   0  25   9   3   2   0   2   1   0   4   0  0.41 0.31
   22 D    -6  -6  -3   8  -8  -4   0  -5  -5  -7  -8  -5  -7  -8  -5  -4  -5  -8  -7  -7    0   0   0  96   0   0   4   0   0   0   0   0   0   0   0   0   0   0   0   0  2.72 0.90
   23 T     0   1   3  -1  -4   2   0  -2   0  -2  -3   2  -3  -4  -3   1   1  -4  -2   0    8   6  16   2   0  12   6   1   2   1   2  17   0   0   0  10  10   0   1   8  0.29 0.22
   24 A     4  -1   2  -1  -3   0   3  -1  -2  -4  -4   2  -4  -5  -3   0  -1  -5  -4  -3   35   2  10   1   0   3  20   2   0   0   1  15   0   0   0   6   2   0   0   1  0.54 0.35
   25 T    -1  -1  -1  -3  -3   3   0   4  -1  -5  -5   3  -4  -3  -4   1  -1  -5  -3  -5    2   2   2   0   1  15   5  37   1   0   0  18   0   1   0  13   2   0   1   0  0.68 0.38
   26 Q    -3   3   6   2  -6   1   2  -3  -1  -6  -6   1  -5  -6  -4  -2  -3  -6  -5  -5    1  20  40  10   0   6  14   1   1   0   0   7   0   0   0   1   0   0   0   0  0.99 0.47
   27 Y    -2  -3  -5  -7  -6  -5  -6  -6   0  -5  -4  -6  -5   3  -5  -4  -4   2   9  -3    3   1   0   0   0   0   0   0   2   0   1   0   0  12   0   1   0   2  76   1  2.35 0.83
   28 E     1  -1  -1   1  -5   3   4  -3  -2  -4  -4   1  -3  -5   1   0   1  -5  -4  -3   10   1   1   8   0  17  30   1   1   0   1   8   0   0   7   6   8   0   0   1  0.55 0.34
   29 E     0  -1  -2   0  -5   3   6  -4  -3  -4  -5   2  -2  -6  -3  -1  -2  -5  -5  -1    9   2   1   3   0  10  51   0   0   1   0  12   1   0   1   3   2   0   0   4  0.87 0.46
   30 A     7  -1  -5  -5  -4  -4  -4  -3  -5  -5  -5  -4  -5  -6  -4   1  -3  -6  -5  -4   89   4   0   0   0   0   0   0   0   0   0   0   0   0   0   7   0   0   0   0  1.79 0.75
   31 Y    -4  -2  -5  -6   1  -3  -5  -6  -1   0   4  -3  -1   4  -6  -4  -4  -1   4  -1    0   2   0   0   3   1   0   0   1   4  52   2   0  17   0   1   0   0  18   2  0.97 0.45
   32 T    -2   2   1   0  -3   2  -1  -3   1  -2  -2   2  -2  -3   1   0   0  -4  -1   2    1  15   6   5   0  11   1   1   3   1   1  13   0   0   7   8   5   0   2  17  0.21 0.21
   33 A    -2  -2  -3  -5   6   0  -4  -3  -1  -1   4  -3   0   0  -4  -1  -1   1  -1  -2    2   2   1   0  18   4   0   2   1   2  47   2   1   4   0   5   3   2   2   0  0.63 0.36
   34 Y    -5  -5  -6  -6  -6  -5  -6  -3  -2  -5  -5  -5  -5  -1  -3  -5  -5  -2  10  -5    0   0   0   0   0   0   0   3   0   0   0   0   0   0   2   0   0   0  90   0  2.90 0.98
   35 Y    -3   0  -2  -2   5   5   0  -4  -1  -2   0   0   3  -2  -1  -1  -1  -3   2  -2    0   4   1   2  14  28   6   1   1   2   8   5   9   1   3   3   3   0   8   1  0.48 0.34
   36 N    -2   1   4   0  -4   1   3  -3   4  -4  -3   1  -3  -4  -3   2  -1  -5  -3  -3    2   6  20   4   0   5  23   0  11   1   2   7   0   0   0  15   2   0   0   1  0.54 0.32
   37 G     5  -1  -3  -1  -2  -3  -3   4  -4  -5  -5  -3  -4  -5  -4   2  -2  -5  -5  -4   46   4   0   3   1   0   0  31   0   0   0   0   0   0   0  13   1   0   0   0  0.91 0.45
   38 L    -2  -4  -5  -5  -2  -4  -4  -5  -5   4   4  -2   1  -2  -4  -2  -2  -4  -3   2    1   0   0   0   1   0   0   0   0  21  50   2   3   1   0   3   1   0   0  14  0.79 0.37
   39 D    -3   0  -2   5  -5   3   4  -3  -3  -5  -5   1  -4  -5  -4  -2  -3  -5  -5  -4    1   4   1  35   0  15  32   1   0   0   0   8   0   0   0   1   0   0   0   1  1.02 0.46
   40 Y    -4   0  -4  -5  -3  -2  -4  -4   2  -1   2  -4   1   3  -5  -3  -4   4   7  -1    0   6   0   0   1   1   0   1   5   3  19   0   4   9   0   1   0   5  40   3  0.95 0.43
   41 L    -4  -5  -5  -5  -4  -5  -5  -5  -4   0   3  -5   4   7  -5  -4  -1  -3   0  -2    0   0   0   0   0   0   0   0   0   5  28   0  10  48   0   1   4   0   1   2  1.21 0.49
   42 L    -3  -3  -4  -5  -3  -2  -4  -5  -4   2   4  -2   5  -2  -4  -1   0  -4  -3   2    1   1   0   0   0   1   0   0   0  10  42   3  17   1   0   5   5   0   0  12  0.67 0.34
   43 A     4  -3  -3  -3  -2   1  -2   0   2   0  -3  -1  -2  -3   1   0  -2  -4  -2   2   41   0   0   1   1   6   1   6   6   4   1   2   1   1   6   5   1   0   1  16  0.40 0.29
   44 L    -2  -4  -5  -5   0  -4  -4  -5  -4   4   4  -4   2  -1  -4  -2  -1  -4  -2   2    2   1   0   0   2   0   0   0   0  23  42   0   5   1   0   2   3   0   1  15  0.71 0.33
   45 K    -4   1  -2  -3  -5   1  -2  -4   4  -3  -3   7  -2  -5  -4  -2  -2  -5  -3  -5    0   5   2   1   0   4   1   0  11   2   3  66   1   0   0   2   2   0   1   0  1.27 0.56
   46 Y    -1  -2  -2  -3   0  -3  -1   1  -1  -2  -3  -1   0  -1  -4  -1  -2   5   7  -2    5   2   2   1   2   0   4  11   0   2   2   4   3   1   1   4   2   7  47   2  0.92 0.46
   47 E    -1  -3  -2   0  -6   0   7  -1  -4  -3  -5  -1  -5  -6  -4  -3   2  -6  -5  -3    6   0   1   3   0   2  67   4   0   1   0   2   0   0   0   0  12   0   0   2  1.24 0.59
   48 K    -3   1  -2  -2  -3   3   0  -4   0  -4  -5   6  -2  -5  -1  -1   2  -5  -4  -2    1   5   1   1   1  13   4   0   2   1   0  50   1   0   3   2  13   0   0   3  0.87 0.46
   49 N    -3  -4   6   4  -3  -3   0   1  -2  -6  -5  -1  -5  -6  -5   1  -2  -6  -5  -6    1   0  45  27   0   0   4  10   1   0   1   3   0   0   0   9   1   0   0   0  1.15 0.52
   50 P     0  -2  -2   4  -1   0   3  -3  -1  -4  -4  -1  -4  -4   5  -1  -2  -6  -5  -4    7   1   1  29   1   3  21   1   2   0   1   3   0   0  26   3   2   0   0   1  0.84 0.41
   51 K     0   3   0  -1  -4   2  -1  -2  -2  -3  -4   5  -2  -5  -3   0   1  -5  -4  -2    8  14   4   3   0  11   2   1   1   1   0  36   1   0   0   5  11   0   0   3  0.56 0.34
   52 S     1   2  -2  -3  -2   0  -1  -1  -2   0   0   2   0  -3  -3   1   0  -4  -3   0   12  15   0   0   1   3   1   3   0   7  11  19   2   0   0  14   6   0   0   5  0.21 0.20
   53 K    -3   3  -3  -4  -6   0  -2  -5  -3  -4  -4   7  -5  -6  -5  -4  -4  -6  -5  -4    2  15   0   0   0   4   1   0   0   1   1  76   0   0   0   0   0   0   0   1  1.72 0.70
   54 D    -1  -1  -1   2   3   3   5  -2   0  -4  -4   0  -3  -5  -4  -1  -2  -5  -4  -3    5   2   2  13   7  17  37   2   2   1   1   5   1   0   0   3   2   0   0   1  0.67 0.37
   55 L     1   0   1  -3  -1  -1  -2  -3   2   0   1   0   2  -2  -2   1   1  -3   0   0   16   5   7   0   1   1   1   0   6   4  15   4   7   0   1  14  12   0   3   5  0.15 0.17
   56 I    -4  -5  -6  -6  -4  -5  -6  -7  -5   6   3  -5   1   1  -6  -5  -4  -4   1   1    0   0   0   0   0   0   0   0   0  53  30   0   3   4   0   0   0   0   6   4  1.21 0.50
   57 R    -3   7  -3  -5  -6   1  -3  -4  -4  -5  -3   3  -1  -4  -5  -3  -2  -6  -3  -5    1  68   0   0   0   5   1   1   0   0   2  14   2   1   0   1   3   0   1   0  1.56 0.62
   58 A     2  -1   1   0  -3   3   2   0  -1  -2  -2   2  -2  -4  -3   1   0  -4  -3  -2   20   1   7   4   0  14  13   5   1   2   3  15   0   0   0   8   4   0   0   2  0.28 0.22
   59 K    -4   3  -3  -4  -7  -2  -3  -5  -2  -4  -6   7  -5  -7  -5  -3  -3  -7  -5  -6    1  13   1   0   0   1   0   0   1   1   0  82   0   0   0   1   1   0   0   0  1.94 0.74
   60 F    -1  -5  -5  -5   6  -5  -5  -5  -5   4  -1  -5   2   2  -5  -2   0  -4  -1   3    4   0   0   0  18   0   0   0   0  26   2   0   6  11   0   2   5   0   1  24  0.82 0.39
   61 T     1   0   1  -2  -1  -1   1   0  -1  -2  -1   1   0  -3  -3   2   3  -4  -3  -1   10   4   9   0   1   1   8   6   1   1   4  11   3   0   0  17  21   0   0   5  0.22 0.20
   62 E    -3  -2  -2   2  -4   4   6   0   0  -6  -5  -1  -3  -6  -4  -1  -1  -5  -3  -4    1   1   0  11   0  17  49   7   2   0   0   2   1   0   0   3   4   0   0   1  0.96 0.47
   63 Y    -6  -6  -6  -7  -7  -6  -6  -7   0  -2  -4  -6  -5  -1  -7  -6  -6  -2  10  -4    0   0   0   0   0   0   0   0   1   2   1   0   0   1   0   0   0   0  95   1  3.19 1.02
   64 L    -4  -5  -6  -6  -4  -3  -5  -6  -5   2   4  -4   7  -1  -6  -4  -3  -5  -4   1    0   0   0   0   0   1   0   0   0   8  46   1  34   1   0   1   1   0   0   8  1.32 0.55
   65 N    -1   0   2   5  -3   0   2  -2  -1  -5  -5   0  -2  -5  -4   1   0  -6  -4  -3    4   4   9  40   0   2  14   2   1   0   0   6   1   0   0   9   5   0   0   1  0.70 0.35
   66 R    -5   9  -4  -6  -8  -3  -4  -6  -4  -7  -6  -1  -5  -7  -6  -5  -5  -7  -6  -7    0  99   0   0   0   0   0   0   0   0   0   1   0   0   0   0   0   0   0   0  2.79 0.90
   67 A     7  -5  -5  -5  -2  -4  -3  -3  -5  -5  -5  -4  -4  -3  -4  -2  -3  -6  -4  -2   94   0   0   0   1   0   1   0   0   0   0   0   0   1   0   0   1   0   1   2  1.91 0.75
   68 E    -5  -4  -4  -1  -8  -2   8  -6  -4  -5  -7  -2  -6  -7  -5  -4  -5  -7  -6  -6    0   0   0   1   0   0  97   0   0   1   0   1   0   0   0   0   0   0   0   0  2.45 0.85
   69 Q    -2  -1   1   0  -5   3   3  -4   0  -2  -4   4  -1  -4  -4  -2   0  -5  -3  -2    2   0   7   4   0  16  24   0   2   2   0  29   2   1   0   1   7   0   1   2  0.62 0.35
   70 L    -4  -5  -6  -6  -4  -5  -6  -7  -6   5   5  -6   0  -3  -6  -5  -4  -5  -4   0    0   0   0   0   0   0   0   0   0  37  59   0   1   0   0   0   0   0   0   3  1.40 0.52
   71 K    -3   2  -2  -3  -7   1  -2  -5  -2  -6  -6   7  -5  -7  -5  -2  -4  -6  -5  -6    1   7   1   1   0   5   1   0   1   0   0  82   0   0   0   2   0   0   0   0  1.83 0.67
   72 K     1   0   0   2  -1   2   3  -2  -2  -4  -4   3  -2  -4  -3   0   0  -5  -4  -2   13   2   4  10   1  10  22   2   0   0   0  22   1   0   0   4   4   0   0   3  0.43 0.26
   73 H    -3  -2  -4  -5  -5  -4  -4  -4   7   1   0  -4   2   3  -5  -4  -4   0   6  -1    2   1   0   0   0   0   0   1  26   7  10   1   5  10   0   0   0   1  31   5  1.07 0.44
   74 L    -4  -5  -6  -6  -4  -5  -6  -6  -6   3   5  -5   0  -2  -6  -4  -3  -5  -4   2    0   0   0   0   0   0   0   0   0  15  68   0   1   1   0   0   1   0   0  14  1.22 0.46
   75 E     1   0   2   4  -4   1   2  -3  -2  -3  -3   2  -3  -5  -3   0  -2  -5  -4  -3   15   3   8  25   0   7  12   0   0   2   1  16   0   0   0   8   1   0   0   1  0.47 0.26
   76 S     0  -1   1   1  -3   4   1   0  -2  -5  -4   4  -3  -5  -2   2  -1  -5  -4  -4    6   1   8   7   0  19   9   5   0   0   0  26   0   0   1  16   1   0   0   0  0.52 0.29
   77 E    -1   1   1   1  -2   3   3  -1  -2  -4  -3   2  -1  -4  -2   1  -1  -4  -2  -2    4   5   6   7   1  14  23   3   0   0   2  14   1   0   0  14   1   0   1   4  0.36 0.21
   78 E    -1  -1   3   2  -5   1   3  -3  -2  -4  -3   4  -3  -5  -3   0  -2  -5  -4  -4    3   1  13  14   0   4  19   0   0   0   3  37   0   0   0   4   1   0   0   1  0.65 0.32
   79 A     1  -2  -1   1  -4   2   5   0  -2  -5  -5   0  -4  -5  -2   1  -1  -5  -4  -4   14   0   1   8   0   9  44   8   0   0   0   4   0   0   1   8   2   0   0   0  0.66 0.30
   80 N    -2  -3   4   5  -4  -2  -1  -3  -2  -4  -5  -2  -4  -5  -3   3   2  -5  -4  -4    0   0  27  40   0   0   0   0   0   0   0   0   0   0   0  22  12   0   0   0  0.93 0.29

                      K         Lambda
Standard Ungapped    0.1285     0.3099
Standard Gapped      0.0568     0.2670
PSI Ungapped         0.1861     0.3133
PSI Gapped           0.0568     0.2670
