
Last position-specific scoring matrix computed, weighted observed percentages rounded down, information per position, and relative weight of gapless real matches to pseudocounts
            A   R   N   D   C   Q   E   G   H   I   L   K   M   F   P   S   T   W   Y   V   A   R   N   D   C   Q   E   G   H   I   L   K   M   F   P   S   T   W   Y   V
    1 A     4  -2  -1  -2  -1  -1  -1   2  -2  -2  -2  -1  -2  -3  -1   2   0  -3  -2  -1   70   0   0   0   0   0   0  14   0   0   0   0   0   0   0  15   0   0   0   0  0.44 0.06
    2 S     0   2  -1  -2  -2  -1  -1  -2  -2   0  -1   0  -1  -1  -2   1   4  -3  -2   0    6  19   0   0   0   0   0   0   0  11   0   0   0   2   0  14  48   0   0   0  0.29 0.06
    3 S     2  -2  -1  -1  -2  -1   1   2  -2  -3  -3  -1  -2   1  -2   3   0  -3  -2  -2   15   0   0   0   0   0   9  18   0   0   0   0   0   8   0  50   0   0   0   0  0.37 0.11
    4 A     3  -2  -1   1  -2   0   2   0  -2  -2  -2  -1  -2  -3   0   1   1  -3  -3  -1   46   0   0  10   0   0  20   3   0   2   0   0   0   0   4   6   9   0   0   0  0.32 0.09
    5 A     4  -2  -2  -3  -2  -1  -2   1  -3   0  -1  -2   2  -3   2   0  -1  -3  -3   0   56   0   0   0   0   2   0   9   0   6   0   0   9   0  10   0   0   0   0   7  0.41 0.15
    6 S     0  -3  -2  -2  -3  -2  -2   3  -3  -5  -5  -2  -4  -5  -3   6  -1  -5  -4  -4    2   0   0   0   0   0   0  28   0   0   0   0   0   0   0  70   0   0   0   0  1.11 0.40
    7 S    -2  -4  -2  -3  -4  -3  -3  -3  -4  -5  -6  -3  -5  -6  -2   7   1  -6  -5  -5    0   0   0   0   0   0   0   0   0   0   0   0   0   0   1  93   6   0   0   0  1.83 0.72
    8 E    -3  -2  -2   2  -6   1   7  -3  -3  -6  -5  -2  -5  -6  -4   0  -3  -6  -5  -5    0   1   1  12   0   5  72   2   0   0   1   0   0   0   0   6   1   0   0   0  1.45 0.59
    9 H    -1   0  -1   0  -3   0   0  -2   3   1   2   0   1  -2  -1  -1  -1  -3  -1   2    2   5   1   6   0   3   5   2   9   5  22   6   4   0   3   3   2   0   1  20  0.12 0.14
   10 F    -6  -6  -6  -7  -6  -7  -7  -7  -5  -3   0  -6  -3   9  -7  -6  -5  -3   0  -2    0   0   0   0   0   0   0   0   0   0   7   0   0  88   0   0   0   0   1   2  2.49 0.82
   11 E    -1  -1   0   3  -5   0   6  -3  -1  -5  -5  -1  -4  -6  -4   1  -2  -6  -5  -4    4   2   3  14   0   2  59   2   1   0   0   2   0   0   0  10   1   0   0   1  1.07 0.51
   12 K    -1   1   2   0  -4   0  -1   2   0  -4  -3   2  -3  -4  -3   3   1  -5  -4  -4    2   8  10   5   0   2   1  18   2   0   1  14   0   0   0  29   8   0   0   0  0.43 0.29
   13 L    -3  -2  -3  -6   0  -4  -5  -6   1  -2   2  -5  -1   0  -6  -4  -3  -2   8  -4    2   3   1   0   2   0   0   0   2   2  19   0   1   2   0   1   1   0  64   0  1.63 0.66
   14 H    -3  -3  -3   0  -1   0   7  -5   5  -6  -5  -3  -5  -6  -5  -3  -4  -6  -3  -6    1   1   0   3   1   1  77   0  13   0   1   0   0   0   0   0   0   0   1   0  1.78 0.73
   15 E     0   3  -1   1  -5   4   3  -3   0  -3  -4  -1  -2  -3  -3   0  -1  -4  -2  -4    9  18   2   6   0  23  25   1   1   1   0   1   1   1   0   7   3   0   1   0  0.58 0.35
   16 I    -3  -2   0   5  -5   4   3  -4  -2   1  -4  -2  -1  -4  -4  -2  -3  -5  -4  -3    1   1   3  36   0  25  18   0   0  11   1   0   2   1   0   1   0   0   0   0  0.93 0.48
   17 F    -5  -5  -6  -6  -5  -5  -6  -6  -3  -2   2  -5  -3   7  -6  -5  -5  -2   7  -2    0   0   0   0   0   0   0   0   0   1  17   0   0  45   0   0   0   0  35   3  1.68 0.63
   18 R     0   3  -1  -2   6   3  -1  -1  -1  -4  -3   3  -3  -5  -4   0  -1  -5  -4  -2    8  17   2   1  18  13   2   4   2   0   2  21   0   0   0   5   2   0   0   2  0.54 0.32
   19 G     0  -2   0   0  -1   2   2   0   1  -1   0  -2  -1  -1  -3   0   0  -3  -2   0    9   0   5   4   1  10  18   9   3   1  14   0   0   3   0   6   7   0   0   9  0.13 0.17
   20 L    -1  -4  -2  -5  -1  -2  -3  -5   0   2   4  -3  -1  -1  -4  -2  -2  -4  -2   2    5   0   2   0   1   2   1   0   2  12  53   1   0   1   0   2   1   0   1  14  0.62 0.35
   21 L    -1  -2  -2  -3   1   2  -2  -3   3   1   1  -1   0   1  -3   2   1  -3   2  -1    1   1   0   0   4  10   1   0   8   8  12   3   2   5   0  20  12   0   8   4  0.23 0.23
   22 E     4  -2  -1   2  -3   1   2  -1  -2  -3  -3  -1  -3  -4  -3   1   0  -5  -4  -3   41   2   2  11   0   6  16   3   0   1   2   2   0   0   0   7   6   0   0   0  0.47 0.33
   23 D    -1  -3   3   4  -5  -1   3  -1  -1  -3  -5  -1  -4  -5  -4   2  -1  -6  -4  -4    4   0  17  28   0   2  25   4   1   1   0   2   0   0   0  13   3   0   0   0  0.74 0.39
   24 L     0  -5  -6  -6  -4  -5  -5  -6  -5   5   4  -5  -1  -2  -5  -4  -3  -5  -4   2    7   0   0   0   0   0   0   0   0  31  52   0   0   0   0   0   0   0   0  10  1.05 0.47
   25 Q    -2   3   2  -1  -4   2  -1  -3  -1  -3  -3   2   0  -3  -3   2   3  -5  -3  -2    1  16   9   3   0  11   2   0   1   1   0  11   2   1   0  19  19   0   0   3  0.43 0.31
   26 G     0   3   1   0  -4   3   0   1  -1  -3  -1   2  -2  -4  -2   0  -1  -4  -1  -2    8  18   8   5   0  15   4  10   1   0   5  11   0   0   1   7   3   0   2   3  0.25 0.20
   27 V    -2   2  -1  -1  -5   0  -2  -3  -1  -2  -1   6   1  -5  -4  -2  -1  -5  -4   0    3  11   3   2   0   2   0   1   1   2   6  54   4   0   0   1   3   0   0   7  0.77 0.44
   28 P    -2  -4  -5  -5   6  -3  -3  -5  -5   3   3  -3   0  -3   3  -2  -1  -4  -4   1    2   0   0   0  18   1   1   0   0  23  28   1   2   0  14   2   2   0   0   7  0.72 0.37
   29 E    -1  -1   2   3  -2   0   3   1   1  -4  -3   0  -3  -4  -2   1   1  -4  -2  -4    4   1  12  15   1   3  20  11   3   0   2   5   0   0   1  12   8   0   1   0  0.36 0.24
   30 R     0   3  -1  -2  -4   4  -1   0   1  -2  -4   2  -3  -4  -3   2  -1  -4  -2  -3    7  22   2   1   0  19   1   7   3   3   0  10   0   0   0  21   2   0   1   1  0.48 0.33
   31 L     1  -1  -2  -1  -1   0  -1  -3  -3   3   2  -1   1  -2  -3  -1   0  -1  -2   1   17   3   2   4   1   4   4   1   0  20  20   4   2   0   0   1   5   1   0  10  0.16 0.15
   32 L     1   0  -2  -2  -2   0  -1  -2  -1   2   1  -1  -1  -2   3   1  -1  -3   0   0   10   5   1   1   1   3   2   3   1  17  17   1   0   0  13  15   2   0   3   3  0.17 0.16
   33 G     1   0   0  -1  -3   0   1   2  -2  -2  -2   2  -3  -4   3   0  -1  -4  -3  -3   12   5   4   1   0   5  10  18   0   2   4  15   0   0  13   7   3   0   0   1  0.29 0.19
   34 T    -1  -1   3   0   0   0  -1  -2  -3  -1   2  -1   0  -3  -3   1   1  -4  -3   0    4   2  18   5   2   4   4   1   0   2  30   2   1   0   0  11  10   0   0   4  0.23 0.22
   35 A     1  -1   0   0   0   1   0  -1   1  -2   0  -1   0   0   0   2   0  -3   1  -1   18   3   5   6   2   7   5   3   3   1  13   0   2   3   4  17   4   0   5   3  0.09 0.13
   36 G    -1   1   1   2  -2  -1  -2   4  -1  -3  -4  -1  -3  -3  -2   1  -1  -4  -4  -2    3   7   7  13   1   2   1  41   2   1   1   1   0   1   1  11   4   0   0   4  0.51 0.28
   37 T     0  -2   0   0  -2   0  -1   4  -1  -2  -2   0  -2  -3  -1   1   1  -3  -2  -2    7   1   3   4   0   5   3  39   1   2   3   4   1   1   2   8  12   0   1   3  0.39 0.18
   38 E    -3  -3  -1   2  -5   0   6  -1  -3  -5  -5  -1  -4  -5  -3  -1  -1  -5  -3  -2    1   0   2  10   0   1  68   5   0   0   0   2   0   0   0   3   2   0   1   3  1.17 0.51
   39 E    -1   0  -1  -1  -5   4   5  -3  -1  -5  -3   0  -3  -5   1  -1  -1  -5  -4  -3    5   3   1   2   0  25  43   1   1   0   2   5   0   0   6   2   4   0   0   1  0.82 0.42
   40 K    -2   6  -2  -2  -6  -1  -2  -4  -3  -5  -4   6  -4  -3  -4  -2  -3  -5  -4  -5    2  41   1   2   0   1   0   1   0   0   2  47   0   1   0   2   0   0   0   0  1.31 0.55
   41 K    -3   2  -1  -3  -5   0   0  -4  -2  -3  -3   7  -4  -5  -4  -1  -2  -5  -4  -3    0   9   2   1   0   2   3   0   1   2   2  71   0   0   0   3   2   0   0   2  1.26 0.54
   42 K     2   2   0  -1  -3   4   0  -2  -1  -2  -3   2  -3  -4  -3   2  -1  -4  -3  -2   21   9   3   1   0  26   4   2   1   2   1  13   0   0   0  14   2   0   0   1  0.44 0.29
   43 L     2  -1  -2  -3  -3  -1  -1  -2  -2  -1   2   2   1   0  -3  -1   0  -3   0   0   26   2   1   0   0   3   3   1   1   2  27  15   5   3   0   1   4   0   3   4  0.23 0.21
   44 V    -2  -4  -5  -5  -1  -3  -4  -5  -4   5   2  -4   1   0  -4  -2  -2  -4  -1   3    2   0   0   0   1   1   0   0   0  40  23   0   3   4   0   3   1   0   1  22  0.73 0.33
   45 R    -1   5  -1  -1  -4   1  -1  -2   0  -4  -2   1  -1  -4  -3   2   0  -5  -4  -3    5  45   1   3   0   5   2   2   1   0   3   7   1   0   1  20   4   0   0   1  0.69 0.36
   46 D     0   1   1   3  -4   2   4  -2   0  -3  -4   1  -2  -4  -3   0  -1  -5  -4  -2    8   7   6  22   0  10  28   1   2   1   0   6   0   0   0   4   2   0   0   3  0.51 0.27
   47 F     2  -4  -4  -4   1  -4  -4  -4  -4   3   1  -4   0   3  -4  -2  -1  -3  -1   3   23   0   0   0   3   0   0   0   0  19   8   0   1  15   0   2   2   0   1  26  0.48 0.28
   48 D    -3  -1  -1   4  -5   2   5  -4  -3  -3  -4   2  -2  -5  -3  -2  -1  -5  -4  -4    0   3   1  24   0  10  44   0   0   1   1  10   1   0   0   2   2   0   0   0  0.92 0.42
   49 E     1   3  -1  -1  -4   0   2   0   1  -2  -3   2   0  -3  -3   0  -1  -4  -3  -2   12  21   2   1   0   2  17   6   4   2   1  15   3   1   0   7   3   0   0   1  0.33 0.22
   50 K     1   1   0   0  -3   1   1   2   0  -4  -3   2  -3  -4  -3   0  -2  -4  -3  -2   15   8   3   6   0   7  12  20   3   0   2  18   0   0   0   5   1   0   0   2  0.31 0.19
   51 Q    -3  -3  -3  -4  -3   2  -3  -5  -2   3   4  -3   2   0  -4  -3  -1  -4  -2   1    0   0   1   0   0  13   0   0   1  20  45   0   6   3   0   0   3   0   1   7  0.64 0.33
   52 Q    -3  -1  -2   5  -6   3   4  -2  -3  -5  -5  -1  -4  -5  -1  -2  -2  -1  -5  -4    0   2   0  38   0  12  34   3   0   0   0   2   0   0   3   1   2   1   0   1  1.00 0.44
   53 E    -4  -3   0   2  -6   1   7  -3  -3  -6  -4   0  -5  -6  -4  -3  -4  -6  -5  -5    0   0   4  12   0   4  72   1   0   0   2   4   0   0   0   0   0   0   0   0  1.46 0.58
   54 A     6  -4  -4  -4   2  -1  -3  -1  -4  -3  -1  -3  -1  -4  -3  -1   0  -5  -4   0   72   0   0   0   4   2   0   4   0   0   4   0   1   0   0   2   4   0   0   6  1.00 0.49
   55 N    -2   1   3   3  -4   1   3  -2  -1  -2  -2   1  -2  -2  -1  -1  -1  -4  -1  -3    0   6  15  21   0   5  22   2   1   2   5   9   0   2   2   3   3   0   2   1  0.38 0.22
   56 E    -1  -1   0   0  -4   1   5  -2  -2  -1  -3   0  -3  -4  -1   0  -1  -5  -2  -1    5   2   3   4   0   3  51   2   0   4   2   5   0   0   2   6   3   0   2   6  0.59 0.33
   57 T    -2  -2  -4  -4   3  -2  -3  -5  -4   2   4  -3   3  -1  -4  -3   0  -3  -1   1    1   2   0   0   7   1   2   0   0  11  51   1   7   1   0   0   8   0   2   6  0.59 0.30
   58 L    -2  -3  -4  -4  -2  -3  -3  -4  -3   3   3  -1   2  -1  -4  -3  -2   3   1   2    0   0   0   0   0   0   0   0   0  26  40   5   4   0   0   0   0   4   4  13  0.52 0.23
   59 A     0   3   0   1  -3   2   1  -1   1  -3  -2   1  -2  -1  -2   1   0  -3   1  -3    7  19   5   8   0  12  10   3   3   0   2   7   0   2   0  11   3   0   7   0  0.23 0.14
   60 E    -1   1  -1   1  -4   4   3   1  -2  -4  -2   2  -2  -4  -3   0   0  -4  -3  -3    4   4   0   7   0  29  22  10   0   0   4  12   0   0   0   5   4   0   0   0  0.47 0.24
   61 M    -4  -5  -6  -7  -5  -4  -6  -6  -5   0   1  -5  10  -3  -6  -5  -4  -5  -4  -3    0   0   0   0   0   0   0   0   0   3  10   0  87   0   0   0   0   0   0   0  2.69 0.86
   62 E    -2   1   0   4  -5   1   5  -1  -3  -5  -5  -1  -4  -5  -3  -1  -2  -5  -4  -3    1   9   3  22   0   4  49   4   0   0   0   1   0   0   0   4   1   0   0   2  0.90 0.41
   63 E    -1  -2  -2  -2  -3  -1   2  -4  -1   2   3  -1   2  -2  -4  -2  -2  -3  -1   1    3   1   1   2   0   2  16   1   2  13  38   4   7   0   0   1   0   0   2   7  0.33 0.23
   64 E    -4  -3  -3  -1  -7   0   7  -3  -3  -3  -4  -2  -5  -6  -4  -3  -3  -6  -5  -3    0   0   0   1   0   2  90   2   0   1   1   0   0   0   0   0   1   0   0   1  1.89 0.70
   65 L     2  -3  -4  -4  -3  -2  -3  -3  -4   2   3   1   0  -2  -3  -2  -2  -4  -3   2   26   0   0   0   0   1   0   0   0  12  30  13   2   0   0   0   0   0   0  18  0.43 0.28
   66 R    -3   6  -1  -3  -5   4  -1  -4   1  -3  -3   2  -3  -3  -2   0  -3  -5  -4  -4    1  45   2   0   0  24   1   0   3   2   2  10   0   1   1   8   0   0   0   1  0.95 0.43
   67 Y    -1  -1   4   1  -4   0   1   2  -1  -4  -3  -1  -3  -2  -2   1   0  -3   3  -3    2   2  23   5   0   4   9  15   1   0   1   2   0   0   1  15   4   0  14   1  0.37 0.24
   68 A     3  -3  -4  -4  -3  -3  -3  -3   1   4   2  -2   2   0  -3  -2  -1  -4  -3   1   30   0   0   0   0   0   0   0   4  29  17   1   4   3   0   0   1   0   0   9  0.48 0.28
   69 P    -2  -4  -2  -1  -5   1  -1  -4  -4  -4  -5  -3  -5  -6   8  -2  -2  -6  -5  -4    3   0   2   4   0   7   3   1   0   1   0   0   0   0  75   2   2   0   0   1  1.97 0.61
   70 L     1  -1  -1  -2  -3   2  -2   0  -2  -2   1  -1  -1  -2   3   1   1  -4  -3  -1   10   3   1   0   0  12   0   7   0   1  15   1   1   1  18  15   8   0   0   5  0.27 0.19
   71 T     1  -2   2  -1   0   1  -1  -1  -1  -4  -4  -1  -1  -4   0   4   2  -4  -3  -3   12   1  10   1   2   6   2   2   1   0   0   1   2   0   4  42  11   0   0   0  0.49 0.30
   72 F     0  -1   0  -1  -2   1   0  -2  -2   1   0  -1  -1   3  -2   0   0  -2   2   0    8   2   4   3   0   8   5   1   0   8   9   3   0  20   0  11   3   0   7   9  0.12 0.12
   73 R    -3   7  -2  -4  -2   0  -2  -4   0  -5  -4   4  -4  -5  -4  -2  -3  -5  -4  -5    0  67   1   0   1   3   0   0   2   0   0  22   0   0   0   2   0   0   0   0  1.51 0.54
   74 N     2  -2   2   0  -3   1  -1   0  -1   0  -2  -1  -1  -3   1   2   1  -4  -3  -1   18   0  15   5   0  10   0   6   1   6   2   3   1   0   6  15   8   0   0   3  0.21 0.16
   75 P     0   2  -1  -1  -3   3   0  -1  -2  -3  -3   2   1  -4   2   0   0  -4  -3  -1    6  13   2   1   0  17   5   4   0   1   1  18   5   0  11   8   5   0   0   4  0.32 0.20
   76 M    -1  -3  -4  -5   0  -3  -4  -4  -2   1   2  -3   5   2  -3  -3  -3  -2   5   1    3   0   0   0   2   0   0   0   1   5  25   1  22   6   1   1   0   0  22  10  0.65 0.32
   77 M    -1   0   4  -2  -3   2  -1  -3  -1  -1   1   0   4  -3  -3   1   0  -4  -3  -1    4   5  23   0   0  14   1   0   1   2  15   3  14   0   0   9   6   0   0   3  0.32 0.24
   78 S     2   0   2  -2  -2   2  -1   1  -2  -2  -2  -1  -2  -3  -1   2   2  -4  -3  -1   21   4  10   0   0  10   1   9   0   1   3   3   1   0   2  18  14   0   0   3  0.26 0.19
   79 K    -3   6  -3  -3  -5   1  -2  -4  -3  -2  -4   5  -3  -5  -4  -1  -1  -5  -4  -4    0  44   0   0   0   4   0   0   0   2   0  42   0   0   0   3   2   0   0   0  1.22 0.48
   80 L    -2  -3  -4  -4  -3  -3  -4  -4  -4   3   3  -4   2   2  -4  -3  -1   0   0   2    2   1   0   0   0   0   0   0   0  18  40   0   6  10   0   0   3   1   2  16  0.56 0.26
   81 R    -2   6   0  -2  -5   1  -1  -4  -1  -5  -4   3  -3  -5  -4  -2  -1  -5  -4  -4    3  57   5   2   0   5   3   0   1   0   0  17   0   0   0   1   3   0   0   0  1.10 0.43
   82 N     0   0   3   0   1   1   1  -1   0  -3  -3  -1  -1  -4  -3   2   1  -4  -3  -2    9   4  21   4   4   8  11   2   1   1   2   1   1   0   0  18   9   0   0   2  0.31 0.21
   83 Y    -1  -4  -4  -5  -3  -4  -4  -4   4  -3  -3  -3  -3   2  -5  -2  -3  -1   8  -4    6   0   0   0   1   0   0   1  10   1   2   2   0   5   0   2   1   0  68   0  1.76 0.61
   84 R    -2   4  -1  -2  -5   3   1  -2   0  -3  -3   5  -3  -4  -3  -1  -2  -4  -3  -3    2  22   1   1   0  14   6   2   2   2   1  43   0   0   0   2   1   0   0   1  0.79 0.36
   85 K     2   2   1  -1  -3   2   0  -2   1  -3  -3   1  -2  -4  -3   2   2  -4  -3  -2   18  12   7   1   0  11   3   1   3   1   0   9   1   0   0  21  13   0   0   1  0.36 0.25
   86 D    -1  -3  -2   6  -6   0   4  -4  -3  -5  -6  -2  -5  -6  -4  -1  -1  -6  -5  -5    5   0   0  54   0   3  30   0   0   0   0   1   0   0   0   3   3   0   0   0  1.30 0.50
   87 L    -2  -4  -5  -5   0  -4  -5  -5  -5   2   5  -4   2  -1  -5  -4  -2   2  -1   2    2   0   0   0   2   0   0   0   0  13  59   0   6   1   0   0   1   3   2  12  0.83 0.36
   88 A     2  -1   3   4  -4   1   1   0  -2  -3  -4   1  -3  -4  -3   0   0  -5  -4  -3   18   1  14  24   0   6   8   7   0   0   0  10   0   0   0   6   4   0   0   1  0.42 0.23
   89 K    -1   3   1  -1  -4   1   0  -1  -1  -3  -4   4  -1  -4  -3   1  -1  -5  -3  -3    3  21   8   3   0   3   5   4   1   1   0  36   2   0   0   8   3   0   0   1  0.55 0.29
   90 L    -1  -4  -4  -5  -1  -3  -4  -5   0   1   4  -4   1   2  -4  -2  -2   0   3   0    5   0   0   0   1   1   0   0   2   6  55   0   2  10   0   2   1   1  10   4  0.64 0.31
   91 H    -2   3  -2  -2  -5   3   1  -3   4  -3  -4   5  -3  -5  -3  -1   0  -5  -3  -4    1  12   0   1   0  15   9   1  10   1   0  43   0   0   0   3   4   0   0   0  0.78 0.36
   92 R    -1   5   0  -2  -5   1  -2  -1  -1  -4  -3   3  -1  -4  -4   0   0  -4  -2  -4    4  45   4   1   0   6   0   4   1   0   1  24   1   0   0   5   4   0   1   0  0.78 0.35
   93 E    -3  -2  -2   4  -6   1   5  -4  -2  -5  -5   3  -4  -5  -3  -2  -3  -5  -4  -5    0   0   0  23   0   4  52   0   0   0   0  21   0   0   0   0   0   0   0   0  1.16 0.42

                      K         Lambda
Standard Ungapped    0.1296     0.3125
Standard Gapped      0.0457     0.2670
PSI Ungapped         0.1495     0.3104
PSI Gapped           0.0457     0.2670
