
Last position-specific scoring matrix computed, weighted observed percentages rounded down, information per position, and relative weight of gapless real matches to pseudocounts
            A   R   N   D   C   Q   E   G   H   I   L   K   M   F   P   S   T   W   Y   V   A   R   N   D   C   Q   E   G   H   I   L   K   M   F   P   S   T   W   Y   V
    1 G     3  -2  -1  -2  -2  -2  -2   5  -2  -3  -3  -2  -2  -3  -2   0  -1  -3  -3  -2   49   0   0   0   0   0   0  51   0   0   0   0   0   0   0   0   0   0   0   0  0.69 0.09
    2 S     1  -2   0   5  -3  -1   0   0  -2  -4  -4  -2  -3  -4  -2   3  -1  -5  -4  -3   14   0   0  45   0   0   0   6   0   0   0   0   0   0   0  36   0   0   0   0  0.70 0.20
    3 L     0  -1  -1  -1   0  -1  -2   2  -1   0   3  -2   0  -1  -3  -1  -2  -3  -2   1    6   3   3   3   2   2   0  17   2   2  49   1   0   0   0   2   0   0   0   8  0.21 0.11
    4 H     3  -2  -2  -2  -1   1  -1  -2   2  -1  -3  -2  -2  -3   1   2   2  -2  -1   0   28   1   0   0   1   6   2   1   7   2   0   0   0   0   6  23  13   0   2   8  0.30 0.17
    5 C    -4  -7  -6  -7  11  -6  -7  -6  -6  -4  -4  -6  -5  -6  -6  -4  -4  -6  -6  -4    0   0   0   0 100   0   0   0   0   0   0   0   0   0   0   0   0   0   0   0  3.66 0.71
    6 P    -3  -5  -4  -4  -5  -4  -4  -4  -5  -5  -6  -3  -5  -6   8   2  -3  -6  -5  -5    0   0   0   0   0   0   0   0   0   0   0   0   0   0  82  18   0   0   0   0  2.35 0.53
    7 A     2  -2  -1  -2  -3  -2   0   2   2  -4  -3  -2  -3  -4   1   4   0  -5  -3  -3   15   1   1   0   0   0   7  16   5   0   2   0   0   0   6  46   2   0   0   0  0.57 0.27
    8 A     2   4  -3  -3  -3   0  -2  -3  -3  -2  -2   1   2  -3   1   0  -2  -4  -3   2   24  25   0   0   0   5   0   0   0   0   0   8   8   0   7   4   0   0   0  18  0.38 0.22
    9 C    -4  -6  -6  -7  11  -6  -7  -6  -6  -4  -5  -6  -5  -6  -6  -4   1  -6  -6  -4    0   0   0   0  89   0   0   0   0   0   0   0   0   0   0   0  10   0   0   0  3.23 0.71
   10 T    -2   2  -2   1  -3  -2  -2  -3  -3  -2   0  -2  -2  -4  -3   3   5  -5  -4  -2    0  11   0   8   0   0   1   0   0   1  12   0   0   0   0  27  40   0   0   0  0.61 0.31
   11 C    -3  -6  -5  -6  11  -6  -6  -6  -6  -5  -5  -6  -5  -6  -6   1  -4  -6  -6  -4    0   0   0   0  90   0   0   0   0   0   0   0   0   0   0  10   0   0   0   0  3.24 0.71
   12 S     0  -3   3  -2  -3  -2   0  -2  -3  -4  -2  -2  -2   2  -3   5   1  -4  -3  -3    4   0  15   0   0   0   6   0   0   0   3   1   0   9   0  55   6   0   0   0  0.70 0.33
   13 N    -2   0   5   2  -4  -2  -1   3  -2  -5  -5   0  -4  -5   2   0  -2  -5  -4  -4    2   6  39  10   0   0   3  20   0   0   0   5   0   0  10   5   0   0   0   0  0.71 0.27
   14 N    -2  -2   4  -1  -4   0   3   2  -2  -4  -4  -1  -3  -5  -3   1   3  -5  -4  -4    0   0  27   0   0   3  20  15   0   0   0   2   0   0   0   8  26   0   0   0  0.65 0.29
   15 I    -2  -4  -2  -3  -3  -2  -1  -4  -4   4  -2  -3  -2  -3  -4   1   5  -5  -4   1    0   0   0   0   0   1   4   0   0  29   1   0   0   1   0  12  48   0   0   6  0.79 0.34
   16 V    -2  -5  -6  -6  -3  -5  -5  -6  -6   1  -1  -5  -2  -3  -5  -4  -3  -6  -4   7    2   0   0   0   0   0   0   0   0   5   1   0   0   0   0   0   0   0   0  93  1.70 0.51
   17 D    -4   2   1   7  -6  -2   0  -3  -1  -6  -6  -2  -5  -6  -4  -2  -3  -6  -2  -6    0  14   4  74   0   0   2   1   1   0   0   0   0   0   0   2   0   0   2   0  1.55 0.46
   18 C    -4  -7  -6  -7  12  -7  -7  -6  -7  -5  -5  -7  -5  -6  -6  -4  -4  -6  -6  -4    0   0   0   0 100   0   0   0   0   0   0   0   0   0   0   0   0   0   0   0  3.82 0.78
   19 R    -2   5  -1  -2  -4   0  -2  -3  -1  -3  -3  -1   3  -4  -4   4  -2  -2  -1  -3    1  36   2   1   0   3   0   1   1   1   0   0  10   0   0  40   0   0   2   1  0.76 0.35
   20 G    -2  -2   2   1  -4  -2   0   3   4  -5  -5  -2  -4  -4  -3   4  -2  -4   0  -4    0   1  12   6   0   0   4  23  12   0   0   1   0   0   0  37   0   0   4   0  0.63 0.28
   21 K    -3   2  -2  -3  -5   1  -2  -4  -3  -4   1   7  -3  -5  -4  -2  -3  -2  -4  -4    0   8   1   0   0   4   0   0   0   0  13  72   0   0   0   1   0   1   0   0  1.18 0.42
   22 G    -2   1  -1  -3  -4  -2  -2   4  -3  -4  -3   3   3  -4  -3   1   0  -4  -4  -3    1   6   1   0   0   0   0  40   0   0   1  22  12   0   0  11   7   0   0   0  0.63 0.27
   23 L    -4  -4  -6  -6  -4  -4  -5  -6  -4  -1   6  -5   0  -1  -6  -5  -4  -4  -3  -2    0   1   0   0   0   0   0   0   0   0  97   0   0   2   0   0   0   0   0   0  1.58 0.48
   24 T     1  -3  -2   1  -3  -3   0  -4  -3  -3  -4  -3  -2  -5  -3   0   7  -5  -4  -2   12   0   1   7   0   0   5   0   0   0   0   0   1   0   0   3  71   0   0   1  1.14 0.43
   25 E     3   0  -1   1  -3   0   2  -2   2  -4  -4   0  -3  -4  -3   2   0  -4  -2  -3   35   4   1   6   0   2  18   0   7   0   0   6   0   0   0  16   5   0   1   0  0.42 0.22
   26 I    -3  -5  -5  -6  -3  -5  -5  -6  -5   6   0  -5   0  -2  -5  -4  -3  -5  -3   5    0   0   0   0   0   0   0   0   0  48   6   0   1   1   0   0   0   0   0  45  1.21 0.38
   27 P    -3  -5  -5  -5  -6  -5  -4  -5  -5  -6  -6  -4  -6  -7   9  -4  -4  -7  -6  -6    1   0   0   0   0   0   0   0   0   0   0   0   0   0  99   0   0   0   0   0  3.12 0.69
   28 T     2  -1  -1  -1  -3   0   0  -2  -2  -1  -3  -1  -2  -2  -1   3   4  -4  -3  -1   19   2   0   3   0   4   4   1   1   3   1   2   0   1   2  21  36   0   0   2  0.44 0.24
   29 N    -2  -2   5  -1  -4  -2  -2   4   2  -3  -4  -2  -3  -3  -3  -1  -1  -4  -1  -2    2   2  39   2   0   0   0  35   6   1   0   1   0   1   0   2   4   0   2   4  0.79 0.28
   30 L    -2  -4  -5  -5  -3  -4  -5  -5  -5   6   3  -4   0   1  -5  -2  -2  -4  -3   1    2   0   0   0   0   0   0   0   0  53  31   0   1   5   0   2   0   0   0   5  0.90 0.31
   31 P    -4  -5  -5  -5  -6  -4  -4  -5  -5  -6  -6  -4  -6  -7   9  -2  -4  -7  -6  -6    0   0   0   0   0   0   0   0   0   0   0   0   0   0  97   2   0   0   0   0  3.01 0.67
   32 E     2  -2  -2   0  -3   2   4  -3  -1  -3  -3  -1  -3  -4   1   0   1  -4  -2   0   25   0   0   3   0  10  30   0   1   0   1   0   0   0   7   7  10   0   1   6  0.42 0.22
   33 T    -1   0   1   2  -3   1   0   0   0  -3  -4  -1  -3  -3  -3   3   3  -4   0  -3    2   4   4  15   0   7   5   6   2   0   0   0   0   0   0  29  21   0   4   0  0.39 0.21
   34 I    -1  -4  -3  -4  -3  -3  -4  -4  -4   2  -3  -3   3  -4  -4  -1   7  -5  -4  -1    3   0   0   0   0   0   0   0   0  15   0   0  10   0   0   0  70   0   0   2  1.24 0.45
   35 T    -1  -2  -1   0  -3   0   3  -4  -2  -2  -3  -1  -1  -4  -3   0   6  -3  -4   0    3   0   1   3   0   2  20   0   1   1   1   3   1   0   0   3  54   0   0   5  0.74 0.33
   36 E    -3   3  -1   0  -5   0   5  -4  -2   0  -3   2  -3  -3  -3  -2  -2  -4   0   1    0  15   3   3   0   2  44   0   0   7   0  11   0   0   0   0   0   0   4  10  0.58 0.27
   37 I    -4  -4  -6  -6  -3  -4  -5  -6  -5   4   5  -5   1  -2  -5  -5  -3  -4  -3   0    0   0   0   0   0   0   0   0   0  23  73   0   2   0   0   0   0   0   0   1  1.20 0.38
   38 R    -3   5  -1   3  -3   2   1  -4   0  -4  -4   0  -3  -4  -4  -2  -2   0   0  -3    0  45   2  18   1  10   9   0   1   0   1   3   0   0   0   1   1   1   4   2  0.75 0.29
   39 L    -4  -5  -6  -6  -4  -5  -5  -6  -5  -1   6  -5   1  -1  -4  -5  -4  -4  -3  -1    0   0   0   0   0   0   0   0   0   0  95   0   1   1   0   0   0   0   0   2  1.52 0.46
   40 E    -3   2   3   2  -5   2   4  -2   3  -4  -4   0  -2  -4  -3  -1  -1  -2   0  -4    0  11  14  10   0   8  36   3   7   0   0   3   1   0   0   1   2   1   3   0  0.59 0.24
   41 Q    -3  -1   0   0  -4   4  -1  -2   0  -2   0  -2  -2   4  -4  -1  -2  -2   4  -2    0   2   4   4   0  30   1   3   2   0   9   0   0  18   0   5   1   0  18   2  0.50 0.26
   42 N    -4  -2   9  -2  -6  -3  -3  -3  -2  -5  -6  -3  -5  -6  -5  -2  -2  -7  -5  -6    0   1  95   0   0   0   0   1   0   1   0   0   0   0   0   0   2   0   0   0  2.31 0.61
   43 T    -1   2  -1  -1  -4   4   1   0   0  -4  -2   3  -2  -3  -3   1   0  -4  -1  -3    3  10   0   3   0  27   5   9   3   0   3  18   0   1   0  13   4   0   2   0  0.40 0.20
   44 I    -3  -5  -5  -5  -3  -5  -5  -6  -5   6   4  -5   0  -1  -4  -4  -3  -4  -3   0    1   0   0   0   0   0   0   0   0  52  44   0   0   1   1   0   0   0   0   0  1.13 0.37
   45 K     1   2  -2  -2  -3   3  -1  -3  -2  -3  -3   3  -3  -4  -3   2   3  -4  -3  -2   10  10   0   0   0  13   1   0   0   1   0  24   0   0   0  17  23   0   0   1  0.51 0.25
   46 V    -1  -1   0  -1  -3   0   3  -1  -2  -1  -3   1  -3  -3  -3   4   0  -4  -2   0    3   1   4   1   0   1  20   2   1   4   1  10   0   1   0  40   2   0   1   9  0.38 0.23
   47 I    -3  -4  -5  -5  -3  -4  -5  -5  -5   6   4  -4   0  -2  -5  -4  -3  -4  -3   2    0   0   0   0   0   0   0   0   0  53  36   0   1   0   0   0   0   0   0   8  1.04 0.33
   48 P    -3  -3  -3   0  -5   1   1  -3  -1  -5  -3  -2  -4  -5   7   1  -2  -5  -4  -4    0   0   0   5   0   6  10   1   1   0   2   1   0   0  61  10   2   0   0   0  1.46 0.39
   49 P     3  -2   0   0  -3  -2  -1  -1   0  -4  -3  -2  -3  -4   6   2  -1  -4  -4  -2   26   2   4   4   0   0   2   3   3   0   1   0   0   0  37  14   1   0   0   2  0.77 0.26
   50 G    -2   0   0  -2  -2  -2  -2   5  -3  -4  -4   3  -2  -3  -3  -1   1  -4  -4  -4    1   5   4   1   1   0   1  46   0   0   0  24   1   1   0   3  10   0   0   0  0.70 0.26
   51 A     5  -3  -3  -4  -2  -3  -3  -2  -4   0  -2  -3  -2  -3  -3   0  -1  -4  -2   2   64   1   0   0   0   0   0   0   0   4   2   0   0   0   0   6   2   0   1  18  0.78 0.32
   52 F    -5  -5  -5  -6  -5  -6  -6  -6  -4  -3  -2  -5  -3   9  -6  -5  -5  -2   0  -3    0   0   0   0   0   0   0   0   0   0   2   0   0  95   0   0   0   0   0   0  2.44 0.58
   53 S    -1   2  -1   2  -4   1  -1  -3   5  -3  -4   2  -3  -3  -3   2   0  -3  -1  -3    3  10   1  16   0   5   1   0  21   1   0  14   0   1   0  19   4   0   1   1  0.46 0.21
   54 P    -1   1   1  -1  -4   1  -1   2   2  -4  -4   3  -3  -4   3   0  -1  -4  -3  -3    3   7   7   1   0   5   1  21   6   0   0  21   0   0  16   7   1   0   0   1  0.43 0.17
   55 Y    -3  -4  -5  -5  -3  -3  -4  -5  -2  -1   5  -4   1   1  -4  -4  -3  -2   5  -2    0   0   0   0   0   1   0   0   1   1  66   0   2   3   0   0   0   0  24   0  1.04 0.35
   56 K    -1   2  -1  -2  -3  -1  -1  -2  -2  -3  -3   4  -3  -4   1   1   4  -4  -2  -2    3   8   2   0   0   1   1   1   1   0   0  35   0   0   7  10  28   0   1   1  0.54 0.25
   57 K    -2   3   3  -1  -4   3   0  -3   1  -4  -4   4  -3  -4  -3   0  -2  -4  -3  -3    1  13  18   1   0  14   5   0   4   0   0  36   0   0   0   4   1   0   0   1  0.65 0.25
   58 L    -4  -4  -5  -5  -3  -4  -5  -4  -5   0   6  -4   0  -2  -5  -4  -3  -4  -3  -1    0   0   0   0   0   0   0   1   0   1  93   0   0   0   0   0   0   0   0   1  1.43 0.43
   59 R    -2   4   2  -2  -4   0  -2  -3  -2  -3  -4   2  -3  -4  -3  -1   5  -4  -3  -3    0  25  11   0   0   2   0   1   1   0   0  14   0   0   0   1  42   0   0   0  0.76 0.31
   60 R    -2   4  -2  -2  -4  -1  -1  -4   0  -1  -2   1  -1   1  -3  -2   2   2   4  -3    1  32   1   2   0   2   2   0   2   3   3   9   1   5   0   0  14   2  21   0  0.52 0.24
   61 I    -3  -4  -5  -5  -3  -4  -5  -5  -5   5   5  -4   0  -2  -5  -4  -3  -4  -3   0    0   0   0   0   0   0   0   0   0  33  62   0   0   0   0   0   0   0   0   2  1.07 0.34
   62 D    -1  -2   2   5  -3  -1   0  -1  -1  -3   0  -2  -2  -3  -3   1  -1   1   1  -2    2   1  11  36   0   1   2   4   1   0  13   0   0   0   0  15   3   2   6   1  0.42 0.21
   63 L    -4  -4  -5  -6  -3  -4  -5  -6  -5   1   6  -5   0  -1  -4  -5  -3  -4  -3  -1    0   0   0   0   0   0   0   0   0   7  88   0   0   1   0   0   0   0   0   1  1.33 0.40
   64 S    -1  -2   3   2  -3   1   0   0   0  -4  -4  -2  -3  -3  -3   4   0  -4   0  -4    1   1  18   9   0   6   3   4   2   0   1   0   0   0   0  45   4   0   5   0  0.56 0.26
   65 N    -3  -1   6   0  -4   0  -1  -1  -1  -4  -5   1  -4  -3  -4   0   0  -2   1  -4    1   1  55   3   0   5   2   4   0   1   0   8   0   0   0   6   5   0   6   0  0.87 0.32
   66 N    -4  -3   9  -2  -5  -3  -3  -3  -2  -6  -6  -2  -5  -6  -5  -2  -3  -6  -5  -6    0   0  96   0   0   0   0   0   0   0   0   1   0   0   0   0   0   0   0   0  2.36 0.61
   67 Q    -3   0   0  -3  -5   7   0  -4   0  -4  -3   3  -3  -5  -3  -2  -3  -4  -4  -4    1   2   4   0   0  64   2   0   1   1   3  19   0   0   1   1   0   0   0   0  1.28 0.44
   68 I    -3  -4  -5  -5  -3  -4  -5  -5  -5   5   4  -4   0  -1  -5  -4  -3  -4  -3   0    1   0   0   0   0   0   0   0   0  48  46   0   0   1   0   0   0   0   0   2  1.05 0.34
   69 S    -1   1  -2  -2  -4   5   0  -2  -2  -4  -4   2  -2  -4  -1   3   0  -4  -3  -3    3   8   0   0   0  39   2   1   0   0   0  10   0   0   3  24   6   0   0   1  0.66 0.30
   70 E     0   0  -1   0  -3   0   3  -3  -2  -3  -3   1  -3  -2  -2   3   2  -2  -1  -3    4   6   0   4   0   3  23   0   0   1   0   8   0   2   0  28  16   0   2   1  0.39 0.21
   71 L    -3  -4  -5  -5  -3  -4  -5  -6  -5   5   4  -4   1  -2  -5  -4  -2  -4  -3   1    0   0   0   0   0   0   0   0   0  38  54   0   1   0   0   0   2   0   0   5  1.01 0.33
   72 A     3  -2  -4  -3  -4  -3  -1  -3  -4  -4  -4  -3  -4  -3   7   0  -2  -5  -4  -3   31   2   0   1   0   0   3   1   0   0   0   0   0   1  51   7   1   0   0   1  1.29 0.38
   73 P     1   1   0   0  -3  -2   1  -2   0  -2  -3  -1  -1  -4   5   0  -2  -4  -3   1   15  10   3   5   0   0   8   2   3   1   0   1   1   0  28   9   0   0   0  14  0.43 0.19
   74 D    -2  -1   1   4  -5  -3  -2   5  -4  -6  -6  -2  -5  -5  -4  -2  -3  -1  -5  -5    0   4   5  30   0   0   1  55   0   0   0   2   0   0   0   1   1   1   0   0  1.14 0.36
   75 A     4  -4  -4  -4  -3  -4  -4  -3  -2   0  -2  -4  -2  -4  -4  -1  -1  -5  -4   5   46   0   0   0   0   0   0   0   1   1   0   0   0   0   0   3   2   0   0  47  0.92 0.37
   76 F    -5  -6  -6  -7  -6  -6  -6  -5  -4  -3  -2  -6  -3   9  -7  -6  -5  -2   0  -4    0   0   0   0   0   0   0   1   0   0   1   0   0  98   0   0   0   0   0   0  2.66 0.64
   77 Q    -2  -3   0   6  -5   4   2  -4   0  -5  -5  -2  -4  -5  -3   0  -2  -5  -3  -5    1   0   2  50   0  20  14   0   2   0   0   1   0   0   0   7   1   0   1   0  1.03 0.36
   78 G    -2  -1  -2   0  -5   4  -1   5   2  -5  -5   2  -4  -5  -2  -1  -3  -4  -4  -5    1   3   0   6   0  22   1  43   6   0   0  13   0   0   2   3   0   0   0   0  0.74 0.29
   79 L    -1  -5  -6  -6  -2  -4  -5  -6  -5  -1   6  -5   0  -2  -5  -4  -4  -4   0  -1    6   0   0   0   1   0   0   0   0   0  89   0   0   0   0   0   0   0   3   0  1.32 0.43
   80 R    -1   3  -1  -2  -4   0   2  -3   0  -2  -3   2  -2  -4  -3   0   2  -4  -2   1    3  21   2   0   0   1  16   0   2   1   0  17   0   0   0   4  20   0   0  13  0.37 0.21
   81 S    -1  -2   5  -1  -4   2   1  -1  -1  -4  -4   1  -3  -4  -2   3   0  -5  -3  -3    4   0  32   1   0   8   9   3   1   0   0   7   0   0   1  28   3   0   0   1  0.57 0.26
   82 L    -4  -5  -6  -6  -4  -5  -5  -6  -5  -1   6  -5   0  -2  -5  -5  -4  -4  -4   0    0   0   0   0   0   0   0   0   0   0  94   0   0   0   0   0   0   0   0   5  1.52 0.47
   83 N    -2  -1   4   1  -4   1   0   0  -1  -2  -2   2  -3  -4  -3   0   3  -4  -3  -3    1   1  29   6   0   8   4   6   1   1   5  13   0   0   0   3  21   0   0   0  0.41 0.22
   84 S    -1   1  -1   0  -3  -1   2  -3  -1  -2  -3   1  -2  -2  -3   3   2  -2   3  -3    0   6   2   5   0   1  15   0   1   2   2   8   0   1   0  29  13   0  13   0  0.34 0.21
   85 L    -4  -4  -6  -6  -4  -5  -5  -6  -5   0   6  -5   1  -2  -5  -5  -4  -4  -4  -1    0   1   0   0   0   0   0   0   0   2  94   0   1   0   0   0   0   0   0   1  1.50 0.46
   86 V    -2   2  -1  -1  -3  -2  -2  -3   2   0  -2  -2  -1  -1  -4  -1  -2   3   5   3    1  14   2   5   0   1   2   1   5   3   1   0   2   0   0   5   0   5  24  29  0.42 0.24
   87 L    -4  -5  -6  -6  -4  -5  -5  -6  -5   0   6  -5   0   0  -5  -5  -4  -4  -3  -1    0   0   0   0   0   0   0   0   0   1  95   0   0   2   0   0   0   0   0   1  1.53 0.47
   88 Y    -2  -1   1  -1  -4   1  -2  -2   2  -4  -3  -3  -3   0  -4   1   0  -1   7  -3    1   2   8   3   0   6   2   2   4   0   1   0   0   0   0  12   7   0  51   0  0.92 0.35
   89 G    -1   0   2   0  -4   1   0   4  -1  -3  -4   2  -3  -2  -3   0   0  -3   1  -3    2   5  10   3   0   9   4  34   1   1   0  13   0   1   0   6   4   0   6   0  0.38 0.17
   90 N    -5  -3   9  -2  -6  -3  -3  -3  -2  -6  -6  -3  -5  -6  -5  -2  -3  -7  -5  -6    0   0  98   0   0   0   0   0   0   0   0   0   0   0   0   0   0   0   0   0  2.49 0.64
   91 K    -3   1  -1  -2  -5   6   2  -4  -2  -5  -5   5  -3  -5  -4  -2  -3  -5  -2  -5    0   4   2   1   0  44  12   0   0   0   0  34   0   0   0   1   0   0   1   0  1.15 0.41
   92 I    -4  -5  -6  -6   0  -5  -5  -6  -5   5   5  -5   0  -2  -5  -5  -3  -4  -3   0    0   0   0   0   2   0   0   0   0  45  53   0   0   0   0   0   0   0   0   0  1.17 0.38
   93 T    -1   0  -1  -2  -4   4   1  -3   2  -4  -4   4  -3  -5  -1   0   4  -4  -3  -3    3   2   1   1   0  21   6   0   6   0   0  28   0   0   2   4  28   0   0   0  0.63 0.29
   94 E     0  -3  -1   2  -4  -2   3  -3  -3  -3  -4  -2  -4  -2  -3   5   0  -5  -3  -3    5   0   1  12   0   0  22   0   0   1   0   0   0   2   0  52   3   0   0   0  0.77 0.34
   95 L    -4  -5  -6  -6  -3  -4  -5  -6  -5   4   5  -5   0  -2  -2  -5  -3  -4  -3   0    0   0   0   0   0   0   0   0   0  22  72   0   0   0   2   0   0   0   0   4  1.13 0.37
   96 P    -1  -1  -4   1  -5  -1  -3  -4   0  -5  -4  -2  -5  -6   8  -1  -3  -6  -5  -5    5   3   0   9   0   2   0   0   2   0   1   1   0   0  72   3   0   0   0   0  1.86 0.48
   97 K     0   1   0   0  -4   0   0  -1   0  -4  -4   3  -2  -4   4   2  -1  -4  -3  -3    9   8   4   4   0   4   4   3   2   0   0  21   0   0  22  18   1   0   0   0  0.48 0.20
   98 S    -2   2  -1  -1  -5   2  -2   5   0  -5  -5   0  -4  -5  -4   0  -3  -5  -4  -5    0  15   1   2   0  10   2  58   2   0   0   4   0   0   0   5   1   0   0   0  0.95 0.32
   99 L     1  -4  -4  -5  -3  -4  -4  -4  -4   2   2  -4   2  -2  -4  -3   0  -4  -3   5   14   0   0   0   0   0   0   0   0  12  19   0   5   0   0   0   5   0   0  46  0.63 0.26
  100 F    -5  -6  -6  -6  -5  -6  -6  -6  -4  -3  -2  -6  -3   9  -6  -5  -5  -2   0  -4    0   0   0   0   0   0   0   0   0   0   1   0   0  97   0   0   0   0   0   0  2.60 0.62
  101 E    -3   0   0   6  -5   0   2  -1   1  -5  -5   2  -4  -5  -3  -1  -2  -5  -4  -5    0   4   2  52   0   3  12   5   4   0   0  14   0   0   0   2   1   0   0   0  0.93 0.31
  102 G    -2   1  -1  -2  -4  -1  -2   5  -1  -5  -5   3  -4  -5  -2   1  -2  -4  -4  -4    0   9   2   1   0   1   1  50   2   0   0  22   0   0   1  10   1   0   0   0  0.83 0.29
  103 L    -4  -5  -6  -6  -4  -5  -5  -6  -5  -1   6  -5   0  -2  -4  -5  -4  -4  -2  -2    0   0   0   0   0   0   0   0   0   0  96   0   1   0   0   0   0   0   1   0  1.56 0.46
  104 F    -1  -1  -2  -2  -3  -2  -2  -2  -1   0  -2  -2  -1   2  -3   0   5  -3   0   1    4   4   0   1   0   0   2   2   2   4   0   2   1  11   0   6  50   0   4   9  0.52 0.27
  105 S    -1   0   1  -2  -4   2  -1  -1  -2  -4  -4   4  -3  -5  -3   4   0  -5  -4  -4    2   1   6   0   0   9   2   3   0   0   0  31   0   0   0  42   3   0   0   0  0.68 0.30
  106 L    -4  -5  -6  -6  -4  -5  -5  -6  -5   0   6  -5   0  -2  -5  -5  -4  -4  -3  -1    0   0   0   0   0   0   0   0   0   3  96   0   0   0   0   0   0   0   0   0  1.57 0.46
  107 Q    -3   0  -1  -2  -4   5   2  -4  -2  -4  -4   2  -3  -5  -3  -1   4  -4  -4  -3    0   2   1   1   0  34  13   0   0   0   0  11   0   0   0   0  36   0   0   0  0.87 0.36
  108 L    -2   0  -2  -1  -3   2   1  -3   0   0   3   0   1  -1  -3  -2   0   2   1  -1    0   6   1   4   0  13   9   0   2   3  37   4   2   0   0   2   7   3   6   1  0.23 0.16
  109 L    -4  -5  -6  -6  -4  -5  -5  -6  -5   0   6  -5   0  -2  -5  -5  -4  -4  -3  -2    0   0   0   0   0   0   0   0   0   1  97   0   1   0   0   0   0   0   0   0  1.58 0.47
  110 L    -2  -1   0   1  -2   0  -2  -2  -1  -1   2  -2   1   0  -3   0  -1   3   4  -2    1   3   5   8   0   5   1   3   1   0  29   0   5   2   0   7   2   5  22   0  0.30 0.18
  111 L    -4  -4  -5  -6  -4  -4  -5  -6  -5   1   6  -5   0  -2  -5  -3  -3  -4  -3  -1    0   0   0   0   0   0   0   0   0   7  89   0   0   0   0   2   0   0   0   1  1.35 0.41
  112 N    -3   0   6   1  -3   1  -1  -1   5  -4  -3  -2  -3  -3  -4   0  -2  -4   2  -4    1   5  41   6   0   5   3   3  18   0   2   0   0   1   0   7   1   0   7   0  0.75 0.29
  113 A     3   0   2  -1  -2   1   0  -1  -1  -2  -2  -1  -2   2  -3   1   1  -3   1  -2   31   4  11   2   0   7   3   3   1   1   3   1   0  12   0  10   8   0   4   0  0.22 0.16
  114 N    -4  -3   9  -2  -6  -3  -3  -3  -2  -6  -6  -2  -5  -6  -5  -2  -3  -6  -5  -6    0   0  96   0   0   0   0   0   0   0   0   2   0   0   0   0   0   0   0   0  2.39 0.62
  115 K    -3   1  -1  -2  -5   6   1  -2  -1  -5  -3   5  -2  -5  -3  -2  -3  -5  -4  -4    0   4   2   1   0  40   6   2   1   0   2  40   1   0   0   2   0   0   0   0  1.03 0.37
  116 I    -3  -4  -5  -5  -3  -4  -5  -6  -5   5   5  -3   0  -1  -5  -4  -3  -4  -3   0    0   0   0   0   0   0   0   0   0  43  53   2   0   1   0   0   0   0   0   0  1.08 0.35
  117 N    -1  -1   3  -1  -4   6   2  -2   1  -4  -4   0  -3  -5  -3   0   0  -4  -3  -3    3   1  18   1   0  41  13   1   3   1   0   2   0   0   0   8   6   0   0   1  0.73 0.31
  118 C    -1  -2  -3  -3   8  -3  -3  -3  -4  -4  -4  -3  -2  -4  -4   5   2  -5  -4  -3    1   2   0   0  36   0   0   0   0   0   0   0   1   1   0  45  11   0   0   1  1.28 0.41
  119 L    -3  -4  -5  -5  -3  -4  -5  -5  -5   4   4  -4   0  -1  -5  -4  -3  -4  -3   2    0   0   0   0   0   0   0   0   0  32  54   0   0   0   0   0   0   0   0  12  0.96 0.32
  120 R    -2   4  -2  -2  -5   0   0  -3   1  -5  -5   0  -4  -5   6  -2  -3  -5  -4  -4    1  31   1   1   0   4   6   1   3   0   0   3   0   0  46   1   0   0   0   0  1.25 0.37
  121 V     1   0   2   0  -3  -1   1  -2   3  -2  -2   2  -2  -3   3   0  -1  -4  -2   1   15   3  10   4   0   0   9   0   9   0   1  15   1   0  14   4   2   0   0  12  0.26 0.15
  122 D    -2  -2   1   4  -4  -2   2   5  -3  -5  -5  -2  -4  -2  -3  -1  -3  -4  -4  -4    0   1   7  26   0   0  13  47   0   0   0   1   0   2   0   1   0   0   0   0  0.89 0.29
  123 A     2  -3  -3  -3  -2  -3  -3  -3  -3   0  -1  -3  -1  -3  -3   1   3  -4  -3   4   23   0   0   0   0   0   0   0   0   4   4   0   0   0   0   9  25   0   0  32  0.48 0.24
  124 F    -5  -5  -5  -6  -5  -5  -5  -5  -4  -3  -2  -5  -3   9  -3  -5  -5  -2   0  -3    0   0   0   0   0   0   0   0   0   0   0   0   0  94   2   0   0   0   0   0  2.39 0.57
  125 Q    -2   1   0   5  -4   3   0  -1  -1  -3  -4   0  -3  -4  -3   0  -1  -4  -3  -4    2   6   3  44   0  17   3   4   1   1   0   6   0   0   0   7   3   0   1   0  0.68 0.25
  126 D    -3   0   0   5  -5  -1  -1   0   1  -4  -4   5  -4  -4  -1  -1  -1  -5  -3  -4    0   4   2  33   0   0   1   8   4   0   0  39   0   0   2   1   2   0   1   0  0.73 0.28
  127 L    -4  -4  -5  -5  -3  -4  -5  -5  -5  -1   6  -4   0  -2  -5  -4  -3   1  -3  -1    0   0   0   0   0   1   0   0   0   0  93   0   0   0   0   0   0   2   0   1  1.42 0.43
  128 H    -1   0  -2  -2  -3   3  -1  -3   3  -2  -2  -2  -2  -4   2   0   5  -4  -3  -2    4   6   0   0   0  14   3   1   9   1   4   0   0   0   9   5  41   0   0   2  0.51 0.25
  129 N    -2  -1   5  -1  -4   2   1  -2  -2  -5  -3   3  -3  -4  -3   2  -1  -5  -1  -4    1   0  34   0   0   9   7   1   0   0   1  25   0   0   0  17   1   0   3   0  0.68 0.30
  130 L    -4  -5  -6  -6  -4  -5  -5  -6  -5   1   6  -5   0  -2  -5  -5  -4  -4  -3   0    0   0   0   0   0   0   0   0   0   4  91   0   0   0   0   0   0   0   0   5  1.45 0.44
  131 N    -2   1   4  -1  -4   3   2  -2  -1  -4  -4   2  -3  -1  -3   1   2  -4  -3  -3    1   5  21   1   0  12  18   1   0   0   0  14   0   4   0   9  15   0   0   0  0.45 0.22
  132 L    -2   3  -2  -1  -3  -1   0  -4   0  -1   3  -1   0   0  -3  -1   2  -3  -2  -1    0  20   0   2   0   1   8   0   3   1  32   2   1   4   0   1  20   0   1   4  0.30 0.20
  133 L    -4  -5  -6  -6  -4  -5  -6  -6  -5  -1   6  -5   0   0  -6  -5  -4  -4  -3  -2    0   0   0   0   0   0   0   0   0   0  97   0   0   3   0   0   0   0   0   0  1.63 0.48
  134 S    -1  -1  -1   1   1   0   0  -2   0  -4  -3  -2  -3   3  -3   4  -1   1   3  -3    1   3   1   7   3   4   6   2   2   0   0   0   0  12   0  44   1   2  12   0  0.49 0.27
  135 L    -4  -5  -6  -6  -4  -5  -5  -6  -5  -1   6  -5   2  -2  -4  -5  -4  -4  -4  -1    0   0   0   0   0   0   0   0   0   0  96   0   4   0   0   0   0   0   0   0  1.59 0.47
  136 Y    -3   1   1  -2  -5   1  -2  -4   5  -4  -3  -3  -3   1  -4   0  -2  -1   7  -4    0   7   7   2   0   8   1   0  15   0   2   0   0   4   0   8   1   0  46   0  0.98 0.36
  137 D    -3  -2   5   5   0   0  -1  -3  -2  -2  -4  -2  -4  -5  -4   0   1  -5  -2  -3    0   1  33  38   3   4   2   0   0   2   0   0   0   0   0   5   9   0   1   1  0.89 0.32
  138 N    -5  -4   9  -2  -6  -3  -3  -3  -2  -6  -6  -3  -5  -6  -5  -2  -3  -7  -5  -3    0   0  97   0   0   0   0   0   0   0   0   0   0   0   0   1   0   0   0   3  2.39 0.64
  139 K    -3   2   2  -2  -5   6   0  -4  -1  -5  -4   4  -1  -5  -3  -1  -1  -5  -4  -4    0   7   8   1   0  41   2   0   1   0   0  34   2   0   0   3   2   0   0   0  0.99 0.37
  140 L    -4  -5  -6  -6  -4  -5  -5  -6  -5   4   5  -5   0  -2  -5  -5  -3  -4  -3  -1    0   0   0   0   0   0   0   0   0  29  71   0   0   0   0   0   0   0   0   0  1.27 0.40
  141 Q    -2   3  -2  -3   0   6  -1  -4  -1  -5  -4   3  -3  -5  -2   1   0  -5  -4  -4    1  13   0   0   3  48   0   0   1   0   0  16   0   0   1   9   6   0   0   0  0.93 0.37
  142 T    -1   1  -1  -3  -3  -1  -2  -2   0  -4  -4   1  -4  -5  -3   5   3  -5  -4  -4    0   7   2   0   0   1   0   1   3   0   0   7   0   0   0  61  20   0   0   0  0.93 0.39
  143 I    -2  -4  -5  -5  -3  -4  -4  -5  -5   5   2  -4   0  -2  -4  -4  -2  -4  -3   5    1   0   0   0   0   0   0   0   0  33  21   0   1   0   0   0   0   0   0  43  0.91 0.31
  144 A     2  -4  -3  -3  -4  -2  -3  -3  -2  -3  -4  -3  -4  -5   7   1   0  -5  -4  -2   22   0   0   0   0   1   0   0   1   1   1   0   0   0  55  11   5   0   0   3  1.32 0.38
  145 K    -1   0   3   4  -4  -1   1  -3   1  -4  -4   3  -3  -4   2  -1  -2  -5  -3  -4    6   4  17  26   0   1   9   0   4   0   0  21   0   0  10   1   0   0   0   0  0.57 0.23
  146 G    -2  -2  -3  -4  -5  -4  -3   7  -4  -6  -6  -4  -5  -5  -4  -2  -4  -5  -5  -5    0   2   0   0   0   0   2  92   0   0   0   0   0   0   0   2   0   0   0   0  1.93 0.48
  147 T     3  -3  -3  -3  -2  -3  -3  -3  -3   1   0  -3  -1  -3  -3   1   4  -4  -3   1   34   0   0   0   0   0   0   0   0   9   6   0   0   0   0   6  34   0   0   9  0.53 0.26
  148 F    -5  -5  -6  -6  -5  -6  -6  -6  -4  -3  -2  -6  -3   9  -6  -5  -5  -2   0  -2    0   0   0   0   0   0   0   0   0   0   1   0   0  95   0   0   0   0   0   2  2.47 0.59
  149 S     0  -2   0   6  -4  -2  -1  -3  -1  -4  -5  -2  -3  -5  -3   2   1  -5  -4  -3    8   1   3  55   0   0   1   1   1   0   0   0   1   0   0  19   8   0   0   1  0.94 0.33
  150 P    -1   1   2  -2  -3   0  -2  -2   3  -4  -4   0  -3  -2   3   4   0  -4  -1  -3    3   9  10   0   0   2   0   2   9   0   0   3   0   1  17  37   5   0   2   0  0.54 0.25
  151 L    -4  -4  -6  -6  -4  -4  -5  -6  -5  -1   6  -5   1  -2  -5  -5  -4  -4  -3  -2    0   0   0   0   0   0   0   0   0   0  96   0   2   0   0   0   0   0   0   0  1.55 0.46
  152 R     0   3  -1   0  -3   2   1  -1   0  -2  -3   1  -2  -4  -2   1   2  -4  -3  -1    5  21   1   6   0   9   8   5   2   1   1   9   0   0   0   9  20   0   0   6  0.28 0.15
  153 A     2  -2   3  -2  -3   0  -2  -2  -2  -4  -4   2  -3  -4  -3   5  -1  -5  -4  -3   19   0  15   1   0   3   0   1   0   0   0  13   0   0   0  47   0   0   0   0  0.69 0.31
  154 I    -3  -4  -5  -5  -3  -4  -5  -5  -5   5   4  -4   3  -2  -5  -4  -3  -4  -3   1    0   0   0   0   0   0   0   0   0  35  52   0   6   0   0   0   0   0   0   4  0.98 0.32
  155 Q    -2  -1  -1   0  -4   6   2  -3   0  -4  -4   3  -2  -5  -3   1   0  -4  -3  -4    1   1   2   3   0  40  12   1   2   0   0  19   1   0   0  12   5   0   0   0  0.74 0.30
  156 T    -2   3  -1   0  -3  -2  -2  -3   2  -2  -2   0   0  -3  -3  -1   5  -2   0  -1    0  16   2   5   0   0   1   0   6   1   2   4   3   0   0   2  50   0   3   3  0.61 0.29
  157 M    -3  -4  -5  -5  -3  -4  -5  -5  -5   3   5  -4   4  -2  -5  -4  -2  -4  -3   1    0   0   0   0   0   0   0   0   0  20  63   0   9   0   0   0   1   0   0   4  0.97 0.32
  158 H    -3   3   2  -2  -5   2  -2  -4   7  -4  -4  -2  -3  -3  -4  -2   0   6   2  -4    0  16   9   1   0  10   1   0  36   0   0   0   0   0   0   2   6  11   7   0  1.00 0.35
  159 L    -4  -5  -6  -6  -4  -5  -5  -6  -5   1   6  -5   0  -2  -5  -5  -4  -4  -4  -1    0   0   0   0   0   0   0   0   0   3  96   0   0   0   0   0   0   0   0   0  1.57 0.47
  160 A     3  -2   1   2  -3   0   0  -1   3  -3  -1  -2  -1   0  -3   0  -1  -3   1  -2   32   0   7  16   0   5   5   3   9   0   6   0   1   4   0   3   2   0   7   0  0.27 0.18
  161 Q     0   1   3   1  -4   4   0  -1  -2  -4  -4   1  -3  -4  -2   2   0  -4  -3  -3    5   7  17   8   0  23   3   4   0   0   0   6   0   0   1  20   5   0   0   0  0.44 0.21
  162 N    -5  -3   9  -2  -6  -3  -3  -3  -2  -6  -7  -3  -5  -6  -5  -2  -3  -7  -5  -6    0   0  99   0   0   0   0   0   0   0   0   0   0   0   0   0   0   0   0   0  2.53 0.65
  163 P     0  -5  -4  -4  -5  -4  -4  -3  -4  -5  -2  -4  -4  -6   8  -2  -3  -6  -5  -4    9   0   0   0   0   0   0   1   0   0   4   0   0   0  81   2   0   0   0   0  2.20 0.52
  164 F    -5  -5  -6  -6  -5  -5  -5  -5  -5  -2   1  -5  -3   6  -6  -5  -5  10   0  -4    0   0   0   0   0   0   0   0   0   1  15   0   0  36   0   0   0  46   0   0  2.19 0.51
  165 I    -3  -3   0   5  -4  -2  -2  -4   0   3  -2  -3   0  -3  -4  -2  -2  -5  -3   2    0   1   4  46   0   1   0   0   3  26   2   0   2   1   0   1   0   0   0  13  0.75 0.30
  166 C    -3  -6  -5  -6  11  -6  -6  -5  -6  -4  -4  -6  -4  -5  -6  -4  -4  -5  -5  -4    0   0   0   0  97   0   0   0   0   0   0   0   0   0   0   0   0   0   0   0  3.52 0.70
  167 D     0  -3   1   6  -4  -1   2  -3  -3  -4  -4  -2  -4  -5  -3   2   1  -5  -4  -4    7   0   4  47   0   0  16   0   0   0   0   0   0   0   0  14  10   0   0   0  0.82 0.29
  168 C    -3  -6  -5  -6  11  -6  -6  -5  -6  -4  -4  -6  -4  -5  -6  -4  -4  -5  -5  -4    0   0   0   0  97   0   0   0   0   0   0   0   0   0   0   0   0   0   0   0  3.52 0.70
  169 H    -2   0   4   3  -4  -1   0   1   5  -4  -4  -2  -3  -4  -3   2  -2  -4  -1  -4    1   4  23  21   0   1   4   9  19   0   0   0   0   0   0  15   0   0   1   0  0.63 0.24
  170 L    -3  -4  -5  -5  -3  -4  -5  -5  -5   5   4  -4   0  -2  -4  -3  -3  -4  -3   1    0   0   0   0   0   0   0   0   0  47  47   0   0   0   0   1   0   0   0   2  1.03 0.33
  171 K    -1   2  -2   0  -3  -1  -1  -3  -1   3   1   3   1  -2  -3  -2  -1  -3  -2  -1    5  13   0   6   0   2   2   1   1  24  18  22   4   0   0   0   1   0   1   0  0.25 0.17
  172 W    -5  -5  -5  -6  -5  -4  -5  -5  -3  -5  -4  -5  -4  -1  -6  -5  -5  11   7  -5    0   0   0   0   0   0   0   0   0   0   0   0   0   0   0   0   0  50  46   0  2.82 0.61
  173 L    -3  -4  -5  -5  -3  -4  -5  -5  -4   0   5  -4   3   4  -5  -4  -3  -3  -2  -1    0   0   0   0   0   0   0   0   0   1  74   0   6  16   0   0   0   0   0   0  1.11 0.35
  174 A     4   2  -2  -3  -2  -2  -2   1  -3  -2  -3  -1  -2  -3  -3   2  -1  -4  -3   2   40  12   1   0   0   0   0  10   0   1   0   1   0   0   0  18   0   0   0  15  0.44 0.23
  175 D    -2   1   3   5  -4   1   3  -1  -1  -4  -4   1  -2  -4  -3  -1   0  -5  -4  -4    1   7  17  33   0   4  17   2   1   1   0   9   1   0   0   1   5   0   0   0  0.60 0.23
  176 Y    -5  -5  -6  -6  -5  -4  -5  -5  -3  -3   1  -5  -2   3  -6  -5  -4  10   6  -3    0   0   0   0   0   0   0   0   0   0  14   0   1  12   0   0   0  47  24   1  2.11 0.49
  177 L    -3  -4  -4  -5  -3  -4  -5  -5  -5   4   5  -4   2  -2  -4  -4  -3  -4  -3   0    0   0   1   0   0   0   0   0   0  23  70   0   3   0   1   1   0   0   0   1  1.04 0.34
  178 H     0   3   2   0  -4   3   0  -2   4  -4  -3   4  -3  -2  -3  -1  -2  -4  -2  -4    6  16   9   4   0  15   2   2  12   0   1  29   0   2   0   1   0   0   0   0  0.52 0.22
  179 T    -1   1  -1   3  -4   2   2  -3  -2  -3  -3   4  -3  -4  -3   0   2  -4  -3  -3    4   4   1  16   0   8  11   0   0   1   1  35   0   0   0   4  15   0   0   0  0.51 0.22
  180 N    -3   0   7  -1  -5  -2  -2  -2   3  -5  -5   2  -4  -4  -4   0  -2  -5   0  -5    0   5  65   0   0   0   0   1   7   0   0  12   0   0   0   5   1   0   3   0  1.25 0.40
  181 P     0  -1  -1  -3  -4   0  -2   1  -3  -4  -4   1  -3  -4   6   1   0  -4  -3  -3    8   3   2   0   0   4   1  14   0   0   1   8   0   0  44  10   5   0   1   0  0.87 0.27
  182 I    -2  -2   0   2  -3   0  -1  -1  -1   4  -1   2  -1  -3  -3  -2  -2  -2  -3   2    0   0   6  15   0   5   2   4   2  31   1  19   0   0   0   1   1   0   0  13  0.29 0.20
  183 E    -1  -1   0   0  -4   0   5  -3   4  -2  -3   2  -3  -4  -3  -1   0  -4  -2  -1    4   1   4   2   0   2  44   0  14   2   1  13   0   0   0   0   8   0   0   5  0.61 0.26
  184 T    -2  -2  -1   2  -3   3  -1   0  -2   0  -3  -2  -2  -4   1   0   4  -4  -3   0    1   1   0  14   0  15   1   7   1   5   1   0   0   0   6   3  36   0   0   9  0.39 0.23
  185 S     1  -3  -1   1  -3  -2  -2   1  -3  -3  -1  -2  -3  -4  -3   5   1  -4  -4  -3   11   0   0   7   0   0   0   9   0   0   6   1   0   0   0  57   7   0   0   1  0.65 0.30
  186 G     2  -4   1  -2  -4  -1  -3   6  -3  -4  -5  -3  -4  -4  -4   1  -2  -4  -4  -4   15   0   5   1   0   2   0  64   0   1   0   0   0   1   0  10   1   0   0   0  1.08 0.33
  187 A     6  -4  -4  -4  -3  -3  -3   0  -4  -3  -4  -3  -3  -5   0   0  -2  -5  -4  -2   84   0   0   0   0   0   0   6   0   0   0   0   0   0   5   3   1   0   0   1  1.24 0.44
  188 R    -2   5  -1  -3  -4   2   0  -3  -2  -3  -3   2  -3  -4  -3   2   2  -4  -2   0    0  38   1   0   0  10   3   0   0   0   0  12   0   0   0  15  12   0   1   8  0.59 0.26
  189 C    -4  -6  -5   2  11  -6  -5  -5  -6  -4  -5  -6  -5  -6  -6  -3  -4  -6  -6  -4    0   0   0  11  87   0   0   0   0   0   0   0   0   0   0   1   0   0   0   0  3.04 0.67
  190 T     2  -2   0   1  -3   1   4  -2  -1  -3  -3   0  -3  -4  -2   2   2  -4  -3  -3   17   0   5   5   0   5  29   0   1   0   1   3   0   0   0  17  16   0   0   0  0.43 0.21
  191 S     1  -1   0  -2  -3   0  -2   2   1  -4  -3   2  -3  -2  -3   3  -1  -3   2  -3   13   2   3   1   0   2   0  18   4   0   1  16   0   0   0  29   2   0   8   0  0.36 0.20
  192 P    -2  -3  -3  -3   3  -3  -2   1  -3  -3  -4  -2  -3  -4   8  -2  -2  -4  -4  -3    1   1   1   1   6   1   1  10   0   1   2   1   0   1  69   1   1   0   1   1  1.66 0.36
  193 R     0   4  -1  -1   2  -1  -1   0  -2  -3  -3   1  -2  -1  -2   0   1  -3  -2  -2    6  36   1   3   6   1   1   7   0   1   1  10   0   2   1   8  12   0   1   2  0.36 0.16
  194 R    -2   5   0   0  -3  -1   1   2  -2  -3  -3   0  -2   0  -2   0  -1  -3  -2  -3    1  44   3   6   0   1   8  15   0   1   1   2   0   5   1   8   2   0   0   1  0.50 0.20
  195 L    -1  -2  -2  -3  -2   0  -2  -3  -3   0   3   0   3  -1  -3  -2   3  -3  -2   0    2   1   1   1   0   6   2   1   0   2  40   5   8   1   1   1  22   0   0   6  0.34 0.18
  196 A     4   0  -2  -2  -3   3  -1   1   1  -3  -4   0  -3  -4  -1   2  -2  -4  -3  -3   43   4   1   1   0  19   2   8   4   0   0   4   0   0   2  13   0   0   0   0  0.49 0.25
  197 N    -2   1   4  -1  -4  -1  -1   4  -2  -2  -3  -1  -3  -4  -3   0  -2  -4  -4   2    0   8  25   1   0   1   3  31   1   0   0   3   0   0   0   6   0   0   0  21  0.50 0.24
  198 K    -3   4  -3  -3  -6  -1  -2  -4  -3  -1  -4   7  -4  -5  -4  -3  -3  -5  -4  -4    0  19   0   0   0   1   0   0   0   5   1  75   0   0   0   0   0   0   0   0  1.43 0.46
  199 R     2   4  -1   3  -4  -1  -1  -3  -3  -4  -3   0  -3  -5   3   1  -2  -5  -4  -4   18  31   1  18   0   0   0   0   0   0   1   4   0   0  17  10   1   0   0   0  0.63 0.26
  200 I    -3  -5  -5  -5  -3  -5  -5  -6  -5   5   0  -5  -1  -1  -5  -4  -2  -5  -3   5    0   0   0   0   0   0   0   0   0  39   4   0   0   2   0   0   0   0   0  55  1.16 0.38
  201 G     1   1   2   0  -3   0  -1   2  -2  -2   0   0  -2  -3  -3   1   0  -4  -3  -2   13  11  14   3   0   5   2  17   0   0  15   5   0   0   0   8   5   0   0   1  0.18 0.12
  202 Q    -1  -2  -1   2  -3   4   2  -3  -2  -4  -3  -1  -3  -4  -2   2   3  -4  -3  -2    2   0   2  11   0  23  12   0   0   0   1   0   0   0   1  20  27   0   0   1  0.56 0.27
  203 I    -2  -4  -4  -3  -3  -3   2  -5  -4   5   2  -2   1  -2  -4  -3  -2  -4  -3   2    3   0   0   0   0   0  17   0   0  48  14   1   2   0   0   0   1   0   0  13  0.63 0.27
  204 K    -1   1  -1   0  -3  -1  -1  -3  -1  -3  -1   4  -2  -4   0   0   3  -4  -3  -2    5   6   0   6   0   1   0   1   1   0   8  35   0   0   4   4  29   0   0   0  0.43 0.23
  205 S     0  -2  -2   0  -3  -1   2  -2   0   2  -2  -1  -2  -2   1   2   0  -4  -2   0    4   0   0   4   0   0  19   3   2  22   1   1   0   2   7  22   6   0   0   7  0.21 0.16
  206 K    -2   0  -1   0  -5   1   4  -3  -2  -4  -4   5  -3  -5  -1   1  -2  -5  -4  -3    0   1   2   3   0   5  28   0   0   0   0  48   0   0   2   9   0   0   0   2  0.80 0.30
  207 K    -3   0   3   4  -5   0   3  -3  -2  -5  -5   4  -4  -5   0  -2  -2  -5  -4  -4    0   2  14  25   0   1  19   0   0   0   0  35   0   0   3   0   0   0   0   0  0.78 0.28
  208 F    -3  -4  -5  -5  -4  -4  -5  -5  -4  -1   0  -4  -1   7  -5  -1  -3  -2   1   3    0   0   0   0   0   0   0   0   0   0   5   0   1  59   0   5   0   0   1  29  1.11 0.34
  209 R    -2   4   2  -2  -4  -1  -1  -3  -2  -4  -4   3  -3  -4   3  -1   2  -5  -3  -3    0  32  13   1   0   0   1   0   0   0   0  17   0   0  18   2  15   0   0   0  0.68 0.24
  210 C    -3  -6  -6  -7  11  -6  -7  -5  -6  -4  -4  -6  -4  -5  -6  -4  -4  -5  -5  -4    0   0   0   0 100   0   0   0   0   0   0   0   0   0   0   0   0   0   0   0  3.47 0.65

                      K         Lambda
Standard Ungapped    0.1371     0.3216
Standard Gapped      0.0543     0.2670
PSI Ungapped         0.1785     0.3129
PSI Gapped           0.0543     0.2670
