
Last position-specific scoring matrix computed, weighted observed percentages rounded down, information per position, and relative weight of gapless real matches to pseudocounts
            A   R   N   D   C   Q   E   G   H   I   L   K   M   F   P   S   T   W   Y   V   A   R   N   D   C   Q   E   G   H   I   L   K   M   F   P   S   T   W   Y   V
    1 G     3  -3  -1  -2  -2  -2  -2   6  -3  -4  -4  -2  -3  -4  -2   0  -2  -3  -3  -3   29   0   0   0   0   0   0  71   0   0   0   0   0   0   0   0   0   0   0   0  0.93 0.13
    2 P    -3   0  -4  -3  -5  -3  -2  -4  -4  -5  -5  -2  -4  -5   8  -2  -3  -6  -5  -4    0   6   0   0   0   0   2   0   0   0   0   0   0   0  92   0   0   0   0   0  2.38 0.37
    3 L    -1  -2  -3  -2   3   1   0  -2  -3  -2   2  -2   0  -3   5   0  -1  -4  -3  -2    3   2   0   0   7   6   8   2   0   0  24   0   2   0  36   7   2   0   0   0  0.60 0.17
    4 G     0   0  -2  -2  -3  -1  -2   4  -3  -4  -4  -2  -3  -4   3   2  -1  -4  -4  -2    7   6   0   0   0   1   0  42   0   0   0   0   0   0  18  19   3   0   0   4  0.66 0.22
    5 S     1  -1  -1  -1  -3  -1   2  -2   2  -3  -3   2  -3  -4   3   2   1  -4  -3  -3    9   2   0   0   0   0  19   0   8   0   2  14   0   0  17  17  12   0   0   0  0.41 0.18
    6 M    -1  -3  -3  -2  -4  -2   0  -3  -4  -1  -1  -3   8  -1   1   0   0  -4  -3  -1    4   0   0   3   0   0   8   2   0   1   3   0  53   2   8   6   7   0   0   2  0.94 0.43
    7 A     1  -2   0   0   1  -1   2  -1  -2  -1  -2  -1  -2  -3  -1   2   2  -4  -1  -1   12   0   2   4   3   0  18   2   0   3   4   2   0   0   2  22  18   0   2   4  0.25 0.19
    8 E     0  -2   1   4   3   1   3  -2  -2  -4  -3  -2  -2  -4   0   1   0  -5  -4  -3    7   1   4  27   7   5  24   2   0   0   2   0   1   1   4  11   4   0   0   1  0.48 0.25
    9 S     1  -2  -2  -1   5   2   1   1   1  -4  -3  -1  -2  -4   0   2   0  -4  -1  -3    9   0   0   1  14  10  11  13   3   0   1   1   1   0   4  21   7   0   3   0  0.35 0.22
   10 E     0  -2   0   1  -4   1   4  -1  -3  -2   2  -2  -1  -3  -2  -1  -2  -4  -3  -1    6   0   3   8   0   5  38   4   0   0  24   0   0   0   2   4   0   0   0   5  0.42 0.27
   11 L     0  -1   0   0  -3  -2   0  -3  -2   0   0   0   1   4  -2  -1  -1   3   1   0   10   3   5   7   0   0   6   0   0   4   8   9   4  23   2   1   2   5   3   6  0.16 0.14
   12 M    -1   2   0  -1  -1   0   2   1   1  -1   0   0   2  -1   0  -1  -1  -1   0  -1    3  13   4   2   2   2  15  12   4   4   8   6   9   1   3   1   2   1   4   3  0.09 0.11
   13 H    -3  -2  -1   3  -4   2   2  -3   4  -2  -3   0  -3  -1  -3   0   0  -2   5  -2    0   1   2  17   0  13  11   0  10   2   0   4   0   1   1   7   6   0  24   2  0.51 0.28
   14 I     1  -1   1  -2  -3  -1  -3  -3  -3   1  -3  -1  -2  -4   1   0   5  -1  -3   1   12   3   7   1   0   1   0   0   0   9   0   2   0   0   6   3  40   1   0  12  0.47 0.30
   15 H    -2   5  -2  -3   0   1   0  -3   4  -3   0   0  -2  -3  -4   0  -2  -4   2  -3    3  37   0   0   3   7   6   2  11   0  10   3   1   0   0   8   2   0   7   1  0.52 0.30
   16 S     2   1  -1  -1  -2   1   3  -2  -1  -2  -1  -1   0  -2  -3   1   1  -3   1  -2   21   6   1   1   1   7  21   1   1   1   6   1   2   1   0  13   9   0   5   0  0.24 0.20
   17 L    -4  -5  -5  -6  -4  -4  -4  -6  -5   3   5  -4   3  -1  -5  -5  -2  -4  -3   1    0   0   0   0   0   0   1   0   0  18  63   1   6   2   0   0   1   0   0   7  1.05 0.43
   18 A     4  -3  -1  -4  -3  -2  -1  -1  -4   1   0  -3  -2   0  -3  -1  -1  -4  -3   3   38   1   3   0   0   1   4   3   0   7   8   0   0   4   0   3   2   0   0  26  0.42 0.29
   19 E     0   0   0   0  -2   3   3   1   0  -3  -2   1   0  -4  -1   0  -1  -4  -3  -1    8   5   3   3   1  18  21  11   2   0   3   6   2   0   2   8   2   0   0   5  0.28 0.20
   20 H    -4  -1   2   6  -3  -2   1  -3   1  -5  -5  -1  -5  -2  -4   0  -1  -6  -3  -4    0   4   7  56   1   1   7   1   4   0   0   4   0   2   0   8   4   0   0   1  1.06 0.45
   21 Y    -2  -5  -5  -6  -5  -4  -2  -6  -1  -3  -2  -5   0   5  -1  -4  -1  -1   8  -2    4   0   0   0   0   0   2   0   1   0   3   0   3  21   4   0   4   0  55   2  1.50 0.57
   22 L    -2  -4  -5  -4  -3  -3  -5  -3  -5   4   4  -4   1   0  -1  -2  -2  -4  -2   2    2   0   0   1   0   1   0   2   0  27  39   0   3   3   3   3   1   0   1  16  0.65 0.31
   23 Q    -1   3   0  -1  -2   2   0   1   2  -2  -2   1  -2   0  -2   1  -2   1   0  -3    2  17   3   3   1  12   4  12   6   2   4  10   0   4   1  14   0   2   3   1  0.22 0.18
   24 Y    -3   0  -1   0   0  -3   0  -5   5  -3   0  -2  -2   2  -5  -4  -3   0   7  -3    1   6   2   6   2   0   6   0  17   1   8   1   1   6   0   0   1   1  40   1  0.92 0.42
   25 V    -1   3  -3  -4   4   0  -2  -3  -2   0  -1   2  -2   0  -3  -2  -1  -4  -1   2    4  21   0   0   9   4   0   1   1   5   3  17   0   4   1   2   3   0   1  22  0.35 0.25
   26 L     0  -3  -3  -4   3  -2  -4  -3   1  -1   4  -3  -1  -2  -2  -1   1  -2  -3  -1    9   1   1   1   7   1   0   2   5   0  53   1   0   1   2   4   8   0   0   3  0.53 0.32
   27 Q    -1   2   0   0  -2   5   0   2  -3  -4  -4  -1  -3  -5  -2   2  -1  -5  -4  -3    2  12   3   6   1  29   5  17   0   1   0   1   0   0   2  17   2   0   0   2  0.53 0.33
   28 V    -1   0  -2  -1   0   4   1  -2   0   1   0   1   0  -2  -1   1   0  -3  -3   0    4   4   0   1   3  22   7   2   2   8   8  10   2   1   2  13   4   0   0   7  0.18 0.17
   29 P    -2   1  -3  -3   0   1   0  -2  -1  -5  -5   0  -4  -5   7   1  -2  -5  -4  -4    3   7   1   1   3   7   6   3   1   0   0   6   0   0  49  10   1   0   0   0  1.09 0.43
   30 A     1   0  -1   0  -4   4  -1   3   1  -3  -3  -1  -1  -4   2   0  -2  -4  -4  -4   11   6   2   4   0  24   3  22   4   1   2   1   1   0  10   6   2   0   0   0  0.43 0.27
   31 F     0  -1  -2  -1   1   0  -1   0   0  -1   1  -1  -1   0   4   0   0  -3   0  -1    9   2   1   3   4   3   4   7   2   2  18   3   1   3  20   6   5   0   4   3  0.20 0.14
   32 E     0   2   1   2  -1   1   1   2   0  -3  -2  -1  -2  -3   1   1  -1  -4  -3  -2    5  11   5  12   1   7  10  17   2   0   3   2   1   1   8   9   3   0   0   3  0.24 0.16
   33 S     1   1  -2  -2  -4  -1  -2   0  -2  -3  -4  -1  -3  -4   5   2   1   4  -4  -3    9   7   1   1   0   2   1   6   1   1   1   3   0   0  29  21   9   6   0   1  0.64 0.34
   34 A     2  -1  -1  -1   0  -2  -1   1  -1  -2  -3  -1  -2  -4   4   1   1  -4  -4   0   18   3   2   2   2   1   3  12   1   1   1   3   1   0  22  11  11   0   0   7  0.38 0.23
   35 P    -1  -3  -1  -2  -1   0  -1  -2   1  -3  -1  -3   3  -5   6   0   1  -5  -4  -3    5   1   3   1   1   4   3   3   4   1   6   0   7   0  43   6  10   0   0   1  0.86 0.39
   36 S     0  -1   2   0  -1   0   0   1  -1  -2  -3   1  -1  -4   1   3   0  -4  -3  -3    7   3  10   6   1   4   4   8   2   3   1   8   2   0   6  28   6   0   0   1  0.27 0.20
   37 Q     0   3  -2  -1  -3   2   1  -2   0  -4  -3   4  -3  -5   2  -1  -2  -5  -4  -1    9  16   0   3   1  11  10   3   3   0   2  25   0   0   9   3   1   0   0   4  0.43 0.27
   38 A     2  -3  -2  -3  -3  -2  -2  -2   0   1   1  -3  -1  -2  -1   0   2  -4   0   3   20   0   1   1   0   1   2   3   2   6  12   0   0   1   2   8  13   0   3  26  0.26 0.22
   39 C     2  -2  -2  -3   1  -1  -2   1   3  -1   0  -1  -1  -2  -2   2  -1  -4  -2   0   20   1   1   0   4   2   1  11  11   2  13   3   1   1   1  17   2   0   1   8  0.20 0.19
   40 R     0   4  -2  -1  -3   3   3  -3   1  -4   0   2  -2  -3  -2  -1  -2  -4  -3  -3    6  27   1   1   0  13  18   1   3   0   9   9   0   1   1   4   2   0   0   1  0.48 0.29
   41 V     2   0  -2  -3   4   1  -1  -3  -2  -1  -2  -2  -1  -4  -3  -1   4  -4  -3   2   16   4   2   0  10   6   4   1   1   3   2   2   1   0   0   0  30   0   0  18  0.44 0.31
   42 L    -4  -4  -5  -6  -4  -5  -6  -5  -5   0   6  -5   6  -3  -6  -5  -3  -1  -4  -1    1   0   1   0   0   0   0   1   0   3  70   0  20   0   0   0   1   1   0   2  1.41 0.57
   43 Q     1   6  -1  -4  -3   3  -2  -2   1  -5  -4   2  -4  -5  -4  -2  -4  -5  -4  -4   10  51   2   0   1  15   0   2   3   0   1  11   0   0   0   1   0   0   0   1  1.10 0.50
   44 R     0   5   1   1  -3   1   1  -3  -2   0  -3   1  -3  -4  -4  -1  -1  -5  -3  -2    7  38   8   7   1   7  10   1   0   6   1   5   0   0   0   3   3   0   1   1  0.52 0.30
   45 V     2  -4  -4  -5  -1  -3  -4  -4  -5   3   1  -3   0  -2  -4  -2   0  -5  -3   4   22   0   0   0   1   1   0   0   0  20  14   1   1   1   0   2   5   0   0  32  0.60 0.33
   46 A     3  -4  -4  -4  -2  -4  -4   5  -5  -3   0  -4  -2  -5  -4  -1  -2  -5  -5   1   25   0   0   0   1   0   0  49   0   0   9   0   1   0   0   4   1   0   0  11  0.88 0.42
   47 F    -2   1   0   6  -3   1   0  -2  -3  -5  -4  -1  -4   2  -4   0  -2  -2  -4  -5    2   7   4  53   0   6   4   2   0   0   1   4   0   9   0   6   1   1   0   0  0.93 0.43
   48 S    -3  -2   0   4  -2   0   5  -1  -2  -6  -5  -1  -5  -2  -4   2  -3  -6  -5  -5    1   2   3  24   1   2  42   6   0   0   1   2   0   2   0  15   0   0   0   0  0.89 0.44
   49 V    -3  -5  -5  -6  -4  -5  -5  -6  -5   3   3  -5   3   4  -4  -4  -1  -3  -2   3    1   0   0   0   0   0   0   0   0  18  29   0   7  20   1   1   3   0   0  21  0.77 0.35
   50 Q    -1  -2   2   2  -4   4   4  -1  -2  -2   0  -1   0  -4  -4   0  -3  -5  -3  -2    4   0   9  12   0  18  27   4   0   3  10   1   3   0   0   7   0   0   1   2  0.45 0.30
   51 K     0   3   1   1  -4   1   2   0  -2  -3  -1   2  -2  -4  -3   0  -1  -4  -3  -2    7  19   7   9   0   4  16   6   0   0   6  12   1   0   0   8   3   0   0   2  0.30 0.20
   52 E    -3   5   3   0  -5   2   2  -3   0  -4  -2   3  -2  -3  -1  -3  -3  -5  -4  -4    1  29  13   4   0   8  16   1   2   0   4  18   1   1   2   0   0   0   0   0  0.66 0.35
   53 V    -3  -2   0  -5  -5  -3  -4  -5   7  -3  -1  -4   1   2  -5  -4  -2  -2   7   2    1   2   5   0   0   1   0   0  24   0   4   0   4   6   0   0   3   0  35  14  1.12 0.49
   54 E    -1   3   0   2  -5   3   4  -2   1  -5  -3  -1  -4  -5  -2  -2  -2  -2  -3  -5    4  20   3  13   0  16  30   2   3   0   3   1   0   0   2   1   1   1   1   0  0.68 0.36
   55 K     0   3  -1   1  -2   1   0  -2  -2   0  -1   1   0  -2  -1   0   0  -3   0  -1    8  19   1   7   1   5   5   2   0   7   7   9   2   1   3   9   6   0   5   2  0.12 0.11
   56 N     2   0   2   2  -3   0   1  -2  -1  -2  -1  -1  -1  -2   0   0   1  -3  -2  -1   23   5   9  12   0   2  10   1   1   2   5   3   2   2   4   7   7   0   0   5  0.16 0.13
   57 L    -5  -5  -6  -6  -5  -5  -6  -6  -4  -1   3  -5   1   7  -6  -5  -5  -1   3  -2    0   0   0   0   0   0   0   0   0   3  27   0   3  55   0   0   0   1   8   1  1.51 0.54
   58 K     0   2   2  -1  -3   4   1  -3   1  -4  -4   3  -1  -3  -3   1   0  -5  -3  -2    6   9  10   2   0  23   7   0   3   0   1  17   2   1   0  11   5   0   0   2  0.44 0.27
   59 S    -1   1   1   2  -2   1   1   2  -1  -4  -4  -1  -4  -5   2   1   0  -5  -3  -4    4   9   6  15   1   8   8  20   1   0   1   1   0   0  11  13   4   0   0   0  0.37 0.23
   60 Y    -3  -2  -5  -6   3  -1  -5  -6  -5  -1   3  -5   9   0  -4  -3  -4   0   0  -1    2   2   0   0   6   3   0   0   0   2  24   0  50   3   0   1   0   1   3   3  1.34 0.56
   61 L     0  -4  -4  -4   4   0  -4  -4  -3   3   3  -3   0  -1  -3   1   0  -2  -3   1    7   0   0   0  10   4   0   0   1  17  31   0   1   3   1  11   6   0   0   8  0.39 0.25
   62 D     0   2   2   3  -2   2   0   1   0  -4  -4   0  -1  -5  -3   1  -1  -5  -4  -3    8  10  12  22   1  11   3   9   3   0   0   5   2   0   0  11   2   0   0   1  0.40 0.24
   63 D    -1   2   1   2  -5   4   0  -3   2  -4  -3   3  -2  -5  -2   0   0  -5  -3  -4    4  13   7  10   0  25   2   1   5   0   3  17   0   0   1   7   6   0   0   0  0.51 0.30
   64 F    -4  -5  -5  -6  -1  -5  -5  -6  -5   1   5  -5   1   3  -3  -3  -4  -4  -3   1    0   0   0   0   1   0   0   0   0   6  66   0   2  13   1   2   0   0   0   8  1.05 0.43
   65 H    -1   0   1   4  -4   2   1  -2   6  -4  -2  -1  -3  -3  -3   1  -1  -4  -1  -4    4   3   7  23   0  10   7   3  20   1   5   2   0   1   1   9   3   0   1   0  0.51 0.28
   66 V    -1  -2  -3  -3   1  -2  -3  -4  -4   4   2  -2   1  -1  -1  -2   0  -3  -1   3    4   2   1   1   3   1   0   1   0  27  23   2   3   2   4   1   5   0   2  18  0.37 0.20
   67 E    -1  -1  -1   2  -2   1   1  -1   1  -1  -2   0  -1  -2   1   0   1  -2   0   0    4   2   2  12   0   7  12   4   5   2   3   7   1   1   7   6  12   0   3  10  0.13 0.09
   68 S    -1  -2   1   0   2  -2   0  -3  -2  -4  -4  -2  -4  -5   3   3   4  -5  -4  -4    3   1   7   4   4   1   5   1   1   0   0   2   0   0  14  25  32   0   0   0  0.69 0.37
   69 I    -1   1  -3  -1  -2  -1   2   0  -2   0  -2  -1  -2  -1   5  -1  -2  -3  -3   1    5   9   0   2   1   2  13   7   1   6   3   3   1   3  30   2   2   0   0  10  0.44 0.22
   70 D     0  -1   1   4  -1  -1   2   1  -1  -3  -3   0  -3  -3   0   1   0  -4  -3  -3    7   2   6  25   1   1  12  13   1   1   2   4   0   1   4  11   4   0   0   1  0.33 0.17
   71 T     0  -1   2   3  -2  -1   0  -2  -3  -2  -3  -2  -3  -4  -1   1   4  -4  -3  -1    8   3  10  21   0   2   6   1   0   1   1   1   0   0   2   7  30   0   0   5  0.45 0.25
   72 A     5  -3   0   0  -1  -2  -2  -1  -2  -2   0  -2  -1  -3   1  -1   0  -4  -3   0   51   1   4   7   1   0   1   3   1   2   9   1   1   0   6   3   4   0   0   5  0.47 0.27
   73 R    -2   4  -2  -3   2   2  -1  -3   2  -3  -2   2   1   0  -3  -1  -3  -2   5  -2    2  22   0   1   6  12   2   1   4   0   2  13   4   3   1   4   0   0  21   2  0.52 0.27
   74 I     1   1  -1  -1  -2   2   3  -1   0  -1  -3   0  -2  -4   0   2   1  -4  -2  -2   10   8   1   2   0  11  19   3   2   3   1   2   0   0   4  19  11   0   1   1  0.29 0.20
   75 I     0   0  -1  -3   1  -2  -2  -1  -1   2   0  -2   0   0  -3   1   2  -3   1   2    7   7   2   0   3   0   0   3   1  16   5   1   1   5   0  13  16   0   4  14  0.15 0.14
   76 F    -5  -5  -6  -6  -2  -5  -6  -6  -4  -1   2  -5  -2   8  -6  -5  -4  -2   1  -1    0   0   0   0   1   0   0   0   0   3  16   0   0  72   0   0   0   0   2   4  1.80 0.54
   77 N     0   1   2  -1  -2   0   1  -1   0  -1  -1   0   0   1  -2   1   1  -3  -1   0    6  10  12   0   0   5   9   3   2   3   5   5   2   7   1   9  13   0   0   7  0.10 0.10
   78 Q     1   3   1   0  -1   4   1  -1  -1  -3  -4   2  -3  -4  -3   0   0  -4  -2  -3   13  15   7   3   1  21   6   4   1   1   0  13   0   0   0   7   6   0   1   0  0.36 0.22
   79 V    -3  -6  -6  -6  -1  -5  -5  -6  -6   3  -2  -5  -1  -4  -5  -3  -3  -6  -4   7    0   0   0   0   1   0   0   0   0  15   0   0   0   0   0   2   1   0   0  80  1.64 0.56
   80 M     4  -4  -4  -5  -1  -3  -4  -3  -4   0   0  -4   6  -3  -3  -1  -1  -5  -4   2   44   0   0   0   1   0   0   1   0   4   6   0  27   0   1   2   2   0   0  12  0.85 0.40
   81 E     0   0   2   3  -4  -1   3  -2  -2  -3  -3   1  -1  -4  -3   1  -1  -4  -2  -2    6   5  12  20   0   1  25   2   0   1   2   9   1   0   0   9   3   0   1   4  0.39 0.21
   82 K    -2   0  -1   0  -5   2   5  -3   2  -5  -4   2  -3  -5  -3   1  -2  -5  -4  -4    1   3   2   4   0   7  46   1   6   0   1  13   0   0   0  13   1   0   0   1  0.79 0.36
   83 E    -3  -4  -5  -4  -4  -2   1  -5  -4   2   4  -2   4  -1  -5  -4  -2  -4  -3   1    0   0   0   0   0   1  13   0   0  12  47   2  14   1   0   0   1   0   0  10  0.71 0.32
   84 F    -6  -6  -7  -7  -6  -6  -4  -7  -5  -3  -2  -6  -3   9  -2  -6  -5  -3  -1   0    0   0   0   0   0   0   2   0   0   0   1   0   0  89   3   0   0   0   0   5  2.45 0.71
   85 E     1   3  -1   0  -4   1   3   0  -1  -3  -2   1  -3  -4  -3   2  -1  -2  -3  -2   12  17   2   4   0   6  20   6   1   0   3   6   0   0   0  19   2   1   0   3  0.33 0.21
   86 D    -3  -4  -1   7  -6  -3   1  -2  -4  -6  -6  -3  -6  -6  -4   1  -3  -7  -6  -6    2   1   1  76   0   0   7   2   0   0   0   0   0   0   0   9   1   0   0   0  1.72 0.55
   87 G    -3  -2  -2  -4  -6  -2  -3   7  -1  -7  -7  -2  -6  -6  -5  -2  -4  -6  -6  -6    0   2   1   0   0   2   2  87   1   0   0   3   0   0   0   2   0   0   0   0  1.90 0.58
   88 I    -2  -2   1  -3  -3   0  -1  -1   0   4  -1   0  -1  -3  -1  -2   0  -4  -3   3    1   1   8   0   0   4   3   6   2  30   2   7   0   0   3   1   5   0   0  28  0.35 0.24
   89 I    -1  -2  -2  -2   0  -2  -2  -2  -2   2   1  -2   1   2  -2  -1   3  -1   0   1    3   2   2   2   2   1   2   2   1  15  11   2   3  12   2   2  24   0   2   9  0.18 0.10
   90 N    -5  -2   9  -2  -6  -3  -4  -4  -3  -6  -6  -2  -5  -6  -5  -1  -3  -7  -5  -6    0   2  92   0   0   0   0   0   0   0   0   2   0   0   0   3   0   0   0   0  2.42 0.72
   91 W    -7  -7  -8  -9   1  -7  -8  -7  -7  -7  -6  -8  -6  -4  -8  -7  -7  13  -2  -7    0   0   0   0   3   0   0   0   0   0   0   0   0   0   0   0   0  97   0   0  4.82 1.11
   92 G    -3  -6  -4  -5  -6  -5  -6   8  -6  -7  -7  -5  -6  -7  -6  -2  -5  -6  -7  -7    0   0   0   0   0   0   0  98   0   0   0   0   0   0   0   2   0   0   0   0  2.42 0.69
   93 R    -5   8  -4  -5  -7  -3  -4  -6  -1  -7  -6  -1  -5  -6  -6  -3  -2  -6  -3  -6    0  94   0   0   0   0   0   0   1   0   0   0   0   0   0   1   2   0   1   0  2.46 0.74
   94 I    -2  -6  -6  -6  -4  -5  -4  -6  -6   6   0  -5  -2  -3  -5  -5  -3  -6  -4   5    3   0   0   0   0   0   1   0   0  51   3   0   0   0   0   0   0   0   0  42  1.39 0.49
   95 V    -1  -6  -6  -6  -4  -5  -6  -4  -6   2  -1  -5   0  -4  -5  -5  -2  -6  -4   7    5   0   0   0   0   0   0   1   0   6   3   0   2   0   0   0   1   0   0  83  1.58 0.56
   96 T     5  -4  -3  -4   0  -3  -3   0  -4  -4  -4  -3   0  -5  -3   2   4  -5  -4  -2   48   0   0   0   2   0   0   7   0   0   0   0   2   0   1  12  26   0   0   2  0.84 0.40
   97 I    -2  -5  -6  -6  -4  -5  -5  -6  -5   3   4  -5   0   5  -5  -4  -3  -3  -2   1    2   0   0   0   0   0   0   0   0  14  52   0   1  22   0   0   0   0   0   8  0.97 0.37
   98 F    -5  -6  -6  -6  -5  -6  -6  -6  -1   2   1  -6  -1   8  -6  -5  -5  -2   3  -1    0   0   0   0   0   0   0   0   1  10  14   0   1  63   0   0   0   0   7   4  1.55 0.50
   99 A     3  -3  -3  -3   0  -2   0   1  -3  -3  -3  -3  -1  -1  -3   2   1  -3   3   0   32   0   0   0   2   0   8  10   0   0   1   0   1   2   0  15  10   0  12   8  0.38 0.26
  100 F    -6  -7  -7  -7  -6  -7  -7  -7  -5  -4  -2  -7  -4   9  -7  -6  -6  -3   0  -2    0   0   0   0   0   0   0   0   0   0   2   0   0  95   0   0   0   0   1   2  2.81 0.77
  101 G     3  -4  -3  -4  -1  -2  -1   6  -4  -5  -5  -4  -5  -5  -4   0   0  -5  -5  -4   22   0   0   0   1   1   4  61   0   0   0   0   0   0   0   5   5   0   0   1  1.18 0.43
  102 G     2  -4  -3  -4   3  -4  -4   5  -4  -5  -5  -4  -4  -1  -4  -1  -3  -4   3  -4   20   1   0   0   6   0   0  53   0   0   0   0   0   3   0   4   1   0  12   0  1.07 0.41
  103 V     1   3  -2  -3   0  -2  -1  -3  -3   1  -1   1  -1   2  -3  -1   0  -3   0   2   16  18   2   0   2   0   3   0   0   9   3   8   1   9   0   2   5   0   2  20  0.21 0.18
  104 L    -4  -5  -6  -6  -4  -5  -5  -6  -5   0   5  -5   4   0  -5  -5  -2  -4  -3   3    0   0   0   0   0   0   0   0   0   2  64   0  11   3   0   0   2   0   0  18  1.12 0.42
  105 L     4  -4  -3  -4   7  -4  -4  -3  -4   0  -1  -4  -2  -4  -4   0   1  -5  -1   1   38   0   1   0  24   0   0   0   0   5   4   0   0   0   0   7   8   0   2  10  0.81 0.36
  106 K     0   1  -3  -3  -3   1  -2  -4  -1   1   1   3   1  -1  -3  -2  -2  -4  -3   3    7   6   0   0   0   7   1   0   2   7  12  27   3   2   0   2   1   0   0  24  0.32 0.23
  107 K    -2   0  -2  -2  -5   3   3  -4   6  -5  -4   4  -4  -3  -4  -2  -3  -1   2  -5    2   3   0   1   0  11  20   0  22   0   1  27   0   0   0   1   0   1   9   0  0.85 0.37
  108 L     1  -1  -3  -4   6  -2  -3  -4  -4  -1   3  -3   0   0  -4   2  -1  -4  -2   1   12   4   0   0  19   1   1   0   0   2  29   0   1   3   0  17   1   0   1   9  0.48 0.26
  109 K     0   0  -2  -3  -3   1  -1  -2  -2   1   2   1   0   0  -1  -2  -2  -1   1   2    7   3   1   0   0  10   2   3   1   5  20  12   1   4   2   2   0   1   7  21  0.14 0.14
  110 Q    -2   1   2   2   2   3   4  -3  -2  -3  -4   0  -2  -5  -3   1  -1  -5  -3  -2    1   9  10  10   5  14  31   1   0   1   1   2   1   0   1  10   2   0   0   2  0.51 0.27
  111 E    -2   4   0  -2  -2   2   1  -2   2   0  -3   3  -2  -4  -3  -1   1  -4  -3  -3    1  25   5   1   1   7   8   3   6   6   1  22   1   0   0   2  10   0   0   1  0.44 0.24
  112 Q    -2   1   3   0  -4   2   3   3   0  -5  -4   2  -3  -5  -2  -1  -2  -4  -4  -4    1   6  16   3   0   8  22  24   2   0   1  14   0   0   1   1   0   0   0   0  0.53 0.25
  113 I     0   0  -3  -2  -3   1  -2  -3  -2   2   1  -1   5  -1  -2  -2  -1   2  -2   2    7   7   1   2   0   7   2   1   1  16  10   2  22   1   2   2   1   3   0  13  0.29 0.18
  114 A     1   0  -1   1   0   1   1   0   0  -2  -3  -1  -2  -3   3   2   1  -2  -3  -2   10   4   1   6   2   6  12   6   2   1   1   2   0   1  17  17   8   0   0   2  0.28 0.14
  115 L    -1  -1   0   0  -2   1   1  -1   1  -1   0   0   0  -2   3   0  -1  -2   0   0    5   3   3   6   1   8  11   5   4   2   9   3   3   1  19   5   3   0   3   7  0.18 0.07
  116 D     0  -1  -1   1   1   0   0   0   0   0   2  -1   1   0   0  -1   0  -1   0  -1    6   2   2  11   4   4   5   7   2   2  27   2   4   4   4   3   6   1   3   3  0.05 0.05
  117 V     0  -2  -2  -2   0  -2  -1   0  -2   1  -1  -2   0  -1   1  -1  -1  -2  -2   4    7   2   1   1   2   1   4   7   1   5   4   2   2   2   8   4   3   0   1  42  0.26 0.15
  118 S    -1  -2   0   4   1  -2   2   3  -3  -4  -4  -2  -4  -4  -1   1  -2  -4  -3  -3    3   1   3  30   4   0  15  20   0   0   0   1   0   0   3  14   1   0   1   2  0.56 0.26
  119 A     0  -2   0  -2   4  -1  -1   0  -2   0   1  -1   0   2  -2   1   1  -2   0  -1    5   1   4   1  12   1   2   6   1   6  14   3   2  10   2  11  13   0   3   2  0.13 0.09
  120 Y    -1  -1  -1  -2   2  -1  -1  -1  -1   2   1  -1   0   0   0  -1  -1  -1   1   1    4   3   2   2   6   2   3   4   1  17  15   5   1   3   5   5   3   0   7  11  0.07 0.05
  121 K    -1   3   0   1  -3   1   3   0  -1  -2  -2   2  -1  -2  -1   0  -1  -2  -2  -2    3  21   3   7   1   5  19   8   1   2   3  13   1   1   3   4   2   0   1   2  0.28 0.12
  122 Q    -1   3   1   0  -3   3   2  -1   1  -3  -2   1  -1  -3   0   0   1  -2  -2  -2    4  17   7   3   0  15  12   3   3   1   4   6   1   1   5   4  12   1   0   1  0.27 0.15
  123 V    -4  -5  -6  -6  -4  -5  -5  -6  -6   6   2  -5  -1  -2  -5  -5  -3   0  -4   4    0   0   0   0   0   0   0   0   0  51  20   0   0   1   0   0   0   1   0  26  1.18 0.43
  124 S     4  -3  -3  -3  -3  -1  -2  -1  -4   1  -2  -3   1  -3  -3   2   1  -4  -3   1   44   0   0   0   0   3   1   3   0   8   1   0   4   1   1  16   8   0   0  11  0.51 0.30
  125 S    -1   1   0   2  -1   1   3   0   1  -3  -2  -1  -3  -2  -3   1   0  -3   2  -3    3   9   4  11   2   4  27   7   3   1   4   1   0   0   0   9   6   0   8   1  0.28 0.19
  126 F    -3  -5  -5  -5  -3  -3  -1  -5  -1  -1  -2  -4  -3   5  -5  -1  -1  10   2  -2    2   0   0   0   1   1   5   0   1   4   2   0   0  22   0   6   5  42   5   3  1.63 0.51
  127 V    -2  -4  -5  -5  -3  -4  -4  -5  -5   4   1  -4   6  -1  -5  -3   2  -4  -3   3    2   0   0   0   0   0   0   0   0  26  12   0  22   1   0   0  12   0   0  24  0.80 0.35
  128 A     3  -3  -3  -3  -2  -2  -3   0  -4  -1  -1  -3   0  -4  -3   1   4  -4  -4   2   27   0   0   0   0   1   0   6   0   2   4   0   3   0   1  12  30   0   0  13  0.50 0.30
  129 E    -1   0   0   5  -4   0   3  -3   0  -4  -4   1  -2  -5  -3   0   1  -5  -4  -3    5   4   3  32   0   3  22   1   3   0   1   8   1   0   1   7  10   0   0   1  0.58 0.28
  130 F    -4  -5  -6  -7  -3  -5  -6  -6  -2  -3  -3  -6  -4   6  -6  -5  -3  -2   8  -1    1   0   0   0   1   0   0   0   0   1   0   0   0  33   0   0   2   0  57   5  2.03 0.64
  131 I    -4  -5  -6  -6  -2  -5  -5  -6  -5   4   5  -5   3  -1  -5  -5  -2  -4  -3   2    0   0   0   0   0   0   0   0   0  22  56   0   7   1   0   0   2   0   0  11  1.04 0.40
  132 M     0   1   2   1   0  -1   0   0  -2   0   0  -1   1  -3  -3  -1   1  -4  -2   1   10  11  12   8   2   1   5   6   0   6  12   1   5   0   0   1   8   0   1   9  0.09 0.12
  133 N    -2   1   3   2  -3   1   2   0   1  -4  -4   0  -2  -4  -3   1   1  -5  -3  -2    1  10  18  11   1   4  16   6   4   0   0   4   1   0   0  11   9   0   0   3  0.36 0.21
  134 N    -3   3   3   0  -5   0   1  -3   6  -4  -5   0  -4  -4  -1  -1   0  -5   0  -4    0  18  18   5   0   3  11   1  25   1   0   3   0   0   3   3   6   0   2   0  0.71 0.33
  135 T    -2  -1  -3  -4  -1   0  -3  -5   0   2   3   2   0  -2  -4  -3   0  -4  -3   1    2   2   1   0   1   5   1   0   2  14  37  17   2   0   0   0   7   0   0  10  0.41 0.25
  136 G     2   2   0   0  -3   0   0   1   1  -1  -1   1  -2  -3  -3   0  -1  -4  -3  -1   19  15   4   4   0   4   4  13   4   5   9   9   0   0   0   7   1   0   0   2  0.16 0.14
  137 E    -1   0   1   4  -3   1   2   0  -1  -4  -3   0  -3  -3   3  -1   0  -4  -1  -3    3   6   8  23   0   7  15   6   1   0   2   4   0   1  13   3   4   0   2   1  0.39 0.21
  138 W    -7  -8  -9  -9  -7  -7  -8  -7  -7  -7  -6  -8  -6  -4  -9  -8  -7  13  -2  -8    0   0   0   0   0   0   0   0   0   0   0   0   0   0   0   0   0 100   0   0  5.07 1.20
  139 I    -5  -6  -7  -7  -4  -6  -6  -7  -6   7   2  -6   1  -3  -6  -6  -4  -6  -4   0    0   0   0   0   0   0   0   0   0  78  18   0   2   0   0   0   0   0   0   1  1.77 0.58
  140 R     1   3   0  -1  -4   4   0  -4   1   0   0   0  -1  -4  -3  -1  -2  -4  -3   1   12  17   4   2   0  26   6   0   3   5   9   3   1   0   0   1   1   0   0  10  0.34 0.24
  141 Q     0  -1   0   3  -5   4   3  -3  -1  -5  -5   2  -4  -5  -3   1  -2  -5  -4  -4    7   2   2  20   0  20  24   0   1   0   0  13   0   0   0  10   1   0   0   0  0.69 0.33
  142 N    -3   1   6  -2  -6   5  -1  -4   3  -2  -6  -2  -4  -6  -5  -1  -3  -6  -4  -5    1   7  47   0   0  30   2   0   8   3   0   0   0   0   0   3   0   0   0   0  1.32 0.53
  143 G    -3   0   2  -3  -6  -3  -3   7  -5  -7  -7  -1  -6  -6  -5  -3  -4  -6  -6  -6    0   6   8   1   0   0   1  80   0   0   0   3   0   0   0   0   0   0   0   0  1.71 0.54
  144 G    -1  -6  -3  -5  -6  -5  -5   7  -5  -7  -7  -5  -6  -7  -5  -1  -5  -6  -6  -6    4   0   1   0   0   0   0  92   0   0   0   0   0   0   0   3   0   0   0   0  2.19 0.64
  145 W    -7  -7  -8  -9  -7  -7  -8  -7  -7  -7  -6  -8  -6  -3  -8  -7  -7  13  -2  -8    0   0   0   0   0   0   0   0   0   0   0   0   0   0   0   0   0 100   0   0  5.01 1.12
  146 E    -1  -1   0   1  -2   1   4  -1   0  -2  -1   0  -1  -2  -1  -1  -1  -2  -1   0    4   2   4   7   1   3  42   4   2   2   5   3   1   2   2   3   3   1   1   7  0.35 0.11
  147 D    -2   0   4   6  -1  -1  -1  -2  -1  -3  -3  -1  -3  -3  -2  -1  -2  -3  -3  -3    3   4  19  50   2   1   2   3   1   2   2   3   0   1   1   3   1   0   1   1  0.82 0.25
  148 G     2  -2  -3  -3  -1  -3  -4   6  -4  -4  -5  -3  -4  -5  -4  -2   0  -4  -4  -3   19   3   0   0   2   1   0  65   0   1   0   0   0   0   0   1   6   0   0   1  1.15 0.37
  149 F    -4  -6  -6  -6  -1  -6  -6  -6  -2   0   1  -6  -1   8  -6  -5  -5  -2   0  -2    0   0   0   0   1   0   0   0   1   5  10   0   1  80   0   0   0   0   0   1  1.91 0.54
  150 I     0  -1  -3  -3   4  -2  -2  -4  -4   1   2  -3   0  -3  -4  -2  -2  -4  -1   5    7   4   1   1   9   1   2   0   0   3  16   1   1   0   0   1   1   0   2  50  0.55 0.27
  151 K    -1   0   0   1  -2   1   5  -2   0  -3  -4   3  -3  -5  -2   1  -1  -5  -4  -3    3   3   4   7   1   3  40   2   2   1   0  18   0   0   1  12   2   0   0   1  0.57 0.26
  152 K    -3  -3  -2  -4  -4  -1  -3  -5   0   0   2   1   0   5  -4  -2  -2  -1   4  -2    1   0   1   0   0   3   1   0   2   4  18  13   1  34   0   3   1   0  18   1  0.66 0.28
  153 F    -5  -5  -6  -6  -5  -6  -6  -6  -1  -3  -3  -6  -3   8  -7  -5  -5   0   5  -4    0   0   0   0   0   0   0   0   1   0   0   0   0  77   0   0   0   1  21   0  2.22 0.58
  154 E    -2   1   0   1  -5   0   3   4   5  -5  -5   0  -4  -5  -2  -2  -3  -5  -3  -5    0  10   3   7   0   2  22  35  16   0   0   4   0   0   2   0   0   0   0   0  0.68 0.27
  155 P    -1  -3  -3  -2  -4  -2  -2  -3  -3  -4  -4  -2  -3  -5   8  -1  -2  -5  -4  -3    0   0   0   0   0   0   0   0   0   0   0   0   0   0 100   0   0   0   0   0  2.29 0.12

                      K         Lambda
Standard Ungapped    0.1359     0.3205
Standard Gapped      0.0429     0.2670
PSI Ungapped         0.1406     0.3140
PSI Gapped           0.0429     0.2670
