
Last position-specific scoring matrix computed, weighted observed percentages rounded down, information per position, and relative weight of gapless real matches to pseudocounts
            A   R   N   D   C   Q   E   G   H   I   L   K   M   F   P   S   T   W   Y   V   A   R   N   D   C   Q   E   G   H   I   L   K   M   F   P   S   T   W   Y   V
    1 N    -2  -1   4   0  -4   0  -1  -2   8  -4  -4  -1  -2  -2  -3  -1  -1  -3   0  -4    0   0  39   0   0   0   0   0  61   0   0   0   0   0   0   0   0   0   0   0  0.92 0.09
    2 R    -3   8  -2  -4  -5  -1  -2  -4  -2  -5  -4   1  -3  -5  -3  -3  -2  -5  -4  -4    0  97   0   0   0   0   0   0   0   0   0   2   0   0   1   0   1   0   0   0  1.79 0.35
    3 V    -1  -4  -4  -5  -1  -4  -4  -5  -4   3   2  -4   0  -2  -4  -3  -2  -4  -3   5    4   0   0   0   1   0   0   0   0  11  25   0   0   0   0   0   0   0   0  60  0.74 0.21
    4 V    -2   0  -3  -3  -2  -2   0  -4  -2   3   2  -1   2   0  -3  -2  -1  -3   0   2    0   6   0   0   0   1   8   0   0  32  23   2   4   2   0   2   2   0   2  14  0.27 0.11
    5 V    -2  -4  -5  -5  -3  -4  -4  -5  -5   3  -1  -4  -1  -2  -4  -4  -2  -5  -3   6    0   0   0   0   0   0   0   0   0  14   0   0   0   0   0   0   0   0   0  86  1.23 0.31
    6 S    -1   0  -1  -1  -3  -1   3  -1  -1  -3  -3   0  -3  -4  -2   3   3  -4  -2  -3    0   3   0   0   0   0  26   2   1   0   1   4   0   0   0  32  28   0   1   0  0.51 0.19
    7 G    -2  -3   5  -1  -4  -2  -3   5   1  -5  -5  -2  -4  -4  -4  -1  -2   0  -4  -4    0   0  35   1   0   0   0  58   3   0   0   0   0   0   0   0   0   2   0   0  1.11 0.25
    8 L    -3  -4  -5  -5  -3  -4  -5  -5  -5   0   6  -4   1   0  -5  -4  -3  -3  -2   0    0   0   0   0   0   0   0   0   0   2  95   0   0   2   0   0   0   0   0   1  1.19 0.29
    9 P    -1  -4  -3  -3  -4  -3  -3  -3  -4  -5  -5  -3  -4  -5   8   2  -2  -5  -5  -4    2   0   0   0   0   0   0   0   0   0   0   0   0   0  76  23   0   0   0   0  1.97 0.34
   10 P     0   1  -1  -1  -3   0  -1  -2   2  -3  -3  -1  -1  -4   5   3   0  -4  -1  -3    3   7   0   1   0   3   1   0   5   1   1   1   2   0  33  35   3   0   1   0  0.66 0.18
   11 S    -1   3   0  -1  -3  -1  -2   0   0  -4  -4  -1  -3  -4  -2   4   2  -4  -3  -3    0  20   2   2   0   0   0   8   2   0   0   0   0   0   0  49  17   0   0   0  0.56 0.20
   12 G     3  -3  -2  -3   5  -3  -3   4  -3  -1  -2  -3  -1  -3  -3  -1  -1  -4  -3   1   30   0   0   0  14   0   0  37   0   3   0   0   2   0   0   0   2   0   0  12  0.56 0.17
   13 S     0   0  -1  -2  -3  -2  -2  -2  -3  -4  -4  -1  -3  -4  -3   6   0  -5  -4  -4    1   4   0   0   0   0   0   0   0   0   0   1   0   0   0  93   0   0   0   0  1.23 0.34
   14 W    -5  -5  -7  -7  -5  -5  -6  -5  -5  -5  -4  -6  -4  -2  -7  -6  -5  13   0  -6    0   0   0   0   0   0   0   0   0   0   0   0   0   0   0   0   0 100   0   0  4.21 0.57
   15 Q    -3  -1  -2  -3  -5   8   0  -4  -2  -5  -4  -1  -3  -6  -4  -2  -3  -4  -4  -5    0   0   0   0   0 100   0   0   0   0   0   0   0   0   0   0   0   0   0   0  2.05 0.45
   16 D    -4  -4  -1   8  -6  -2   0  -3   1  -5  -6  -3  -5  -6  -4  -2  -3  -6  -5  -5    0   0   0  95   0   0   1   0   4   0   0   0   0   0   0   0   0   0   0   0  1.93 0.39
   17 L    -3  -4  -5  -5  -3  -4  -5  -5  -5   1   6  -4   1  -1  -5  -4  -3  -3  -3   0    0   0   0   0   0   0   0   0   0   5  93   0   0   0   0   0   0   0   0   2  1.17 0.29
   18 K    -3   0  -2  -3  -5  -1  -1  -4  -3  -5  -5   7  -3  -5  -3  -2  -3  -5  -4  -4    0   0   0   0   0   0   0   0   0   0   0 100   0   0   0   0   0   0   0   0  1.69 0.40
   19 D    -4  -4  -1   8  -6  -2   0  -3  -3  -5  -6  -3  -5  -6  -4  -2  -3  -7  -5  -5    0   0   0 100   0   0   0   0   0   0   0   0   0   0   0   0   0   0   0   0  2.10 0.41
   20 H    -4  -2  -2  -4  -5  -2  -3  -4   9  -4  -3  -2  -3   3  -4  -3  -4  -3   3  -3    0   1   0   0   0   0   0   0  70   0   1   2   0  15   0   0   0   0   9   2  1.70 0.37
   21 M    -3  -4  -5  -5  -1  -3  -4  -5  -4   0   2  -4   9   1  -2  -4  -3  -3  -3   0    0   0   0   0   1   0   0   0   0   3  11   0  74   5   2   0   0   0   0   5  1.48 0.41
   22 R    -3   8  -3  -4  -6  -1  -2  -4  -2  -5  -4   1  -4  -5  -2  -2  -3  -5  -4  -5    1  93   0   0   0   0   0   0   0   0   0   3   0   0   2   2   0   0   0   0  1.79 0.42
   23 E    -1   3  -1   1  -4   3   4  -3  -1  -4  -4   3  -3  -4  -2  -1  -1  -4  -3  -4    2  15   0   6   0  16  33   0   0   0   0  23   0   0   0   2   2   0   0   0  0.65 0.21
   24 A     6  -3  -3  -4   0  -3  -2   0  -4  -2  -3  -3  -2  -4  -3  -1  -2  -4  -4   1   82   0   0   0   1   0   1   5   0   2   0   0   0   0   0   0   0   0   0   9  0.96 0.32
   25 G    -2  -4  -2  -3   2  -4  -4   7  -4  -6  -6  -4  -5  -5  -4  -2  -4   0  -5  -5    0   0   0   0   5   0   0  93   0   0   0   0   0   0   0   0   0   2   0   0  1.79 0.38
   26 D    -3  -2  -1   6  -5  -1   4  -3  -1  -5  -5   0  -4  -5   0  -2  -2  -5  -2  -4    0   0   0  54   0   0  33   0   1   0   0   4   0   0   5   0   2   0   2   0  1.08 0.29
   27 V    -2  -4  -5  -5   3  -4  -4  -5  -5   2  -1  -4  -1  -3   0  -3  -2  -5  -3   6    0   0   0   0   7   0   0   0   0   6   0   0   0   0   6   0   0   0   0  81  1.08 0.33
   28 C    -1  -2  -1  -4   8  -3  -4   2  -4  -2  -1  -3  -2  -4  -4  -1   2  -4  -3  -1    4   2   3   0  45   0   0  15   0   2   6   0   0   0   0   1  18   0   1   4  0.94 0.27
   29 Y    -4  -4  -4  -5  -5  -4  -4  -5   4  -3  -3  -4  -3   6  -5  -4  -4   0   8  -3    0   0   0   0   0   0   0   0  10   0   0   0   0  31   0   0   0   0  59   0  1.67 0.38
   30 A     5  -3  -2  -3   1  -2  -2  -2  -3  -2  -3  -2  -2  -4  -2   2   1  -4  -3   0   63   0   0   0   3   0   0   0   0   0   0   0   0   0   0  16  10   0   0   8  0.69 0.26
   31 D    -2  -2   2   6  -2   2   2  -3   0  -5  -5  -1  -4  -5  -3  -1  -2  -5  -4  -4    1   0  11  58   1   9  14   0   2   0   0   1   0   0   0   2   0   0   0   0  1.03 0.27
   32 V     1  -4  -4  -5  -1  -4  -4  -4  -5   3  -1  -4  -1  -3  -4  -3  -1  -4  -3   6   15   0   0   0   1   0   0   0   0  11   0   0   0   0   0   0   2   0   0  71  0.87 0.29
   33 Y    -2  -2  -2   1  -1   1  -1  -2   5  -2  -1  -2  -1   4  -3  -1  -1  -1   4  -2    1   1   0  11   1   7   3   2  17   0   5   0   1  24   0   4   2   0  17   2  0.40 0.16
   34 R    -3   6  -1  -3  -5   1   0  -2   2  -4  -4   4  -3  -4  -3  -2  -2  -4  -3  -4    0  56   1   0   0   3   3   2   6   0   0  27   0   0   1   0   0   0   0   0  1.02 0.28
   35 D    -2   1   1   6  -4   0   1   0   0  -4  -4   0  -4  -4  -2  -1  -2  -5  -4  -4    1   8   6  56   0   2   7   8   2   0   0   6   0   0   1   1   0   0   0   0  0.80 0.22
   36 G    -1   0   3  -2  -4  -2  -3   6  -1  -5  -5  -2  -3  -5  -4   0  -1  -4  -4  -4    3   6  16   1   0   0   0  66   1   0   0   0   0   0   0   4   2   0   0   0  1.03 0.26
   37 T    -1   0  -1  -1  -3  -1   2   0  -1  -1  -2  -1   2  -3  -3   0   3  -3  -1   1    0   5   2   2   0   0  19   9   1   0   1   3   8   0   0   4  31   0   2  14  0.23 0.15
   38 G    -1  -4  -2  -3  -4  -4  -4   7  -4  -6  -6  -3  -5  -5  -4  -1  -3  -5  -5  -5    2   0   0   0   0   0   0  96   0   0   0   0   0   0   0   2   0   0   0   0  1.86 0.39
   39 V    -2  -4  -4  -4  -2  -3  -1  -4  -4   4   0  -3   2  -1  -4  -2   0  -4  -1   4    1   0   0   0   0   0   6   0   0  27   4   0   6   1   0   1   3   0   2  49  0.59 0.21
   40 V     0  -4  -5  -5   0  -4  -4  -5  -5   2   0  -4   0  -2  -4  -3  -2  -5  -3   6    7   0   0   0   2   0   0   0   0   7   4   0   1   0   0   0   0   0   0  80  1.00 0.31
   41 E    -2  -2  -1   4  -5   0   6  -2   0  -5  -4  -1  -4  -1  -3   0  -2  -4  -3  -4    0   0   0  21   0   0  63   2   2   0   0   0   0   4   0   8   1   0   0   0  0.99 0.30
   42 F    -4  -4  -5  -5  -2  -4  -5  -5   0  -2  -2  -5  -2   7  -5  -4  -4   0   6  -3    0   0   0   0   1   0   0   0   2   0   0   0   0  65   0   0   0   0  32   0  1.72 0.39
   43 V     1   0  -1  -1  -2  -1   0  -2  -2   0   0  -1   0   0  -1   1   2  -3  -1   1   20   5   2   2   0   2   7   0   0   5  12   1   1   5   1   7  19   0   1   9  0.10 0.08
   44 R    -2   3   4  -1  -1   0  -1  -2   2  -3  -3   0  -2  -1  -2   2   2   0  -2  -3    0  22  25   0   1   3   0   2   5   0   0   1   0   4   1  19  14   2   0   0  0.41 0.18
   45 K    -1   2  -2  -3  -4   0   0  -2   2  -3  -2   3  -2   0  -1  -1  -2  -1   6  -3    4  14   0   0   0   2   7   2   4   0   2  23   0   1   3   3   0   0  36   0  0.55 0.21
   46 E    -1  -1  -1   4  -4   0   4  -2  -2  -4  -4  -1  -3  -1  -3   2  -1  -4  -2  -4    2   2   0  27   0   0  40   1   0   0   0   1   0   4   0  21   1   0   1   0  0.70 0.24
   47 D    -4  -4  -1   8  -6  -1   1  -3  -1  -5  -6  -3  -5  -6  -4  -2  -3  -6  -5  -5    0   0   0  92   0   2   4   1   2   0   0   0   0   0   0   0   0   0   0   0  1.85 0.41
   48 M    -2  -3  -5  -5  -4  -2  -4  -5  -4   0   1  -4  10   0  -5  -4  -3  -4  -3  -1    2   1   0   0   0   1   0   0   0   2   5   0  83   4   0   0   0   0   0   2  1.78 0.46
   49 T    -2   2  -1   1  -4   0   2  -3  -1  -4  -2   5  -1  -4   0  -1   0  -4  -3  -3    2   7   0   9   0   0  17   0   1   0   3  49   1   0   4   1   6   0   0   0  0.57 0.21
   50 Y    -1   3   0  -4  -4  -2  -2  -4   1  -3  -3  -2  -3   1  -4  -2  -2   3   7  -3    6  18   6   0   0   0   2   0   3   0   0   1   0   2   0   1   2   3  56   0  1.01 0.30
   51 A     6  -3  -3  -4  -2  -3  -3  -2  -4  -3  -3  -3  -3  -4  -3   0  -1  -5  -4  -2   93   0   0   0   0   0   0   0   0   0   0   0   0   0   0   4   3   0   0   0  1.27 0.37
   52 V    -2  -4  -5  -5  -2  -4  -4  -5  -4   5   3  -4   1  -1  -4  -4  -2  -4  -3   3    1   0   0   0   0   0   0   0   0  47  31   0   1   0   0   0   0   0   0  20  0.77 0.23
   53 R    -3   6  -2   1  -5   0   2  -3  -1  -4  -4   3  -3  -1  -3  -1  -2  -4  -3  -4    0  50   0   8   0   0  15   0   1   0   0  20   0   4   0   1   0   0   0   0  0.82 0.25
   54 K    -2   2  -1  -1  -5   1   0  -3   0  -4  -4   6  -2  -4  -3  -2  -2  -4   0  -4    0   6   1   2   0   3   4   0   2   0   0  76   1   0   0   0   2   0   3   0  1.05 0.31
   55 L    -3  -4  -5  -5  -3  -4  -5  -5  -4   0   5  -4   1   3  -5  -4  -3  -3   0  -1    0   0   0   0   0   0   0   0   0   1  82   0   1  14   0   0   0   0   3   0  1.05 0.30
   56 D    -3  -3   1   7  -5  -2   0  -3   0  -5  -5  -2  -5  -5  -3  -2  -2  -6  -4  -5    0   0   6  88   0   0   0   0   2   0   0   0   0   0   0   0   1   0   0   0  1.70 0.37
   57 N    -2  -1   2   6  -4  -2   0   3  -2  -4  -5  -2  -4  -4  -3  -1  -2  -5  -4  -4    0   3   9  56   0   0   2  26   0   0   0   1   0   0   0   1   0   0   0   0  0.99 0.26
   58 T    -1  -1  -1  -2  -2  -1  -1  -2  -2  -2  -3  -1  -2  -4  -2   4   5  -4  -3  -1    0   2   0   0   0   1   2   0   1   2   0   1   0   0   0  38  50   0   0   2  0.78 0.28
   59 K    -2   0  -1   1  -4   0   5  -3  -2  -3  -3   4  -3  -4  -2  -1   0  -4  -3  -2    0   3   0   7   0   1  46   0   0   1   1  31   0   0   0   0   5   0   0   3  0.69 0.23
   60 F    -3  -4  -4  -5   0  -4  -4  -4  -3   1   2  -4   1   7  -4  -4  -3  -1   1  -1    0   0   0   0   2   0   0   0   0   6  19   0   3  65   0   0   0   0   0   2  1.09 0.28
   61 R    -2   5   2  -2   1   0  -1  -3  -1  -3  -2   3  -2  -3  -3  -1  -1  -3  -1  -3    2  46  14   1   3   2   1   1   0   0   3  17   0   0   1   3   4   0   2   1  0.60 0.19
   62 S    -1  -2   4  -1  -3  -2  -2   3  -2  -4  -4  -2  -3  -4  -3   4   0  -4  -3  -3    0   0  28   0   0   0   0  20   0   0   1   0   0   0   0  45   2   0   0   1  0.70 0.24
   63 H     1   3   0  -2  -3  -1  -1  -2   7  -3  -3  -1  -2  -2   1  -1  -1  -3   0  -3   13  22   4   1   0   1   1   1  37   1   2   1   0   1   8   3   2   0   2   1  0.63 0.19
   64 E    -1   0  -1   1  -2   1   3  -2  -1  -1  -1   1  -1   1   2  -1  -1   2   0  -2    2   2   2   8   0   8  30   2   1   4   4   7   1  10   9   2   2   3   2   2  0.24 0.09
   65 G     0  -2  -1   0  -2  -2  -2   4  -2  -2  -2  -2  -2   3  -2   0  -1   0   0  -2    4   1   2   5   0   1   1  44   0   1   3   1   0  18   1   8   2   1   2   2  0.43 0.13
   66 E    -1   0   0   3  -3   0   4  -2   2  -3  -3   1  -2  -3  -2   1  -1  -3  -2  -3    1   4   2  14   0   1  44   2   6   1   2   6   0   1   1  11   1   0   1   1  0.52 0.17
   67 T    -1   3   0  -2  -1  -1  -1  -1  -2  -2  -2   1  -1  -2  -2   1   4  -2  -2   0    2  18   3   1   1   1   2   5   0   1   2   8   1   1   1  13  33   0   1   6  0.28 0.13
   68 A     3  -1   0  -1   1  -1  -1   0   0  -2  -2  -1  -2  -2  -1   3   0  -3  -1  -1   36   2   3   2   3   1   1   5   3   2   2   1   0   1   2  25   5   0   2   4  0.28 0.13
   69 Y    -3   3  -2  -4  -3  -1  -2  -4   0  -1  -3   1  -3   1  -4  -3  -2  -1   7  -3    0  20   2   0   1   1   1   0   1   3   0  10   0   3   0   0   2   0  56   0  1.07 0.33
   70 I    -3  -5  -5  -5  -3  -5  -5  -6  -5   7   0  -5  -1  -1  -5  -4  -2  -5  -3   3    0   0   0   0   0   0   0   0   0  78   1   0   0   1   0   0   0   0   0  20  1.31 0.37
   71 R    -3   7  -2  -3  -5   0  -2  -3   1  -5  -4   1  -3  -5  -2  -1  -1  -5  -3  -4    0  78   0   0   0   3   0   1   4   0   0   5   0   0   1   4   4   0   0   0  1.32 0.36
   72 V    -2  -3  -4  -5  -2  -4  -4  -5  -5   2   2  -4   0  -2  -4  -2  -2  -4  -3   6    0   1   0   0   0   0   0   0   0   7  20   0   0   0   0   2   0   0   0  70  0.86 0.28
   73 K    -2   4  -1  -2  -2   0   0  -3  -1   0  -2   3  -1  -2  -3  -1  -1  -3   2   1    0  30   2   0   1   2   6   0   0   6   1  25   1   0   0   1   2   0   9  13  0.36 0.16
   74 V    -1   1  -2   0  -4   1   5  -4  -2  -2  -2   0   0  -2   2  -2  -2  -4  -3  -1    3   8   0   2   0   2  57   0   0   1   2   5   3   2   9   0   0   0   0   5  0.65 0.24
   75 D    -3  -3   0   6  -3  -1   2  -3  -1  -4  -5  -1  -4  -3   0  -1  -2  -4   2  -4    0   0   1  67   0   0  12   0   1   0   0   1   0   0   4   1   1   0   9   0  1.08 0.28
   76 G    -1   4   0   1  -3   0   0   1  -1  -3  -3   2  -2  -3  -2   1   0  -3   0  -3    1  29   2  10   0   1   2  15   1   1   1  16   0   0   1  10   6   0   3   1  0.31 0.11
   77 S     0   0   0   2  -3  -1  -1   3   0  -3  -4  -1  -3  -4   1   3   0  -4  -3  -3    4   6   3  12   0   0   1  26   2   1   0   2   0   0   8  32   3   0   0   0  0.40 0.14
   78 Y    -1   4   0   0  -3   0   0   1   0  -3  -3   1  -2  -1  -3   0  -1  -2   3  -2    3  30   4   6   0   3   4  15   2   0   0   6   0   2   0   6   2   0  14   2  0.29 0.11
   79 G     0   1   0   1   0  -1  -1   4  -1  -4  -4   0  -3  -4  -1   3  -1  -4  -3  -3    1   9   1  10   2   0   0  32   1   0   0   7   0   0   2  36   0   0   0   0  0.47 0.15
   80 R    -2   5  -1   0  -4  -1  -1  -1   1  -3  -3   0  -2  -2   2   1  -2  -2   3  -3    0  43   1   7   0   0   2   4   3   0   1   1   0   0  10  11   0   0  16   1  0.46 0.15
   81 S     0   1   1   1  -2   0   0   0  -2  -3  -3  -1  -2  -3   1   4   0  -3  -1  -2    1  10   8   7   0   1   2   7   0   0   0   1   0   0   7  49   3   0   3   1  0.38 0.14
   82 R    -1   5  -1  -2   0   1   0  -2   3  -3  -3   1   1  -3  -1  -1  -2   1  -1  -3    3  54   0   0   3   4   5   2  10   0   0   4   5   0   2   4   0   3   2   0  0.53 0.13
   83 S     0  -2   0   1  -2  -1   1   1  -2  -4  -4   0  -3  -4  -2   5   0  -4  -3  -3    0   0   0   5   0   0   7  12   0   0   0   4   0   0   0  72   0   0   0   0  0.61 0.16
   84 R    -2   4   0  -2  -4  -1  -1  -3   2  -2  -3   1  -2  -2   4  -2  -2   2   2  -3    0  39   4   0   0   0   0   0   8   3   0   8   0   0  26   0   0   3   9   0  0.63 0.12
   85 S     0   0   0   1  -2   0   2   1   2  -3  -3  -1  -2  -3  -2   4   0  -4  -2  -3    0   3   0   7   0   0  16   9   5   0   0   0   0   0   0  60   0   0   0   0  0.45 0.11
   86 R    -2   7  -1  -2  -4   0  -1  -3  -1  -4  -3   2  -2  -4  -3  -1  -2  -4  -2  -3    0 100   0   0   0   0   0   0   0   0   0   0   0   0   0   0   0   0   0   0  1.17 0.13

                      K         Lambda
Standard Ungapped    0.1341     0.3172
Standard Gapped      0.0542     0.2670
PSI Ungapped         0.1766     0.3118
PSI Gapped           0.0542     0.2670
