
Last position-specific scoring matrix computed, weighted observed percentages rounded down, information per position, and relative weight of gapless real matches to pseudocounts
            A   R   N   D   C   Q   E   G   H   I   L   K   M   F   P   S   T   W   Y   V   A   R   N   D   C   Q   E   G   H   I   L   K   M   F   P   S   T   W   Y   V
    1 L    -2  -3  -4  -4  -2  -3  -3  -4  -4   1   5  -3   2   0  -3  -3  -2  -2  -2   1    0   0   0   0   0   0   0   0   0   0  89   0   0   0   0   0   0   0   0  11  0.62 0.09
    2 V    -4  -6  -7  -7  -4  -6  -6  -7  -7   1  -3  -6  -3  -4  -6  -5  -4  -7  -5   8    0   0   0   0   0   0   0   0   0   5   0   0   0   0   0   0   0   0   0  95  2.16 0.76
    3 K    -2   4   2  -3   0   3   0  -4   2  -4  -4   4  -3  -5  -4   0  -1  -5  -2  -3    3  24   9   0   2  12   4   0   4   0   0  28   0   0   0   8   3   0   1   1  0.66 0.36
    4 I    -3  -4  -6  -6  -4  -5  -4  -6  -6   6   2  -2  -1  -3  -2  -5  -3  -5  -4   3    1   1   0   0   0   0   1   0   0  56  14   3   0   0   2   0   0   0   0  23  1.18 0.49
    5 G    -2  -6  -3  -5  -6  -6  -6   8  -6  -8  -7  -5  -7  -4  -6  -4  -5  -6  -7  -7    1   0   1   0   0   0   0  97   0   0   0   0   0   1   0   0   0   0   0   0  2.49 0.81
    6 D    -5  -5  -3   7  -7  -2   4  -5  -4  -7  -7  -4  -6  -7  -5  -4  -5  -8  -6  -7    0   0   0  69   0   1  31   0   0   0   0   0   0   0   0   0   0   0   0   0  2.08 0.76
    7 L    -2  -1  -2  -3  -2   0  -2  -4  -1   1   3   0   0  -2  -3   0   2  -2  -3   2    1   2   1   0   0   6   2   1   2   6  28   6   1   0   1   6  18   0   0  20  0.28 0.24
    8 F    -6  -6  -7  -7  -6  -6  -7  -7  -4  -2   1  -6  -3   8  -7  -6  -5  -2   5  -4    0   0   0   0   0   0   0   0   0   1  11   0   0  68   0   0   0   0  20   0  2.15 0.74
    9 N    -3  -4   7   4  -3  -1  -3  -3   3  -5  -4  -3  -5  -6  -5   0  -2  -7  -5  -2    1   0  54  22   1   3   0   1   6   0   2   1   0   0   0   7   1   0   0   3  1.29 0.56
   10 G    -3  -2   1   1  -5  -1  -1   6  -4  -6  -6  -1  -5  -6  -5   0  -2  -6  -6  -5    1   2   6   8   0   2   4  65   0   0   0   4   0   0   0   5   1   0   0   0  1.24 0.51
   11 R    -3   8  -3  -5  -1   1  -2  -5  -1  -6  -6   3  -5  -6  -5  -3  -4  -4  -5  -6    1  74   0   0   1   4   2   0   1   0   0  14   0   0   0   2   0   0   0   0  1.82 0.70
   12 Y    -4  -6  -7  -8  -7  -6  -6  -7  -3  -3  -5  -6  -5   1  -7  -6  -6  -2  10  -5    2   0   0   0   0   0   0   0   0   1   0   0   0   3   0   0   0   0  94   0  3.19 1.04
   13 H    -3   1  -3  -4   0   3  -1  -5   6   0  -2   0  -1  -3  -4  -2   2  -4   0   2    1   7   0   0   3  14   2   0  26   6   2   5   1   0   0   2  13   0   3  17  0.59 0.37
   14 V    -1  -6  -6  -6  -4  -6  -6  -6  -6   4  -2  -6  -2  -4  -2  -5  -3  -6  -5   7    5   0   0   0   0   0   0   0   0  22   1   0   0   0   2   0   0   0   0  71  1.55 0.64
   15 I    -3  -1  -4  -5  -4   2  -4  -5  -2   4   2  -3   0  -1  -4  -4  -2  -4  -3   4    0   3   0   0   0  12   0   0   1  28  21   1   1   2   0   0   2   0   0  28  0.67 0.36
   16 R    -3   7  -2  -3  -2  -1  -2  -2   1  -6  -5   2  -4  -6  -5   1  -3  -6  -4  -5    2  64   1   1   1   2   1   2   3   0   0   9   0   0   0  11   1   0   0   0  1.36 0.58
   17 K    -4   0  -3  -4  -6   0  -2  -5  -4  -3  -6   8  -5  -6  -5  -3  -4   0  -5  -4    0   3   1   0   0   2   1   0   0   2   0  86   0   0   0   1   0   2   0   1  1.95 0.76
   18 L    -5  -5  -6  -7  -4  -5  -6  -7  -6   1   6  -6   0  -2  -3  -6  -4  -5  -4  -2    0   0   0   0   0   0   0   0   0   7  88   0   1   1   1   0   0   0   0   1  1.68 0.66
   19 G    -3  -6  -3  -5  -6  -5  -6   7  -6  -7  -7  -5  -6  -7  -3  -3  -3  -6  -6  -6    0   0   1   0   0   0   0  94   0   0   0   0   0   0   1   1   2   0   0   0  2.34 0.80
   20 W    -6  -4  -7  -3   2  -6  -5  -6  -5  -3  -6  -6  -5  -2  -7  -3  -6  12   4  -6    0   1   0   2   5   0   1   0   0   2   0   0   0   1   0   2   0  73  13   0  3.43 1.03
   21 G    -4  -4  -4  -5  -6  -5  -6   8  -6  -7  -7  -5  -6  -7  -6  -3  -5  -6  -7  -7    0   1   0   0   0   0   0  96   0   0   0   0   0   0   0   2   0   0   0   0  2.45 0.83
   22 H    -1  -1  -2  -4  -6   3  -2  -2  10  -6  -6  -3  -5  -2  -5  -3  -3  -5   1  -4    5   3   1   0   0  13   2   4  63   0   0   0   0   1   0   1   2   0   4   1  1.94 0.74
   23 F    -6  -6  -6  -7  -6  -6  -6  -7   0  -4  -2  -6  -4   9  -7  -6  -6  -3   5  -5    0   0   0   0   0   0   0   0   2   0   2   0   0  76   0   0   0   0  19   0  2.46 0.84
   24 S    -1  -5  -3  -4  -5  -4  -4  -2  -5  -6  -6  -4  -5  -5  -5   7  -2  -6  -5  -5    4   0   0   0   0   0   0   2   0   0   0   0   0   0   0  92   0   0   0   0  2.02 0.87
   25 T    -4  -5  -3  -5  -5  -4  -5  -5  -5  -3  -5  -3  -3  -6  -5  -1   8  -6  -3  -4    0   0   1   0   0   0   0   0   0   1   0   2   1   0   0   3  91   0   1   0  2.21 0.90
   26 V    -4  -4  -7  -7  -1  -4  -6  -7  -7  -1  -3  -6  -3  -5  -6  -5  -4  -7  -5   8    0   1   0   0   1   1   0   0   0   0   0   0   0   0   0   0   0   0   0  96  2.22 0.85
   27 W    -7  -7  -8  -9  -3  -7  -7  -7  -2  -7  -6  -8  -6  -4  -8  -7  -7  13   0  -7    0   0   0   0   1   0   0   0   1   0   0   0   0   0   0   0   0  95   2   0  4.82 1.35
   28 L    -4  -4  -7  -7  -5  -6  -6  -5  -6  -1   7  -6   0  -2  -6  -6  -5  -5  -5  -3    1   1   0   0   0   0   0   1   0   1  94   0   2   1   0   0   0   0   0   0  1.87 0.75
   29 S     5  -5  -4  -5   8  -4  -4  -3  -5  -4  -4  -4  -4  -5  -5   2  -2  -6  -5   0   43   0   0   0  28   0   0   1   0   0   0   0   0   0   0  18   1   0   0   8  1.32 0.61
   30 W    -4   4  -5  -3  -3   2  -1  -5   1  -5  -4   0  -2  -2  -6  -3  -5  10   0  -4    0  20   0   1   1  11   4   0   3   0   1   6   1   1   0   2   0  44   3   1  1.79 0.71
   31 D    -6  -4  -1   8  -5  -4  -2  -5   0  -7  -7  -5  -7  -5  -5  -3  -3  -8  -7  -7    0   1   2  91   0   0   0   0   2   0   0   0   0   1   0   1   1   0   0   0  2.52 0.91
   32 I    -2  -1   1  -3  -2  -1  -3  -4  -3   3   2  -1   3   0  -4  -1   3  -4  -1   0    2   3   9   0   0   2   0   0   0  18  19   3  11   4   0   5  19   0   1   4  0.33 0.27
   33 Q    -2   3   1  -2  -4   5   1  -3   0  -2  -2   2  -1  -5  -4  -1   1  -5  -4   0    2  14   7   1   0  28   7   1   3   1   4  13   1   0   0   2   9   0   0   8  0.48 0.34
   34 G     0   0   1   0   0  -1   1   2   1  -3  -2   1  -2  -3  -2   2   2  -4   0  -2    4   4   5   5   2   1  11  14   4   0   3   7   1   0   0  18  15   0   3   1  0.22 0.20
   35 K    -3   2   1  -1  -2   3   0   2  -3  -5  -4   4   0  -5  -3   1  -3  -5  -4  -4    0   9   8   2   1  12   5  17   0   0   0  32   2   0   1  12   0   0   0   0  0.60 0.37
   36 K    -3   6  -2  -3   2   1  -1  -3  -2  -3  -5   4  -3  -5  -4  -2  -2  -5  -4  -3    2  48   1   0   5   6   3   2   0   1   0  25   0   0   0   1   2   0   0   2  1.11 0.53
   37 F    -5  -1   0  -4  -1  -1  -3  -6   6  -4  -2  -4  -4   6  -3  -4  -4  -2   6  -3    0   3   5   1   1   2   2   0  18   0   2   1   0  33   1   0   0   0  28   2  1.29 0.57
   38 V    -2  -2  -6  -6  -1  -5  -5  -3  -6   0  -2  -5  -3  -4  -4  -5  -3  -6  -2   7    3   2   0   0   1   0   0   2   0   2   1   0   0   0   1   0   0   0   2  84  1.67 0.71
   39 A     7  -5  -5  -5  -4  -4  -4  -3  -5  -5  -5  -4  -4  -6  -4  -2  -3  -6  -5  -2   93   0   0   0   0   0   0   1   0   0   0   0   0   0   0   0   1   0   0   2  1.95 0.82
   40 M    -4  -5  -6  -6  -4  -5  -5  -6  -5   1   5  -5   6  -2  -5  -5  -4  -5  -4   1    0   0   0   0   0   0   0   0   0   5  60   0  22   1   0   0   0   0   0  10  1.34 0.58
   41 K    -5  -2  -4  -5  -7  -3  -3  -5  -5  -6  -6   8  -5  -7  -5  -4  -5  -7  -6  -6    0   0   0   0   0   0   0   0   0   0   0  97   0   0   0   0   0   0   0   0  2.53 0.96
   42 V    -3  -6  -6  -6  -4  -5  -6  -6  -6   5  -2  -5   1  -4  -6  -5  -3  -6  -4   6    2   0   0   0   0   0   0   0   0  32   1   0   3   0   0   0   0   0   0  60  1.55 0.66
   43 V    -2  -4  -5  -5  -4   4  -4  -6  -5  -1   2  -4  -2  -2  -3  -2  -2  -5  -4   5    3   0   0   0   0  21   0   0   0   0  23   0   0   1   1   2   2   0   0  47  0.93 0.54
   44 K    -3   4  -3  -2  -6  -1  -3  -5  -4  -4  -4   7  -4  -6  -4  -2  -1  -6  -5  -2    1  21   0   2   0   2   0   0   0   1   2  63   0   0   0   2   4   0   0   3  1.38 0.65
   45 S     1  -4  -3  -2  -2  -3  -3   0  -4  -5  -5  -2  -5  -5  -3   6   0  -6  -5  -5   10   0   0   2   1   0   0   6   0   0   0   2   0   0   1  73   3   0   0   0  1.37 0.69
   46 A     6  -2  -2   1  -4  -4  -3   0  -1  -4  -2  -3  -2  -4  -4  -1  -1  -5  -5  -3   66   2   1   9   0   0   0   7   1   0   4   1   1   1   0   3   3   0   0   0  0.99 0.55
   47 E     1   0  -1  -1   2   4   3  -1  -2  -4  -2   0  -3  -3   1   0  -1  -4  -3  -3   14   5   2   2   5  18  24   5   0   0   4   5   0   1   7   6   2   0   0   1  0.39 0.30
   48 H    -3   0   1  -2   1   1  -3   0   9  -6  -6  -1  -1  -3  -5   0  -1  -5   1  -5    1   4   5   2   3   5   1   8  50   0   0   3   1   1   0   6   4   0   5   0  1.31 0.62
   49 Y    -3  -5  -2  -4  -6  -5  -5   0   1  -3  -1  -3  -4   4  -6  -1  -4  -2   8  -4    1   0   2   1   0   0   0   7   2   1   5   1   0  18   0   5   0   0  54   1  1.51 0.68
   50 T     1  -3  -2  -1  -4  -2  -4   0  -3  -1  -3  -3   1  -5   0   0   6  -5  -3   0   11   1   1   3   0   2   0   7   1   3   1   1   4   0   4   4  51   0   1   7  0.73 0.48
   51 E    -4  -1  -2   1  -7   2   6   0  -4  -6  -5   0  -5  -6  -1  -3  -3  -6  -5  -6    0   2   1   5   0   9  65   8   0   0   1   5   0   0   2   1   1   0   0   0  1.32 0.66
   52 T     3  -1  -2  -4  -1  -2  -3  -2   1  -3  -3   1   0  -3  -2  -1   5  -5  -4  -2   30   3   1   0   1   1   0   2   4   0   2   8   3   1   2   3  38   0   0   2  0.67 0.45
   53 A     6   0  -3   0   2  -2   0   0  -1  -2  -5  -3  -4  -5  -4  -1  -3  -6  -5  -3   65   5   0   6   4   1   5   7   1   2   0   0   0   0   0   2   0   0   0   1  0.97 0.55
   54 L    -1   0  -3  -4  -3   1  -1  -4  -3   2   3  -1   3   0  -3  -3  -2   3   0   1    6   6   1   0   0   9   4   0   0  15  26   3  11   2   1   0   2   4   3   7  0.32 0.25
   55 D    -2  -2  -2   7  -6  -2  -1  -2   2  -6  -5  -3  -2   1  -2  -3  -3  -6  -2  -4    4   2   1  69   0   1   3   3   4   0   1   1   1   5   2   0   1   0   1   1  1.46 0.65
   56 E    -5  -4  -4  -3  -7  -2   8  -6  -4  -3  -5  -3  -6  -7  -5  -4  -5  -7  -6  -3    0   0   0   0   0   0  94   0   0   2   1   0   0   0   0   0   0   0   0   2  2.35 0.97
   57 I    -4  -2  -6  -6  -3  -2  -4  -7  -6   7   1  -4  -2  -4  -6  -5  -3  -6  -5   1    1   3   0   0   0   2   1   0   0  73   9   1   0   0   0   0   1   0   0   7  1.56 0.67
   58 R    -1   1   2   0  -5   0   2  -2  -2  -5  -4   5  -4  -5  -3   1   1  -5  -4  -4    4   5  11   5   0   2  15   3   0   0   1  35   0   0   0   8   9   0   0   0  0.59 0.38
   59 L    -4  -5  -6  -6   4  -5  -5  -6  -5   4   5  -3   0   0  -5  -5  -2  -4  -2   0    0   0   0   0   8   0   0   0   0  28  49   2   2   3   0   0   2   0   1   4  1.02 0.49
   60 L    -5  -5   1  -6  -5  -5  -6  -6  -3   0   6  -6   1  -2  -6  -5  -4  -5  -4  -3    0   0   8   0   0   0   0   0   1   3  85   0   2   0   0   0   0   0   0   0  1.61 0.72
   61 K    -2   3   2  -1  -5   2   0   0  -3  -5  -2   4  -2  -5  -4   0   0  -5  -4  -4    1  15  11   2   0   9   5   8   0   0   3  31   1   0   0   7   6   0   0   0  0.54 0.35
   62 S     0   2  -2  -1   6   3  -1  -4   0  -2  -3   2  -1  -3  -4   2   0  -4  -3   0    6  12   1   2  18  14   2   0   2   1   0  11   1   1   0  14   4   0   1   9  0.46 0.33
   63 V    -2  -5  -6  -6   0  -3  -5  -6  -6   5   0  -5   1  -2  -5  -4  -2  -5  -4   5    2   0   0   0   2   1   0   0   0  38   6   0   3   1   0   1   2   0   0  44  1.21 0.56
   64 R     1   5   1  -3  -2   0  -1  -3   0  -3  -2   0  -3  -4  -2   1   0  -4  -3   1   15  33   7   0   1   4   3   0   2   0   3   3   0   0   2  12   4   0   0  10  0.45 0.33
   65 N    -2  -2   3   4  -1   1   3  -1  -1  -1  -3   0   2  -4  -3   0  -1  -4  -3  -3    3   1  14  22   1   7  18   4   1   4   0   5   7   0   0   8   3   0   1   1  0.42 0.29
   66 S     2  -1  -1  -2  -1  -1  -2   2  -2  -3  -2  -1   0  -2  -2   3   2  -4  -3  -1   22   4   2   1   1   2   1  17   0   0   2   4   3   2   1  21  14   0   0   3  0.34 0.27
   67 D    -1  -1   3   6  -5   0   0  -1  -1  -4  -3   0  -3  -5  -3   0  -2  -5  -4  -3    5   4  16  46   0   3   4   4   1   1   2   4   1   0   1   5   1   0   0   2  0.82 0.42
   68 P    -2  -2  -3  -3  -3  -2   0  -3  -4  -4  -3  -1  -4   0   7   1  -1  -3  -2  -4    2   2   1   1   1   1   6   1   0   0   3   3   0   4  57   9   4   0   2   1  1.29 0.57
   69 N    -1  -1   3   3  -3  -1   1  -2  -2  -2  -2   1   0  -3  -1   2   1  -4  -3  -2    3   3  14  16   0   2   8   2   1   2   3  10   2   1   2  20  10   0   0   2  0.32 0.25
   70 D    -2  -3   1   6  -5  -2  -1  -2   7  -5  -5  -1  -4  -4  -4   0  -3  -2  -3  -5    3   1   6  45   0   0   3   2  25   1   1   4   0   0   1   6   1   1   0   1  1.21 0.53
   71 P    -2  -1  -1  -2  -1  -1  -1  -2  -2  -2  -2  -2  -1  -4   6   1   0  -4  -3  -2    3   4   3   2   1   2   4   3   1   2   4   2   2   1  47  10   4   0   1   3  0.91 0.38
   72 N    -1   0   3  -2  -2   0  -2   5   0  -4  -3   1  -1  -1  -3   0  -2  -3  -1  -4    3   4  17   1   1   3   1  41   2   1   3  10   2   3   1   5   1   0   2   1  0.59 0.31
   73 R    -1   5   1  -3   0  -1  -1   0   0  -4  -3   2  -2  -4  -4   1  -2  -4   1  -3    3  41   6   1   2   2   2   6   2   1   2  11   1   0   0  11   2   0   6   1  0.62 0.37
   74 E    -1   1   2   1  -2   2   3  -2   2  -4  -4   3  -3  -4  -2  -1  -1  -4  -1  -4    4   6   9   8   1   8  22   3   5   0   1  24   0   0   2   3   2   0   2   1  0.46 0.30
   75 M    -3   2   1  -4   5  -2  -2   0   7  -4  -4   1   3  -1  -4  -1  -2  -4   1  -4    1  11   7   0  12   0   2   8  27   0   0   9   8   2   1   4   2   0   5   0  0.75 0.43
   76 V    -3  -5  -3  -5   2  -4  -5  -5  -2   3  -2  -4  -1  -2  -3  -1   1  -5  -4   6    1   0   1   0   5   0   0   0   1  18   2   0   1   1   1   4   7   0   0  56  1.01 0.50
   77 V    -2  -5  -5  -5   1  -4  -3  -4  -5   2   1  -5  -2  -2  -3  -2  -3  -5  -4   6    1   0   0   0   3   0   1   1   0   7  11   0   0   1   1   2   0   0   0  68  1.20 0.56
   78 Q    -2   2  -1  -2   1   5  -1  -1   3  -4  -4   2  -3  -5  -1   2  -2  -5  -4  -4    2  10   2   1   4  34   3   4   6   1   1  14   0   0   4  14   1   0   0   0  0.69 0.43
   79 L    -2  -5  -5  -6  -2  -4  -5  -5  -5   0   6  -5   3  -1  -5  -5  -2  -4  -2  -2    2   0   0   0   1   0   0   0   0   4  77   0   6   2   0   0   3   0   1   0  1.32 0.59
   80 L    -3  -3  -4  -5  -2  -4  -1  -5  -3   2   5  -2   0  -1  -4  -4  -3  -4  -1   1    1   1   1   0   1   0   6   0   1  13  59   2   1   2   0   0   1   0   2   8  0.80 0.42
   81 D    -3  -4   0   8  -6  -3   1  -3  -2  -5  -4  -4  -5  -6  -4  -3  -3  -6  -5  -5    1   0   4  77   0   0   7   2   1   0   2   0   0   0   0   1   1   0   0   0  1.87 0.73
   82 D    -2  -3   1   5  -4   1   0  -3   6  -5  -4  -2  -4  -4  -4   2  -2  -3  -3  -4    3   0   5  35   0   5   6   2  20   0   2   1   0   0   0  18   1   0   1   0  0.90 0.46
   83 F    -5  -6  -6  -4  -5  -6  -6  -6  -5  -4   0  -6  -3   9  -6  -5  -5  -3  -1  -4    0   0   0   1   0   0   0   0   0   0   8   0   0  85   0   0   0   0   0   0  2.49 0.88
   84 K    -3   2  -2  -1  -3   0   3  -3   3  -2  -3   5  -2  -4  -3  -1   0  -5  -3  -2    0   8   1   2   1   3  18   1   7   3   2  39   1   0   0   3   7   0   1   3  0.61 0.38
   85 I    -4  -4   1  -4  -5  -4  -4  -5   8   4   0  -4   0  -3  -3  -4  -2  -5   0   1    0   0   7   0   0   0   0   0  40  23   9   0   2   1   1   0   2   0   2  11  1.19 0.57
   86 S     1   1   0  -1  -3   0  -1  -2  -1  -1  -1   1  -2  -3  -2   3   2  -4  -2   0   13   7   4   3   0   4   3   1   1   4   7   8   0   0   1  25  14   0   1   5  0.22 0.22
   87 G    -2  -3   1  -4  -6  -5  -5   7  -2  -7  -7  -5  -6  -6  -5  -2  -5  -6  -6  -5    2   1   6   0   0   0   0  84   1   0   0   0   0   0   0   3   0   0   0   1  1.97 0.77
   88 V    -2  -3  -1   1  -5  -3   0  -5  -4  -1  -1  -3   0  -5   6  -3  -3  -6  -5   2    3   1   3   9   0   0   7   0   0   2   6   1   3   0  43   1   1   0   0  19  0.95 0.48
   89 N    -5  -3   8  -2   3  -2  -3  -5   4  -7  -7  -4  -6  -6  -6  -2  -3  -7  -3  -6    0   1  76   1   6   1   1   0   9   0   0   0   0   0   0   1   1   0   1   0  2.15 0.89
   90 G    -2  -6  -2  -5  -6  -5  -4   7  -6  -7  -7  -2  -6  -1  -6  -3  -2  -6  -6  -4    2   0   1   0   0   0   1  86   0   0   0   2   0   3   0   1   2   0   0   1  2.00 0.80
   91 T    -1   1   0   0  -1   2   0  -3  -2   1   0  -1   0  -1  -2   1   2  -4  -3   1    2   7   3   6   2  10   4   0   0   9   9   2   2   2   1   9  19   0   0  12  0.16 0.20
   92 H    -6  -2  -4  -5  -7   1  -4  -6  11  -7  -7  -5  -6  -6   1  -5  -6  -7  -2  -7    0   2   0   0   0   5   0   0  83   0   0   0   0   0   8   0   0   0   1   0  3.14 1.14
   93 I    -2  -4  -3  -3  -4  -2  -3  -4   0   4  -1  -4   3  -2  -1  -2   0  -5  -3   5    2   1   1   2   0   2   2   1   3  20   4   0   7   1   3   2   5   0   1  46  0.70 0.43
   94 C    -3  -7  -3  -7  11  -7  -7  -6  -7  -5  -3  -7  -5  -4   0  -3  -5  -6  -6  -3    2   0   1   0  83   0   0   1   0   0   3   0   0   1   5   1   0   0   0   1  3.27 1.12
   95 M    -4  -5   0  -6  -5  -4  -5  -6  -5  -1   3  -3   9   0  -6  -4  -3  -1  -4   0    0   0   5   0   0   0   0   0   0   2  24   1  54   3   0   1   1   1   0   7  1.61 0.74
   96 V    -2  -5  -6  -6  -3  -4  -5  -5  -5   0  -1  -5  -3  -2  -5  -5  -3  -5   1   7    2   0   0   0   0   1   0   1   0   2   3   0   0   1   0   0   1   0   5  81  1.67 0.76
   97 F    -4  -1  -3  -5  -5  -5  -5  -5  -2  -3   1   1   0   8  -5  -1  -2  -3  -1  -4    1   3   2   0   0   0   0   0   1   1  12   9   2  59   0   5   3   0   0   0  1.34 0.64
   98 E    -4  -2  -4   1  -6   3   7  -5  -4  -6  -6  -1  -5  -6  -2  -2  -4  -6  -5  -6    0   2   0   7   0  10  70   0   0   0   0   3   0   0   2   2   0   0   0   0  1.60 0.78
   99 V    -1  -2  -2  -3  -3  -2  -4  -5   0   3   0  -3   2   0   0  -3  -1  -4   1   5    5   2   2   2   0   2   0   0   3  15   7   0   4   4   5   0   3   0   4  41  0.51 0.34
  100 L    -4  -4   1  -5   3  -4  -5  -4  -3  -1   5  -4   3  -3  -3  -2   0  -4  -2  -2    0   0   6   0   6   0   0   2   1   1  62   0   7   0   2   3   7   0   2   0  0.94 0.53
  101 G    -2  -3  -2  -1  -6  -2  -3   7  -5  -6  -6   0  -5  -1  -5  -3  -5  -5  -3  -6    3   2   1   3   0   1   2  76   0   0   0   5   0   3   0   1   0   0   1   0  1.60 0.70
  102 H    -4  -2  -2   3   2   2   1  -4   7  -5  -4  -2  -4  -3   3  -1  -3  -5  -1  -3    0   1   1  18   4  10   8   0  29   0   1   1   0   1  14   5   1   0   2   2  0.91 0.51
  103 H    -2  -3   5  -1  -4   0  -3  -3   6  -2  -3  -3   0  -4  -4   2  -1  -5  -3   1    2   0  30   3   0   4   0   1  21   2   2   0   3   0   0  17   3   0   0  11  0.82 0.50
  104 L    -3  -5  -5  -5  -4  -4  -1  -5  -5   0   6  -5   1  -2  -5  -3  -4  -5  -4  -1    2   0   0   0   0   0   5   1   0   3  79   0   2   1   0   2   0   0   0   3  1.33 0.64
  105 L    -2  -1  -1  -2  -4  -1  -2  -3   0   0   5  -3   0  -1  -5  -2  -3  -4   1   0    3   4   4   2   0   3   2   2   3   2  58   1   1   1   0   3   0   0   5   6  0.61 0.40
  106 K    -1   1  -2   0   1  -2  -1   3  -1  -4  -4   4  -4  -1  -3   1   1  -4  -4  -3    3   7   1   6   3   0   2  21   2   0   0  29   0   4   0  12   8   0   0   1  0.45 0.34
  107 W    -4  -2  -2  -5  -4   1  -3  -5  -4   0   4  -3  -1  -1   0  -1  -3   7   0  -1    0   2   2   0   0   7   2   0   0   4  46   1   1   2   4   5   0  17   3   2  0.82 0.47
  108 I    -2   0  -4  -1   0   1  -3  -4  -5   7  -1  -3   0  -3  -5  -2  -3  -5  -4   0    2   5   1   3   2   8   2   1   0  62   4   1   2   0   0   4   1   0   0   3  1.04 0.56
  109 I    -2   1  -3  -4   0  -1   0  -4  -2   5  -1   3  -1  -2  -4  -1  -1  -4   0   0    3   9   0   0   2   1   6   1   1  36   3  22   1   1   0   5   4   0   4   3  0.48 0.37
  110 K    -2   3  -1   1   0  -1  -2  -4   5  -4  -2   4  -3  -2  -4  -2  -1  -1   2  -3    4  16   1   8   2   1   1   0  18   1   5  28   0   1   0   1   3   1   8   1  0.63 0.41
  111 S    -2  -2   0  -3   0  -3  -2  -2   2  -4  -2  -3   1   1  -1   4   2   2   4  -2    2   2   4   0   2   0   2   2   6   0   3   0   3   5   3  32  15   3  15   2  0.50 0.40
  112 N    -3   0   5   4  -1  -1   0  -1   2  -5  -3   0  -4  -4   0   0  -3  -5  -3  -3    1   6  30  24   2   1   6   5   5   0   2   5   0   1   4   6   0   0   1   1  0.63 0.39
  113 Y    -3  -2   0   2  -2  -1  -2  -4   2  -2   0   0  -3   0  -1  -2  -2   1   7  -2    2   2   4  11   1   2   2   1   5   2  11   5   0   2   3   3   2   1  38   2  0.66 0.43
  114 Q    -1   3  -2  -2  -1   4   0  -1   1  -4  -2   3  -1  -5  -1   0  -2  -4  -4  -4    5  19   1   1   2  19   3   6   3   0   4  23   1   0   3   8   2   0   0   0  0.51 0.36
  115 G    -1   0  -2  -1  -1  -2  -4   6  -4  -5  -5  -2  -1   0  -3  -1  -1  -4  -4  -4    4   6   1   3   1   1   1  62   0   0   1   3   2   4   1   5   4   0   0   1  1.04 0.49
  116 L    -1  -4  -4  -1   0  -3  -2  -4  -4   4   3  -3   1   0  -2  -1  -1  -4  -3   2    5   0   0   5   2   0   2   0   0  23  31   1   3   3   1   5   2   0   0  14  0.42 0.29
  117 P    -4  -4  -5  -5  -6  -4  -2  -5   0  -6  -6  -4  -4  -7   8   0  -3  -7  -6  -2    1   1   0   0   0   0   2   1   3   0   1   0   1   0  79   7   1   0   0   3  2.35 0.98
  118 L    -3  -1  -3  -3  -4  -1   0  -4  -1   2   4  -3   3  -1  -2  -2  -2  -4  -3   1    1   3   1   1   0   2   6   1   2   9  48   1   7   2   2   3   2   0   0   9  0.49 0.34
  119 P    -1   1   1  -1  -4   0   1  -2   2  -1  -2  -1  -3  -4   5   0  -2  -5  -3   0    5   7   8   3   0   5   8   2   6   3   3   2   0   0  30   8   1   0   1   8  0.51 0.34
  120 C    -2  -3   2  -2   6   0  -2  -3  -2   1   1   0   3  -2  -2   0   0  -1  -3   0    2   0  10   2  19   4   2   1   1  11  15   6   8   1   2   5   4   1   1   4  0.35 0.27
  121 V    -2  -5  -3  -5  -2  -4  -2  -3   1   0   0  -4  -1  -4   1  -3  -3  -5  -4   6    3   0   1   0   1   0   3   2   3   3   8   0   1   0   8   2   1   0   0  62  0.99 0.56
  122 K    -2   3   0   3  -5  -2  -1  -4  -3  -5  -4   6  -1  -5  -4  -1  -1  -5  -4  -3    3  16   3  14   0   1   2   1   0   0   2  47   2   0   0   5   3   0   0   1  0.92 0.53
  123 K     0   1   0   1  -2   2   2  -3  -1  -2  -3   2   0  -4  -2   2   1  -2  -3  -2    7   6   4   6   1   9  14   1   1   2   1  12   2   0   1  19   8   1   0   3  0.27 0.25
  124 I    -2  -4  -4  -1  -4  -4  -2  -5  -5   6   0   0   3  -1  -5  -2  -1  -5  -2   1    3   0   0   4   0   0   3   0   0  48   6   8   8   3   0   3   3   0   1   9  0.73 0.44
  125 I     0  -3  -2   1   4  -1  -2  -2   0   2   0  -3   2  -2  -1   1   1  -4  -3   2    9   0   1   8   9   2   1   3   3  16   5   0   5   1   2   9  12   0   0  13  0.21 0.22
  126 Q    -3   4  -2  -2   3   2  -1  -4   2  -2  -3   4  -2  -1  -1  -1  -2  -3  -1  -3    0  26   1   2   7   7   3   0   5   2   2  29   1   4   4   3   2   0   2   2  0.60 0.41
  127 Q    -2  -2  -1  -2   1   7   0  -3   4  -6  -6  -1  -4  -6  -4  -1   0  -6  -3  -5    3   1   3   1   3  59   4   2  10   0   0   2   0   0   0   5   6   0   0   0  1.38 0.76
  128 V     0  -2   0  -3   1  -1  -3  -2  -3   1   0  -2   0  -2   2   0   1  -4  -3   4    5   2   5   0   2   2   1   2   0   8   7   2   2   1  10   8   8   0   0  33  0.28 0.26
  129 L    -2  -4  -4  -2  -3  -1  -1  -5  -2   0   5  -2  -1  -2   0   0   0  -4  -3  -1    2   0   0   3   0   2   4   0   1   3  60   2   0   1   5   6   5   0   0   3  0.65 0.43
  130 Q     0  -2   0  -2   0   2   1  -2  -1  -1   1   0  -1  -3   0   3   0  -4  -3   0    7   1   5   0   2  13   9   2   1   4  13   4   1   0   3  24   5   0   0   5  0.20 0.24
  131 G     1  -2   2  -3  -4  -2  -4   5  -4  -5  -4  -1  -1  -5  -4   2  -1  -5  -5  -4   10   3  11   0   0   1   0  51   0   0   1   3   2   0   0  14   3   0   0   0  0.91 0.49
  132 L     0  -3  -4  -3  -3   0  -1   0  -4   1   4  -1  -1  -1  -2  -1  -2  -4  -3   0    6   0   0   1   0   4   5   9   0   6  48   5   0   2   2   4   2   0   0   6  0.39 0.31
  133 D    -2  -1   0   6  -1   1   2  -3   2  -2  -5   0  -4  -5  -4  -2  -2  -5  -4  -3    2   3   3  52   1   5  14   2   4   3   0   5   0   0   0   2   1   0   0   1  0.99 0.51
  134 Y    -3   0  -2  -2  -3   3   0  -3   0  -2  -2  -2  -3   3  -3  -1  -2  -2   6  -1    0   6   2   1   0  17   6   2   1   2   3   1   0  11   1   5   2   0  34   4  0.72 0.46
  135 L    -1  -2  -2  -4  -3  -2  -2  -3  -4   0   4  -1   1  -1  -2   1   0  -4  -1   0    4   1   2   0   0   1   2   2   0   2  49   5   3   2   2  12   4   0   2   6  0.41 0.33
  136 H    -4  -1  -2  -2  -5  -1  -1  -1   9  -4  -1   1  -2   1  -1  -1  -4  -4  -1  -5    0   2   1   2   0   2   3   5  48   0   8  10   1   7   3   5   0   0   1   0  1.15 0.58
  137 T    -1   2   2   1  -2   0   0  -1   0  -2  -2   0  -1  -4  -3   2   2  -4  -3  -1    4  15  11   9   1   3   5   3   2   2   3   3   1   0   0  18  16   0   0   3  0.27 0.25
  138 K    -2   1  -1   1   1   2   5  -2  -1  -4  -4   3  -4  -5   0   0  -2  -5  -3  -3    1   6   2   5   4   7  36   3   1   0   0  19   0   0   4   6   1   0   1   2  0.61 0.40
  139 C    -2   1  -2  -2   8   2  -1  -1  -1  -2   0   1   0  -1  -4  -1  -1  -4  -2  -2    1   8   2   1  32   9   5   4   1   2  10   8   2   3   0   5   4   0   1   2  0.62 0.38
  140 R    -1   0   1   1  -4   1   1   2   0  -4  -4   2  -3  -3   0   3   0  -4  -4  -4    2   4   5   6   0   5   9  17   2   0   1  16   1   1   4  23   4   0   0   0  0.36 0.29
  141 I    -1  -1  -3  -1  -4  -2  -4  -1  -4   6   0  -2   1  -3  -1  -1   0  -5  -4   1    3   4   1   4   0   2   0   5   0  49   5   3   3   0   3   5   5   0   0   7  0.59 0.40
  142 I    -2  -4   0  -1  -4  -3  -1  -4  -4   6   0  -1  -2   0  -4   1  -1  -4  -3   1    3   0   5   4   0   0   3   0   0  46   6   4   0   3   0  13   4   0   0   6  0.59 0.40
  143 H    -3   1   0  -1  -5   4   0  -4   8  -5  -5   0  -4  -4  -3   1  -4  -5   0  -5    2   7   3   4   0  16   4   0  42   0   0   5   0   0   1  11   0   0   3   0  1.22 0.61
  144 T     0  -1  -1   1   1  -1  -1  -2  -1  -2   0  -2  -1  -4  -1   1   5  -5  -4  -1    7   3   3   8   3   2   2   2   1   1   9   2   2   0   3   9  41   0   0   3  0.47 0.39
  145 D     0  -3  -1   5  -5   1   2  -1   0  -3  -3   0  -4  -5   0   0  -2  -5  -2  -4    7   0   2  41   0   6  13   5   3   2   3   6   0   0   4   5   2   0   1   0  0.67 0.43
  146 I     0  -1  -2   0  -3   1   0  -2   0   2   1   0   0  -1  -1  -1   0   1  -1   0    9   2   0   5   0   8   8   3   2  17  17   5   2   1   3   2   6   2   2   6  0.08 0.13
  147 K     0   0  -2   0  -4  -1   1  -1   1  -2  -2   4  -3  -4   2   1  -1   0  -4  -4    7   4   0   6   0   2   7   4   3   2   3  34   0   0  10  14   3   2   0   0  0.43 0.35
  148 P     0  -3   1  -1   0  -1   0  -1  -1   1  -1  -1   0  -4   5   0   0  -4  -4  -1    7   0   8   3   2   3   6   4   1   9   5   3   2   0  29   8   6   0   0   3  0.41 0.28
  149 E    -1   2  -1   3  -4   1   4  -2   0  -4  -2   0  -3  -5  -1   1  -1  -5  -4  -2    4  10   2  16   0   5  30   3   2   0   3   6   0   0   2   9   4   0   0   4  0.45 0.33
  150 N     0  -3   5   3  -4  -2   1   0   1  -4  -3  -1  -4  -5   1   0   1  -5  -4  -2    7   0  27  16   0   0  10   6   3   0   2   3   0   0   8   4  10   0   0   3  0.50 0.36
  151 I    -1   0  -1  -1  -3  -1   3  -1  -3   2  -2   0   0  -3   1   1   0  -4  -3   0    3   6   3   2   0   1  20   3   0  18   2   4   2   0   8  12   7   0   0   8  0.22 0.25
  152 L     0  -1   0   0   1   1   0   0   0   0   1   1   0  -1  -1   0   0  -3  -2   0    5   2   5   4   3   7   6   6   3   3  21   9   3   2   3   7   7   0   0   5  0.04 0.09
  153 L     0   0   0   0   2   0   0  -1   1   0  -1   0   1   0   0   0   0   3  -2   0    5   5   5   5   5   5   5   5   5   5   5   5   5   5   5   5   5   5   0   5  0.05 0.09
  154 S     0   0   1   0   3   0   1  -2   2  -1  -2   0   0  -1   0   2   1  -4   0  -1    5   4   6   5   8   5  10   3   5   4   3   5   3   3   4  16   7   0   3   4  0.13 0.18
  155 V    -1  -1  -1  -1   0   1   1   0  -2   0   0  -1   0  -1   1   1   0  -3   0   1    4   3   3   3   2   6   9   9   0   7   8   3   3   2   7  10   4   0   4  12  0.05 0.10
  156 N    -1   1   1   3  -4   1   1   0   1  -2  -1   0   1  -2  -1   1   1  -4  -3  -2    4   9   5  16   0   5   9   6   4   2   6   4   4   1   2  10   9   0   0   2  0.18 0.20
  157 E    -1   0   1   2  -4   0   3  -1   0   1  -1   0   0  -4   1   0  -1  -5  -4  -2    4   4   7  13   0   4  19   4   2  10   5   5   2   0   7   7   3   0   0   2  0.23 0.24
  158 Q    -1   0   0   2  -4   2   1   0   1  -2  -2   1  -1  -3   3   0   0  -5  -4  -1    4   5   5  12   0   8   7   7   4   3   3   9   2   1  15   6   5   0   0   4  0.23 0.22
  159 Y    -2  -1   1   0  -1   0   2  -2   2  -1  -3   0  -2  -1   2   1   0   0   3  -3    3   3   7   6   2   3  14   3   5   3   2   6   1   2  11  10   7   1  11   1  0.23 0.24
  160 I     0  -1   0  -1  -3  -3  -1  -1  -1   2   2  -2   0  -2   0   0   0   0  -2   2    6   3   5   4   0   0   4   5   2  13  18   2   2   1   5   7   6   2   1  16  0.14 0.17
  161 R    -1   2   0   2   0   1   1  -1   1  -2  -2   2  -2  -1   0   1  -1   0  -3  -2    4  11   4  12   2   6   9   5   4   2   4  11   1   3   5  10   3   2   0   2  0.17 0.18
  162 R    -1   4   0   2  -5   2   1  -1  -2  -2  -1   1  -1  -3   0   1  -1  -5  -4  -2    3  20   5  10   0   9   8   4   1   2   6  10   1   1   5   9   3   0   0   2  0.29 0.27
  163 L    -1   1   0  -1  -1   0  -2  -2   0  -1   2   1   2  -3   3   0  -2  -4  -1  -1    3   9   5   3   1   3   2   3   2   3  20  10   5   0  15   7   2   0   2   5  0.21 0.22
  164 A     2   0   0   1   0   0   0   0  -3   0  -1   0   1  -1   0   1   0  -4  -3  -1   20   6   4   7   2   4   6   7   0   5   7   4   5   2   5   8   5   0   0   4  0.10 0.14
  165 A     0   1   0   0   1   0   0   0   0  -2  -1   2   0  -1   1   1   0   1  -1  -1    8   8   4   5   3   4   5   6   3   2   7  13   2   2   8  12   4   2   2   3  0.09 0.11
  166 E     0   0   0   0   2   0   0  -1   1   0  -1   0   1   0   0   0   0   3  -2   0    5   5   5   5   5   5   5   5   5   5   5   5   5   5   5   5   5   5   0   5  0.05 0.09
  167 A     1   0   0   0   0   0   0   0   1  -1  -1   0   0  -2   1   1   1  -3  -1  -1   15   4   5   5   3   4   6   6   3   3   5   4   3   2   7  10   9   0   2   5  0.08 0.10
  168 A     1   0   1  -1   0   0  -1  -1   0  -1   0   0  -2  -1   1   1   2  -4  -3   0   16   4   7   3   2   3   4   5   2   3   9   4   0   2   6  10  13   0   0   6  0.10 0.15
  169 G     0   0   0   0   2   0   0   0   1   0  -1   0   1   0   1   0   0  -3  -1   0    6   6   5   6   5   5   6   6   5   6   6   6   5   5   6   6   6   0   0   6  0.03 0.07
  170 N     0   0   1   1   2   0  -1  -1   1  -1  -1  -1   2  -1   1   0  -1   6   0  -1    6   5   6   7   4   4   3   5   3   3   6   5   4   3   6   7   4  11   3   4  0.24 0.19
  171 F     0  -1   0   0   0   1   0  -1   0   0   0  -1   0   1   1   1   0  -3   0   0    8   2   4   4   2   8   5   4   3   7   7   4   2   7   6  13   3   0   4   7  0.04 0.08
  172 L    -1   0  -1   0   1   0   1  -2  -3   0   1   0   0  -1   1   0   1  -3  -1   0    2   7   3   6   4   3   8   3   0   5  19   7   3   2   6   8   8   0   2   5  0.07 0.12
  173 V     0   0   0   0  -1  -1   0   0  -1   0   0   0   1  -2   2   1   0   1  -1   0    7   4   6   6   2   2   4   6   2   4   8   5   6   1  10  12   5   2   2   6  0.07 0.09
  174 N     0   0   1   1   1   0   0   0   0  -1  -1   0   0   0   0   1   1  -3  -2   0    6   4  10   7   3   3   4   6   3   4   4   8   4   4   4  10   8   0   0   6  0.06 0.08
  175 P     0   0   0   0   1   0   0   0   0  -1   0   0  -1  -1   2   0   0  -3   0  -1    7   6   5   5   3   5   6   7   3   4   8   6   0   3  13   6   6   0   4   4  0.08 0.08
  176 L    -1   0   0   0   0   0   0  -2   0   0   0   0   0   0   3  -1   0  -3   0   0    3   4   5   6   3   4   6   3   3   6  11   7   3   4  15   4   6   0   3   5  0.11 0.11
  177 E     0   1   1   1  -2   1   0   0   2   0  -1   0  -1  -2   1   0   0  -3  -2   0    7   7   7   7   0   7   7   7   6   7   7   7   0   0   7   7   7   0   0   7  0.08 0.08
  178 P     0   0   0   0   2   1   0   0   2   0  -1   0   1  -2   1   0   0  -3   1   0    6   6   5   6   5   5   6   6   5   6   6   6   5   0   6   6   6   0   5   6  0.04 0.08
  179 K     0   0   0   0   2   0   0  -1   1  -1   0   0   0   0   0   1   0  -3   0  -1    6   5   4   5   6   5   5   4   4   4  11   7   3   4   4  12   4   0   4   3  0.04 0.07
  180 N     0   1   2   2  -4   0   1   0   1  -1  -1  -1   2  -1  -3   0   0   2  -3  -1    6   7  11  11   0   4  10   6   3   3   5   3   7   3   0   7   4   3   0   5  0.14 0.17
  181 A     0   0   0   0   2   0   0  -1   1   0  -1   0   1   0   0   0   0   3  -2   0    5   5   5   5   5   5   5   5   5   5   5   5   5   5   5   5   5   5   0   5  0.05 0.09
  182 E     0   0   0   0   2   0   0  -1   1   0  -1   0   1   0   0   0   0  -2   1   0    5   5   5   5   5   5   5   5   5   5   5   5   5   5   5   5   5   0   5   5  0.03 0.05
  183 K     0   0   1   0  -3   1   0   0   2   0  -1   0   1  -2   1   0   0  -2   1   0    6   6   6   6   0   6   6   6   6   6   6   6   6   0   6   6   6   0   6   6  0.05 0.08
  184 L    -1   0  -3  -4  -1  -3  -3  -4  -2   3   2  -2   1   2   1  -1  -1  -3  -1   2    2   5   0   0   1   0   1   0   1  22  27   0   4   9   8   6   1   0   1  13  0.28 0.14
  185 K    -1   3   1   0  -2   1   1  -2   3  -2  -1   2   0  -3  -2   1   0  -3  -1  -2    2  19   7   4   1   5   7   2  12   0   8  13   2   0   1  12   3   0   1   2  0.22 0.12
  186 V    -1  -1  -4  -4   4   1  -3  -4  -3   3   1  -3   0   1  -4  -3  -1  -3  -1   4    1   3   0   0  10  10   0   0   0  21   9   0   0   6   0   0   1   0   1  38  0.44 0.20
  187 K    -2   4  -2  -3  -5  -1  -1  -4  -3  -3  -4   6  -1  -3  -3  -2  -2  -5  -3  -1    1  21   0   0   0   0   0   0   0   1   0  67   2   1   0   0   1   0   0   6  1.01 0.34
  188 I    -2  -4  -4  -4  -2  -3  -4  -4  -4   6   3  -3   0  -1  -4  -3  -2  -3  -2   1    1   0   0   0   0   0   1   1   0  59  29   1   0   0   0   1   1   0   0   4  0.80 0.25
  189 A     3   0  -3  -2  -1  -2   1  -1  -3   2  -2  -2  -1  -3  -3   0   0  -4  -3   2   41   5   0   0   1   0  13   4   0  15   0   0   0   0   0   3   3   0   0  15  0.30 0.18
  190 D    -4  -3  -1   8  -6  -2  -1  -4  -3  -5  -6   0  -5  -6  -4  -1  -3  -7  -5  -5    0   0   0  93   0   0   0   0   0   0   0   5   0   0   0   2   0   0   0   0  1.92 0.47
  191 L    -3  -4  -5  -5  -3  -4  -5  -5  -4   1   4  -4   1   6  -5  -4  -3   0   0  -1    0   0   0   0   0   0   0   0   0   5  55   0   2  38   0   0   0   1   0   0  1.00 0.30
  192 G    -1  -1  -2  -3  -3  -3  -3   6   1  -2  -2  -3  -3  -4  -4  -2  -3  -4  -4  -4    1   4   0   0   0   0   0  78   5   2   5   0   0   0   0   1   0   0   0   0  1.22 0.32
  193 N    -1  -2   6  -1  -3  -2  -2   0  -1  -1  -2  -1  -2  -3  -3   0   1  -4  -3   2    3   0  47   1   0   0   0   5   1   4   2   1   0   0   0   7   9   0   0  17  0.52 0.22
  194 A     6  -3  -3  -3  -2  -2  -2  -1  -3  -3  -1  -2  -2  -3  -2   2  -1  -4  -3  -2   77   0   0   0   0   0   0   2   0   0   6   0   0   0   0  13   0   0   0   0  0.89 0.31
  195 C    -1   0   0  -3   9   1  -3  -3  -2   0  -3  -3  -3  -4  -4   1   0  -4  -3  -2    2   5   6   0  54   7   0   0   1   7   0   0   0   0   0   9   6   0   0   0  1.13 0.31
  196 W    -3  -1  -3   0  -2  -1   0  -1  -3  -4  -3  -1  -3   0  -4   0  -2  11   1  -4    0   4   0   5   1   2   5   6   0   0   1   3   0   2   0   7   2  58   2   0  1.77 0.39
  197 V     0  -1  -2  -2  -2  -2  -2  -2  -3   2   0  -1   1   0  -3   0   2  -3  -2   4    6   5   0   2   0   0   0   3   0  11   1   2   3   3   0   5  17   0   1  40  0.26 0.15
  198 H    -2  -2   3   2  -3   1   0  -1   5  -3  -3  -1   1  -2   1   0  -1  -2   3  -3    2   0  15  14   0   5   5   4  19   0   0   1   5   0   7   7   2   0  12   1  0.36 0.16
  199 K    -2   1   2   2  -3   0   0  -1   4  -3  -1   4  -2  -3  -2  -1   0  -4  -2  -3    0   7  10  11   0   3   3   2  12   0   8  36   0   0   0   2   4   0   0   0  0.38 0.17
  200 H    -2   1  -2  -3  -1   3  -1  -3   7   1  -3  -1  -2  -2   2  -2  -3  -4   0  -3    1   9   0   0   1  17   0   0  41  12   0   3   0   1  11   0   0   0   2   0  0.79 0.28
  201 F    -3   0  -2  -3  -3  -2   0  -3   3  -1   1   0  -1   6  -4  -3  -3   0   1  -2    0   5   2   0   0   0   9   1   8   2  17   5   1  45   0   0   0   1   3   0  0.54 0.21
  202 T     0  -2  -1  -2   0  -2   0  -3  -3  -2  -2  -2  -2  -3  -2   1   5  -3  -1   1    7   2   1   0   2   0   6   0   0   0   0   0   0   0   1  10  55   0   2  11  0.57 0.24
  203 E    -1  -1   2   3  -4   2   4  -1   0  -4  -4   0  -3  -4   0   0  -2  -4  -2  -4    2   0  14  16   0  11  38   3   2   0   0   3   0   0   4   4   1   0   1   0  0.56 0.20
  204 D    -2  -1  -1   4  -3  -1   2   0   2  -2   0   0  -2  -2  -2   1  -1   2  -2  -2    1   3   0  32   0   1  11   6   7   2  14   8   0   1   0  11   0   3   0   0  0.29 0.14
  205 I    -3  -4  -5  -5   4  -4  -5  -5  -5   7   1  -4  -1  -2  -4  -4  -2  -4  -3   1    0   0   0   0   9   0   0   0   0  78   8   0   0   0   0   0   0   0   0   3  1.15 0.34
  206 Q    -2  -1   1  -2  -4   7   0  -3  -2  -4  -4   1  -2  -5  -3   0   1  -4  -3  -4    0   0   5   0   0  70   0   0   0   0   0   7   0   0   0   5  11   0   0   0  1.18 0.38
  207 T    -2   0  -2  -2  -3  -2   0  -3  -3  -3  -3  -2  -3  -4   4   1   5  -4  -3  -2    0   5   0   0   0   0   5   0   0   0   0   0   0   0  21   9  57   0   0   0  0.88 0.31
  208 R    -2   5   1  -2   1   1  -1  -3  -2  -2  -2   0  -2  -3   1  -2  -2  -3   1   0    1  46   7   0   3   4   3   0   0   2   2   2   0   0   9   1   0   0   8  11  0.49 0.21
  209 Q     1  -1  -2  -2  -1   5   2  -3  -1  -2  -3  -1   0  -3   0  -1   1  -3   1  -2   17   0   0   0   1  43  10   0   0   2   0   1   2   0   3   0  10   0   7   2  0.52 0.24
  210 Y    -3  -3  -3  -4  -4  -3  -3  -4  -1  -2   2  -1  -2   1   0   0  -3   0   7  -2    0   0   0   0   0   0   0   0   0   0  21   5   0   3   5   9   0   0  55   0  0.93 0.31
  211 R    -2   7  -2  -2  -3   0   1  -3  -2  -3  -3   2  -3  -4  -3  -2  -2  -4  -3  -1    1  70   0   1   1   0   9   1   0   1   1   7   0   0   1   1   1   0   0   5  1.07 0.30
  212 S     3  -2  -2  -2   4  -2   0  -2  -2  -2  -2  -2  -2  -3   1   3  -1  -3  -3   0   33   1   0   1  11   0   6   1   0   1   1   1   0   0   5  29   1   0   0   9  0.40 0.18
  213 L     0  -3  -3  -3  -3  -2  -2  -1  -3  -1   1  -2  -2  -3   6   0  -2  -4  -3  -2    6   1   0   1   0   0   1   5   0   2  18   1   0   0  52  10   1   0   0   2  0.98 0.24
  214 E    -2  -2  -2   1  -4   0   7  -3  -2  -4  -4   1  -3  -4  -2  -2  -2  -4  -3  -4    1   1   1   5   0   0  80   1   0   1   1   5   0   0   1   1   1   0   0   1  1.23 0.33
  215 V    -1  -4  -4  -4  -2  -3  -3  -4  -4   1  -1  -3  -1  -2  -3  -1   1  -4  -3   6    1   0   0   0   0   0   0   0   0   1   2   0   0   0   0   3   9   0   0  79  0.94 0.32
  216 L    -2  -3  -3  -4  -2  -3  -3  -4  -3   4   3  -3   2   1  -3  -2   1  -3  -2   1    1   0   0   0   0   0   0   0   0  30  37   0   7   5   0   0  11   0   0   7  0.47 0.17
  217 I    -2  -3  -4  -4  -2  -3  -4  -4  -4   4   4  -3   2   0  -4  -3  -2  -3  -2   1    1   0   0   0   0   0   0   0   0  38  43   0   5   2   0   0   1   0   0   7  0.66 0.21
  218 G    -1  -2  -1  -1   4  -1  -2   6  -2  -4  -4   0  -3  -4  -3  -2  -2  -1  -4  -4    1   2   2   2   9   4   2  69   0   0   1   5   0   0   0   1   1   1   0   0  1.02 0.27
  219 S     3  -2  -1  -2  -1   2  -1  -1  -2  -2  -2  -1  -2  -3  -2   3   0  -3  -1  -1   39   0   2   1   1  14   1   3   0   1   4   0   0   0   0  28   2   0   2   2  0.38 0.17
  220 G     0   0   0   2  -3   0   1   3   0  -3  -3   2  -2  -4   2   0  -1  -4  -3  -3    6   2   3  13   0   3   6  24   2   1   0  19   1   0  12   6   1   0   0   0  0.34 0.12
  221 Y    -2  -4  -4  -5  -1  -3  -4  -4  -1  -4  -2  -4  -3   1  -5   1  -3   9   7  -4    2   0   0   0   1   0   0   0   0   0   3   0   0   2   0  11   0  30  51   0  1.67 0.40
  222 N    -1  -1   2   3  -2  -1  -1   3  -2  -4  -4  -2  -3  -3  -3   4  -1  -4  -3  -4    0   3   8  18   1   1   1  24   0   0   1   0   0   1   0  42   1   0   0   0  0.57 0.22
  223 T     1  -2   1  -2   0   0  -1  -2   1   1  -2  -2  -1  -1   2   1   3  -3  -1   0   11   1   6   0   3   5   1   0   4   9   0   0   0   3   9   8  34   0   1   6  0.25 0.14
  224 P     0  -1   0  -1  -3  -1   1   1  -2  -3  -3   0  -3  -3   4   3   0  -3  -3  -3    4   3   2   0   0   0  12  12   0   0   1   7   0   0  25  28   4   0   0   1  0.50 0.16
  225 A     3   1  -2  -2  -2   2  -1  -2  -2   0  -2  -1  -1  -3   0   0   1  -3  -2   2   36   7   0   0   0  12   1   1   0   3   1   0   0   0   3   3  13   0   0  19  0.26 0.15
  226 D    -3  -3   0   7  -5  -2   1  -3  -3  -4  -5  -2  -4  -4  -3  -2  -3  -5  -4  -4    1   0   0  85   0   0   8   1   0   0   1   0   0   0   0   1   1   0   0   1  1.57 0.35
  227 I    -2  -4  -4  -5   0  -4  -4  -1  -4   5   1  -4   4  -2  -4  -3  -2  -4  -3   3    0   0   0   0   2   0   0   7   0  54   5   0  15   0   0   0   0   0   0  17  0.73 0.25
  228 W    -4  -5  -5  -5  -5  -4   0  -5  -4  -5  -4  -5  -4  -2  -5   1  -4  12  -1  -5    0   0   0   0   0   0   9   0   0   0   0   0   0   0   0  11   0  80   0   0  3.06 0.56
  229 S    -1  -2   1  -2  -3   1  -2   1   2  -4  -4  -2  -3  -4  -3   5   1  -4  -3  -3    0   0   6   0   0   6   0   9   6   0   0   0   0   0   0  65   9   0   0   0  0.75 0.29
  230 T    -1   1  -2  -3  -2   2  -1  -3   0   0   1   1   2   2  -3  -1   2  -2  -1   0    5   7   0   0   0  11   0   0   2   1  17   9   9  12   0   0  19   0   0   8  0.17 0.13
  231 A     5  -3  -2  -2  -2  -2   1   3  -3  -3  -4  -2  -3  -4  -2   1  -2  -4  -3  -2   58   0   0   0   0   0  11  21   0   0   0   0   0   0   0  10   0   0   0   0  0.68 0.25
  232 C     0  -4  -3  -4   9  -4  -4  -4  -4  -3  -2  -4  -3   1  -4   2  -2  -4  -3  -2    5   0   0   0  62   0   0   0   0   0   3   0   0   7   0  20   0   0   0   1  1.55 0.37
  233 M    -2  -3  -4  -4  -3   1  -3  -4  -3   4   2  -3   6  -1  -4  -3  -1  -3  -2   2    0   0   0   0   0   7   0   0   0  30  14   0  34   1   0   0   3   0   0  10  0.64 0.24
  234 A     2   2  -2  -3   2  -2  -2  -2  -2   2   0  -1   0   0  -3  -1   0  -3  -2   2   28  19   0   0   5   0   0   1   0  15   4   0   2   4   0   1   4   0   0  16  0.21 0.13
  235 F     0  -4  -2  -4  -3  -4  -4  -4  -2  -2  -1  -4   0   7  -4  -3  -3   3   3  -1   11   0   2   0   0   0   0   0   0   0   3   0   3  65   0   0   0   4   7   4  1.05 0.30
  236 E    -2  -1   2   1  -5   1   6  -3  -1  -5  -4  -1  -4  -4  -3  -1  -2  -4  -2  -4    0   1   8   6   0   2  78   0   1   0   0   0   0   0   0   1   0   0   1   0  1.17 0.34
  237 L    -2  -3  -4  -4  -3  -3  -4  -4  -4   2   4  -3   3   2   1  -3  -2   1  -2   0    0   0   0   0   0   0   0   0   0   9  62   0   8   7   8   0   0   2   0   1  0.62 0.21
  238 A     3  -3  -3  -3  -1  -3  -3  -3  -3   2   2  -3   0  -1   2  -1  -1  -3  -2   2   36   0   0   0   1   0   0   0   0  10  19   0   2   2   9   1   3   0   0  14  0.35 0.20
  239 T    -1   0  -2  -3   2   1  -1  -3  -2  -3  -3  -2   0  -4  -3   1   6  -4  -3  -2    2   6   0   0   5   8   2   0   1   0   0   0   2   0   0   7  63   0   0   1  0.89 0.38
  240 G    -1  -4  -1  -1  -4  -3  -1   7  -4  -5  -5  -3  -4  -5  -4   0  -3  -4  -5  -5    3   0   2   2   0   0   5  79   0   0   0   0   0   0   0   6   0   0   0   0  1.42 0.40
  241 D    -1  -1   0   6  -4  -2   0   0  -3   0  -4  -1  -3  -4  -3  -1  -1  -4  -1  -1    6   3   3  53   0   0   5   7   0   6   0   3   0   0   0   3   4   0   2   4  0.66 0.26
  242 Y    -2  -1  -3  -3  -1  -1   1  -4  -1  -1  -1  -1   1   2  -4  -2  -2   2   6   2    1   4   0   0   1   1  11   0   1   2   5   4   4   8   0   3   0   3  34  19  0.49 0.24
  243 L    -3  -4  -5  -5  -3   1  -4  -5  -4   0   6  -4   3  -2  -3  -4  -3  -4  -3  -1    0   0   0   0   0   9   0   0   0   1  80   0   7   0   1   0   0   0   0   0  1.10 0.40
  244 F    -5  -5  -5  -5  -5  -2   1  -5  -4  -3  -2  -5  -3   9  -6  -4  -4  -2   0  -4    0   0   0   0   0   2   9   0   0   0   0   0   0  87   0   0   0   0   0   0  2.04 0.56
  245 E     0  -2   1   4  -2   2   4  -3  -1  -4  -4  -1  -3  -4  -3   1  -1  -4  -3  -2    7   1   4  30   1  10  28   0   1   0   0   1   0   0   0  11   2   0   0   3  0.58 0.24
  246 P    -1  -4  -3  -3   0  -3   1   2  -4  -4  -5  -3  -4  -5   7  -2  -1  -5  -4  -4    5   0   0   0   2   0   9  14   0   0   0   0   0   0  62   0   3   0   0   0  1.50 0.41
  247 H    -2   1   0  -2  -4   2   1  -2   7  -4  -4   2  -1  -3  -3   1  -2   1  -1  -1    2   9   4   1   0  10   8   1  32   0   0  12   1   0   0  10   0   2   0   5  0.58 0.26
  248 S     2  -1   2  -1  -3  -1  -1  -1  -2  -4  -4  -1  -2  -4   1   4   0   3  -2  -2   16   2  13   2   0   2   2   4   0   0   0   2   0   0   7  39   3   5   1   1  0.45 0.25
  249 G    -1  -3   0   0  -3  -2  -2   6  -3  -5  -5  -2  -4  -5   0   1   0  -5  -5  -4    2   1   3   5   0   1   2  63   0   0   0   2   0   0   5   9   7   0   0   0  0.96 0.33
  250 E    -1  -1   0   2  -2   1   3   0  -1  -4  -4   1  -2  -4   3  -1   1  -4  -3  -2    3   1   3  13   1   5  23   9   1   0   0  11   0   0  16   0  11   0   0   2  0.41 0.20
  251 E    -1   0   2   3  -3   0   1   0  -1  -1  -1   1  -2  -2   0   0   0  -3  -1  -2    2   2  11  19   0   2   7   7   1   6   8  13   0   1   5   5   6   0   2   0  0.15 0.10
  252 Y    -3  -3  -3   0  -3  -3  -2  -4   1  -1  -3  -1   0   3  -3  -2  -3   7   7  -2    0   0   0   7   0   0   3   0   3   4   0   4   3  10   1   2   0  19  39   2  1.04 0.35
  253 T    -1  -3   1   2  -1  -2  -1   0  -2  -3  -1  -2  -2  -1  -2   3   3  -4   0  -3    1   0   6  13   1   0   3   8   0   0   5   1   0   2   1  27  27   0   3   0  0.35 0.23
  254 R     1   4  -2   0  -4  -1   2  -2   0  -3  -2   3  -3  -4   0  -1   0  -4  -1  -3   14  28   0   5   0   0  13   1   1   1   2  20   0   0   5   1   4   0   2   1  0.40 0.22
  255 D    -2  -3   1   5  -4  -1   3   0  -2  -3  -3  -2   1  -4  -3  -1  -2  -5  -4  -1    2   0   7  45   0   0  22   6   0   0   3   0   4   0   0   2   1   0   0   5  0.73 0.30
  256 E    -3  -1  -2   5  -5   1   5  -4  -2  -5  -5   1  -4  -5  -3  -2   0   0  -4  -5    0   2   0  33   0   4  44   0   0   0   0   9   0   0   0   0   5   2   0   0  0.99 0.37
  257 D    -1  -3  -1   7  -5  -1   0  -3   2  -3  -5  -3  -4  -5  -3   1  -1  -5  -3  -4    4   0   0  66   0   2   2   1   6   2   0   0   0   0   0   9   3   0   1   0  1.12 0.40
  258 H    -4   0  -2  -4  -5   1  -3  -5  10  -5  -1  -3  -4  -4  -5  -3  -1  -5  -1  -5    0   4   0   0   0   5   0   0  76   0   6   0   0   0   0   0   5   0   0   0  2.01 0.59
  259 I    -1  -4  -5  -5  -3  -4  -4  -5  -4   4   4  -3   0  -1  -4  -3  -1  -4  -3   0    5   0   0   0   0   0   0   0   0  26  58   1   0   2   0   0   2   0   0   3  0.74 0.30
  260 A     6  -1  -3  -4  -3  -3  -3   1   0  -3  -2  -3  -1  -4  -3   0  -2  -5  -4  -2   78   2   0   0   0   0   0   7   2   0   2   0   2   0   0   3   0   0   0   0  0.99 0.42
  261 L    -3   3   0  -3  -2   5   0  -4   4  -3   1  -1   1  -3  -4  -2  -3  -4  -2  -3    0  15   5   0   1  33   2   0  14   0  20   1   3   0   0   1   0   0   0   1  0.55 0.30
  262 I    -3  -4  -5  -5  -2  -3  -5  -5  -2   5   0  -4   7   2  -5  -4  -1  -4  -3   0    0   0   0   0   1   1   0   0   1  47   0   0  34   7   0   0   4   0   0   3  1.04 0.42
  263 I    -2  -4  -4  -4  -2  -1  -3  -4  -4   5   0  -3   4  -2  -4  -2   0  -4  -3   2    1   0   0   0   1   3   1   0   0  53   0   0  13   0   0   3   6   0   0  12  0.68 0.30
  264 E    -1  -2  -2   1  -2   0   6  -1  -2  -4  -4  -1  -4  -5  -2  -1  -3  -4  -4  -3    4   0   0   7   1   0  72   4   0   0   0   0   0   0   2   3   0   0   0   2  1.06 0.40
  265 L    -2  -4  -5  -5  -3  -4  -5  -5  -4   2   5  -4   1  -1  -4  -4  -2  -3   0   0    3   0   0   0   0   0   0   0   0  13  71   0   1   0   0   0   1   0   3   3  0.87 0.34
  266 L    -3  -4  -5  -5  -1  -4  -5  -5  -5   1   5  -4   1   1  -5  -4  -3  -3  -2   1    0   0   0   0   1   0   0   0   0   6  73   0   1   6   0   0   0   0   0   8  0.92 0.36
  267 G    -2  -4   0  -2  -5  -4  -4   7  -4  -6  -5  -3  -5  -2  -4  -2  -4  -5  -5  -5    0   0   5   2   0   0   0  85   0   0   0   1   0   2   0   0   0   0   0   0  1.59 0.48
  268 K    -1   1  -2  -1  -3   1   0  -3  -1  -3  -3   2   0  -3   5  -1  -1  -4  -2  -3    4   9   0   3   0   7   4   0   2   1   1  16   3   1  37   3   4   0   1   0  0.66 0.26
  269 V    -3  -4  -4  -5  -3  -4  -4  -5  -4   4   1  -4   4   5  -2  -4  -3  -2   0   1    0   0   0   0   0   0   0   0   0  28   7   0  14  35   2   0   0   0   0   7  0.76 0.32
  270 P    -3  -2  -3  -2  -5  -2   0  -4  -4  -5  -5  -3  -5  -6   8  -2  -3  -6  -5  -5    0   2   1   1   0   1   7   0   0   0   0   0   0   0  80   2   1   0   0   0  2.12 0.57
  271 R    -1   3  -1  -2   0   1  -1  -3   0  -2   0   2  -2  -2   3   0  -1  -3  -1  -2    3  23   1   1   2   5   1   0   3   2  11  16   0   1  14   8   2   0   1   2  0.26 0.17
  272 K     0   1   1   0  -3   1   1  -2   4  -4  -4   3  -3  -3   0   2  -1  -4  -1  -3    4   7   5   3   0   3   8   1  13   0   0  21   0   1   4  22   1   0   1   1  0.32 0.20
  273 L    -3  -4  -2  -4  -3  -4  -4  -4  -3   3   3  -4   2   4  -3  -3  -2  -2   1   1    0   0   2   0   0   0   0   0   0  18  34   0   4  23   1   0   0   0   3  10  0.52 0.24
  274 I     3  -3  -4  -4   2  -3  -2  -3  -3   2   2  -3   0   0  -3  -1  -2  -3  -1   1   33   0   0   0   5   0   2   0   0  16  22   0   1   4   0   3   1   0   2   6  0.32 0.23
  275 V     0   0  -1   0  -2   0   0  -3  -1   0   2   1   0   0  -3   0   0  -3  -2   0    7   4   3   7   0   6   4   0   1   2  28   9   1   5   0   9   3   0   0   7  0.07 0.11
  276 A     0   2   0  -2   0   0  -1   1   0  -3  -1   2  -2  -3  -3   3  -1  -4  -2  -3    8  10   4   0   2   4   1   8   2   1   7  17   1   0   0  27   0   0   1   0  0.22 0.19
  277 G    -1  -4  -3  -3   0  -4  -3   6  -4  -5  -5  -2  -1  -5  -4   0  -3   1  -4  -5    2   0   0   0   2   0   2  76   0   0   0   2   2   0   0   6   0   2   0   0  1.37 0.46
  278 K    -1   3   0  -1  -4   1   0  -2   1  -4  -4   4  -3  -4   1  -1   0  -4  -3  -3    3  20   4   2   0   4   3   1   3   0   1  36   0   0   7   3   6   0   1   0  0.50 0.27
  279 Y    -2   3   1  -2  -4   0  -1  -4   4  -2  -3   0  -2   1  -4  -2  -3   4   6  -3    1  17   8   1   0   4   2   0   9   2   1   5   0   3   0   2   0   5  33   1  0.65 0.32
  280 S     1  -1  -1  -2   0  -2  -1  -1  -3  -4  -4  -1  -3  -1  -3   5   1   0  -1  -2   12   4   1   0   2   0   2   3   0   0   0   2   0   2   0  53   9   1   2   2  0.56 0.34
  281 K     1   3  -1   0  -3   2   0   0   3  -3  -3   3  -2  -4   0   0  -1  -4  -2  -3   11  18   1   5   0  10   3   8   8   0   2  19   0   0   4   4   4   0   0   0  0.27 0.18
  282 E    -2   0  -1   3  -5   2   5  -2   2  -3  -2   2  -3  -2  -3  -2  -2  -4  -3  -3    1   4   1  14   0   8  44   2   5   2   4  11   0   2   0   0   1   0   0   0  0.62 0.29
  283 F    -3  -4  -4  -5   0  -4  -1  -5  -2   1  -1  -4  -2   6  -5  -2  -3   1   6  -2    1   0   0   0   2   0   6   0   0   9   3   0   0  41   0   3   1   1  31   0  1.12 0.41
  284 F    -3  -5  -5  -6  -5  -5  -6  -6  -4  -2  -1  -5  -1   9  -6  -5  -5  -2   3  -3    2   0   0   0   0   0   0   0   0   2   2   0   1  85   0   0   0   0   7   0  2.15 0.62
  285 T    -1  -2   5   4  -1  -1   0  -3   0  -4  -4   0  -4  -4  -3   0   3  -5  -4  -4    3   1  33  24   1   1   3   0   3   0   0   5   0   0   0   7  18   0   0   0  0.71 0.32
  286 K    -2   5  -1   0  -3   1   1  -3  -1  -4  -3   3  -2  -4  -2   1   0  -4  -3  -4    2  34   2   4   0   3   9   0   1   0   1  22   1   0   2  14   4   0   0   0  0.60 0.28
  287 K    -1   2   2   1  -4   3   2  -3   2  -4  -3   3  -3  -3  -1   0  -1  -4   0  -3    4  12  11   9   0  14  11   0   5   0   2  20   0   0   2   4   1   0   4   0  0.37 0.20
  288 G    -2  -5  -3  -2   0  -4  -5   7  -4  -6  -5  -4  -5  -5  -5  -2  -4  -5   0  -5    1   0   0   2   2   0   0  88   0   0   1   0   0   0   0   1   0   0   4   0  1.83 0.55
  289 D    -1   1   3   4  -3   0   3  -1   0  -2  -4   1  -1  -4  -3   0  -1  -5  -3  -3    3   8  14  28   1   3  20   3   2   2   1   6   2   0   0   4   1   0   0   1  0.49 0.23
  290 L    -4  -4  -6  -6  -4  -4  -5  -6  -5  -1   6  -5   1   2  -5  -5  -4  -4  -1  -1    0   0   0   0   0   0   0   0   0   0  84   0   2   8   0   0   0   0   2   2  1.30 0.47
  291 K    -2   5  -3  -4  -2  -1  -2  -4  -2   0   2   4  -2  -3  -4  -2  -3  -1  -3  -2    2  32   0   0   1   0   0   0   0   5  25  30   0   1   0   1   0   1   0   1  0.68 0.34
  292 H    -2   4   3  -3  -2   0  -2  -3   8  -5  -4   1  -3  -3  -4  -1  -2  -4  -1  -4    2  25  13   0   1   3   0   2  40   0   1   6   0   1   0   4   1   0   1   1  1.07 0.42
  293 I    -2  -4  -5  -5  -4  -4  -2  -3  -5   7   0  -3  -1  -2  -1  -3  -2  -4  -1   1    2   0   0   0   0   0   3   2   0  73   4   2   1   0   3   1   1   0   2   5  1.10 0.44
  294 T     0   2  -1  -2  -3   0  -2  -2   4  -2  -2   0   0  -3   3   2   2  -4  -2  -2    5  11   1   0   0   3   0   2  14   1   3   6   4   1  16  15  17   0   0   1  0.39 0.23
  295 K    -1   3   3  -1  -4   1  -1   1  -1  -2  -3   3  -3  -4   1   0  -1  -1  -3  -2    2  18  16   1   0   7   2  11   1   2   2  22   0   0   6   4   2   1   0   2  0.35 0.21
  296 L    -3  -4  -5  -5   0  -3  -2  -5  -4   1   5  -4   3   1  -3  -3  -3  -3   0  -1    1   0   0   0   2   1   3   0   0   4  69   0   7   4   1   2   1   0   4   1  0.88 0.39
  297 K    -3   3   1   0  -4   1   1  -1  -1  -4  -4   5  -3  -3   0  -1  -2  -4  -1  -4    0  15   6   3   0   7   6   4   1   1   0  43   0   1   4   4   0   0   3   1  0.59 0.30
  298 P     0  -1  -3  -3  -4  -2  -2  -2   3  -4  -3  -2  -2   3   6  -1  -1  -4   0  -4    6   3   1   1   0   1   2   2   9   0   1   2   1  14  45   4   4   0   3   0  0.97 0.37
  299 W    -3  -2  -2  -5   1   0  -4  -4   0  -2  -3  -3  -4   0  -2  -2   1  11   0  -3    2   3   2   0   3   4   0   1   2   3   1   1   0   2   2   4   9  57   2   1  2.00 0.61
  300 G     0   0   1   0  -3  -2  -2   3  -3  -4  -3  -1  -3  -3   3   3   0   0  -4  -3    8   4   5   4   0   0   0  26   0   0   3   2   0   0  15  26   5   2   0   0  0.47 0.25
  301 L    -4  -5  -6  -6  -3  -5  -5  -6  -5   0   6  -5   1   1  -5  -5  -2  -4  -3  -2    0   0   0   0   0   0   0   0   0   3  86   0   2   4   0   0   3   0   0   0  1.37 0.50
  302 F    -2   0   0   0  -2   0   2  -1   1  -2   0   0   0   2   1  -1  -1  -2   2  -1    1   4   5   4   1   1  20   5   3   1  11   4   3  10   7   4   3   0  10   5  0.13 0.13
  303 E    -1   2   1   4  -5   1   4  -2  -1  -5  -4   1  -2  -5  -3   0  -2  -5  -4  -4    3  13   5  26   0   3  29   2   1   0   0   8   1   0   0   5   1   0   0   0  0.64 0.30
  304 V    -1  -2  -2  -4  -3  -3  -4  -3  -2   1   1  -1   0   0  -4  -3   0  -4  -3   5    3   2   2   0   0   0   0   1   1   6  15   4   1   4   0   0   6   0   0  53  0.59 0.31
  305 L    -4  -5  -5  -6   0  -4  -5  -6  -5   2   6  -5   2   0  -5  -3  -3  -4  -3   0    0   0   0   0   2   0   0   0   0  11  75   0   3   2   0   2   0   0   0   4  1.14 0.45
  306 V    -1   2  -1  -3  -2  -1  -2  -3  -1   1   2   0   2  -2  -3  -1   0  -3  -2   2    5  12   4   0   0   3   2   0   1   8  19   5   8   0   0   3   5   0   1  23  0.20 0.16
  307 E    -2  -1   1   2  -5   1   5   1  -2  -2  -4   1  -4  -5  -2  -1  -2  -5  -4  -4    2   2   6  11   0   6  46  12   0   3   0   7   0   0   1   2   0   0   0   0  0.69 0.34
  308 K    -3   2  -3   0  -5  -2  -1  -3  -3  -4  -3   6  -4  -1   1  -3  -2  -5  -1  -2    0   9   0   4   0   0   2   2   0   0   2  64   0   3   8   0   1   0   3   2  1.02 0.46
  309 Y    -3  -1  -1  -2  -5  -3  -1  -3   1  -4  -2  -4  -1   0  -5  -2  -1  -1   8  -4    2   4   2   3   0   0   4   2   3   0   3   0   1   0   0   3   5   0  67   0  1.50 0.55
  310 E    -2   0   1   3  -4  -1   3   1   3  -4  -3   1  -3  -2  -1   0  -2  -4  -3  -3    1   5   7  21   0   1  26   9   9   0   2   8   0   2   2   5   0   0   0   2  0.46 0.25
  311 W    -4  -4  -5  -5  -4  -4  -3  -5   2  -2   1  -4   5   5  -5  -3  -4   9   0  -3    0   0   0   0   0   0   2   0   5   2  11   0  18  24   0   2   0  31   1   0  1.45 0.50
  312 S     0  -1  -1   1  -1  -2  -1  -3  -3  -4  -2   0  -3  -4   5   4   0  -5  -4  -3    4   2   2   9   1   1   2   1   0   0   5   5   0   0  27  34   5   0   0   0  0.65 0.32
  313 Q    -2   1  -1   2  -3   2   3  -2   1  -2  -1   1  -2  -1   1  -2  -2  -2  -2  -2    2   9   0  15   0  12  21   3   4   2   6   9   0   4   8   0   0   1   1   2  0.31 0.20
  314 E     0  -1   0   1  -3   2   5  -3   1  -3  -4   1  -3  -4  -2   1  -1  -4  -2  -3    9   2   3   6   0  11  40   1   4   1   1   7   0   0   1  12   2   0   1   1  0.56 0.30
  315 E    -3  -3   0   5  -5   2   6  -3  -3  -4  -5  -2  -4  -5  -3  -2  -3  -5  -4  -3    1   0   3  30   0   8  51   1   0   1   0   0   0   0   0   1   0   0   0   2  1.19 0.47
  316 A     5  -2  -3  -4  -1  -3  -3  -2  -4  -1  -1   0  -3  -4  -3   0  -1  -4  -4   1   64   2   0   0   1   0   0   1   0   3   4   6   0   0   0   4   3   0   0  11  0.76 0.39
  317 A     1   2   1   1  -3   0   1  -1   0  -2  -2   2  -1  -3   2   0   0  -3  -1  -1   18  11   7   8   0   4   8   2   2   1   3  12   2   1  10   4   4   0   2   3  0.18 0.12
  318 G     1   0  -1   1  -2   3   2   0  -2   0  -1   0  -2  -3   0   0  -1  -4  -3  -1   11   3   1  10   1  18  14   9   0   6   6   4   0   0   4   4   3   0   0   5  0.18 0.15
  319 F    -2  -5  -5  -6   3  -5  -5  -5  -4   2   1  -5   2   7  -6  -3  -2  -2   0  -1    3   0   0   0   6   0   0   0   0  12  12   0   4  55   0   1   2   0   1   3  1.18 0.45
  320 T     3  -3  -2  -3  -3  -1   0  -3  -3   2  -1  -2  -1  -3  -3   2   3  -4  -2   0   31   0   0   0   0   1   6   0   0  12   4   0   1   0   0  19  19   0   1   4  0.42 0.30
  321 D    -2  -2   0   6  -3   1   1  -3   1  -3  -5  -2  -5  -6  -4   2  -2  -6  -5  -5    3   2   3  55   1   7   6   0   3   2   0   0   0   0   0  17   1   0   0   0  1.07 0.45
  322 F    -5  -6  -6  -7   2  -6  -6  -6  -5  -3  -1  -6  -3   9  -7  -6  -5  -2   0  -4    0   0   0   0   4   0   0   0   0   0   5   0   0  90   0   0   0   0   0   0  2.50 0.75
  323 L    -4  -5  -6  -6  -4  -5  -5  -6  -5   3   6  -5   1  -1  -5  -5  -4  -4  -3   0    0   0   0   0   0   0   0   0   0  17  76   0   2   2   0   0   0   0   0   2  1.31 0.49
  324 L    -1   1  -3  -3   0  -1  -1  -3  -2   1   3   1   2  -2  -3   0   0  -3  -1   0    3  10   0   0   2   2   3   1   0   6  37  10   5   0   0   7   6   0   2   6  0.22 0.18
  325 P    -1   1  -3  -4   0   0  -3   0  -2  -5  -3  -1  -4  -2   7   1  -1  -5  -4  -4    4   8   0   0   2   4   0   9   1   0   2   4   0   2  50  12   3   0   0   0  1.07 0.41
  326 M     0  -5  -6  -6   2  -4  -5  -6  -5   1   1  -5  10  -3  -6  -4  -3  -5  -4  -2    7   0   0   0   4   0   0   0   0   7   9   0  71   0   0   0   1   0   0   0  1.96 0.70
  327 L    -4  -5  -6  -6  -4  -5  -6  -6  -5   0   6  -5   3   0  -6  -5  -4  -4  -3  -1    0   0   0   0   0   0   0   0   0   3  84   0   6   3   0   0   0   0   0   3  1.45 0.54
  328 E     0   2   0   3  -3   2   4  -3  -1  -2  -4   1  -3  -5  -3  -1   0  -5  -4  -2    9  13   4  15   0   7  30   0   1   2   0  10   0   0   0   1   6   0   0   3  0.48 0.27
  329 L    -4  -4  -5  -5   0  -4  -5  -5   0   3   3  -4   1   4  -4  -4  -2   2   4   0    0   0   0   0   2   0   0   0   2  18  28   0   3  21   1   0   1   2  18   3  0.75 0.33
  330 I     0  -3   2   5  -4  -1   0  -3   0   2  -1  -3  -2  -4  -3  -1   0  -5  -2   1    7   0  10  38   0   2   5   0   2  12   4   0   1   0   0   3   4   0   1  12  0.49 0.28
  331 P    -4  -5  -5  -5  -4   0  -2  -6   0  -6  -6  -4  -6  -7   8  -3  -3  -7  -6  -5    0   0   0   0   0   5   3   0   2   0   0   0   0   0  88   1   1   0   0   0  2.64 0.79
  332 E     0   0   0   2  -5   1   5  -2  -2  -4  -3   0  -3  -3  -3   0  -1  -5  -2  -3    9   4   4   9   0   3  49   2   0   0   2   4   1   1   0   7   2   0   1   2  0.65 0.34
  333 K    -2   3  -2  -1   1   0   3  -4  -1  -4  -4   5  -2  -2  -3  -1  -1  -5  -3  -4    2  13   1   2   3   2  18   0   1   1   0  47   1   2   0   3   3   0   0   1  0.77 0.38
  334 R    -5   8  -4  -5  -7  -2  -4  -6  -4  -7  -6  -1  -5  -7  -6  -4  -5  -6  -5  -6    0 100   0   0   0   0   0   0   0   0   0   0   0   0   0   0   0   0   0   0  2.68 0.83
  335 A     4  -2  -4  -4   0  -2  -3  -3  -4  -2  -1   1  -3  -3   3  -1  -2   3  -4  -2   49   1   0   0   2   1   0   0   0   2   5  12   0   1  17   3   0   4   0   2  0.69 0.37
  336 T    -2  -3   1   0  -4  -1  -2  -3  -4  -4  -4  -3  -4  -5  -2   3   6  -5  -4  -3    1   0   6   5   0   2   2   1   0   0   0   0   0   0   2  19  61   0   0   0  1.10 0.50
  337 A     7  -5  -5  -5  -4  -4  -4  -3  -5  -5  -5  -4  -4  -5  -4   0  -1  -6  -5  -3   94   0   0   0   0   0   0   0   0   0   0   0   0   0   0   4   2   0   0   0  1.81 0.67
  338 A     4   0  -2  -2  -3   1  -1   1  -1  -4  -3   2   0  -4  -3  -1   0  -2  -3  -2   47   5   0   1   0   7   3   9   2   0   1  16   2   0   0   2   4   1   0   1  0.50 0.30
  339 E    -3  -1  -1   2  -5   5   4   0  -2  -3  -3   0  -2  -5  -3  -2  -1  -5  -4  -4    1   2   1   9   0  33  34   7   0   1   2   5   1   0   0   1   3   0   0   0  0.84 0.40
  340 C     0  -5  -5  -6   9  -5  -6  -5  -5   0   3  -5   4  -3  -5  -3  -3  -5  -4  -2    8   0   0   0  42   0   0   0   0   5  30   0  13   0   0   1   0   0   0   0  1.45 0.51
  341 L    -1  -5  -6  -6  -4  -5  -5  -6  -6  -1   6  -5  -1   0  -6  -4  -3  -4  -4  -1    7   0   0   0   0   0   0   0   0   0  87   0   0   2   0   1   0   0   0   3  1.40 0.53
  342 R    -1   2   1   0  -4   4   3  -1  -1  -4  -2   1  -2  -3  -3   0  -1  -2  -3  -4    4  12   8   5   0  26  18   4   1   0   5   9   0   1   0   4   3   1   0   0  0.43 0.25
  343 H    -5  -4  -2  -2  -7  -3  -1  -6  11  -7  -6  -1  -5  -5  -6  -2  -5  -6  -1  -7    0   0   1   2   0   0   4   0  86   0   0   4   0   0   0   2   0   0   1   0  2.85 0.82
  344 P    -1  -3  -3   1   1   0   1  -2  -4  -5  -5  -1  -5  -6   7  -1  -3  -6  -5  -4    4   1   0   7   3   4  10   3   0   0   0   3   0   0  58   5   1   0   0   0  1.39 0.48
  345 W    -7  -7  -8  -9  -7  -6  -7  -7  -6  -7  -6  -7  -5   2  -8  -7  -7  13   0  -7    0   0   0   0   0   0   0   0   0   0   0   0   0   6   0   0   0  92   2   0  4.44 1.06
  346 L    -4  -5  -6  -6  -4  -5  -6  -6  -5   3   6  -5   2   1  -6  -5  -4  -4  -3   0    0   0   0   0   0   0   0   0   0  13  77   0   3   4   0   0   0   0   0   3  1.29 0.47
  347 N    -1  -1   5   1  -4   3  -1   0   2  -4  -4   0  -3  -4  -3   1   1  -5  -3  -4    2   2  32   8   0  17   0   7   5   0   1   4   0   0   0  13   9   0   0   0  0.55 0.25
  348 S     2  -2   2  -2  -2  -2  -2   3  -2  -4  -4  -2  -3  -4  -2   4   1  -4  -3  -3   20   0   9   0   0   0   0  21   0   0   0   0   0   0   0  44   5   0   0   0  0.60 0.22

                      K         Lambda
Standard Ungapped    0.1385     0.3212
Standard Gapped      0.0469     0.2670
PSI Ungapped         0.1531     0.3149
PSI Gapped           0.0469     0.2670
