
Last position-specific scoring matrix computed, weighted observed percentages rounded down, information per position, and relative weight of gapless real matches to pseudocounts
            A   R   N   D   C   Q   E   G   H   I   L   K   M   F   P   S   T   W   Y   V   A   R   N   D   C   Q   E   G   H   I   L   K   M   F   P   S   T   W   Y   V
    1 S     1  -2  -1  -2  -2  -2  -2   0  -3  -3  -3  -2  -2  -4  -2   4   5  -4  -3  -2   12   0   0   0   0   0   0   4   0   0   0   0   0   0   0  40  44   0   0   0  0.66 0.22
    2 L    -3  -4  -5  -6  -3  -4  -5  -6  -5   0   4  -4   5  -2   0  -4  -3  -4  -3   4    0   0   0   0   0   0   0   0   0   0  39   0  20   0   4   0   0   0   0  36  0.96 0.38
    3 T    -2  -4  -3  -4  -4  -4  -4  -1  -5  -4  -4  -4  -4  -5  -4   0   8  -6  -5  -3    1   0   0   0   0   0   0   5   0   0   0   0   0   0   0   4  90   0   0   0  1.81 0.62
    4 F    -4  -2  -3  -4  -5   7  -2  -5  -2  -3   0  -2  -3   5  -4  -3  -4  -3  -2  -4    0   0   0   0   0  61   0   0   0   1   8   0   0  27   0   0   0   0   0   0  1.45 0.53
    5 Y    -2  -3  -2  -3  -4   1  -3  -3   4  -3  -5  -1  -3  -1  -4   6   0  -2  -1  -5    0   0   0   0   0   6   0   1  10   1   0   4   0   3   0  68   3   1   2   0  1.14 0.55
    6 P    -5  -6  -6  -6  -7  -2  -5  -6  -6  -7  -4  -5  -6  -8   9  -5  -5  -8  -7  -7    0   0   0   0   0   2   0   0   0   0   2   0   0   0  96   0   0   0   0   0  3.15 0.94
    7 A     2  -1  -3  -3  -4   1   1  -1  -3  -4  -3  -3  -1  -4   4   3  -1  -5  -4  -2   21   3   0   1   0   5   8   3   0   0   1   0   2   0  24  28   1   0   0   3  0.63 0.36
    8 W     0   0  -2  -2  -3   2   0  -3  -2  -2  -2  -2  -1  -2  -1   4   2   1  -3   0    7   4   0   2   0  10   5   0   0   2   4   1   1   1   2  38  13   2   0   8  0.39 0.30
    9 L    -3  -5  -6  -7  -4  -4  -6  -6  -6  -1   6  -4   1  -2  -3  -3  -3  -5  -4   0    2   0   0   0   0   0   0   0   0   1  83   1   3   0   1   2   1   0   0   5  1.38 0.56
   10 T    -2  -1   0  -3  -1  -3  -3  -3  -2   0  -3  -3  -3  -4   0   5   4  -6  -4  -2    1   2   3   0   1   0   0   1   1   5   2   1   0   0   4  51  24   0   0   2  0.87 0.48
   11 V     2  -3  -5  -6   0  -5  -5  -3  -5   1   1  -3  -1  -4  -4  -4  -3  -5  -4   6   19   2   0   0   2   0   0   1   0   4  10   2   1   0   0   0   0   0   0  59  0.97 0.47
   12 S    -1   1  -3  -3  -5   5  -2  -4  -1  -5  -3   0  -4  -4   4   3  -1   2  -4  -4    3   7   0   0   0  24   1   0   1   0   3   4   0   1  23  28   2   3   0   0  0.82 0.45
   13 E    -2  -1  -4  -2  -6   0   6  -5  -4  -3  -3   0  -4  -6   0  -4  -2  -6  -5   2    3   3   0   0   0   3  60   0   0   1   2   4   0   0   5   0   1   0   0  17  1.14 0.55
   14 G    -2  -6  -4  -5  -7  -6  -6   8  -6  -8  -8  -3  -3  -7  -6  -4  -6  -7  -7  -7    2   0   0   0   0   0   0  96   0   0   0   1   1   0   0   0   0   0   0   0  2.53 0.82
   15 A     3  -3   0   4  -5  -1   3   1  -3  -5  -3  -1  -4  -5  -4  -1  -3  -6  -3  -4   24   1   3  28   0   2  24   9   0   0   2   2   0   0   0   3   0   0   1   0  0.70 0.38
   16 N    -2   3   4  -2  -4  -2  -1  -2  -3   0  -3   0   0  -5  -1   2   3  -5  -4  -3    1  18  20   0   0   0   3   2   0   7   1   4   3   0   2  16  23   0   0   0  0.55 0.36
   17 A     5  -4  -5  -5  -3  -4  -4  -4  -5  -2  -2  -4  -3  -2  -4   1  -1  -5  -1   4   44   1   0   0   0   0   0   0   0   1   1   0   0   2   0   9   3   0   3  36  0.90 0.48
   18 T    -3  -2  -3  -4  -4  -4  -3  -5  -5   1  -4  -3  -4  -3  -5   2   7  -6  -5   1    1   2   1   0   0   0   1   0   0   8   1   1   0   1   0  16  61   0   0   8  1.23 0.58
   19 F    -5  -6  -6  -7  -5  -5  -6  -7  -5   4   4  -6   3   5  -6  -5  -4  -4  -2  -1    0   0   0   0   0   0   0   0   0  27  41   0   7  24   0   0   0   0   0   1  1.23 0.50
   20 T    -3  -2   5   1  -5   0  -1  -3   0  -4  -4  -2  -4   1  -4   1   4  -1  -3  -3    0   1  28   6   0   5   3   1   3   1   1   2   0   7   0   9  31   1   0   1  0.69 0.40
   21 C    -5  -9  -8  -9  12  -8  -9  -8  -8  -6  -6  -8  -6  -7  -8  -6  -6  -7  -7  -6    0   0   0   0 100   0   0   0   0   0   0   0   0   0   0   0   0   0   0   0  4.44 1.20
   22 S    -2   3   4  -1  -4   0  -3  -3  -1  -5  -5  -1  -4  -5  -4   4   3  -6  -3  -3    2  15  22   3   0   3   0   0   2   0   0   2   0   0   0  28  20   0   1   1  0.76 0.43
   23 L     2  -5  -5  -6  -3  -5  -5  -5  -3   2   1  -5   0   5  -5  -3  -3  -2   6  -1   17   0   0   0   0   0   0   0   0  10  11   0   2  22   0   1   1   0  32   2  0.97 0.44
   24 S    -2  -2  -2  -1  -4  -2   0  -1  -4  -5  -5  -2  -5  -6   1   6   2  -6  -5  -5    1   2   1   3   0   1   6   5   0   0   1   2   0   0   7  62  10   0   0   0  1.02 0.53
   25 N    -3  -1   4   4  -1   3  -2  -2  -2  -5  -4   0  -2  -5  -4   1   2  -5  -4  -4    1   3  22  22   1  14   1   3   0   0   1   5   1   0   0   8  16   0   0   0  0.67 0.38
   26 W     0  -1  -1   0  -4  -1  -1  -1  -3  -3  -4  -1  -2  -1  -2   5   1   1  -1   0    6   3   2   6   0   2   3   4   0   1   0   3   1   2   1  46   9   2   2   7  0.49 0.35
   27 S     2  -3   0   0  -3  -2  -2   0  -3   2  -2  -1  -1  -3   1   2   1  -4  -2   0   22   0   4   6   0   0   2   6   0  13   2   2   2   0   6  18  11   0   1   5  0.24 0.22
   28 E    -1  -2   0   0  -4   0   1   0  -3  -1  -3  -1  -2   3  -2   4  -1  -4  -1  -2    2   1   4   4   0   4   9   8   0   3   2   3   1  15   1  36   3   0   1   2  0.37 0.30
   29 D    -1  -1   3   3  -4   2   0  -1   2  -4  -4   0  -3  -2   0   2   0  -3  -1  -3    3   3  18  16   0   9   5   3   5   1   1   4   0   2   4  19   5   0   3   1  0.36 0.23
   30 L    -2  -2  -1   0  -5  -3  -4  -4  -2  -3  -2  -4  -2   3  -3   0  -1  -2   8  -2    2   2   4   5   0   1   0   1   0   1   4   0   1   9   1   6   4   0  55   2  1.28 0.53
   31 M    -1  -1   1  -1  -1   0  -1  -2   1   0  -1  -1   1   2  -2   1   0   1   2   1    4   2   9   4   1   4   2   2   4   4   3   3   4  12   2  12   3   2   6  14  0.08 0.08
   32 L    -3  -5  -5  -6  -3  -5  -5  -6  -5   0   5  -5   2   4  -5  -5  -4   2  -2   0    2   0   0   0   0   0   0   0   0   3  62   0   5  18   0   0   0   2   1   4  1.13 0.47
   33 N     0  -1   6  -2  -4   0  -2  -3   1  -4  -3  -2  -2   0   2  -1  -1  -2   0  -3   10   4  46   1   0   4   1   1   2   1   2   1   1   4  10   2   2   1   4   2  0.78 0.37
   34 W    -8  -8  -9 -10  -8  -7  -8  -8  -8  -8  -5  -9  -7  -4  -9  -8  -8  13  -3  -8    0   0   0   0   0   0   0   0   0   0   1   0   0   0   0   0   0  99   0   0  5.16 1.42
   35 N    -7  -7  -4  -8  -7  -6  -7  -8  -1  -6  -6  -7  -6   1  -8  -7  -6  -2  10  -6    0   0   1   0   0   0   0   0   1   0   0   0   0   3   0   0   0   0  95   0  3.44 1.11
   36 R    -4   6  -4  -5  -7   5  -3  -4  -2  -4  -2   4  -4  -4  -5  -4  -4  -6  -3  -4    0  40   0   0   0  25   0   1   1   1   4  26   0   1   0   0   0   0   1   1  1.32 0.60
   37 L    -4  -3  -4  -5  -7   8   0  -3  -3  -5   0   0   1  -7  -6  -3  -5  -6  -6  -5    1   0   0   0   0  75   4   2   0   0   8   5   3   0   0   1   0   0   0   0  1.93 0.82
   38 S    -3  -2   0  -1  -1  -2   1  -1   1   0  -3   3  -2   0  -2   2   0  -3   4  -3    0   1   5   3   1   0  10   4   4   6   0  21   1   4   2  15   7   0  16   1  0.32 0.27
   39 P    -4  -6   1  -5  -7  -4  -5  -4  -6  -7  -3  -5  -6  -2   8   0  -5  -7  -3  -6    1   0   7   0   0   0   0   1   0   0   3   0   0   2  77   7   0   0   1   0  2.29 0.83
   40 S    -2   0   0  -2  -6  -4  -3   6   2  -7  -7  -4  -6  -6  -4   1  -4  -6  -6  -6    3   6   3   1   0   0   1  69   4   0   0   0   0   0   0  13   0   0   0   0  1.48 0.60
   41 N    -2   1   3  -2  -5  -1   1   1  -3  -5  -5   5  -4  -5  -4   0  -1  -5  -4  -4    2   6  16   0   0   1   9  10   0   0   1  41   0   0   0   8   3   0   0   0  0.74 0.38
   42 Q     2   1  -2  -4  -3   4  -2   3   1  -4  -4  -1  -1  -5  -4   0  -3  -5  -3   0   20   7   1   0   0  24   1  25   4   0   1   2   1   0   0   6   0   0   1   7  0.56 0.36
   43 T    -1  -3  -3  -5  -6  -5  -5  -5  -6  -2  -1  -5   1  -6   8  -1   2  -1  -6  -4    4   1   1   0   0   0   0   1   0   2   5   0   3   0  64   4  12   1   0   1  1.69 0.66
   44 E    -1  -1  -1   1  -3   5   2  -3  -1   0  -2   1  -2  -3   0  -1   0  -3  -2   0    5   2   1   8   0  28  15   1   1   7   3   7   0   1   5   2   5   0   1   8  0.36 0.22
   45 K    -2   0  -3  -4  -5  -2  -3  -5   1  -3   1   5  -3   3  -3  -2  -4   1   2  -3    3   3   0   0   0   1   1   0   4   1  16  42   0  15   1   2   0   2   8   1  0.72 0.40
   46 Q    -4  -5  -6  -7  -3  -2  -6  -7  -6   3   5  -5   0  -1  -5  -5  -3  -5  -4   1    0   0   0   0   0   2   0   0   0  18  67   0   1   2   0   0   1   0   0   8  1.26 0.53
   47 A     2  -4  -5  -5  -3  -4  -4  -4  -4   3   3  -4   2   0  -4  -2  -2   0  -1   1   23   0   0   0   0   0   0   0   0  18  35   0   6   4   0   3   1   1   2   7  0.58 0.32
   48 A     2   1  -2   0  -3  -1   0  -2  -2   3   0  -1   0  -2  -3   1  -1  -3   2  -1   17   8   1   6   0   3   5   2   0  21   6   2   2   1   0  15   3   0   8   1  0.18 0.20
   49 F    -3  -5  -5  -3  -2  -3  -3  -3  -2   4   0  -3   0   5  -5  -4  -3  -2   6   0    2   0   0   1   1   1   1   2   1  25   8   1   2  24   0   0   1   0  25   4  0.88 0.41
   50 S     0   1  -2  -1  -1   0  -1  -1   1  -1  -2  -1  -2   0   3   1  -1  -1   4  -2    9   7   1   3   1   4   2   3   4   3   3   2   0   3  16  13   4   1  18   2  0.28 0.20
   51 N     2   2   1  -1  -3  -1   1  -2   1  -3  -3   1  -2  -3  -1   3   0  -4   0  -2   19  13   5   2   0   0   9   1   4   1   2   7   0   1   2  23   6   0   3   1  0.30 0.23
   52 G    -1  -2   3   3  -4  -1  -2   2  -3  -4  -4  -2  -4  -4  -3   4  -1  -5  -2  -3    3   1  17  15   0   1   2  15   0   1   1   1   0   1   1  35   3   0   2   1  0.64 0.37
   53 L    -1   0   3  -2  -3   0  -1   0   2  -1  -1  -1   0  -2  -2   2   1   0   0   0    4   6  20   1   0   4   3   6   5   3   4   3   2   1   1  15  10   2   4   6  0.18 0.17
   54 S    -1   0   1   0  -3  -1   0   1   0  -2   1   2  -1  -3  -2   3  -1  -3  -3  -2    2   5   7   4   0   2   4   9   3   1  18  15   1   0   2  24   1   0   0   2  0.19 0.20
   55 Q    -1  -2   0   1  -5   5   4  -2  -2  -5  -4   1  -3  -5   0   0  -2  -5  -4  -4    5   1   3   6   0  33  24   3   1   0   1   8   1   0   4   7   1   0   0   1  0.73 0.39
   56 P    -1   0   0   1  -3   0   0   0  -1  -2  -3   1  -1  -3   4   2   0  -3  -2  -2    3   5   4   8   0   3   6   8   2   2   2   9   1   1  19  19   5   0   1   2  0.31 0.17
   57 V    -1  -1   1  -2  -3   0  -2   3  -3  -2  -3   3  -1   1  -1  -1   1  -3  -3  -1    5   2   6   2   0   3   2  28   0   2   2  22   1   7   3   4   8   0   0   4  0.32 0.21
   58 Q    -1   1  -2  -1  -3   2   2  -2  -1   0  -1   2  -1  -2   0   0  -1   1   1   2    3   6   1   2   0  10  14   2   1   4   4  14   1   1   4   5   2   2   5  19  0.15 0.16
   59 D    -3  -2  -1   5  -5   0   2   0  -2  -5  -5  -1  -5  -6   4  -2  -1  -6  -5  -4    1   2   2  38   0   5  11   7   1   0   1   3   0   0  20   2   5   0   0   1  0.87 0.41
   60 A    -1   0   0  -1  -3   1   0   3  -3  -4  -4  -1  -4  -4   2   3  -1   0  -4  -3    4   7   3   3   0   6   6  27   0   1   1   2   0   0  10  24   2   1   0   2  0.45 0.28
   61 R    -5   8  -3  -5  -7  -3  -4  -1   1  -5  -4   2  -5  -4  -6  -4  -5  -6  -5  -6    0  78   1   0   0   0   0   5   3   1   1   8   0   1   0   0   0   0   0   0  1.99 0.74
   62 F    -5  -6  -3  -6  -5  -6  -6  -6  -4  -2   1  -6  -3   9  -6  -5  -2  -3   2  -3    0   0   1   0   0   0   0   0   0   2  11   0   0  73   0   0   3   0   6   2  2.02 0.69
   63 Q    -1   2   1  -3  -4   0  -2  -3   1  -1  -4  -1  -3  -4  -4   4   4   0  -4  -2    4  10   6   0   0   3   2   1   4   4   1   3   0   0   0  35  24   1   0   2  0.57 0.37
   64 I     2  -4  -3  -4  -2  -3  -4   3  -4   2   0  -2   2  -2  -4  -1  -1  -4  -3   3   16   0   0   0   0   0   0  22   0  14   9   2   5   2   0   5   2   0   0  22  0.39 0.25
   65 I    -2  -2   0  -3  -4   1  -3  -3  -1   0  -1   0  -2   2  -1   3   4  -4  -1  -2    2   1   3   0   0   6   0   1   1   6   5   5   0   8   3  27  29   0   2   1  0.46 0.34
   66 Q    -1   1   2  -1  -2   1  -1  -1  -1  -1   1   1   0   1   0  -1   0  -2  -1   0    5   6  11   2   0   8   2   5   1   1  18  11   1   8   4   2   6   0   1   6  0.07 0.09
   67 L    -1  -1   3   1  -2   1   0  -2   1   0   1   0  -1   0  -2   0  -1  -2  -1   0    3   3  19   7   1   6   4   3   3   4  21   4   1   4   1   6   2   0   1   7  0.13 0.11
   68 P    -1  -1  -1  -3  -4  -1  -2   3  -3  -3  -2   3  -3  -4   3   0   1  -4  -4  -1    3   2   2   0   0   1   2  23   0   0   4  22   0   1  17   6  11   0   0   6  0.46 0.28
   69 N     1  -1   4   1  -4  -3  -1  -1   1  -5  -5   1  -4  -5  -4   4   0  -6  -4  -3   11   2  18   8   0   0   2   4   4   0   0   7   0   0   0  37   5   0   0   1  0.64 0.39
   70 R     1  -1  -1   0  -4  -1   1   4   0  -4  -4   2  -4  -5  -4   1   1  -5  -4  -3    9   3   2   4   0   1   9  32   3   1   1  16   0   0   0  10   9   0   0   1  0.48 0.29
   71 H    -2   2   0  -2  -1   1  -2  -2   3  -4  -2   3  -2  -4   0   0   3  -5  -1  -4    2  12   4   1   1   7   1   2   7   0   3  21   1   0   5   7  25   0   2   0  0.46 0.31
   72 D    -1   0   0   4  -4   1   0  -3   4  -2  -4   0  -1  -4  -3   1   0  -5   0  -1    4   6   4  29   0   5   3   1  13   2   1   4   1   0   1  14   4   0   3   5  0.46 0.29
   73 F    -4  -5  -5  -6  -5  -5  -5  -4  -4  -1   0   0  -3   7  -6   0  -3  -3   3   1    0   0   0   0   0   0   0   1   0   3   8   6   0  55   0   7   1   0   9  10  1.30 0.53
   74 H    -2   0  -2   0  -4   0   0  -4   5  -4  -2   0  -4  -3  -3   4   3  -5  -3  -4    1   5   0   4   0   3   5   0  17   1   4   4   0   1   1  31  21   0   0   0  0.66 0.40
   75 M    -5  -5  -7  -7  -5  -5  -6  -7  -6   1   6  -6   5   1  -6  -6  -4  -5  -4  -1    0   0   0   0   0   0   0   0   0   6  75   0  12   4   0   0   0   0   0   2  1.55 0.62
   76 N    -3   0   1  -3  -5  -1   0  -4   7   0  -3   0  -4  -2  -4   2   3  -5   0  -4    0   4   5   0   0   2   7   0  27   6   2   6   0   1   0  15  23   0   2   0  0.75 0.43
   77 I    -5  -7  -7  -7  -5  -7  -7  -6  -7   8   0  -4  -3  -4  -7  -6  -5  -7  -5   0    0   0   0   0   0   0   0   1   0  89   5   1   0   0   0   0   0   0   0   4  2.28 0.80
   78 L     0   2   1  -3  -4  -3  -2  -3  -3  -1   1  -1  -1  -4  -3   4   2  -5  -4  -1    5  11   6   0   0   0   2   0   0   4  15   4   1   0   1  36  11   0   0   4  0.42 0.32
   79 D     2  -2   3   3  -4  -2  -1   1  -2  -5  -5  -3  -4  -5  -1   3  -1  -6  -5  -4   16   2  13  20   0   1   3  11   1   0   0   0   0   0   3  28   3   0   0   0  0.61 0.36
   80 T     1  -4  -4  -4  -4  -3  -4  -4  -5  -2   3  -4  -1  -3  -3   3   3  -5  -4   2   11   0   0   0   0   0   0   0   0   0  28   0   1   0   1  28  16   0   0  15  0.60 0.39
   81 R    -3   2  -4  -4  -7   8   3  -6   2  -7  -4  -2  -5  -7  -5  -4  -2  -6  -4  -6    2  12   0   0   0  64  14   0   4   0   1   0   0   0   0   0   2   0   1   0  1.74 0.75
   82 R    -1   2  -3  -4  -5   1   1  -5   1  -5  -1  -1  -2  -6   6  -3   0  -6  -5  -1    4  10   1   0   0   7   8   0   3   0   7   3   1   0  46   1   5   0   0   4  1.02 0.47
   83 N    -2  -4   4   1  -5  -2   3   3  -2  -5  -6  -3  -5  -6  -4   2   1  -6  -5  -5    1   0  22   5   0   0  24  22   1   0   0   0   0   0   0  16   8   0   0   0  0.76 0.42
   84 D    -6  -6  -3   9  -8  -5  -3  -6  -2  -8  -8  -5  -8  -8  -6  -5  -6  -9  -8  -8    0   0   0  99   0   0   0   0   1   0   0   0   0   0   0   0   0   0   0   0  3.00 1.00
   85 S    -1  -5  -4  -4  -5  -4  -3  -2  -5  -4  -4  -4  -5   3  -2   6  -1  -6  -4  -3    5   0   0   0   0   0   1   2   0   1   1   0   0  13   2  71   3   0   0   2  1.38 0.67
   86 G     6  -5  -2  -4  -5  -5  -5   4  -5  -6  -6  -5  -5  -6  -5  -3  -4  -6  -6  -4   64   0   1   1   0   0   0  33   0   0   0   0   0   0   0   0   0   0   0   0  1.57 0.67
   87 I    -2  -4  -3  -2  -4  -4  -2  -5  -2   1   0  -3   1  -3  -5   0   5  -5  -4   3    2   0   1   2   0   0   2   0   1   9   7   1   3   1   0   5  45   0   0  22  0.81 0.45
   88 Y    -7  -7  -7  -8  -7  -6  -7  -8  -3  -6  -6  -7  -6  -1  -8  -7  -7  -3  10  -6    0   0   0   0   0   0   0   0   0   0   0   0   0   1   0   0   0   0  99   0  3.65 1.16
   89 L    -6  -4  -6  -7  -6  -6  -6  -7  -2  -4   3  -6  -3   6  -7  -6  -5  -2   7  -4    0   1   0   0   0   0   0   0   0   0  25   0   0  33   0   0   0   0  41   0  1.83 0.69
   90 C    -5  -9  -8  -9  12  -8  -9  -8  -8  -6  -6  -8  -7  -8  -8  -6  -6  -8  -8  -6    0   0   0   0 100   0   0   0   0   0   0   0   0   0   0   0   0   0   0   0  4.50 1.24
   91 G     4  -3  -2  -4  -4   3  -3   4  -1  -4  -4  -1  -4  -5  -4  -2  -3   0  -4  -3   43   0   1   0   0  14   1  30   1   0   1   3   0   0   0   1   1   2   0   1  0.89 0.44
   92 A     4  -3  -4  -4  -3   3   0  -3  -3  -1   1  -3   0  -2  -2  -2  -1  -4  -4   2   38   0   0   0   0  14   5   1   0   2  14   0   2   2   1   1   4   0   0  15  0.47 0.33
   93 I    -1  -1   0  -3  -1   0  -3  -2  -3   4   0  -2  -1   0  -2   1   0   2   0   1    3   5   5   0   1   4   1   3   0  35   6   1   1   3   1  11   6   3   3   9  0.26 0.20
   94 S     0  -1   1   0  -3  -2  -2  -1   4  -2  -3  -2  -2  -1  -2   2   2   0   4  -2    8   3   5   6   0   1   1   3  10   2   1   1   0   1   2  21  11   1  19   1  0.37 0.26
   95 L    -1  -1  -1  -1  -2  -1  -2  -1  -1  -1   2  -2   1   3  -3   2   0  -1   0  -1    3   3   3   3   1   2   1   5   1   2  25   1   4  17   1  17   6   1   2   3  0.18 0.16
   96 H     0  -1   1  -1  -2  -1  -2   2   2  -3  -2  -2  -2   0   3   2   1  -3   2  -3    8   2   6   3   0   1   1  15   7   1   2   0   1   5  13  19   7   0   7   1  0.28 0.20
   97 P    -1  -3   1  -1  -4   0   0  -1  -4  -4  -5  -3  -4  -4   6   3  -2  -5  -3  -3    5   1   6   2   0   4   6   5   0   1   0   0   0   0  44  20   2   0   1   1  1.02 0.44
   98 K     0   1   2  -1  -3   1   0   2  -2  -3  -3   1  -2  -1   2   0  -1   4   0  -2    6   8  11   3   0   7   6  14   0   0   1   8   1   3   9   6   3   7   4   3  0.21 0.15
   99 L     1  -2   2   1  -3   0  -1   1  -1  -2  -3  -2  -1  -4  -1   1   4  -1  -1  -2   10   1  10   8   0   4   4  10   1   2   1   0   2   0   3   7  31   1   3   2  0.33 0.25
  100 K    -3   1  -1  -2  -5   4   0  -2   2  -4  -4   5  -3  -5   0  -1   1  -5  -3  -2    1   6   2   1   0  18   5   2   5   0   1  41   0   0   4   2   7   0   1   4  0.68 0.36
  101 I    -3  -5  -5  -5  -2  -5  -4  -5  -5   4   3  -5   0   2  -5  -4  -3  -1   0   3    0   0   0   0   1   0   1   1   0  30  30   0   1   9   0   0   0   1   2  23  0.81 0.36
  102 E    -2  -2   0  -3  -3  -1  -2  -2  -2   2   0   1   1  -1  -3  -1   4  -3   1   1    1   1   4   0   0   2   2   3   0  15   8   9   5   2   1   3  29   0   6  10  0.26 0.22
  103 E    -5  -3  -5  -3  -6   0   4  -6  -4  -4  -3  -4  -4   8  -6  -5  -5   0  -1  -4    0   1   0   1   0   5  31   0   0   0   1   0   0  59   0   0   0   1   0   1  1.68 0.64
  104 S    -2  -5  -3  -4  -5  -4  -4   6  -5  -6  -6  -3  -5  -6  -5   4  -1  -6  -6  -5    1   0   0   0   0   0   0  60   0   0   0   1   0   0   0  34   4   0   0   0  1.47 0.57
  105 P     0  -1   1  -2  -1   2  -1   0   0  -3  -3   1  -2  -4   5   1   1  -5  -4  -3    7   3   8   1   1   9   2   6   2   1   2   7   1   1  26  14   7   0   0   0  0.47 0.25
  106 G    -3   3  -3  -4   1  -1  -3   6   1  -6  -5  -2  -5  -6  -3  -3  -4  -1  -5  -3    1  18   0   0   3   3   1  64   4   0   0   1   0   0   1   0   0   1   0   2  1.27 0.50
  107 A     2  -4  -3  -4  -4  -4  -4  -2  -5  -1  -3  -4  -1  -5  -4   1   6  -6  -5  -2   20   0   0   0   0   0   0   2   0   3   2   0   1   0   0  10  60   0   0   2  1.15 0.54
  108 E    -2   2  -1  -2  -5   4   3  -3   1  -1  -3   4   0  -5  -4  -1  -1  -5  -4  -3    1  12   1   0   0  17  24   1   4   4   2  25   2   0   0   3   2   0   0   1  0.59 0.33
  109 L    -4  -5  -7  -7  -4  -5  -6  -7  -6   0   6  -6   0  -3  -6  -6  -3  -5  -4   1    0   0   0   0   0   0   0   0   0   2  89   0   1   0   0   0   1   0   0   7  1.63 0.58
  110 V    -2   0   0  -3  -3   0  -1  -4   0   2  -1  -1   0  -2  -3   1   4  -4  -3   2    1   6   5   0   0   3   4   0   2  12   3   3   2   1   0   9  36   0   0  13  0.39 0.27
  111 V    -4  -2  -6  -7  -4  -5  -6  -7  -6   2  -2  -5  -2  -4  -6  -5  -3  -6  -5   7    0   3   0   0   0   0   0   0   0   9   0   0   0   0   0   0   0   0   0  88  1.85 0.65
  112 T    -3  -4  -3  -4  -4  -3  -4  -4  -4  -3  -4  -3  -3  -5  -4  -1   8  -5  -4  -3    0   0   0   0   0   0   0   0   0   0   0   0   0   0   0   0 100   0   0   0  1.98 0.58

                      K         Lambda
Standard Ungapped    0.1304     0.3169
Standard Gapped      0.0478     0.2670
PSI Ungapped         0.1558     0.3106
PSI Gapped           0.0478     0.2670
