
Last position-specific scoring matrix computed, weighted observed percentages rounded down, information per position, and relative weight of gapless real matches to pseudocounts
            A   R   N   D   C   Q   E   G   H   I   L   K   M   F   P   S   T   W   Y   V   A   R   N   D   C   Q   E   G   H   I   L   K   M   F   P   S   T   W   Y   V
    1 M    -1  -2  -3  -3  -1  -2  -3  -3  -3   2   1  -2   4  -1  -3  -2   0  -3  -1   3    0   0   0   0   0   0   0   0   0   0   0   0  34   0   0   0   0   0   0  66  0.30 0.01
    2 L    -3  -4  -5  -5  -3  -4  -4  -5  -4   1   5  -4   1   2  -4  -4  -3  -3   0   0    0   0   0   0   0   0   0   0   0   2  83   0   0   8   0   0   0   0   2   4  0.92 0.24
    3 F    -7  -7  -8  -8  -7  -8  -8  -8  -6  -5  -3  -8  -4  10  -8  -7  -7  -3  -1  -5    0   0   0   0   0   0   0   0   0   0   1   0   0  99   0   0   0   0   0   0  3.33 0.98
    4 T    -1   1  -2   0  -4   1  -2  -4   0  -1  -1   0  -2  -3  -4   1   5  -2  -4  -2    4   9   1   6   0   7   2   0   2   3   6   5   1   1   0   9  43   1   0   1  0.56 0.36
    5 V    -4  -7  -7  -7  -5  -6  -7  -7  -7   1  -3  -6  -3  -5  -7  -6  -4  -7  -5   8    1   0   0   0   0   0   0   0   0   5   1   0   0   0   0   0   0   0   0  94  2.28 0.80
    6 T    -2  -3  -2  -3  -4   0   0  -5  -3   4   0  -1   0  -1  -4  -1   3  -5  -3   2    1   0   2   0   0   5   6   0   0  31   6   4   2   2   0   4  22   0   0  12  0.47 0.31
    7 A     0  -6  -3  -5  -4  -5  -6   6  -6  -3  -5  -5  -5  -6  -6  -3  -4  -6  -6   3    7   0   1   0   0   0   0  71   0   1   0   0   0   0   0   1   0   0   0  19  1.61 0.61
    8 P    -5  -6  -6  -6  -7  -5  -5  -6  -5  -6  -2  -5  -6  -8   8  -1  -3  -8  -7  -6    0   0   0   0   0   0   0   0   0   0   5   0   0   0  86   6   2   0   0   0  2.73 0.90
    9 K     2  -1  -2   2  -4   2   0  -1   1  -4  -3   2  -3  -4   1   2   0  -5  -3  -2   16   2   0  11   0  10   5   3   3   0   3  18   0   0   6  15   6   0   1   2  0.31 0.23
   10 E    -2   0  -2   4  -3   2   4   0   4  -5  -4  -1  -4  -5  -2  -1  -3  -4  -1  -3    2   4   0  24   1  10  29   6  11   0   1   3   0   0   1   3   1   0   2   2  0.70 0.37
   11 V    -3  -5  -5  -6  -6  -2  -5  -6  -2  -5   1  -5  -2  -3   8  -3  -4  -7  -6  -3    2   0   0   0   0   2   0   0   1   0  15   0   1   1  73   2   1   0   0   2  2.06 0.74
   12 Y    -4  -6  -6  -6  -2  -6  -6  -7  -2   6  -1  -6  -1  -2  -6  -5  -3  -4   5   4    0   0   0   0   1   0   0   0   1  46   3   0   1   1   0   0   1   0  18  28  1.35 0.54
   13 T    -2  -4  -4  -5  -4  -4  -4  -6  -5   2   3  -4   2  -3  -4  -3   3  -5  -4   4    1   1   0   0   0   0   1   0   0  10  31   0   4   0   0   0  18   0   0  34  0.80 0.40
   14 V     6  -5  -5  -6  -4  -5  -5  -4  -6  -2  -4  -5  -4  -5  -5  -3  -2  -6  -5   4   70   0   0   0   0   0   0   0   0   1   0   0   0   0   0   0   2   0   0  27  1.52 0.66
   15 D    -1   0  -2   0  -3  -1   2  -4  -1   1   1  -1   4  -3   0   0   0  -4  -3   1    4   5   1   7   0   1  15   0   1   7  11   3  15   0   5   7   4   0   0  14  0.22 0.20
   16 V    -3  -4  -5  -6  -4  -4  -5  -6   2   0   3  -5  -1   0  -3  -4  -3  -2   4   5    1   1   0   0   0   0   0   0   5   3  32   0   0   2   2   0   0   0  13  40  0.90 0.43
   17 G    -4  -4  -5  -3  -7  -6  -6   8  -6  -8  -8  -6  -7  -7  -6  -4  -6  -7  -7  -7    0   1   0   1   0   0   0  97   0   0   0   0   0   0   0   0   0   0   0   0  2.61 0.85
   18 S     0  -1  -1   0  -5   0   4   3  -2  -5  -5   0  -3  -5  -4   3   0  -5  -5  -5    6   2   3   4   0   3  32  21   0   0   0   4   0   0   0  20   5   0   0   0  0.65 0.37
   19 S    -2  -4   5   6  -6  -3   3  -4  -2  -5  -6  -3  -6  -7  -5  -2  -3  -7  -6  -2    2   0  30  41   0   0  19   0   1   0   0   0   0   0   0   2   0   0   0   3  1.35 0.56
   20 V     4  -5  -5  -5  -4  -4  -5  -4  -5   2  -2  -4  -2  -4  -4  -2   1  -6  -4   4   43   0   0   0   0   0   0   0   0  11   2   0   0   0   0   2  10   0   0  32  0.93 0.47
   21 S    -2  -3  -3  -1  -4  -2   3  -5  -4   1   0  -2   1  -4  -4  -1   5  -5  -4   3    2   0   0   2   0   1  19   0   0   7   8   1   3   0   0   2  35   0   0  18  0.63 0.39
   22 L    -5  -6  -7  -7  -5  -6  -7  -7  -6   0   6  -6   4  -1  -7  -6  -5  -5  -5  -3    0   0   0   0   0   0   0   0   0   3  85   0  11   1   0   0   0   0   0   0  1.84 0.68
   23 E    -3   0  -4  -4  -6  -3   3  -5   1  -6  -5  -4  -5  -6   7   1   1  -7  -4  -5    1   5   0   0   0   1  21   0   3   0   1   0   0   0  49  10   9   0   1   0  1.37 0.58
   24 C    -5  -9  -8  -9  12  -8  -9  -8  -8  -5  -6  -8  -6  -7  -8  -6  -6  -7  -8  -6    0   0   0   0  99   0   0   0   0   1   0   0   0   0   0   0   0   0   0   0  4.45 1.21
   25 D    -4   3   0   0  -3   3  -2  -4   7  -4  -5  -1  -4  -2  -4   1  -1  -3   0  -5    0  16   4   6   1  15   0   0  32   1   0   3   0   2   0  13   3   0   3   0  0.97 0.47
   26 F    -4  -6  -7  -7  -5  -6  -6  -7  -6  -2   5  -6  -1   5  -7  -5  -5  -4  -3   1    1   0   0   0   0   0   0   0   0   0  64   0   0  25   0   0   0   0   0  10  1.47 0.59
   27 D    -2  -2  -2   2  -5  -1   5  -4  -3  -3  -5  -1   0  -3   1   3  -2  -6  -4  -5    2   1   1  12   0   1  42   0   0   2   0   3   3   1   7  24   1   0   0   0  0.86 0.47
   28 R    -3   0   4   2  -6   0  -2  -4   6  -6  -5   1  -5  -6   4  -2   0  -6  -3  -5    1   4  24  12   0   3   1   0  21   0   0   7   0   0  18   2   6   0   0   0  0.94 0.45
   29 R    -5  -3  -2  -7  -6  -4  -2  -7  -6  -3   0   1  10  -4  -7  -5  -4  -6  -5   0    0   2   2   0   0   0   3   0   0   0   8   7  71   0   0   0   1   0   0   6  2.23 0.84
   30 E    -5  -3  -2   1  -7   0   7  -6   1  -1  -6   0  -6  -7  -2  -4  -4  -7  -4  -5    0   0   2   6   0   2  75   0   3   4   0   5   0   0   2   0   0   0   0   0  1.69 0.70
   31 L    -4  -5  -6  -6  -3  -4  -6  -6  -6   3   4  -5   0  -1  -4  -4  -3  -5  -4   5    0   0   0   0   0   0   0   0   0  18  38   0   2   2   1   1   0   0   0  37  1.10 0.47
   32 E    -3   7  -3  -4  -6   1  -1  -1  -2  -3  -2   0  -1  -5  -5  -2  -1  -2  -1  -4    1  62   0   0   0   6   4   4   0   1   4   4   2   0   0   3   5   1   2   0  1.20 0.54
   33 G    -2  -7  -6   0  -7  -2  -4  -6  -4  -6  -5  -4  -6   0  -8  -3  -3  12  -2  -6    4   0   0   5   0   2   1   0   0   0   1   1   0   4   0   2   1  76   1   0  3.46 1.05
   34 I    -4  -5  -4  -5  -4  -5  -6  -6  -3   0   2  -6  -2   7  -6  -4  -2  -3   5   1    0   0   1   1   0   0   0   0   0   3  18   0   0  47   0   1   2   0  16   8  1.30 0.52
   35 R    -5   8  -1  -4  -3   0  -4  -5   1  -5  -6   0  -5  -5  -6  -1  -3  -4  -5  -3    0  74   3   0   1   4   0   0   3   0   0   4   0   0   0   5   1   0   0   3  1.77 0.69
   36 A     1  -2   2  -2  -4  -1  -2   0  -1  -3  -3  -1  -3  -4  -2   4   2  -1  -3   0   10   1   8   1   0   2   2   5   1   0   2   3   0   0   1  41  11   1   1   8  0.49 0.34
   37 S    -2   1  -1   0  -5   4   2  -1   3  -1  -2   2  -3  -4  -3   1   0  -3   0  -3    0   6   2   5   0  19  14   4   8   4   3  16   0   0   0  10   5   0   3   0  0.39 0.27
   38 L    -4  -2  -5  -3  -5  -1  -1  -5  -3  -2   2  -4  -2   6   2  -3  -4   5   2   0    0   2   0   2   0   3   5   0   1   1  19   1   0  35   9   1   0   9   5   6  0.80 0.39
   39 Q    -1  -1  -2   1  -4   2   1  -3   1  -5  -4  -2  -4  -1  -1   5   1  -5   0  -4    2   4   1   7   0   9  10   0   3   0   1   2   0   3   2  47   7   0   3   0  0.66 0.42
   40 K    -1   1  -1  -1  -6   2   5  -1  -2  -6  -5   3  -4  -6   2  -1  -3  -3  -5  -5    3   6   3   2   0   8  39   5   0   0   0  18   0   0  10   3   1   0   0   0  0.77 0.40
   41 V     0  -3  -1   0  -4   2   4  -3  -3  -2  -1  -1   2  -3   0  -1  -2  -5  -1   3    8   0   2   5   0   8  29   1   0   1   4   2   5   0   4   3   1   0   3  23  0.39 0.29
   42 E    -5  -3  -4  -3  -7   8   1  -5  -4  -4  -6  -2  -3  -7  -4  -4  -2  -6  -6   2    0   0   0   1   0  72   8   0   0   1   0   1   0   0   0   0   2   0   0  14  1.94 0.80
   43 T    -3  -4  -1  -4  -5  -3  -4  -3   6   1   0  -4   8  -1  -6  -2   0  -5   0  -2    2   0   2   1   0   1   1   2  17   6   7   1  46   2   0   3   6   0   3   1  1.27 0.57
   44 S     2  -3  -2  -2  -4  -1   2  -3  -1  -2   0  -2  -3  -5   5   2  -1  -4  -4  -1   16   1   1   1   0   2  13   1   2   1   8   1   0   0  26  20   2   0   0   4  0.56 0.33
   45 L    -1  -2  -2   1  -4   3   5  -2  -1  -3  -3   0  -2  -5  -1   0  -2  -3   1  -4    4   1   1   7   0  11  45   2   1   2   3   4   1   0   2   7   1   0   6   0  0.71 0.40
   46 Q    -6  -4  -5  -6  -7  -1  -4  -7   0  -6  -4  -5  -5   2  -4  -3  -6  -2   9  -6    0   1   0   0   0   3   1   0   2   0   1   0   0   7   1   2   0   0  82   0  2.68 0.91
   47 S     1   5   0  -3  -5   3  -2  -3   1  -3  -2   1  -1  -5  -4   1  -1  -4  -3  -1   10  39   4   1   0  13   1   1   3   1   3   5   1   0   0   9   2   0   0   6  0.65 0.37
   48 E    -3  -2   0  -3  -6   1   2   6  -2  -7  -6  -3  -6  -7  -4  -3  -4  -3  -6  -6    0   2   4   1   0   6  12  70   1   0   0   1   0   0   0   1   1   0   0   0  1.53 0.60
   49 R    -6   9  -5  -6  -8  -2  -5  -7  -5  -8  -7  -2  -6  -7  -7  -4  -6  -1  -6  -7    0  97   0   0   0   1   0   0   0   0   0   1   0   0   0   1   0   1   0   0  2.90 0.97
   50 A     3  -5  -4  -5  -4  -2  -5  -5  -5  -1  -4  -4   0  -4  -4  -2   6  -6  -5   1   21   0   0   0   0   1   0   0   0   4   0   0   2   0   1   0  61   0   0  10  1.34 0.63
   51 T    -1  -1  -3  -2  -4   1   5  -4  -2  -4  -4   0  -4  -5  -4   2   3   1  -4  -3    5   2   0   0   0   6  39   0   0   0   1   4   0   0   0  19  17   2   0   2  0.76 0.44
   52 L    -5  -6  -7  -7  -3  -3  -6  -7  -4   0   6  -6   0   4  -7  -6  -5   4  -3  -3    0   0   0   0   0   2   0   0   0   3  73   0   1  15   0   0   0   5   0   0  1.51 0.60
   53 L    -3  -5  -3  -5  -4  -4  -4  -6  -4   1   4  -5   1   0  -3  -5  -3   0  -4   4    0   0   1   0   0   0   1   0   0   6  45   0   2   3   1   0   1   2   0  36  0.97 0.43
   54 E    -2   3  -2  -2  -6   0   2  -2   0  -5  -4   5  -4  -6  -2   0  -1  -6  -4  -5    2  17   1   1   0   2  12   3   2   0   1  45   0   0   2   7   4   0   0   0  0.86 0.42
   55 E    -2  -3   1   7  -7  -2   3  -3  -2  -6  -7  -1  -6  -7  -5  -3  -3  -7  -6  -5    3   1   5  63   0   1  19   1   1   0   0   3   0   0   0   1   1   0   0   0  1.58 0.60
   56 Q     0  -2   2   3  -3   2   0   2   0  -3  -1  -1  -3   2  -3   0  -2  -3  -1  -2    8   1  11  16   0  12   3  16   2   1   7   4   0   9   0   5   1   0   2   2  0.24 0.19
   57 L    -4  -6  -6  -6  -4  -5  -6  -7  -6   6   4  -6   2   0  -6  -5  -3  -5  -4  -1    1   0   0   0   0   0   0   0   0  48  41   0   4   3   0   0   1   0   0   2  1.35 0.52
   58 P     2  -2   0  -1  -3  -2  -2   0   2  -3  -2  -1  -1  -1   1   1   3  -4  -1  -2   19   2   5   3   0   1   1   7   5   1   3   3   1   3   6  12  25   0   1   1  0.29 0.23
   59 L    -1   1   1   1  -4   3   3  -3   1  -3   1   2  -1  -3  -3  -1  -1  -2  -3  -3    5   5   6   9   0  16  19   1   3   0  15  14   1   1   0   2   3   1   0   0  0.36 0.25
   60 G    -4  -3  -4  -5  -7  -6  -6   8  -6  -8  -8  -5  -7  -7  -6  -4  -6  -6  -7  -7    0   2   0   0   0   0   0  97   0   0   0   0   0   0   0   0   0   0   0   0  2.59 0.83
   61 K    -1   3   3  -2  -3   2   1  -3   1  -2  -4   3  -3  -5  -4   2  -1  -5  -2  -4    3  19  14   1   0   8   8   1   3   3   1  21   0   0   0  15   2   0   1   0  0.51 0.30
   62 A     4  -5  -5  -6  -4  -5  -5  -4  -5  -1  -2  -5  -1  -4  -5  -1  -3  -6  -5   6   38   0   0   0   0   0   0   1   0   1   2   0   1   0   0   4   0   0   0  51  1.18 0.54
   63 L     5  -4  -3  -4  -3  -4  -4  -2  -4  -1   0  -4  -1  -3  -3   1   2  -5  -4   0   54   0   0   1   0   0   0   2   0   3   8   0   1   1   1  12  12   0   0   5  0.75 0.42
   64 F    -4  -5  -6  -7  -4  -5  -6  -7  -6  -1   6  -6  -1   1  -6  -5  -4  -5  -4   3    1   0   0   0   0   0   0   0   0   1  72   0   1   5   0   0   0   0   0  20  1.41 0.56
   65 H    -4   6  -3  -4  -3   3  -3  -5   4  -1  -2   2  -2  -5  -5  -3  -3  -5  -4  -1    0  47   1   0   1  14   0   0  10   3   5  12   1   0   0   0   1   0   0   4  1.09 0.49
   66 I    -5  -7  -7  -7  -5  -6  -7  -7  -7   8   0  -6  -1  -2  -7  -6  -5  -6  -5  -1    0   0   0   0   0   0   0   0   0  90   6   0   1   1   0   0   0   0   0   1  2.30 0.76
   67 P    -3   2  -1  -2  -3   2  -3  -4   7  -4   0  -2  -3   0   0  -2   1  -4   1  -3    1  12   2   2   0  10   0   1  33   0  11   1   0   5   4   2  11   0   5   1  0.77 0.40
   68 S    -3   1   6   2  -5   1  -2   0   2  -6  -6   1  -4  -6  -1   1  -3  -6  -4  -5    0   8  42  12   0   5   1   6   5   0   0   9   0   0   3   9   0   0   0   0  0.87 0.42
   69 V    -2  -6  -6  -6  -4  -6  -6  -7  -6   4  -1  -6  -3  -4  -6  -5  -3  -6  -5   7    2   0   0   0   0   0   0   0   0  22   4   0   0   0   0   0   1   0   0  70  1.65 0.62
   70 Q    -4   5  -2  -4  -6   5  -3  -4   0  -5  -3   2  -3  -6  -5  -2   2  -1  -5  -5    0  38   1   0   0  25   0   1   2   0   2  14   0   0   0   2  15   1   0   0  1.10 0.52
   71 V     3  -3  -5  -5  -4  -4  -3  -4  -4   1   1  -4  -1  -1   4  -3  -1  -5  -4   3   26   1   0   0   0   0   1   0   0   5  13   0   1   2  23   0   4   0   0  23  0.68 0.37
   72 R    -1   1  -3   0  -4   1  -2  -3   1  -5  -5  -3  -1   0  -4   6   1  -6  -2  -5    4   6   0   5   0   6   1   1   3   0   0   0   1   4   0  60   6   0   1   0  0.95 0.51
   73 D    -6  -6  -2   8  -8  -4   0  -4  -5  -8  -8  -5  -7  -8  -6  -5  -5  -9  -7  -8    0   0   1  95   0   0   4   1   0   0   0   0   0   0   0   0   0   0   0   0  2.78 0.90
   74 S     2  -3   4   4  -5  -1   2  -1   1  -5  -6  -2  -5  -6  -4   0  -3  -6  -5  -5   19   1  24  25   0   2  16   3   3   0   0   1   0   0   0   7   0   0   0   0  0.79 0.40
   75 G    -4  -7  -5  -6  -7  -6  -6   8  -6  -8  -8  -6  -7  -7  -6  -4  -6  -7  -7  -6    0   0   0   0   0   0   0  99   0   0   0   0   0   0   0   0   0   0   0   1  2.72 0.86
   76 Q    -3  -1  -1  -2  -4   5   1  -4  -2   1   1   0   1  -3  -1   0   0  -1  -3   0    0   2   2   1   0  33  10   0   1   7  12   5   4   1   2   7   5   1   0   8  0.44 0.31
   77 Y    -7  -7  -7  -8  -3  -6  -7  -8  -2  -6  -6  -7  -6   0  -8  -6  -6  -2  10  -6    0   0   0   0   1   0   0   0   0   0   0   0   0   2   0   0   0   0  97   0  3.51 1.08
   78 R    -3   4  -2  -4   3   0  -3  -3   5  -2  -1   0  -3  -4  -4   0   3   5  -2  -3    0  26   1   0   7   4   0   2  13   2   6   4   0   0   0   6  19   7   1   1  0.64 0.37
   79 C    -5  -5  -8  -9  12  -8  -9  -8  -8  -6  -6  -8  -6  -7  -8  -6  -6  -7  -8  -6    0   1   0   0  99   0   0   0   0   0   0   0   0   0   0   0   0   0   0   0  4.43 1.19
   80 L    -3   0  -3  -5  -3  -3  -4  -5   2  -1   2  -4   0   6  -5  -1  -3  -2   4   0    1   5   1   0   0   1   0   1   6   2  20   0   2  36   0   5   0   0  13   6  0.82 0.38
   81 V    -6  -7  -7  -7  -6  -7  -7  -7  -6   3  -2  -7  -3   8  -7  -6  -5  -4  -1   2    0   0   0   0   0   0   0   0   0  19   1   0   0  69   0   0   0   0   0  11  2.09 0.71
   82 I    -2   3  -2  -1  -5   5   1  -1  -2  -1  -4   3  -3  -3  -4   1  -2  -5  -4  -3    2  16   0   3   0  31   6   4   0   5   1  19   0   1   0   9   1   0   0   1  0.69 0.39
   83 C    -3  -1   0   4  -2   0   2  -4   1  -2  -4   2  -1  -3  -4   1  -3  -4   4  -3    0   1   3  23   1   4  14   0   4   3   0  14   2   0   0  13   0   0  17   1  0.56 0.34
   84 G    -2   0   0   1  -5  -2  -1   6  -4  -6  -5  -2  -5  -6  -3   1  -3  -6  -6  -6    1   5   4   9   0   1   4  63   0   0   1   2   0   0   1   9   1   0   0   0  1.20 0.48
   85 A    -1   1   1   2  -4   0   0   2   0   0  -3  -1  -2  -2  -3   1   0  -4  -2   0    3   8   7  16   0   3   4  20   2   6   1   2   0   1   0  11   7   0   1   7  0.22 0.17
   86 A     2  -3  -2  -1  -4  -3  -4  -2  -1  -1  -2  -4  -2   6  -5   2  -2  -3   3  -1   18   1   2   3   0   0   0   2   2   3   2   0   1  34   0  16   2   0  10   4  0.66 0.36
   87 W    -3  -2  -2  -3   0  -2  -3  -3   1  -3  -3  -3  -3   2  -3   1  -3   4   8  -2    1   2   2   1   2   1   2   2   3   1   2   1   0   6   2  10   1   6  52   3  1.23 0.46
   88 D    -1  -2   0   4  -6   1   5   1  -1  -6  -6   0  -5  -6  -4  -1  -3  -6  -5  -5    5   2   3  27   0   6  38   9   1   0   0   4   0   0   0   3   0   0   0   0  0.93 0.43
   89 Y    -4  -3  -4   0  -7   0   6  -4  -2  -5  -6   0  -5  -4  -5  -2  -4  -3   5  -5    0   0   0   4   0   3  64   1   0   0   0   6   0   0   0   2   0   0  18   1  1.50 0.64
   90 K     6  -4  -4  -4  -4  -4  -4  -3   1  -5  -5   3  -4  -6  -4  -2   1  -6  -5  -3   68   0   0   0   0   0   0   1   3   0   0  18   0   0   0   1   8   0   0   1  1.30 0.60
   91 Y    -1   0   0  -2  -3   0  -2  -2  -1   3   0  -2   0  -1  -2   1   1  -1   2   1    4   6   5   1   0   4   1   2   1  22   9   2   1   1   1  12  12   1   8   8  0.16 0.17
   92 L    -3  -5  -6  -6  -4  -5  -5  -6  -5   3   4  -5   2   1  -5  -5  -1  -2  -3   3    1   0   0   0   0   0   0   0   0  20  46   0   4   6   0   0   4   1   0  18  0.92 0.40
   93 T    -3   0  -2   0  -6   1   6  -4   3  -5  -2  -2  -3  -5  -4  -1   2  -4  -4  -4    2   5   1   3   0   6  51   0   7   0   5   1   0   0   0   3  15   0   0   0  0.93 0.47
   94 V    -5  -6  -7  -7  -5  -6  -7  -7  -7  -1   6  -6  -1  -3  -7  -6  -5  -5  -5   2    0   0   0   0   0   0   0   0   0   1  85   0   0   0   0   0   0   0   0  14  1.77 0.66
   95 K    -4   1  -1  -4  -6   3   0  -4  -1  -5  -2   6   1  -6  -4  -3  -3  -3  -3  -2    0   6   3   0   0  15   5   0   1   0   4  57   4   0   0   0   1   0   1   2  1.13 0.52
   96 V    -4  -7  -7  -7  -5  -6  -5  -7  -7   0  -2  -6  -3  -5  -7  -6  -4  -7  -5   8    0   0   0   0   0   0   1   0   0   2   2   0   0   0   0   0   0   0   0  95  2.32 0.82
   97 K     5  -2   0  -4  -4  -2  -3  -3  -2   0  -4   1  -4  -5  -4  -1   2  -6  -4  -1   57   2   4   0   0   1   1   0   1   7   0   8   0   0   0   2  13   0   0   3  0.83 0.45
   98 A     5  -4  -4  -1  -4  -4  -2   5  -5  -5  -5  -4  -5  -6  -4  -1  -3  -6  -5  -1   48   0   0   3   0   0   2  38   0   0   0   0   0   0   0   4   0   0   0   4  1.16 0.52
   99 S    -3  -2  -3  -5  -4  -3  -3  -4  -5  -1   4  -4   2  -2   3   2   0  -5  -4   1    1   2   1   0   0   0   1   1   0   1  42   0   5   1  13  17   4   0   0  12  0.59 0.35
  100 Y    -3  -3  -3  -4  -6  -5  -5   6  -4  -6  -5  -5  -6  -3  -6  -1  -5  -4   5  -6    1   2   1   0   0   0   0  71   0   0   1   0   0   0   0   4   0   0  20   0  1.78 0.66
  101 M    -2   1  -3  -4  -1  -3  -4  -3   0  -5  -2   0  -4  -4  -4   6   0  -6  -5  -4    1   8   0   0   1   0   0   1   2   0   5   6   0   0   1  69   4   0   0   1  1.21 0.60
  102 R     2   0   1   3  -4  -1   0  -1   0  -2  -4   2  -3  -4  -2   0  -1  -5  -3  -1   25   4   7  18   0   1   5   5   2   3   0  15   0   0   1   7   3   0   0   4  0.31 0.23
  103 I    -3  -6  -6  -6  -6  -5  -5  -6  -6   4  -2  -4  -5  -5   8  -3  -4  -7  -6  -2    1   0   0   0   0   0   0   0   0  22   4   1   0   0  68   1   0   0   0   2  2.11 0.74
  104 D    -2   0   3   1  -4   4   1  -4   6  -4   0  -2  -2  -3  -2  -1  -2  -4  -1  -3    3   3  16   6   0  19   7   0  22   0  12   1   0   1   2   2   2   0   2   1  0.59 0.33
  105 T    -4  -4  -5  -5  -4   1  -5  -6  -3   6   0  -3   0  -1  -1  -3   1  -5  -3   3    0   0   0   0   0   7   0   0   1  46   5   1   2   2   4   1   8   0   0  23  0.87 0.41
  106 R    -3   3  -1  -2  -4   1   1  -3   7   0  -3  -2  -3  -3  -4   2  -2  -3   0  -2    1  15   2   1   0   6   9   2  29   7   2   1   0   0   0  17   2   0   3   2  0.69 0.35
  107 I    -1  -2  -2  -2  -2  -2  -2  -2  -1   4   0  -1   0   0  -2   0  -1  -2  -1   3    3   1   2   2   1   1   2   3   1  33   7   4   2   3   1   6   3   0   2  21  0.35 0.17
  108 L    -2  -2  -2   0  -2  -2  -2  -2  -1   0   1  -2   7  -2  -2   0   1   1  -2   1    2   2   1   6   1   1   2   2   1   3  10   2  34   1   1   8   8   2   1  11  0.51 0.24
  109 E    -2   0  -2  -1  -4   1   5  -2   2  -3  -2   2   1  -4  -2  -2  -1  -4  -3   0    2   5   0   2   0   4  40   2   6   1   4  16   3   0   1   2   4   0   0   8  0.57 0.30
  110 V    -2  -2  -2   2  -4  -3  -2   5  -2  -1  -4  -3  -4  -5   0   0  -2  -2  -5   1    2   2   1  13   0   0   2  46   1   4   1   1   0   0   6   6   2   0   0  14  0.68 0.35
  111 P    -3  -3  -3  -4  -3   2  -3  -3   4  -3  -2  -3  -4  -2   6  -2   0  -2   4  -4    2   1   1   0   0  10   0   2  12   1   4   1   0   1  44   2   5   0  14   0  1.16 0.49
  112 G    -2  -2   0  -1  -1   3   5   2  -1  -3  -5   0  -4  -5  -4  -1  -2  -5  -4   0    2   1   4   2   2  15  38  16   1   1   0   5   0   0   0   3   2   0   0   9  0.64 0.37
  113 T    -3  -3   2   5  -5  -1   3  -1  -2  -3  -5  -2  -5  -6  -3   1   3  -6  -3  -4    1   0   7  36   0   2  19   3   1   1   0   1   0   0   0   8  18   0   1   1  0.81 0.41
  114 G    -2  -1   0   3  -5  -3  -1   5  -3  -5  -5   1  -5  -5  -4   1  -3  -3  -5  -5    1   4   4  18   0   1   4  47   0   0   1   8   0   0   0  11   1   0   0   0  0.87 0.40
  115 E    -3  -1  -3  -2  -6   0   4   6  -4  -6  -6  -1  -3  -6  -2  -2  -3  -4  -6  -6    0   3   0   1   0   3  27  56   0   0   0   3   1   0   2   2   1   0   0   0  1.25 0.53
  116 V    -4  -5  -4  -6  -4  -5  -3  -6   1   6   0  -5   1  -1  -6  -5  -2   2  -1   4    0   0   0   0   0   0   2   0   4  44   7   0   3   2   0   0   1   3   2  31  1.07 0.45
  117 Q    -4   6  -3  -3   0   3   2  -5   1  -3  -1   1   0  -2  -5  -3  -1   2  -4  -2    0  42   0   0   2  14  13   0   4   2   5   6   3   2   0   0   3   2   0   2  0.80 0.41
  118 L    -4  -6  -6  -7  -4  -4  -6  -7  -6   1   5  -6   2  -1  -6  -5  -4  -5  -4   4    0   0   0   0   0   1   0   0   0   4  56   0   3   2   0   0   0   0   0  34  1.28 0.52
  119 T    -2  -3  -4  -3  -4  -2   3  -3  -4   0  -1  -2   1  -4  -4  -2   4  -5  -4   4    3   1   0   0   0   1  23   2   0   3   5   2   4   0   0   1  25   0   0  30  0.63 0.39
  120 C    -5  -8  -8  -8  12  -8  -9  -4  -8  -6  -6  -8  -6  -7  -8  -6  -3  -7  -5  -6    0   0   0   0  97   0   0   1   0   0   0   0   0   0   0   0   2   0   0   0  4.24 1.15
  121 Q    -3   2  -1  -3  -5   4  -2  -4   1  -2  -4   1   2  -5  -4   1   4  -3  -4  -4    0  11   2   0   0  23   1   0   3   2   0   7   6   0   0  11  33   0   0   0  0.76 0.44
  122 A     3  -4  -3  -4  -4  -4  -4  -1  -5  -5  -6  -4  -5  -6  -4   6   0  -6  -5  -4   26   0   0   0   0   0   0   3   0   0   0   0   0   0   0  65   4   0   0   1  1.42 0.64
  123 R     1   2  -2  -1  -4   0   3   0  -3  -3  -3   1  -2  -4  -3   2   0  -5  -4   0   12  10   0   2   0   4  23   7   0   0   1   8   1   0   0  18   7   0   0   6  0.34 0.24
  124 G    -4  -6  -4  -5  -6  -5  -6   7  -6  -7  -7  -5  -6  -6  -6  -4  -5   4  -6  -7    0   0   0   0   0   0   0  92   0   0   0   0   0   0   0   0   0   5   0   0  2.44 0.78
  125 Y    -6  -6  -5  -7  -6  -6  -6  -7  -1  -5  -4  -6  -4   7  -7  -6  -6   1   8  -5    0   0   1   0   0   0   0   0   1   0   0   0   0  39   0   0   0   1  57   0  2.51 0.81
  126 P    -5  -7  -7  -3  -8  -6  -6  -7  -7  -8  -7  -6  -7  -8   9  -5  -6  -9  -8  -7    0   0   0   1   0   0   0   0   0   0   0   0   0   0  98   1   0   0   0   0  3.37 1.04
  127 L    -3  -1  -2  -2  -6   4   5  -5  -3  -5   0   4  -4  -6  -2  -3  -3  -6  -5  -3    1   1   1   1   0  18  43   0   0   0   9  23   0   0   2   0   0   0   0   2  1.05 0.51
  128 A     3  -6  -6  -6  -6  -5  -5  -6  -6  -7  -6  -5  -6  -8   8  -5  -5  -8  -7  -6   20   0   0   0   0   0   0   0   0   0   0   0   0   0  79   0   0   0   0   0  2.63 0.88
  129 E    -4   0  -3  -2  -6   6   5  -3   3  -6  -2   1  -4  -6  -5  -3  -3  -3  -4  -4    0   5   0   1   0  33  37   2   7   0   4   7   0   0   0   0   1   0   0   1  1.13 0.53
  130 V     0  -6  -6  -7  -4  -5  -6  -6  -6   1  -1  -6   3  -4  -3  -4  -2  -6  -5   7    8   0   0   0   0   0   0   0   0   4   3   0   6   0   2   1   2   0   0  76  1.55 0.62
  131 S    -3  -1  -2  -3  -5   6   1  -5   1   1   0  -2  -2   1  -4  -1  -2  -3   1   0    0   2   1   0   0  40  10   0   3  10  10   1   0   5   0   4   2   0   5   6  0.66 0.40
  132 W    -8  -8  -9  -9  -4  -7  -8  -8  -2  -8  -6  -8  -7  -4  -9  -4  -8  13  -3  -8    0   0   0   0   0   0   0   0   1   0   0   0   0   0   0   2   0  96   0   0  4.95 1.32
  133 Q    -4   7  -3  -4  -6   3   0  -3  -4  -5  -4   2   1  -6  -1  -2   0  -6  -5  -5    1  55   0   0   0  11   5   2   0   0   1   9   4   0   4   3   6   0   0   0  1.19 0.53
  134 N    -3  -5   4   7  -5  -4  -2   0  -3  -4  -6  -4  -6  -7  -5  -2   0  -7  -6  -3    1   0  19  60   0   0   1   8   0   1   0   0   0   0   0   1   6   0   0   2  1.49 0.59
  135 V     0  -2  -2  -2  -3  -1   0  -3   0   1   3  -2   0  -1   2   1  -1  -4  -3   1    7   2   1   1   0   2   6   1   2   7  31   1   2   2  12  13   2   0   0   8  0.25 0.20
  136 S    -1   2   1  -2  -3   2   0  -3   1  -2  -3   2  -2  -4  -3   3   2  -2  -2  -3    3  12   5   1   0  10   5   1   3   2   1  13   1   0   0  29  12   1   1   1  0.44 0.30
  137 V    -2  -4  -3  -2  -5  -4  -2   6  -3   0   2  -4  -1  -4  -1  -3  -3  -4  -4   0    1   0   0   3   0   0   2  56   1   6  18   0   1   0   3   1   0   0   0   6  0.92 0.42
  138 P     1  -2   1  -2  -5   1   2  -4  -3  -4  -2   2  -3  -4   5   3  -2  -6  -5  -4    9   0   5   0   0   5  14   0   0   1   4  15   0   0  25  21   0   0   0   0  0.66 0.37
  139 A     3  -3  -2  -2  -3  -3  -3  -3  -2  -1   1  -2  -1   3  -1   1   1  -4  -2   1   31   0   1   2   0   1   1   0   1   2  12   2   1  15   3   8  10   0   0  10  0.34 0.26
  140 N    -2  -4   2  -3  -4  -2  -1  -4  -3  -2  -1  -2  -1  -4  -3   6   2  -6  -5  -1    2   0  10   1   0   1   4   0   0   2   5   1   2   0   1  57  10   0   0   3  0.89 0.49
  141 T    -3  -3  -3  -2  -6  -1   6  -5  -3  -2  -4   0  -5  -6  -1  -2   3  -6  -5  -2    2   0   0   0   0   1  60   0   0   3   1   5   0   0   2   2  20   0   0   2  1.21 0.57
  142 S     2  -2   0  -2  -4  -3  -1  -3   1  -2  -4  -2  -4  -4  -3   4   4  -5  -2  -1   17   2   4   2   0   0   4   1   4   2   0   2   0   0   0  29  29   0   1   3  0.59 0.37
  143 H    -3   0   0  -3  -4   2   0  -4   7   0  -2   2  -2  -1  -2  -1  -2  -4   3  -2    0   4   4   0   0   9   5   0  30   6   3  12   1   2   2   5   2   0  12   3  0.67 0.36
  144 I     2  -3  -1  -3  -4  -3  -1  -3  -1   0  -3  -3   1  -2  -2   4   4  -5  -4  -1   15   0   2   1   0   0   3   0   1   6   0   0   4   2   1  30  29   0   0   4  0.60 0.38
  145 R     0   2  -2  -4  -5   6   0  -4  -2  -4  -2   2  -2  -6   2  -3  -1  -5  -4  -1    8   9   1   0   0  45   4   0   0   0   5  10   1   0   9   0   4   0   0   4  0.85 0.46
  146 T    -2   0   1   6  -6  -2   1   1  -2  -5  -6  -1  -4  -6  -4  -1   1  -6  -4  -4    3   5   6  51   0   1   8   9   1   0   0   3   0   0   0   3  10   0   0   1  0.97 0.44
  147 P     3  -1  -1   0  -4  -1   4   0  -2  -4  -4   0  -3  -5   2   0   0  -4  -4  -3   25   3   1   6   0   2  27   8   0   0   0   4   0   0   9   7   5   0   0   1  0.47 0.30
  148 E    -1  -2   4   5  -5   1   4  -1  -1  -6  -6  -2  -5  -6  -4  -2  -3  -6  -4  -4    4   1  17  33   0   5  30   4   1   0   0   1   0   0   0   1   1   0   0   1  1.00 0.45
  149 G    -3  -3  -3  -2  -6  -1  -2   7  -4  -7  -6   1  -3  -7  -5  -3  -4  -6  -6  -6    0   1   1   2   0   3   2  78   0   0   1   9   1   0   0   1   0   0   0   0  1.74 0.63
  150 L    -5  -6  -7  -7  -5  -6  -7  -7  -7  -2   7  -6  -1  -1  -7  -6  -5  -5  -5  -2    0   0   0   0   0   0   0   0   0   0  95   0   0   3   0   0   0   0   0   1  2.02 0.72
  151 Y    -6  -7  -7  -8  -6  -7  -7  -7  -5  -3  -3  -7  -4   9  -8  -6  -6  -3   5  -4    0   0   0   0   0   0   0   0   0   1   2   0   0  79   0   0   0   0  18   1  2.64 0.83
  152 Q    -1   1   3  -1  -4   3   1  -3   5  -4  -3  -1   0  -4  -4   1   1  -3   2  -4    3   7  14   3   0  13   7   1  15   1   1   1   2   0   0  13  11   0   6   0  0.46 0.30
  153 V    -3  -6  -6  -6  -4  -5  -6  -6  -6   2  -2  -5   3  -4  -6  -4   2  -6  -5   7    1   0   0   0   0   0   0   0   0   9   1   0   7   0   0   0  12   0   0  71  1.53 0.62
  154 T     0  -2  -3  -2  -5   1   5  -5  -1  -4  -5   1  -4  -6  -4  -2   4  -6  -5  -3    8   2   0   0   0   5  43   0   1   0   0   7   0   0   0   1  30   0   0   2  1.01 0.51
  155 S     3  -4  -1  -2  -4  -3  -3  -3  -3   0  -3  -3   3  -5  -3   4   3  -5  -4  -1   29   0   2   2   0   0   0   0   0   7   1   0   7   0   0  28  20   0   0   2  0.68 0.41
  156 V     2  -4  -3  -4  -4  -4  -4  -4  -4  -1  -4  -4  -2  -2  -3   5   4  -6  -4   1   18   0   0   0   0   0   0   0   0   4   1   0   1   2   0  41  23   0   0  10  0.84 0.47
  157 L    -3  -5  -6  -7  -4  -5  -6  -7  -6   3   5  -6   0  -3  -5  -5  -3  -5  -4   3    2   0   0   0   0   0   0   0   0  13  62   0   1   0   0   0   1   0   0  21  1.25 0.51
  158 R    -3   2  -3  -5  -4  -3  -4  -5  -3   4   1  -2   0  -2  -4  -3   1  -5  -4   4    0  13   1   0   0   1   0   0   1  25  10   1   2   1   1   0   9   0   0  35  0.70 0.36
  159 L    -3  -6  -6  -6  -4  -5  -6  -6  -6   5   2  -5   1  -1  -6  -5  -3  -5  -4   5    1   0   0   0   0   0   0   0   0  33  18   0   2   2   0   0   1   0   0  42  1.19 0.48
  160 K    -3   6   2  -1  -5   0  -1  -4  -2  -4  -4   3  -1  -5  -4  -2   2  -6  -3  -3    1  42  10   3   0   2   3   0   0   0   1  16   2   0   0   2  15   0   1   2  0.89 0.43
  161 P     0  -3   1   6  -5  -1   3  -1  -2  -4  -3  -1  -4  -6   1  -1   0  -6  -5  -4    7   1   7  41   0   2  18   5   0   1   3   2   0   0   6   2   5   0   0   0  0.77 0.38
  162 Q     0   1   2   0  -1  -1  -1   0   3  -4  -4  -1  -3  -4  -1   4   2  -4  -2  -4    6   6   9   4   1   2   3   5   7   0   0   3   0   0   2  34  13   0   1   0  0.43 0.29
  163 P     1  -3  -3  -4  -3  -4  -4  -4  -3  -1  -4  -4  -2  -4   0   6   1  -6  -3  -4   11   1   0   0   0   0   0   0   0   3   1   0   1   0   5  68   6   0   1   1  1.23 0.60
  164 S     0  -2   3  -1  -3  -1  -2   1   2  -1   0   0   1  -3  -3   0  -1  -4  -2   2    8   1  21   2   0   3   0   9   5   3   7   6   4   0   1   8   2   0   1  20  0.22 0.20
  165 R    -3   4  -2  -1  -6   3   3   3  -3  -5  -5   1  -4  -6  -3  -2  -2  -2  -5  -3    0  23   1   3   0  12  23  24   0   0   0   9   0   0   1   1   1   1   0   2  0.73 0.39
  166 N    -3  -3   7   0  -5  -3  -2  -1  -3   0  -5   0  -3  -6  -5   0   1  -7  -5  -2    2   0  59   3   0   0   2   4   0   7   0   6   0   0   0   5   9   0   0   2  1.24 0.55
  167 F    -3  -6  -6  -6  -4  -5  -6  -6  -5   1   1  -5   3   3  -6  -5  -4  -4   1   6    1   0   0   0   0   0   0   0   0   4  14   0   6  14   0   0   0   0   5  56  1.18 0.50
  168 S    -2  -2  -3  -4  -5  -3  -4  -4  -1  -3  -5  -4  -5  -3  -5   6   4  -5   2  -4    2   2   0   0   0   0   0   0   2   1   0   0   0   1   0  55  30   0   7   0  1.28 0.62
  169 C    -5  -9  -8  -9  12  -8  -9  -8  -8  -6  -6  -8  -6  -7  -8  -6  -6  -7  -8  -6    0   0   0   0 100   0   0   0   0   0   0   0   0   0   0   0   0   0   0   0  4.48 1.20
  170 M    -1  -3  -3  -4   5  -3  -2  -4  -1   0  -1  -4  -2   1  -4   4   1   2   1   0    2   1   0   0  11   0   1   0   1   6   5   0   1   5   0  41   8   3   6   7  0.60 0.38
  171 F    -4  -6  -6  -6  -4  -6  -6  -7  -6   6   0  -6   1   4  -6  -5  -2  -5  -3   3    0   0   0   0   0   0   0   0   0  48   7   0   3  19   0   0   1   0   0  22  1.26 0.50
  172 W    -4   5   0  -4  -4   3  -3  -4   2  -4   1   0  -3  -1  -5  -2  -2   7   0  -4    0  29   5   0   0  15   0   1   5   1  12   5   0   3   0   3   2  17   2   0  0.88 0.43
  173 N    -6   0   9  -2  -7  -4  -4  -4  -4  -6  -8  -4  -6  -7  -5  -1  -4  -8  -6  -6    0   5  88   1   0   0   0   0   0   0   0   0   0   0   0   4   0   0   0   0  2.55 0.87
  174 A     0  -2  -2  -4  -5  -3  -3  -5  -1  -3   0   0  -4  -5   7   1   2  -6  -5  -3    6   1   2   0   0   0   1   0   2   1   9   7   0   0  50   9  12   0   0   1  1.16 0.50
  175 H    -2   0  -1  -2  -3  -1   0  -2   1   2   3  -2   0   0  -3  -3  -2  -4  -1   3    1   5   3   2   0   3   6   4   4  12  31   1   0   4   1   1   0   0   1  22  0.29 0.21
  176 M    -3  -4  -5  -4  -4  -3  -5  -2  -2  -1   6  -5   1   0  -3  -2  -1  -3  -3  -1    1   0   0   1   0   1   0   3   1   1  72   0   2   4   2   4   4   0   0   3  1.03 0.47
  177 K    -3   0   3  -1  -5   3   0   4   1  -5  -5   1  -4  -6  -3   0  -2  -5  -4  -5    0   4  17   3   0  17   5  31   3   0   0   8   0   0   1   8   2   0   0   0  0.69 0.36
  178 E    -4  -3  -3  -3  -7   7   5  -3  -3  -6  -4  -2  -5  -7  -5  -4  -4  -6  -6  -4    1   0   0   0   0  51  42   2   0   0   2   1   0   0   0   0   0   0   0   1  1.77 0.73
  179 L    -3   1   2  -1  -6   1   6  -3  -3  -5  -3   2  -2  -5  -4  -3  -3  -3  -5  -4    1   5  11   2   0   4  54   1   0   0   3  13   1   0   0   1   0   0   0   1  1.01 0.49
  180 T    -1   0  -1  -4  -5  -1   0  -5  -1  -5  -5   6  -4  -6  -4   0   3  -6  -3  -2    5   3   2   0   0   1   6   0   1   0   0  55   0   0   0   5  17   0   1   3  1.04 0.50
  181 S    -2  -2  -2  -2  -4  -2   4  -2   0   0  -3   0   3  -5  -4   2   3  -3  -4  -2    2   1   0   1   0   0  28   3   2   5   0   5  10   0   0  19  22   0   0   2  0.57 0.38
  182 A     5  -4  -3  -4  -4  -4  -2  -1  -4  -2  -4  -3  -2  -4  -4   3   0  -6  -3   0   51   0   0   0   0   0   2   3   0   2   0   0   1   1   0  26   5   0   0   7  0.91 0.47
  183 I    -2  -2  -3  -4  -4  -4  -4  -5   2   6   0  -4   0  -3  -4   0   1  -5  -2   2    3   2   1   0   0   0   0   0   5  49   8   0   2   0   0   8  10   0   1  10  0.77 0.38
  184 I    -2  -5  -5  -5  -4  -5  -5  -5  -5   4   0  -5  -1   5   0   0  -3  -4  -1   3    3   0   0   0   0   0   0   0   0  28   8   0   0  28   4   8   0   0   1  20  0.81 0.38
  185 D     0  -5  -4   1  -4  -4  -3  -4  -5   6   0  -4  -2  -3  -5   2  -3  -5  -4   0    6   0   0  10   0   0   1   1   0  52   8   0   0   0   0  17   0   0   0   5  0.84 0.42
  186 P    -4  -6  -6  -5  -7  -5  -5  -6  -6  -6  -7  -5  -6  -7   9  -4  -5  -7  -7  -6    0   0   0   0   0   0   0   0   0   0   0   0   0   0 100   0   0   0   0   0  3.26 0.81

                      K         Lambda
Standard Ungapped    0.1327     0.3192
Standard Gapped      0.0535     0.2670
PSI Ungapped         0.1746     0.3128
PSI Gapped           0.0535     0.2670
