
Last position-specific scoring matrix computed, weighted observed percentages rounded down, information per position, and relative weight of gapless real matches to pseudocounts
            A   R   N   D   C   Q   E   G   H   I   L   K   M   F   P   S   T   W   Y   V   A   R   N   D   C   Q   E   G   H   I   L   K   M   F   P   S   T   W   Y   V
    1 P    -3  -4  -4  -4  -5  -4  -4  -5  -5  -6  -6   1  -5  -6   7   4  -3  -7  -6  -5    0   0   0   0   0   0   0   0   0   0   0   9   0   0  61  30   0   0   0   0  1.88 0.60
    2 K    -2   4  -4   1  -6   0  -1  -5  -4  -6  -3   6  -5  -6  -5  -4  -4  -6  -3  -2    3  24   0   7   0   2   3   0   0   0   3  54   0   0   0   0   0   0   1   3  1.27 0.56
    3 A     1  -3   1   0  -6  -3  -2  -5  -2  -6  -4  -2  -6  -7   7   2  -3  -7  -6  -4   12   1   7   4   0   1   2   0   1   0   2   2   0   0  54  13   1   0   0   1  1.39 0.60
    4 V    -1  -6  -6  -7  -5  -6  -6  -3  -4   4   0  -6  -1  -4  -2  -4  -4  -6  -2   6    4   0   0   0   0   0   0   3   1  19   6   0   1   0   2   1   0   0   2  62  1.35 0.59
    5 Y     2  -1  -1  -2   3  -1  -1  -3   2  -2  -1   0   0  -1  -2   2   0  -3   3  -1   18   3   3   1   6   1   3   1   6   1   6   6   3   1   2  15   5   0  14   5  0.23 0.22
    6 L    -1  -1   2   0  -4   3   2  -3   1  -2   1   0   0   1  -4   0   1  -4  -2  -2    5   2  10   5   0  15  12   0   3   1  16   7   2   6   0   6   8   0   0   1  0.23 0.22
    7 W    -9  -9 -10 -11  -8  -8  -9  -9  -9  -9  -3  -9  -7  -5 -10  -9  -9  13  -4  -9    0   0   0   0   0   0   0   0   0   0   3   0   0   0   0   0   0  97   0   0  5.25 1.58
    8 T    -3  -3   0   1  -5  -1  -4  -1  -5  -5  -5   0  -5  -6  -4   4   6  -7  -6  -5    1   1   4   9   0   3   0   4   0   0   1   5   0   0   1  29  44   0   0   0  1.08 0.62
    9 V     1  -2  -1  -2   0   1   2  -3   0  -1  -2  -2  -2  -4   2  -1   1  -5  -4   3   12   1   3   1   2   7  18   1   2   2   3   1   0   0  10   3  10   0   0  22  0.33 0.29
   10 S     0  -2   0   3   1   3   3  -2   0  -3  -3   0  -2  -4  -1   0  -2  -5  -2  -3    9   1   4  18   3  14  23   2   2   1   2   5   1   1   3   6   2   0   1   2  0.44 0.31
   11 D    -4  -1  -1   7  -8   3   3  -5   1  -7  -7  -1  -6  -7  -4  -4  -5  -8  -6  -7    1   4   2  56   0  11  20   1   3   0   0   3   0   0   1   0   0   0   0   0  1.59 0.72
   12 V    -5  -7  -7  -7  -1  -7  -7  -7  -7  -1  -3  -7  -4  -5  -7  -4  -1  -7  -6   8    0   0   0   0   1   0   0   0   0   1   2   0   0   0   0   1   3   0   0  91  2.35 0.93
   13 L     0  -3  -2  -3   7   2  -2  -1   0   0   0  -2   1  -3  -5   0  -2  -5   0   2    9   1   1   2  27  10   1   5   2   5   8   3   3   1   0   6   1   0   3  13  0.59 0.35
   14 K     0   0   0   1  -2   1   2  -2   0  -1  -1   3  -2  -1  -3  -1   0  -4  -1  -1    9   3   4  10   1   7  14   1   3   3   8  20   1   3   0   4   6   0   1   3  0.20 0.19
   15 W    -8  -8  -9  -9  -8  -7  -8  -8  -7  -8  -7  -8  -7   1  -9  -8  -8  13   1  -5    0   0   0   0   0   0   0   0   0   0   0   0   0   4   0   0   0  90   4   1  4.68 1.49
   16 Y    -4  -6  -6  -7  -5  -5  -6  -7  -6   1   6  -6   3   1  -6  -6  -5  -5  -1   0    1   0   0   0   0   0   0   0   0   6  71   0   8   4   0   0   0   0   2   6  1.42 0.65
   17 R    -1   3  -1   1   0   1   2  -2   0  -2  -2   3   1  -3  -3   0   0  -2  -3  -3    3  17   2   6   2   5  16   2   2   2   2  21   4   1   0   5   4   1   0   1  0.35 0.25
   18 R     0   2   0  -1  -3   3   1   1  -1  -3  -3   2  -1  -4  -3   1  -1  -3  -2  -3    7  13   3   3   0  16   7   9   1   1   2  16   1   1   1  14   3   0   1   2  0.34 0.24
   19 H    -2  -1   0  -1   0   0  -1  -2   6  -1   1   1   0   0  -2  -2  -1   1   1   0    2   3   4   2   2   3   4   2  24   3  17   9   2   3   2   3   3   2   4   6  0.35 0.19
   20 C     0   0  -1   0   7  -1  -2   3  -1  -2  -1  -3  -3  -2   0  -1  -2  -3  -3  -1    9   6   2   5  24   3   2  22   1   1   8   1   0   2   4   4   2   0   1   4  0.50 0.27
   21 G    -1  -3   1   0  -1  -3  -2   2  -3   0   1  -2   0  -3   4   0   0  -4  -3  -2    4   1   8   5   1   0   2  17   0   7  14   2   2   0  22   7   4   0   1   2  0.35 0.24
   22 E    -2  -2   2   2  -2   1   1   2   3  -3  -1   0  -2  -2  -1  -1   0   4  -1  -2    2   1  11  13   1   6   9  17   7   0   6   4   1   1   2   4   4   6   1   3  0.26 0.20
   23 Y    -1  -3  -4  -3   0  -1  -4  -2   2  -1   2  -4   3   4  -2  -2  -2  -1   5   0    5   1   0   1   2   3   0   3   4   2  23   0   7  16   2   2   2   1  19   6  0.52 0.34
   24 T     1  -1  -1   0  -2   1   1   0  -1  -2  -1   0  -1  -3   1   1   0  -3   1  -2   13   2   2   6   0   7  12   8   1   2   6   5   1   0   7  14   5   0   5   2  0.14 0.15
   25 Q    -1   0  -1   0  -2   4   2  -2   2  -2   0   2  -2  -2   0  -1  -1  -4  -3  -1    4   3   1   5   1  25  11   2   5   2   9  15   1   2   5   3   2   0   0   4  0.34 0.29
   26 Y    -6  -6  -4  -3  -6  -3  -4  -7   1  -3   0  -6  -5   0  -6  -6  -5  -3   9  -2    0   0   1   2   0   1   1   0   3   1   8   0   0   3   0   0   0   0  76   3  2.41 0.97
   27 E     2   1  -1  -2   0   0   1  -1  -1   0  -1   1  -2  -3  -1   1   0  -2  -1   1   21   7   2   0   2   3   9   4   2   6   4   9   0   0   2   8   5   1   2  13  0.12 0.16
   28 Q    -1  -2   0   3  -5   2   4  -2   2  -5  -4   1  -2  -5   0   0  -2  -5  -4  -3    5   1   4  18   0   8  29   3   6   0   2   8   1   0   5   6   2   0   0   2  0.54 0.35
   29 L     2   0   0  -2   1   0   0  -2  -2   1   2   0   1  -1  -3   1   0  -4  -3   0   17   5   4   2   3   4   6   1   1   7  23   5   3   1   1   9   5   0   0   5  0.12 0.15
   30 F    -4  -5  -7  -8  -7  -7  -7  -7  -6  -1  -2  -7   1   9  -8  -7  -6   1   0  -3    2   1   0   0   0   0   0   0   0   3   3   0   3  83   0   0   0   1   1   2  2.60 0.99
   31 A     0   3  -1  -3  -2   0   1  -4  -1   1   1   1   0  -2  -3   0   0  -4   0   0    7  16   2   0   1   5   8   0   1  11  17  10   2   0   0   5   6   0   3   5  0.18 0.19
   32 Q     0   2  -1   1  -4   2   2  -2   1  -3  -2   2   0  -2  -3   1  -1  -5  -2  -3    8  10   3   7   0  12  16   2   4   1   3  15   3   2   0  10   4   0   1   1  0.31 0.26
   33 H    -2  -3   5  -4  -7   0   1  -4   9  -7  -7  -2  -3  -6  -6  -2  -5  -7   0  -7    3   1  28   0   0   4  10   1  44   0   0   2   1   0   0   3   0   0   3   0  1.76 0.80
   34 D    -1   0   1   2   1   3   1  -1   2  -2  -2   2   0  -1  -3   0  -1  -4   0  -2    5   5   5  10   3  16   9   5   5   3   3  12   3   3   0   4   3   0   3   3  0.20 0.15
   35 I     0  -6  -7  -7  -5  -6  -6  -7  -6   6   0  -6   4   2  -6  -5  -4  -6  -4   4    8   0   0   0   0   0   0   0   0  39   8   0   9   8   0   0   0   0   0  26  1.19 0.43
   36 T    -1  -1   3   3   1   0  -1  -3  -3  -1  -4  -1  -3  -4  -3   1   3  -5  -1  -1    3   3  16  21   3   3   3   0   0   4   0   3   0   0   0  12  23   0   3   4  0.46 0.29
   37 G    -3  -4  -3   2  -5  -4  -4   6  -4  -5  -5  -4  -5  -4  -4   1  -4   6  -4  -5    1   1   1  11   0   1   1  58   0   1   1   1   0   0   1  11   1  10   0   1  1.39 0.44
   38 R     0   0   0   0   2   1   0  -3   2   0  -1   0   1   0   0   0   0  -2   1   0    6   6   5   6   5   5   6   0   5   6   6   6   5   5   6   6   6   0   5   6  0.05 0.09
   39 A     0   1   0   0   1   1   0  -1   1   0  -1   0   0  -1   0   0   0  -3   0   0   11   8   4   6   5   7   7   3   4   6   6   7   3   3   3   4   5   0   3   7  0.04 0.06
   40 L    -5  -5  -6  -6  -5  -5  -6  -6  -6   1   6  -5   3  -3  -6  -5  -4  -5  -5   1    1   0   0   0   0   0   0   1   0   5  76   0   5   0   0   1   0   0   0   7  1.60 0.67
   41 L    -2   0  -2  -4   2  -2  -1  -3  -1   1   4  -2   1  -1   0  -2  -2  -4   0   0    2   5   2   0   5   1   5   2   2   8  43   2   3   2   5   2   2   0   3   7  0.41 0.28
   42 R    -2   4   1   0  -5   2   2  -2   1  -4   0   1   0  -2  -4  -1   0  -5  -2  -3    3  21   7   5   0  10  13   2   4   0  10   7   2   2   0   5   6   0   1   1  0.33 0.27
   43 I    -3  -3  -7  -7  -5  -6  -6  -7  -6   2   5  -6   5   0  -7  -6  -5   4  -4  -1    2   2   0   0   0   0   0   0   0  11  57   0  17   3   0   0   0   5   0   3  1.35 0.59
   44 T    -2  -1   4   4  -1   0  -1  -2  -4  -5  -6   0  -5  -6  -5   0   5  -6  -5  -5    2   2  18  21   1   4   2   2   0   0   0   5   0   0   0   6  34   0   0   0  0.88 0.49
   45 D    -1   1   2   4   2  -1   2  -2   2  -3  -3   0  -2  -5  -1  -1  -1  -5  -3  -4    6   9   8  27   6   2  14   3   5   1   2   5   1   0   3   4   3   0   1   0  0.47 0.29
   46 S    -1   0   1   2  -2   0   4  -3   1  -2  -2   0  -1  -3   0   1  -1  -5   0  -3    3   5   7  10   1   3  28   1   4   2   5   5   2   1   4  13   3   0   3   1  0.34 0.27
   47 S    -2  -2   1   4  -5   0   1  -3   2  -3  -3   2  -1  -5  -1   0   1   1  -2  -2    2   1   7  25   0   4   8   1   5   1   3  14   1   0   3   8  11   2   1   4  0.40 0.28
   48 L    -6  -6  -3  -7  -6  -6  -7  -8  -2   0   6  -3   1   1  -7  -4  -3  -6  -5  -2    0   0   2   0   0   0   0   0   1   3  82   2   2   4   0   1   2   0   0   1  1.65 0.69
   49 Q     0   1  -2   0  -5   3   4  -4   0  -1  -1   2   0  -5  -1   0  -1  -5  -2  -2    7   6   1   3   0  15  29   0   2   3   7  11   2   0   2   6   3   0   1   2  0.45 0.32
   50 R    -4   3  -3  -3  -5   1  -1  -5  -1   2   3   2   5  -2  -5  -2  -3  -5  -1  -2    0  17   1   1   0   6   4   0   1  11  25  13  14   1   0   3   0   0   2   1  0.54 0.35
   51 G    -2  -5  -1  -1  -6  -2  -3   7  -1  -6  -3  -2   1  -6  -6  -1  -4  -6  -6  -6    3   0   3   3   0   2   2  72   2   0   2   3   4   0   0   4   1   0   0   0  1.53 0.63
   52 V    -3  -6  -6  -6  -5  -6  -6  -3  -6   7  -1  -6   2  -4  -6  -5  -4  -6  -5   4    1   0   0   0   0   0   0   3   0  59   3   0   5   0   0   0   0   0   0  28  1.59 0.62
   53 T     0  -1  -1   1  -1  -1   2  -2   0  -2  -1   0  -1  -3  -2   1   3  -4  -3   0    6   2   2   8   1   1  18   2   3   2   5   6   1   1   1  12  20   0   1   8  0.25 0.22
   54 D     0  -2   4   3  -5   1  -1  -3   0  -2  -4   2  -3  -4  -2   3   0  -2  -4  -3    6   1  18  15   0   6   3   1   3   2   1  12   1   1   2  25   4   1   0   1  0.51 0.34
   55 N    -1  -2  -1  -1  -3   0   1  -2  -2   1   1  -1  -2   1   2   1  -1  -4  -2   2    5   1   2   3   0   3  12   3   1   7  14   2   0   6   9  11   3   0   1  16  0.13 0.15
   56 R    -1  -2   0   0  -4   0   0   4   0   0  -2   0  -2  -3  -1   1  -1  -5  -4  -1    3   2   5   4   0   3   5  37   3   6   3   6   1   1   3  10   3   0   0   5  0.38 0.26
   57 D    -2  -2  -3   3  -6   2  -1  -4   9  -4  -1  -2  -3  -3  -6  -3   0  -6  -3  -4    3   1   0  14   0   9   3   1  48   1   8   2   1   1   0   1   5   0   0   1  1.45 0.66
   58 R    -4   8  -5  -5  -7   1  -1  -6  -1  -4  -6   0   1  -7  -6  -3  -5  -7  -3  -2    1  73   0   0   0   7   3   0   1   1   0   4   4   0   0   1   0   0   1   3  1.88 0.79
   59 E    -2   2  -1  -1  -2   3   1  -4   0  -3   0   4   2  -3  -4   0  -1  -5  -3  -1    2   9   3   2   1  13   8   0   2   1  11  25   5   1   0   7   4   0   1   5  0.34 0.28
   60 A     2   3  -1   1  -4   1   2  -3   1  -2  -2   2  -3  -4  -3  -1  -1   0  -3  -2   18  16   3   9   0   5  13   1   3   2   4  15   0   0   0   3   4   1   0   2  0.31 0.25
   61 I    -4  -6  -6  -6  -4  -3  -4  -4  -6   6   3  -5   0   2  -6  -5  -4  -5  -4   1    1   0   0   0   0   1   1   2   0  50  24   0   2  10   0   0   0   0   0   8  1.20 0.53
   62 W    -4  -4  -5  -5  -2   0  -1  -4   0   0   5  -2   4   2  -5  -2  -3   3  -2  -1    0   0   0   0   1   4   4   1   2   4  51   3   9   9   0   3   1   4   0   2  0.72 0.41
   63 R    -1   4   1  -1  -3   3   0  -1   0  -2   0   2   1  -3  -4  -1  -1  -2  -3  -2    5  25   6   3   0  13   5   5   2   2   8  10   4   1   0   4   4   1   1   2  0.32 0.25
   64 E     2  -1  -1   0  -3   3   4  -1   3  -4  -2   0  -4  -4  -4   0  -2  -2  -2  -4   16   2   2   4   0  11  33   5   8   1   3   5   0   1   0   5   1   1   1   0  0.56 0.37
   65 I    -3  -2  -6  -6  -4  -2  -6  -6  -6   6   2  -5  -1  -2  -6  -5  -4  -5  -4   3    2   2   0   0   0   2   0   0   0  49  21   0   1   1   0   0   0   0   0  20  1.22 0.54
   66 V    -2   2  -1   0  -4   1   2  -3  -1  -1   1   2   0  -2  -3  -2  -1  -3   2  -1    2  12   2   5   0   7  15   2   1   2  15  17   2   1   0   1   3   0   9   5  0.24 0.21
   67 K    -1   4  -1  -1  -4   2   1  -3   0  -4  -2   4  -1  -2  -3  -1  -1  -4  -1  -1    4  21   3   3   0  11   9   1   2   0   5  25   1   2   0   3   3   0   2   5  0.43 0.29
   68 Q    -4  -3  -5  -5  -2   1  -1  -5  -5   0   5  -3   1  -3  -4  -4  -4  -5  -4   1    0   1   0   0   1   7   5   1   0   2  68   1   3   0   1   1   0   0   0   9  1.07 0.54
   69 R    -3   6  -2  -4  -6   3  -3  -3  -1  -4  -3   5  -1  -6  -5  -3  -3  -6  -5  -3    1  40   1   0   0  14   0   1   1   1   2  32   2   0   0   1   1   0   0   1  1.21 0.58
   70 L    -2  -3   0  -3  -3   0  -2  -4   1   1   4  -2   2  -1  -4  -2   0  -4  -1   2    2   1   4   1   0   4   1   0   4   8  42   1   4   1   0   3   7   0   2  14  0.39 0.27
   71 K     0   3  -1  -3  -3   3  -1  -4  -1  -3  -4   5  -1  -1  -1  -1  -2  -5   0  -3   10  17   3   1   1  11   2   0   1   1   0  40   1   2   2   2   1   0   4   1  0.67 0.39
   72 T     1  -2   0   0  -3   1   1  -3   3  -1  -2   0  -2  -1  -2   1   2  -3   1   1   10   1   3   4   0   6  11   0   9   2   2   5   0   3   1  10  15   0   7  11  0.19 0.19
   73 D    -2   3   0   5  -5   1   3   0  -1  -3  -4  -1  -4  -4  -1  -1  -3  -4   1  -4    2  15   2  31   0   4  21   6   1   1   2   1   0   0   3   3   0   0   6   0  0.63 0.34
   74 I    -1  -2  -1  -1  -3   0   2  -4  -1   3   1   0   2  -2  -3  -1  -1  -3   0   1    5   1   2   3   0   4  14   0   1  22  15   5   8   0   0   2   2   0   4  10  0.19 0.18
   75 E    -3  -1  -3   3  -6   1   6  -4  -3  -5  -2  -1  -4  -6   2   0  -2  -6  -5  -5    0   3   0  17   0   4  52   0   0   0   4   1   0   0   9   8   2   0   0   0  1.00 0.48
   76 I    -2  -1  -4  -4  -3   0  -3  -1  -4   4   1  -2   0  -1  -2   0   0  -4  -3   3    1   3   0   0   0   6   1   5   0  36   9   1   1   1   2   6   4   0   0  24  0.42 0.26
   77 R    -3   6  -3  -3  -5   0   3  -5  -3  -4  -4   1  -4  -1   0  -2  -3  -5  -4  -1    0  53   0   0   0   3  21   0   0   0   0   7   0   3   5   2   0   0   0   6  1.02 0.44
   78 D    -2  -1   5   5  -5   0   1  -3  -2  -5  -4  -1  -4  -5   2   0  -2  -6  -4  -5    2   2  31  34   0   4   6   0   0   0   1   2   0   0  10   7   1   0   0   0  0.86 0.35
   79 E    -3  -3  -1   0  -3  -2   3  -4  -3  -1   3  -2   2   0  -4  -1  -1  -4  -3  -1    0   0   3   6   0   0  27   0   0   2  42   0   6   3   0   5   2   0   0   3  0.44 0.26
   80 R    -1   3  -2  -1  -4   5   3  -3   1  -3  -2   0   1   0  -3  -2  -2  -4  -2  -1    4  15   0   2   0  37  21   0   3   0   3   2   4   5   0   0   0   0   0   4  0.58 0.28
   81 L    -3   3  -3  -4  -3   0  -3  -4  -3  -1   4   1   1  -1  -4  -3  -2  -3   1  -1    0  19   0   0   0   6   0   0   0   0  60   7   1   0   0   0   0   0   5   1  0.55 0.24
   82 N    -2  -1   5   3  -4  -1   0   0   3  -4  -4  -1  -3  -4  -3   0  -1  -4  -2  -4    0   0  56  21   0   0   4   7  11   0   0   0   0   0   0   0   0   0   0   0  0.72 0.12
   83 I    -1  -3  -3  -4  -1  -2  -3  -4  -3   3   2  -3   2   0  -3  -2  -1  -3  -1   3    0   0   0   0   0   0   0   0   0  32  21   0   6   0   0   0   0   0   0  40  0.36 0.03

                      K         Lambda
Standard Ungapped    0.1371     0.3227
Standard Gapped      0.0509     0.2670
PSI Ungapped         0.1659     0.3104
PSI Gapped           0.0509     0.2670
