
Last position-specific scoring matrix computed, weighted observed percentages rounded down, information per position, and relative weight of gapless real matches to pseudocounts
            A   R   N   D   C   Q   E   G   H   I   L   K   M   F   P   S   T   W   Y   V   A   R   N   D   C   Q   E   G   H   I   L   K   M   F   P   S   T   W   Y   V
    1 A     4  -3  -2  -3  -2  -2  -2   3  -3  -3  -3  -2  -2  -4  -2   1  -1  -4  -3  -1   60   0   0   0   0   0   0  26   0   0   0   0   0   0   0  11   0   0   0   3  0.67 0.20
    2 T     0  -2  -2  -3  -2   0  -2  -3  -3  -2  -2  -2   0  -3  -2   2   6  -3   0   0    7   0   0   0   0   3   0   0   0   0   0   0   2   0   1  11  67   0   4   5  0.75 0.26
    3 V    -1  -3  -3  -4  -2  -2  -2  -1   0   4   1  -3   2  -2  -4  -2   1  -4  -2   3    3   0   0   0   0   1   3   6   3  29  13   0   5   0   0   0   8   0   0  27  0.37 0.19
    4 S    -1  -3  -2  -2  -3   1   0  -3   0  -1  -3  -2  -3  -4  -3   4   4  -5  -4  -2    1   0   0   1   0   7   4   0   3   4   2   0   0   0   0  43  34   0   0   2  0.78 0.38
    5 L     0  -2  -4  -5  -3  -3  -3  -5  -4   1   5  -1   2  -1  -4  -3   0  -4  -1   0    8   1   0   0   0   0   2   0   0   6  59   5   6   2   0   0   7   0   2   3  0.68 0.32
    6 W    -1  -1  -2   1  -5   2   5   1  -1  -5  -2   1  -4  -5  -2   1  -1   1  -4  -4    3   1   0   6   0   9  43  10   1   0   3   7   0   0   1  10   2   2   0   0  0.63 0.33
    7 E    -2  -2  -2   2  -5   1   6  -4  -3  -3  -3   1  -2  -5  -3  -1  -1  -1  -3   0    1   0   1   9   0   4  56   0   0   1   3   8   1   0   0   3   3   1   0   8  0.90 0.42
    8 T    -3  -3  -3  -4  -4   5  -2  -5  -2  -1   2  -2   2  -3  -4  -2   4  -1  -4   0    0   1   0   0   0  28   1   0   1   1  23   1   4   1   0   2  29   1   0   7  0.70 0.41
    9 V    -2   2  -3  -4  -4   0  -2  -4  -1   3  -1   0   2   2  -4  -3   1  -3   3   1    2  16   1   0   0   3   1   0   1  21   4   4   7  11   0   0   9   0  12   8  0.36 0.24
   10 Q    -2   2   1  -1  -4   4   3  -3   0  -2  -2   0  -2   0  -4  -1   0  -3   2  -1    2  12   8   1   0  22  21   1   1   2   4   4   1   4   0   2   5   0   8   3  0.40 0.26
   11 K    -2   2   0  -2  -4   1   0  -1  -2  -1   1   5   1  -3  -4  -1  -2  -4  -3  -2    2  11   5   1   0   5   4   4   0   3  17  38   3   1   0   2   0   0   0   3  0.45 0.28
   12 W    -5  -1  -6  -7  -5  -4  -6  -6  -6   3   3  -4   1  -2  -6  -6  -5  10  -2  -1    0   4   0   0   0   1   0   0   0  18  27   1   3   0   0   0   0  42   0   3  1.83 0.59
   13 R     0   1   0  -2  -3  -1   1  -3  -1   1   1   2   4  -1  -3  -1  -2   0   0   0    7   9   5   1   0   2   9   1   1   7  16  13  14   1   0   2   0   2   3   8  0.17 0.16
   14 E    -2   2  -1   1  -4   2   3  -2  -2  -3   0   2  -2  -4  -3  -1   1  -4  -4  -3    3  14   2   9   0  10  25   2   0   1  11  11   1   0   0   2   8   0   0   1  0.38 0.24
   15 Y     4  -1  -3  -5  -5  -4  -2  -4   1  -3  -4  -4  -4  -1  -5  -1  -4  -3   7  -3   38   3   1   0   0   0   3   0   3   1   0   0   0   1   0   4   0   0  45   1  1.33 0.56
   16 R    -3   4  -3  -3  -6   5   1   0  -1  -5  -4   4  -2  -6  -4  -1  -3  -1  -4  -5    0  24   0   0   0  29   7   8   1   0   1  25   1   0   0   3   1   1   0   0  0.94 0.44
   17 R    -1   2   0   2  -4   1   2  -3   1  -2   0   0   0   2  -3  -1  -2  -1   3  -1    5  11   4  12   0   8  14   0   3   2   8   3   2   9   0   2   1   0  13   4  0.22 0.17
   18 Q    -2   1  -1   0  -2   5   4  -4  -3  -5  -3   3  -2  -6  -4  -1  -2  -5  -4  -5    2   7   2   4   1  26  34   0   0   0   2  15   1   0   0   3   2   0   0   0  0.86 0.42
   19 C    -5  -8  -7  -8  12  -2  -8  -7  -8  -6  -6  -8  -6  -7  -8  -6  -6  -7  -7  -6    0   0   0   0  98   2   0   0   0   0   0   0   0   0   0   0   0   0   0   0  4.25 1.12
   20 Q    -3  -2   0  -2  -4   3   2  -5   2  -2   2  -2  -1   2  -4  -3  -2  -3   4  -2    0   1   5   1   0  14  14   0   5   2  26   1   1   7   0   0   2   0  18   1  0.50 0.32
   21 R    -2   3  -1   0  -5   4   2  -3   4  -3   0   1  -1  -4  -4  -2  -2  -1  -1  -3    3  18   2   5   0  20  13   1  10   1  11   9   1   0   0   2   2   1   2   1  0.46 0.28
   22 S    -1   2   4   1  -5  -1  -1  -3   0  -4  -3   3   1  -1  -4  -1   1  -4   0  -4    4  12  24   6   0   2   3   1   2   0   1  21   4   2   0   3  10   0   4   0  0.48 0.29
   23 L    -4  -5  -2  -6  -4  -5  -5  -6  -3   5   4  -5   6  -1  -5  -5  -3  -5  -4   0    0   0   2   0   0   0   0   0   1  32  39   0  20   1   0   0   1   0   0   4  1.14 0.46
   24 T     0   0   2  -2  -3   0   0  -2   0   0   0   0   3  -3  -2   2   1  -3  -1  -2    6   5  10   1   0   5   6   1   2   5  11   6   9   0   1  21  10   0   2   0  0.18 0.18
   25 E     2   1   1  -1  -3   2   2  -2   1  -2   0   1  -2  -2  -3   1   0  -4  -3  -2   18   8   6   2   0  10  12   1   4   1  11  10   0   1   0   8   6   0   0   2  0.20 0.17
   26 D     0  -1  -1   2  -4   3   2  -1   0  -2   0  -1   0  -3  -2   0   1  -2  -2  -2    9   2   1  15   0  16  13   4   2   1  13   3   2   0   1   6   9   0   1   1  0.23 0.19
   27 P    -1  -2  -2  -1  -4  -2   0  -3  -3  -3   0  -2  -2  -3   7  -1   0  -3  -1  -2    4   2   2   3   0   1   6   1   1   1  10   2   1   1  52   4   7   0   2   2  1.06 0.40
   28 P    -1  -2  -3  -3  -4   1  -1  -2   3  -2  -2  -2  -4  -3   7  -2  -1  -5   0  -2    5   1   1   1   0   6   5   3   8   3   3   1   0   1  52   3   3   0   3   2  1.12 0.40
   29 P    -1   0   1  -1  -2   1   0  -2   0  -2  -1   0  -2  -3   5   0   0  -3  -1  -1    3   4   7   2   1   7   7   2   2   1   6   7   1   1  31   6   4   0   3   3  0.46 0.19
   30 A     1  -1   0   0  -2   0   0   1  -1   0  -1   0  -1  -2   0   0   1  -2  -2   0   16   2   4   5   0   4   6  12   1   6   4   6   1   1   3   7  12   0   1   8  0.08 0.06
   31 T     0   0   0   1  -3   0   3  -1  -1  -3  -3   1  -3  -4   0   2   3  -4  -3  -3    5   5   2   5   0   3  22   4   1   1   1   7   0   0   3  16  22   0   0   1  0.35 0.20
   32 D    -2  -3  -2   3  -5  -3   2   6  -4  -6  -6  -3  -5  -6  -4  -2  -4  -5  -5  -4    1   1   1  17   0   0  15  62   0   0   0   0   0   0   0   1   0   0   0   1  1.29 0.46
   33 L    -2  -2   0  -3  -3  -3  -2  -1  -3   1   4  -2   0  -2   3  -1   0  -4  -3   1    1   2   5   1   0   0   1   6   0   6  43   3   1   0  14   3   5   0   0   8  0.39 0.23
   34 F     0  -3  -3  -2  -4  -2  -3  -2   2  -1  -2  -3   0   4  -3  -1  -1  -2   6   2    9   0   1   2   0   1   1   3   6   1   1   0   2  21   1   4   2   0  29  16  0.61 0.29
   35 C    -5  -8  -7  -8  12  -7  -8  -7  -7  -5  -5  -7  -6  -7  -7  -5  -5  -7  -7  -5    0   0   0   0 100   0   0   0   0   0   0   0   0   0   0   0   0   0   0   0  4.19 0.97
   36 N    -3  -1   7  -1  -5  -2  -2  -4   1  -4  -2  -1  -3   0   2  -1  -3  -6  -3  -3    2   3  58   1   0   1   1   0   3   1   4   4   0   4  10   4   0   0   0   1  1.04 0.44
   37 R    -1   6  -3  -4  -5  -2  -3   2  -4  -5  -2  -2  -2  -5   3  -2  -4  -1  -5  -4    5  47   0   0   0   1   0  19   0   0   3   0   1   0  18   2   0   1   0   1  0.96 0.42
   38 T    -2  -3  -1  -1  -4  -3   2  -4  -4  -3  -4  -3  -1  -5  -4   1   6  -5  -2  -2    1   1   2   2   0   0  13   1   0   1   1   0   2   0   0   8  64   0   1   1  1.12 0.51
   39 F    -6  -6  -7  -7  -6  -6  -7  -6  -5  -5  -3  -7  -4   7  -7  -5  -6  10  -1  -5    0   0   0   0   0   0   0   0   0   0   1   0   0  50   0   1   0  46   0   0  2.86 0.78
   40 D    -5  -5  -1   8  -7  -4  -2  -5  -5  -7  -7  -4  -7  -7  -5  -4  -5  -8  -7  -7    0   0   1  96   0   0   0   0   0   0   0   0   0   0   0   0   0   0   0   0  2.63 0.77
   41 E    -2  -1   1   0  -4   0  -1   5  -1  -4  -3   1   3  -4  -4  -1  -2  -4  -1  -3    0   3   6   5   0   4   2  46   1   0   1  11  11   0   0   2   1   0   3   1  0.64 0.31
   42 Y    -5  -5  -6  -7  -5  -5  -6  -6  -3   2   0  -6  -3   2  -6  -5  -5   9   7  -2    0   0   0   0   0   0   0   0   0  11   8   0   0   7   0   0   0  34  35   2  1.91 0.59
   43 A     2  -2  -3  -2  -2  -2  -3  -1  -4   2   2  -3   2  -2  -3   2  -1  -4  -3   2   17   1   0   2   0   1   0   3   0  12  22   0   5   1   0  18   1   0   0  17  0.30 0.21
   44 C    -5  -8  -7  -8  11  -7  -8  -7  -7  -5  -5  -7  -6  -6  -7  -5  -5   2  -6  -5    0   0   0   0  97   0   0   0   0   0   0   0   0   0   0   0   0   3   0   0  4.02 0.96
   45 W    -7  -7  -8  -9   0  -6  -7  -7  -7  -7  -6  -8  -6  -3  -8  -7  -7  13  -2  -7    0   0   0   0   2   0   0   0   0   0   0   0   0   0   0   0   0  98   0   0  4.90 1.12
   46 P    -3  -4   2   3  -6  -4  -1  -1  -4  -6  -6  -4  -6  -7   7  -2  -3  -7  -6  -6    1   0   8  19   0   0   3   4   0   0   0   0   0   0  61   2   1   0   0   0  1.73 0.55
   47 D    -2   1  -1   6  -6  -1   0  -4   4  -5  -4  -2  -4  -2  -2  -3  -2  -4   3  -3    3   8   2  53   0   2   4   0   9   0   1   1   0   2   2   0   1   0  11   1  1.01 0.41
   48 G     1  -4  -3  -3  -4  -3  -3   3  -4  -3  -4  -3  -3  -5   0   2   5  -5  -3  -1   10   0   0   0   0   0   0  24   0   1   0   0   0   0   4  15  42   0   1   3  0.78 0.38
   49 E     2   0  -3  -3  -3  -1  -1  -3  -2  -2   1  -1  -1  -1   5   1   0  -4  -2  -1   16   4   0   0   0   2   4   0   1   1  17   3   1   2  30  11   4   0   1   2  0.51 0.25
   50 P     4  -4  -5  -5  -5  -4  -4  -2  -5  -5  -3  -4  -4  -6   7  -2  -3  -6  -5  -2   36   1   0   0   0   0   0   3   0   0   2   0   0   0  54   1   1   0   0   3  1.60 0.54
   51 G    -3  -4   5  -2  -6  -4  -3   6  -4  -7  -7  -3  -5  -6  -5  -1  -4  -6  -6  -6    1   0  30   1   0   0   1  65   0   0   0   1   0   0   0   2   0   0   0   0  1.64 0.54
   52 S     0  -1   1  -2  -3   0   1  -3   0  -2  -3   1  -1  -3  -3   1   5  -4  -3   0    9   2   8   1   0   3   8   0   2   1   1   8   1   0   0   8  40   0   0   6  0.46 0.28
   53 F    -1  -2  -1  -3  -3  -1  -1  -3  -3   1   0  -1   1   0  -2   0   4  -3   1   1    2   2   3   1   0   2   3   1   0   8   7   4   3   4   1   3  39   0   5  11  0.35 0.22
   54 V     4  -4  -4  -4  -3  -3  -3  -3  -2   0  -1  -3  -1  -4  -4   1   0  -5  -4   4   37   0   0   0   0   0   1   0   1   3   4   1   1   0   0   9   5   0   0  38  0.68 0.35
   55 N     0   1   3  -2  -3  -1   0  -2   0  -2  -2   0   1  -1  -3   2   0  -1   2   0    9   7  18   0   0   2   6   1   2   0   2   3   4   2   0  24   3   1   8   9  0.25 0.20
   56 V     0  -3  -3  -4  -3   4  -2  -4  -1   2  -1  -2   1  -1  -4  -3  -1  -4  -3   4   10   0   1   0   0  25   2   0   2  11   4   1   3   3   0   0   2   0   0  36  0.57 0.32
   57 S    -2  -2   1  -3  -4  -1  -3  -3   3  -4  -2  -3  -1  -3   6   3  -2  -5  -1  -4    1   1   7   0   0   3   0   0   7   0   5   0   1   1  40  29   1   0   3   0  1.01 0.41
   58 C    -5  -8  -7  -8  12  -7  -8  -7  -7  -5  -5  -7  -6  -7  -7  -5  -5  -7  -7  -5    0   0   0   0 100   0   0   0   0   0   0   0   0   0   0   0   0   0   0   0  4.18 0.98
   59 P    -3  -6  -6  -5  -7  -5  -5  -6   1  -7  -7  -5  -6  -7   9  -5  -5  -7  -6  -6    1   0   0   0   0   0   0   0   3   0   0   0   0   0  95   0   0   0   0   0  3.07 0.83
   60 W    -2  -4   1   4  -5  -2   0  -2  -3  -3  -5  -3  -4  -1   0   1  -2   9  -1  -5    2   0   8  24   0   1   6   2   0   2   0   1   0   3   4  13   1  33   1   0  1.17 0.43
   61 Y    -5  -5  -6  -4  -6  -5  -6  -7   0  -5  -4  -6  -4   4  -7  -5  -5   2   9  -5    0   0   0   1   0   0   0   0   2   0   0   0   0  15   0   0   0   2  81   0  2.64 0.76
   62 L    -3  -4  -5  -5  -3  -3  -5  -5  -4   4   4  -4   0   4  -5  -4  -3  -3  -1   1    0   0   0   0   0   1   0   0   0  24  45   0   1  20   0   0   0   0   1   7  0.90 0.34
   63 P    -2  -3   0  -1  -3   2  -1  -3  -3  -2  -3  -2  -2  -3   7  -2   0  -3  -2  -2    2   1   5   4   0   9   2   1   0   2   2   1   1   1  54   2   6   0   2   3  1.14 0.33
   64 W    -3  -3  -1   4  -4  -2  -3   2  -3  -3  -4  -2  -3   0  -4  -2  -3  10  -1  -4    1   1   2  23   0   1   1  14   0   1   1   2   0   4   1   3   1  40   1   1  1.43 0.41
   65 A    -1  -4  -3  -5  -5  -3  -4  -4   6  -2  -2  -4  -3   6  -4  -2  -2   3   5  -3    5   0   0   0   0   0   0   1  19   2   3   0   0  38   1   3   2   4  22   0  1.24 0.44
   66 S    -2   1   2   6  -5   0   0  -3   4  -5  -4  -1  -4  -5  -2   0  -1  -5  -3  -4    2   7   8  47   0   3   4   0  13   0   1   3   0   0   1   7   2   0   0   0  0.89 0.35
   67 S    -1   0   0  -1  -2   0   1  -2   1  -1  -1   2  -1   3   0   0   0  -2   0  -2    4   3   3   2   1   4   8   2   5   3   3  21   2  18   4   8   6   0   2   2  0.17 0.11
   68 V    -1  -1   3   0  -2  -1   0   0  -2   0  -1  -1  -1  -2  -2   0  -1  -2  -1   3    3   3  17   6   0   1   7   7   1   3   3   2   1   1   1   6   3   0   2  33  0.20 0.14
   69 P     0   0  -1  -2  -4   3  -2  -2   5  -3  -1   0  -2  -1   4   1   0  -4  -2  -2    6   4   1   0   0  15   0   2  16   0   8   4   0   2  19  14   4   0   0   3  0.43 0.24
   70 Q     0   0   1   0  -3   1  -1  -2   5  -3  -3   1  -2  -3  -1   2   2  -4  -1  -3    7   3   5   4   0   7   1   2  19   1   2  10   0   0   2  18  15   0   1   1  0.37 0.22
   71 G    -1   3  -1  -2  -4  -2   3   5  -1  -4  -4  -2  -2  -4  -3  -2  -3  -4  -2  -4    3  18   2   0   0   0  21  46   1   1   1   1   1   0   0   1   0   0   1   0  0.84 0.34
   72 H    -2   2   0  -3  -3   0  -2  -3   3  -1   0   2   0   3  -3  -2  -1  -1   2   0    1  11   5   0   0   4   1   1   9   2  12  14   3  18   0   2   2   0   9   7  0.27 0.18
   73 V     5  -3  -5  -5  -3  -4  -3  -4  -5  -1  -2  -4  -3  -4  -3  -3  -3  -5  -3   5   46   1   0   0   0   0   1   0   0   1   2   0   0   0   1   0   0   0   1  48  1.13 0.49
   74 Y    -3  -3  -3  -4  -4  -3  -2  -3   4  -2  -1  -3  -1   4  -3   0   2  -2   6  -2    1   1   0   0   0   0   2   1  10   2   6   1   1  17   1   9  16   0  30   2  0.73 0.35
   75 R    -3   6  -3  -4  -6   0  -2  -5  -3  -5  -3   6  -4  -6  -4  -3  -4  -6  -3  -4    1  45   0   0   0   3   0   0   0   0   2  46   0   0   0   0   0   0   1   1  1.51 0.54
   76 F    -2   2  -1  -2  -4   1   0  -4   4   1  -2   1  -1   1  -2  -2   0  -2   3   0    1  15   2   2   0   6   7   0  13  10   2   9   1   5   1   1   7   0  10   8  0.24 0.17
   77 C    -4  -7  -6  -7  11  -7  -7  -6  -7  -5  -5  -7  -5  -6  -7  -3  -5  -6  -6  -5    0   0   0   0  97   0   0   0   0   0   0   0   0   0   0   1   0   0   0   0  3.97 0.94
   78 T    -2  -3   1   3  -4  -2   0   3  -3  -3   0  -2   2  -4  -4   0   2  -5  -4  -3    1   1   5  20   0   0   6  28   0   0   9   1   6   0   0   4  18   0   0   0  0.48 0.27
   79 A     1  -1  -1   0  -4   0   2  -3  -2  -2  -1  -1  -2  -3   5   1  -2  -5  -3  -1   14   3   1   5   0   4  18   1   0   2   5   2   0   1  28  10   1   0   1   4  0.51 0.26
   80 E    -3  -2   5   6  -5   0   0  -1  -1  -5  -6  -1  -5  -5  -4  -1  -1  -3  -2  -5    1   1  30  42   0   4   6   4   1   0   0   2   0   0   0   4   3   0   2   0  1.04 0.41
   81 G    -3  -6  -4  -5  -6  -5  -6   7  -5  -7  -7  -5  -6  -6  -6  -2  -5  -6  -2  -7    1   0   0   0   0   0   0  94   0   0   0   0   0   0   0   2   0   0   2   0  2.30 0.68
   82 L    -2  -1   1  -1  -4   5   1  -4   1   0  -2  -1  -2  -4  -3   1   3  -4  -1  -2    0   2   6   2   0  31   7   0   4   6   3   2   0   0   0   9  23   0   1   2  0.52 0.31
   83 W    -7  -7  -8  -9  -7  -6  -7  -7   0  -7  -6  -7  -6  -3  -8  -7  -7  13  -1  -7    0   0   0   0   0   0   0   0   3   0   0   0   0   0   0   0   0  96   1   0  4.76 1.09
   84 L    -1  -2  -3  -1  -3   1   0  -3  -2  -1   1  -2  -1   5  -4  -2  -2   1   3   2    6   1   0   4   0   8   7   2   1   1  12   2   0  26   0   3   0   2   9  17  0.33 0.21
   85 Q    -2   4   0  -2  -3   1  -1  -3   1  -1   0   1   1   0  -3  -1   2  -3  -1   0    1  29   3   1   0   6   1   1   3   3  11   8   3   5   1   2  14   0   1   6  0.30 0.19
   86 K    -1  -1  -1  -2  -4   0  -1   1   7   0  -2   0  -1  -3  -3  -1  -1  -3  -2   1    5   3   1   1   0   3   4  13  35   5   3   6   2   0   0   4   3   0   0  11  0.57 0.27
   87 D    -2  -3  -2   0  -4  -1   2  -3   2  -4  -3  -1  -4  -4   6  -1  -2  -4  -2  -4    2   1   1   6   0   2  16   2   5   0   3   4   0   0  50   3   2   0   2   1  1.12 0.38
   88 N    -1   1   4   2  -4   1   3  -1   0  -2  -2  -1  -3  -3  -3   1  -2  -4  -3   0    3   7  25   9   0   4  22   5   1   1   3   1   0   1   0   9   1   0   0   7  0.40 0.22
   89 S    -1  -2   1  -2  -3  -2  -2   2   0  -1  -1  -2  -2  -3  -3   4   3  -1  -2  -2    3   1   5   2   0   1   1  15   2   3   7   1   1   1   0  38  17   1   1   1  0.44 0.27
   90 S    -2  -2   6  -1  -3  -1  -1   0  -1  -3  -3  -1  -3  -3  -3   1   2  -3  -3  -3    2   1  51   2   0   2   2   8   1   1   2   2   0   1   1   9  12   0   1   1  0.87 0.32
   91 L    -2   5  -1   0  -1   3   0  -1   1  -3  -1   2  -3  -4  -2  -1  -2  -4  -2  -3    2  31   3   6   1  17   4   5   3   1   6  15   0   0   1   2   1   0   1   1  0.52 0.26
   92 P    -2  -4  -3  -4  -4  -3  -2  -4  -4   1  -2  -3  -3  -3   4   0   5  -5  -4   0    1   0   0   0   0   0   2   0   0   9   3   0   0   1  23   6  45   0   0   8  0.91 0.40
   93 W    -6  -6  -6  -7  -6  -5  -6  -6  -6  -6  -3  -6  -3  -2  -6  -4  -6  13  -1  -6    0   0   0   0   0   0   0   0   0   0   2   0   1   1   0   2   0  90   1   0  4.26 0.99
   94 R     1   5  -2  -3  -4   1  -2  -3  -2  -3  -4  -1  -2  -4  -3   3   3  -1  -4  -2   12  32   0   0   0   6   1   0   1   1   0   1   1   0   0  22  19   1   0   2  0.67 0.34
   95 D    -5  -4   7   5  -6  -3  -3  -4  -3  -6  -6  -4  -6  -6  -5  -2  -4  -7  -3  -6    0   0  60  36   0   0   0   0   0   0   0   0   0   0   0   1   0   0   1   0  1.94 0.63
   96 L     1  -3  -2   0  -5  -3  -3  -5   4  -2  -2  -3  -2   1  -2  -3  -3  -2   8  -2   12   1   2   6   0   1   1   0  10   2   4   1   0   3   2   1   1   0  53   2  1.19 0.47
   97 S    -2  -2  -2  -3  -4  -3  -3  -3  -3  -4  -5  -3  -4  -5  -4   5   5  -6  -5  -4    1   2   0   0   0   0   0   1   1   1   0   0   0   0   0  48  45   0   0   0  1.38 0.59
   98 E    -2   0  -1   0  -5   5   4  -4  -2  -3  -1  -1   1  -5  -4  -1   1  -5  -4  -3    2   3   2   5   0  29  33   1   0   1   7   1   4   0   0   3   9   0   0   1  0.72 0.37
   99 C    -5  -8  -7  -8  12  -7  -8  -7  -8  -6  -6  -8  -6  -7  -7  -5  -5  -7  -7  -5    0   0   0   0 100   0   0   0   0   0   0   0   0   0   0   0   0   0   0   0  4.28 1.03
  100 E     0  -1   3   0  -3   2   2  -3  -2  -1  -1  -1  -1  -1  -3   1   0  -4  -2   1    5   1  16   3   0  12  19   0   0   4   4   1   1   2   0  12   3   0   1  13  0.26 0.19
  101 E     0   0   3   2  -4   1   3  -2  -1  -2  -2   1   2  -3  -2  -1  -2  -4  -3  -2   10   3  17  12   0   5  21   1   1   2   2  11   9   1   1   3   1   0   0   2  0.34 0.20
  102 S    -2  -2   4   3  -4  -1   0  -3   2  -4  -3   1  -3  -4   3   2   0  -5  -1  -4    1   0  21  22   0   1   5   0   6   0   3   7   0   0  13  15   3   0   2   0  0.54 0.24
  103 K    -2   0   0   3  -4   1   3  -3   4  -3  -4   2  -3  -4   1  -1   2  -4  -3  -2    0   3   4  15   0   4  21   1  11   1   0  13   0   0   6   1  18   0   0   2  0.46 0.22
  104 R    -2   4  -2  -2  -5   3  -1  -3  -2  -4  -4   6  -3  -5  -3  -2  -2  -4  -3  -4    0  21   0   0   0  16   0   0   0   0   0  63   0   0   0   0   0   0   0   0  1.04 0.27

                      K         Lambda
Standard Ungapped    0.1338     0.3189
Standard Gapped      0.0444     0.2670
PSI Ungapped         0.1454     0.3122
PSI Gapped           0.0444     0.2670
