
Last position-specific scoring matrix computed, weighted observed percentages rounded down, information per position, and relative weight of gapless real matches to pseudocounts
            A   R   N   D   C   Q   E   G   H   I   L   K   M   F   P   S   T   W   Y   V   A   R   N   D   C   Q   E   G   H   I   L   K   M   F   P   S   T   W   Y   V
    1 D    -4  -3   6   6  -5  -2   1  -3  -2  -5  -6  -2  -5  -5  -4  -2  -3  -6  -5  -5    0   0  41  53   0   0   6   0   0   0   0   0   0   0   0   0   0   0   0   0  1.44 0.36
    2 L    -1  -2  -1  -2  -2  -1   0  -1  -3   2   2  -2   3  -1  -3  -1   0  -3  -2   3    2   1   2   2   0   2   6   6   0  14  18   1  10   1   1   5   3   0   0  26  0.20 0.13
    3 K    -2   0   2   4  -4   0   3  -1  -2  -4  -4   1  -3  -4  -3  -1  -1  -5  -2  -2    2   3  12  31   0   3  23   4   0   0   0  10   0   0   0   3   3   0   1   3  0.56 0.23
    4 L    -3  -5  -5  -5  -3  -4  -5  -6  -5   5   5  -5   0  -1  -1  -4  -3  -4  -3   1    1   0   0   0   0   0   0   0   0  34  54   0   1   1   3   0   1   0   0   6  0.96 0.34
    5 P    -4  -5  -5  -5  -6  -3  -4  -5  -5  -6  -6  -4  -6  -7   9  -2  -4  -7  -6  -6    1   0   0   0   0   1   1   0   0   0   0   0   0   0  96   2   0   0   0   0  2.99 0.73
    6 A     0   0  -1   2  -4   0   4  -3  -2  -3  -4   3  -2  -3   0   0   0  -5  -4  -3    6   3   2  13   0   1  35   0   0   1   1  21   1   1   4   5   5   0   0   1  0.53 0.26
    7 S    -1   1   2  -1  -4   0   2  -3   2  -4  -4   0  -2  -1  -3   4   1  -4  -2  -4    2   7  12   2   0   3  15   0   5   0   0   3   0   3   0  41   6   0   1   0  0.50 0.27
    8 F    -5  -6  -6  -7  -6  -6  -6  -6  -4  -3  -2  -6  -2   9  -7  -6  -5  -2   2  -4    0   0   0   0   0   0   0   0   0   0   1   0   1  93   0   0   0   0   5   0  2.58 0.66
    9 D    -5  -5   0   8  -7  -3  -1  -4  -4  -6  -7  -4  -6  -7  -5  -3  -3  -8  -6  -6    0   0   3  96   0   0   0   0   0   0   0   0   0   0   0   1   1   0   0   0  2.40 0.66
   10 A     6  -4  -3  -4  -1  -3  -3  -2  -4  -3  -3  -3  -3  -5   2   3  -2  -5  -4  -2   67   0   0   0   1   0   0   1   0   1   1   0   0   0   9  20   0   0   0   1  1.05 0.44
   11 R    -2   8  -3  -3  -6  -2  -3  -4  -3  -6  -5  -1  -4  -6  -5  -3  -3  -6  -3  -5    3  89   0   1   0   1   0   1   0   0   0   0   0   0   0   1   1   0   1   0  2.01 0.64
   12 E    -2  -1  -1   2  -4   2   4  -4  -2  -2  -3   2  -2  -4  -3  -1   3  -4  -2  -2    2   1   1  12   0  11  34   0   0   2   1  12   1   0   0   3  19   0   1   2  0.56 0.28
   13 Q     1   1   0  -2  -4   5   0  -3   4  -3  -3   3  -3  -3  -3  -2  -2  -3   0  -2   11   8   5   0   0  29   4   0  12   2   1  22   0   1   0   0   1   0   3   2  0.59 0.29
   14 W    -6  -6  -7  -7  -6  -6  -6  -6  -6  -6  -5  -6  -5   2  -7  -6  -6  13  -1  -6    0   0   0   0   0   0   0   0   0   0   0   0   0   6   0   0   0  91   1   0  4.24 0.93
   15 P    -1  -1  -2  -3  -5  -3  -3  -2  -2  -3  -4   1  -4  -4   7   1  -2  -5  -3  -4    3   3   1   1   0   0   0   3   1   2   1   8   0   1  62  13   1   0   1   1  1.47 0.45
   16 Q    -2   0   4   1  -4   2   2   0   2  -3  -3   1  -1  -2  -3   0  -1  -4   0  -3    1   3  25   9   0   9  13   5   6   1   1  10   2   1   0   8   2   0   4   1  0.37 0.19
   17 C    -3  -4  -5  -5  11  -5  -5  -5  -5  -4  -4  -5  -4  -5  -5  -3  -3  -5  -5  -3    1   1   0   0  89   0   0   1   0   0   1   0   0   0   0   1   0   0   0   0  3.01 0.67
   18 P     0   0  -1  -1  -3  -1  -1  -2  -2  -2  -3   3  -1  -3   4   2   1   0  -3  -2    5   4   2   2   0   1   2   1   1   1   1  20   1   1  26  19   8   2   0   3  0.48 0.20
   19 T    -1  -2  -2  -2  -2   0  -2  -3  -3  -2  -3  -1  -3  -3  -3   4   4  -3  -2   0    2   1   0   0   1   4   1   0   0   2   1   4   0   0   0  46  27   0   1   5  0.58 0.31
   20 I    -3  -5  -5  -5  -3  -4  -5  -5  -5   7   1  -4   0  -1  -4  -3  -2  -4  -3   1    0   0   0   0   0   0   0   0   0  75  12   0   2   2   0   1   1   0   0   5  1.22 0.40
   21 K    -1   2   1  -2  -3  -1  -2   4   2  -3  -2   1  -2  -2   0   0  -1  -2  -2  -3    2  12   5   1   0   1   1  37   7   0   4  11   0   1   4   8   4   1   1   1  0.39 0.19
   22 E    -1   0   1   0  -3   1   2  -3   3  -2  -1   0   2  -1   1  -1   0  -3   1  -2    5   4   8   4   0   7  21   0   9   2   4   2   8   2   7   2   8   0   7   1  0.19 0.13
   23 I    -3  -5  -5  -5  -3  -5  -5  -6  -5   7  -1  -5  -1  -2  -5  -4  -2  -5  -3   3    0   0   0   0   0   0   0   0   0  77   0   0   0   0   0   0   1   0   0  21  1.37 0.43
   24 R    -2   7  -1  -3  -4   0  -2  -4   1  -4  -1   1  -3  -2  -2  -2  -3   1  -1  -3    2  70   2   0   0   2   1   0   3   0   6   3   0   1   2   2   0   2   2   1  1.08 0.36
   25 D    -3  -3   2   7  -5  -2   0  -2  -3  -4  -5  -2  -4  -5  -3  -2  -2  -5  -4  -4    1   0  10  80   0   0   1   1   0   0   1   0   0   0   0   1   2   0   0   0  1.51 0.40
   26 Q    -3  -1  -2  -2  -5   8   0  -4  -2  -2  -4  -1  -2  -5  -3  -2  -3  -4  -3  -4    1   0   0   0   0  90   2   0   0   2   1   0   0   0   0   0   0   0   0   0  1.79 0.53
   27 G     1  -2  -1  -2  -3  -1  -1   4  -3  -4  -4  -2  -3  -4  -2   4  -1  -4  -3  -3   10   0   0   0   0   2   4  34   0   0   0   1   0   0   0  45   1   0   0   0  0.69 0.28
   28 S     1   0   3   1   1   1   0   1   2  -3  -3   0  -2  -3  -2   2   0  -3  -2  -2   11   6  18   5   3   7   3  10   6   0   1   3   0   0   0  20   4   0   1   1  0.24 0.13
   29 C    -3  -5  -5  -5  11  -5  -5  -5  -5  -4  -4  -5  -4  -4  -5  -2  -3  -4   0  -3    0   0   0   0  91   0   0   0   0   0   0   0   0   0   0   2   0   0   3   0  2.87 0.61
   30 G     1  -2  -2  -2  -4  -3  -3   6  -3  -4  -4  -2  -4  -4  -3  -1  -3  -4  -3  -3   13   3   0   1   0   0   1  75   0   0   0   2   0   0   0   1   0   0   1   2  1.20 0.35
   31 S     0  -3  -1  -2  -1  -2  -2  -1  -3  -4  -4  -2  -2  -2  -2   6   0  -4  -3  -3    5   0   1   1   1   0   0   2   0   0   0   0   1   2   1  84   1   0   0   0  1.14 0.45
   32 A    -1  -5  -3  -3  10  -4  -5  -2  -5  -4  -4  -4  -4  -3   1  -1  -3  -4  -4  -3    5   0   1   2  73   0   0   3   0   0   0   0   0   1   8   5   0   0   0   0  2.04 0.52
   33 W    -2  -4  -6  -6   0  -4  -5  -5  -4  -5  -4  -5  -4   2  -6  -5  -5  12   1  -5    5   1   0   0   2   0   0   0   0   0   0   0   0   8   0   0   0  78   3   0  3.13 0.67
   34 A     6  -3  -3  -3  -2  -2  -2  -2   0  -3  -3  -2  -3  -3  -2   0  -2  -4  -2  -1   84   1   0   1   0   0   1   1   3   1   1   1   0   0   1   3   1   0   1   2  1.08 0.39
   35 F    -2  -4  -4  -4  -3  -3  -3  -4  -1   1   1  -4   1   6  -4  -3  -2  -2   0   3    1   0   0   0   0   0   1   1   2   7  12   0   2  42   0   1   1   0   0  27  0.70 0.27
   36 G     3  -3  -2  -2  -1  -2  -2   4  -3  -3  -3  -2  -3  -4  -2   3  -1  -4  -3  -2   28   0   0   0   1   1   1  35   0   0   1   1   0   0   0  25   1   0   0   2  0.64 0.26
   37 A     4  -3  -2  -3   0  -2  -2  -1  -3  -1  -2  -2  -2  -3   0   2   2  -4  -3   0   53   0   0   0   2   0   1   2   0   2   1   1   0   0   5  13  11   0   0   8  0.52 0.26
   38 V     3  -2  -2  -3  -2  -1  -2  -2  -3   0  -1  -2  -1  -2  -2   1   1  -3  -2   3   37   1   0   1   0   3   1   2   0   1   3   1   1   1   1   8  10   0   0  29  0.36 0.22
   39 E     0  -2  -2   0  -4   0   6   1  -2  -4  -4  -1  -3  -4  -3   2  -1  -4  -3  -4    6   0   0   1   0   2  58   9   0   0   1   0   0   0   0  17   2   0   0   1  0.83 0.34
   40 A     4  -3  -2  -3   1  -2  -2  -2  -3   0  -1  -2  -1  -3  -2   1   2  -4  -3   1   50   0   0   0   3   0   1   1   0   5   3   0   1   0   0  10  12   0   0  12  0.48 0.25
   41 I    -2  -4  -4  -4  -3  -3  -4  -4  -4   3   2  -4   7   3  -4  -3  -1  -3  -1  -1    3   0   0   0   0   0   0   1   0  18  15   0  39  14   0   0   4   0   1   2  0.87 0.36
   42 S     0  -3   1  -2  -3   0  -1   1  -3  -4  -4  -2  -1  -4  -3   5   2  -4  -3  -3    5   1   6   1   0   4   2  10   0   1   1   1   1   0   1  56  11   0   0   1  0.76 0.35
   43 D    -2  -4   1   8  -5  -3   0  -4  -3  -5  -5  -3  -5  -5  -4  -3  -3  -5  -5  -5    3   1   5  81   0   0   3   1   0   1   1   1   0   0   1   1   1   0   0   1  1.84 0.54
   44 R    -4   8  -3  -4  -5   0  -1  -4  -3  -5  -4   0  -4  -5  -4  -3  -4   2  -4  -5    1  81   0   1   0   2   4   1   0   1   1   2   0   0   1   1   1   2   0   1  1.84 0.56
   45 I    -2  -2  -4  -3  -3  -2  -3  -4  -1   3   2  -3   1   3  -4  -2  -1   2   2   1    2   1   0   1   0   1   0   0   2  23  26   0   3  15   0   3   3   3   9   7  0.42 0.20
   46 C    -2  -6  -2  -6  11  -6  -6  -2  -6  -5  -5  -6  -5  -6  -6  -1  -2  -6  -6  -1    3   0   3   0  78   0   0   3   0   0   0   0   0   0   0   4   2   0   0   3  2.83 0.86
   47 I    -2  -5  -5  -5  -4  -5  -5  -6   1   7  -1  -5  -2  -3  -5  -4   1  -5  -4   2    3   0   0   0   0   0   0   0   3  64   4   0   0   0   0   0   9   0   0  14  1.29 0.58
   48 H     2  -1  -1  -2  -4   2  -1  -1   7  -2  -1   0  -1  -2  -3  -1  -1  -4   0  -1   17   2   2   2   0  12   2   4  30   2   6   5   2   1   0   3   2   0   2   6  0.51 0.33
   49 T    -1  -2  -1  -3  -3  -1  -3   0  -1  -3  -3  -2  -1   0  -2   5   3  -4  -1  -1    3   2   3   0   0   2   0   6   2   0   2   2   2   4   2  48  16   0   2   5  0.59 0.41
   50 N    -1  -1   5   1   1   0   0   1   1  -2  -4   1   0  -4   0  -1   0  -4   0  -3    3   3  31   5   3   3   7   9   3   3   0   8   3   0   4   3   4   0   3   0  0.34 0.29
   51 A     0   1   1   1   3   1   1   0  -1  -2  -2   1   1   1  -2   0  -1  -2   1  -2    8   8   7   8   7   7   8   8   0   0   1   8   7   7   0   8   0   0   7   0  0.12 0.14
   52 H     0   2  -1  -1  -3   0   0  -2  -1  -3  -4   4  -2  -4  -4   0   3  -5  -4  -2    7  10   2   2   1   4   7   2   1   1   1  31   1   1   0   7  19   0   0   3  0.50 0.33
   53 V    -3   0  -1  -2  -4   1  -1  -3  -1   2  -1   2   2   3  -3  -2   0  -3  -1   3    1   5   3   2   0   7   4   2   2  13   3  12   5  13   1   1   5   0   1  21  0.27 0.24
   54 S    -3  -1   5   1  -6   4  -3  -4   1  -3  -4   3  -3  -5  -2   0   1  -6  -3  -4    1   3  28   6   0  22   0   0   3   2   1  15   1   0   2   7   7   0   1   0  0.77 0.46
   55 V    -1  -1  -4  -2  -4  -1   0  -4  -3   1   0  -1   0   2   1  -3  -1  -1  -3   5    4   3   0   2   0   3   6   1   0   5   7   4   1   9   8   1   4   1   0  40  0.46 0.32
   56 E    -2   1   0  -2  -2   0   2  -3   4   1   1  -2   1  -1  -1   0   0  -3   0   0    1   8   5   1   1   4  15   1  10   8  13   1   4   2   3   8   5   0   3   5  0.17 0.18
   57 V    -4  -6  -6  -7  -5  -6  -6  -7  -6   5   5  -6   0   2  -6  -6  -4  -5  -1   1    1   0   0   0   0   0   0   0   0  29  48   0   1   9   0   0   0   0   2   9  1.21 0.53
   58 S    -2  -6  -4  -5  -6  -5  -5  -2  -6  -7  -7  -5  -6  -7  -6   8  -4  -7  -6  -6    3   0   0   0   0   0   0   3   0   0   0   0   0   0   0  92   0   0   0   0  2.36 1.02
   59 A     5  -4  -4   2  -5  -4  -2  -3  -5  -4  -5  -4  -5  -3   3   0  -2  -6  -5  -1   55   1   0  13   0   0   2   1   0   0   0   0   0   1  13   7   2   0   0   4  1.04 0.56
   60 E    -1  -2   1   0  -5   3   4  -1  -3  -1  -2  -2  -3  -3  -4  -1   2  -5  -3  -1    5   1   5   5   0  15  31   6   0   4   3   1   0   1   0   2  15   0   1   5  0.50 0.36
   61 D    -4  -5   2   8  -7  -1   2  -4   1  -7  -7  -3  -7  -5  -6  -4  -5  -7  -2  -7    1   0   7  69   0   2  12   1   3   0   0   1   0   1   0   0   0   0   1   0  1.91 0.78
   62 L    -4  -5  -6  -6  -5  -5  -6  -7  -6   4   5  -4   4  -2  -3  -5  -2  -5  -3   1    1   0   0   0   0   0   0   0   0  23  51   1  11   1   1   0   3   0   1   6  1.16 0.53
   63 L    -2  -5   0  -6  -4  -5  -5  -6  -5   1   5  -5   2  -3  -5  -5   1  -5  -4   2    3   0   5   0   0   0   0   0   0   7  57   0   4   0   0   0   7   0   0  15  1.00 0.49
   64 T     3  -5  -3  -2  -5  -3  -3  -3  -5  -5  -5  -4  -5   0  -5   6   2  -6  -5  -5   20   0   1   2   0   1   1   1   0   0   0   0   0   4   0  55  13   0   0   0  1.19 0.64
   65 C    -6  -8  -7  -8  12  -8  -8  -7  -8  -6  -6  -8  -6  -5  -8  -6  -6  -7  -7  -5    0   0   0   0  96   0   0   0   0   0   0   0   0   1   0   0   0   0   0   1  4.39 1.34
   66 C    -3  -6  -6  -2  11  -6  -6  -4  -6  -5  -5  -6  -5  -4  -6  -3  -2  -4  -6  -4    2   0   0   3  82   0   1   1   0   0   1   0   0   1   0   2   3   0   0   1  3.32 1.03
   67 G    -1  -1  -1   0   0  -1   0   4   3  -2  -2   0  -1  -1  -1  -1   0   0  -1  -2    3   3   3   6   2   2   6  33   8   2   5   7   2   3   3   3   6   1   2   2  0.30 0.18
   68 S    -2  -1   1   3  -3  -1   0  -2   0  -1  -1  -1   0   2  -1   2   1  -2  -1  -2    1   2   5  17   0   1   6   2   2   4   6   2   2  10   3  19  11   1   2   2  0.24 0.21
   69 M     0   0   0   0   1   0   1  -1  -1   0   0   0   0   0  -1   1   0   1   1  -1    6   4   3   4   5   4  11   3   1   4   9   8   2   5   3  10   5   2   6   4  0.03 0.05
   70 C    -4  -6  -2  -6  11  -6  -3  -3  -2  -5  -4  -4  -5  -4  -6  -5  -2  -6  -3  -4    1   0   2   0  78   0   2   3   1   0   2   1   0   1   0   1   3   0   1   1  3.08 1.00
   71 G    -3  -4   0   0  -6  -5  -4   7  -5  -6  -6  -3  -6  -6  -5  -1  -5  -6  -4  -4    2   1   4   6   0   0   1  77   0   0   0   2   0   0   0   5   0   0   1   1  1.77 0.72
   72 D    -2  -2   2   2  -4  -1   0  -2   1  -3  -1   0   3   4  -4  -1  -3  -3   4  -3    2   2   9  15   0   2   5   3   3   0   5   5   9  16   1   5   0   0  15   1  0.42 0.31
   73 G    -3  -7  -5  -6  -1  -4  -5   8  -7  -4  -8  -3  -7  -7  -7  -5  -6  -7  -7  -7    1   0   0   0   1   1   1  91   0   2   0   2   0   0   0   0   0   0   0   0  2.45 0.94
   74 C    -5  -7  -7  -7  12  -7  -7  -7  -7  -6  -6  -7  -6  -5  -7  -6  -4  -7  -7  -6    0   0   0   0  94   0   0   0   0   0   0   0   0   1   0   0   1   0   0   0  4.21 1.31
   75 N    -3   0   5   4  -5   2   2  -1   1  -5  -4   0  -4  -2  -4  -1  -3  -4  -2  -4    1   5  27  20   0   9  12   4   3   0   2   5   0   2   0   4   1   0   1   1  0.64 0.38
   76 G    -4  -6  -5  -5  -6  -6  -6   7  -4  -5  -7  -5  -4  -5  -3  -4  -5  -6  -4  -5    1   0   0   0   0   0   0  91   1   1   0   0   0   1   2   1   0   0   1   1  2.36 0.89
   77 G    -3  -3  -5  -5  -3  -5  -6   7  -6  -7  -7  -5  -6  -6  -6  -3  -4  -6  -6  -6    1   2   0   0   1   0   0  91   0   0   0   0   0   0   0   1   1   0   0   0  2.41 0.90
   78 Y    -4  -3  -2   0  -1  -1  -3  -5  -1   0  -3  -5  -1   4  -5  -1  -3   7   7  -2    1   1   2   5   1   3   1   0   1   5   2   0   2  16   0   5   1  13  35   2  1.15 0.55
   79 P    -1  -5  -3  -3  -5  -4  -3  -4   1  -2  -1  -5  -1  -5   7   0  -1  -6  -5  -2    5   0   1   2   0   0   2   1   3   2   7   0   2   1  61   7   4   0   0   2  1.51 0.67
   80 A     0  -2  -1   0  -1  -2  -1   1   0   3   0  -2   0   0   0   0  -1  -2   0  -1    6   2   2   6   1   1   4  11   3  25   7   1   2   3   5   9   3   1   4   2  0.12 0.16
   81 E     1   1   0  -1  -3   1   2  -1  -2  -3  -1   2   2  -2  -1   1   0  -2  -1  -2   12   9   3   2   0   6  15   5   0   1   4  12   6   2   2  12   4   1   2   2  0.17 0.17
   82 A     7  -5  -5  -3  -4  -5  -5  -3  -5  -3  -5  -5  -5  -6  -2   0  -2  -6  -5  -2   83   0   0   1   0   0   0   2   0   1   0   0   0   0   2   5   2   0   0   2  1.75 0.80
   83 W    -7  -7  -7  -7  -4  -6  -7  -7  -6  -6  -3  -7   0   3  -7  -6  -6  12   2  -4    0   0   0   0   0   0   0   0   0   0   3   0   2  10   0   1   0  74   6   1  3.64 1.21
   84 N    -1   3   1   3  -5   2   2  -2   0  -3  -3   2  -1  -4  -3   0  -1  -2  -2  -3    4  15   7  15   0   9  15   2   2   1   3  13   2   1   0   8   3   0   1   1  0.38 0.27
   85 F    -6  -2  -6  -5  -6  -5  -5  -6   3  -4  -4  -5  -2   5  -6  -5  -6   7   8  -4    0   2   0   1   0   0   1   0   5   1   1   1   1  18   0   1   0  15  51   1  2.07 0.83
   86 W    -1  -6  -6  -6  -3  -5  -4  -4  -4  -1   0  -6   3   5  -6  -5  -3  10   3   0    5   0   0   0   1   0   1   2   0   3   8   0   7  23   0   0   2  33   8   6  1.54 0.65
   87 T     0   1  -2  -2  -4   2   0  -3   1   0  -2   2   2  -4  -3   0   1   0  -3   3    8   6   2   1   0   8   5   1   4   3   1  17   5   0   0   6   9   1   0  21  0.26 0.25
   88 R    -2   3   1   1  -4   0   1  -2   2  -3  -3   3  -2  -4  -2   0   1  -1  -1  -3    1  17   6   8   0   4   9   3   4   1   2  18   1   0   1   8  10   1   2   2  0.34 0.25
   89 K    -1   1   2   1  -4   1   1  -3   5  -3  -4   2  -3  -1  -4   0   1  -4   0  -2    3   6   9   7   0   6  11   1  16   1   1  15   0   3   0   6   9   0   3   3  0.40 0.28
   90 G    -4  -2  -5  -2  -6  -6  -6   8  -6  -7  -7  -5  -6  -7  -6  -5  -6  -6  -7  -6    0   2   0   2   0   0   0  91   0   0   0   0   0   0   0   0   0   0   0   1  2.44 0.94
   91 L    -1  -4  -4  -6  -1  -5  -5  -6  -5   5   3  -5  -1  -1  -5  -3  -3  -5  -2   4    5   1   1   0   1   0   0   0   0  30  23   0   0   2   0   2   1   0   1  32  0.92 0.46
   92 V    -1  -6  -6  -6   5  -6  -6  -5  -2  -2  -1  -6  -3  -5  -1  -3   0  -6  -5   7    5   0   0   0  10   0   0   1   1   0   5   0   0   0   4   2   5   0   0  68  1.46 0.71
   93 S    -3  -5  -4  -4  -5  -1  -5  -5  -5  -5  -6  -5  -5  -6  -3   4   7  -1  -2  -5    1   0   0   0   0   3   0   0   0   0   0   0   0   0   1  28  63   1   2   0  1.71 0.85
   94 G    -3  -2  -4  -1  -5  -4   1   7  -5  -6  -6  -4  -5  -6  -5  -3  -2  -5  -6  -6    1   3   0   3   0   0   9  75   0   0   1   0   0   0   0   1   3   0   0   1  1.71 0.71
   95 G    -3  -4  -3  -2  -5  -2   0   6  -4  -5  -2  -3  -5  -2  -5  -1  -4   0  -1  -5    1   1   1   2   0   2   8  67   0   0   4   1   0   2   0   5   0   2   2   1  1.34 0.60
   96 L    -1   1   1   3  -1   0   0  -1  -1  -2   1   0  -2  -3   2   1   0  -1  -2  -2    4   7   9  16   1   4   5   4   1   1  15   6   0   1   9  10   4   1   1   1  0.17 0.15
   97 Y    -4  -4  -1  -4  -3  -3  -2  -4   2  -4  -2   0  -3   2  -4  -2  -3   1   8  -2    1   1   3   1   1   1   2   1   4   1   3   5   1   7   1   3   2   1  58   2  1.53 0.60
   98 E    -2   1   3   2  -3   0   1   2   0  -2  -2   0  -3  -3   0  -1   0  -3  -2  -2    2   9  15  10   0   4  11  19   2   2   4   6   0   1   4   3   6   0   1   2  0.27 0.18
   99 S     0  -2   1   1  -3   1   1  -1  -1  -4  -4  -1  -2  -4  -1   4   2  -4  -3  -3    6   1   7   7   0   6   7   4   1   1   1   3   1   1   3  38  10   0   1   1  0.47 0.32
  100 H    -2   0   2  -1  -4   1   0   0   4  -3  -2   4  -2  -3   1   0   0  -4  -2  -3    2   4   9   4   0   5   4   7  13   1   5  26   1   1   6   5   6   0   1   1  0.36 0.24
  101 V    -1   1   1   2  -3   2   2   1  -1  -2  -3  -1  -2  -2  -3   0   1  -3   0  -1    4   7   6  14   0  10  13  10   1   3   2   3   1   2   1   8   9   0   4   5  0.20 0.17
  102 G     0  -4  -2  -3   2  -3  -3   6  -4  -4  -3  -3  -4  -4  -4  -2  -1  -1  -2   1    6   1   2   1   4   1   1  57   0   1   2   1   0   1   1   3   4   1   1  12  1.01 0.48
  103 C    -6  -9  -8  -9  12  -8  -9  -8  -8  -7  -7  -8  -7  -8  -2  -4  -6  -8  -8  -6    0   0   0   0  95   0   0   0   0   0   0   0   0   0   3   1   0   0   0   0  4.31 1.42
  104 R    -2   4  -3   0  -6   5   0  -5   0  -3  -2   4   1  -2  -5  -3  -4   3  -3  -4    3  20   1   5   0  23   4   0   2   2   4  23   3   2   0   1   0   4   1   1  0.77 0.50
  105 P    -4  -7  -7  -3  -8  -7  -3  -6  -8  -8  -5  -4  -8  -9   9   0  -5  -9  -8  -8    1   0   0   2   0   0   2   0   0   0   1   1   0   0  86   6   1   0   0   0  2.86 1.23
  106 Y    -8  -2  -8  -9  -8  -7  -5  -9  -2  -7  -7  -8  -7   0  -9  -8  -8   2  10  -7    0   3   0   0   0   0   1   0   1   0   0   0   0   2   0   0   0   3  91   0  3.53 1.40
  107 S     0   0  -3  -2  -5  -1   1  -5  -2  -4  -2   0  -1   1   5   2   1  -5  -2  -1    6   4   1   2   0   2   8   0   1   0   4   4   1   7  30  15   9   0   1   4  0.57 0.40
  108 I    -3  -5  -3  -3  -4  -5  -5  -5  -3   4   1  -3  -1   6  -2  -3  -3  -3   0   2    2   0   2   2   0   0   1   1   1  22   9   2   1  38   2   2   1   0   2  11  0.93 0.46
  109 P     1  -1  -4  -2  -5  -1   0  -2   4  -3  -3  -1  -3  -2   6  -2  -3  -4   2  -4   11   3   0   2   0   2   5   4  11   1   2   3   0   2  41   2   2   0   7   1  0.94 0.49
  110 P    -2  -2  -3  -3  -5  -3  -2  -3   1  -5  -5   1  -5  -3   7  -2  -2  -5  -5  -2    3   3   1   1   0   1   2   2   3   1   1   8   0   2  62   3   2   0   0   3  1.58 0.70
  111 C    -3  -5  -5  -5  11  -5  -5  -3  -5  -3  -3  -5  -5  -2  -5  -5  -4  -5  -5  -3    2   1   1   1  79   1   1   2   0   2   3   1   0   2   1   1   1   0   0   2  3.23 1.12
  112 E     0  -2   0   1  -2   0   3   3   1  -3  -3  -1  -3  -2   1   0  -2   1  -1  -3    6   2   4   9   1   3  21  23   3   1   2   3   0   1   6   6   2   2   2   2  0.33 0.24
  113 A    -2   0   0   0  -5   0  -1  -3   9  -3  -3   0  -4  -1  -2  -2  -1  -1   2  -4    3   5   5   6   0   4   3   2  44   1   2   5   0   2   2   4   4   1   6   1  1.18 0.56
  114 H    -4  -1  -1   1  -4  -1  -2  -2   9  -4  -3  -2  -4  -2  -1  -2  -1  -4   2  -3    1   3   3   7   0   3   2   4  49   1   2   3   0   2   3   4   5   0   6   2  1.39 0.61
  115 V    -1  -1  -2  -1  -2   0   1   2  -2   0  -2   0  -1  -1  -1   0   1  -3  -3   2    4   2   2   3   1   4   8  17   1   5   2   6   1   3   3   6   9   0   1  21  0.15 0.16
  116 N    -2  -2   5   1  -4   0   0   2   1  -3  -3   1  -2  -4   0  -1  -1  -1  -1  -2    2   1  30   8   0   3   5  14   3   1   2   8   1   1   5   4   4   1   2   3  0.47 0.30
  117 G    -1  -1  -1   1   2   2   0   4   0  -3  -3   0  -3  -3  -2   0  -2  -4  -3  -3    4   3   2   9   5   8   6  36   2   2   3   6   0   1   1   8   2   0   1   2  0.46 0.29
  118 A    -1   0   2  -1  -1  -1  -1  -1   0  -3  -3   1  -3  -3   3   2   3   1  -1  -2    3   4  10   3   1   2   2   4   2   1   2  10   0   1  13  14  21   2   2   2  0.33 0.27
  119 R    -3   2   0  -2  -2  -1  -2  -4   4  -2   0   0  -2   0  -3   0  -2   0   6  -3    2  12   5   2   1   3   2   1  10   2   8   4   1   3   1   6   3   1  31   1  0.67 0.40
  120 P    -2  -3   0  -2   3  -1  -2   1  -3  -3  -3  -2  -2  -3   5  -1   0  -3   4  -3    2   2   5   2   5   3   2  10   0   1   2   3   1   1  30   5   6   0  17   2  0.69 0.41
  121 P     0  -1   0  -1  -1   0   2   1  -2  -4  -3   0  -2  -4   5   0  -1  -4  -3  -2    7   4   5   4   1   3  11  10   1   1   2   6   1   1  30   6   4   0   1   2  0.53 0.32
  122 C    -4  -3  -5  -4  11  -5  -4  -3  -5  -3  -4  -5  -3  -5  -2  -3  -4  -5  -1  -5    2   2   1   1  75   1   2   3   0   2   2   1   1   0   2   2   1   0   2   1  2.93 1.06
  123 T    -1  -1  -1   0   1   0   0   0  -1  -3  -3   1  -3  -3   4   2   1  -5  -1  -2    4   3   3   5   3   3   7   6   2   1   2   8   1   1  23  15   7   0   2   3  0.37 0.29
  124 G    -1   0   1   0  -4  -1   0   3   4  -4  -3   1  -3  -3   2  -1  -2  -4   0  -3    4   4   7   5   0   2   7  26  11   1   2   8   1   1  11   4   2   0   3   1  0.40 0.30
  125 E    -1  -1   0   2  -4   0   2  -1  -1  -1  -1   1   1  -1  -1   1   1  -1   0  -2    4   3   3  13   0   3  17   4   1   4   5   9   4   3   3   9   8   1   3   2  0.15 0.17
  126 G     1  -1  -2  -2  -4  -2   1   2  -1  -3  -3  -1  -2   1  -2  -1  -1   5   5  -1   10   3   1   2   0   2  11  16   1   1   2   5   1   5   2   4   4   7  19   4  0.39 0.31
  127 D    -2   1   0   3  -5  -1   0  -3   0  -2  -4   2   0  -2   4  -1  -1  -5  -2  -1    3   8   5  16   0   3   6   2   3   3   1  13   2   2  21   4   4   0   1   4  0.42 0.32
  128 T    -1  -4   1  -5  -6  -4  -4  -6  -3  -4  -5  -4  -5  -4  -3  -2   7  -7  -2   0    5   1   7   0   0   1   1   0   1   1   1   1   0   1   2   2  70   0   1   7  1.66 0.90
  129 P    -5  -7  -4  -5  -7  -3  -6  -3   3  -7  -4  -6  -7  -8   8  -4  -4  -8  -7  -7    1   0   1   1   0   2   0   3   7   0   2   0   0   0  80   1   1   0   0   0  2.65 1.19
  130 K     0   2  -1  -1  -5   2   1  -4  -2  -3  -3   4  -1  -4   1   0   0  -6  -5  -1    6  10   2   2   0   7  10   0   1   2   2  31   1   1   6   8   6   0   0   4  0.48 0.37
  131 C    -6  -8  -8  -8  12  -8  -9  -3  -8  -7  -7  -8  -7  -8  -8  -7  -7  -8  -8  -3    0   0   0   0  93   0   0   2   0   0   0   0   0   0   0   0   0   0   0   2  4.32 1.56
  132 S    -2   3   1  -2  -4   1   1  -4   0  -2  -3   3  -2  -4   1   1   1  -5  -2   1    3  14   6   2   0   5   9   0   2   1   2  17   1   1   7  10   9   0   1  10  0.30 0.28
  133 K    -3   4   0  -2  -6   0   0  -4   3  -4  -2   5  -1  -5  -2  -1   0  -2  -2  -4    2  22   3   2   0   4   4   1   6   1   4  35   1   0   2   4   6   1   1   1  0.75 0.48
  134 I     0   1  -1  -2  -5   2  -1  -4   2  -2  -3   3   1  -1  -4   0   3  -4   1  -1    6   7   3   1   0   8   3   0   4   2   1  22   4   2   0   7  18   0   6   4  0.39 0.35
  135 C    -6  -8  -3  -8  12  -8  -8  -8  -8  -7  -7  -8  -7  -8  -8  -4  -2  -8  -8  -6    0   0   2   0  92   0   0   0   0   0   0   0   0   0   0   1   3   0   0   0  4.24 1.53
  136 E    -2   1   1   0  -3   5   2  -4   0  -2  -3  -1  -4  -3  -4  -2   1  -4   2   0    3   8   7   5   1  30  13   0   2   3   2   3   0   1   0   2   7   0   6   6  0.55 0.41
  137 P     1   0   2   2  -4  -2   0   0  -1  -3  -2   1  -3  -2   3   1  -1  -4   1  -2   11   5  10  10   0   1   6   6   1   1   4   8   0   2  13  12   3   0   5   2  0.23 0.21
  138 G    -2  -2   2   1  -5  -2  -2   5   0  -5  -4   2  -3  -4  -2   0  -2  -5  -4  -4    3   1  10   7   0   1   2  45   3   1   2  13   1   1   2   5   2   0   1   1  0.79 0.45
  139 Y    -3  -4  -4  -4  -5   1  -2  -3  -1  -4  -4  -1  -4   0  -5   0  -1   1   9  -3    2   1   1   1   0   6   3   2   1   1   2   3   0   3   1   7   4   1  58   2  1.59 0.76
  140 S     0   1   3   1  -4  -1  -1   1   0  -2  -4   1  -4  -4   2   1   1  -5  -2  -2    6   7  15   9   0   2   4   9   2   2   1  10   0   0   9  11   9   0   1   2  0.28 0.24
  141 P    -2   0  -2  -3  -3   1  -2  -3  -2   2   0   4  -2  -4   2  -2   1  -5  -3   2    1   5   1   1   0   5   2   2   1  12   9  24   0   0   9   2  10   0   1  13  0.33 0.30
  142 T     0   0   0   1  -2   0  -1  -2  -1  -2  -1   0  -2  -4   2   2   3  -5  -3  -1    6   6   3   9   1   3   3   3   1   2   5   5   1   1  12  18  19   0   0   3  0.28 0.27
  143 Y    -6  -4  -6  -7  -6  -6  -5  -3  -4  -2  -2  -4  -3   3  -7  -5  -3   5   9  -2    0   1   0   0   0   0   1   3   0   3   3   1   1  10   0   1   2   6  65   3  2.16 0.96
  144 K     0   1   1   1  -4   1   2  -2   0  -3  -2   3  -2  -3  -2   0  -1  -2  -1  -1    6   9   5   9   0   6  16   2   2   1   5  18   1   1   2   8   3   1   2   4  0.24 0.22
  145 Q    -1  -1   0   2  -5   3   3  -3  -2  -4  -3   4  -1  -5  -4   0   0  -5  -4  -4    6   3   5  13   0  14  15   1   1   1   3  24   2   0   0   5   5   0   0   1  0.51 0.38
  146 D    -3  -3  -1   8  -1  -3  -2  -4  -5  -5  -7  -2  -6  -7  -3   0  -4  -7  -5  -5    3   2   2  74   1   1   1   1   0   1   1   2   0   0   2   6   1   0   1   1  1.95 0.90
  147 K    -5   3  -2  -6  -7  -3  -4  -6   2  -3   0   7  -5  -2  -4  -5  -3  -7  -6  -4    0  14   2   0   0   0   1   0   5   2  11  60   0   2   1   0   1   0   0   1  1.48 0.79
  148 H    -5   2  -1  -6  -3  -3  -4  -6   9   0  -3  -2  -4   0  -5  -3   0  -1   4  -1    0  12   2   0   1   1   1   0  40   6   2   2   0   4   0   2   6   1  15   4  1.37 0.70
  149 Y    -6   1  -5  -6  -3  -2  -6  -7   2  -5  -3   2  -3   6  -4  -6  -3  -1   7  -5    0   6   0   0   1   2   0   0   4   0   3  12   1  31   1   0   2   1  35   0  1.54 0.77
  150 G     2   0  -3  -5  -5  -5  -5   5  -5  -4  -5  -3   0  -3  -5   0   1  -6  -6  -1   17   5   1   0   0   0   0  49   0   1   1   2   2   1   0   6   9   0   0   4  0.97 0.56
  151 Y     1   2   0  -1  -1  -1   0  -2  -1  -1  -2   4  -2  -4  -3   1   0  -3  -2   0   10   9   4   3   2   2   6   2   1   4   4  28   1   0   1   8   6   0   2   8  0.28 0.26
  152 N    -2   0   2   1  -4  -1   0  -1   1  -1  -4   1  -3  -4  -3   3   2  -5  -3  -2    2   5   8   8   0   2   7   5   3   4   1  10   1   1   1  27  13   0   1   3  0.36 0.33
  153 S     4  -3  -3  -2  -3  -3  -1  -3   0  -2  -3  -4  -4  -3  -2   4   0   0  -1   1   32   1   1   2   0   0   4   1   2   2   2   0   0   1   2  29   5   1   3  11  0.61 0.48
  154 Y    -5  -5  -6  -5  -7  -6  -6  -5   0  -4  -5  -6  -6   1  -3  -4  -4   1  10  -2    1   1   0   1   0   0   0   1   2   1   1   0   0   4   2   2   1   2  78   3  2.69 1.17
  155 S    -1   2   1  -3   0   1  -1  -1   1  -1  -3   0   0  -1  -1   3   0   1   3  -2    5  11   7   1   2   6   3   4   3   5   2   4   3   2   3  21   5   2  10   2  0.22 0.24
  156 V    -4  -5  -5  -6  -3   0  -6  -5  -6   3   3  -4  -1  -2  -3  -4  -2  -6  -1   5    1   0   0   0   1   5   0   1   0  14  28   1   1   2   1   1   2   0   3  39  0.94 0.54
  157 S     0   0   0   0  -3  -1  -1  -1   1  -2   0   0  -2  -1   4   1   0  -1  -2  -3    8   5   3   5   1   2   4   4   4   2   9   5   1   2  22  13   5   1   2   1  0.27 0.23
  158 N    -1   1   4  -1  -2   0   0   0   1  -4  -4   2  -1  -3  -1   3  -1  -3   1  -4    3   7  19   3   1   5   4   7   3   0   1  10   1   1   2  23   3   0   5   1  0.40 0.34
  159 S    -2  -1   4   4  -1  -3  -2   2  -1  -4  -6   0  -3  -4  -5   3  -1  -4  -3  -4    2   3  19  22   1   1   2  14   2   1   0   5   1   1   0  22   3   0   1   1  0.68 0.46
  160 E    -1  -4  -4  -3  -4   0   5  -5  -2   0  -4  -4   0  -4   1  -4  -1  -5  -3   3    6   0   0   1   0   4  42   1   1   4   1   0   2   1   8   1   3   0   1  24  0.90 0.57
  161 K     1   1   0   2  -3   1   2  -2   1  -2  -3   3  -3  -4  -2  -1   1  -4  -1  -3   11   6   5  10   0   6  16   2   3   2   2  19   0   0   2   4   8   0   2   2  0.29 0.25
  162 D     3  -2  -1   3  -4   3   1  -3   0  -3  -3  -1   0  -4  -3   1   0  -4  -3  -2   25   2   2  17   0  12  10   1   2   1   2   4   2   0   1  10   5   0   1   2  0.44 0.36
  163 I    -2  -7  -7  -7  -6  -7  -7  -8  -7   8  -2  -7   1  -2  -7  -7  -3  -7  -1  -2    3   0   0   0   0   0   0   0   0  83   3   0   3   1   0   0   2   0   2   1  2.33 1.00
  164 M    -4   2  -5  -6  -7   7  -2  -6  -5  -6  -4   3   7  -5  -2  -5  -5  -6  -6  -6    1  10   0   0   0  40   2   0   0   0   1  16  26   1   3   0   0   0   0   0  1.66 0.85
  165 A     2   3   1  -3  -5   2  -1  -4  -2  -3  -3   3  -1  -5  -3  -1   2  -5   0  -3   16  15   7   1   0   9   4   1   1   1   2  22   2   0   1   5  11   0   3   1  0.45 0.35
  166 E    -3  -3  -1   3  -8  -2   7  -4  -5  -6  -5  -4  -3  -7  -6  -5  -6  -7  -7  -7    2   1   2  17   0   1  71   2   0   0   1   0   1   0   0   0   0   0   0   0  1.91 0.91
  167 I    -6  -7  -4  -7  -6  -7  -7  -8  -7   8   2  -7   1  -5  -7  -6  -4  -7  -6   2    0   0   1   0   0   0   0   0   0  69  15   0   3   0   0   0   1   0   0   9  1.92 0.81
  168 Y    -4  -1  -6  -7  -5  -2  -5  -7   0  -1   0  -1   8   2  -7  -4  -5  -2   6  -2    1   3   0   0   0   2   0   0   2   3   8   5  40   8   0   1   0   0  23   3  1.49 0.75
  169 K    -1   0   1  -2  -5   0   0  -2  -2  -2  -2   4   0  -2  -5  -1   4  -6  -3  -2    4   4   6   2   0   4   7   2   1   2   5  26   3   2   0   2  30   0   1   2  0.56 0.42
  170 N    -6   0   8  -2  -8  -5  -5  -3   4  -8  -6  -2  -7  -3  -7  -3  -4  -7   4  -8    0   5  62   2   0   0   0   2  10   0   1   2   0   1   0   2   1   0  13   0  1.97 0.92
  171 G    -5  -8  -6  -4  -8  -7  -8   8  -8 -10  -9  -7  -8  -9  -8  -4  -7  -8  -9  -9    0   0   0   1   0   0   0  98   0   0   0   0   0   0   0   1   0   0   0   0  2.94 1.18
  172 P    -7  -8  -8  -7  -9  -3  -7  -8  -8  -9  -9  -7  -8  -9   9  -3  -4  -9  -9  -8    0   0   0   0   0   2   0   0   0   0   0   0   0   0  93   2   1   0   0   0  3.31 1.37
  173 V    -4  -7  -8  -8  -6  -7  -7  -8  -8   2  -1  -7  -2   0  -7  -6  -3  -7  -4   7    1   0   0   0   0   0   0   0   0  11   5   0   1   3   0   0   1   0   0  78  2.01 0.89
  174 E    -2  -2  -4  -3  -6   3   6  -5  -2  -3  -4  -4  -3  -5  -5  -1   0  -6  -4   3    2   1   0   1   0  11  49   1   1   1   1   0   1   0   0   5   7   0   1  18  1.06 0.61
  175 G     6  -6  -5  -6  -5  -5  -3   2  -6  -4  -5  -5  -3  -4  -5  -2   0  -7  -6   2   60   0   0   0   0   0   1  14   0   0   0   0   0   1   0   2   5   0   0  16  1.24 0.66
  176 A     5  -4  -3  -1   0  -3  -3   1  -4  -2  -4  -4  -3  -3  -4   3   1  -6  -2   0   42   1   1   3   2   1   1   9   0   3   1   0   1   1   0  21   8   0   1   6  0.68 0.46
  177 F    -7  -7  -8  -8  -7  -8  -8  -8  -6  -1  -3  -8   3   9  -8  -7  -7  -4   3  -6    0   0   0   0   0   0   0   0   0   3   2   0   7  79   0   0   0   0   7   0  2.76 1.03
  178 S    -2  -1  -1   2  -4   0   1  -4  -1   0  -2  -1  -1  -1  -4   1   4  -3   1  -2    3   4   3  13   0   3   8   1   1   6   3   3   2   3   0  10  33   0   5   1  0.43 0.34
  179 V    -4  -7  -7  -7  -3  -7  -7  -7  -7   1  -2  -7   0  -5  -7  -6  -1  -3  -4   7    1   0   0   0   0   0   0   0   0   5   3   0   2   0   0   0   3   0   0  83  2.11 0.88
  180 Y    -6  -7  -6  -8  -4  -7  -7  -8   0  -6  -6  -6  -6   3  -8  -7  -7  -2  10  -6    1   0   0   0   0   0   0   0   2   0   0   0   0  10   0   0   0   0  84   0  3.21 1.20
  181 S     0  -1  -3   3  -6   1   6  -3  -4  -6  -4  -3  -4  -5  -4   1   0  -6  -3  -5    7   2   0  13   0   6  48   2   0   0   2   1   0   0   0  11   5   0   1   1  0.97 0.56
  182 D    -7  -7  -2   9  -8  -6  -4  -6  -6  -8  -8  -6  -8  -8  -7  -4  -6  -9  -8  -8    0   0   1  96   0   0   0   0   0   0   0   0   0   0   0   1   0   0   0   0  3.10 1.17
  183 F    -7  -8  -8  -8  -7  -8  -8  -8  -6  -3   0  -8  -3   9  -8  -7  -7  -4  -2  -4    0   0   0   0   0   0   0   0   0   1   7   0   0  89   0   0   0   0   1   1  3.06 1.11
  184 L     0  -2  -2  -3  -4  -2  -1  -3  -3   0   3  -2   3   1   1   1  -2  -2   2   0    8   2   2   1   0   1   4   1   0   3  29   3   7   6   7  12   1   1   7   6  0.25 0.23
  185 L     0  -3   3  -2  -3   0  -2  -2   5  -3   0  -2   1  -1  -4   1   0  -4   3  -2    8   1  13   2   0   5   1   3  17   0   9   1   3   3   0  13   6   0  11   3  0.41 0.32
  186 Y    -7  -7  -7  -6  -8  -7  -7  -8  -4  -7  -7  -7  -6  -3  -8  -6  -7  -4  10  -7    0   0   0   1   0   0   0   0   0   0   0   0   0   0   0   1   0   0  96   0  3.78 1.36
  187 K    -3   1  -2  -3  -7  -1  -1  -5  -3  -5  -6   7  -4  -7  -5  -1  -1  -7  -6  -5    1   7   2   1   0   2   3   0   0   1   0  71   0   0   0   5   5   0   0   1  1.68 0.78
  188 S    -3  -2  -2  -3  -5  -3  -1   1  -3  -6  -6   1  -6  -2  -5   6   0  -7  -4  -6    1   2   1   1   0   0   4  12   1   0   0   9   0   2   0  62   5   0   0   0  1.25 0.70
  189 G    -5  -5  -5  -6  -7  -6  -7   8  -7  -8  -8  -3  -7  -8  -7  -5  -6  -7  -8  -8    0   1   0   0   0   0   0  96   0   0   0   2   0   0   0   0   0   0   0   0  2.75 1.04
  190 V    -5  -7  -7  -7  -5  -6  -3  -7  -7   5  -3  -6  -4  -5  -7  -6  -5  -7  -6   7    0   0   0   0   0   0   2   0   0  34   0   0   0   0   0   0   0   0   0  62  1.96 0.80
  191 Y    -7  -7  -7  -8  -7  -4  -7  -8  -4  -7  -6  -7  -6  -3  -8  -5  -7  -3  10  -6    0   0   0   0   0   1   0   0   0   0   0   0   0   0   0   1   0   0  95   0  3.68 1.29
  192 Q    -3   3  -3  -4  -6   4  -2  -5   3  -1  -4   4  -2  -1  -5  -3  -2  -6  -2   2    1  14   1   0   0  20   2   0   8   3   1  27   1   2   0   1   2   0   1  16  0.77 0.46
  193 H    -6  -2  -2  -5  -7  -2  -5  -4  11  -8  -6  -2  -4  -5  -3  -1  -3  -7   2  -7    0   3   2   0   0   1   0   2  73   0   0   3   0   0   2   5   2   0   6   0  2.73 1.02
  194 V    -2  -3  -3  -3  -3  -1  -1  -5  -1   1  -2   0  -1  -4  -3  -2   5  -6  -5   4    2   1   1   1   0   2   4   0   2   8   2   6   1   1   1   2  35   0   0  30  0.73 0.45
  195 T     3  -3   1  -2  -4  -2  -1  -1   0  -4  -3  -1  -3  -2  -2   2   4   3   0  -3   21   1   6   2   0   1   3   5   2   0   2   4   0   2   1  17  25   4   3   1  0.47 0.35
  196 G     0  -6  -3  -4  -7  -3  -6   7  -3  -6  -5  -5  -6  -7  -5  -3  -4  -7  -5  -6    6   0   1   1   0   1   0  83   1   1   2   1   0   0   0   1   1   0   0   0  2.08 0.83
  197 E     0   1   0   1  -4   1   3   0  -2  -3  -3   3  -2  -4  -2   2  -1  -3  -1  -3    7   8   3   8   0   4  17   8   0   1   2  17   1   0   2  14   3   0   2   1  0.31 0.24
  198 M     0  -1  -2  -1  -4   1   1  -3  -1   0   1   0   2   2   1  -1  -2  -2   3   0    9   2   1   2   0   7   9   1   1   4  13   5   7   8   7   4   1   0  12   5  0.17 0.18
  199 M    -1   1  -3  -3  -4  -2   0  -3  -4   1   3  -1   4  -2  -3  -3   0  -3  -4   1    4   7   1   2   0   2   6   2   0   6  35   4  10   1   1   1   7   0   0  11  0.38 0.29
  200 G    -4  -7  -4  -6  -3  -6  -5   7  -6  -8  -8  -6  -7  -7  -7  -2  -3  -7  -3  -7    1   0   1   0   1   0   1  90   0   0   0   0   0   0   0   3   2   0   1   0  2.43 0.94
  201 G     1  -1  -3  -3  -6  -4  -4   6  -2  -3  -2  -3  -3  -4  -4  -2  -4   0   0  -3    9   3   1   2   0   1   1  65   1   2   4   1   0   1   1   2   1   1   3   2  1.24 0.58
  202 H    -7  -4  -5  -6  -8  -3  -5  -7  11  -4  -5  -5  -3  -6  -6  -5  -4  -7  -4  -8    0   1   0   0   0   1   0   0  91   1   1   0   1   0   0   1   1   0   0   0  3.79 1.28
  203 A     7  -6  -3  -4   0  -3  -5  -2  -1  -5  -6  -5  -5  -6  -4   1  -2  -7  -4  -3   77   0   1   1   2   1   0   2   2   0   0   0   0   0   1   8   2   0   0   1  1.62 0.77
  204 I    -3  -6  -7  -5  -5  -6  -6  -7  -7   5  -3  -6  -3  -5  -6  -6  -3  -7  -5   7    2   0   0   1   0   0   0   0   0  29   1   0   0   0   0   0   1   0   0  65  1.87 0.76
  205 R    -5   5  -5  -5  -1  -3  -3  -6  -5  -7  -4   7  -4  -7  -6  -3  -5  -7  -6  -5    0  25   0   0   2   1   1   0   0   0   2  66   0   0   0   1   0   0   0   1  1.95 0.83
  206 I    -5  -6  -5  -7  -2  -6  -6  -7  -6   7   2  -6   3  -2  -6  -6  -4  -6  -5   2    0   0   1   0   1   0   0   0   0  57  18   0   7   1   0   0   0   0   0  12  1.53 0.63
  207 L    -5  -6  -7  -7  -5  -6  -7  -7  -7   7   3  -6   1  -2  -6  -5  -4  -6  -4   2    0   0   0   0   0   0   0   0   0  55  26   0   3   1   0   1   0   0   0  13  1.52 0.63
  208 G    -3  -4  -5  -6  -7  -6  -7   8  -7  -8  -8  -6  -7  -7  -7  -4  -6  -2  -7  -7    1   1   0   0   0   0   0  94   0   0   0   0   0   0   0   1   0   1   0   0  2.63 0.96
  209 W    -8  -8  -8  -9   0  -7  -8  -5  -7  -8  -6  -8  -7  -2  -8  -8  -8  13   0  -8    0   0   0   0   2   0   0   1   0   0   1   0   0   2   0   0   0  90   2   0  4.71 1.47
  210 G    -4  -7  -5  -6  -7  -6  -6   8  -7  -8  -6  -3  -7  -7  -7  -3  -6  -7  -7  -7    1   0   0   0   0   0   0  93   0   0   1   2   0   0   0   1   0   0   0   0  2.58 0.95
  211 V    -3  -1  -1  -4  -2  -2   2  -4  -5   0  -3   0  -2  -5  -5  -2   3  -6  -2   5    1   3   3   0   1   1  16   1   0   4   1   6   1   0   0   2  22   0   1  37  0.69 0.43
  212 E    -5  -4  -4   3  -7   1   7  -5  -3  -5  -3  -2  -6  -6  -5  -2  -4  -4  -2  -6    0   0   0  12   0   6  69   0   0   1   3   2   0   0   0   3   1   0   1   0  1.66 0.75
  213 N    -4  -1   7   3  -6  -1   0   0  -1  -6  -7   1  -6  -6  -5  -1  -4  -6  -2  -6    1   3  49  17   0   2   5   7   1   0   0   8   0   0   0   4   0   0   2   0  1.25 0.59
  214 G    -4  -3   1   0  -6  -5  -3   7  -4  -4  -6  -1  -6  -7  -4  -2  -4  -6  -6  -4    1   1   6   6   0   0   2  73   0   1   1   3   0   0   1   3   1   0   0   1  1.62 0.68
  215 T    -3  -3  -2  -4  -2  -2   1  -6  -5   1  -2  -3  -3  -5  -5  -3   6  -2  -5   4    1   1   2   1   1   2   8   0   0   6   4   2   0   0   0   1  44   1   0  27  0.97 0.55
  216 P    -2  -4  -2   4  -7  -3  -1  -6  -6  -7  -6   2  -6  -8   7  -1  -4  -8  -7  -7    4   0   2  20   0   1   3   0   0   0   1  14   0   0  51   4   0   0   0   0  1.57 0.71
  217 Y    -8  -8  -8  -9  -8  -7  -8  -9  -4  -7  -5  -8  -7   0  -9  -8  -7  -3  10  -5    0   0   0   0   0   0   0   0   0   0   1   0   0   2   0   0   0   0  96   1  3.70 1.28
  218 W    -9  -9 -10 -11  -9  -8  -9  -9  -9  -9  -5  -9  -8  -5 -10  -9  -5  13  -3  -9    0   0   0   0   0   0   0   0   0   0   1   0   0   0   0   0   1  98   0   0  5.30 1.62
  219 L    -3  -6  -5  -7  -6  -4  -6  -8  -3   2   6  -1  -2  -3  -7  -5  -2  -4  -5  -3    2   0   1   0   0   1   0   0   1  10  78   5   0   0   0   1   3   0   0   0  1.54 0.68
  220 V     1  -6  -6  -7   4  -6  -6  -6  -6   5   0  -6   2  -4  -6  -5  -4  -6  -2   5   12   0   0   0  10   0   0   0   0  29   9   0   5   0   0   0   0   0   1  34  1.09 0.51
  221 A     7  -6  -3  -6  -1  -1  -5  -3  -6  -4  -5  -4   1  -6  -5  -2  -3  -7  -6   2   76   0   1   0   1   2   0   2   0   0   0   0   3   0   0   1   1   0   0  12  1.59 0.74
  222 N    -7  -6   9  -4  -8  -5  -6  -6   0  -9  -9  -6  -8  -9  -8  -5  -6  -9  -8  -9    0   0  98   0   0   0   0   0   2   0   0   0   0   0   0   0   0   0   0   0  3.34 1.18
  223 S    -3  -6  -4  -4  -6   1  -5  -5  -6  -7  -8  -5  -6  -8  -5   7  -1  -8  -7  -7    1   0   0   0   0   5   0   0   0   0   0   0   0   0   0  88   3   0   0   0  2.23 0.98
  224 W    -8  -8  -9 -10  -8  -8  -8  -8  -8  -8  -6  -9  -4  -2  -9  -8  -8  13  -1  -8    0   0   0   0   0   0   0   0   0   0   1   0   1   2   0   0   0  94   2   0  5.00 1.48
  225 N    -5  -5   8  -1  -7  -5  -5   3   3  -8  -8  -5  -7  -7  -6   0  -3  -8  -6  -7    0   0  65   3   0   0   0  19   6   0   0   0   0   0   0   5   2   0   0   0  1.95 0.78
  226 T    -1   1  -1   1  -5  -1   3  -4  -3  -3  -5   0  -4  -5   1   0   5  -6  -2  -1    4   9   3   6   0   1  18   0   0   1   0   4   0   0   6   7  35   0   1   3  0.60 0.39
  227 D    -3  -3   0   7  -7   0   0  -1  -3  -7  -6  -3  -5  -2  -5   0  -2  -1   0  -5    2   1   4  60   0   3   6   5   0   0   0   1   0   2   0   7   3   1   4   0  1.30 0.58
  228 W    -9  -9 -10 -10  -8  -8  -9  -9  -8  -9  -8  -9  -7   0 -10  -9  -8  13  -4  -9    0   0   0   0   0   0   0   0   0   0   0   0   0   4   0   0   0  96   0   0  5.17 1.50
  229 G    -4  -7  -5  -6  -7  -7  -7   8  -7  -9  -9  -6  -8  -8  -7  -5  -6  -7  -8  -8    1   0   0   0   0   0   0  99   0   0   0   0   0   0   0   0   0   0   0   0  2.84 0.96
  230 D    -4  -4   0   6  -7  -2   6  -5  -5  -4  -4  -4   1  -6  -5  -4  -4  -7  -4  -6    1   1   3  42   0   1  44   0   0   1   2   0   3   0   0   0   0   0   0   0  1.59 0.68
  231 N    -3  -2   6   3  -6   1  -1  -1   3  -6  -5   3  -1  -6  -5  -2  -4  -7  -4  -6    2   2  38  14   0   7   3   4   6   0   1  20   2   0   0   1   0   0   0   0  1.03 0.49
  232 G    -5  -5  -5  -6  -7  -6  -7   8  -7  -8  -8  -6  -7  -8  -7  -5  -6  -7  -8  -4    0   1   0   0   0   0   0  97   0   0   0   0   0   0   0   0   0   0   0   2  2.71 0.92
  233 F    -6  -6  -5  -7  -6  -5  -6  -6   0  -3   1  -5  -1   7  -7  -3   0  -3   7  -4    0   0   0   0   0   0   0   0   2   1  12   0   2  38   0   2   7   0  35   1  1.64 0.65
  234 F    -7  -8  -8  -9  -7  -8  -8  -8  -6  -2  -1  -8  -2   9  -9  -7  -7  -3   0  -2    0   0   0   0   0   0   0   0   0   2   4   0   1  89   0   0   0   0   1   3  2.96 0.96
  235 K    -5   6  -2  -5  -7  -3  -4  -6  -1  -7  -3   6  -2  -5  -6  -3  -5   2  -4  -6    0  34   1   0   0   0   0   0   1   0   3  54   1   0   0   2   0   2   0   0  1.68 0.70
  236 I    -5  -7  -7  -8  -6  -7  -8  -8  -7   8  -3  -7   5   0  -7  -4  -4  -7  -5  -1    0   0   0   0   0   0   0   0   0  78   0   0  13   4   0   2   1   0   0   1  2.21 0.79
  237 L    -1   2  -5  -4  -4  -1  -3  -5  -4   2   4   0  -1  -3  -3  -3  -3  -3  -3   2    6  13   0   0   0   3   1   1   0  11  43   6   0   0   1   1   1   0   1  13  0.57 0.32
  238 R    -2   8  -5  -6  -4  -1  -5  -7  -5  -6  -4  -1   1  -5  -7  -5  -6  -7  -6  -7    3  85   0   0   0   3   0   0   0   0   2   3   3   1   0   0   0   0   0   0  2.40 0.87
  239 G    -5  -6  -5  -5  -7  -7  -5   8  -7  -9  -9  -6  -8  -5  -7  -4  -6  -4  -8  -8    0   0   0   1   0   0   1  97   0   0   0   0   0   0   0   1   0   0   0   0  2.71 0.91
  240 Q    -2   0   0   0  -4   2   1  -3  -1   0  -3   1  -3  -2  -3   2   3  -4  -2   1    1   6   5   5   0   8  10   1   1   5   1  10   0   2   0  14  17   0   1  12  0.25 0.22
  241 D    -5  -4   7   5  -6  -3  -3  -3  -3  -6  -6  -3  -5  -6  -5  -2  -4  -6  -5  -6    1   0  56  34   0   1   0   2   0   0   1   1   0   0   0   2   0   0   0   0  1.86 0.67
  242 H    -3  -4   1   0  -4  -2   6  -4   7  -6  -5  -3  -4  -3  -5  -3  -4  -6  -4  -5    2   0   6   4   0   1  53   1  28   0   1   0   0   1   0   1   0   0   0   0  1.65 0.65
  243 C    -3  -8  -7  -8  11  -7  -8  -4  -7  -5  -3  -7  -6  -7  -7  -3  -6  -7  -2  -3    2   0   0   0  86   0   0   2   0   1   3   0   0   0   0   2   0   0   2   2  3.59 1.05
  244 G    -3  -3   0  -1  -6  -2  -1   7  -1  -7  -5  -3  -6  -4  -6  -1  -4  -2  -2  -6    1   1   4   4   0   2   5  71   1   0   1   1   0   1   0   4   1   1   2   0  1.47 0.58
  245 I    -6  -8  -8  -8  -2  -7  -8  -8  -8   8  -2  -7  -3   0  -7  -7  -5  -7  -5   0    0   0   0   0   1   0   0   0   0  89   2   0   0   4   0   0   0   0   0   4  2.45 0.83
  246 E    -6  -5  -3   2  -8  -2   8  -5  -5  -8  -8  -4  -7  -8  -3  -3  -5  -8  -7  -6    0   0   1   8   0   1  87   0   0   0   0   0   0   0   2   1   0   0   0   0  2.32 0.88
  247 S    -1   0   1   3  -5   1   2  -1   1  -5  -4  -1  -5  -5  -4   4  -1  -6  -4  -5    3   4   7  14   0   5  14   5   3   0   1   2   0   0   0  38   2   0   0   0  0.65 0.39
  248 E     0  -1   1   2  -4   2   3   0   0  -3  -2  -1   0  -2  -3   1  -1  -4   1  -3    7   2   8  12   0   9  24   6   2   1   3   3   3   2   0  11   3   0   5   1  0.31 0.23
  249 V    -1  -4  -6  -6   0  -5  -6  -2  -6   4  -1  -5   4  -1  -3  -4  -1  -6  -4   5    4   1   0   0   2   0   0   4   0  22   2   0   9   2   2   1   4   0   0  49  1.02 0.47
  250 V    -2  -4  -1  -3  -1  -4  -4  -5  -2   1  -1  -5  -1   0  -5  -1   2  -1   2   5    3   1   4   1   1   0   0   0   1   5   5   0   1   4   0   3  14   1   8  47  0.71 0.39
  251 A     6  -6  -5  -6  -3  -4  -5   2  -6  -5  -6  -5  -5  -6  -5   0  -1  -7  -6  -4   76   0   0   0   0   0   0  14   0   0   0   0   0   0   0   5   4   0   0   0  1.62 0.69
  252 G    -2  -7  -5  -6   0  -6  -3   7  -6  -8  -8  -6  -7  -8  -4  -3  -6  -7  -7  -5    2   0   0   0   2   0   2  89   0   0   0   0   0   0   1   1   0   0   0   1  2.29 0.79
  253 I    -3  -2  -4  -3  -4  -2  -1  -5  -1   4   3  -2   3  -2  -3  -3   1  -4  -2   1    0   2   0   1   0   2   4   0   2  28  30   3   8   1   1   0   9   0   1   7  0.55 0.30
  254 P    -2  -6  -6  -6  -7  -6  -6  -7  -7  -1  -5  -5   3  -2   8  -5  -5  -8  -7   0    3   0   0   0   0   0   0   0   0   3   0   0   8   2  77   0   0   0   0   7  2.37 0.81
  255 R    -2   4  -1   3  -1   0  -1  -4   0  -2  -4   5  -1  -5  -4   0  -3  -6  -4  -2    3  19   2  16   2   3   2   0   2   2   1  36   1   0   0   8   0   0   0   3  0.66 0.34
  256 T    -3  -4  -3  -4  -2  -4  -3  -5  -3   1   2  -3   0  -1  -3   0   4  -4  -2   3    0   0   0   0   0   0   1   0   0   7  25   1   2   2   1   5  26   0   1  27  0.56 0.31
  257 D    -2  -2   3   4  -4  -1   2  -2  -1  -5  -5   0  -4  -5  -1   3  -1  -5  -3  -4    1   1  15  29   0   1  16   1   1   0   0   4   0   0   3  27   1   0   1   0  0.69 0.29
  258 Q    -3   4  -2  -2  -5   6   1  -4   0  -5  -4   3  -3  -5  -3  -2  -3  -4  -3  -4    0  30   0   0   0  44   5   0   2   0   0  19   0   0   0   0   0   0   0   0  1.05 0.31

                      K         Lambda
Standard Ungapped    0.1369     0.3175
Standard Gapped      0.0563     0.2670
PSI Ungapped         0.1843     0.3146
PSI Gapped           0.0563     0.2670
