
Last position-specific scoring matrix computed, weighted observed percentages rounded down, information per position, and relative weight of gapless real matches to pseudocounts
            A   R   N   D   C   Q   E   G   H   I   L   K   M   F   P   S   T   W   Y   V   A   R   N   D   C   Q   E   G   H   I   L   K   M   F   P   S   T   W   Y   V
    1 V    -1  -3  -3  -4  -1  -3  -3  -4  -4   3   1  -3   2  -1  -3  -2  -1  -3  -2   4    0   0   0   0   0   0   0   0   0  15   0   0  10   0   0   0   0   0   0  74  0.48 0.08
    2 D    -2  -2   0   7  -5  -1   3  -2  -2  -4  -4  -1  -4  -4  -2  -1  -2  -5  -4  -4    0   0   0  80   0   0  20   0   0   0   0   0   0   0   0   0   0   0   0   0  1.19 0.17
    3 T     0   3  -1   1  -2  -1  -1  -2  -2  -2  -2   0  -2  -3  -2   0   5  -3  -2   0    3  24   0   8   0   0   0   0   0   0   0   0   0   0   0   0  57   0   0   7  0.46 0.13
    4 T    -1  -1   1   0  -2  -1   0  -2  -2   0  -2   0  -1  -3  -2   1   5  -3  -2  -1    2   0   8   5   0   0   5   0   0   7   0   6   0   0   0   3  63   0   0   0  0.44 0.12
    5 K    -1   1  -1  -1  -3   0   1  -2  -2  -3  -3   5  -2  -4  -2   0   2  -4  -3  -2    0   0   0   0   0   0   8   0   0   0   0  68   0   0   0   0  24   0   0   0  0.62 0.15
    6 N    -2   1   6   0  -4  -1   0  -2  -1  -4  -4  -1  -3  -4   4  -1  -1  -5  -3  -4    0   8  62   0   0   0   5   0   0   0   0   0   0   0  24   0   0   0   0   0  0.88 0.15
    7 T     0  -2  -2  -2  -2  -2  -2   1  -2  -2  -2  -2  -2  -1   3   0   4   5   3  -2    4   0   0   0   0   0   0  15   0   0   3   0   0   0  14   0  41   9  14   0  0.43 0.11
    8 K    -1   1  -2  -2  -3   4   0  -3  -1   0   1   3   1  -2  -2  -1  -1  -3  -2  -1    2   2   0   0   0  39   0   0   0   6  21  24   2   0   0   0   0   0   0   3  0.38 0.14
    9 L    -2  -3  -3  -2  -3  -1   1  -3   1   1   1  -2   0  -2   6  -2  -2  -4  -2   0    0   0   0   0   0   0  13   0   5  13  17   0   3   0  45   0   0   0   0   5  0.74 0.14
   10 F    -1  -3  -2  -3  -3  -3  -3  -3   2   0  -1  -3  -1   6  -3  -1   3  -1   3  -1    3   0   0   0   0   0   0   0   6   4   0   0   0  47   0   2  27   0  11   0  0.62 0.18
   11 T     0  -2   1  -1   0  -1   2  -2  -2  -1  -1   0  -1  -3  -2   1   4  -4  -2   1    6   0  10   0   2   0  16   0   0   0   3   3   0   0   0   8  36   0   0  16  0.28 0.14
   12 S     0  -2  -2  -2  -2  -2  -2   0  -3   2   0  -2   2  -2   1   1   2  -3  -2   0    7   0   0   0   0   0   0   8   0  24   8   0  10   0   6  17  21   0   0   0  0.20 0.12
   13 Y     3  -2  -2  -3  -2  -2  -2  -1  -2   0  -1  -2  -1  -1   1   0   1   5   3  -1   33   0   0   0   0   0   0   3   0   6   7   0   0   0   7   2  12  12  16   0  0.35 0.14
   14 G    -1  -2   3  -1  -4   0  -2   5  -2  -4  -4  -1  -3  -4  -3  -1  -1  -4  -4  -3    3   0  22   3   0   3   0  60   0   0   0   3   0   0   0   0   3   0   0   2  0.87 0.23
   15 V    -2  -2  -3  -2  -1  -2  -2  -3  -3   0   0  -1  -2  -3   6   0   2  -4  -3   1    0   1   0   2   1   0   0   0   0   5  12   3   0   0  41   6  19   0   0  11  0.73 0.22
   16 N    -1   2   3   1  -4   2   2  -1   0  -4  -4   3  -3  -4  -2   0   0  -4  -3  -3    4   8  20   5   0   8  14   3   2   0   0  29   0   0   0   3   5   0   0   0  0.44 0.17
   17 T     0  -1   1  -2  -3   2   0  -3   5   0  -1   1   2  -3  -3   0   1  -3  -1  -1    7   0   6   0   0  12   4   0  23   8   5  12   7   0   0   3  11   0   0   1  0.28 0.16
   18 S     6  -3  -3  -3  -2  -2  -3   1  -3  -3  -3  -2  -3  -4  -3   1  -1  -4  -4  -2   79   0   0   0   0   0   0  10   0   0   0   0   0   0   0   8   3   0   0   0  0.97 0.34
   19 K     0   0   1   1  -3   1   2  -1   1  -1  -1   2   2  -3  -2   0   1  -3  -2  -2    6   1   5   7   0   3  18   2   3   4   5  22   9   0   0   6   8   0   0   0  0.19 0.11
   20 A     1  -1  -3  -2   0  -2  -2  -2  -3   2   2  -2   0  -2   2  -1   1  -3  -2   2   15   3   0   2   2   0   2   1   0  14  21   0   0   0  10   0   8   0   0  23  0.22 0.12
   21 V     1  -3  -3  -4   1  -3  -3  -2  -3   3   1  -3   0  -1  -3  -2   1  -3   1   3   15   0   0   0   3   0   0   2   0  19   8   0   2   0   0   0  12   0   6  33  0.32 0.16
   22 S    -1   0   2  -2  -3   1  -1  -2  -2  -3  -3   2  -2  -4   1   3   3  -4  -3  -3    1   5   9   0   0   8   0   0   0   0   2  12   0   0   6  36  21   0   0   0  0.44 0.21
   23 P    -1  -4  -3  -1  -4  -3  -3  -2  -4   0  -3  -3  -3  -5   7  -1   1  -5  -4   0    5   0   0   3   0   0   0   2   0   7   0   0   0   0  65   2   9   0   0   6  1.44 0.34
   24 E     0  -1   0   2  -4   1   3  -3  -2  -3  -3   3  -2  -4   0   0   0  -4  -3  -1    8   0   2  11   0   4  26   0   0   0   1  30   0   0   5   4   6   0   0   4  0.41 0.19
   25 M    -1  -1  -3  -2  -2  -2   1  -4  -3   3   1  -1   2  -2  -1  -1   1  -3  -2   3    4   2   0   0   0   0  14   0   0  20  10   2   6   0   2   1  14   0   0  25  0.25 0.16
   26 A     4  -3  -4  -4  -2  -3  -3  -2  -4   1   2  -3  -1   1  -3  -1  -2  -3  -2   2   49   0   0   0   0   0   0   0   0   7  20   0   0   5   0   0   0   0   0  19  0.48 0.24
   27 A     3  -2  -2  -2  -2  -2  -1   1  -3   0  -1   2   0  -1  -2  -1  -1  -4  -3   2   38   0   0   2   0   0   2  11   0   4   2  20   2   2   0   0   1   0   0  17  0.27 0.19
   28 K     1  -1   0   2  -3   1   1  -2  -2  -2  -1   2   4  -3  -3   1  -1  -4  -3  -2   12   0   5  12   0   7   6   1   0   0   5  19  21   0   0  13   0   0   0   0  0.27 0.19
   29 I    -1  -3  -4  -4  -3  -2  -4  -4  -3   2   3  -1   7  -1  -4  -3  -1   3   0   1    4   0   0   0   0   0   0   0   0  10  25   3  40   0   0   0   3   4   4   6  0.67 0.28
   30 I    -3  -5  -5  -5  -3  -5  -5  -6  -5   7   2  -4   0   1  -5  -4  -3  -4  -3   1    0   0   0   0   0   0   0   0   0  77  13   0   1   4   0   0   0   0   0   4  1.16 0.37
   31 S    -2   2   0  -1  -4   0   0  -1  -2  -4  -3   5  -3  -4  -3   2  -1  -4  -3  -4    0   8   3   2   0   1   3   3   0   0   3  56   0   0   0  20   1   0   0   0  0.70 0.29
   32 K    -1   5  -2   0  -4   1   0  -3  -2  -4  -4   5  -3  -4  -3   0  -2  -4   0  -4    3  36   0   4   0   3   4   0   0   0   0  41   0   0   0   6   0   0   3   0  0.80 0.29
   33 A     5  -3  -3  -3  -2  -2  -2  -2  -3  -3  -3  -2  -3  -1  -3   3  -1  -4  -3  -2   73   0   0   0   0   0   0   0   0   0   0   0   0   3   0  25   0   0   0   0  1.00 0.38
   34 K    -3   2   0  -1  -5   0   1  -3  -2  -5  -4   6  -3  -5  -3  -2  -2  -5  -4  -4    0  10   5   3   0   0   7   0   0   0   0  74   0   0   0   0   0   0   0   0  1.13 0.37
   35 R    -3   6   4   0  -5  -1  -2  -3   0  -5  -4   2  -3  -5  -4  -1  -2  -5  -4  -4    0  53  28   4   0   0   0   0   1   0   0  10   0   0   0   3   0   0   0   0  1.03 0.34
   36 P    -3  -5  -4  -4  -5  -4  -4  -5  -5  -5  -5  -3  -5  -6   8  -1  -3  -6  -5  -5    0   0   0   0   0   0   0   0   0   0   0   0   0   0  96   4   0   0   0   0  2.75 0.58
   37 L    -2  -3  -4  -4  -2  -3  -4  -5  -4   3   4  -3   2  -1  -4  -3   1  -3  -2   3    0   0   0   0   0   0   0   0   0  18  46   0   4   0   0   0  11   0   0  20  0.60 0.23
   38 L    -3  -4  -5  -5  -3  -3  -4  -5  -4   2   4  -4   4   3  -4  -4  -3  -3   0   0    0   0   0   0   0   0   0   0   0  13  58   0  12  12   0   0   0   0   2   3  0.76 0.27
   39 M    -2  -4  -5  -5  -3  -4  -4  -5  -5   5   1  -4   1  -2  -4  -4  -2  -4  -1   4    1   0   0   0   0   0   0   0   0  49   7   0   2   0   0   0   0   0   2  39  0.90 0.31
   40 V     0  -4  -4  -4  -2  -3  -4  -4  -4   3   2  -3   1  -2  -4  -3   0  -4   0   5    5   0   0   0   0   0   0   0   0  13  18   0   2   0   0   0   5   0   3  53  0.62 0.25
   41 G    -2  -5  -3  -4  -5  -4  -4   7  -4  -6  -6  -4  -5  -5  -4  -2  -4  -5  -5  -5    0   0   0   0   0   0   0 100   0   0   0   0   0   0   0   0   0   0   0   0  2.07 0.49
   42 T     1  -2  -2  -2   1  -1   0   1   1  -3  -3  -1  -3  -4   5   2   0  -4  -3  -3   10   0   0   0   4   2   6  10   5   0   0   2   0   0  32  22   5   0   0   0  0.60 0.20
   43 L    -2   1   0   0  -3  -1   2   1  -2  -1   2   0   0  -2  -3  -1  -2  -3  -1  -2    0   9   4   3   0   1  20  14   0   0  35   6   2   0   0   3   0   0   1   0  0.20 0.15
   44 A     1  -2  -3  -3  -2  -2  -1  -3  -3   2   2  -1   1  -1  -3  -2   0  -3  -2   3   16   0   0   0   0   0   4   0   0  12  26   4   4   1   0   0   5   0   0  27  0.27 0.14
   45 L    -1   0  -2  -1   0  -1   1  -2  -2   1   2   1   0   0  -3  -2   0  -2  -1   1    4   4   0   2   2   0  13   2   0  12  28  14   2   5   0   0   4   0   2   7  0.10 0.09
   46 D    -2   1   2   4  -4   0   3  -2  -2  -4  -4   0  -3  -4   1   0  -2  -4  -1  -4    0   8   8  34   0   0  28   2   0   0   1   3   0   0   6   5   0   0   3   0  0.60 0.21
   47 P    -1   0   1   3  -3   1   3  -1  -1  -3  -3   2  -2  -3   1   0  -1  -3  -1  -3    3   5   9  16   0   3  29   3   0   0   3  12   0   0   7   6   0   0   2   1  0.36 0.14
   48 E    -2   0   1   2  -3   0   4  -2  -1  -3  -2   1  -2  -1   2   0  -1  -3  -2  -2    1   4   7   9   0   0  41   1   0   1   3   9   0   4   8   7   1   0   0   2  0.42 0.17
   49 L     0  -2  -3  -2   0  -2  -2  -1  -2   2   2  -2   2   1  -2  -1  -1   3   0   1   12   1   1   2   2   0   2   4   0  12  32   1   7   4   1   3   1   5   2  10  0.18 0.10
   50 L     0   1  -2  -3  -2  -1  -1  -3  -2   1   2   0   0   1  -1  -2  -1   2   0   1   10  12   0   0   0   3   2   1   0   9  28   5   0   5   2   1   2   3   2  14  0.13 0.09
   51 D    -2   0   0   4  -4   1   5  -3  -2  -4  -4   1  -1  -4  -2   0  -1  -4  -3  -3    1   4   2  25   0   3  46   0   0   0   1   6   2   0   0   6   3   0   0   0  0.71 0.24
   52 R     0   2  -2  -2   0   0   0  -3   1   0   1   2   0   0  -2  -1  -1   0   2   0   10  14   0   0   2   2   6   0   3   7  14  19   2   2   0   0   0   1  13   4  0.14 0.10
   53 V     2  -3  -3  -3   1  -2  -2   0  -3   2   1  -2   0  -2  -2   0   0  -3  -2   2   30   0   0   0   3   0   0   8   0  13  19   0   2   0   0   4   3   0   0  16  0.22 0.13
   54 V    -1  -2  -2  -2  -1   0   1  -3  -2   3   1   0   1   0  -2   0   0  -3   0   2    2   0   1   0   1   5  13   0   0  27   8   6   5   2   0   6   5   0   3  15  0.15 0.11
   55 K     1   0   0   1  -3   0   3  -1  -2  -1  -2   3  -2  -3  -2   0  -1  -3  -3  -1   16   2   3   6   0   1  26   5   0   3   3  26   0   0   0   2   1   0   0   4  0.29 0.15
   56 I    -2  -4  -4  -4  -3  -3  -4  -4  -4   5   2  -4   1   4  -4  -3  -1  -2  -1   1    0   0   0   0   0   0   0   0   0  44  24   0   2  20   0   0   2   0   0   5  0.63 0.23
   57 S     2   0  -2  -2  -2  -1   0   1  -2   1  -1  -1  -1  -2  -2   0  -1  -3   0   1   30   8   0   0   0   2   7  12   0  12   3   0   0   0   0   7   0   0   5  12  0.14 0.11
   58 K    -2   2  -1  -1  -4   1   4  -3   1  -4  -4   4  -3  -4  -3  -1  -1   1  -3  -4    0  11   1   0   0   2  34   0   3   0   0  40   0   0   0   2   2   2   0   0  0.72 0.27
   59 A     1   1   0  -2  -3   0   0  -2   1  -2   0   5  -1  -3  -2  -1   1  -3  -2  -1   13   3   3   0   0   0   5   1   4   2   9  48   2   0   0   0   8   0   0   3  0.37 0.20
   60 A     0  -2  -2  -2  -2   0  -1   2  -2  -1   0   0  -1   2  -1  -1   0   6   2  -2   11   0   0   0   0   3   3  18   0   3   9   8   0   9   2   3   6  15   7   0  0.29 0.13
   61 N    -2   2   5   2  -3  -1   0   0   3  -3  -3   0  -2  -3  -2   0  -1  -3  -2  -2    1  11  43  11   0   1   2   6   8   1   1   4   0   1   1   4   1   0   1   3  0.53 0.19
   62 I    -2  -4  -4  -4  -3  -3  -2  -5  -4   5   3  -4   4   0  -4  -3  -2  -3  -2   2    3   0   0   0   0   0   2   0   0  42  28   0  14   2   0   0   0   0   0   8  0.67 0.25
   63 P    -2  -2   1  -2  -4  -1   1  -3  -3  -4  -3   1  -3  -2   7   0   0  -5  -4  -4    1   0   7   0   0   2   8   0   0   0   2  11   0   3  55   4   7   0   0   0  1.13 0.31
   64 I     0  -3  -4  -4  -2  -3  -3  -4  -4   4   0  -1   0  -2  -1  -2   0  -4  -3   4    7   0   0   0   0   0   0   0   0  26   2   6   1   0   3   0   7   0   0  48  0.57 0.25
   65 A     2  -2  -3  -3   1  -2  -3  -3  -3   3   0   0  -1   0  -3  -2   0  -3   0   3   23   0   0   0   2   0   0   0   0  24   2   9   0   3   0   0   3   0   3  29  0.31 0.18
   66 A     3  -2  -1  -2   2  -1   0  -2   1  -1  -1   1  -2  -2  -2   0   1  -3   0   0   39   0   2   0   5   0   7   0   5   3   4   9   0   0   0   5  11   0   4   6  0.23 0.16
   67 T    -1  -3   0  -3  -3  -2  -3  -3  -3  -2  -1  -1   0  -4  -3   0   7  -4  -3  -2    3   0   3   0   0   0   0   0   0   0   4   3   2   0   0   2  81   0   0   0  1.16 0.41
   68 G     2  -3  -2  -3  -3  -2  -3   4  -3  -3  -2  -2  -3   0   4  -1  -2  -3  -3  -1   23   0   0   0   0   0   0  36   0   0   4   0   0   5  23   3   0   0   0   3  0.64 0.22
   69 S     0  -1   1   2  -3   0   2   1   6  -4  -4   0  -3  -3  -2   1  -2  -3  -1  -3    6   2   7  13   0   3  14  10  27   0   1   6   0   0   0   9   0   0   0   0  0.45 0.18
   70 S     1  -2  -1   0  -2  -1   1   0  -2   0  -2  -1  -1  -2  -2   3   1  -3   1   0   14   0   0   6   0   0   9   6   0  10   1   0   1   0   0  30  10   0   6   5  0.19 0.14
   71 L    -1   0   1  -2  -2  -1  -1  -1  -1   1   0   1   3   0  -2   0  -1  -2   2   0    4   7   8   1   0   0   3   5   1  13   9   9  16   2   1   6   1   0  12   2  0.10 0.11
   72 A    -1   2   2  -2  -3   0  -1   1  -2  -2  -2   3  -2  -3   2  -1   0  -4  -3  -3    3  13  14   0   0   1   0  10   0   3   4  32   0   0  10   1   7   0   0   0  0.34 0.17
   73 V     0   0  -1  -1  -2   0  -1   2  -2   0   0   0   0  -1   1   0   1  -3  -2   0    7   5   1   3   0   3   3  17   0   4  12   9   1   2   8   8  10   0   0   6  0.09 0.05
   74 L    -2  -3  -4  -5  -3  -3  -4  -4   0   0   4  -4   3   5  -1  -3  -2  -2   2   0    2   0   0   0   0   0   0   0   3   0  44   0   8  27   3   0   2   0   7   3  0.63 0.25
   75 A     0   0  -2  -2  -2  -1  -1  -2   0   1   1   1   1   0  -1   0   0  -3  -1   2    8   6   0   0   0   0   1   2   3   8  14  15   3   3   3   7   5   0   0  21  0.07 0.08
   76 D    -1  -1   0   3  -3   0   4   0  -2  -3  -3   1  -3  -3   2   0   0  -3  -3  -3    3   1   3  16   0   1  33   7   0   1   1  10   0   0  11   6   5   0   0   1  0.43 0.17
   77 K    -1   3   1  -1  -3   0   0  -2   1  -2  -1   3   0  -1  -2  -1  -1  -2   2  -2    6  19   7   3   0   2   5   1   3   1   5  30   2   3   1   1   3   0   8   1  0.28 0.14
   78 D    -1  -2   1   3  -3  -1   1   3  -2  -3  -2  -1  -2  -3  -2   0   0  -3  -1  -3    2   1   7  23   0   1  12  33   0   1   3   1   0   1   1   6   4   0   3   1  0.41 0.15
   79 V    -1  -2  -2  -3  -2  -2  -2  -3   0   2   1  -1   1   3   1  -2  -1  -1   2   3    1   2   2   1   0   1   3   1   3   9   8   3   3  14   8   1   1   0  11  30  0.21 0.12
   80 D    -2   0   4   2  -3   0   1   0  -1  -3  -3   2  -2  -3   0   0  -1  -3  -3  -2    1   3  31  12   0   1  11   7   0   1   1  18   0   1   5   3   1   0   0   2  0.40 0.16
   81 A     2   0   0  -1  -2  -1   0  -1  -1  -1   0   0   0  -2   2   0   0  -2  -1   1   23   5   5   3   0   1   4   1   0   2   7   6   4   1  12   6   3   0   2  13  0.12 0.07
   82 K     0   0   1   0   2   1   1  -2   1  -2  -2   3  -2  -2  -1   0   0  -2   1  -2    5   2  10   3   6   3  11   1   3   1   4  29   0   1   1   6   7   0   6   1  0.19 0.10
   83 Y     0  -1  -2  -2  -2  -1  -2  -2  -1   0   0  -1   2   1   0  -1  -1  -1   5   1    9   3   1   1   0   3   1   1   0   5   6   3  10   3   5   4   2   0  28  14  0.23 0.13
   84 I    -1  -2  -2   0  -2  -2  -2   1   0   2   1  -2   0   1  -1  -2  -1  -1   3   1    3   1   1   8   0   1   1  12   2  22  13   1   2   5   3   1   1   0  16   9  0.13 0.10
   85 N    -1  -2   4   0  -3  -2  -2   4  -2  -1  -3  -2  -2  -3   2   0   0  -3  -3  -2    1   1  25   3   0   1   1  37   0   5   1   1   0   1   9   3   8   0   0   3  0.48 0.17
   86 A     1   0  -2  -2  -2  -2  -2  -2  -2   2   2  -1   1  -1   1  -1   0  -2  -2   1   17   6   1   1   0   1   1   1   0  14  27   1   2   1   7   4   4   0   1  11  0.15 0.09
   87 H    -2  -1   0  -2  -2  -1   0  -1   6   1  -1  -2   0  -2  -1  -2  -2  -3  -1   2    1   4   3   1   0   1   5   5  34  10   1   1   3   1   4   1   1   0   1  24  0.42 0.19
   88 M     0  -1  -1   1  -3   1   3   0   2  -1  -1  -1   0   0   1   0  -1  -3  -1  -1    7   1   1   5   0   6  35   6   6   5   4   1   3   5   7   3   1   0   0   4  0.23 0.12
   89 L     1  -3  -3  -3  -2  -2  -3  -3   0   4   3  -3   0  -1  -3  -2   0  -3  -2   1   15   1   0   1   0   0   1   1   3  30  38   1   0   0   1   1   5   0   0   3  0.37 0.17
   90 G     0  -2  -2  -2  -2  -1  -2   2  -2   2  -1  -2   1   0  -1   0   2  -2  -1   1    7   1   1   1   0   3   1  17   0  15   2   1   5   6   3   3  21   0   0  12  0.14 0.10
   91 F    -2  -1   4   1   0   2  -1  -2   2  -2   0   1  -1   1  -2   0   0  -2   0  -2    1   1  30   6   3  13   1   1   5   1  10   8   0   7   1   3   8   0   3   1  0.26 0.15
   92 Y    -2   1   1  -3   0  -2  -2  -3   2  -1   2  -2  -1   3  -1  -2  -2  -1   4  -1    1   9   9   1   3   0   1   1   7   1  23   1   0  15   3   1   1   0  22   3  0.31 0.16
   93 L    -1  -3  -3  -3  -2   0  -3  -3  -3   1   5  -3   1  -1  -3  -3  -2  -2  -2   0    5   1   1   1   0   4   1   1   0   5  74   1   0   1   1   1   1   0   0   2  0.64 0.24
   94 T     1   2  -1  -1   1   1  -1   0   0  -1   0   2  -1  -2  -1   0   1  -2  -1  -1   12  16   1   1   3   7   2   8   3   1  11  16   1   1   1   2  10   0   1   2  0.11 0.07
   95 D    -2  -2   2   6  -3  -1   0  -2  -2  -3  -3  -1   1   0  -2  -1  -2  -3  -2  -3    2   1   8  60   0   1   1   2   0   1   2   4   5   4   1   3   1   0   1   1  0.78 0.22
   96 P     0   0  -2  -1  -3  -1   0  -1  -2  -3  -3   2  -2  -3   6  -1  -1  -3  -3  -2    8   3   1   3   0   1   5   4   0   1   2  15   0   1  48   4   1   0   1   1  0.89 0.21
   97 K     0  -1   2   2  -2   1   2   0  -1  -2  -2   0   0  -2   1   0   0  -2  -1  -1    9   1  15  10   0   4  15   8   1   1   2   6   3   1   8   4   6   0   2   3  0.17 0.06
   98 W    -1  -2   0  -3  -2  -2  -2  -2  -2  -1  -2  -2   0   0  -2  -2  -2  10   0  -1    6   1   6   1   1   1   2   2   1   3   2   2   3   2   1   2   2  54   1   6  1.53 0.29
   99 P    -1   0   1  -1  -3   2   1  -1   1  -2  -1   3  -1  -2   3   0  -1  -2  -2  -2    3   1   6   1   0  13   8   5   4   1   6  26   1   1  16   4   2   0   1   1  0.30 0.11
  100 G    -1  -2  -1  -2  -3  -2  -2   6   0  -3  -3   1  -2  -3  -2  -1  -2  -2  -2  -3    2   1   1   1   0   1   2  66   3   1   2  10   1   1   1   2   1   0   1   2  0.84 0.21
  101 L    -1  -2  -2   0   1  -2  -2  -3  -2   2   3  -2   1   2  -1  -2  -1  -2  -1   2    2   1   1   6   3   1   1   2   0  11  34   1   3  11   3   2   1   0   1  16  0.19 0.09
  102 D    -1   1   0   5  -1  -1   1  -1  -1  -1  -2   1  -2  -3  -2   0  -1  -3  -2  -2    4   7   3  42   2   1   8   4   1   6   2   8   1   1   1   7   1   0   1   1  0.39 0.13
  103 G     1  -2  -1   0  -2  -2  -1   5  -2  -1  -1  -2  -2  -1  -2   0  -2  -3  -2  -1   10   1   1   5   0   1   3  55   0   4   7   1   0   3   1   4   1   0   1   3  0.55 0.17
  104 N    -1   1   2  -1  -2   2   2  -1   1  -2  -1   3  -1  -2  -2   0   0  -3  -2  -1    3   5  15   1   0   9  14   2   3   1   5  23   0   1   1   6   3   0   1   6  0.21 0.10
  105 G    -1  -2  -1  -2  -3  -2   0   5  -2  -3  -3   0   0  -1  -2   0  -2  -3   0  -3    1   1   2   1   0   1   6  63   0   1   1   5   3   2   1   6   1   0   4   1  0.77 0.22
  106 N    -2   0   4   1  -1   4   2  -2   2  -4  -4   1  -3  -4   2   0  -1  -4  -3  -3    0   2  28   5   2  23  11   0   5   0   0   7   0   0  10   4   1   0   0   0  0.51 0.21
  107 Y    -1  -3  -2  -3   0  -2  -3  -4   7  -3  -3  -3  -3   1   0   0  -3  -1   7  -3    4   0   0   0   2   0   0   0  33   0   0   0   0   2   4   8   0   0  43   0  1.12 0.36
  108 D    -4  -4   0   8  -6  -2  -1  -4  -3  -5  -6  -3  -5  -6  -4  -2  -3  -7  -5  -6    0   0   2  98   0   0   0   0   0   0   0   0   0   0   0   0   0   0   0   0  2.10 0.54
  109 M    -3  -4  -4  -5  -3  -3  -4  -5  -4   1   5  -4   2   0  -4  -3   1  -3  -2   1    0   0   0   0   0   0   0   0   0   2  75   0   4   3   0   0   9   0   0   6  0.83 0.31
  110 I     2  -3  -3  -4  -2  -3  -3  -3  -4   3   0  -3  -1  -2  -3  -2   1  -4  -3   4   23   0   0   0   0   0   0   0   0  15   2   0   0   0   0   0  12   0   0  48  0.57 0.26
  111 I    -3  -4  -5  -5   1  -4  -5  -5  -4   5   3  -4   0   1  -4  -4  -2  -3  -2   1    0   0   0   0   4   0   0   0   0  52  34   0   0   4   0   0   0   0   0   6  0.81 0.29
  112 T    -2  -4  -4  -4  -3  -4  -4  -2  -3   1   1  -4   2   7  -4  -2   0  -1   1   0    1   0   0   0   0   0   0   4   0   9   9   0   7  57   0   3   6   0   0   4  0.81 0.30
  113 I     0  -3  -3  -4  -2  -3  -3  -4  -3   3   3  -3   1  -1  -3   0   1  -3   0   2    6   0   0   0   0   0   0   0   0  28  29   0   2   0   0   6  11   0   3  15  0.36 0.17
  114 G    -1  -4  -1  -2  -5  -4  -2   7  -4  -6  -6  -3  -5  -5  -4  -2  -3  -5  -5  -5    2   0   2   1   0   0   2  93   0   0   0   0   0   0   0   0   0   0   0   0  1.74 0.44
  115 F    -1  -3  -3  -4   3  -3  -3  -3   2   3   1  -3   0   3  -3  -1   0  -2  -1   2    3   0   0   0   7   0   0   1   8  24  11   0   0  16   0   5   7   0   0  18  0.29 0.16
  116 K    -2   2   1  -2  -3  -1  -1  -3   3   1  -1   1  -2  -1   2   0   2  -3  -1  -2    0  17   8   0   0   0   1   0  12  11   3  12   0   3  11   3  17   0   1   0  0.26 0.16
  117 K    -3  -3  -3  -4   5  -2  -1  -4  -1  -3  -3   1  -3   2   0  -3  -1  -1   7  -3    0   0   0   0  14   0   5   0   0   0   0  13   0   5   6   0   4   0  54   0  1.04 0.37
  118 F    -2  -3  -1   1  -4  -3  -3  -4  -1  -3  -3  -1  -3   1  -2  -2  -1   0   8  -3    3   0   2   9   0   0   0   0   0   0   0   3   0   2   2   2   4   0  73   0  1.41 0.45
  119 Y    -3   1  -3  -1  -3  -2  -3  -4   1   1   0  -2   1   1  -4  -3  -2   4   6   0    0  12   0   4   0   0   0   0   2  10  10   0   5   4   0   0   0   5  40   6  0.58 0.24
  120 I     2  -3  -2  -3  -2  -2  -1   1  -3   1   2  -2   0   0  -3  -1   2  -3  -2   0   24   0   0   0   0   0   5  11   0  10  29   0   0   4   0   0  16   0   0   0  0.20 0.16
  121 N     2  -2   2   3  -3  -1   0  -2  -2  -3  -3  -2  -3  -3  -1   3   0   3  -3  -3   20   0  13  20   0   0   2   0   0   0   2   0   0   0   3  32   2   5   0   0  0.47 0.23
  122 Q    -2   2  -2  -3  -4   6  -1  -3  -2  -3  -2  -1  -2   2  -3  -2   1  -3  -2  -1    2  14   0   0   0  53   0   1   0   0   3   0   0  12   0   0   9   0   0   5  0.74 0.34
  123 V     1  -3  -3  -3   0  -2  -3   2  -3   1   0  -3   3  -2  -3   0   0   3  -2   3   12   0   0   0   2   0   0  19   0   3   5   0  14   0   0   6   4   5   0  31  0.30 0.18
  124 L    -1  -3   0  -4  -3  -3  -4  -4  -4   2   4  -3   0   1  -4  -1  -1  -3  -2   0    3   0   5   0   0   0   0   0   0  15  65   0   0   5   0   4   3   0   0   0  0.61 0.26
  125 S     0   2  -1  -2  -3   1  -1  -1  -2  -3  -3   0  -1  -4  -2   4   2  -4  -3  -2    5  12   0   0   0   7   0   3   0   0   0   4   2   0   0  52  15   0   0   2  0.55 0.27
  126 A     1  -2  -1   0   1  -2  -2   2   4  -2   0  -2   0  -3  -3   0   2  -3  -2  -2   12   0   0   5   3   0   0  19  18   0  12   0   2   0   0   7  22   0   0   0  0.30 0.19
  127 A    -2  -3  -2  -5  -3  -3  -4  -5  -4   1   5  -2   0  -1  -4  -3  -1  -3  -3   0    3   0   2   0   0   0   0   0   0   7  80   4   0   1   0   0   3   0   0   1  0.85 0.32
  128 K    -1   2  -2  -3  -5  -1  -1  -3  -2  -4  -4   7  -3   0  -3  -2  -3  -4  -3  -4    3  10   0   0   0   0   0   0   0   0   0  82   0   5   0   0   0   0   0   0  1.23 0.40
  129 N    -2  -1   4   0  -4   1  -1  -3   7  -5  -4   1  -3  -4  -3   0   0  -4  -1  -4    1   0  28   2   0   5   0   0  42   0   0  12   0   0   0   6   4   0   0   0  0.97 0.32
  130 F    -1  -4  -4  -5  -4  -4  -4  -5   3   0  -2  -4  -2   8  -5  -4  -4  -1   2  -2    7   0   0   0   0   0   0   0   9   4   0   0   0  75   0   0   0   0   3   2  1.38 0.39
  131 S     3  -2   0  -1  -2  -2  -1  -2  -2  -2  -3  -2  -2  -3   1   3   2  -4  -3  -1   34   0   4   2   0   0   2   0   0   2   0   0   0   0   7  30  15   0   0   4  0.42 0.21
  132 N    -2  -2   3   4  -4   0   0  -2   6  -4  -4   1  -3  -4   0  -1   0  -4  -1  -4    2   0  15  28   0   3   2   2  27   0   0   8   0   0   5   3   4   0   1   0  0.63 0.23
  133 L     0  -3  -3  -4  -2  -3  -3  -4  -4   3   2  -3   2  -1  -3  -1   2  -3  -2   3    7   0   0   0   0   0   0   0   0  22  27   0   5   0   0   2  17   0   0  21  0.38 0.17
  134 K    -2   3  -2   0  -4  -1  -1  -3  -2   0  -3   5  -2  -4  -3  -2   0  -4  -3   0    0  14   0   6   0   0   0   0   0   7   0  56   0   0   0   0   7   0   0  10  0.62 0.27
  135 T     0  -1  -2  -3  -2  -2  -2  -3  -3   0  -2  -1  -2   0  -3   0   5  -4  -3   1    6   4   0   0   0   0   0   0   0   5   0   4   0   5   0   2  62   0   0  12  0.65 0.29
  136 I    -2  -4  -4  -5  -2  -4  -4  -5  -4   4   2  -4   1   0  -4  -3  -2  -4  -2   4    0   0   0   0   0   0   0   0   0  35  19   0   2   2   0   0   0   0   0  42  0.73 0.25
  137 A     2  -2   1  -2  -2  -2  -2  -2   0  -2  -3  -2  -2  -3  -2   3   4  -4  -3   0   18   0   6   0   0   0   0   0   3   0   0   0   0   0   0  30  37   0   0   6  0.54 0.25
  138 I    -3  -4  -5  -5  -3  -4  -5  -5  -4   5   4  -4   0   0  -4  -4  -2  -3  -2   1    0   0   0   0   0   0   0   0   0  48  44   0   0   2   0   0   0   0   0   6  0.85 0.28
  139 E    -3  -3   1   6   7  -2   1  -1  -3  -4  -4  -3  -4  -5  -3  -2  -2  -5  -4  -4    0   0   4  50  31   0   8   5   0   0   0   0   0   0   0   0   2   0   0   0  1.16 0.33
  140 R    -1   4   1  -2   0   0   1   0  -2  -4  -4   3  -3  -4   2  -1  -1  -4  -3  -3    2  34   7   0   2   0  11   7   0   0   0  24   0   0  10   0   3   0   0   0  0.53 0.19
  141 G    -2  -1   0  -1  -3  -1   0  -1   2  -2   1   0  -1   3  -3  -1   0  -1   5  -1    0   3   4   2   0   0   5   6   7   0  15   7   0  13   0   2   6   0  27   2  0.26 0.14
  142 Y    -4  -4  -4  -5  -4  -3  -4  -2   1  -3  -2  -4   2   4  -5  -4  -4   0   8  -3    0   0   0   0   0   0   0   3   2   0   0   0   6  13   0   0   0   0  77   0  1.72 0.43
  143 I    -3  -2  -1  -3   2   3  -2  -4   8   2  -2  -2   0  -2  -4  -2  -2  -4   0  -2    0   0   2   0   4  20   0   0  50  16   1   0   2   1   0   0   1   0   2   0  0.98 0.33
  144 Q    -2  -3  -3  -3  -4   3  -2  -4  -3  -4  -4  -2  -4  -5   8   0  -2  -5  -4  -2    0   0   0   0   0  15   0   0   0   0   0   0   0   0  72   9   0   0   0   4  1.79 0.39
  145 N    -3  -2   7   2  -4  -1   0  -2   3  -5  -5  -2  -4  -4  -3   0   0  -5  -3  -4    0   0  68   9   0   0   5   0   8   0   0   0   0   0   0   4   5   0   0   0  1.13 0.33
  146 A     6  -3  -3  -3  -2  -2  -2  -1  -3  -3  -3  -2  -2  -3  -2   0   0  -4  -3  -2   90   0   0   0   0   0   0   1   0   0   1   0   0   0   0   0   4   0   0   0  1.06 0.34
  147 T    -2   0   0   5   0  -1  -1  -2   3  -2  -2   0  -2  -3  -3   0   2  -4  -1  -2    1   5   1  40   3   0   0   2   9   2   5   6   0   0   0   2  22   0   2   0  0.44 0.19
  148 M     0  -3  -4  -4  -3  -1  -3  -4  -2   0   2  -3   5   1  -4  -3  -2   4   5   0   11   0   0   0   0   2   0   0   0   1  20   0  21   4   0   0   0   7  28   6  0.57 0.22
  149 S    -1  -3  -1  -2  -3  -2  -2  -2  -3  -3  -4  -2  -3  -4  -3   6   1  -5  -3   0    0   0   0   0   0   0   0   0   0   0   0   0   0   0   0  87   7   0   0   7  1.11 0.39
  150 F    -3  -4  -4  -5  -3  -4  -4  -5  -3  -1   2  -4  -1   7  -5  -4  -2  -1   3  -1    0   0   0   0   0   0   0   0   0   0  22   0   0  64   0   0   3   0   7   3  1.10 0.30
  151 G     1  -3  -2  -3  -3  -2  -2   3  -3  -4  -4  -2  -3  -4   6   0   1  -4  -4  -3    9   0   0   0   0   0   0  28   0   0   0   0   0   0  45   3  13   0   0   0  1.05 0.26
  152 N    -3  -2   7   0  -4  -2  -2   0  -1  -4  -5  -1  -4  -5  -4   1   1  -5  -4  -2    0   0  74   2   0   0   0   6   0   0   0   1   0   0   0   8   7   0   0   3  1.18 0.35
  153 L    -1  -3  -4  -4  -2  -3  -4  -4  -3   3   3  -3   6   1  -4  -2  -2  -3  -2   1    2   0   0   0   0   0   0   0   0  19  33   0  30   5   0   2   0   0   0   7  0.59 0.22
  154 S     1  -1   2   1  -3  -1   1  -2  -2  -3  -3   2  -1  -3   0   2   2   1  -3  -2   12   0  11   8   0   0   8   0   0   0   0  16   3   0   4  24  13   2   0   0  0.28 0.14
  155 K    -2   2   0   2  -4   0   1  -3  -1  -2  -2   3  -1  -2   3  -1   0  -3   0  -3    0  10   4  14   0   0   8   0   1   2   2  29   1   1  15   3   7   0   4   0  0.35 0.14
  156 A     0   0   1   3  -3   0   4  -2  -1  -3  -3   1   0  -4  -2   0  -1  -4  -3  -2   11   3   8  23   0   0  33   0   0   0   0  11   3   0   0   3   2   0   0   3  0.45 0.17
  157 D    -2   0  -1   3  -4   2   4  -2  -1  -3  -2   1  -1  -3  -2   0  -1  -3  -3  -1    1   4   0  19   0   9  38   2   0   0   2  11   2   0   0   5   2   0   0   5  0.46 0.16
  158 H    -3  -2  -3  -4  -4  -2  -3  -4   6  -3  -1   0  -2   1  -4  -3  -3   9   5  -3    1   0   0   0   0   0   0   1  23   0   6   6   0   5   0   1   0  31  24   0  1.24 0.29
  159 Y    -1  -1  -2  -3  -2  -1  -1  -2   1   1   3   0   1   1  -3  -2  -1  -2   2   0    3   3   0   0   0   2   4   2   6   9  38   9   2   6   0   1   2   0   9   4  0.16 0.10
  160 A     1   1   0   2  -3   1   3  -2  -1  -2  -3   2  -2  -3  -2   0  -1  -3  -1  -2   17   7   4  14   0   5  25   0   0   2   0  16   0   0   0   6   0   0   3   1  0.32 0.13
  161 A     2  -2   1  -2  -3  -1   1  -2  -1  -1  -1  -2   1   1  -3   0  -2   1   5  -1   24   0   9   0   0   0  10   0   0   2   3   0   6   6   0   4   0   2  30   3  0.34 0.17
  162 L    -3  -4  -5  -5  -3  -4  -4  -5  -4   3   5  -4   1  -1  -4  -4  -2  -3  -2   1    0   0   0   0   0   0   0   0   0  20  73   0   0   0   0   0   0   0   0   8  0.89 0.27
  163 D    -1   1   1   4  -4   0   2  -2  -2  -4  -3   3  -3  -4  -2   0   0  -4  -3  -3    2   5   4  30   0   1  16   0   0   0   2  28   0   0   0   6   4   0   0   0  0.52 0.18
  164 E     0   3  -1  -1  -4   0   4  -1  -2  -4  -4   4  -3  -4  -2  -1  -2  -4  -3  -3    9  18   2   0   0   0  33   4   0   0   0  34   0   0   0   0   0   0   0   0  0.63 0.23
  165 L    -2  -3  -4  -5  -2  -3  -4  -5  -4   3   4  -4   4   1  -4  -3  -2  -3  -2   1    0   0   0   0   0   0   0   0   0  19  54   0  14   5   0   0   0   0   0   9  0.67 0.21
  166 I    -2  -4  -4  -4  -2  -4  -4  -5  -4   5   2  -4   0  -1  -4  -3  -2  -4  -2   4    0   0   0   0   0   0   0   0   0  44  24   0   0   0   0   0   0   0   0  32  0.72 0.21
  167 N     0  -1   1   4  -4   0   4   0  -1  -3  -3   1   0  -4  -2   0  -1  -4  -3  -3    8   0   7  29   0   0  34   6   0   0   0   6   4   0   0   3   3   0   0   0  0.50 0.14
  168 A     1  -2   3  -1  -2   0   0   2  -1  -1   0  -1   1  -1  -2   1  -1  -3   0  -1   18   0  21   0   0   3   4  17   0   2  12   2   6   1   0   9   0   0   5   0  0.15 0.08
  169 L    -2  -3  -4  -5  -2  -3  -4  -5  -4   1   5  -3   3  -1  -4  -3  -2  -3  -2   0    0   0   0   0   0   0   0   0   0   6  86   0   9   0   0   0   0   0   0   0  0.83 0.19

                      K         Lambda
Standard Ungapped    0.1326     0.3169
Standard Gapped      0.0442     0.2670
PSI Ungapped         0.1446     0.3150
PSI Gapped           0.0442     0.2670
