
Last position-specific scoring matrix computed, weighted observed percentages rounded down, information per position, and relative weight of gapless real matches to pseudocounts
            A   R   N   D   C   Q   E   G   H   I   L   K   M   F   P   S   T   W   Y   V   A   R   N   D   C   Q   E   G   H   I   L   K   M   F   P   S   T   W   Y   V
    1 C    -5  -8  -8  -9  12  -8  -9  -8  -8  -6  -6  -8  -6  -7  -8  -6  -6  -7  -7  -6    0   0   0   0 100   0   0   0   0   0   0   0   0   0   0   0   0   0   0   0  4.48 1.23
    2 T    -2  -1   0  -1  -4  -2  -2  -4  -4  -4  -4   0   1  -4  -3   6   2  -6  -3  -2    0   3   4   3   0   1   1   0   0   1   1   4   4   1   1  59  14   0   1   3  0.95 0.55
    3 C    -6  -9  -8  -9  12  -8  -9  -8  -8  -7  -7  -8  -7  -8  -8  -6  -6  -8  -8  -6    0   0   0   0 100   0   0   0   0   0   0   0   0   0   0   0   0   0   0   0  4.61 1.40
    4 S     1  -1  -1  -2  -3   0   0   0  -2  -1   0   0   4   1   1   0  -1  -3  -1   0   15   2   2   2   0   4   5   7   0   2   8   8  15   8   7   7   3   0   1   7  0.13 0.18
    5 P    -2   0  -2  -3  -6  -1  -1  -2  -5  -1  -2  -2   1  -1   7  -3  -2  -2  -1  -2    2   4   2   2   0   2   3   3   0   4   4   2   4   3  55   1   2   1   2   3  1.21 0.59
    6 S     1   2  -1  -2   0   1   0   0  -2  -1  -1   0   0   0   2   1   0  -2  -2  -1   11  13   1   1   2   9   5   5   0   3   7   3   3   6  11  12   4   0   1   5  0.13 0.14
    7 H    -2  -2  -2  -1  -1  -1  -2  -3   8  -4  -2  -2  -1  -4   1   2   2  -5  -1  -3    3   1   0   4   1   2   2   2  37   0   5   1   1   0   7  18  13   0   2   1  0.86 0.48
    8 P    -2  -2  -3  -3  -5  -2  -1  -5  -1  -2   0  -2  -4   0   7  -3   0  -5  -3  -2    3   2   1   1   0   1   5   0   1   2  10   2   0   4  58   1   5   0   1   3  1.29 0.57
    9 Q    -2   1  -1  -2  -5   6   2  -2  -1  -5  -2   2  -3  -2  -2  -1  -3  -1  -4  -4    2   6   2   2   0  47  14   3   1   0   5  10   0   2   2   3   0   1   0   0  0.89 0.51
   10 D    -1  -1  -1   1  -2   4   4  -3   0  -2  -2   0   0  -4  -3   0   2  -1  -3  -2    3   2   2   6   1  20  27   1   2   2   4   4   2   0   0   6  16   1   0   2  0.48 0.33
   11 A     2   1   0  -1  -3   0   0  -1   4  -1  -1   1  -1  -1  -1   0  -1  -3   0  -1   21  11   3   3   0   3   7   3  13   3   5   7   1   3   2   6   2   0   3   4  0.15 0.15
   12 F    -2  -4  -4  -5   0  -4  -4  -5  -3   0   1  -3   1   6  -5  -1  -3  -2   5   1    2   0   0   0   2   0   0   0   0   5  10   1   4  42   0   4   0   0  18   9  0.95 0.44
   13 C    -1  -3  -3  -2  10  -1  -2  -5  -5  -1  -4  -2  -4  -5  -3  -2  -3  -5  -5  -3    5   2   1   2  70   3   2   0   0   3   0   3   0   0   2   2   1   0   0   2  2.27 0.80
   14 N    -1   2   3   0  -3   1   0  -1   2  -3  -2   1  -1   0  -2   1   0  -3   0  -2    4  14  15   6   0   5   4   3   5   0   3  10   2   4   1  14   3   0   3   3  0.20 0.18
   15 S     4  -3  -1  -1   0  -1  -2  -1  -3  -4  -3  -2  -2  -2  -2   4   0  -5  -4  -2   36   0   2   3   2   2   2   2   0   0   2   2   1   2   2  39   3   0   0   2  0.70 0.43
   16 D    -1  -2   0   6  -4  -1   1  -2   0  -4  -5  -1  -4  -2  -2   1   0  -5  -4  -3    6   2   3  50   0   3   6   2   3   0   0   4   0   2   2  10   5   0   0   2  0.81 0.40
   17 I     0  -2  -4  -5  -4  -3  -3  -4   0   2   0  -4  -1   5  -2  -2  -2   3   4   2    9   2   0   0   0   1   1   0   2  10   5   0   1  26   2   2   2   5  14  14  0.54 0.32
   18 V    -1  -1  -5  -5  -4  -4  -5  -1  -5   1  -1  -4   1  -1  -5  -2  -3  -5  -4   6    4   5   0   0   0   0   0   6   0   4   4   0   3   2   0   2   0   0   0  70  1.05 0.52
   19 I    -1  -4  -3  -4  -3  -3  -1  -2  -3   4   0  -3   1   2  -4   1   0  -3   0   2    4   0   0   0   0   0   4   3   0  26   9   0   3  11   0  15   5   0   3  15  0.35 0.25
   20 R    -1   3   0  -2  -3   1   0  -2   2   0  -1   1   0  -1   0   0   0   1   0   0    4  18   3   0   0   8   5   2   6   5   7  10   2   2   5   5   6   2   3   7  0.14 0.14
   21 A     3  -3  -3  -3  -3  -3  -3   2  -4   1  -1   0  -2  -3   1  -2   0  -4  -3   2   26   0   0   0   0   0   0  19   0   8   7   7   0   0   7   0   6   0   0  18  0.34 0.24
   22 K    -1   0   1   0  -3   1   0   0   2   0   0   0   1   1  -2   0   0  -2   1   0    0   6   6   6   0   6   6   6   6   6   6   6   6   6   0   6   6   0   6   6  0.05 0.10
   23 V    -1  -1  -4  -1  -3  -1  -4  -5  -4   3   0  -4  -2   1   0  -1  -1  -4  -3   4    4   3   0   4   0   3   0   0   0  18   8   0   0   6   5   4   3   0   0  40  0.51 0.36
   24 V     0   0  -1   0   2   1   0   0  -2   0   0   0   1   1  -2   0   0  -2   1   0    6   6   0   6   6   6   6   6   0   6   6   6   6   6   0   6   6   0   6   6  0.03 0.09
   25 G     0   1   1   1  -3  -1   0   0   2  -3  -3   0  -2   1   1   0   0   4   1  -2    7   7   7   7   0   0   7   7   7   0   1   7   0   7   7   7   7   7   7   0  0.18 0.15
   26 K     0   1   1   0  -3   0   1   0   0  -1  -1   1   0   0   0   0   0   2  -2   0   10   6   7   3   0   4   8   7   3   4   3  13   4   4   3   5   4   3   0   6  0.05 0.10
   27 K    -1   1   1   1  -4   2   0  -1   0  -1  -2   3   0  -4   1   0   0  -5  -2  -2    4   6   6   6   0   9   6   5   3   4   3  20   3   0   8   8   6   0   2   2  0.24 0.24
   28 L    -1   0   1   1   0   1   2  -1   1   0  -1   1  -1  -1   0  -1   0   1   0  -1    3   4   5   9   2   6  15   4   4   5   6   8   2   2   4   3   6   2   4   5  0.09 0.11
   29 V    -1  -1  -1   1  -3   0  -1  -1  -3   2   0  -1   2  -1  -1   0   0  -4  -1   3    3   3   3   7   0   4   3   4   0  12   9   3   5   2   3   6   7   0   2  24  0.16 0.19
   30 K    -1   0   2   1  -4  -1   0  -1   0  -1  -1   1   0   0   2   0   0  -3   1  -1    3   4  13   8   0   2   6   4   2   4   7  10   2   4   9   6   7   0   5   3  0.12 0.15
   31 E    -1   0   0   2  -3   2   2   0   0  -1  -3   0  -2  -1   0   1   0  -4  -1  -1    5   6   4  10   0  10  14   7   2   4   2   5   1   3   4  11   7   0   2   3  0.16 0.16
   32 G    -1  -1   2   0  -3   0   0   2   0  -2  -2   0  -1   0   0   1   2  -4  -3  -2    4   2  11   5   0   4   5  20   2   2   3   4   1   5   5  11  15   0   0   1  0.23 0.22
   33 P    -1   0   2   0  -3   0  -1   1   0  -2  -1   0   0  -2   4   0   0  -3   0  -2    4   5  10   6   0   3   3  11   2   2   5   5   2   2  20   8   7   0   3   2  0.25 0.20
   34 F    -1   0   0   2   0   0  -1  -1  -1   1   1  -2   1   2   0  -1   0  -1   0   0    4   5   4  13   2   4   3   6   1  11  12   0   5  10   4   3   5   1   4   5  0.05 0.10
   35 G     0   0   1   1  -3   0   0   2   0  -3  -1   2  -3  -2   0   1  -1  -3   1  -3    5   5   6  10   0   4   5  20   1   1   6  13   0   2   4  10   3   0   6   0  0.19 0.18
   36 T    -1   1   1   0  -3   1   0  -1   1  -1  -1   0   0   1   0  -1   0   0   2   0    3  10   7   5   0   6   5   3   3   3   5   7   3   5   5   3   8   1  10   7  0.07 0.11
   37 L    -2   0  -1  -2  -3  -1  -2  -2  -1   3   1   0   2   0  -3  -1   0   2   2   1    2   6   4   1   0   2   1   2   2  20  16   7   5   3   0   5   7   3   7   7  0.16 0.17
   38 V     0   3   0  -2  -3   1  -1  -2  -1   1  -1   1   0  -2  -3   0   1  -4  -1   2    8  18   5   1   0   7   3   2   1   9   4   6   2   2   0   7   8   0   1  15  0.16 0.19
   39 Y    -1  -5  -1  -5  -5   0  -5  -6   2   0  -3  -5  -4   2  -6  -3  -2  -2   8   0    6   0   4   0   0   5   0   0   5   5   1   0   0   8   0   1   2   0  54   6  1.43 0.72
   40 T    -1   1   1   0   0   1   2  -1   0   0  -1   1  -1  -3   0   0   2  -4  -2   0    3   8   6   4   2   6  14   4   2   7   3  11   1   0   3   5  13   0   1   8  0.13 0.15
   41 I    -2  -5  -5  -3  -4  -5  -5  -3  -1   4   1  -2   0   3  -5  -3  -3  -4   0   4    3   0   0   1   0   0   0   2   2  27   9   3   1  14   0   2   0   0   3  33  0.75 0.45
   42 K    -2   2   1   0  -5   1   2  -3   1  -3  -3   5  -2  -3  -1  -1  -2   2  -4  -5    2   8   7   4   0   5  15   1   4   1   2  38   1   1   3   4   1   3   0   0  0.60 0.42
   43 Q    -2  -2  -1  -4  -3   1  -1  -4   4   2  -1   0   2  -3  -2  -2  -1  -4   0   4    2   2   3   0   0   7   3   0  14  11   3   5   5   0   2   2   4   0   3  35  0.45 0.38
   44 M    -1   0   1   1  -3   0   0  -2   0   1   1   0   1  -2  -3   0   1  -3   1   0    3   6   6   7   0   5   7   2   3   8  13   6   6   0   0   6   8   0   7   6  0.06 0.12
   45 K     0   2   0   0   1   1   1  -3   1  -1  -2   3   1  -3  -3  -1   0  -4   0  -1    6  10   4   4   3   6   9   0   4   4   4  25   4   0   0   4   5   0   3   5  0.23 0.23
   46 M     0   0   0   0  -3  -1   0   0   1   0  -1   0   1   0   1   0   0   3  -1   0    6   6   6   6   0   0   6   6   6   6   6   6   6   6   6   6   6   6   0   6  0.06 0.10
   47 Y    -3  -3   0  -3  -4  -3  -2  -4   0   0  -1   0   0   5   0  -1  -1   4   4  -1    0   0   5   0   0   0   3   0   2   6   5   7   3  29   4   5   4   7  13   4  0.49 0.31
   48 R    -3   2  -2   0  -4   1   0  -4  -3  -4  -2   5  -3  -1   1   0   0  -4  -3  -2    0   8   0   5   0   5   4   0   0   0   4  48   0   3   7   7   5   0   0   3  0.64 0.42
   49 G     1  -1   0  -1  -4   0   0   5   0  -1  -3   0  -1  -4  -1   0  -2  -5  -4  -3   11   3   4   4   0   4   5  43   2   5   1   5   2   0   3   7   1   0   0   2  0.53 0.35
   50 F     1  -1  -1  -1  -3  -1  -1   0  -3  -1  -1   0  -2   2   4   0   0   3  -1  -1   14   3   3   2   0   1   3   7   0   4   5   6   0  11  19   8   4   4   2   4  0.24 0.20
   51 T    -1   1   1   1  -3   2   2  -1   0  -2  -1   1  -2  -1   1   1   0  -3  -1  -2    3   8   7   7   0  10  12   5   1   2   5   9   0   3   6  10   6   0   2   2  0.16 0.15
   52 K     0   0   0   0  -2   1   0   0   1   0  -1   0  -1   0   1   0   0  -2   1   0    6   6   6   6   0   6   6   6   6   6   6   6   0   6   6   6   6   0   6   6  0.04 0.06
   53 M     1  -2  -2  -2  -1  -3  -2  -2  -2   1   2  -1   4   0   0  -1   0  -3  -2   2   12   1   2   2   1   0   2   3   1   5  21   3  11   3   5   5   5   0   1  14  0.20 0.19
   54 P    -1   0  -1   0  -4   2  -1   1   0  -2   0   1  -1  -2   3  -1   0  -4  -2  -1    4   5   3   5   0  13   4  10   2   2   9  11   1   1  13   5   7   0   1   4  0.19 0.19
   55 H    -1   1   2   4  -4   0   1  -1   2  -2  -1   1  -2  -4  -1   0  -1  -1  -2  -2    4   7   9  23   0   3  10   3   5   2   8   7   1   0   3   5   3   1   1   3  0.28 0.24
   56 V    -1   0  -2  -1  -3  -1  -1  -1   1   3   1  -1   0  -1  -1  -1   1  -2  -1   2    4   4   1   4   0   3   3   4   3  22  11   2   2   2   3   4  10   1   2  14  0.16 0.18
   57 Q    -1   1   0   0  -4   2   2   0   1   0  -2   1  -1  -2  -2   1   1  -1  -3   0    4  10   4   5   0   8  12   7   3   7   2   8   1   1   2   9   8   1   0   8  0.14 0.15
   58 Y    -2   1   1   1   0  -1   0  -4   0   0  -2  -1  -1   3  -3  -1   0   1   3   0    4   7   6   7   2   3   7   0   2   6   3   4   1  15   1   4   6   2  12   6  0.22 0.19
   59 I    -2  -7  -2  -8  -6  -7  -7  -8  -8   6   2  -7   1  -1  -7  -6  -2  -7  -6   4    3   0   3   0   0   0   0   0   0  37  17   0   3   3   0   0   3   0   0  29  1.26 0.61
   60 H    -3  -2  -1  -2   1  -1   0  -4   2  -1  -2  -2   2   2  -3  -2   1   3   7  -2    2   2   3   2   3   2   5   1   4   3   3   2   6   8   1   2   9   4  34   2  0.80 0.45
   61 T    -2  -6  -5  -6  -6   0  -6  -7  -6  -1  -3  -6   0   1  -6   1   7  -7   0  -2    4   0   0   0   0   4   0   0   0   3   2   0   2   6   0   8  63   0   3   3  1.56 0.79
   62 E     3  -1  -2  -1  -6  -2   0  -3   1  -2  -3  -3   1  -6   5   1  -3   0   1  -5   20   3   2   3   0   2   5   2   4   3   3   1   4   0  31  11   2   1   4   0  0.71 0.46
   63 A     2   1  -1  -2   0  -1  -1   0  -1  -1  -2  -1  -1   0   2   2   1  -5  -2   0   17   7   2   1   2   3   3   6   1   3   4   2   1   3  11  15   8   0   1   8  0.18 0.18
   64 S    -1   0   0   0  -3   0   0  -1   1   0  -1   0   1   0   0   0   0   3   1   0    5   5   5   5   0   5   5   5   5   5   5   5   5   5   5   5   5   5   5   5  0.06 0.08
   65 E    -1   0   0   2  -4   1   2   0  -2  -2  -2   0  -3  -3   1   2   0   3   0  -3    3   4   3  12   0   8  15   7   0   3   3   5   0   0   6  18   4   5   3   0  0.26 0.26
   66 S     1  -2   0   1  -3  -2   0   1  -2  -1  -2   0  -3  -1   0   3   0   2  -1  -1   13   0   5   7   0   0   6  10   0   3   3   4   0   3   5  25   5   3   3   3  0.20 0.23
   67 L     1  -1   0   0  -2   1   0  -1  -1  -1   1   0   2   0  -1   0   0  -3   0   0   13   2   4   6   0   8   4   4   2   2  13   5   8   3   3   5   6   0   3   9  0.05 0.09
   68 C    -4  -6  -6  -6  11  -6  -6  -6  -6  -5  -5  -6  -5  -6  -6   0   0  -6  -6  -5    0   0   0   0  81   0   0   0   0   0   0   0   0   0   0   8   7   0   0   0  3.33 1.08
   69 G     0  -2  -1  -5  -6  -5  -5   7  -5  -6  -4  -5  -6  -6  -1  -1  -3  -6  -6  -6    7   3   3   0   0   0   0  74   0   0   2   0   0   0   4   3   2   0   0   0  1.66 0.69
   70 L    -1  -2  -5  -5   1  -2  -2  -3  -4   3   1  -3   0   1   0  -4  -2  -3   4   3    4   2   0   0   3   2   3   2   0  15  11   2   2   5   4   0   2   0  17  27  0.50 0.33
   71 K    -1   2   0   1  -4   1   0  -2   1  -2  -3   2  -1  -3   1   0   2   1  -1  -2    3  13   3  10   0   6   4   2   3   3   2  14   2   1   7   6  15   2   2   2  0.24 0.21
   72 L    -3  -1   0  -1  -4  -4  -4   0   2   0   3  -1   2   3  -1   0  -1  -4  -3   0    0   4   4   4   0   0   0   8   6   4  26   5   5  12   4   8   4   0   0   7  0.27 0.26
   73 E    -1   0   0   0  -3   0   0  -1   1   0  -1   0   1   0   0   0   0   3   1   0    5   5   5   5   0   5   5   5   5   5   5   5   5   5   5   5   5   5   5   5  0.06 0.08
   74 V     0   0   2  -1  -3   0   1  -2  -3   0   0   1   0  -2   1  -1   1  -4  -3   2    6   5  11   2   0   3  10   2   0   6  10   8   2   1   7   3   7   0   0  17  0.13 0.18
   75 N    -2   1   3  -1  -4   0  -1   4   0  -2  -2   0   0  -4  -1  -1  -1   0  -4  -2    2   7  17   3   0   4   4  31   2   2   5   7   2   0   3   4   3   1   0   3  0.40 0.31
   76 K    -2   0   0   1  -4   2   1   2  -1  -2  -4   3  -3  -5  -3   1   0  -4  -4  -3    2   5   3   6   0  11   7  19   2   3   1  24   0   0   0  10   4   0   0   2  0.42 0.34
   77 Y    -1   1  -2  -1  -4   1   3  -2   1  -1  -1   2  -1  -2  -2  -1   0   2   1   0    3   9   0   2   0   7  21   3   3   3   6  15   1   1   1   4   5   3   6   7  0.23 0.24
   78 Q    -2   0  -1   1  -4   3   4  -2   1  -2  -2   0  -3  -3   0  -1   0   0   2  -1    2   4   2   8   0  12  29   2   3   2   3   4   0   0   4   5   5   1   7   6  0.38 0.32
   79 Y    -2  -2  -5  -6  -5  -5  -5  -6  -3  -1   1  -5  -1   2  -6  -5  -3   1   8  -2    3   3   0   0   0   0   0   0   0   3  14   0   1   8   0   0   1   1  60   3  1.71 0.72
   80 L    -2  -5  -6  -6   0  -5  -6  -6  -5   3   5  -5   0   1  -6  -5  -4  -5  -1   3    3   0   0   0   2   0   0   0   0  16  51   0   2   6   0   0   0   0   2  18  1.00 0.48
   81 L    -2  -5  -3  -6  -4  -5  -6  -6  -5   5   2  -5   2   2  -6  -3  -2  -4   1   2    2   0   1   0   0   0   0   0   0  38  22   0   4   8   0   2   2   0   5  14  0.87 0.44
   82 T     3  -4  -1  -4  -1  -3  -2   1  -4  -3  -2  -2   0  -2  -4   2   3  -5   0  -1   30   0   3   0   1   0   1  11   0   1   4   2   3   1   0  13  21   0   4   4  0.46 0.36
   83 G     1  -1  -1   1  -2  -1  -1   1  -1  -1  -1  -1   2  -1  -2   1   1  -1   2  -1   13   1   1  13   0   1   1  13   0   1   1   1  13   0   1  13  13   0  13   1  0.13 0.07
   84 R     0   3   0   0  -3   1   0  -3   1  -2   0   0   0   0   0   0   0   2   2  -1   10  17   4   4   0   5   4   1   4   0  10   6   3   3   4   5   5   3   9   4  0.13 0.12
   85 V     0   0  -1   0   2   1   0   0   2   0   0   0   1   1  -2   0   0  -2   1   0    6   6   0   6   6   6   6   6   6   6   6   6   6   6   0   6   6   0   6   6  0.04 0.09
   86 Y    -1   0   0   1  -4   0   2  -1   1  -1  -2   0   0  -1   2   0  -1   2   1  -1    4   5   4   9   0   4  14   5   4   3   4   5   3   3  10   5   3   4   5   4  0.14 0.15
   87 D     0   0   0   0  -3   1   0   0   2   0  -1   0  -1  -2   1   0   0   3   1   0    6   6   6   6   0   6   6   6   6   6   6   6   0   0   6   6   6   6   6   6  0.08 0.10
   88 G    -1   0   2   1  -4  -2   0   4   1  -1  -1   0   1  -4  -3   0  -1  -4  -3  -3    4   4  12   6   0   0   6  32   4   4   6   4   4   0   0   5   4   0   0   0  0.32 0.27
   89 K    -1   1   0   0  -3   0   0   1   1  -1  -1   2   1  -1  -1   0   0   1   0   0    3   9   4   4   0   4   6  10   5   3   3  16   5   2   2   5   5   2   4   7  0.09 0.12
   90 M    -1   0  -2  -3  -3  -1  -1  -3  -3   1   3  -1   2   1  -1  -2  -1   2   0   2    6   6   2   1   0   2   4   1   0   6  30   4   6   6   4   1   2   3   4  13  0.21 0.19
   91 Y    -2   0   0   0  -4   2   0  -2   5  -3  -1  -1  -1   1  -1   0   0   2   2  -2    2   5   3   6   0  12   4   3  17   0   5   3   2   7   3   9   5   2   9   3  0.29 0.24
   92 T     0  -3  -3  -3  -3  -3  -3  -3   1   3   1  -3   2   1  -3   0   2   3  -2   1    6   0   0   0   0   0   0   1   5  24  12   0   6   5   0   8  15   5   0  10  0.35 0.24
   93 G    -1  -1   2   0  -3   0  -1   1   2  -1  -2  -1  -2   0   0   1   2  -3   1  -1    0   3  10   5   0   3   3  12   7   3   3   3   0   4   4  13  15   0   6   4  0.14 0.15
   94 L    -1   2  -1  -3  -3   0  -2  -2   1   0   2   0   1   1  -1   0   0  -3   1  -1    3  14   3   0   0   3   0   2   5   3  26   5   3   7   3   8   8   0   7   2  0.17 0.16
   95 C     0  -7  -6   0  11  -6  -6  -6  -7  -5  -2  -6  -5  -6  -6  -1  -5  -6  -6  -1    7   0   0   6  74   0   0   0   0   0   4   0   0   0   0   4   0   0   0   4  2.72 0.81
   96 N    -1  -3   2   3  -4   0  -1   3   2  -4  -5  -1  -4  -2  -3   3   0  -5  -3  -4    2   0   8  20   0   3   2  23   6   0   0   3   0   2   0  26   5   0   0   0  0.52 0.29
   97 F    -2  -2  -4  -3  -4  -1  -4  -2  -2   0   1  -4   0   5  -5  -4  -2   5   5  -1    2   2   0   1   0   4   0   3   0   5  15   0   3  27   0   0   3   8  23   4  0.74 0.33
   98 V     1   0   2  -3  -3  -2  -3  -3   0   3  -1  -2   1  -1  -2  -1   0  -3   0   2   15   5  14   0   0   0   0   0   3  20   3   2   3   1   1   2   5   0   4  21  0.24 0.21
   99 E     0   1  -1  -1  -3   1   2  -3  -1   0  -1   2   2  -2  -1  -1  -1  -3   0   1    8   8   2   1   0   7  16   1   1   6   5  16   6   1   2   2   2   0   4  11  0.16 0.16
  100 R    -2   1   0  -2  -5   0   2  -3   0  -4  -2   1  -2  -1   6  -1  -2  -5  -4  -3    2   8   4   2   0   3  14   1   2   0   5   8   1   3  41   3   2   0   0   2  0.82 0.39
  101 W    -4  -5  -6  -4  -5  -3  -5  -6  -1  -3  -2  -4  -2   0  -6  -4  -2  11   4  -4    2   0   0   1   0   1   0   0   1   1   4   1   1   3   0   1   3  67  11   1  2.87 0.89
  102 D    -1   0   2   3  -3  -1   1  -2   2  -2  -2   1  -3  -3  -2   2   0  -3   1  -3    4   4  13  19   0   1   8   2   5   2   3   9   0   0   1  17   5   0   6   1  0.30 0.21
  103 Q    -1   1   2   2  -4   1   1  -1   1  -4  -3   1  -2  -3  -3   2   1  -1  -2  -3    2   9  12  12   0   7  11   4   3   0   2   6   1   1   0  16   7   1   1   0  0.26 0.21
  104 L    -2  -2  -4  -5  -3  -4  -4  -5  -4   1   4  -2   3  -1  -3  -3  -1  -4  -3   3    3   2   0   0   0   0   0   0   0   6  51   2   7   2   1   1   4   0   0  21  0.70 0.37
  105 T    -1  -3  -1  -2  -4   0  -1  -4  -4  -2  -4  -1  -4  -1   0   4   5  -5  -2  -3    2   0   1   1   0   3   3   0   0   2   0   4   0   3   4  36  39   0   1   0  0.81 0.50
  106 L     1   1  -1  -1  -3   0   0  -2  -2   0   0   0  -1  -2   3   1   0  -2  -3   0   11   7   3   2   0   4   6   1   0   5  12   6   1   1  19  11   6   0   0   5  0.21 0.16
  107 S     1   1  -1   0  -1   0   1  -1   1  -1  -2   1   0  -2  -1   1   2  -4  -2   0   14   8   1   6   1   4   7   3   4   2   2  10   2   1   2  12  13   0   0   6  0.14 0.15
  108 Q    -4  -3  -1   1  -6   7   4  -5  -1  -4  -2   0  -1  -1  -5  -3  -4  -5  -5  -4    0   0   2   6   0  55  22   0   1   1   4   4   1   3   0   0   0   0   0   1  1.35 0.68
  109 R    -4   6  -3  -4  -6   1   0  -5  -1  -1  -3   5  -4  -5  -3  -2  -2  -6  -4  -3    0  44   0   0   0   4   5   0   1   5   3  33   0   0   1   2   1   0   0   1  1.13 0.54
  110 K     0   4   1   0  -4   1   2  -2   1  -2  -2   4   0  -3  -3  -2  -2  -5  -3  -2    7  21   6   5   0   4  12   1   3   1   4  26   2   1   0   1   1   0   0   3  0.42 0.28
  111 G     1  -1   2  -2  -3  -2  -2   5  -1  -3  -5  -1  -3  -2  -4   1  -1  -5  -2  -3   14   4  10   1   0   1   2  43   1   1   0   2   1   1   0  13   3   0   1   2  0.65 0.35
  112 L    -4  -5  -5  -6  -4  -5  -5  -6  -5   2   5  -5   1   5  -5  -5  -1  -3  -2   1    0   0   0   0   0   0   0   0   0  10  54   0   2  23   0   0   4   0   0   7  1.05 0.47
  113 N    -2   3   4  -2  -4   0   0  -2  -2  -3  -2   2  -1  -4  -1   2   1  -5  -4  -3    2  19  20   0   0   4   6   1   0   1   3  11   2   0   2  17  11   0   0   1  0.45 0.30
  114 Y    -2  -1  -1  -2  -4   3   0   2   5  -3  -3   3  -3  -1  -3  -1  -2   2   1  -4    1   2   2   1   0  14   5  17  20   1   2  19   0   2   1   3   2   3   5   0  0.52 0.31
  115 R     0   2  -1  -3  -3  -2  -1   0   2  -1   1   1   1  -1  -3  -1   2  -1   0   0    9  17   3   0   0   0   2   6   6   2  13   9   5   2   0   1  16   1   4   6  0.16 0.17
  116 Y    -5  -5  -4  -6  -6  -5  -6  -4  -1  -5  -5  -5  -1   2  -6  -5  -5  -2   9  -5    0   0   1   0   0   0   0   1   1   0   0   0   1   5   0   0   0   0  89   0  2.85 0.86
  117 H     1   1   0   1  -4   4   1   0   3  -4  -4   2  -3  -4  -1   1  -1  -4  -2  -4   10   6   3   7   0  21   5   7  10   0   1  14   0   0   3  10   2   0   1   0  0.39 0.24
  118 L     1   0  -1   0   4   2   0  -3  -1  -2   0   2   3  -2  -3  -1  -1  -4  -2  -2   12   4   2   5  11  12   5   0   1   1  10  16  11   1   0   4   3   0   1   1  0.27 0.22
  119 G     0  -2   3  -2  -5  -1  -3   5  -1  -3  -5  -1  -4  -3  -4   1  -3  -5  -1  -5    7   1  17   1   0   3   0  52   1   2   0   3   0   1   0  10   0   0   2   0  0.93 0.39
  120 C    -3  -8  -7  -8  11  -7  -8  -7  -7  -5  -5  -7  -6  -7  -7  -5  -2  -7  -7  -5    1   0   0   0  96   0   0   0   0   0   0   0   0   0   0   0   2   0   0   0  3.95 0.98
  121 N    -3  -2   4   4  -5   2   4  -3  -2  -5  -5  -2  -4  -5  -3   2  -2  -5  -4  -5    0   0  22  24   0   9  27   0   0   0   0   0   0   0   0  17   0   0   0   0  0.86 0.32

                      K         Lambda
Standard Ungapped    0.1387     0.3233
Standard Gapped      0.0406     0.2670
PSI Ungapped         0.1337     0.3115
PSI Gapped           0.0406     0.2670
