
Last position-specific scoring matrix computed, weighted observed percentages rounded down, information per position, and relative weight of gapless real matches to pseudocounts
            A   R   N   D   C   Q   E   G   H   I   L   K   M   F   P   S   T   W   Y   V   A   R   N   D   C   Q   E   G   H   I   L   K   M   F   P   S   T   W   Y   V
    1 D    -4  -3   4   7  -5  -2   1  -3  -3  -5  -6  -2  -5  -6  -4  -2  -3  -6  -5  -5    0   0  19  73   0   0   8   0   0   0   0   0   0   0   0   0   0   0   0   0  1.58 0.44
    2 P    -1  -3   0  -1  -5   0   1  -4   3  -5  -4  -1  -4  -4   7   0  -2  -5   1  -3    3   0   5   3   0   3   8   0   7   0   1   2   0   0  52   7   2   0   6   1  1.13 0.41
    3 M    -1   1   3   1  -3   1  -1  -3  -2  -3  -1   1   0   0  -3   2   2  -4  -3  -2    2   6  16   6   0   9   2   0   0   0   5  11   2   4   0  20  14   0   0   2  0.28 0.21
    4 K    -3   4  -2  -2  -6   2   0  -4   3  -5  -4   6  -4  -5  -4  -2  -3  -1  -2  -5    0  19   1   2   0  10   6   0   7   0   1  52   0   0   0   1   1   1   1   0  1.08 0.49
    5 N    -3   3   5   0  -1  -1  -2  -4  -1  -3  -5   0  -4  -4  -4  -2   4  -5   2  -3    0  15  32   5   1   2   1   0   1   1   0   5   0   0   0   1  27   0   7   1  0.79 0.43
    6 T    -2   1   0  -4  -4  -2  -3  -4  -4   0  -3  -3  -3  -1  -4   1   6   0  -3   1    2   8   5   0   0   1   1   0   0   5   1   0   0   2   0  12  52   1   1  10  0.83 0.47
    7 C    -5  -7  -7  -8  11  -7  -8  -7  -7   0  -5  -7  -5  -6  -7  -5  -5  -7  -6   0    0   0   0   0  87   0   0   0   0   5   0   0   0   0   0   0   0   0   0   7  3.59 1.05
    8 K    -2   0   1   0  -4   1   3  -1  -2  -2   0   0   0  -3   1   1   0  -1  -3  -2    0   3   7   4   0   6  28   5   0   2  10   5   2   1   7  10   6   1   1   1  0.27 0.24
    9 L    -2  -5  -6  -6  -4  -5  -6  -6  -6   3   5  -5   3  -3  -6  -5  -1  -5  -4   1    3   0   0   0   0   0   0   0   0  15  65   0   8   0   0   0   4   0   0   6  1.23 0.55
   10 L    -1   0  -3  -5  -2  -2  -2  -4   4  -2   1  -1  -2   4  -5  -3  -2  -2   5   1    5   5   1   0   1   1   2   1  11   1  15   4   0  15   0   1   2   0  25  11  0.59 0.36
   11 V    -1  -5  -6  -6  -4  -5  -6  -6  -6   5   4  -5   1  -1  -5  -5  -3  -5  -4   4    5   0   0   0   0   0   0   0   0  30  34   0   3   2   0   0   1   0   0  26  1.00 0.47
   12 V    -3  -1  -3   0  -4   4  -3  -6   1   2  -2  -2   0  -4  -5  -4  -3  -6  -2   5    1   3   1   5   0  19   1   0   3   8   1   2   2   0   0   0   1   0   1  53  0.94 0.53
   13 A     5  -5  -5  -5  -2  -4  -4  -2  -5   0  -4  -4  -1  -5  -4  -1   2  -6  -3   2   60   0   0   0   1   0   0   2   0   5   0   0   1   0   0   4  11   0   1  16  1.04 0.58
   14 D    -6  -6  -3   8  -8  -5  -3  -3  -6  -8  -8  -5  -8  -8  -6  -5  -6  -9  -8  -8    0   0   0  98   0   0   0   2   0   0   0   0   0   0   0   0   0   0   0   0  2.97 1.10
   15 H    -3  -1   1  -3  -6   0  -3  -5   8  -6  -5  -3  -5  -1   2  -1  -1  -2   5  -4    2   2   6   1   0   3   1   0  42   0   0   1   0   3  10   6   4   0  19   1  1.37 0.65
   16 R    -1   3  -1  -1  -4   0  -1  -1  -1  -2   1   1   0   0  -3   0   1  -3   0  -2    5  22   1   4   0   4   1   4   1   0  16   9   2   4   0   8  12   0   4   1  0.22 0.23
   17 F    -3  -5  -6  -6  -5  -5   0  -6  -4   0   2  -5   5   7  -6  -5  -2  -3   2  -1    1   0   0   0   0   0   7   0   0   3  16   0  17  45   0   0   2   0   6   3  1.24 0.58
   18 Y    -5  -6  -4  -7  -5  -5  -6  -6   0  -3  -1  -6  -1   6  -6  -4  -1   5   7   1    0   0   1   0   0   0   0   0   2   1   6   0   1  35   0   1   4   8  34   9  1.51 0.66
   19 R     0   2   1   0  -4   3   1  -3  -2  -3  -2   3  -1  -4  -3   1   1  -5  -4  -2    7  12   6   4   0  16   7   1   0   1   3  18   1   0   0  12  11   0   0   2  0.38 0.29
   20 Y    -1   2   0  -3  -5   0   0  -2   5  -2  -2   3  -2   0  -4  -1  -1  -3   4  -3    4  12   5   0   0   2   6   2  17   2   4  19   1   3   0   3   4   0  14   1  0.48 0.33
   21 M    -3  -3  -4  -5  -1   1  -4  -5   3   2   0  -4   4   3  -5  -3  -3   2   5   0    1   1   0   0   1   7   0   0   9  11  10   0  14  10   0   1   1   2  23   7  0.70 0.42
   22 G    -1   0   0  -2  -2  -2  -3   6   2  -3  -3   0  -4  -4  -3  -2  -2  -4  -3  -2    4   4   3   2   1   2   1  61   4   2   3   5   0   1   1   2   2   0   1   3  0.99 0.44
   23 R    -2   3   3   1  -4   1   0   1  -1  -4  -3   1  -1  -3  -3   3   0  -4  -3  -4    1  15  15   6   0   5   7  10   1   0   2   6   1   1   0  23   5   0   0   1  0.38 0.28
   24 G    -1   3   3  -1  -2   0  -1   3   0  -3  -2   0  -1  -1  -3   1  -1  -1  -3  -2    2  18  15   2   1   4   2  21   2   1   3   4   1   3   1  14   2   1   0   3  0.33 0.24
   25 E    -2  -2   4   4  -4   0   3  -3  -1  -4  -3  -2  -3  -3  -2   2  -1  -5  -4  -4    1   2  22  24   0   3  22   1   1   1   3   1   1   1   1  13   2   0   0   1  0.68 0.39
   26 E     1   0  -1  -1  -2   1   1  -2  -1   0   0   0   0  -1   0   1   0  -3  -1   1   15   4   2   1   0   6  10   1   1   7   7   4   3   2   5  11   6   0   2  12  0.09 0.11
   27 S     1  -1   0   3  -3   1   2   0   0  -2  -3   0  -2  -2  -1   1   0  -3  -1  -1   13   2   4  16   0   5  15   5   3   2   2   7   1   1   3  12   5   0   2   4  0.20 0.16
   28 T     1   1   0  -1  -3   1   1  -2   0   0  -1   2  -1  -2  -1   0   2   0  -2  -1   15   9   3   3   0   6   8   2   2   6   3  17   2   1   2   3  13   1   1   4  0.15 0.14
   29 T     2  -3  -4  -4   0  -3  -3  -4  -4   3  -2  -3   0  -3  -4   0   4  -5  -4   3   18   1   0   0   2   0   1   0   0  21   2   0   1   0   0   6  27   0   0  19  0.60 0.39
   30 T    -1   3  -2  -4  -3  -1  -2  -3  -3   3   0   1   1  -3  -4  -2   2  -4  -3   2    5  19   1   0   0   2   2   1   0  20   8   9   3   0   0   1  12   0   0  17  0.36 0.28
   31 N     1   1   2   0  -3   1   1  -1   1  -2  -2   1   0  -2  -3   1   1  -1  -2  -2   13   8  13   5   0   8   7   3   3   1   3   6   3   2   0  13   9   1   1   1  0.19 0.18
   32 Y    -2   2  -2  -2  -4   2   0  -3   0  -2   0   1  -1   2  -4  -2  -1   4   4  -2    3  15   1   2   0  11   7   1   2   2   9   7   1  10   0   2   3   7  16   3  0.38 0.28
   33 L    -3  -5  -5  -5  -4  -4  -4  -6  -5   5   3  -5   5   0  -5  -4  -3  -1  -3   3    2   0   0   0   0   0   1   0   0  32  28   0  15   3   0   0   1   1   0  18  0.94 0.45
   34 I     0  -2  -2  -3  -3  -2  -3  -3   1   3   1  -2   0   1  -3   0   1  -3   1   2   10   2   1   0   0   1   0   1   5  17  17   1   2   6   0   7   8   0   5  16  0.22 0.19
   35 E    -1  -1   1   1  -4   2   3  -2   1  -1  -3  -1  -3  -2  -3   3   1  -4  -2  -3    4   2   7   6   0   9  22   3   4   4   2   2   0   1   0  23   8   0   1   1  0.36 0.29
   36 L    -2  -1  -3  -1  -4  -1  -3  -3   6   2   1  -3   3   1  -4  -3  -2   1   2   1    3   3   0   3   0   3   0   1  20  15  14   0   9   5   0   1   2   2   7  12  0.45 0.31
   37 I    -1  -4  -5  -5  -3  -4  -4  -5  -2   4   1  -4   2   2  -4  -3  -1   2  -1   4    5   0   0   0   0   0   0   0   1  23  11   0   6   8   0   1   4   3   2  36  0.68 0.38
   38 D     0  -1   5   2  -4   2  -1  -2   0  -2  -4   1  -2  -2  -4   0   0  -2  -3  -3    7   3  36  12   0   8   2   1   2   3   1   8   1   2   0   7   6   1   1   1  0.58 0.37
   39 R     2   3   1  -2  -2   0  -1   0   1   0  -1  -1   2   0  -3   0   0  -3   1  -2   22  18   7   1   1   3   2   6   4   5   3   1   6   4   0   4   7   0   6   0  0.21 0.23
   40 V     1  -5  -5  -5  -4  -4  -3  -5  -5   3   0  -4   1  -3  -5  -2  -2  -5  -4   6   11   0   0   0   0   0   2   0   0  13   8   0   3   0   0   3   2   0   0  56  0.99 0.50
   41 D    -2  -2   6   4  -5   1   0  -4   1  -5  -5   0  -4  -1  -4   0  -2  -5  -2  -5    2   1  37  28   0   7   4   0   2   0   0   4   0   3   0   6   2   0   2   0  0.97 0.50
   42 D     1   1   1   1  -3   1   2  -1  -1  -2  -1   1   1  -2  -2   0   0  -3   0  -1   11   6   7   7   0   5  18   4   1   2   6  10   4   1   0   6   5   0   4   3  0.15 0.14
   43 I    -2  -1  -2  -5  -4  -4  -5  -4  -2   6   2  -4   3  -1  -5  -2  -3  -5  -2   1    3   3   3   0   0   0   0   1   1  55  14   0   6   3   0   3   0   0   1   6  0.95 0.47
   44 Y    -5  -5  -5  -6  -1  -5  -5  -6   1  -4  -1  -5  -1   5  -6  -5  -5  -2   9  -4    0   0   0   0   1   0   0   0   3   0   5   0   2  22   0   0   0   0  64   0  2.19 0.84
   45 R    -2   5   0  -1  -5   3   0  -2   0  -2  -2   2   0  -4  -4   0   0  -4   0  -3    2  33   4   2   0  13   6   2   2   2   4  13   2   0   0   5   4   0   3   1  0.51 0.36
   46 N    -1   0   4   2  -4  -1   0  -1   2  -3  -2   0  -2  -2   2   0   0  -4   2  -2    3   6  21  11   0   1   5   4   6   0   3   5   1   1  10   8   6   0   7   2  0.29 0.25
   47 T    -1  -3  -2  -4  -4  -1  -2  -4   0  -1   1  -1   1  -4  -1   0   5   0  -4  -1    5   0   1   0   0   3   2   0   3   3  15   3   3   0   4   5  48   1   0   4  0.66 0.47
   48 A    -2  -1   3   3  -3   0   0  -2  -2   0  -1   1  -1  -3  -1   1   0  -3   1  -1    2   2  17  19   0   3   5   2   0   6   5   9   1   0   2  11   6   0   5   5  0.24 0.22
   49 W    -4  -1  -5  -5  -4  -4  -4  -5  -4   1   0  -1  -3   6  -5  -4  -1   8   2  -1    1   3   0   0   0   0   1   1   0   8   7   5   0  40   0   1   4  20   5   4  1.22 0.52
   50 D    -1  -1   2   4  -3   0   1   0  -2  -1  -3   0   0  -3   0   0   0  -3  -3  -1    4   4  10  29   0   3   8   8   0   4   2   4   4   1   4   5   6   0   1   4  0.31 0.22
   51 N    -1   1   2   1  -2   0   0   1   1  -1  -1   0  -1   0  -1   0   0  -2   1  -1    4  10  11  10   0   4   4  11   3   3   5   4   0   4   3   4   5   0   5   6  0.08 0.09
   52 A     0   0   1   3  -3   1   1   0  -2   0  -1   0   0  -3   0   0   0  -3   0  -1    6   4   8  17   0   7   9   7   0   8   4   3   2   0   4   8   4   0   3   5  0.13 0.14
   53 G     0   0   1  -1   0   1   0   3  -1   0  -2  -1  -1  -2   0   0  -1  -2  -2  -1    5   5   8   3   3   8   5  28   1   6   3   3   2   2   4   6   3   0   1   5  0.19 0.14
   54 F    -1  -2  -1  -3  -3  -1  -3  -1   1   3   1  -2   1   4  -1  -2  -2   0   2   0    4   2   3   1   0   4   1   4   4  21  14   1   2  18   3   2   2   1   6   5  0.26 0.19
   55 K     0   2   0   1  -2   1   0  -1  -2   0  -1   1  -1  -2   0   0   1  -3  -1   0    6  13   5   8   0   5   4   4   0   5   3  11   2   1   3   7   9   0   2  10  0.10 0.10
   56 G    -3  -2   4   0  -4  -1  -3   5   0  -3  -1  -2  -2  -1  -4  -2  -2  -4  -2  -4    1   1  22   5   0   3   1  44   2   2   7   2   1   2   1   2   2   0   1   1  0.76 0.41
   57 Y    -2  -4  -4  -4  -3  -4  -4  -2  -3   5   2  -3   2   1  -4  -2  -1  -3   3   2    2   0   0   0   0   0   1   4   0  37  15   1   5   6   0   3   2   0  12  10  0.61 0.36
   58 G    -1   1   1  -1  -4   0   1   4  -1  -3  -4  -1  -3  -3  -1   0   0  -4  -4  -3    3   9   7   2   0   4  10  39   1   1   1   3   0   1   2   8   6   0   0   1  0.51 0.32
   59 I    -4  -5  -5  -5  -4  -5  -5  -3  -4   3   1  -5   1   7  -3  -4  -3  -3  -1   2    0   0   0   0   0   0   0   3   0  19  10   0   3  43   1   0   1   0   0  17  1.10 0.54
   60 Q     0   1  -2  -3  -2   3   1  -2  -3  -2  -1   0   2  -1  -3   0   0   6  -1   1    9   6   1   0   1  16  11   3   0   2   3   6   6   3   0   7   4  11   1  10  0.29 0.26
   61 I    -1  -3   0  -2   1  -3  -3  -2   0   4   1  -3   1   0  -1  -1  -1  -3  -2   2    4   0   5   3   3   0   0   3   2  27  14   0   2   5   3   4   4   0   0  19  0.25 0.22
   62 E    -1   1   1   0  -3   2   1   1   1  -1  -1   2  -2  -3  -2   0  -1   3  -2   0    5   5   7   4   0  11   7  11   3   3   5  19   0   0   0   5   3   5   0   7  0.17 0.18
   63 Q     0   3   1   0  -3   2   0   1   0  -1  -1   2   0  -1  -2   0  -1  -3  -1  -2    6  17   8   3   0  12   5  11   3   3   6  11   2   2   0   5   3   0   2   0  0.17 0.17
   64 I    -4  -3   0   0  -4  -5  -5  -6  -5   6   2  -5   2  -1  -5  -5  -1  -5  -3   2    1   2   4   6   0   0   0   0   0  43  17   0   4   3   0   0   4   0   1  15  0.91 0.54
   65 R    -2   3  -2  -1  -4   1   1  -2   1   1   0   2  -2  -1  -2   0   1  -4  -3  -1    2  16   1   3   0   6   9   2   4   9  10  16   0   2   1   6   8   0   0   4  0.23 0.24
   66 I    -3  -6  -4  -1  -5  -6  -6  -7  -3   6   0  -6  -2  -1  -6  -4  -3  -6  -5   5    1   0   1   4   0   0   0   0   1  47   6   0   1   2   0   1   1   0   0  34  1.37 0.71
   67 L    -1  -2   3  -2  -1  -2  -1  -3   5  -1   0  -2   0   1  -1  -2  -2   6   2  -1    5   2  14   1   1   1   3   2  16   4  11   2   3   7   3   3   1  11   6   5  0.45 0.33
   68 K    -2  -1   1   0  -3   0   1  -2  -1   0   1   0  -1  -2  -3   1   3  -3   0   0    1   2   7   6   0   3   8   3   1   5  13   7   1   1   1  12  18   0   4   6  0.15 0.19
   69 S    -2  -1   1   2  -4  -1   2  -3   0  -3  -4  -1  -2  -3  -2   3   4  -4  -2  -1    3   2   7  11   0   1  15   1   2   1   1   2   1   1   1  20  25   0   1   5  0.47 0.38
   70 P     0  -2  -2   1  -2  -1   1   1  -3  -2  -2  -1  -2  -2   5   0  -1  -1  -1  -1    6   1   2  10   1   2  10  11   0   2   3   3   1   2  26   8   3   1   3   6  0.40 0.30
   71 Q    -1  -3   1   4  -4   2   1  -2  -2  -3   0  -2  -2  -4  -2   1   3  -5  -4  -3    5   0   6  25   0   9   8   2   1   1   9   1   1   0   1  12  17   0   0   1  0.47 0.38
   72 E     0   0   0   2   1   0   3  -1  -2  -2  -1   1  -1  -2   2   0   0  -3  -2  -2    7   4   3  11   4   3  19   4   1   2   8   9   1   2  10   8   5   0   1   1  0.19 0.18
   73 V     0  -1  -1   1   3  -2  -1  -2  -1   2   0   0   1  -2   0   0   0  -3  -1   2    6   3   3   8   7   1   5   2   1  13   7   6   3   1   4   7   4   0   2  18  0.10 0.12
   74 K     0   0  -1   3   1  -1   0   0  -1  -3  -2   0  -3  -2   1   1   0   5   0  -2    8   5   3  18   3   2   4   6   2   1   4   6   0   1   6  11   5  10   4   2  0.25 0.20
   75 P     0  -2   0  -1   2  -2  -1  -1  -3   1  -2  -2  -2  -2   4   0   1  -3  -1   1    6   2   4   4   4   2   3   6   0   9   4   2   1   1  23   8   9   0   2  10  0.30 0.21
   76 G     0  -1   2   1   0   1   0   2  -2  -1  -1   0  -2  -2  -1   1   1  -2  -1  -2    6   3   9   6   2   6   6  18   1   4   6   5   1   2   3  11   9   0   2   2  0.13 0.12
   77 E    -1   1   1   0  -2   2   2   0   2  -2  -2   0  -1  -2   0   1   0   2  -1  -2    5   9   6   5   1   9  13   7   6   2   4   6   1   1   5   9   4   3   2   2  0.15 0.12
   78 K     0   0   1   3  -3  -1  -1  -1   2  -2  -2   1  -2  -2   2   0  -1  -3  -1  -1    9   6   6  20   0   2   2   5   6   2   4   9   1   2  10   6   2   0   2   5  0.22 0.16
   79 H     0   0   0  -1  -2   0  -1   0   5  -2   0  -1  -1   0   1   0  -1  -1   0  -2    9   5   4   3   1   3   4   7  19   2   9   3   1   3   7   9   3   1   3   3  0.21 0.16
   80 Y    -1   0   1  -1  -1  -2   0  -1  -1   0  -2  -2  -2   3  -1   1  -1  -1   5  -1    5   5   6   3   2   1   6   4   1   5   4   2   1  10   3  10   3   0  26   4  0.35 0.25
   81 N    -1   1   5   0  -3  -1  -1   0  -1  -2  -3   0  -3  -2  -1   0   1  -3  -3  -1    4   8  32   4   0   2   3   7   2   2   3   5   1   1   3   6  10   0   1   4  0.43 0.27
   82 M    -1  -1  -1  -1  -2   0  -1  -1  -1   0  -1  -2   5   1   0   1   1  -2  -1   1    5   3   2   4   0   4   4   4   1   5   4   2  18   6   4  10  12   0   1  12  0.18 0.19
   83 A     1   0   0   0  -1   0   0  -1  -1  -1   1   0   0  -2   0   1   1  -2  -1   0   13   6   3   5   1   5   5   4   1   2  17   3   2   1   4  11  11   0   2   4  0.06 0.09
   84 K     0   0   3   2  -2   0   0   1   0  -2  -1   1  -2  -1  -1   0  -1   1  -1  -2    8   4  16  10   1   3   6  11   2   1   5   9   1   4   2   7   3   3   2   2  0.15 0.12
   85 S     1   0   0  -1  -1   0  -1  -1   0  -2  -1   0   0  -2   2   3   0   0   0  -1   10   5   4   2   1   3   4   3   2   2   5   4   2   1   9  29   5   1   3   4  0.21 0.20
   86 Y    -1  -1   0   0  -3  -1  -2  -2   2  -1  -1  -1  -2   5  -1  -2  -1   0   3   0    5   3   6   5   1   3   2   3   4   3   3   3   1  28   4   3   4   1  12   6  0.37 0.24
   87 P    -1   0   0  -2   5   0  -2  -1   0  -1   0  -2   0   0   3  -1   2  -2   0  -1    3   5   4   2  14   3   2   5   2   3   8   1   2   4  18   3  14   0   4   3  0.33 0.23
   88 N    -1  -1   2   1  -2   0   0  -1   0  -1   1   0   0   1  -1   0   0  -2  -1  -1    3   3  13  10   0   3   6   5   2   1  19   6   2   6   3   5   4   0   2   4  0.08 0.11
   89 E     0  -1   1   1   0   0   2  -1   0   0  -2   0  -2  -1   0   0   0   5   0  -1    6   4   7   8   2   3  15   4   2   6   3   4   1   2   5   8   5  10   2   4  0.18 0.14
   90 E    -1   0   4   0  -3   2   1  -1   0  -2  -2   0  -2  -1  -2   1  -1  -3   0  -2    5   5  25   4   0   8   7   5   2   2   5   4   1   2   2  12   4   0   3   2  0.26 0.22
   91 K     0   1   0  -1  -2   0   0  -1   1   0   0   1   0   2   0   0   0  -2   1   0    7   7   3   3   0   4   5   5   3   5   8  12   1  13   5   6   4   0   4   5  0.05 0.07
   92 D    -1   0   1   2  -3   0   1   2  -1  -1  -1   0  -1   0  -1   0   1  -2  -2  -2    3   5   5  15   0   4  10  15   1   4   8   4   1   5   3   5   9   0   1   1  0.13 0.12
   93 A     1  -1   1  -1   0   0   1  -1  -1   0   0   0  -1  -1   0   0   0  -2  -2   1   12   3   7   2   2   2  12   3   1   5   8   5   0   3   4   7   7   0   1  14  0.06 0.09
   94 W    -2  -2  -4  -2  -4  -3  -3  -4  -4   2   0  -4  -2   1  -5   1  -2  10   0  -2    3   2   1   3   0   1   2   2   0  13   8   1   1   5   1  10   2  43   2   2  1.56 0.73
   95 D    -1   3   1   4  -4  -1   1   2  -3  -3  -2  -1  -3  -2  -2   0   0  -4  -3  -3    5  17   7  23   0   2   7  13   0   1   4   3   0   2   2   5   6   0   1   1  0.37 0.30
   96 V     1  -1   1  -2  -3  -1   0  -2   0   0  -1   0   0   1   1  -1   0  -3   0   2   16   4   9   1   0   3   6   2   2   5   2   7   2   6   6   2   4   0   3  19  0.11 0.17
   97 K     0   2   1  -1  -1   2   1  -1  -1  -2   0   1   0  -1  -2   1   0  -3  -1  -1    6  13   6   3   1  10   9   3   1   2  11   9   2   3   0  10   7   0   1   2  0.13 0.15
   98 M     0   0   3   2  -3   1   0  -1   1  -2  -1   1   0  -1  -2   0   0  -3   0  -1   11   4  15  14   0   5   4   4   3   0   4  11   3   3   0   6   4   0   3   4  0.16 0.17
   99 L    -2  -1  -3   0  -3  -3  -3  -2   0   0   4  -1   1   1  -2  -2  -1   2   1   0    3   3   0   7   0   0   0   3   2   3  46   3   2   7   2   3   3   3   4   4  0.37 0.33
  100 L    -1   0  -1  -3  -3   0  -1  -2   1   0   3  -2   1   0  -1  -1   0   1  -2   0    3   7   2   0   0   3   5   3   4   5  39   0   2   3   2   4   8   2   0   6  0.24 0.25
  101 E     0   0   0   0  -3   1   0   0   2   0  -1   0   1  -2   1   0   0   3  -2   0    6   6   6   6   0   6   6   6   6   6   6   6   6   0   6   6   6   6   0   6  0.08 0.11
  102 Q     0   2   0  -1  -3   2   1  -1   0   0   0   0   0   0  -1  -1  -1   1   0  -1    8  14   3   3   0  11  10   4   2   6  12   3   2   3   2   4   2   2   4   4  0.09 0.10
  103 F    -1  -1  -1  -2  -3  -1  -3  -2   3   1   1   0   1   5  -3  -2  -2   1   2  -1    5   3   2   2   0   3   1   2   7   7  13   6   4  29   1   1   2   2   5   2  0.36 0.22
  104 S     0   0   1  -1  -3  -1  -1   0  -1  -3  -2  -1  -3  -3   0   4   0  -1  -3  -2    8   5   6   3   0   2   2   8   1   1   5   3   0   1   5  43   3   1   1   3  0.43 0.29
  105 F    -1   1  -1  -2  -2   0   0  -1   4  -1   0   0   1   1  -1   0   0   0   1  -1    4  11   3   1   0   5   6   3  12   2  10   5   5   6   3   7   8   1   5   3  0.11 0.11
  106 D     0  -1   2   4  -2  -1   0   0  -2  -2  -2   0  -2  -2  -2   1   1   2  -1  -2    6   3  12  25   0   2   5   6   1   1   5   5   1   2   1   9   9   3   2   2  0.28 0.16
  107 I     0   0   2  -1   0  -1  -1   1  -1   1  -1  -1  -1  -1  -1   1   0   4   1   0    6   5  12   2   2   1   3  10   1  10   4   4   1   2   3  11   3   7   5   9  0.09 0.08
  108 A     3   0   0   0  -2   0   1   0  -1  -1  -1   0  -1  -1  -1   0   0  -2   0  -1   30   6   5   4   1   3   9   7   1   4   5   5   1   2   2   5   4   0   4   3  0.13 0.11
  109 E     0   1   0   1  -3   2   2  -1   0   0  -1   0  -1  -2   0   0   0  -3  -1  -1    7   8   2   9   0  14  17   4   2   6   4   4   2   1   3   7   4   0   2   3  0.16 0.12
  110 E    -1   0   4   3  -3   0   0  -1   2  -3  -1   1  -2  -3  -2   0  -1  -3  -2  -3    4   3  24  18   0   3   6   4   6   1   6  11   0   1   2   4   4   0   1   1  0.35 0.20
  111 A     0  -2   0  -3  -3  -1  -2  -2   6  -1  -1  -2   2   2   0  -1  -2   5   2   0    8   1   4   1   0   2   1   2  23   2   4   2   6  10   4   5   2   8   8   7  0.47 0.26
  112 S     0  -1   1   2  -2   0   0   0  -2  -2  -2   0  -2  -2  -1   2   2  -3  -2  -1    6   3   6  16   0   3   4   5   0   2   3   7   0   1   3  24  13   0   1   3  0.22 0.14
  113 K     0   0   2   3  -3   1   1  -1   2  -3  -3   0  -2  -3   2   1   0  -1  -2  -2    6   4  10  20   0   5   6   3   7   1   2   5   0   1   8  12   6   1   1   2  0.26 0.14
  114 V     0  -2  -1  -3  -3  -2  -2  -3   5   0  -1  -2   0   4  -3  -1  -1  -1   5   1    7   1   2   1   0   1   1   1  15   5   5   1   2  17   1   3   2   0  20  12  0.44 0.22
  115 C    -2  -4  -3   3   9  -3  -1  -3  -3  -3  -3  -3  -3  -4  -3  -2   0  -4  -4  -1    1   1   1  18  55   1   5   1   0   1   2   1   0   1   1   1   5   0   1   4  1.57 0.48
  116 L    -1  -3  -2  -3  -2  -3  -2  -3  -2   0   5  -3   1   1  -3  -1  -1  -3  -2   0    6   1   2   1   0   1   2   1   1   2  61   1   3   5   1   6   2   0   1   4  0.56 0.27
  117 A     5  -3  -1  -3   2  -2  -2   0   0  -2  -3  -2   1  -2  -2   1  -1  -3  -3   0   54   1   3   1   4   1   1   7   2   1   1   1   4   2   1  10   3   0   0   5  0.55 0.30
  118 H    -3  -2   0  -3  -3   1  -2  -3   7   0  -2  -2   0   2  -3  -2   0  -2   5  -1    1   1   4   1   0   6   1   1  35   6   3   1   2   8   1   1   5   0  19   5  0.81 0.34
  119 L    -1  -1   0  -3   0  -2  -3  -2  -3   0   4  -1   2   1  -3  -2  -1  -3   0   1    5   3   5   1   2   0   1   3   0   3  46   5   6   5   1   1   4   0   3   8  0.33 0.21
  120 F    -3  -4  -2  -4  -3  -2  -4  -4  -3   2   3  -4  -1   6  -4  -3  -1   2   1   0    1   0   2   0   0   2   1   1   0  10  28   0   0  35   0   1   4   2   4   7  0.68 0.31
  121 T    -1  -3  -3  -3   3  -3  -3  -1  -4  -1  -3  -3  -3  -4  -3   1   6  -4  -4  -3    5   0   0   0   6   0   1   5   0   4   1   0   0   0   0   9  66   0   0   1  1.15 0.52
  122 Y     0   1   1   1  -3   0   0   1   2  -3  -3  -1  -3   1   0   0  -1   4   2  -3   11   8   9  10   0   3   5  10   5   0   1   3   0   7   4   5   4   7   8   0  0.24 0.22
  123 Q    -1   0   0   0   2   1   0   0   2   0   0   0   1   1  -3   0   0  -2   1   0    0   6   6   6   6   6   6   6   6   6   6   6   6   6   0   6   6   0   6   6  0.05 0.10
  124 D    -1  -1   1   6  -5   0  -1  -1   2  -5  -5   0  -4  -4  -1   0   0  -5   1  -3    4   3   7  43   0   3   2   4   5   0   0   5   0   0   2   7   7   0   5   2  0.71 0.43
  125 F    -4  -5  -1   0   1  -5  -5  -5  -4  -1  -1  -2   0   8  -5  -2  -4   1   1  -4    1   0   4   6   3   0   0   1   0   4   5   3   2  63   0   3   0   2   3   0  1.47 0.64
  126 D    -1   1   1   4   2   1   1  -2  -1  -3  -3  -1  -3  -4   2   1   1  -5  -4  -3    4  10   5  23   5   5  10   2   1   1   1   2   0   0   9   9   9   0   0   2  0.36 0.27
  127 M    -1  -1   0   2   0   0   0   3  -1  -3  -1  -1   0   0   1  -1  -1  -3  -1  -2    5   3   5  12   3   4   6  29   1   0   6   2   3   6   6   2   2   0   2   3  0.24 0.19
  128 G     0  -3   0   0  -4   0  -2   5  -3  -4  -3  -1  -4   0  -1   1   0  -4   0  -4    7   0   5   6   0   5   2  43   0   0   2   2   0   4   3  11   6   0   3   0  0.59 0.37
  129 T    -2  -4  -3  -4  -3  -3  -1  -4  -1   2  -2  -2   0  -3  -4  -2   5  -4  -3   3    2   0   0   0   0   0   4   0   2  12   2   2   2   0   0   0  45   0   0  27  0.82 0.43
  130 L    -2  -3  -2  -4   1  -3  -4  -5  -4   3   5  -4   0  -2  -4  -3  -1  -4  -3   2    2   1   2   0   4   1   0   0   0  14  55   0   1   0   0   0   3   0   0  12  0.73 0.34
  131 G    -1  -2  -3  -4  -5  -4  -1   7  -4  -6  -6  -4  -5  -5  -4  -3  -4  -5  -5  -5    5   3   0   0   0   0   4  84   0   0   1   0   0   0   0   0   0   0   0   0  1.82 0.61
  132 L    -2  -2  -4  -4  -3  -3  -4  -3   1   1   4  -3   2  -1  -4  -2  -2   0   1   0    2   2   0   0   0   0   0   2   4   9  53   1   6   1   0   3   2   1   6   5  0.56 0.30
  133 A     5  -4   0  -3  -3  -3  -3  -1  -4  -4  -4  -3  -3   0  -3   2   0  -4  -4  -3   64   0   4   0   0   0   0   2   0   0   1   0   0   4   0  18   5   0   0   0  0.99 0.48
  134 Y    -3  -2   1  -4  -4  -2  -3  -4   1  -2  -2  -1  -3   3   1   0  -3   7   6  -2    2   2   7   0   0   1   0   0   3   1   3   5   0  10   7   7   0  18  30   3  0.90 0.40
  135 V    -2  -2   0  -3  -3  -1  -1  -1  -3   2   0  -1   2  -2  -1  -1   0  -4  -3   4    1   1   6   0   0   3   3   4   0  14   6   3   5   0   3   3   5   0   0  41  0.36 0.24
  136 G     3  -3  -2  -3   2  -3  -3   4  -3  -4  -4  -3  -1  -1  -3   1  -2  -4  -3  -3   33   0   2   0   4   0   1  38   0   0   1   1   2   3   0  13   1   0   0   1  0.75 0.35
  137 S     1  -1  -1   0  -2   0  -1   0   0  -2  -2  -1   1  -1   1   3   1  -2   2  -2    9   2   2   4   0   3   2   6   3   3   2   2   5   1   6  33   7   0   9   1  0.28 0.22
  138 P     1  -1  -1  -1   2   0  -2  -2  -1   0  -1  -1   3  -2   4   1   1  -1  -2  -1   11   2   2   2   5   4   2   3   1   5   6   4   9   1  20   9  11   1   1   3  0.26 0.15
  139 R     0   1   0   0   4   0   0  -1   2  -1  -2   1  -2  -2  -1   1   0   1  -1  -1    7  10   5   5  13   5   4   3   8   3   3   8   1   1   3  10   5   2   1   3  0.16 0.11
  140 A     0   0   0   0  -2   1   0   0   1   0  -1   0  -1   0   1   0   0  -2   1   0    6   6   6   6   0   6   6   6   6   6   6   6   0   6   6   6   6   0   6   6  0.04 0.06
  141 N     0   1   2   1  -3   0   1   2   1  -3  -2   0  -2  -3   0   0   1  -3   0  -2    6   7  12   8   0   4  11  16   4   1   3   4   0   1   4   6   8   0   3   2  0.17 0.12
  142 S     1   0   1   1  -2   0   0   0   2  -1   0   0  -1  -1   0   1   0  -2  -1  -1   14   4   5   7   0   4   3   8   6   3   9   4   0   3   4  15   5   0   2   3  0.07 0.06
  143 H     0  -2   1   0   0  -1  -2   0   1  -1  -1   0  -2  -1   1   2   0   4   0  -1    9   1   7   4   2   1   1   6   4   3   7   5   0   2   8  23   3   6   3   5  0.16 0.12
  144 G     0  -3   0  -3   1   2  -3   5  -3  -4  -4   1   1  -4  -3  -2  -1  -4  -4  -1    6   1   4   1   3   9   1  52   0   1   1   8   3   0   1   1   4   0   0   4  0.79 0.33
  145 G     0  -4  -3  -4  -4  -4  -4   6  -4  -5  -5  -4  -4   0  -4  -1  -1  -4   1  -4    6   1   0   1   0   0   1  69   0   1   1   1   0   4   1   4   5   0   6   1  1.33 0.48
  146 V    -1  -4  -4  -4  -3  -3  -4  -4  -4   4   1  -3   5  -2  -1  -3  -2   3  -2   3    3   0   0   0   0   0   0   1   0  33  10   0  18   0   3   1   0   4   0  25  0.68 0.31
  147 C    -4  -5   0  -5  11  -5  -5  -5   1  -2  -4  -5  -4  -5  -5  -1  -2  -5  -5  -1    1   0   6   0  71   0   1   1   4   2   1   1   0   0   0   5   2   0   0   5  2.60 0.79
  148 P     0  -2   1   2  -3   3   2  -2  -1  -3  -2  -1   0  -4   1   2   1  -4  -1  -3    7   1   5  12   0  14  12   3   1   0   4   2   3   0   6  20   7   0   2   1  0.31 0.23
  149 K    -2   2   0   3  -4  -1   0  -2  -3  -3  -3   3  -3  -4   3   0  -1  -1  -2  -2    3  13   4  17   0   2   5   3   0   1   2  18   0   0  16   8   3   1   1   2  0.40 0.23
  150 A     0   1   0  -2  -3  -1  -1  -1   5  -2  -3   2  -1  -1   1   0   0  -1   2  -2   10   7   5   1   0   2   2   3  16   2   2  16   1   3   6   6   5   1   8   2  0.28 0.19
  151 Y    -1   1   0  -1   0   0  -2   0   1  -1  -1   0  -1   0  -2   2   0  -2   3  -1    3   8   5   3   2   3   1   7   4   5   7   7   1   2   2  17   4   0  15   5  0.12 0.12
  152 Y    -1   0  -1  -1  -3   0   0  -2   1  -2  -1   1  -1   0   1   1   0  -2   3  -2    5   6   3   3   0   4   7   1   3   2   6  11   2   4   6  13   7   0  13   2  0.15 0.13
  153 S    -1   0   2   0   1   1  -1  -1   0  -1   0   0   0   0  -1   1   0   0   2   0    4   4  11   4   3   6   3   5   1   2   9   4   2   5   3  10   8   1   9   7  0.05 0.06
  154 P     0   1   0  -1  -3   1  -1   1   0  -1  -2  -1   0  -2   3   1   1  -3   0  -2    6   8   4   3   0   6   2  11   2   4   3   3   3   1  15  14   7   0   4   3  0.19 0.14
  155 V    -1  -1   1   1  -2  -1   0   0   0   2   0  -1  -1   0  -2   0   0  -2   0   1    4   3   7   7   0   2   8   6   3  15   9   2   1   3   1   9   4   0   2  12  0.06 0.08
  156 G     1  -1   1   0  -3  -1  -2   4   0  -1  -2  -1  -3  -2  -1   1   0  -3  -2   0   11   3   9   5   0   3   2  30   2   3   2   2   0   2   3   8   6   0   1   8  0.28 0.19
  157 K    -1   0   0   0  -4   1   0   2   2  -3  -2   1   0  -3  -3   1  -1   1   0  -1    3   4   5   5   0   8   6  17   6   0   4  11   3   0   0  11   3   2   3   4  0.17 0.22
  158 K    -1   1   0   1   0   1  -1  -1   2   0  -2   2  -2  -1  -1   0   0  -3   0  -1    4   8   4   8   2   7   3   5   5   6   3  17   0   2   3   5   7   0   4   3  0.10 0.17
  159 N    -1   1   1  -1  -3   1   0  -1   2  -1  -1   1   1   0  -1   0   0   1   0  -1    4   8   8   3   0   5   7   5   5   3   4  12   5   5   3   9   5   2   3   3  0.09 0.12
  160 I     0   1  -1  -2   1   0  -1   0  -1   1   0   0   0  -1  -1   1   0  -2  -1   1    8   8   2   1   3   3   4   6   1  11   7   4   1   2   2  16   5   0   2  14  0.07 0.09
  161 Y     1  -2   0  -2  -1  -1   1  -1  -1  -1  -1  -1  -1  -1  -1   3   0   0   1   1   10   1   3   1   1   1   8   4   1   4   5   3   0   2   2  29   5   1   7  11  0.15 0.16
  162 L     0  -1   0  -1   0   0   0   0  -1   0   2  -1   0   1  -1   0   0  -2   0   0   10   2   5   3   3   5   5   7   1   6  26   1   2   8   2   5   3   0   3   2  0.04 0.06
  163 N    -3  -3   7   1  -4  -2  -2   1  -2  -4  -4  -2  -3  -4  -3   1   0  -5  -4   0    1   0  58   8   0   0   1   9   0   0   1   0   0   0   0   9   4   0   0   8  1.01 0.43
  164 S    -1   0   1  -2   0  -2  -1   0   1  -1  -1  -2  -2  -3  -2   2   4  -3  -2   0    3   5   7   1   2   0   3   7   3   3   4   1   0   0   1  16  35   0   0   9  0.31 0.23
  165 G     1   0   0   0   1  -2  -2   4  -2   0  -1  -2  -2   0  -2   0  -1  -3  -2  -1   10   6   5   7   4   0   1  35   0   6   6   1   0   5   0   8   1   0   0   5  0.23 0.14
  166 L     0  -2  -3  -3  -2  -1  -2  -3  -2   2   2  -2   2   2   1  -1   0   2   0   1    6   0   0   0   0   4   1   1   0  19  19   0   6  12   7   4   4   3   3   9  0.18 0.12
  167 T     0  -2  -2  -2  -2  -1   0   0  -2   1  -1  -2   0  -2   0   1   3  -3  -2   2    9   0   0   0   0   0   6   7   0   8   4   0   3   0   3  10  27   0   0  19  0.19 0.17
  168 S    -2  -3   2   0  -3  -2  -2  -2  -3  -3  -2  -2  -3  -3   0   2   5  -4  -3  -1    1   1  12   6   0   1   1   3   0   1   5   1   0   0   5  19  42   0   0   3  0.62 0.36
  169 T     0  -2   1  -1  -2  -1  -1  -1   0   1   0  -2   1   1  -1   1   1  -2   0   0    5   1   8   2   0   2   2   5   3  10  11   1   3   7   2  15  13   0   4   7  0.08 0.11
  170 K    -1   1  -1  -1  -1   2   1   0  -1   0   0   0   0  -1   0   0  -1  -2  -1   0    3  10   2   2   2  16   7  10   1   4  11   6   2   2   3   5   3   0   1  10  0.08 0.10
  171 N    -1   1   4   2  -3   1  -1   0  -1   0  -1  -1  -2  -2  -2   0   0  -3  -2  -1    3   8  29  14   0   5   1   7   0   6   5   3   0   2   1   6   6   0   1   3  0.30 0.20
  172 Y    -2  -1  -1  -2  -4   1  -1  -4   3  -3  -1  -3   0   1  -3   0  -3   4   6  -1    3   4   3   2   0   6   4   1   9   1   5   1   2   5   1   9   1   6  34   4  0.63 0.38
  173 G    -1   0   2   2  -3  -2  -1   4   0  -4  -4  -1  -3  -3   0   0  -1  -3   0  -4    3   6  12  12   0   1   3  40   2   1   1   3   0   0   4   5   4   0   4   1  0.53 0.30
  174 K     0   1   0   0  -3   1   0  -1   3  -2  -1   2  -2   0  -2   1   0  -3   1  -1    7   6   4   4   0   8   5   4  10   1   6  13   0   4   1  13   6   0   6   3  0.15 0.16
  175 T    -1   3   0  -1  -3   1   0  -1   1  -1  -2   0   0   0   1   0   1  -3   0  -1    3  19   3   4   0   7   4   3   4   5   2   5   2   4   6   8  11   0   4   4  0.14 0.16
  176 I     0  -3   0  -1  -3   0  -1  -2   0   2   1  -3   2  -2   0  -2   0  -4  -3   3    7   0   5   3   0   4   4   3   3   9  17   0   7   0   5   0   5   0   0  27  0.23 0.23
  177 L    -1  -2  -2  -1  -3  -1  -2  -3   0   1   2  -2   0  -1   5   0  -1  -3  -3  -1    4   2   2   4   0   3   1   1   3   9  22   1   2   3  30   6   2   0   0   4  0.47 0.22
  178 T     0   0   0   0  -2  -1  -1  -2   0   0  -1  -1   0   0   3   0   2  -3   0  -1    5   7   3   5   0   2   3   1   2   7   4   3   3   4  15   8  20   0   4   3  0.18 0.13
  179 K     0   2  -1  -1  -2   0  -1  -1   1  -1   1   2  -1  -1   0   0  -1   0   0  -1   12  11   2   4   0   3   2   4   5   3  15  16   0   2   4   4   2   2   3   5  0.06 0.06
  180 E     0   0  -2  -1  -2   1   1  -2   0   0   0  -1   0  -1  -1   0   1  -2  -2   2    5   4   1   3   0   9  14   3   2   5   9   3   2   1   3   4   9   0   1  23  0.10 0.09
  181 A     2  -1  -2  -2  -2  -2  -1  -2  -1   1  -1  -2   0   0  -2   2   1   0  -1   2   21   4   1   1   0   1   2   1   2   8   4   1   2   3   1  19  10   2   2  16  0.18 0.14
  182 D     2  -2  -1   2  -2   1   1  -1   3  -1  -1  -1   0  -1  -1   0   1   0  -1  -1   21   1   1  13   0   7   9   4   9   3   4   2   3   2   2   4   9   2   1   5  0.14 0.11
  183 L     0  -3  -3  -4  -1  -3  -3  -2  -3   3   3  -3   1   0  -3  -1  -1  -3  -2   2    7   1   1   1   1   1   1   3   0  23  38   1   3   3   1   4   2   0   0  10  0.44 0.19
  184 V    -1  -3  -3  -3  -3  -3  -3  -3  -4   1  -1  -3  -2  -3  -3   0   5  -4  -3   3    3   1   0   1   0   0   1   1   0   9   3   1   0   0   1   7  47   0   0  25  0.77 0.33
  185 T    -1  -3  -3  -4  -3  -3  -3  -4  -3   2   1  -3   5   3  -4  -2   3   0  -2   2    3   0   0   0   0   0   0   0   0  10  14   0  17  14   0   2  19   2   0  16  0.49 0.24
  186 T     5  -3  -3  -4  -3  -1  -3  -3  -4  -2  -3  -3  -1  -4  -3   0   3  -4  -4  -1   65   0   0   0   0   3   0   0   0   2   1   0   2   0   0   4  17   0   0   2  1.00 0.41
  187 H    -5  -4  -3  -4  -6   0  -3  -5  11  -6  -6  -4  -5  -4  -5  -4  -5  -5  -2  -6    0   0   0   0   0   4   0   0  90   0   1   0   0   0   0   0   0   0   0   0  3.15 0.78
  188 E    -3  -2  -3  -1  -4  -1   7  -4  -2  -4  -4  -2  -4  -4  -3  -2  -3  -4  -4  -4    1   1   1   1   0   1  85   1   0   1   1   1   0   1   1   1   1   0   1   1  1.75 0.51
  189 L    -1  -2  -3  -3  -2  -2  -2  -3  -1   2   3  -2   3   1  -2  -2  -1  -2   1   1    3   1   1   1   0   1   1   1   2  19  37   1  11   6   1   1   2   0   5   6  0.28 0.10
  190 G     1  -3  -1  -2  -3  -2  -2   6  -3  -3  -3  -2  -3  -3  -2   0  -2  -3  -3  -3    9   1   1   1   0   1   1  74   0   1   1   1   0   1   1   4   1   0   1   1  1.06 0.22
  191 H    -3  -2  -1  -2  -3  -1  -2  -3   9  -3   0  -2  -2  -2  -3  -2  -3  -3   0  -3    1   1   1   1   0   1   1   1  74   1  12   1   0   1   1   1   1   0   1   1  1.56 0.32
  192 N     1  -2   6   0  -2  -1  -1   0  -1  -2  -2  -1  -2  -3  -2   2   0  -3  -2  -2   14   1  49   1   0   1   1   4   0   3   4   1   0   1   1  14   3   0   1   1  0.54 0.17
  193 F    -2  -3  -2  -3  -2  -2  -3  -3  -2   0   2  -3   1   4  -3  -2  -2   7   1  -1    3   1   2   1   0   1   1   1   0   5  27   1   4  24   1   1   1  21   2   2  0.65 0.16
  194 G    -1  -3  -1  -2  -3  -2   1   6  -2  -4  -4  -2  -3  -3  -2  -1  -2  -3  -3  -3    1   1   1   1   0   1  11  75   0   1   1   1   0   1   1   1   1   0   1   1  1.08 0.22
  195 A     2  -2  -1  -2  -1  -1  -1   1  -2   1   0  -1   2  -2  -2   2   0  -2  -2   0   28   1   1   1   0   1   1  11   0   9   5   1   9   1   1  23   2   0   1   4  0.20 0.10
  196 E    -1   1   1   1  -2   1   1  -1   2  -2  -2   1  -1  -2   3   0   0  -2  -1  -1    2   9   9   6   0   4  11   2   6   2   4  13   0   1  13   8   3   0   1   5  0.19 0.05
  197 H    -5  -4  -3  -4  -5  -3  -4  -5  11  -5  -5  -4  -5  -4  -5  -4  -5  -5  -2  -5    1   1   0   1   0   0   1   1  89   1   1   1   0   0   1   1   1   0   0   1  3.31 0.81
  198 D    -4  -4  -2   8  -5  -3  -2  -4  -4  -5  -5  -4  -5  -5  -4  -3  -1  -5  -5  -5    1   1   0  86   0   0   1   1   0   1   1   1   0   0   1   1   4   0   0   1  2.22 0.63
  199 P    -1  -2   1   1   2  -1   3   0  -2  -3  -3  -1  -2  -2   4   0   0  -3   0  -2    3   2   6   7   6   1  20   6   1   1   3   2   1   2  24   6   5   0   4   2  0.43 0.18
  200 D    -1  -2   2   4  -3  -1   1   2  -2  -3  -3   0  -3  -2   1   0   0  -3  -3  -2    5   1   8  23   0   2  10  14   0   1   2   5   0   1   8   7   7   0   1   2  0.33 0.15
  201 G     0  -1   1   1  -1   0   0   2   2  -1  -1   0  -2  -1  -1   1  -1  -2  -1  -1    9   3   7   6   1   5   7  21   5   3   5   5   1   3   2  10   3   0   2   3  0.13 0.07
  202 L     0   0   2   0   2   1   0   1  -1  -1  -1   0  -1  -2   0   1   1  -2  -1  -1    5   4  12   5   5   5   6   9   1   3   5   4   2   2   3  14   9   0   1   4  0.10 0.06
  203 A     0  -2  -1  -1   8  -2  -1  -1   0  -3  -2  -1  -2  -3   2   0   0  -3  -3  -1    7   2   2   3  36   1   4   4   2   1   2   3   1   1  11   8   6   0   1   3  0.76 0.26
  204 E     0   0   0   2  -2   0   3   1   1  -2  -2   0  -2  -2  -1   1   0  -1   0  -1    7   4   3  11   0   3  20   9   3   1   3   4   1   1   2  12   7   1   4   4  0.17 0.10
  205 C    -3  -1   1  -3  11  -4  -3  -3  -4  -4  -4  -4  -4  -4  -1  -3  -3  -4  -4  -4    2   4   6   2  72   1   2   2   0   1   1   1   0   1   3   2   1   0   0   1  2.47 0.62
  206 A     1   0   0  -1  -1   0  -1   1   1  -1   0  -1  -1   0  -1   1   0  -2   0   0   14   5   3   1   1   3   3   9   3   2  12   3   1   4   3  17   6   0   3   6  0.06 0.07
  207 P     0  -3  -2   1  -1  -2   0  -1  -3  -3  -3  -2  -2  -3   6   0  -1  -3  -3  -3    8   1   2   8   2   1   6   5   0   1   2   2   1   1  47   7   3   0   1   1  0.95 0.29
  208 N     0  -1   2   0  -1  -1  -1   2  -1  -1  -2   0  -2  -1   0   2   1  -1  -2  -1    6   4   9   3   1   1   3  18   1   3   4   4   1   2   5  18  10   1   1   4  0.16 0.10
  209 E     1  -1   1   2  -2   0   1   1  -1  -2  -1  -1  -2  -1   0   0   0  -2   0  -1   12   2   6  17   1   2  11   9   1   2   7   3   1   3   5   7   5   0   4   3  0.13 0.07
  210 D     1   0   0   1   0   0   1   1   0  -1  -2   0  -2  -1   0   1   1  -2  -2  -1   11   3   3   8   2   4   9  11   2   2   3   5   1   2   4  16   7   0   1   5  0.11 0.07
  211 Q    -1   1   1   1  -2   2   2   0   0  -2  -2   1  -2  -2  -1   0   1  -2  -1  -2    3   7   6   9   1  11  14   8   2   2   4   8   1   2   3   7   8   0   2   3  0.16 0.09
  212 G    -1   0   1   1   1   0  -1   4   0  -2  -2   1  -2  -2  -1   0  -1  -2  -1  -2    4   4   8   8   3   3   2  34   3   2   3   9   1   1   2   7   3   0   2   2  0.32 0.15
  213 G    -2  -3  -1  -2  -4  -3  -3   6  -3  -2  -4  -2  -3  -3  -3  -2  -3  -3   1  -4    2   2   2   3   0   1   1  70   0   3   2   2   0   1   1   1   1   0   5   1  1.29 0.41
  214 K    -2   1   4  -1  -3  -1  -2   0   0  -3  -2   2  -3  -2   1   2  -1  -3  -1  -2    1   7  27   1   0   1   1   8   2   1   5  12   0   2   7  16   2   0   2   3  0.37 0.22
  215 Y    -4  -5  -5  -5   8  -5  -5  -5   2  -4  -4  -5  -4   4  -5  -4  -4  -2   7  -4    1   0   0   0  30   0   0   1   4   0   1   0   0  18   0   1   0   0  41   0  1.97 0.64
  216 V    -4  -5  -5  -5  -4  -5  -5  -5  -5   6   3  -5  -2  -1  -5  -5  -3  -4  -2   3    1   0   0   0   0   0   0   0   0  54  23   0   0   2   0   0   0   0   1  15  1.23 0.46
  217 M    -5  -5  -6  -6  -5  -4  -5  -6  -5  -3  -2  -5  11  -4  -6  -5  -5  -5  -5  -4    1   0   0   0   0   0   0   0   0   0   2   0  92   0   0   0   0   0   0   0  3.38 1.01
  218 Y     0  -3   0  -2  -1  -2  -2  -2   1  -3  -2  -3  -2   4  -3   2   0   2   5  -2    7   1   5   2   1   1   2   2   4   1   2   1   0  20   1  18   5   2  22   2  0.55 0.27
  219 P     3  -2  -2   0  -3  -1  -1   1  -3  -4  -4  -1  -1  -4   5   0   0  -4  -3  -3   24   1   1   5   0   2   3  10   0   1   1   3   1   1  35   5   4   0   1   1  0.74 0.31
  220 I     0   1  -1  -2  -3   0   0  -2   2   0  -2   0  -1   0  -2   1   0  -2   4   1    7   9   2   1   0   4   6   3   4   7   2   5   1   3   1  13   4   0  17  10  0.16 0.14
  221 A     5  -3  -3  -3  -3  -3  -3  -3  -4   2  -1  -3   0  -3  -2   2  -2   3  -3   0   47   1   1   1   0   0   1   1   0  13   6   1   3   1   1  14   1   4   0   5  0.63 0.33
  222 V     0  -2   0  -2  -2  -1  -2   0  -1   0   0  -2   0  -3  -2   0   4  -3  -2   2    7   2   4   1   0   3   2   6   1   6   7   1   1   1   1   7  28   0   1  20  0.27 0.19
  223 S     0  -2   1   3  -3  -1   0  -1  -2  -3  -3   0  -2  -2  -1   4   0  -4  -1  -3    8   1   5  17   0   2   4   3   1   1   1   7   1   2   2  37   4   0   2   1  0.45 0.26
  224 G    -1  -2  -1   0  -4  -3  -2   6  -2  -3  -1  -2  -3  -4  -3  -2   0   0  -2  -3    3   2   2   5   0   1   3  59   1   2   7   2   0   1   1   1   6   1   1   2  0.90 0.35
  225 D    -1  -1   1   3  -3   0   0   0  -1  -2  -1  -1   0  -2  -2   2   1   0   2  -1    4   3   6  18   0   4   4   7   1   2   5   3   2   1   1  18   7   1   8   4  0.18 0.15
  226 H    -1   1   1   2  -3   2   0  -3   5  -1  -1   2   0  -2  -2  -1  -2  -3   0  -3    3   7   6  12   0   8   6   1  15   5   6  16   2   2   1   4   2   0   3   1  0.29 0.18
  227 E     0   0  -1   0  -3   1   2  -2  -1  -2  -1   0  -2  -2   4   0  -1  -4  -1  -1    6   4   2   6   0   7  13   2   1   1   8   6   1   1  26   5   3   0   2   4  0.37 0.19
  228 N    -3  -3   7  -1  -5  -3  -3  -1  -3  -4  -4  -3  -4   3   2  -2  -2  -4  -1  -4    1   1  58   2   0   0   1   5   0   1   1   1   0  11  11   1   1   0   2   1  1.30 0.51
  229 N     0  -3   6   0  -4  -1  -2  -2   2  -5  -5  -3  -4  -3   3   1  -2  -5  -4  -4    7   0  47   4   0   2   1   2   4   0   1   0   0   1  15  12   1   0   0   1  1.02 0.44
  230 K    -2   3   2   2  -5   0  -1  -3  -2  -3  -3   3   0   0  -4  -1  -2  -2   1  -1    2  14  10  14   0   4   3   1   0   1   2  24   3   5   0   4   1   0   6   5  0.38 0.26
  231 M    -1   2  -2  -2  -4   0   0  -4   0  -2   1   3   3  -1  -4   0  -1  -3   1   0    4  11   1   1   0   4   7   0   2   1  14  24   9   3   0   6   2   0   6   6  0.27 0.22
  232 F    -6  -7  -7  -8  -7  -4  -7  -7  -6  -4  -2  -7  -2   9  -8  -7  -6   5  -1  -5    0   0   0   0   0   1   0   0   0   0   2   0   1  88   0   0   0   7   0   0  2.91 0.88
  233 S    -3  -5  -2  -4  -5  -4  -3  -5  -5  -7  -7  -4  -6  -7  -5   7  -3  -7  -6  -6    0   0   1   0   0   0   1   0   0   0   0   0   0   0   0  97   0   0   0   0  2.37 0.89
  234 Q    -1   0   3   2  -5  -1  -2  -3  -1  -1  -3  -2  -3  -5   5   2  -1  -2  -3  -3    4   6  14  12   0   2   1   1   1   4   2   1   0   0  29  14   4   1   0   2  0.62 0.32
  235 C    -5  -8  -8  -8  12  -4  -4  -8  -8  -6  -6  -8  -7  -8  -8  -6  -6  -7  -8  -6    0   0   0   0  97   1   2   0   0   0   0   0   0   0   0   0   0   0   0   0  4.32 1.15
  236 S    -3  -5   0  -5  -5  -5  -5  -5  -5  -7  -7  -5  -6  -7  -5   7  -2  -7  -6  -6    0   0   4   0   0   0   0   0   0   0   0   0   0   0   0  94   2   0   0   0  2.32 0.88
  237 K    -3   3  -3  -4  -4  -1  -2  -5  -1   3   1   3  -1  -2  -4  -2  -2  -2   1   1    1  20   1   0   0   2   1   0   1  21  12  22   1   0   0   2   1   0   5   8  0.48 0.29
  238 Q     1   3   2   2  -4   2   1  -1  -2   0  -4   1  -3  -4  -3   0  -1  -5  -3  -2   14  17   9  11   0  11   8   3   1   8   0   9   0   0   0   5   2   0   0   1  0.32 0.22
  239 S     0   0   3   2  -4   3   0  -3   2  -5  -3  -2  -2  -1  -4   3  -1  -3   2  -4    7   4  14  11   0  15   4   0   4   0   2   1   1   2   0  24   2   0   8   0  0.46 0.31
  240 I    -4  -4  -6  -6   2  -5  -6  -7  -3   6   2  -5   4   0  -6  -5  -4  -4   4   1    0   1   0   0   4   0   0   0   0  44  16   0  11   3   0   0   0   0  14   7  1.14 0.46
  241 Y     0   1  -1  -1  -3   1   2   0   0  -3   0  -1  -2  -2  -3   2   1   4   1  -2    7   9   3   2   0   6  13   6   2   0   9   1   0   1   0  17   9   5   6   2  0.19 0.18
  242 K     1   3   2   1  -4   1   0  -2   0  -4  -2   2  -1  -4   0   1   0  -4  -2  -2   13  15  11   7   0   7   4   1   2   0   3  14   1   0   5   8   7   0   1   1  0.27 0.19
  243 T    -4  -3  -4  -5   0  -2  -5  -6  -2   1   0  -5   0   5  -5  -2   1  -3   3   4    0   1   1   0   2   1   0   0   1   6   8   0   1  27   0   2  11   0   9  30  0.76 0.37
  244 I    -5  -6  -6  -7  -4  -5  -6  -7  -6   4   5  -6   1   0  -6  -5  -4  -5  -4   0    0   0   0   0   0   0   0   0   0  25  62   0   3   4   0   0   0   0   0   6  1.35 0.50
  245 E     0   2   2   1  -4   2   2  -3   0  -2  -1   1   1  -2  -3   0   1  -4  -3  -1    6  14   9   8   0   9  12   0   2   2   4   8   5   2   0   5  11   0   0   3  0.24 0.18
  246 S     1   2   3   0  -4   0  -1  -2  -2  -2  -2   2  -2  -2  -3   2   0  -4  -1  -1   15   9  13   4   0   4   2   1   0   1   4  13   0   1   0  19   6   0   2   5  0.27 0.22
  247 K    -2   2  -2  -1  -6   0  -1   2  -1  -4  -5   6  -4  -5   0  -2  -3  -6  -2  -2    2  11   1   3   0   3   2  15   2   1   0  49   0   0   4   1   1   0   1   3  0.86 0.43
  248 A     2   1   2  -1  -4   0  -2   2  -2  -3  -3   3   0  -2  -3   0  -2   3  -2  -2   17   7   9   3   0   3   1  15   1   1   1  22   3   1   0   8   0   4   1   3  0.34 0.24
  249 Q    -1   0   0   2  -4   0  -2   2   0  -4  -4  -2  -2  -4   4   1   0  -1  -3  -3    4   6   3  13   0   4   1  17   2   0   1   1   1   1  25  11   6   1   1   1  0.52 0.28
  250 E     0   1   3   0  -3   3   1  -1   0  -2  -2   0   0  -3  -2   1   0  -1  -3  -2    7   7  15   5   0  14   9   3   2   2   4   5   3   1   2  13   4   1   0   3  0.23 0.18
  251 C    -6  -9  -8  -9  12  -8  -9  -8  -8  -7  -7  -8  -7  -8  -8  -6  -6  -8  -8  -6    0   0   0   0 100   0   0   0   0   0   0   0   0   0   0   0   0   0   0   0  4.59 1.23
  252 F    -6  -6  -7  -7  -6  -7  -7  -7  -6   2   3  -7  -1   8  -7  -6  -5  -4  -1  -3    0   0   0   0   0   0   0   0   0  13  30   0   1  55   0   0   0   0   1   0  1.79 0.62
  253 Q    -1   0  -2  -1  -3   1   1  -4  -2  -1   1   2  -1  -2  -3   1   2  -4  -3   2    2   5   0   2   0   8   9   0   1   1  15  14   0   1   0  10  14   0   0  18  0.22 0.20
  254 E    -2  -2   2   4  -6   0   5  -4  -3  -6  -6   0  -5  -6  -2  -1  -2  -6  -3  -4    2   1  11  24   0   2  48   0   0   0   0   5   0   0   2   3   1   0   1   1  1.06 0.41
  255 R    -2   5  -2  -3  -5   0  -2  -4   0  -5  -4   4  -3  -5   4   0   0  -5  -2  -4    2  32   0   0   0   2   1   0   2   0   0  27   0   0  20   5   7   0   1   0  0.84 0.31
  256 S     1  -2   4  -1  -3  -2  -2  -2  -2  -4  -4  -2  -3  -4  -3   4   3  -4  -3  -3    9   0  24   0   0   0   0   0   0   0   0   0   0   0   0  45  21   0   0   0  0.75 0.26

                      K         Lambda
Standard Ungapped    0.1333     0.3153
Standard Gapped      0.0382     0.2670
PSI Ungapped         0.1251     0.3118
PSI Gapped           0.0382     0.2670
