
Last position-specific scoring matrix computed, weighted observed percentages rounded down, information per position, and relative weight of gapless real matches to pseudocounts
            A   R   N   D   C   Q   E   G   H   I   L   K   M   F   P   S   T   W   Y   V   A   R   N   D   C   Q   E   G   H   I   L   K   M   F   P   S   T   W   Y   V
    1 Y    -3  -3  -4  -5  -4  -3  -4  -5   2  -3  -3  -3  -2   2  -5  -3  -3   1   9  -3    0   0   0   0   0   0   0   0   2   0   0   0   0   1   0   0   0   0  97   0  1.86 0.24
    2 D    -3  -3   2   7  -5  -1   1  -3  -2  -5  -5  -2  -4  -5  -3  -1  -2  -6  -4  -5    0   0   6  91   0   0   2   0   1   0   0   0   0   0   0   1   0   0   0   0  1.49 0.21
    3 L    -3  -3  -4  -5  -4  -3  -4  -5   0  -3  -2  -4  -2   4  -5  -3  -3   1   9  -3    0   0   0   0   0   0   0   0   0   0   2   0   0  13   0   0   0   0  85   0  1.68 0.24
    4 L    -2  -3  -4  -5  -2  -3  -4  -5  -4   1   5  -3   1  -1  -4  -3  -2  -3  -2   2    0   0   0   0   0   0   0   0   0   1  77   0   1   0   0   0   0   0   0  22  0.73 0.14
    5 F    -4  -4  -5  -5  -4  -5  -5  -5  -3  -2  -1  -5  -1   8  -5  -4  -4   0   3  -2    0   0   0   0   0   0   0   0   0   0   0   0   0  95   0   0   0   0   4   0  1.70 0.24
    6 K    -2   1  -2  -2  -5   0  -1  -3  -2  -4  -4   7  -3  -5  -2  -2  -2  -5  -3  -4    0   0   0   0   0   0   0   0   0   0   0 100   0   0   0   0   0   0   0   0  1.32 0.23
    7 I    -1  -4  -4  -4  -2  -3  -4  -4  -4   4   1  -3   1  -2  -4  -3  -1  -4  -2   5    1   0   0   0   0   0   0   0   0  25   5   0   1   0   0   0   1   0   0  67  0.72 0.15
    8 V    -1  -4  -4  -5  -2  -4  -4  -4  -5   1   0  -4  -1  -2  -4  -3  -1  -4  -3   6    0   0   0   0   0   0   0   1   0   0   0   0   0   0   0   0   0   0   0  99  1.08 0.22
    9 L    -3  -3  -5  -5  -2  -3  -4  -5  -4   1   6  -4   1  -1  -4  -4  -2  -3  -2   0    0   0   0   0   0   0   0   0   0   1  96   0   1   0   0   0   0   0   0   2  0.98 0.18
   10 I    -3  -4  -5  -5  -3  -4  -5  -5  -5   7   0  -4   0  -1  -4  -4  -2  -4  -3   2    0   0   0   0   0   0   0   0   0  95   0   0   0   0   0   0   1   0   0   4  1.14 0.21
   11 G    -1  -4  -2  -3  -4  -3  -4   7  -4  -5  -5  -3  -4  -5  -4  -2  -3  -4  -5  -5    0   0   0   0   0   0   0 100   0   0   0   0   0   0   0   0   0   0   0   0  1.70 0.22
   12 D    -3  -3   0   7  -5  -1   1  -3  -2  -5  -5  -2  -5  -5  -3  -2  -2  -6  -5  -5    0   0   0  94   0   0   6   0   0   0   0   0   0   0   0   0   0   0   0   0  1.61 0.23
   13 S     0  -2  -1  -1  -2  -1  -2  -2  -2  -4  -4  -2  -3  -4  -2   6   0  -4  -3  -3    1   0   0   1   0   0   0   0   0   0   0   0   0   0   0  98   0   0   0   0  1.13 0.24
   14 G     2  -3  -2  -3  -3  -3  -3   6  -3  -4  -4  -3  -4  -4  -3  -1  -2  -4  -4  -4   17   0   0   0   0   0   0  82   0   0   0   0   0   0   0   2   0   0   0   0  1.24 0.18
   15 V    -1  -4  -4  -5  -2  -4  -4  -4  -5   1   0  -4  -1  -2  -4  -3  -1  -4  -3   6    0   0   0   0   0   0   0   1   0   0   0   0   0   0   0   0   2   0   0  98  1.04 0.21
   16 G    -1  -4  -2  -3  -4  -3  -4   7  -3  -5  -5  -3  -4  -5  -4  -2  -3  -4  -5  -5    2   0   0   0   0   0   0  98   0   0   0   0   0   0   0   0   0   0   0   0  1.65 0.21
   17 K    -2   1  -2  -2  -5   0  -1  -3  -2  -4  -3   7  -3  -5  -3  -2  -2  -5  -3  -4    0   0   0   0   0   0   0   0   0   0   1  99   0   0   0   0   0   0   0   0  1.34 0.25
   18 S     0  -2  -1  -2  -2  -2  -2  -2  -2  -4  -4  -2  -3  -4  -2   6   2  -4  -3  -3    0   0   0   0   0   0   0   0   0   0   0   0   0   0   0  91   9   0   0   0  1.05 0.23
   19 N    -3  -2   7   0  -4   3  -1  -2  -1  -5  -4  -1  -3  -5  -3   0  -2  -5  -4  -4    0   0  81   0   0  16   0   0   0   0   1   0   0   0   0   2   0   0   0   0  1.31 0.24
   20 L    -3  -4  -5  -5  -2  -3  -4  -5  -4   2   5  -4   1   0  -4  -4  -2  -3  -2   0    0   0   0   0   0   0   0   0   0  12  86   0   1   0   0   0   0   0   0   1  0.90 0.17
   21 L    -3  -3  -5  -5  -3  -3  -4  -5  -4   0   6  -4   1  -1  -4  -4  -3  -3  -2   0    0   1   0   0   0   0   0   0   0   0  98   0   0   0   0   0   0   0   0   0  1.05 0.20
   22 S     2  -2  -1  -2  -2  -2  -2   0  -2  -3  -3  -2  -2  -4  -2   6   0  -1  -3  -3   12   0   0   0   0   0   0   4   0   0   2   0   0   0   0  81   0   1   0   0  0.83 0.20
   23 R    -3   8  -2  -3  -5   0  -2  -2  -2  -5  -4   1  -3  -4  -4  -2  -3  -4  -3  -4    0  97   0   0   0   0   0   2   0   0   1   0   0   0   0   1   0   0   0   0  1.58 0.26
   24 F    -4  -5  -5  -5  -4  -5  -5  -5  -3  -2  -1  -5  -2   8  -5  -4  -4   0   2  -2    0   0   0   0   0   0   0   0   0   0   0   0   0  97   0   0   0   0   3   0  1.83 0.27
   25 T     2  -3  -2  -3  -2  -2  -2  -3  -3  -2  -3  -2  -2  -4  -2   1   6  -4  -3  -1   17   0   0   0   0   0   0   0   0   0   0   0   0   0   0   3  80   0   0   0  0.96 0.22
   26 K    -3   7  -2  -3  -5   0  -1  -4  -2  -4  -3   3  -3  -4  -3  -2  -2  -4  -3  -4    0  84   0   0   0   0   0   0   0   0   1  13   0   0   0   0   2   0   0   0  1.33 0.22
   27 N    -3  -2   8   2  -4  -2  -1  -2  -1  -5  -5  -2  -4  -5  -4  -1  -2  -6  -4  -5    0   0  89  10   0   0   0   1   0   0   0   0   0   0   0   0   0   0   0   0  1.51 0.25
   28 E    -2  -2  -2   0  -5   1   7  -4  -1  -5  -4  -1  -3  -5  -3  -1   0  -4  -3  -4    1   0   0   0   0   2  90   0   0   0   0   0   0   0   0   2   5   0   0   0  1.26 0.23
   29 F    -4  -5  -5  -5  -4  -5  -5  -5  -3  -2  -1  -5  -2   9  -5  -4  -4  -1   2  -2    0   0   0   0   0   0   0   0   0   0   0   0   0  99   0   0   0   0   1   0  1.88 0.28
   30 N    -1  -2   6  -1  -3  -1  -1  -2  -1  -4  -4  -1  -3  -4  -3   3   3  -5  -3  -3    0   0  54   0   0   0   0   0   0   0   0   0   0   0   0  26  20   0   0   0  0.84 0.18
   31 M    -3  -5  -5  -5  -3  -4  -5  -5  -5   7   0  -4   0  -2  -4  -4  -2  -4  -3   1    0   0   0   0   0   0   0   0   0  98   1   0   1   0   0   0   0   0   0   0  1.27 0.24
   32 G    -1  -4  -2  -3  -4  -3  -4   7  -4  -5  -5  -3  -4  -5  -4  -2  -3  -4  -5  -5    0   0   0   0   0   0   0 100   0   0   0   0   0   0   0   0   0   0   0   0  1.74 0.24
   33 V    -2  -4  -5  -5  -2  -4  -4  -5  -5   1  -1  -4  -1  -2  -4  -3  -1  -4  -3   7    0   0   0   0   0   0   0   0   0   0   0   0   0   0   0   0   0   0   0 100  1.17 0.24
   34 E    -2  -2  -2   0  -5   0   7  -4  -2  -5  -5  -1  -4  -5  -3  -2  -2  -5  -4  -4    0   0   0   0   0   0 100   0   0   0   0   0   0   0   0   0   0   0   0   0  1.55 0.27
   35 F    -4  -5  -5  -5  -4  -5  -5  -5  -3  -2  -1  -5  -2   9  -5  -4  -4  -1   2  -3    0   0   0   0   0   0   0   0   0   0   0   0   0 100   0   0   0   0   0   0  1.90 0.28
   36 A     5  -2  -2  -3  -2   3  -1  -1  -2  -3  -3  -1  -2  -4  -2   1  -1  -4  -3  -2   78   0   0   0   0  16   0   0   0   0   0   0   0   0   0   6   0   0   0   0  0.78 0.19
   37 T    -2  -3  -2  -3  -2  -2  -2  -3  -3  -2  -3  -2  -2  -4  -3   0   7  -4  -3  -2    0   0   0   0   0   0   0   0   0   0   0   0   0   0   0   0 100   0   0   0  1.40 0.27
   38 R    -3   7  -2  -3  -5   0  -1  -4  -2  -5  -4   3  -3  -4  -3  -2  -2  -4  -3  -4    0  81   0   0   0   1   0   0   0   0   0  17   0   0   0   0   0   0   0   0  1.33 0.22
   39 T    -1  -2   0  -2  -1  -2  -2  -2  -2  -3  -3  -2  -2  -4  -2   4   5  -4  -3  -2    0   0   2   0   1   0   0   0   0   0   0   0   0   0   0  52  44   0   0   0  0.79 0.19
   40 L    -2  -4  -4  -4  -2  -3  -4  -5  -4   5   3  -3   2  -1  -4  -3  -1  -3  -2   3    0   0   0   0   0   0   0   0   0  49  29   0   4   0   0   0   2   0   0  16  0.61 0.13
   41 E    -1   1   1   0  -3   5   2  -3   1  -1  -2   0   1  -3  -2   0  -1  -3  -2   0    2   5  10   1   0  38  13   0   3   2   2   3   5   0   0   2   2   0   1  10  0.35 0.11
   42 I    -1  -4  -4  -4  -1  -3  -4  -4  -3   4   1  -3   1  -1  -3  -3   0  -4  -2   4    2   0   0   0   1   0   0   0   1  29   8   0   2   2   0   0   4   0   0  53  0.56 0.13
   43 E    -3  -2   1   6  -5   0   3  -2  -1  -5  -4  -1  -4  -5  -3  -1  -2  -5  -4  -4    0   0   3  66   0   2  25   2   1   0   0   0   0   0   0   0   0   0   0   0  1.11 0.18
   44 G    -1  -2   3   1  -4   0  -1   5   2  -4  -4  -1  -3  -4  -3   0  -1  -4  -3  -4    1   0  16   7   0   3   2  55   7   0   0   1   0   0   0   5   2   0   0   0  0.71 0.13
   45 K    -2   2  -1  -2  -4   0  -1  -3  -2  -4  -3   7  -3  -3  -3  -1  -2  -4  -3  -3    1   4   0   0   0   0   0   0   0   0   2  89   0   1   0   1   0   0   0   1  1.09 0.22
   46 R    -1  -1  -1  -2  -2  -2  -2  -3  -3   1   0   0   0  -2  -2   0   4  -4  -2   2    1   4   1   0   0   0   1   0   0  10   5   5   1   0   0   4  49   0   0  20  0.39 0.12
   47 I    -2  -4  -4  -4  -2  -4  -4  -5  -5   6   0  -4   0  -2  -4  -3  -2  -4  -2   4    0   0   0   0   0   0   0   0   0  63   1   0   0   0   0   0   0   0   0  36  0.87 0.18
   48 K    -2   1  -2  -2  -5   0  -1  -3  -2  -4  -4   7  -3  -5  -3  -2  -2  -5  -3  -4    0   0   0   0   0   0   0   0   0   0   0 100   0   0   0   0   0   0   0   0  1.40 0.26
   49 A     6  -3  -3  -3  -2  -2  -2  -1  -3  -3  -3  -2  -2  -4  -2   0  -1  -4  -3  -2   98   0   0   0   0   0   0   0   0   0   0   0   0   0   0   1   1   0   0   0  1.10 0.23
   50 Q    -3  -1  -2  -2  -5   8   0  -4  -1  -5  -4   0  -2  -5  -3  -2  -1  -4  -3  -4    0   0   0   0   0  98   0   0   0   0   0   0   0   0   0   0   2   0   0   0  1.68 0.30
   51 I    -3  -5  -5  -5  -3  -4  -5  -5  -5   7   0  -4   0  -2  -4  -4  -2  -4  -3   2    0   0   0   0   0   0   0   0   0  98   0   0   0   0   0   0   0   0   0   2  1.26 0.24
   52 W    -5  -5  -6  -7  -5  -4  -5  -5  -5  -5  -4  -5  -4  -1  -6  -5  -5  13   0  -5    0   0   0   0   0   0   0   0   0   0   0   0   0   0   0   0   0 100   0   0  3.90 0.40
   53 D    -3  -3   0   8  -5  -2   0  -3  -3  -5  -5  -2  -5  -5  -3  -2  -3  -6  -5  -5    0   0   0 100   0   0   0   0   0   0   0   0   0   0   0   0   0   0   0   0  1.82 0.27
   54 T    -2  -3  -2  -3  -2  -2  -2  -3  -3  -2  -3  -2  -2  -4  -3   0   7  -4  -3  -2    0   0   0   0   0   0   0   0   0   0   0   0   0   0   0   0 100   0   0   0  1.40 0.27
   55 A     6  -3  -3  -3  -2  -2  -2   0  -3  -3  -3  -2  -2  -4  -2   0  -1  -4  -3  -2   97   0   0   0   0   0   0   3   0   0   0   0   0   0   0   0   0   0   0   0  1.07 0.23
   56 G    -1  -4   0  -3  -4  -3  -4   7  -3  -5  -5  -3  -4  -5  -4  -2  -3  -4  -5  -5    0   0   3   0   0   0   0  97   0   0   0   0   0   0   0   0   0   0   0   0  1.66 0.23
   57 Q    -2  -1  -2  -2  -4   8   0  -3  -1  -4  -1   0  -2  -4  -3  -2  -2  -3  -3  -3    0   0   0   0   0  91   0   0   0   0   7   0   0   0   0   0   0   0   0   0  1.41 0.27
   58 E    -2  -2  -2   0  -5   1   7  -4  -2  -5  -4  -1  -3  -5  -3  -2  -2  -4  -3  -4    0   0   0   1   0   0  97   0   0   0   0   0   0   0   0   0   0   0   0   0  1.44 0.25
   59 R    -3   8  -2  -3  -5   0  -2  -4  -2  -4  -4   1  -3  -4  -4  -2  -3  -4  -3  -4    0  97   0   0   0   0   0   0   0   0   0   0   0   0   0   0   0   0   0   0  1.60 0.25
   60 Y    -4  -4  -4  -5  -4  -3  -4  -5   0  -3  -3  -4  -3   2  -5  -4  -3   1   9  -3    0   0   0   0   0   0   0   0   0   0   0   0   0   2   0   0   0   0  98   0  2.11 0.31
   61 R    -3   7  -2  -3  -5   0  -2  -4  -2  -4  -3   1  -3  -1  -4  -2  -3  -4  -3  -3    0  95   0   0   0   0   0   0   0   0   1   1   0   3   0   0   0   0   0   1  1.50 0.25
   62 A     6  -3  -3  -3  -2  -2  -2  -1  -3  -1  -3  -2  -2  -4  -2   0  -1  -4  -3  -1   97   0   0   0   0   0   0   0   0   3   0   0   0   0   0   0   0   0   0   0  1.05 0.22
   63 I    -2  -4  -4  -4  -2  -4  -4  -5  -5   6   0  -4   0  -2  -4  -2  -2  -4  -3   3    0   0   0   0   0   0   0   0   0  81   0   0   0   0   0   3   0   0   0  16  0.97 0.20
   64 T    -2  -3  -2  -3  -2  -2  -2  -3  -3  -2  -3  -2  -2  -4  -3   0   7  -4  -3  -2    0   0   0   0   0   0   0   0   0   0   0   0   0   0   0   0 100   0   0   0  1.40 0.27
   65 S     1  -2  -1  -2  -2  -2  -2  -1  -2  -4  -4  -2  -3  -4  -1   6   0  -4  -3  -3    4   0   0   0   0   0   0   1   0   0   0   0   0   0   1  94   0   0   0   0  1.09 0.24
   66 A     6  -3  -3  -3  -2  -2  -2  -1  -3  -3  -3  -2  -2  -4  -2   0  -1  -4  -3  -1   97   0   0   0   0   0   0   0   0   0   0   0   0   0   0   3   0   0   0   1  1.06 0.22
   67 Y    -4  -4  -4  -5  -4  -3  -4  -5   0  -3  -3  -4  -3   1  -5  -4  -3   1   9  -3    0   0   0   0   0   0   0   0   0   0   0   0   0   0   0   0   0   0 100   0  2.16 0.31
   68 Y    -4  -4  -4  -5  -4  -3  -4  -5   0  -3  -3  -4  -3   1  -5  -4  -3   1   9  -3    0   0   0   0   0   0   0   0   0   0   0   0   0   0   0   0   0   0 100   0  2.16 0.31
   69 R    -3   8  -2  -3  -5   0  -2  -4  -2  -5  -4   1  -3  -5  -2  -2  -3  -4  -3  -4    0  99   0   0   0   0   0   0   0   0   0   0   0   0   1   0   0   0   0   0  1.66 0.27
   70 G    -1  -4  -2  -3  -4  -3  -4   7  -4  -5  -5  -3  -4  -5  -4  -2  -3  -4  -5  -5    0   0   0   0   0   0   0 100   0   0   0   0   0   0   0   0   0   0   0   0  1.74 0.24
   71 A     6  -3  -3  -3  -2  -2  -2  -1  -3  -3  -3  -2  -2  -4  -2   0  -1  -4  -3  -2   99   0   0   0   0   0   0   0   0   0   0   0   0   0   0   1   1   0   0   0  1.10 0.23
   72 V    -1  -4  -4  -5  -2  -4  -4  -5  -5   1   1  -4   0  -1  -4  -3  -1  -4  -2   6    2   0   0   0   0   0   0   0   0   0   6   0   0   1   0   0   0   0   0  92  0.98 0.21
   73 G    -1  -4  -2  -3  -4  -3  -4   7  -4  -5  -5  -3  -4  -5  -4  -2  -3  -4  -5  -5    0   0   0   0   0   0   0 100   0   0   0   0   0   0   0   0   0   0   0   0  1.74 0.24
   74 A     6  -3  -3  -3  -2  -2  -2  -1  -3  -2  -3  -2  -2  -4  -2   0  -1  -4  -3  -2   99   0   0   0   0   0   0   0   0   1   0   0   0   0   0   0   0   0   0   0  1.10 0.23
   75 L    -3  -3  -5  -5  -3  -3  -4  -5  -4   1   5  -4   4  -1  -4  -4  -2  -3  -2   0    0   0   0   0   0   0   0   0   0   0  84   0  14   0   0   0   0   0   0   2  0.92 0.18
   76 I    -3  -3  -5  -5  -2  -3  -4  -5  -4   2   5  -4   1  -1  -4  -4  -2  -3  -2   1    0   0   0   0   0   0   0   0   0   7  86   0   1   0   0   0   0   0   0   6  0.87 0.17
   77 V    -2  -4  -4  -5   1  -4  -4  -5  -5   2   0  -4  -1  -2  -4  -3  -1  -4  -3   6    0   0   0   0   3   0   0   0   0   1   1   0   0   1   0   0   0   0   0  94  1.03 0.22
   78 Y    -4  -4  -4  -5  -4  -3  -4  -5   0  -3  -3  -4  -3   2  -5  -4  -3   1   9  -3    0   0   0   0   0   0   0   0   0   0   0   0   0   3   0   0   0   0  97   0  2.07 0.30
   79 D    -3  -3   0   8  -5  -2   0  -3  -3  -5  -5  -2  -5  -5  -3  -2  -3  -6  -5  -5    0   0   0 100   0   0   0   0   0   0   0   0   0   0   0   0   0   0   0   0  1.82 0.27
   80 S     2  -2  -1  -2  -1  -2  -2  -2  -3  -2  -3  -2  -2  -3  -2   3   5  -4  -3  -1   19   0   0   0   1   0   0   0   0   0   0   0   0   0   0  22  57   0   0   1  0.68 0.17
   81 K    -2   4  -1  -2  -2   0  -1  -3  -2  -4  -4   6  -3  -4  -3  -1  -2  -4  -3  -4    0  18   1   0   1   1   0   0   0   0   0  77   0   0   0   2   0   0   0   0  1.01 0.20
   82 S    -1   4  -1  -2  -4   1  -1  -2   7  -4  -3   1  -2  -3   0   0  -2  -3   0  -3    2  27   1   0   0   7   0   1  41   0   2   4   1   0   3   7   1   0   2   0  0.68 0.15
   83 S     1  -1   0  -1  -2   4   0  -1  -1  -1   0   0   0  -2  -1   1   0  -3  -2   0   10   0   3   2   0  31   4   3   0   2  15   1   1   0   2  15   3   0   0   8  0.19 0.08
   84 S    -1  -2  -1  -2  -2  -2  -2  -3  -3  -2  -3  -2  -2  -4  -2   3   6  -4  -3  -2    0   0   0   0   0   0   0   0   0   0   0   0   0   0   0  28  72   0   0   0  0.97 0.21
   85 Y    -4  -4  -4  -5  -4  -4  -4  -5  -1  -2  -1  -4  -2   7  -5  -4  -3   0   6  -2    0   0   0   0   0   0   0   0   0   0   3   0   0  64   0   0   0   0  34   0  1.41 0.22
   86 E    -1  -1   0   4  -4   1   5  -2  -1  -3  -4   0  -3  -4  -2  -1  -2  -4  -3  -2    3   1   1  26   0   3  59   1   1   1   0   2   0   0   0   0   1   0   0   3  0.80 0.16
   87 N    -2  -2   7   0  -4  -1  -1  -2   5  -4  -4  -2  -3  -4  -3   1  -1  -5  -2  -3    0   0  65   1   0   1   0   0  16   0   0   0   0   0   0  13   1   0   0   2  0.99 0.19
   88 C     0  -4  -4  -4   2  -3  -4  -4  -4   3   0  -3   1  -2  -3  -2  -1  -4  -2   5    9   0   0   0   5   0   0   0   0  12   3   0   4   0   0   0   0   0   0  67  0.61 0.15
   89 N     1  -1   0   1  -3   2   4  -1   0  -3  -3   0  -2  -4   1   1   0  -4  -3  -2   13   1   3   4   0   8  42   3   2   0   1   1   0   0   5   9   7   0   0   0  0.39 0.10
   90 H    -3   7  -2  -3  -5   0  -1  -4   1  -3  -4   2  -3  -4  -3  -2  -2  -4  -3  -3    0  86   0   0   0   1   0   0   3   1   0   6   0   0   0   1   1   0   0   1  1.30 0.22
   91 W    -5  -5  -6  -7  -5  -4  -5  -5  -5  -5  -4  -5  -4  -1  -6  -5  -5  13   0  -5    0   0   0   0   0   0   0   0   0   0   0   0   0   0   0   0   0 100   0   0  3.90 0.40
   92 L    -3  -4  -5  -5  -3  -4  -4  -5  -4   0   6  -4   1  -1  -4  -4  -3  -3  -2   0    0   0   0   0   0   0   0   0   0   0  99   0   1   1   0   0   0   0   0   0  1.08 0.20
   93 S    -2   3  -1   0  -4   1   2  -3  -2  -4  -3   5  -2  -4  -2   0  -1  -4  -3  -3    0  16   1   2   0   1  14   0   0   0   1  58   0   0   0   3   2   0   0   0  0.68 0.15
   94 E    -2  -2  -2   0  -5   0   7  -4  -2  -5  -5  -1  -4  -5  -3  -2  -2  -5  -4  -4    0   0   0   0   0   0 100   0   0   0   0   0   0   0   0   0   0   0   0   0  1.55 0.27
   95 L    -3  -4  -5  -5  -3  -4  -4  -5  -4   1   6  -4   1  -1  -4  -4  -2  -3  -2   0    0   0   0   0   0   0   0   0   0   1  97   0   1   0   0   0   0   0   0   1  1.05 0.20
   96 R    -3   7  -1  -3  -5   0  -1  -4  -1  -4  -3   2  -3  -3  -4  -2  -2  -4   1  -4    0  84   1   0   0   2   0   0   0   0   0   8   0   0   0   0   0   0   5   0  1.26 0.22
   97 E    -2  -3   1   6  -4  -1   2   1  -2  -4  -5  -2  -4  -5  -3  -1  -2  -5  -4  -3    3   0   5  68   0   0  11  10   0   0   0   0   0   0   0   2   1   0   0   1  0.98 0.17
   98 N    -3  -2   1  -3  -5  -1  -2  -4  10  -5  -5  -2  -3  -1  -4  -3  -3  -4   0  -5    0   0   5   0   0   0   0   0  92   0   0   0   0   2   0   0   0   0   0   0  2.13 0.31
   99 A     5  -2  -2  -3  -2  -2  -2  -1  -3  -2  -3  -2  -2  -4  -2   1   2  -4  -3  -1   79   1   0   0   0   0   0   1   0   0   0   0   0   0   0   3  15   0   0   2  0.76 0.18
  100 D    -3  -3   0   7  -5  -2   1  -3  -3  -5  -5  -2  -5  -5  -3  -2  -3  -6  -5  -5    0   0   2  92   0   0   6   0   0   0   0   0   0   0   0   0   0   0   0   0  1.61 0.24
  101 V    -2  -4  -5  -5  -3  -4  -4  -5  -5   7   0  -4   1  -1  -4  -4  -1  -4  -3   2    1   0   0   0   0   0   0   0   0  86   0   0   4   0   0   0   2   0   0   7  1.02 0.20
  102 A     0  -3  -4  -4  -2  -3  -3  -4  -4   2   0  -3  -1  -2  -4  -1  -1  -4  -3   6    4   1   0   0   0   0   1   0   0   2   0   0   0   0   0   4   0   0   0  88  0.86 0.20
  103 V    -2  -4  -4  -4  -2  -4  -4  -5  -5   6   0  -4   0  -1  -4  -3  -1  -4  -2   4    0   0   0   0   0   0   0   0   0  64   1   0   1   0   0   0   1   0   0  33  0.85 0.17
  104 G    -2  -3  -4  -5  -3  -2  -3  -2  -3   1   1  -3   9  -2  -4  -3  -2  -3  -3  -1    1   0   0   0   0   0   1   3   0   4   3   0  87   0   0   0   1   0   0   0  1.46 0.28
  105 L    -3  -3  -5  -5  -3  -3  -4  -5  -4   0   6  -4   2  -1  -4  -4  -2  -3  -2   0    0   0   0   0   0   0   0   0   0   0  94   0   5   0   0   0   0   0   0   1  1.01 0.19
  106 I     0  -4  -4  -4  -2  -3  -4  -4  -4   3   0  -4   0  -2  -4  -3  -1  -4  -2   5    4   0   0   0   0   0   0   0   0  20   0   0   0   0   0   0   0   0   0  74  0.81 0.18
  107 G    -1  -4  -2  -3  -4  -3  -4   7  -4  -5  -5  -3  -4  -5  -4  -2  -3  -4  -5  -5    1   0   0   0   0   0   0  99   0   0   0   0   0   0   0   0   0   0   0   0  1.72 0.23
  108 N    -3  -2   8   0  -4  -2  -2  -2  -1  -5  -5  -2  -4  -5  -4  -1  -2  -6  -4  -5    0   0 100   0   0   0   0   0   0   0   0   0   0   0   0   0   0   0   0   0  1.77 0.28
  109 K    -2   1  -2  -2  -5   0  -1  -3  -2  -4  -4   7  -3  -5  -3  -2  -2  -5  -3  -4    0   0   0   0   0   0   0   0   0   0   0 100   0   0   0   0   0   0   0   0  1.40 0.26
  110 S     1  -2  -1  -2   5  -2  -2  -2  -2  -2  -2  -2  -2  -3  -2   5   2  -4  -3  -2    8   0   1   0  16   0   0   0   0   2   2   0   0   0   0  59  13   0   0   0  0.64 0.16
  111 D    -3  -3   0   8  -5  -2   0  -3  -3  -5  -5  -2  -5  -5  -3  -2  -3  -6  -5  -4    0   0   0  99   0   0   0   0   0   0   0   0   0   0   0   0   0   0   0   1  1.80 0.26
  112 L    -3  -4  -5  -5  -3  -3  -4  -5  -4   0   6  -4   1  -1  -4  -4  -3  -3  -2   0    0   0   0   0   0   1   1   0   0   0  98   0   0   0   0   0   0   0   0   0  1.05 0.20
  113 A     0   5   0  -1  -4   0   1   0  -1  -4  -3   3  -2  -4  -3  -1  -2  -4  -3  -3    8  48   3   3   0   2   6   9   0   0   0  17   0   0   0   2   0   0   0   1  0.54 0.12
  114 H    -3  -2   0  -1  -4   0  -1  -3   9  -5  -4  -2  -2  -3  -3   0   0  -4   0  -4    0   0   3   3   0   2   0   0  77   0   0   0   0   0   0   6   6   0   0   0  1.51 0.25
  115 L    -2  -3  -4  -4  -2   0  -2  -5  -4   1   5  -3   1   0  -3  -3  -2  -3  -2   0    2   0   0   0   0   5   2   0   0   2  84   0   2   2   1   1   0   0   0   1  0.72 0.16
  116 R    -3   7  -2  -3  -2   0  -2  -4  -2  -3  -3   1  -3  -4  -4  -2  -3  -4  -3  -1    0  90   0   0   1   1   0   0   0   1   1   1   0   0   0   0   0   0   0   6  1.36 0.24
  117 A     5  -2  -1  -2  -1   0  -1  -1  -3  -2  -2  -2  -2  -3  -2   1   0  -4  -3  -1   72   0   1   1   0   3   3   1   0   0   0   0   0   0   0   9   5   0   0   4  0.58 0.15
  118 V    -2  -4  -4  -5  -1  -4  -4  -5  -5   2   0  -4   0  -2  -4  -3  -1  -4  -3   6    0   0   0   0   1   0   0   0   0   5   0   0   0   0   0   0   1   0   0  93  1.05 0.22
  119 P     0  -2  -2  -2  -3   0  -1  -2  -3  -4  -3  -1  -2  -4   7   2   0  -4  -4  -3    6   1   1   0   0   4   3   2   0   0   1   1   1   0  58  20   3   0   0   0  1.18 0.17
  120 T     0  -2  -1  -1  -2   0   0  -3  -2  -1  -2  -1  -1  -3  -1   1   6  -4  -3   0    4   1   0   1   0   3   5   0   0   2   0   0   1   0   2   3  71   0   0   4  0.66 0.17
  121 E    -2  -1  -1   4  -5   1   5  -2  -2  -4  -4  -1  -3  -5  -2  -1  -2  -4  -4  -3    2   1   1  28   0   4  62   1   0   0   0   0   0   0   0   1   0   0   0   1  0.96 0.18
  122 E    -2  -2  -1   5  -5   0   5  -3  -2  -4  -4  -1  -4  -5  -3  -1  -2  -5  -4  -2    0   0   0  46   0   2  46   0   0   0   0   1   0   0   0   1   1   0   0   2  0.98 0.18
  123 S     5  -3  -3  -2  -2  -2  -2   2  -3  -3  -3  -2  -2  -4  -2   0  -1  -4  -3  -2   83   0   0   1   0   0   0  14   0   0   0   0   0   0   0   2   0   0   0   0  0.85 0.19
  124 K     0   3  -1  -2  -2   3   0  -2  -1  -3  -2   5  -1  -4  -2  -1   0  -4  -3  -2    8  16   0   0   1  15   1   1   0   0   2  48   2   0   0   1   5   0   0   1  0.52 0.13
  125 T     2  -1   0   1  -2   1   2   0  -1  -2  -2   0  -1  -2  -2   1   0  -3  -2  -1   27   1   5   5   0   9  19   4   0   1   3   4   2   2   0  11   3   0   0   2  0.19 0.06
  126 F    -4  -4  -5  -5  -4  -4  -5  -5  -2  -1   1  -4   0   8  -5  -4  -3   1   3  -2    0   0   0   0   0   0   0   0   0   0  11   0   1  80   0   0   0   1   8   0  1.37 0.22
  127 A     6  -3  -3  -3   0  -2  -2  -1  -3  -3  -3  -2  -2  -4  -2   1  -1  -4  -3  -1   88   0   0   0   2   0   0   1   0   0   0   0   1   0   0   7   1   0   0   1  0.88 0.20
  128 Q     0  -1  -1   1  -4   3   5  -2  -1  -4  -3   0  -2  -4  -2   0  -1  -4  -3  -3    5   1   1   6   0  11  62   1   0   0   1   1   1   0   0   7   3   0   0   1  0.71 0.15
  129 E     0   4   1   0  -4   2   2  -2  -1  -3  -3   4  -2  -4  -2   0  -1  -2  -3  -3    6  27   5   2   0   5  19   0   0   1   0  31   0   0   0   2   2   0   0   0  0.50 0.11
  130 N    -1  -1   5   0  -3   1   5  -2   3  -4  -4   0  -2  -4  -3  -1  -2  -4  -3  -4    3   1  36   0   0   2  46   0   7   0   0   3   1   0   0   0   0   0   0   0  0.75 0.16
  131 Q     0  -1   3   0  -3   1  -1   4   1  -4  -4   0  -3  -2  -2   1  -1  -3  -2  -3    3   2  20   2   0   7   1  41   4   0   0   5   0   3   1  12   0   0   0   0  0.48 0.10
  132 L    -2  -3  -4  -4  -2  -3  -4  -4  -4   1   5  -3   2  -1  -2  -3  -1  -3  -2   0    1   0   0   0   0   0   0   0   0   4  81   0   5   0   2   0   4   0   0   1  0.72 0.15
  133 L     1  -2  -1  -2  -1  -2  -2  -2  -1  -1   0  -1   0   3  -2   3   0  -1   2  -2    8   1   0   0   1   0   0   0   1   1  11   2   2  20   1  41   1   0  10   0  0.29 0.11
  134 F    -4  -4  -4  -5  -2  -4  -4  -4  -3  -2  -1  -3  -1   8  -5  -3  -3  -1   2  -2    0   0   0   0   1   0   0   0   0   0   0   2   0  93   0   1   0   0   1   0  1.62 0.25
  135 T    -2  -3  -4  -4  -2  -3  -3  -4  -3   4   2  -3   5  -1  -3  -3   0  -3  -2   1    0   0   0   0   0   0   0   0   0  42  15   1  30   1   0   0   6   0   0   4  0.58 0.14
  136 E    -2  -1  -2   0  -5   1   7  -4  -2  -5  -4   0  -3  -5  -3  -2  -2  -4  -3  -4    0   0   0   0   0   0  96   0   0   0   0   2   0   0   0   0   0   0   0   0  1.42 0.24
  137 T    -1  -3  -1  -3  -2  -2  -2  -3  -3  -2  -3  -2  -2  -4  -2   0   7  -4  -3  -1    4   0   0   0   0   0   0   0   0   0   0   0   0   0   0   0  94   0   0   0  1.22 0.24
  138 S     0  -2  -1  -2  -2  -2  -2  -2  -2  -4  -4  -2  -3  -4  -2   6   0  -4  -3  -3    0   0   0   0   0   0   0   0   0   0   0   0   0   0   0  98   0   0   0   0  1.16 0.24
  139 A     6  -3  -3  -3  -2  -2  -2  -1  -3  -3  -3  -2  -2  -4  -2   0  -1  -4  -3  -2   98   0   0   0   0   0   0   0   0   0   0   0   0   0   0   0   0   0   0   0  1.07 0.22
  140 L    -3  -3  -4  -5  -1  -2  -4  -5  -4   0   5  -4   2   0  -4  -4  -2  -3  -2   0    0   0   0   0   1   1   0   0   0   0  92   0   3   1   0   0   0   0   0   0  0.91 0.18
  141 S     4  -2  -1   0  -2  -1  -1  -1  -2  -3  -3  -1  -2  -3  -2   4   0  -4  -3  -2   49   0   0   4   0   0   1   0   0   0   0   0   0   0   0  44   0   0   0   0  0.60 0.15
  142 E    -1  -2  -1  -1  -2  -2  -1  -2  -2  -1  -1  -2   0  -2  -2   2   5  -3  -2   0    0   0   0   1   0   0   4   1   0   2   4   1   2   1   0  13  66   0   0   4  0.60 0.16
  143 N    -3  -2   8   0  -4  -1  -2  -1  -1  -5  -5  -2  -4  -4  -3  -1  -1  -5  -3  -4    0   0  92   1   0   0   0   3   0   0   0   0   0   0   0   0   0   0   0   0  1.50 0.24
  144 V    -1  -4  -4  -4  -2  -3  -4  -4  -4   2   0  -3  -1  -2  -4  -3  -1  -4  -2   6    0   0   0   0   0   0   0   0   0   3   0   0   0   0   0   0   0   0   0  93  1.00 0.21
  145 D    -1  -1   0   3  -4   0   6  -3  -1  -4  -4   0  -3  -4  -2  -1  -2  -4  -3  -4    3   0   2  20   0   0  72   0   0   0   0   1   0   0   0   0   0   0   0   0  1.01 0.18
  146 K     0   0   2   0  -2   1   2  -1   0  -1   0   1  -1  -2  -1   1   1  -3  -2  -1    7   2  15   2   0   4  15   2   1   1  14  10   0   0   1  10  13   0   0   2  0.13 0.05
  147 A     6  -2  -2  -3  -1  -2  -2  -1  -3  -3  -3  -2  -2  -3  -2   1  -1  -4  -3  -1   87   0   0   0   0   0   0   0   0   0   0   0   0   0   0   8   2   0   0   0  0.85 0.19
  148 F    -4  -4  -4  -5  -4  -5  -5  -5  -3  -2  -1  -5  -1   8  -5  -4  -4   0   2  -2    0   0   0   0   0   0   0   0   0   0   2   0   0  95   0   0   0   0   1   0  1.69 0.25
  149 E    -1   1   0  -1  -1   4   1  -3   2  -1  -1   1   0  -2  -2   0   1  -2  -1  -1    3   5   3   0   2  35   6   0   8   4   6   5   3   1   0   4  13   0   1   2  0.27 0.09
  150 E    -1   1   2   0  -3   2   2  -2   0  -3  -2   0  -2  -2  -2   0   3  -3  -1  -2    0   7  15   1   0  11  19   0   1   0   1   1   0   1   0   4  35   0   1   0  0.36 0.11
  151 L    -1  -4  -3  -4  -1  -3  -3  -4  -4   5   2  -3   0  -1  -4  -2  -1  -4  -2   3    2   0   1   0   1   0   0   0   0  49  12   0   0   0   0   2   1   0   0  30  0.56 0.13
  152 I    -3  -4  -5  -5  -3  -3  -4  -5  -4   2   5  -4   1  -1  -4  -4  -2  -3  -1   0    0   0   0   0   0   0   0   0   0   6  92   0   0   0   0   0   0   0   1   0  0.95 0.19
  153 N     0  -1   0  -2  -1   0  -1  -1  -3  -2  -2   0  -1  -3  -2   1   6  -4  -3  -1    4   2   3   0   1   2   2   3   0   1   2   5   0   1   0   6  69   0   0   0  0.63 0.17
  154 T    -1  -1   0   3  -4   3   5  -2   0  -4  -3   0  -3  -4  -2  -1  -1  -4  -3  -3    4   1   3  14   0  15  54   1   2   0   1   2   0   0   0   1   2   0   0   0  0.72 0.15
  155 I    -3  -4  -5  -5  -3  -4  -5  -5  -5   7   0  -4   0  -2  -4  -4  -2  -4  -3   2    0   1   0   0   0   0   0   0   0  92   1   0   0   0   0   0   0   0   0   5  1.15 0.23
  156 Y    -3  -3  -3  -4  -3  -3  -3  -5   4  -3  -3  -3  -3   3  -5  -3  -3   0   8  -3    0   0   0   0   0   0   0   0  13   0   0   0   0   8   0   0   1   0  78   0  1.61 0.26
  157 Q    -2   5   1  -1  -4   2   0  -2   3  -4  -3   3  -2  -4  -3  -1  -1  -4  -2  -3    0  44   7   1   0  11   2   1  11   0   1  18   1   0   0   2   1   0   0   0  0.63 0.13
  158 K    -1  -2  -2  -4  -2  -3  -3  -4  -4   5   1   0   1  -1  -3  -1   0  -4  -2   2    2   2   1   0   0   0   0   0   0  54   9   7   3   0   0   3   4   0   0  14  0.42 0.12
  159 V    -1  -2  -3  -4  -2  -3  -4  -4  -3   3   0  -3   2  -2  -4  -3  -1  -4  -2   5    0   2   1   0   0   0   0   1   0  12   3   0   6   0   0   0   1   0   0  74  0.73 0.17
  160 P     0  -1   1  -2  -1  -1  -1  -1  -1  -4  -4  -1  -3  -4  -2   6   0  -4  -3  -3    4   1   7   0   1   2   0   2   1   0   0   1   0   0   1  80   1   0   0   0  0.83 0.21
  161 T    -1   2   1  -1  -4   2   0  -2  -1  -4  -3   5  -2  -4  -2   1   0  -4  -3  -3    0  11   5   1   0  11   1   0   0   0   0  50   1   0   0  15   5   0   0   0  0.56 0.14
  162 I    -2   3  -1  -2  -4   1  -1  -3  -1  -3  -3   6  -3  -4  -2  -1  -2  -4  -3  -4    0  14   2   0   0   2   0   0   1   1   1  78   0   0   1   0   0   0   0   0  0.97 0.20
  163 S     3  -1   1  -2  -2   3  -1  -1   0  -2  -3   0  -2  -3  -1   2   1  -3  -2  -1   43   0   6   0   0  17   0   0   1   1   0   2   0   0   1  17  11   0   0   0  0.36 0.10
  164 L    -2  -3  -4  -5  -2  -3  -4  -4  -4   2   4  -3   4   0  -4  -3  -2  -3  -2   1    0   0   0   0   0   0   0   0   0   8  66   0  17   1   0   0   0   0   0   8  0.65 0.12

                      K         Lambda
Standard Ungapped    0.1312     0.3150
Standard Gapped      0.0594     0.2670
PSI Ungapped         0.1945     0.3166
PSI Gapped           0.0594     0.2670
