
Last position-specific scoring matrix computed, weighted observed percentages rounded down, information per position, and relative weight of gapless real matches to pseudocounts
            A   R   N   D   C   Q   E   G   H   I   L   K   M   F   P   S   T   W   Y   V   A   R   N   D   C   Q   E   G   H   I   L   K   M   F   P   S   T   W   Y   V
    1 I    -3  -3  -4  -5  -3  -3  -4  -5  -4   1   3  -4   9  -2  -4  -4  -3  -3  -3   0    0   0   0   0   0   0   0   0   0   4  25   0  67   0   0   0   0   0   0   4  1.33 0.37
    2 D    -2  -3   3   5  -4   0   1  -2  -2  -4  -5  -2  -4  -5   4  -1  -1  -5  -4  -4    3   0  18  46   0   3   6   1   0   0   0   0   0   0  22   1   1   0   0   0  0.94 0.25
    3 T    -1  -1  -1   1  -4   1   5  -1   0  -4  -4   0  -2  -4  -1   2   0  -4  -3  -3    1   0   0   3   0   3  57   4   2   0   0   3   1   0   3  15   7   0   0   0  0.69 0.25
    4 D    -2  -2   1   1  -5   1   6  -3   2  -3  -4   0  -3  -4  -3  -1   0  -4  -3  -3    2   0   6   6   0   2  67   1   4   1   0   4   0   0   0   1   6   0   0   1  0.88 0.28
    5 Y    -2  -4  -4  -5  -2  -4  -4  -5  -1  -3  -3  -4  -3   5  -5  -4  -4   1   8  -3    2   0   0   0   1   0   0   0   0   0   0   0   0  21   0   0   0   1  75   0  1.80 0.42
    6 D    -4  -3   0   8  -5  -2   0  -3  -3  -5  -6  -3  -5  -5  -3  -2  -3  -6  -5  -5    0   0   2  96   0   0   1   0   0   0   0   0   0   0   0   0   0   0   0   0  1.91 0.43
    7 V     0  -4  -3  -4   0  -3  -4  -4  -4   1   0  -3   0   0  -4  -3  -1  -4   0   5    9   0   1   0   1   0   0   0   0   2   4   0   2   4   0   0   2   0   3  71  0.69 0.27
    8 I    -3  -4  -5  -4  -1  -4  -5  -5  -5   6   0  -3   0  -2  -4  -4  -2  -4  -3   4    0   0   0   0   1   0   0   0   0  69   1   1   0   0   0   0   0   0   0  28  1.05 0.32
    9 V    -2  -4  -5  -5  -3  -4  -4  -5  -5   4  -1  -4   1  -2  -4  -3  -2  -5  -3   6    1   0   0   0   0   0   0   0   0  19   0   0   2   0   0   0   0   0   0  77  1.06 0.33
   10 L    -3  -4  -5  -5   2  -4  -4  -5  -4   3   5  -4   2  -1  -4  -3  -2  -3  -3   1    0   0   0   0   5   0   0   0   0  19  68   0   3   0   0   1   1   0   0   3  0.78 0.25
   11 G    -1  -4  -2  -3  -4  -4  -4   7  -4  -6  -6  -3  -5  -5  -4  -2  -3  -5  -5  -5    2   0   0   0   0   0   0  98   0   0   0   0   0   0   0   0   0   0   0   0  1.90 0.41
   12 T    -2  -3  -2  -3  -3  -3  -3  -3  -4  -3  -3  -3  -3  -4  -3   0   7  -4  -4  -2    0   0   0   0   0   0   0   0   0   0   0   0   0   0   0   3  96   0   0   0  1.53 0.44
   13 G    -2  -4  -2  -3  -5  -4  -4   7  -4  -6  -6  -4  -5  -5  -4  -2  -4  -5  -5  -5    0   0   0   0   0   0   0  98   0   0   0   0   0   0   0   0   0   0   0   0  1.96 0.46
   14 I    -3  -1  -5  -5  -3  -4  -4  -5  -4   0   5  -4   1   2  -5  -4  -3  -3  -2   0    0   4   0   0   0   0   0   0   0   2  84   0   1   7   0   0   0   0   0   2  1.00 0.35
   15 T    -1   0  -2  -3  -3  -1  -2  -3  -3  -2  -3   3  -1  -4   4   0   4  -4  -3  -1    3   4   0   0   0   1   0   0   0   1   0  27   1   0  19   5  34   0   0   5  0.60 0.28
   16 E    -3   1  -2  -1  -5   1   7  -4  -2  -5  -4  -1  -4  -5  -3  -2  -3  -4  -4  -4    0   6   0   0   0   4  85   0   0   0   1   0   0   0   0   0   0   0   0   0  1.44 0.45
   17 C    -1  -4  -3  -4   9  -3  -3  -3  -4  -3  -3  -3  -3  -4   0   3  -1  -4  -4   0    1   0   0   0  55   0   0   1   0   0   1   0   0   0   4  27   2   0   0   6  1.38 0.40
   18 I     0  -1  -3  -4   1  -3  -3  -1  -4   5   0  -3   0  -2  -3  -3  -1  -3  -2   2    6   4   0   1   4   0   1   5   0  57   2   1   1   0   0   1   1   0   0  15  0.56 0.24
   19 L    -2  -3  -4  -4  -2  -3  -3  -4  -3   3   4  -3   2   2  -3  -3  -2  -2  -1   1    1   0   0   1   0   0   1   1   0  21  53   1   5   8   0   1   1   0   0   5  0.59 0.22
   20 S     3  -1  -1  -2  -2  -2  -2   1  -2  -3  -1  -2  -2  -3  -2   4  -1  -4  -3  -2   31   3   0   0   0   0   0   9   0   0   6   0   0   0   0  46   0   0   0   0  0.53 0.27
   21 G     3  -3  -2  -1   1  -2  -2   5  -3  -3  -3   0  -2  -4  -3   0  -2  -4  -3  -2   26   0   0   4   4   0   0  50   0   0   1   6   1   0   0   5   0   0   0   1  0.69 0.24
   22 L     2  -2  -3  -3  -2   1  -2  -1  -3   2   2  -2   1  -2  -3  -1  -1  -3  -2   1   27   0   0   0   0  10   0   4   0  15  30   0   3   0   0   0   0   0   0   7  0.26 0.16
   23 L    -1  -4  -4  -5   6  -3  -4  -4  -4   0   4  -4   4   0  -4  -3  -3   3  -2  -1    4   0   0   0  21   0   1   0   0   3  48   0  11   4   0   1   0   4   0   1  0.78 0.32
   24 S     1  -3  -2  -2  -3  -2  -2   0  -3  -4  -4  -2  -3  -4  -2   6   1  -4  -4  -3   10   0   0   0   0   0   0   6   0   0   1   0   0   0   1  73   5   0   0   1  0.99 0.43
   25 V    -1   3  -1  -3  -2  -1  -2  -2  -1   0  -1  -1   0  -3  -3   0  -1  -4  -3   4    2  25   4   0   1   1   1   2   1   2   3   2   2   0   1   8   3   0   0  42  0.39 0.25
   26 D     0  -1   3   2  -2   0   1   0  -1  -1  -2   1  -2  -3  -2   1   1  -3  -2  -2    6   1  17  14   1   2   7   6   1   3   3   9   0   0   0  14  13   0   1   2  0.22 0.12
   27 G    -1  -2   0  -3  -4  -3  -3   6  -3  -4  -2  -2  -4  -4   0  -1  -3  -4  -4  -4    2   1   3   0   0   0   0  76   0   0   4   2   0   0   4   4   0   0   0   0  1.22 0.38
   28 K    -2   1  -1  -1  -4   2   2  -2  -1  -2   0   4  -1  -2  -2  -1  -2  -3  -1  -1    1   5   2   0   0   9  17   3   1   0  10  41   1   1   0   1   0   0   3   4  0.41 0.22
   29 K    -2   2  -1   0  -4  -1  -1  -3  -1  -3  -2   6  -3   0   0  -1  -1  -4  -3  -3    1  10   1   6   0   0   0   1   1   0   4  62   0   4   4   2   2   0   0   0  0.72 0.32
   30 V    -2  -3  -3   0  -3  -2   2  -4  -3   1  -1  -1  -1  -3  -3  -2  -2  -4  -3   5    1   0   0   5   0   0  18   1   0   5   1   3   0   0   0   1   0   0   0  63  0.65 0.32
   31 L    -2  -2   2  -3  -2  -2  -3  -3  -3   1   4  -2   0  -1  -3  -2   0  -3  -2  -1    1   1  13   1   0   1   1   1   0   5  61   2   0   1   1   2   7   0   0   1  0.49 0.24
   32 H    -3  -2   0  -3   1  -1  -2   0   9  -2  -2  -3  -3  -3   0  -3  -3  -4  -1  -2    1   0   3   0   3   1   1   7  67   2   4   1   0   0   4   1   1   0   0   4  1.43 0.46
   33 I    -2  -2  -3  -3   4   0  -3  -3   0   3   1  -2   4  -1  -3   0  -1  -3   0   1    1   2   0   1  10   4   1   1   3  24  13   1  18   0   1   8   1   0   3  10  0.30 0.19
   34 D    -3  -3  -1   7  -4  -2  -1  -3  -3  -4  -1  -3  -4  -4  -1  -2  -3  -5  -4  -4    1   1   0  81   0   0   1   1   0   1   7   1   0   0   3   1   1   0   0   1  1.51 0.47
   35 K    -1   5  -1   2  -3   0  -1  -2  -2  -3  -3   2  -2  -2  -2   1   0  -3  -2   0    3  38   1  13   0   4   1   1   0   1   1  12   0   1   1  12   4   0   0   7  0.44 0.22
   36 Q    -2   1   5  -1  -3   0  -1  -1   0   0  -2   2  -2  -3  -3   0   1  -4  -3  -2    1   6  44   1   0   4   1   3   2   6   4  13   0   0   1   4   9   0   0   1  0.51 0.25
   37 D     0  -1   2   3  -2   0   1  -1  -2  -3  -3   0  -2  -3   2   2   0  -3  -3  -2    7   1   9  22   0   3   7   3   0   1   2   4   0   1   9  24   6   0   0   2  0.33 0.16
   38 H    -2  -1  -2  -3   2   0   1  -2   3  -2  -1  -2  -1   2  -1  -1  -1  -1   6  -1    1   4   0   1   6   3   9   2   6   1   4   1   2   6   4   5   4   0  39   3  0.49 0.24
   39 Y    -2  -2  -2  -3  -3  -2   2  -3   3  -2  -2  -2   0   1  -3   0  -1  -1   7   0    1   1   1   1   0   0  15   1   7   1   1   1   3   4   1   6   4   0  46   6  0.75 0.34
   40 G    -1  -1  -2   0  -3  -2   1   5  -3  -1  -3  -1  -3  -4   2  -2  -2  -3  -3  -3    3   3   1   4   0   0  11  51   0   6   1   4   0   0  11   1   1   0   0   1  0.66 0.26
   41 G     0   0   0   0  -3  -2   0   4   1  -4  -4  -2  -3  -4  -2   2   1  -3  -3  -3    5   5   2   4   0   0   6  42   4   0   1   0   0   0   0  17  11   0   0   1  0.51 0.24
   42 E     0   0   1   2   2   0   3  -2  -2  -2  -3   0  -2  -3   0   1   1  -3  -3   0    8   3   5  10   6   2  26   1   0   0   1   6   0   0   3  11  10   0   0   7  0.25 0.16
   43 A     0  -2  -1  -2   3  -1   1  -1  -1  -2  -1  -1  -1   0  -2   4   0   4  -2  -1    4   0   1   0   8   0   8   2   2   2   5   3   1   4   0  44   2   7   0   5  0.36 0.25
   44 A     4   0   2  -2   0   0   1  -2   3  -3  -3  -1  -2  -3   0   1   0   0  -2  -2   42   4  10   0   2   4   7   1   8   0   1   1   0   0   3   9   6   2   0   1  0.35 0.23
   45 S    -2  -1  -1  -3   0  -3  -3  -4  -4  -5  -5   0  -4  -5  -1   6   1  -5  -4  -2    1   3   2   0   2   0   0   0   0   0   1   5   0   0   3  69   9   0   0   3  1.20 0.64
   46 V    -2  -4  -4  -4  -3  -3   0  -5  -4   2   4  -4   1   3  -1  -2  -3  -3  -1   2    2   0   0   0   0   0   7   0   0  10  40   0   2  14   3   3   0   0   2  14  0.52 0.32
   47 T    -2  -1   5  -2  -4  -2  -3  -3   0  -2  -4  -2  -2  -4   1   3   3  -5  -2  -3    3   3  31   1   0   1   0   0   2   3   1   2   1   0   6  20  22   0   1   1  0.70 0.43
   48 L    -1  -4  -4  -5  -3  -4  -4  -2  -4   1   4  -4   3   1  -2  -3  -1   1   1   1    5   0   0   0   0   0   0   3   0   7  46   0   6   6   2   0   4   2   5   9  0.53 0.32
   49 S    -2  -1   0   1   0   0   4  -2  -2  -1  -3   0  -2  -3   0   1   2  -5  -4  -3    1   2   5   8   2   3  31   3   1   4   1   5   1   1   5  13  14   0   0   2  0.42 0.34
   50 Q     1  -1   1   3  -5   4   2  -1  -1  -5  -5  -1   0  -5  -4   0   0  -5  -4  -3   11   2   5  16   0  24  15   5   1   0   0   2   2   0   0   7   6   0   0   2  0.53 0.38
   51 L    -1  -4   0  -5   0  -4  -5  -5  -4   0   4  -4   3   2   0  -1   0  -4  -3  -1    4   0   5   0   2   0   0   0   0   3  50   0   7   8   6   5   5   0   0   3  0.65 0.42
   52 Y    -1  -4  -1  -3   1  -4   0  -5   0  -1  -1  -4  -1   4  -5   1  -1   4   6  -2    5   0   3   2   3   0   6   0   2   4   6   0   2  14   0  10   4   6  31   2  0.70 0.43
   53 E    -1   0   0   1   0   1   4  -2  -3  -5  -2   4  -4  -5  -4   1   0  -5  -4  -4    4   4   4   6   2   5  25   3   0   0   4  26   0   0   0  11   6   0   0   0  0.54 0.39
   54 K    -3   2   0  -1  -2   3  -1  -2   1  -3  -1   4  -1  -2  -1  -1  -1   4   0  -4    1  13   4   3   1  13   2   3   3   1   7  26   2   1   2   5   4   7   3   0  0.41 0.32
   55 F    -2  -5  -5  -5  -1  -5  -5  -5   0  -1   1  -2   0   7   2  -3  -4   1   2  -1    4   0   0   0   1   0   0   0   2   3  10   3   2  47  10   2   0   2   6   4  1.04 0.53
   56 K    -1   3   0   0  -1   1   0   1   0  -4  -3   4  -1  -3   0  -1  -1  -4   0  -2    4  14   5   4   1   6   5  11   2   0   3  27   2   1   4   2   3   0   3   3  0.32 0.25
   57 Q     0   1   0  -1  -1   2   1   1  -2  -1  -1   2   0  -2   1  -1   0   0  -2  -1    6   6   4   2   1  11   7  12   0   4   8  14   3   1   8   3   4   1   0   4  0.12 0.12
   58 N    -1  -1   4   0  -1   0   0   1  -1  -2  -2   0   0  -3   2   0   0  -3  -1  -1    5   3  23   5   1   3   5   9   1   2   4   5   2   1  10   7   5   0   3   4  0.22 0.17
   59 P     0   1   0   1  -1   1   1   0   0  -2  -2   1   0  -1   2   0   0  -2   1  -1    7   8   4   8   1   5   8   8   2   1   4   7   2   3  12   5   5   0   6   4  0.11 0.08
   60 I     1   0   0   0  -2   1   0  -1  -2   2  -1   0   0  -1   2   0   0  -2  -1  -1   12   3   4   6   1   7   4   3   1  15   6   6   3   2   9   7   5   0   2   3  0.08 0.08
   61 S     0  -1   1  -1  -1   1   0  -1  -1  -1  -2   1  -2  -2   4   1   2  -3  -3  -1    8   2   8   3   2   5   5   4   2   3   3   8   0   1  20  10  12   0   1   4  0.28 0.19
   62 K    -1   0   0   0  -1   0   0   2  -2  -2  -2   1  -2  -2   2   0   0  -2   2  -1    3   5   5   4   1   3   7  17   0   2   3  10   0   1  12   8   5   0   9   3  0.18 0.15
   63 E     0  -1   1   0  -2   1   0   0  -2   0  -1   0  -1   0   1   0   0   4  -1   0    7   0   7   7   0   7   7   7   0   7   7   7   0   6   7   7   7   6   0   7  0.08 0.10
   64 E     0   0   0   0  -2   2   2   0  -1  -1  -1   2  -1  -2   0   0   1   0  -2  -1    6   2   2   3   0  11  17   7   1   2   6  16   1   1   3   6   9   1   1   4  0.15 0.09
   65 R    -1   1  -2  -1  -3  -2  -1  -2  -1   0  -2   0  -1  -1   6  -2  -2  -3  -1  -1    5   9   1   3   0   1   2   2   1   6   4   5   1   3  46   2   1   0   2   3  0.79 0.24
   66 E    -1  -2  -1   0  -1  -1   1  -2  -2  -2  -2  -1  -3  -3   6  -1  -1   4  -2  -2    3   1   2   6   1   3   9   2   0   2   3   3   0   1  45   4   4   7   1   2  0.88 0.27
   67 S     1  -1  -1   0  -2   1   2  -1  -1  -2  -1   2  -2  -2   0   1   1  -3  -1  -1   17   1   1   5   0   8  20   3   0   3   4  13   0   1   3   8   9   0   2   2  0.19 0.12
   68 K     0   0   1  -1  -3   1   1  -1   1   0  -1   2   0  -1  -1   2   0  -3  -2  -1    4   2   5   2   0   5   8   3   4   8   6  17   2   2   1  25   3   0   1   2  0.14 0.13
   69 F    -3  -3  -3  -4  -1  -3  -4  -4  -1   1   3  -2   5   2  -4  -3  -2   0   4   0    1   0   1   1   1   0   0   1   1   7  29   2  20  10   0   1   2   1  15   6  0.53 0.26
   70 G    -1  -3  -2   0  -4  -2  -1   6  -2  -5  -5   1  -4  -3  -3  -2  -1  -4  -4  -4    4   1   0   5   0   1   3  71   1   0   1   8   0   1   1   0   3   0   0   0  1.17 0.40
   71 K    -1   5   0  -2  -4   0   1  -3  -1  -2  -2   2  -2  -3   0   0  -2  -4  -2  -2    5  43   3   0   0   2  11   1   1   2   4  12   1   0   4   8   0   0   1   3  0.55 0.27
   72 D    -1  -3   2   3  -3  -2  -2   4  -3  -4  -2  -2  -3  -4  -1   2  -1   1  -3  -2    3   0  10  16   0   1   0  33   0   0   4   0   0   0   2  22   2   2   0   4  0.49 0.26
   73 R    -3   7   2  -3  -5  -1  -2  -3   1  -4  -4   2  -4  -5  -4  -2  -3  -2  -2  -3    0  66  11   0   0   1   0   1   3   1   0  10   0   0   0   2   1   0   1   2  1.26 0.47
   74 D    -3   2  -1   7  -5   0   2  -3  -1  -5  -3  -1  -4  -5  -4  -1  -3  -6  -5  -5    1  12   0  61   0   3  14   0   1   0   3   2   0   0   0   3   0   0   0   0  1.16 0.43
   75 W    -5  -5  -6  -7  -3  -5  -6  -6  -4  -5  -4  -4  -4   5  -6  -5  -5  11   5  -5    0   0   0   0   1   0   0   0   0   0   0   1   0  21   0   0   0  55  21   0  2.73 0.72
   76 N    -1  -3   8  -2   2  -2  -3  -3   0  -5  -5  -1  -4  -5  -4   1  -2  -6  -4  -5    5   0  76   0   4   1   0   0   2   0   0   3   0   0   0   7   0   0   0   0  1.61 0.57
   77 V    -3  -5  -5  -5  -3  -4  -5  -5  -5   5   0  -3  -1  -1  -5  -3  -2  -5  -3   5    0   0   0   0   0   0   0   0   0  41   4   1   0   1   0   1   0   0   0  50  1.13 0.43
   78 D    -5  -5  -2   8  -6  -3  -1  -4  -4  -6  -7  -3  -6  -6  -4  -2  -4  -7  -6  -6    0   0   0  95   0   0   0   0   0   0   0   1   0   0   0   3   0   0   0   0  2.34 0.70
   79 L    -4  -4  -6  -3  -4  -4  -4  -6  -5   0   6  -4   4  -1  -5  -5  -4  -4  -3  -1    0   0   0   1   0   0   1   0   0   2  84   1  10   1   0   0   0   0   0   1  1.34 0.50
   80 I    -3  -5  -5  -5   1  -5  -5  -5  -5   6  -1  -5  -1  -3  -5  -2   0   1  -3   4    0   0   0   0   3   0   0   0   0  57   1   0   0   0   0   2   6   2   0  28  1.09 0.43
   81 P    -4  -3  -5  -4  -6  -3  -4  -5  -5  -6  -6  -4  -5  -7   8   1  -3  -7  -6  -5    0   1   0   0   0   1   0   0   0   0   0   0   0   0  86  11   1   0   0   0  2.53 0.71
   82 K    -4   1  -3  -4  -6  -2  -2  -5  -4  -6  -5   8  -4  -5  -4  -3  -4  -6  -5  -5    0   4   0   0   0   0   0   0   0   0   0  95   0   0   0   0   0   0   0   0  2.03 0.68
   83 F    -4  -5  -5  -6  -4  -5  -5  -6  -4  -1   2  -5  -1   8  -5  -5  -4  -2   0  -1    1   0   0   0   0   0   0   0   0   1  23   0   0  67   0   0   0   0   1   4  1.57 0.52
   84 L    -1  -4  -5  -5  -3  -4  -5  -5  -4   3   5  -4   3   1  -5  -4  -3  -3  -3   0    4   0   0   0   0   0   0   0   0  19  58   0   8   6   0   0   0   0   0   4  0.84 0.35
   85 M    -4  -4  -5  -6  -4  -4  -5  -6  -3   0   3  -5   9  -2  -5  -5  -4  -3   4  -2    0   0   0   0   0   0   0   0   0   4  21   0  61   0   0   0   0   0  13   0  1.70 0.62
   86 A     5  -4  -3  -4   1  -2  -2  -1  -4  -4  -4  -3  -1  -4  -3   3  -2  -5  -4  -2   65   0   0   0   3   1   1   2   0   0   0   0   2   0   0  23   0   0   0   1  1.00 0.46
   87 N    -1   1   6   2   1   0  -1   0   0  -5  -5  -2  -4  -5  -3   2   0  -5  -4  -4    5   7  43  11   4   3   2   5   2   0   0   1   0   0   0  14   3   0   0   0  0.70 0.33
   88 G    -2  -5  -3  -2  -5  -4  -3   7  -4  -6  -6  -4  -5  -6  -5   0  -4  -5  -5  -6    0   0   0   2   0   0   2  88   0   0   0   0   0   0   0   7   0   0   0   0  1.85 0.57
   89 E    -1  -1   1   1  -4   3   3  -2  -1  -3   0   2  -1  -4  -2  -1  -1  -4  -3  -3    3   1   7   5   0  19  27   3   1   0  11  14   1   0   1   3   3   0   0   0  0.38 0.23
   90 L    -3  -2  -5  -5  -3  -4  -5  -5  -5   0   6  -4   2  -1  -5  -4  -3  -4  -3  -1    2   2   0   0   0   0   0   0   0   1  84   0   5   1   0   0   0   0   0   2  1.24 0.46
   91 T    -1  -3  -2  -4  -3  -3  -3  -4  -4   2  -1  -2   0  -2  -4  -2   2  -4  -3   5    2   0   2   0   0   0   0   0   0  12   3   3   1   1   0   2  16   0   0  55  0.71 0.34
   92 N    -2   3   3   2  -4   1  -1  -3  -2  -4  -4   5  -3  -4  -2  -1  -2  -4  -2  -4    1  14  15  11   0   4   1   0   0   0   1  47   0   0   2   2   0   0   1   0  0.78 0.34
   93 I    -2  -4  -4  -4   0  -3  -4  -4  -4   4   3  -4   5   0  -4  -3  -1  -3  -2   1    2   0   0   0   2   0   0   0   0  33  25   0  21   4   0   0   2   0   0   7  0.73 0.31
   94 L    -4  -4  -5  -5  -3  -4  -5  -5  -5   0   6  -4   0  -1  -5  -3  -3  -4  -3  -2    0   0   0   0   0   0   0   0   0   2  90   0   0   2   0   2   0   0   0   0  1.38 0.49
   95 I    -2   1  -4  -4  -3  -3  -3  -4  -2   4   2  -1   0  -2  -2  -3  -1  -3  -1   3    1   8   0   0   0   1   0   0   1  31  24   3   0   0   2   0   2   0   1  23  0.46 0.24
   96 H    -1   0  -1  -2  -2   0  -1  -3   7  -2  -3   3  -2  -1  -2   1  -2  -3   3  -4    4   3   2   1   1   2   3   1  36   2   1  19   1   1   2  10   1   0  11   0  0.73 0.33
   97 T    -2  -3  -1  -2  -1  -2  -2  -3  -1  -3  -2  -1  -2  -4  -3   2   6  -4   0  -2    2   1   1   1   1   1   2   0   1   0   2   2   1   0   0  15  63   0   3   1  0.95 0.43
   98 D    -2   0   3   3  -4   1   2   2  -1  -4  -4   2  -3  -4  -3  -1  -2  -4  -2  -2    0   4  16  22   0   5  15  18   0   0   1  12   0   0   0   1   0   0   2   3  0.47 0.23
   99 V    -2  -4  -5  -5   0  -4  -4  -5  -5   2  -1  -4  -2  -1  -4  -3   0  -4  -3   6    1   0   0   0   2   0   0   0   0  11   1   0   0   2   0   0   4   0   0  76  1.21 0.46
  100 T    -1  -3  -1   1   1   0  -2  -3   1  -1  -2  -2  -3  -4  -2   1   6  -4  -3  -2    2   0   1   7   3   3   2   0   3   4   3   1   0   0   1  11  56   0   0   1  0.74 0.37
  101 R    -2   7   0   0  -5   0   0  -4   0  -5  -4   2  -2  -5  -4  -2  -3  -5  -4  -4    2  63   5   5   0   3   6   1   2   0   0  10   1   0   0   1   0   0   0   0  1.15 0.43
  102 Y    -4  -4  -2  -5   0  -4  -4  -5   0  -3  -4  -4   1   1  -5  -2  -3  -1   9  -4    0   0   2   0   2   0   0   0   1   1   0   0   4   2   0   3   1   0  81   0  2.13 0.66
  103 V     1  -4  -4  -5  -3  -3  -4  -4  -4   1   5  -4   3  -1  -4  -2  -2  -3  -3   1   13   0   0   0   0   0   0   0   0   7  59   0   6   1   0   2   0   0   0  10  0.70 0.32
  104 D    -3  -2   0   4  -5   1   6  -4  -2  -5  -4  -1  -4  -5  -3  -1  -2  -5  -2  -4    1   0   4  22   0   4  57   0   0   0   2   3   0   0   0   2   2   0   1   0  1.07 0.42
  105 F    -5  -5  -5  -6  -5  -5  -5  -5  -4  -3  -1  -5  -3   9  -6  -5  -5   4   0  -3    0   0   0   0   0   0   0   0   0   0   5   0   0  85   0   0   0   5   0   0  2.21 0.64
  106 K    -2   2  -2  -3   1   2  -2  -2  -3  -3  -2   6   0  -4  -3  -1  -1  -4  -4  -3    2   9   0   0   4   7   0   2   0   1   3  62   2   0   0   2   2   0   0   1  0.91 0.40
  107 Q     1   0   2  -2   0   3  -1  -2  -1  -1  -1  -1  -2  -2   0   1  -1  -4  -3   2   12   3  13   0   2  19   0   1   1   0   6   1   0   2   4  14   1   0   0  21  0.23 0.22
  108 V    -2  -4  -5  -5  -1  -4  -4  -3  -5   5   0  -4  -1  -2  -2  -3  -2  -4  -3   5    2   0   0   0   1   0   0   2   0  40   5   0   0   0   1   1   1   0   0  45  0.94 0.38
  109 S     1  -2  -1   4  -4  -1   4  -2  -1  -3  -4  -1  -3  -4   1   0   1  -4  -4  -3   16   0   0  27   0   1  28   2   1   1   0   3   0   0   6   3  10   0   0   0  0.53 0.27
  110 G     0   2  -2  -3  -3  -3  -3   6   1  -5  -5  -3  -4  -5  -4  -1  -3  -4  -4  -4    5  11   1   0   0   0   1  72   3   0   0   0   0   0   0   2   0   0   0   1  1.31 0.44
  111 S     0  -3  -1  -3  -2  -3  -3  -2  -3   1  -4  -2  -3  -4  -3   6   0  -5  -4  -1    3   0   2   0   1   0   0   2   0  10   0   2   0   0   0  71   4   0   0   4  0.97 0.46
  112 Y    -3  -4  -5  -5   1  -4  -5  -5  -2  -3   0  -4  -2   6  -5  -4  -4  -1   7  -2    2   0   0   0   3   0   0   0   0   0  10   0   0  35   0   0   0   0  45   2  1.45 0.49
  113 V     0  -3  -4  -5  -1  -4  -4  -4  -5   1   0  -4   1  -1  -4  -2  -2  -4  -3   6    9   2   0   0   1   0   0   0   0   2   4   0   3   2   0   2   0   0   0  72  1.00 0.43
  114 F    -4  -2  -3  -5  -1   1  -3  -5   0  -2   0  -4  -1   4  -3  -4  -3   3   7  -1    0   1   1   0   1   7   1   0   1   1   7   0   1  18   1   0   0   3  51   5  1.16 0.43
  115 K    -2   3   1  -2  -4   3  -1  -3   2  -3  -4   4  -3  -4  -1   0  -1  -2  -2  -3    1  18   8   1   0  14   0   0   6   1   0  36   0   0   3   5   3   1   1   1  0.61 0.30
  116 Q     0   0   2   2  -4   0   1   3   1  -4  -4   2  -3  -3  -3   0  -2  -4  -2  -3    6   2  10  12   0   2  11  26   4   0   1  18   0   1   0   3   1   0   2   0  0.37 0.19
  117 G     0  -2   1  -1  -3   1  -2   6  -3  -4  -3   0  -3  -4  -2  -1  -2  -3  -3  -3    5   1   6   2   0   6   2  60   0   1   3   5   0   0   2   3   1   0   0   2  0.83 0.30
  118 K    -2   2  -1  -2  -2  -1   0  -2  -3  -3  -3   6  -3  -4  -1   0   0  -4  -4  -2    2  11   1   1   1   1   4   2   0   1   1  58   0   0   2   6   6   0   0   2  0.80 0.36
  119 I    -3  -4  -4  -4  -3  -4  -4  -5  -4   5   1  -4  -1   0  -2  -3  -2  -4  -3   4    0   0   0   0   0   0   0   0   0  47  11   0   0   4   2   1   1   0   0  30  0.85 0.34
  120 Y     1  -2  -1  -2  -3  -1   1  -3   6  -3  -3  -2  -3   0  -3   0  -2  -2   5  -1   14   0   2   1   0   2  10   0  27   1   2   1   0   2   0   7   0   0  24   5  0.67 0.32
  121 K    -3   0  -2  -3  -5   2  -1  -4  -1  -5  -4   7  -3  -5  -2   0  -2  -5  -4  -4    0   3   0   0   0  10   1   0   1   0   1  72   0   0   1   7   2   0   0   0  1.25 0.48
  122 V    -2  -5  -5  -5  -3  -4  -5  -5  -5   2  -2  -4   0  -3  -4  -4  -2  -5  -3   7    1   0   0   0   0   0   0   0   0   7   1   0   1   0   0   0   0   0   0  86  1.51 0.53
  123 P    -4  -5  -5  -4  -5  -4  -4  -5  -5  -5  -5  -4  -5  -6   9  -4  -4  -6  -5  -5    0   0   0   0   0   0   0   0   0   0   1   0   0   0  94   0   0   0   0   0  2.87 0.74
  124 A     3  -3  -2  -3   5  -2  -3  -2  -3  -1  -2  -2  -2  -4  -3   4   0  -4  -3  -1   31   0   0   0  16   0   0   2   0   4   2   2   1   0   0  33   4   0   0   4  0.63 0.32
  125 N    -2  -3   3   2  -2  -1  -2  -3  -3  -3  -4  -2  -3  -4  -3   3   5  -4  -4  -3    0   0  16  12   0   2   0   0   0   0   1   0   0   0   0  19  45   0   0   0  0.82 0.39
  126 E     1   3  -2   3  -4   1   4  -2   0  -4  -4  -1  -3  -4   0  -1  -1  -4  -3  -2   12  16   0  14   0   3  39   2   2   0   1   0   0   0   5   1   2   0   0   2  0.57 0.29
  127 I     3  -1  -2  -2  -2   0   0   0  -2  -1  -1   1   3  -3  -2   1   1  -2  -1   0   28   1   0   1   0   2   5   6   0   3   2  12  12   0   0   8  11   0   3   5  0.21 0.18
  128 E    -3  -2  -2   4  -6   1   7  -4  -3  -6  -5  -2  -5  -6  -4  -2  -3  -5  -5  -5    1   1   0  18   0   5  72   0   0   0   0   0   0   0   0   1   0   0   0   0  1.53 0.57
  129 A     6  -4  -4  -4  -3  -3  -3  -3  -4  -1  -3  -3  -3  -4  -2   0  -2  -5  -4   2   73   0   0   0   0   0   0   0   0   3   0   0   0   0   1   6   1   0   0  14  1.09 0.49
  130 I    -2  -4  -5  -4  -3  -1  -4  -5  -2   1   5  -4   2   3  -5  -4  -3   0  -2   0    2   0   0   0   0   3   0   0   1   7  60   0   4  15   0   0   0   1   0   5  0.81 0.35
  131 S     2   2   3  -2  -3  -1  -2  -2   0  -3  -3   2  -1  -4  -3   2   1  -4  -3  -2   21  14  15   1   0   1   0   1   3   0   0  15   2   0   0  15  10   0   0   2  0.37 0.24
  132 S    -2  -4  -1  -3  -1  -3  -3  -3  -4  -5  -3  -3  -4  -5  -2   6   3  -5  -4  -4    0   0   1   0   1   0   0   0   0   0   2   0   0   0   1  78  16   0   0   0  1.38 0.60
  133 P    -2   0   0   1  -4  -2  -2   0  -3  -4  -5   2  -4  -5   5   3   0  -5  -4  -4    1   5   5   8   0   0   0   7   0   0   0  16   0   0  29  25   4   0   0   0  0.70 0.33
  134 L    -2  -1  -4  -3  -3   1  -2  -5  -3   0   5  -3   1  -2  -4  -3  -2  -4  -3  -1    2   3   0   2   0   7   3   1   0   3  72   0   2   0   0   1   2   0   0   1  0.85 0.39
  135 M    -4  -4  -5  -5  -4  -4  -5  -5  -4   1   3  -4   9  -2  -2  -4  -3  -4  -4   1    0   0   0   0   0   0   0   0   0   5  28   0  54   1   2   0   0   0   0   9  1.44 0.55
  136 G    -2   0  -2  -2  -4  -3  -4   6  -4  -5  -5  -3  -4  -5  -2   1   2  -5  -5  -4    1   6   1   1   0   0   0  62   0   0   0   0   0   0   1  10  16   0   0   0  1.11 0.44
  137 I    -3  -4  -4  -5  -3  -3  -4  -3  -2   3   3  -4   6   3  -1  -3  -2  -3  -2  -1    0   0   0   0   0   0   0   2   1  21  30   0  26  12   3   1   1   0   0   1  0.76 0.36
  138 F    -3  -3  -3  -5  -4  -4  -4  -4  -3  -1   0  -4   2   7  -5  -1  -3   3   0   2    1   1   1   0   0   0   0   1   0   1   7   0   5  56   0   6   1   3   0  14  1.07 0.42
  139 E    -3  -2  -1   0  -5   2   7  -4  -2  -5  -4  -1  -4  -5  -3  -2  -3  -4  -4  -4    1   1   2   3   0   7  76   1   0   1   1   1   0   0   1   2   1   0   0   1  1.44 0.52
  140 K    -3   0  -3  -3  -5  -1  -2  -4  -3  -5  -4   8  -4  -5  -2  -3  -3  -5  -4  -4    1   2   0   1   0   0   1   1   0   1   1  87   0   0   2   1   1   0   0   1  1.76 0.61
  141 R    -3   7   0  -3   0  -2  -2  -2  -2  -2  -2   0  -1  -2  -1  -3  -2  -1  -1  -4    1  64   5   1   3   0   1   3   1   2   3   3   2   1   3   1   3   1   3   1  1.05 0.42
  142 R    -3   7  -3  -3  -2   0  -2  -4   0  -3  -2   1   4  -4  -3  -2  -3  -4  -1  -3    1  61   1   1   1   2   1   1   2   1   4   8  11   0   1   2   1   0   2   1  1.10 0.43
  143 M     2  -3  -4  -4   3  -3  -3  -3  -3  -1   2  -3   4   4  -3  -2  -2  -2   1   0   22   0   0   0   8   0   1   1   0   1  20   1  14  21   0   1   1   0   3   5  0.46 0.26
  144 K    -1   5  -2  -3  -4   0  -2  -2   0  -3  -3   4   5  -4  -3  -2  -2  -4  -3  -3    5  35   0   0   0   2   1   3   2   0   1  28  17   0   0   1   1   0   0   1  0.81 0.38
  145 K    -2   1   3  -2  -2   0  -2  -2  -1  -4  -4   6  -3  -4  -3   1  -2  -4  -4  -4    1   5  18   1   1   2   1   1   1   0   1  52   0   0   0  13   2   0   0   1  0.87 0.40
  146 F    -4  -5  -5  -5  -5  -5  -5  -5  -4  -3   1  -5   0   9  -5  -5  -4  -2   0  -3    1   0   0   0   0   0   0   1   0   0  11   0   2  81   0   1   0   0   0   0  2.02 0.63
  147 L    -3  -4  -4  -5  -3  -4  -4  -5  -4   1   5  -4   0   5  -4  -4  -2  -2   1  -1    1   0   0   0   0   0   1   1   0   6  57   1   1  24   0   1   2   0   4   1  0.90 0.37
  148 E    -1  -1  -1  -1  -2   1   2  -3  -1   2   0  -1   1  -2  -2   0   2   3  -2   1    1   1   2   1   1   7  19   1   1  14   6   3   4   0   1   5  16   4   1  11  0.18 0.16
  149 W    -2  -4   0  -2  -4  -4  -4  -4  -2  -3  -3  -4  -3   6  -5  -3  -4   8   5  -3    4   0   5   3   0   0   1   1   0   0   1   1   0  39   0   1   1  20  23   1  1.41 0.48
  150 I    -1  -4  -4  -4   5  -4  -4  -4  -4   3   0  -4   0  -3  -4  -3  -2  -4  -3   5    4   0   0   0  15   0   1   1   0  16   7   1   2   0   0   1   2   0   0  49  0.85 0.36
  151 S     1   0   1  -1  -2   3  -1   1  -2  -2   0  -1   2  -2  -2   0  -1  -3  -1  -1   16   5   6   2   0  21   1  10   0   1  10   1   8   1   0   8   2   0   2   3  0.18 0.18
  152 S    -1  -2   5   4  -4   0   2  -1   0  -4  -4  -1  -4  -4  -2   0  -1  -5  -4  -4    6   1  29  26   0   4  13   5   1   0   1   2   0   0   1   7   3   0   0   0  0.61 0.30
  153 Y    -4  -4  -5  -5  -1  -4  -5  -5  -2  -1  -3  -4  -1   5  -5  -4  -4   5   8  -1    0   0   0   0   2   0   0   0   0   3   1   0   2  26   0   0   0   7  50   4  1.53 0.54
  154 K    -2  -1   2   5  -4   0   3  -1  -2  -3  -2   1  -3  -4  -3  -1  -2  -4  -2  -3    3   3  10  33   0   2  22   5   0   1   5  10   0   0   0   1   0   0   1   2  0.55 0.28
  155 E    -1  -1  -2   2   0   2   5  -3  -2  -2  -3  -1  -3  -3   2  -2  -2  -4  -2  -1    5   2   1  11   2   8  44   1   0   2   2   2   0   1  10   1   2   0   1   4  0.58 0.32
  156 D    -1  -1   3   3  -4   1   1  -1   4  -4  -4   1  -3  -4  -3   1  -1  -4  -3  -3    3   3  18  21   0   6   9   3  10   0   0  11   0   0   0  10   3   0   0   1  0.47 0.26
  157 D    -2  -2   3   6  -2  -1   0  -2  -2  -4  -4   1  -3  -4   1   0  -2  -4  -1  -3    2   1  15  44   1   2   3   2   0   1   1  10   0   0   6   5   1   0   2   2  0.71 0.31
  158 L    -1  -1  -2  -3   3  -2   0  -2  -3  -2  -3  -1  -2  -4   7   0  -2  -4  -3  -1    3   3   1   1   7   1   7   2   0   2   2   4   1   0  52   5   1   0   1   4  1.06 0.38
  159 S     1   1   1   0  -3   0   1  -1  -2  -1  -3   3  -2  -3   0   2   0  -3  -2  -2   13   8   6   4   0   2   8   2   0   4   1  22   0   1   3  18   3   0   1   1  0.25 0.16
  160 T    -1  -3  -2  -3  -3  -2   1  -1  -3  -3  -3  -2  -2  -4   2   1   6  -4  -4  -3    2   0   1   0   0   1   8   4   0   0   1   1   1   0   9   8  61   0   0   0  0.96 0.47
  161 H    -3  -3  -2   1  -4  -1  -2  -3   7  -3  -2  -1   0   2  -2  -2  -2   7   3  -3    1   1   1  10   0   3   1   1  35   1   3   3   2   8   1   2   2  16  10   1  1.04 0.39
  162 Q    -2   1   0   2  -4   4   3  -2   0  -4  -3   4  -1  -4  -3  -1  -2  -4  -2  -4    1   4   3   9   0  18  24   2   2   0   1  26   2   0   0   3   2   0   1   1  0.57 0.30
  163 G    -1  -3  -1   1  -4  -3  -2   5  -1  -4  -4  -1  -3  -2   0   0  -2  -3   3  -4    2   1   3   8   0   0   1  53   1   0   1   4   0   1   5   6   2   0  12   1  0.75 0.31
  164 L    -1  -1  -3  -3  -2   0  -2  -3  -1   1   3   0   3   1  -3  -2  -2  -1   1   1    4   3   0   0   0   6   1   1   2   7  34   8   8   7   1   1   1   1   5  10  0.24 0.16
  165 D     0  -3   3   6  -4  -2   0  -2  -2  -4  -4  -2  -4  -4   0  -1  -2  -4  -3  -4    9   1  15  55   0   1   3   1   1   1   1   2   0   0   5   3   1   0   1   1  0.98 0.37
  166 L    -2  -3  -3  -3   0  -3  -3  -4  -2   0   3  -3   1   3   4  -2  -2  -2   2  -1    2   1   0   1   2   0   1   1   1   5  34   1   4  13  22   2   1   0   7   2  0.53 0.25
  167 D    -1   1   2   2  -3   0   1  -2   0  -3  -2   2  -2   0   0   0   1  -3  -1  -2    3   8  11  11   0   3  10   2   3   0   2  15   1   4   4   6  13   0   2   1  0.21 0.13
  168 K    -1   2   1  -1  -3   2   1   0  -1  -2  -3   3  -2  -2  -2   0   2  -3  -3  -2    2  10   6   2   0   9   6   6   1   1   2  27   0   1   1   4  17   0   0   3  0.31 0.19
  169 N    -1   0   1   1   4  -1  -1  -1  -1   1   0  -1   3  -2  -2   0   1   1  -2   1    3   5   7   8  11   2   2   3   2   7   5   2  14   0   1   4  12   2   0   9  0.14 0.13
  170 T    -2  -3   0  -2   0  -3  -3  -3  -2  -2  -3  -2  -3  -4   1   2   6  -4  -3  -2    2   0   5   1   2   0   1   1   1   1   2   1   0   0   6  12  65   0   0   1  1.00 0.42
  171 M     0  -3  -4  -4   0  -3  -4  -2  -3   1   0  -3   8   4  -4  -2   0  -3  -2  -1    8   0   0   0   2   0   1   3   0   5   5   0  46  18   0   2   6   0   0   2  0.84 0.37
  172 D     0   3   0   0  -3   1   0  -1  -1  -2  -1   2  -1  -3  -2   1  -1  -3  -1  -2   10  24   3   6   0   5   3   2   1   1   6  16   2   0   0  15   2   0   2   2  0.26 0.15
  173 E    -1  -2  -1   3  -4   4   5  -3   0  -4  -4  -1  -2  -4  -3  -1  -1  -4  -3  -3    6   0   2  14   0  19  45   1   2   0   1   2   1   0   0   1   2   0   1   2  0.76 0.32
  174 V    -1  -3  -3  -3  -1  -3  -2  -3  -2   1   2  -3   0   1  -3  -2  -1  -2   3   3    5   1   1   1   1   0   3   1   0   6  25   1   1   6   1   1   1   0  15  32  0.39 0.20
  175 Y    -3  -3  -3  -4  -1  -3  -3  -1  -1   1   2  -3  -1   5  -4  -3  -3  -1   6  -1    1   1   1   1   1   0   1   5   0   6  18   1   1  23   1   1   1   0  37   1  0.82 0.30
  176 Y     0   1   0   2  -3   1   1   0  -1  -3  -3   3  -2  -3  -2   0   0  -3  -1  -3    9   4   3  13   0   7  10   5   1   1   1  29   0   0   1   7   5   0   2   1  0.29 0.15
  177 K     1   0  -1   0  -3   0   0  -2   2  -2  -2   4  -2  -2  -2   0   2  -3   0  -2   12   3   1   5   0   1   5   1   5   1   2  38   0   1   1   4  14   0   4   1  0.35 0.20
  178 F    -3  -1  -3  -4  -4   2  -3  -4   0  -2  -2  -1  -2   7  -4  -2  -3   2   4  -3    1   3   1   1   0  13   1   1   1   1   1   4   0  52   1   2   1   2  15   1  1.00 0.34
  179 G    -1   1   0   1  -3  -1  -1   5  -2  -4  -4   2  -3  -4  -3   0  -2  -3  -3  -3    1   7   5   9   0   1   2  47   0   1   1  13   0   0   1   8   1   0   0   1  0.61 0.22
  180 L    -2  -3  -4  -4   0  -3  -4  -4  -4   2   5  -3   0  -1  -3  -3  -2  -3  -2   2    1   1   1   1   2   1   1   1   0   8  68   1   0   1   1   1   1   0   0  11  0.79 0.29
  181 G    -1  -2  -1   3  -1   0   3   1  -2  -3  -3  -1  -3  -4  -2   0   3  -4  -3  -1    2   1   1  18   1   2  22  13   0   0   1   2   0   0   0   3  25   0   0   6  0.39 0.21
  182 N     1  -1   0   2  -3   1   2  -2  -1  -1  -2   0  -2  -3   4   1   0  -4  -3  -2   10   1   3  13   0   8  13   1   1   5   2   6   0   0  22   8   6   0   0   0  0.38 0.16
  183 S     0  -2   4   3  -3  -1   1   1  -2  -4  -3   0  -2  -4  -2   0   0   0  -3  -3    7   0  30  19   0   0   6  13   0   0   2   6   1   0   1   7   4   2   0   0  0.44 0.20
  184 T    -2   0  -2  -3  -1  -2  -3  -3  -3   2   1  -2  -1  -3  -2   0   5  -4  -3   1    1   5   0   0   1   0   1   1   0  11  14   0   0   0   1   3  52   0   0   8  0.61 0.30
  185 K    -1   1  -2  -3  -2   4  -1  -2   0   4  -1   1   1  -2  -3  -1  -1  -2  -2   1    5   7   0   0   0  22   0   2   2  32   1   8   5   0   0   5   1   0   0   6  0.32 0.22
  186 E    -2  -2   1   5  -4   0   2  -2   3  -3  -4   0  -3  -3  -2   0   0  -3   1  -3    2   1   4  42   0   3  13   2   7   1   1   5   0   0   1   5   5   0   6   1  0.59 0.23
  187 F    -3  -4  -4  -4   3  -4  -4  -4  -3  -1   0  -4  -2   8  -4  -4  -3  -1   1  -2    1   1   1   1   6   1   1   1   0   2   8   1   0  72   1   1   1   0   2   2  1.46 0.42
  188 I    -1  -3  -3  -3  -1  -3  -3  -3  -3   4   1  -3   0   2  -3  -2   1  -2   1   3    2   1   1   1   1   1   1   1   0  30   8   1   1   8   1   2  12   0   6  24  0.38 0.17
  189 G    -2  -3  -2  -3  -3  -3  -3   5  -3  -3   1  -3   2  -3  -3   0  -1   4  -3  -3    1   1   1   1   0   1   1  51   0   1  15   1   6   0   1   8   4   7   0   1  0.71 0.25
  190 H    -3  -2  -2  -3  -4   3   0  -4  10  -4  -4  -2  -3  -3  -4  -3  -3  -4  -1  -4    1   1   1   1   0  13   6   1  70   1   1   1   0   0   1   1   1   0   0   1  1.95 0.48
  191 A     5  -3  -2  -3  -2  -2  -2  -1  -3  -3  -3  -2  -2  -3  -2   3  -1  -4  -3   0   54   1   1   1   0   1   1   4   0   1   1   1   0   0   1  26   2   0   0   5  0.71 0.29
  192 M    -2  -3  -3  -4   1   1  -3  -4  -3   4   3  -3   5  -2  -3  -3  -2  -3  -2   1    1   1   1   1   3   8   1   1   0  27  24   1  22   0   1   1   1   0   0   7  0.55 0.22
  193 A     6  -3  -3  -3   2  -2  -3  -1  -3  -3  -3  -2  -3  -4  -2   1  -2  -4  -3  -2   75   1   1   1   4   1   1   4   0   1   1   1   0   0   1   8   1   0   0   1  1.00 0.35
  194 L    -3   0  -4  -4   3  -3  -3  -4  -3  -1   4  -3   5  -2  -4  -3  -2  -3  -3  -1    1   6   1   1   7   1   1   1   0   1  55   1  21   0   1   1   1   0   0   1  0.81 0.29
  195 W    -2  -2  -1  -3   2   0  -2  -3   4  -2  -2  -2   0   3  -3  -2   1   3   6  -1    1   1   3   1   6   4   3   1  11   2   1   2   2  11   1   2  10   3  33   3  0.60 0.23
  196 T    -1   2  -1   0  -1   0  -1   1  -1  -2   0  -1  -1  -2   0   2   1  -3  -2  -2    2  18   2   5   1   4   1  10   1   2  13   1   0   1   3  26  10   0   0   1  0.19 0.13
  197 N    -1  -2   2   4   0   0   3  -1   0  -2  -4   0  -3  -4   0   0   0  -4  -3  -3    4   0  13  25   3   3  22   3   3   3   1   5   0   0   4   4   6   0   0   0  0.43 0.27
  198 D    -1  -1   1   6   1  -2   0  -1  -3  -4  -3  -1  -3  -4  -1   1   1  -5  -4  -3    4   3   5  46   3   0   5   3   0   0   3   3   0   0   3   9  11   0   0   0  0.64 0.36
  199 D     1   0   1   3   0   0   1  -1  -2  -3  -2   0  -1  -3   0   2   1  -3  -1  -2   11   4   5  17   2   3   9   3   0   0   3   3   2   0   4  18  12   0   2   1  0.21 0.17
  200 Y    -2  -4  -4  -5   4  -4  -4  -5   2  -4  -4  -4  -4   1  -5   2  -1   2   8  -4    3   0   0   0  10   0   0   0   4   0   0   0   0   3   0  17   3   2  53   0  1.42 0.66
  201 L    -2  -1  -1  -3  -1  -1  -3  -3  -1   1   4  -1   2   1  -3   0   0  -3  -2   0    2   3   2   0   1   2   0   2   1   6  42   4   5   7   0  10   7   0   0   4  0.30 0.24
  202 Q    -1   0   2   3  -1   0   2  -2   0  -3  -3  -1  -1  -2  -3   0   3  -4  -1  -2    2   4  11  17   1   4  12   2   2   0   2   3   1   1   0   5  27   0   3   2  0.37 0.27
  203 Q    -1   1  -1  -1  -3   4   2  -2  -1  -2  -1   2  -1  -1  -1  -1  -1  -2  -2  -1    4   8   2   2   0  24  17   2   1   2   5  12   1   3   3   2   4   1   1   6  0.33 0.22
  204 P    -2  -2  -2   0  -2  -2  -1  -3  -1  -3  -3  -1  -3  -4   7  -1  -2  -4  -2  -2    2   2   2   6   1   2   4   1   2   2   3   4   0   1  58   4   2   0   2   3  1.27 0.46
  205 A     5  -3  -3  -3   5  -3  -3   1  -3  -2  -2  -3   0  -1  -1  -2  -1  -4  -3  -1   53   1   1   1  13   1   1  10   0   2   2   1   2   3   3   1   2   0   0   4  0.73 0.37
  206 R    -1   1  -2  -2   0   0  -1  -1   1   2   2   0   1  -1   0  -2  -1  -3   0   0    5  10   1   1   2   3   3   4   5  13  25   6   3   1   4   2   1   0   4   6  0.09 0.11
  207 P    -2  -2  -1   3  -5   1   5  -2  -1  -3  -3   0  -4  -1   2  -1  -2  -4  -4  -3    2   1   2  20   0   4  37   2   1   2   2   6   0   3  12   3   1   0   0   1  0.65 0.34
  208 S     1  -3  -3  -4   0  -3  -3   0  -4  -2  -2  -1   0   0   0   0   6  -4  -3  -1   13   0   0   0   2   0   0   9   0   1   2   3   2   4   5   3  50   0   0   3  0.69 0.41
  209 F    -1  -3  -4  -4  -3  -4  -4  -5  -1   4   1  -4   2   0  -4  -3   1  -3   1   3    4   1   0   0   0   0   0   0   2  33  10   0   4   4   0   0   9   0   5  26  0.58 0.31
  210 E    -1   1   1   2  -4   1   3  -1  -1  -4  -3   3   2  -4  -1  -1  -2  -4  -3  -3    3   8   8  10   0   6  21   3   1   0   2  24   6   0   2   3   1   0   0   1  0.42 0.26
  211 R     0   7  -1  -4  -5   0  -2  -4  -1  -5  -3   2  -4  -5  -1  -2  -1  -5  -4  -4   10  57   3   0   0   3   2   0   1   0   2  13   0   0   3   1   3   0   0   0  1.09 0.49
  212 I    -1  -2  -2  -3   4  -2  -2  -3  -2   2   1  -2   2   2  -2  -1   1  -2   0   1    1   1   1   1  13   1   1   1   0  13  14   1  13  13   1   1  13   0   0  13  0.18 0.07
  213 L    -2   2  -1  -2   0   2  -1  -2  -1  -1  -1   5   0  -3  -3  -1  -2  -4  -3   0    2  12   2   2   2   8   1   3   1   4   5  42   2   0   1   2   2   0   0   6  0.49 0.26
  214 L    -3   0   2  -3  -3  -1  -3  -4   0   0   4  -1   1  -2  -3  -3   0  -3  -3  -1    1   5  10   1   0   3   1   1   3   3  54   4   3   1   1   1   5   0   0   3  0.54 0.26
  215 Y    -4  -5  -5  -5   3  -4  -5  -5  -2  -4  -4  -5  -4   5  -5  -4  -4  -2   8  -4    1   0   0   1   6   0   1   1   0   0   1   1   0  24   0   1   1   0  61   1  2.04 0.62
  216 C     2  -2  -1  -2   1  -1  -1   0  -1   0   2  -2   1  -1  -2   1   0  -3  -1   0   18   2   2   2   3   2   3   6   2   3  24   1   5   2   0   9   6   0   2   8  0.11 0.11
  217 Q    -1   0   1   1   0   3   3  -1   3  -4  -3   0  -1  -1  -3   0  -1  -3   1  -3    3   6   6   7   2  17  23   4   8   0   1   4   2   2   0   5   4   0   5   1  0.36 0.21
  218 S     0   1  -1  -2   4  -1  -2  -2  -2  -3  -3  -1  -3  -3  -2   5   0  -3  -3  -3    1   8   1   1   9   1   1   1   0   1   1   1   0   0   1  73   1   0   0   1  0.80 0.26
  219 V    -2  -2  -3  -3  -2  -2  -3  -3  -3   2   4  -3   3   1  -3  -2  -1  -2  -1   2    1   1   1   1   0   2   1   1   0   8  48   1   7   6   1   1   1   0   0  19  0.40 0.13
  220 A     3  -1   1  -1  -1  -1  -1   1  -1  -1  -1  -1   0  -1  -2   1   0  -3  -2   0   37   1   7   1   1   2   2  12   1   3   3   3   2   2   1  10   3   0   0  10  0.18 0.09
  221 R    -2   6  -1  -2   0   0  -1  -3   3  -3  -2   1   1  -3  -3   0  -2  -3  -2  -3    2  59   1   1   3   1   3   1   9   1   2   5   5   0   1   5   1   0   0   1  0.72 0.21
  222 Y    -3  -2  -1  -3  -3  -3  -3   0   1  -2  -2  -3  -2   4  -3  -2  -3   1   7  -2    1   1   3   1   0   1   1   8   2   1   1   1   0  21   1   1   1   1  55   1  1.02 0.25
  223 G    -1  -2   0   1  -2  -1   0   5  -2  -4  -4  -1  -3  -3  -2   0  -2  -3  -3  -3    2   1   4   8   1   1   7  61   0   1   1   2   0   0   1   7   1   0   0   1  0.74 0.18
  224 K    -1   1   2  -1  -3   0   0   0  -1  -2  -1   4  -2   1  -2   0   0  -3  -1  -2    2   3  15   1   0   2   1   9   1   1   5  39   0   8   1   6   5   0   1   1  0.26 0.13
  225 S     0  -2   0  -2  -2   1  -1  -2  -2  -3  -3  -1  -2  -3  -2   5   2  -3  -3  -3    1   1   1   1   0   8   1   1   0   1   1   1   0   0   1  72  11   0   0   1  0.79 0.26
  226 P    -2  -3  -3  -3  -4  -3  -3  -3  -3  -4  -4  -2  -4  -4   8  -2  -2  -4  -4  -4    2   1   0   1   0   0   1   1   0   1   1   1   0   0  88   2   1   0   0   1  2.25 0.37
  227 Y    -3  -3  -3  -4  -3  -3  -3  -4   0  -2   0  -3  -2   4  -4  -3  -3   0   8  -2    1   1   0   1   0   0   1   1   0   1   8   1   0  20   1   1   1   0  63   1  1.28 0.29
  228 L    -2  -3  -3  -3  -2  -3  -3  -4  -3   4   4  -3   1  -1  -3  -3  -2  -3  -2   1    1   1   1   1   0   1   1   1   0  38  45   1   0   1   1   1   1   0   0   6  0.56 0.17
  229 Y    -3  -3  -3  -4  -3  -3  -3  -4   2  -2  -2  -3  -2   3  -3  -3  -3   0   8  -2    1   1   1   1   0   1   1   1   3   1   1   1   0  12   1   1   1   0  73   1  1.46 0.31
  230 P    -2  -3  -3  -3  -4  -2  -2  -1  -3  -4  -4  -2  -3  -4   8  -1  -2  -4  -4  -3    1   1   1   1   0   1   1   5   0   1   1   1   0   1  81   2   1   0   0   1  1.97 0.32
  231 M    -1  -1  -3  -3  -2  -2  -2  -3  -1   1   4  -1   3  -1  -3  -2  -2  -2  -2   0    2   4   1   1   1   1   2   1   1   3  63   3   8   1   1   2   1   0   0   5  0.45 0.16
  232 Y    -3  -3  -3  -3  -3  -2  -3  -3   1  -2  -1  -3  -2   2  -3  -3  -2   1   8  -2    1   1   1   1   0   1   1   1   2   1   6   1   0   3   1   1   1   1  73   1  1.33 0.29
  233 G     0  -3  -1  -2  -3  -2  -2   6  -3  -3  -3  -2  -3  -3  -2   0  -2  -3  -3  -3    5   1   1   1   0   1   1  77   0   1   2   1   0   1   1   4   1   0   1   1  1.10 0.22
  234 L    -2  -2  -2  -3   0   1  -2  -3  -2   1   4  -2   1  -1  -2   0  -1  -2  -2   0    1   1   1   1   2  10   1   1   1   4  61   1   1   1   1   8   1   0   1   1  0.38 0.15
  235 G    -1  -3  -1  -2  -3  -2  -3   6  -3  -4  -4  -2  -3  -4  -3   0  -2  -3  -3  -3    2   1   1   1   0   1   1  80   0   1   1   1   0   1   1   6   1   0   0   1  1.22 0.24
  236 E    -2  -1  -1   1  -4   0   6   0  -1  -3  -3   0  -3  -3  -2   0  -1  -3  -3  -3    1   1   1   4   0   1  66   9   0   1   1   2   0   1   1   5   2   0   0   1  0.76 0.22
  237 L    -2  -3  -3  -4   1  -3  -3  -4  -3   2   5  -3   1   0  -3  -3  -2  -2  -2   0    1   1   1   1   4   1   1   1   0  14  69   1   0   1   1   1   1   0   0   1  0.61 0.18
  238 P    -1  -1  -3  -2   0  -2  -2  -3  -3  -2  -3  -2  -3  -4   8  -1  -1  -4  -3  -3    4   4   1   1   2   1   1   1   0   2   3   1   0   1  73   2   2   0   0   1  1.61 0.28
  239 Q    -2   1  -1  -1  -3   7   2  -3  -1  -3  -3   0  -2  -4  -2  -1  -2  -3  -3  -3    1   4   1   1   0  68  11   1   0   1   1   1   0   1   1   2   1   0   0   1  1.01 0.28
  240 G     2  -2  -2  -2   4  -2  -2   5  -2  -3  -3  -2  -2  -3  -2   1  -1  -3  -3  -2   23   2   1   1  10   1   1  46   0   1   1   1   0   1   1   8   1   0   0   3  0.58 0.16
  241 F    -3  -3  -3  -4  -3  -4  -4  -4  -2  -1   0  -4  -1   8  -4  -3  -3  -1   2  -2    1   1   1   1   0   1   1   1   0   1   4   1   0  83   1   1   1   0   1   1  1.39 0.28
  242 A     4  -2   0  -2   4  -1  -2  -1  -2  -1  -2  -2  -2  -3  -2   2   0  -3  -2  -1   51   1   3   1  11   1   1   1   0   2   1   1   0   1   1  19   3   0   0   3  0.44 0.15
  243 R    -3   7  -2  -3  -4   0  -2  -4  -2  -4  -3   0  -3  -2  -3  -2  -3  -4  -3  -4    1  83   0   0   0   3   1   1   0   0   1   0   0   2   0   1   0   0   0   1  1.36 0.36
  244 L    -2  -2  -2  -4  -3  -3  -3  -4  -3   0   5  -1   3   0  -4  -1  -2  -3  -2  -1    0   1   2   0   0   0   0   0   0   1  73   3  10   3   0   4   0   0   0   1  0.70 0.25
  245 S     1  -2  -1  -2   6  -2  -2  -2  -3  -3  -3  -2  -3  -4  -3   5   0  -4  -3  -2    7   1   2   0  22   0   0   0   0   0   0   0   0   0   0  61   2   0   0   3  0.87 0.30
  246 A     6  -3  -3  -3   3  -2  -3  -1  -3  -3  -3  -2  -2  -4  -2   0  -2  -4  -3  -1   85   0   0   0   6   0   0   1   0   0   0   0   0   0   0   2   0   0   0   3  1.02 0.33
  247 I    -2  -3  -4  -4  -1  -3  -2  -4  -4   5   1  -3   0  -1  -3  -2  -1  -3  -1   4    0   0   0   0   1   0   4   0   0  47   6   0   1   0   0   2   3   0   3  31  0.57 0.21
  248 Y    -3  -3   1  -3  -1  -1  -3  -4   4  -3  -2  -1  -2   3  -4  -3  -3   1   7  -3    0   0   7   0   1   3   0   0  11   0   2   4   0   9   0   0   0   1  57   0  1.08 0.31
  249 G    -2  -3  -2  -3  -4  -3  -2   7  -3  -5  -3  -2  -4  -4  -4  -2  -3  -4  -4  -4    0   1   1   0   0   0   3  88   0   0   3   2   0   0   0   0   0   0   0   0  1.47 0.34
  250 G     0  -4  -2  -3  -1  -3  -4   7  -4  -5  -5  -3  -4  -5  -4  -2  -2  -4  -4  -4    6   0   0   0   1   0   0  88   0   0   0   0   0   0   0   1   1   0   0   0  1.53 0.34
  251 T    -1  -3  -2  -2  -3  -2   0  -3  -3   1  -2  -2  -2  -3  -1  -1   6  -4  -3   0    1   0   0   0   0   0   7   0   0  10   0   0   0   0   3   0  70   0   0   6  0.84 0.31
  252 Y    -3  -4  -4  -5   1  -3  -4  -5   1  -1  -2  -4  -2   4  -2  -3  -3   0   8  -1    0   0   0   0   3   0   0   0   1   3   0   0   0  16   3   0   0   0  68   3  1.43 0.36
  253 M    -2  -4  -4  -5   5  -3  -4  -5  -4   0   0  -4   9  -3  -4  -4  -3  -4  -4  -1    3   0   0   0  11   0   1   1   0   5   6   0  61   0   0   1   0   0   0   4  1.59 0.62
  254 L    -3  -4  -5  -5  -3  -2  -4  -5  -4   0   6  -4   1   1  -4  -4  -1  -3  -3  -1    1   0   0   0   0   2   1   1   0   4  76   0   2   5   0   1   3   0   0   3  1.06 0.43
  255 D    -2   2   6   3  -1   0  -1  -2   0  -4  -4  -1  -4  -4  -3  -1  -2  -5  -4  -4    3  12  47  14   1   4   2   3   2   0   1   2   0   0   0   2   0   0   0   1  0.84 0.40
  256 T     0   3  -1  -3  -1   1  -2  -3   3  -4  -4   4  -3  -4  -3  -2   3  -4  -3  -3    9  16   2   0   2   5   1   1   9   0   1  34   0   0   0   1  19   0   0   1  0.61 0.33
  257 P    -1  -1   0   0  -4   0   0  -2  -1  -4  -3   0  -3  -4   6   1  -1  -4   1  -3    4   2   5   4   0   5   7   2   1   0   2   5   0   0  41  11   3   0   5   2  0.76 0.31
  258 I    -1  -3  -2  -1  -3  -2   0  -3  -4   4   0  -3   0  -1  -2  -2  -2  -4  -3   4    3   0   2   4   0   1   7   2   0  30   4   1   2   1   1   2   1   0   0  37  0.51 0.28
  259 D    -2  -1   0   4   3   3   3  -3  -1  -3  -1  -1  -1  -4  -2  -1  -1  -4  -2  -2    2   1   2  30   9  15  18   1   1   1   5   2   2   0   2   2   2   0   1   3  0.48 0.27
  260 E    -2  -1  -1   2   4   0   5  -1  -1  -4  -3   2  -3  -4  -3  -1  -1  -4  -3  -4    2   2   2  11   9   2  42   4   1   0   2  13   0   0   0   4   3   0   0   1  0.63 0.32
  261 V    -2  -4  -4  -4  -3  -4  -4  -4  -4   5   1  -4  -1   2  -4  -2  -2  -3  -1   3    1   0   0   1   0   0   1   1   0  44  13   1   0   8   1   3   1   0   2  24  0.69 0.30
  262 L    -1  -2   0   0  -2  -1   1  -3  -1   2   2  -1   0  -1  -3   0  -1  -3  -2   3    2   0   5   4   0   1  12   2   1  10  22   4   1   1   0   6   2   0   0  26  0.19 0.16
  263 Y    -3  -3  -4  -4  -2  -2   0  -4   0   0  -1  -3   2   4  -4  -3   0   2   6   1    1   0   0   0   1   1   6   1   2   5   5   1   7  19   0   0   6   3  29  13  0.65 0.34
  264 K    -1  -1   1   5  -3   0   2   0  -2  -2  -3   1  -2  -3  -2  -1   0  -3  -1  -2    4   2   4  37   1   4  12   6   1   2   2   8   1   1   1   3   5   0   2   3  0.44 0.20
  265 K     1   0   2   2  -2   0   2   1  -1  -2  -2   1   0  -2   0   0   0  -2  -2  -2   11   3  14  10   1   2  13   9   1   1   3  11   3   1   4   6   5   0   1   2  0.17 0.10
  266 D    -3  -3   1   4  -5   0   5  -3  -3  -5  -5  -1  -4  -5  -3  -1  -2  -5  -4  -4    2   0   7  26   0   3  48   1   0   0   1   2   0   0   0   3   1   0   0   1  1.01 0.47
  267 T     0   0   2   1  -2   0   0   1  -1  -1  -1   1  -1  -2   0   1   1  -2  -2  -1    5   3  15   8   1   4   3  12   1   4   5   8   1   1   4  15   7   0   1   3  0.14 0.09
  268 G     0  -1  -1  -2  -4  -2  -3   6  -1  -1  -1   0  -3  -4  -4  -2  -3  -4  -4  -4    5   3   3   1   0   1   1  64   1   4   7   6   0   1   0   2   0   0   0   1  0.98 0.42
  269 K    -2   2  -2  -3  -3   0   0  -3  -1  -1  -3   6  -3  -4  -3  -2   0  -5  -3   2    1  10   1   0   0   3   5   1   1   3   1  51   0   0   0   1   4   0   1  15  0.72 0.41
  270 F     1  -2  -4  -4   4  -1  -3  -4  -4   1  -1  -3   1   3  -4  -2  -2  -3  -2   4   13   3   0   0  10   3   1   0   0   7   3   0   3  15   0   1   1   0   0  39  0.55 0.33
  271 E     0  -1  -2  -2   3  -1   1  -2  -2   1  -1   1  -1  -2  -3   0   0   0  -1   2    7   2   1   1   7   2  11   2   0   9   5  12   1   1   0   7   4   2   2  24  0.15 0.17
  272 G     1  -3  -3  -1  -4  -3  -4   6  -4  -5  -5  -3  -4  -5   1  -1  -3  -4  -4  -2   10   1   0   4   0   0   1  67   0   0   1   1   0   0   6   4   0   0   0   3  1.19 0.47
  273 V    -1  -5  -5  -5  -3  -4  -5  -5  -5   4  -1  -4  -1  -3  -2  -2  -3  -5  -4   6    3   0   0   0   0   0   0   0   0  25   3   1   1   0   2   3   0   0   0  61  1.16 0.52
  274 K    -2   2   1  -1  -4   0   1  -3  -3   0  -2   4  -2  -4  -3   1   2  -5  -3   0    1  11   6   1   0   2  10   0   0   7   1  30   0   0   0   9  14   0   1   6  0.39 0.29
  275 T     1  -3   1   1   3  -2  -1  -1  -3  -2  -4   0  -4  -3  -2   4   1  -5  -4  -3   12   0   6   8   6   0   2   4   0   2   0   6   0   1   1  43   9   0   0   0  0.54 0.38
  276 K    -1  -1   0   1  -4   2   4   1   2  -4  -4   3  -1  -5  -3  -1   1  -5  -4  -4    5   1   3   6   0   7  28  13   5   0   0  19   2   0   0   1  10   0   0   0  0.48 0.31
  277 L    -2  -2   0   0  -4  -2   1   5  -3  -2  -1  -2   3   2  -3  -1  -3  -4  -3  -1    1   2   3   6   0   1   9  42   0   2   6   2   9   9   0   4   0   0   0   4  0.50 0.31
  278 G    -3  -2  -2   0  -5   2   5   2   1  -4  -1   2  -3   0  -4  -2  -2  -4  -1  -3    1   1   0   3   0   9  38  17   3   0   6  15   0   4   0   1   1   0   2   1  0.58 0.37
  279 T    -2  -1  -1  -3  -1   1   1  -3  -2   2  -2   1  -1  -2  -3  -2   4  -4  -2   2    1   2   3   0   1   8  11   1   0  13   1   7   1   1   0   1  30   0   1  18  0.39 0.31
  280 F     4  -4  -4  -4  -3  -3  -4  -3  -4   3  -1  -3  -2   1  -4  -2   2  -4  -3   2   45   0   0   0   0   0   0   1   0  17   5   0   0   6   0   0  12   0   0  12  0.63 0.39
  281 K    -3   5   0  -3  -4  -1  -1  -4   0  -1  -3   5  -1  -3  -3  -1  -1  -4  -2  -4    1  29   5   0   0   1   1   0   3   5   1  42   1   1   1   4   3   0   2   0  0.80 0.38
  282 A     4  -4  -4  -4   8  -4  -4  -2  -4  -4  -4  -4  -3  -4  -4   0   1  -4  -2  -3   43   0   0   0  36   0   0   2   0   0   1   0   0   0   0   6   8   0   2   0  1.27 0.50
  283 P    -3   0   0   0  -5  -1  -1  -1  -3  -5  -4   6  -4  -5   1  -1  -1  -2  -4  -4    1   2   3   5   0   1   2   5   0   0   1  63   0   0   8   4   3   1   0   0  0.98 0.45
  284 L    -2   0  -1  -3  -2   4  -1  -3   3   0   0   3   3   0  -3  -2  -1  -3   1  -1    2   2   2   0   1  22   0   0   8   5   8  21  11   5   0   0   2   0   5   3  0.38 0.27
  285 V    -3  -4  -5  -5  -1  -4  -4  -5  -4   4   2  -4  -1   2  -4  -4  -2  -4  -2   5    0   0   0   0   1   0   0   0   0  22  18   0   0  10   0   0   0   0   0  44  0.82 0.36
  286 I    -3  -5  -5  -5  -3  -4  -5  -5  -5   6   1  -4  -1  -1  -4  -4  -2  -4   0   4    1   0   0   0   0   0   0   0   0  52  13   0   0   2   1   0   1   0   3  25  1.01 0.42
  287 A     2  -4  -4  -4   8  -4  -4   3  -4  -2  -4  -4  -3  -4  -4   1  -2  -5  -4   1   18   0   0   0  34   0   0  24   0   1   0   0   0   0   0  10   1   0   0  10  1.01 0.43
  288 D     0  -4   0   7  -1  -3   2  -2  -4  -6  -6  -3  -5  -6  -4  -2  -4  -6  -6  -5    7   0   3  75   2   0   9   2   0   0   0   0   0   0   0   1   0   0   0   0  1.66 0.61
  289 P    -3  -5  -4   1  -6   0  -4  -5  -5  -6  -6  -4  -5  -6   8  -3  -4  -6  -2  -5    1   0   0   9   0   4   0   0   0   0   0   0   0   0  79   1   0   0   2   0  2.28 0.75
  290 T    -1  -4  -2  -3  -4  -3  -3  -1  -4  -2  -5  -2  -4  -5  -4   6   2  -5  -4  -2    1   0   1   0   0   0   1   4   0   2   0   2   0   0   0  73  12   0   0   2  1.22 0.58
  291 Y    -5  -5  -3  -6  -3  -1  -5  -6  -2  -5  -5  -5  -4   0  -6  -5  -5  -1  10  -5    0   0   1   0   1   3   0   0   0   0   0   0   0   1   0   0   0   0  92   0  2.83 0.89
  292 F     0  -4  -4  -5  -2  -4  -5  -4  -4   1   1  -4  -1   7  -4  -2  -3   1   0   2    7   0   0   0   1   0   0   0   0   5  14   0   1  47   1   3   0   1   1  18  0.88 0.39
  293 P    -1  -2  -3  -3  -4   0  -3  -2  -4  -4  -3   1   1  -3   7   1  -1  -5  -4  -2    4   2   0   0   0   3   1   3   0   0   2  10   5   1  52  11   3   0   0   2  1.14 0.44
  294 E    -1  -2   2   5  -4   0   3   1  -1  -4  -4   0  -4  -5  -2   0  -2  -5  -4  -4    4   0  12  31   0   2  20  12   1   0   1   6   0   0   1   5   1   0   0   0  0.58 0.30
  295 K    -3   4   1  -2  -5   0   0  -2  -2  -5  -3   5  -2  -5  -2   0  -2  -5  -3  -4    0  27   6   1   0   2   4   2   1   0   2  42   1   0   1   7   2   0   0   0  0.79 0.40
  296 C    -1  -4  -4  -4   4  -3  -3  -2  -4   1   0  -1   1  -3  -2  -1   2  -5  -3   5    2   0   0   1   8   0   1   2   0   4   6   4   3   0   2   3  12   0   0  51  0.61 0.37
  297 K    -1   4  -2  -2   3   1   1  -2   0  -2  -3   4  -1  -4  -3  -1   0  -4  -3  -2    3  21   0   1   8   6  10   2   2   2   1  28   2   0   0   3   7   0   0   3  0.45 0.28
  298 S    -1   1   0  -2   0  -1  -1  -3   0  -2  -2   4  -2  -3   1   2   0  -4  -3   1    2   5   4   0   2   1   3   1   2   1   3  34   0   0   6  16   6   0   0  12  0.33 0.26
  299 T    -1  -1  -1  -4   0  -2  -2  -4   1   1  -1  -1   0  -3  -3  -1   2  -4  -1   4    4   3   3   0   2   1   3   1   4   7   4   3   2   0   1   2  16   0   1  43  0.41 0.29
  300 G    -1  -2  -3  -3   2  -2  -2   6  -4  -3  -3  -2  -3  -4  -3  -1  -1  -4  -2   0    2   2   0   0   4   1   2  65   0   1   3   2   0   0   1   3   3   0   2   8  1.00 0.42
  301 Q    -1   0  -1  -1  -3   5   1   0   3  -2  -2   0  -2  -2   0  -1  -2  -2   2  -1    3   4   1   2   1  37   6   7   7   1   2   5   1   1   5   3   2   0   8   5  0.46 0.24
  302 R    -1   2   0  -1   1   1   1  -2   2  -1  -1   3   0  -1  -2  -1  -1  -2   2  -1    3  12   3   2   4   4   8   2   5   3   4  26   2   1   2   4   2   0   9   3  0.22 0.13
  303 V    -3  -5  -5  -5  -3  -5  -5  -6  -5   4   0  -5  -1  -3  -5  -4  -2  -5  -4   6    1   0   0   0   0   0   0   0   0  24   6   0   0   0   0   0   1   0   0  66  1.33 0.53
  304 I     0  -2  -3  -4   2  -3  -4  -3  -4   5   1  -3  -1  -2  -4   1  -2  -4  -3   3    6   3   0   0   4   0   0   1   0  37   9   0   0   1   0  15   1   0   0  21  0.52 0.30
  305 R    -4   8  -3  -4  -6  -2  -3  -3  -1  -5  -4   1  -4  -5  -5  -4  -4  -5  -5  -2    0  85   0   0   0   0   0   2   1   0   1   5   0   0   0   0   0   0   0   3  1.99 0.71
  306 A     5  -4  -4  -4   6  -3  -4   1  -4  -1  -3  -3  -3  -3  -4   0  -2  -2  -4   1   52   0   0   0  17   0   0   9   0   3   0   1   0   1   0   5   1   0   0  10  0.85 0.43
  307 I    -3  -5  -6  -6   0  -5  -5  -6  -5   7   0  -5   0  -3  -5  -5  -3  -5  -2   2    1   0   0   0   2   0   0   0   0  73   6   0   1   0   0   0   0   0   2  13  1.45 0.55
  308 C     0  -6  -4  -6  10  -5  -6  -5  -5  -2   0  -5   0   1  -5  -3  -4  -2  -4  -3    7   0   1   0  67   0   0   0   0   2  10   0   3   6   0   1   0   1   0   1  2.17 0.70
  309 I    -4  -5  -6  -6  -4  -5  -5  -6  -5   7   1  -5  -1   0  -5  -5  -3  -5  -4   2    0   0   0   0   0   0   0   0   0  72  11   0   0   4   0   0   0   0   0  11  1.45 0.55
  310 L    -2  -2  -4  -5   2  -3  -4  -5  -4   0   5  -4   4  -2  -4  -2   1  -4  -3  -1    3   2   0   0   4   1   0   0   0   2  59   0  13   0   0   2  11   0   0   2  0.83 0.41
  311 N    -1   0   4   3  -2  -1  -1  -1  -2  -4  -4   2  -3  -4  -3   3  -1  -5  -4  -2    3   5  20  21   1   1   1   3   1   0   0  15   0   0   0  22   2   0   0   3  0.52 0.31
  312 H    -2   0  -1  -2   1   1  -2   0  10  -5  -5  -1  -4  -4  -4  -1  -4  -5  -2  -5    3   4   2   2   3   6   1   7  63   0   0   3   0   0   0   5   0   0   0   0  1.70 0.62
  313 P    -2  -4  -4  -1  -5  -4  -3  -4  -4  -5  -4  -3  -5  -5   8   1  -2  -5  -5  -2    3   0   0   3   0   0   1   0   0   0   1   1   0   0  73  11   1   0   0   3  1.93 0.64
  314 V    -2  -4  -5  -4   1  -4  -4  -4  -5   6   1  -4  -1  -2  -2  -3  -3  -4  -3   3    2   0   0   1   3   0   0   1   0  51  12   0   0   1   2   2   0   0   0  22  0.89 0.39
  315 P     1  -1  -1   0   0  -1  -1  -1  -3  -3   0   1  -3  -4   6  -2  -1  -4  -4  -2   11   2   2   4   2   2   3   6   0   0  10  12   0   0  37   2   2   0   0   3  0.60 0.29
  316 N    -2  -1   5   0   2  -1  -1   2   0  -2  -4   1  -3  -4  -3   0  -2  -5  -3  -3    0   1  39   4   4   1   4  18   2   3   1  11   1   0   1   6   1   0   0   2  0.60 0.33
  317 T    -1  -4   1  -4  -1  -3  -3  -4  -3  -2  -2  -2  -2  -4  -3  -1   7  -5  -4   0    4   0   5   0   1   0   1   0   0   1   3   2   0   0   1   1  71   0   0   6  1.22 0.57
  318 S    -2   0   4   4   0  -1   0   1   0  -4  -4   2  -4  -5  -3   0  -2  -5  -4  -4    2   5  26  22   3   1   4   9   2   0   1  15   0   0   0   7   0   0   0   1  0.55 0.30
  319 N    -3  -3   3   6  -4  -2   0   1  -3  -4  -4  -1  -4  -2  -3   1  -2  -5  -4  -2    1   0  13  43   0   1   5  13   0   0   1   3   0   2   0  13   1   0   0   3  0.76 0.38
  320 A     4  -3   0   1   2  -2  -1   0  -3  -2  -2  -2  -2  -4  -3   3  -1  -4  -4  -1   38   0   3  10   4   1   3   4   0   1   4   1   0   0   0  22   2   0   0   4  0.43 0.30
  321 D    -1  -2   2   4  -4   2   1   0   3  -3  -2   0  -3  -4  -1   1   0  -4  -3  -2    2   1  12  23   0  11   6   6   7   0   4   4   0   0   2  13   5   0   0   3  0.35 0.23
  322 S    -2  -3  -2  -3   1   2  -3   0  -2  -5  -5  -3  -4  -5  -4   6  -2  -5  -5  -5    1   0   1   1   3  10   0   5   1   0   0   0   0   0   0  77   0   0   0   0  1.38 0.65
  323 L     1  -1  -4  -4   7  -4  -4  -2  -4   2   1  -4  -1  -2  -4  -1  -1  -4  -3   3   14   3   0   0  30   0   0   3   0  10  11   0   0   1   0   2   3   0   0  20  0.70 0.33
  324 Q    -3  -2   1  -3   1   8  -1  -3  -1  -6  -4  -2  -4  -6  -4   1  -2  -5  -4  -5    0   0   6   0   3  70   2   2   1   0   1   0   0   0   0  12   2   0   0   0  1.59 0.68
  325 I    -4  -5  -6  -6  -4  -5  -5  -4  -6   7   2  -5  -1  -2  -5  -5  -3  -5  -4   2    0   0   0   0   0   0   0   2   0  69  15   0   0   1   0   0   0   0   0  11  1.35 0.52
  326 I    -4  -1  -5  -6  -4  -5  -5  -6  -5   7   2  -3  -1  -3  -5  -5  -2  -5  -4   1    0   3   0   0   0   0   0   0   0  72  16   2   1   0   0   0   2   0   0   3  1.36 0.54
  327 I    -2  -1  -5  -5  -3  -4  -5  -5  -5   6   1  -4  -1   2  -2  -4   0  -4  -3   1    3   4   0   0   0   0   0   0   0  55  12   0   1   9   2   0   6   0   0   7  0.83 0.39
  328 P    -4  -5  -5  -5   1  -4  -4  -3  -5  -3   1  -4  -4  -5   8  -2  -3  -6  -5   0    0   0   0   0   3   0   0   2   0   0  12   0   0   0  71   2   1   0   0   8  1.87 0.64
  329 Q    -1  -2  -3  -3  -3   7  -1  -2   2  -4  -1   1  -3  -5   2  -2  -3  -5  -4  -2    6   0   0   0   1  55   0   3   4   0   7   7   0   0  12   1   0   0   0   3  1.01 0.52
  330 S     1   0   4   0   1  -1  -1  -1  -1  -3  -3   2  -2  -4  -1   2   0  -4  -3  -2   12   5  21   3   3   0   2   3   1   0   1  17   0   0   3  20   5   0   0   2  0.34 0.24
  331 Q    -1  -1   0   0  -5   7   3  -4  -3  -4  -3  -2  -3  -5  -4  -2  -2  -5  -4  -4    5   2   3   4   0  59  20   0   0   1   2   0   0   0   0   1   1   0   0   1  1.28 0.58
  332 L    -1  -1  -4  -2   0  -2   0  -3  -4   1   2  -3  -1  -1  -1  -2  -1  -4  -2   4    4   3   0   1   2   1   8   1   0   4  23   0   0   2   3   2   3   0   1  41  0.37 0.26
  333 G    -1  -2   4  -1  -5  -2  -3   5  -1  -5  -5   1  -4  -5   1  -2  -3  -5  -4  -4    3   1  23   2   0   1   0  47   1   0   1  10   0   0   8   1   0   0   0   1  0.90 0.40
  334 R    -2   7  -3  -4   2   0  -1   0  -1  -5  -5   0  -3  -5  -5  -3  -2  -5  -4  -5    2  72   0   0   4   3   3   7   1   0   0   2   0   0   0   0   3   0   0   0  1.46 0.58
  335 K    -2   3   0  -2   1   1  -1  -3   0  -3  -4   5  -2   0  -2  -1   0  -4  -3  -3    2  14   5   1   3   4   2   1   2   2   0  50   1   4   1   2   6   0   0   0  0.69 0.37
  336 S    -1  -3   5  -2  -1  -2   0  -2   5  -5  -4  -2  -4   0  -3   3  -2  -3  -2  -4    4   0  30   1   1   0   5   2  18   0   0   1   0   5   1  29   1   0   1   0  0.79 0.41
  337 D     1  -2   1   1  -2  -1   1   1  -1  -1   0  -1  -1  -2   2   1  -1  -3  -2   0   11   1  10  11   0   0  11  11   0   1  11   1   0   0  11  11   1   0   0  11  0.14 0.07
  338 I     0   1  -2  -2   2   1   0  -3  -2   2   0   0   2  -2  -2  -1   0  -3  -2   2    7  12   0   0   6   6   5   0   0  17   5   6   8   0   0   0   5   0   0  21  0.15 0.13
  339 Y    -1   1  -3  -4   2  -2  -1  -4  -1  -1  -1  -2  -2   3  -1  -2  -3  -1   7   0    4  11   0   0   4   0   3   0   0   2   3   0   0  12   4   2   0   0  47   6  0.77 0.36
  340 V    -1  -4  -4  -4   1  -3  -4  -3  -4   4   1  -3   1  -2  -1  -3  -2  -4  -2   4    3   0   0   0   3   0   0   2   0  33  11   0   3   0   4   0   0   0   0  36  0.54 0.27
  341 A     1  -1  -1  -2   4  -2   0  -1  -2   1   0  -2   0   2  -2   1   0  -2  -1   0   15   2   2   1  14   0   8   4   0  11   6   1   3  13   1  10   5   0   0   3  0.13 0.13
  342 I    -1  -1  -2  -2   4   2   1  -2  -2   0   1  -1   3  -2  -3  -1   0  -3  -1   2    2   3   0   0  11  11  12   3   0   2  16   0  12   0   0   2   6   0   1  17  0.18 0.17
  343 V    -1  -3  -3  -3   5  -2  -3  -1  -3   2   3  -3   1  -1  -2  -2   0   1  -2   2    5   0   0   0  15   2   0   4   0  10  31   0   2   0   2   1   6   2   0  18  0.32 0.19
  344 S    -1  -1  -1  -3   5   0  -3   1  -3  -4  -4  -1  -3  -4  -3   5  -1  -4  -4  -4    2   3   2   0  14   3   0   9   0   0   1   3   0   0   0  58   1   0   0   0  0.90 0.45
  345 D    -1  -2   1   0  -1  -1  -1  -1   4  -3  -1  -1  -2   0  -2   3  -1   2   3  -2    2   1   6   5   1   1   3   3  11   0   7   2   0   5   2  34   1   2  12   1  0.33 0.25
  346 A     2  -2   1   0  -2   0   0   0  -1  -2  -2  -1  -1  -3   0   2   2  -3   0   0   21   0   8   4   0   4   6   5   1   0   1   1   1   0   4  15  14   0   5   9  0.18 0.16
  347 H    -3  -2   1  -2  -4   1   0  -4   8  -4  -1  -3   2  -2  -4  -1   2  -4  -2  -4    1   0   6   2   0   6   5   1  49   0   6   0   6   1   0   3  12   0   0   0  1.10 0.47
  348 N    -1   0   3  -1   1   0   0   2   0  -3  -2   1   4  -2  -3   0  -1  -3  -2  -2    5   4  22   1   4   3   4  17   2   1   2   9  14   1   1   7   3   0   1   1  0.28 0.21
  349 V     1  -3  -3  -4  -3  -3  -2  -4  -4   1  -1  -3  -2  -3  -3   0   3  -4  -3   5   10   0   0   0   0   0   3   0   0   5   2   0   0   0   0   5  24   0   0  49  0.64 0.35
  350 C     3  -4  -4  -4   9  -4  -4  -3  -4  -1  -3  -4  -3  -4  -4   0   1  -4  -4  -1   23   0   0   0  48   0   0   0   0   4   1   0   0   0   0   8  11   0   0   2  1.33 0.47
  351 S     2  -1  -3  -3  -3  -2  -3  -2  -3  -3  -2  -2   4  -2   6   1  -1  -4  -2  -2   20   3   0   0   0   1   0   1   0   0   3   1  15   1  37  11   2   0   1   2  0.78 0.34
  352 K    -1   1   0   0  -4   2   2  -1   1  -4  -4   5  -3  -4   0  -2  -2  -4  -2  -4    3   4   4   4   0   7  14   4   4   0   1  47   0   0   4   1   0   0   1   1  0.62 0.31
  353 G    -2  -1   1   2  -4  -3  -2   6   1  -5  -5  -2  -4  -4  -3  -1  -3  -4  -4  -4    0   3   5  14   0   0   2  63   3   0   1   1   0   0   1   4   0   0   0   0  1.03 0.37
  354 H    -1   0  -2  -3  -1  -1  -2  -3   1  -1   0   3   0   2  -3  -1   1   3   4   0    4   3   0   1   1   1   1   1   3   3   7  24   2   8   1   2  11   4  18   6  0.25 0.18
  355 Y    -3  -3  -3  -4  -1  -3  -2  -4   0  -3  -3  -1  -3   3  -4  -3  -1   4   8  -2    1   1   1   1   1   0   3   1   1   1   1   5   0  12   1   1   3   5  62   2  1.41 0.48
  356 L    -2  -4  -4  -4  -2  -3  -4  -4  -4   5   3  -3   0  -1  -4  -3  -1  -3  -2   3    2   1   0   1   0   0   1   1   0  44  27   1   0   1   1   1   3   0   0  16  0.69 0.29
  357 A     5  -3  -3  -3   1  -2  -3   0  -3  -1  -2  -2  -2   0  -2   0  -1  -3  -3   2   56   0   0   1   3   0   1   6   0   0   2   1   0   4   0   4   2   0   0  19  0.55 0.29
  358 I    -2  -3  -3  -3  -3  -2  -3  -4   5   5   1  -3   2   2  -3  -1  -1  -3   0   0    1   0   0   1   0   1   1   1  19  41   9   1   5  10   0   5   3   0   2   1  0.53 0.27
  359 I    -1  -3  -4  -4  -1  -3  -3  -4  -4   3   2  -3   0  -2  -3  -2  -2  -3  -2   5    4   1   0   1   1   0   1   1   0  16  21   1   1   0   0   3   1   0   0  47  0.57 0.26
  360 S     0  -2  -1  -2  -2  -1  -1   0  -2  -3  -2  -2  -1  -3  -2   5   1  -3  -2  -2    5   1   1   1   0   1   1   5   0   1   3   1   1   1   1  64   8   0   1   1  0.68 0.30
  361 T    -1  -3  -2  -3  -3  -3  -3  -2  -3  -3  -3  -2  -3  -4  -1   0   7  -4  -3  -2    4   1   0   1   0   0   1   3   0   1   1   1   0   0   3   2  79   0   0   1  1.25 0.48
  362 I    -1  -2  -1  -2   4  -1   0  -3  -3   2  -1  -2  -1  -2   1  -1   3  -3  -3   1    2   1   2   1  13   2   6   1   0  18   4   1   1   0   8   2  27   0   0  10  0.32 0.20
  363 I     2  -1  -3  -3  -2  -2  -2  -2  -3   1  -1  -1   0  -2   1  -1   0  -3  -2   4   19   3   0   1   0   0   1   1   0   6   2   4   2   1   7   3   6   0   0  42  0.32 0.21
  364 E    -2  -2  -2  -1  -4   0   6  -3  -2  -3  -3   0  -3  -3  -1   1  -2  -4  -1  -3    1   0   0   1   0   2  65   1   0   2   2   4   0   1   3  13   1   0   3   2  0.93 0.39
  365 T    -1  -3   0  -2  -3  -1  -2   0  -3  -2  -3  -2  -2  -3   0   3   6  -4  -3  -2    1   0   2   0   0   2   1   6   0   1   1   1   1   1   4  19  58   0   0   1  0.82 0.38
  366 D     0   0   2   3  -3   0   1   0  -2  -3  -4   2  -3  -4  -1   2  -1  -4  -3  -3    6   3  10  22   0   2  10   7   0   1   1  18   0   0   2  17   1   0   0   0  0.38 0.19
  367 K    -2   0   5   3  -4   0   1  -1  -1  -4  -4   0  -3  -4  -3  -1   2  -4  -3  -3    1   5  34  20   0   4   6   3   1   0   1   4   0   0   0   1  16   0   0   2  0.58 0.27
  368 P     1  -4  -2  -3  -4  -3  -3  -4   2  -4  -4  -3  -4  -5   8  -2  -1   0  -4  -4   14   0   2   0   0   1   0   1   5   1   1   0   0   0  68   0   4   1   0   0  1.69 0.49
  369 H    -1   2  -2   0  -4   1   4  -3   5  -2  -2   0  -2  -4  -3  -1   0  -4  -2  -2    5  14   0   2   0   4  39   0  15   2   2   4   1   0   0   2   7   0   0   2  0.55 0.28
  370 I     1   0  -1   0  -3   1   2  -1  -1   0   0   2  -1  -3  -2   0  -1  -3  -2   0   17   4   2   3   0   4  16   2   0   7   9  21   1   0   0   5   2   0   0   6  0.15 0.13
  371 E    -2  -2  -2   4  -5   0   6  -4  -2  -5  -5  -1  -4  -5  -3  -1  -3  -5  -4  -4    3   0   0  22   0   1  66   0   0   0   0   2   0   0   0   4   0   0   0   0  1.25 0.46
  372 L    -3  -4  -5  -5  -2  -4  -4  -5  -4   4   5  -4   0   0  -4  -4  -3   2  -2   1    0   0   0   0   1   0   0   0   0  22  60   0   0   2   0   0   0   3   0   9  0.86 0.35
  373 E     0   1  -1   0  -4   3   4  -2  -2  -3  -2   3  -1  -4  -2   1  -1  -4  -3  -3    9   5   2   2   0  12  33   1   0   1   3  20   2   0   0   8   2   0   0   1  0.45 0.24
  374 P     1  -3  -4  -2  -4   0  -3  -4  -1  -3  -2  -2  -3  -5   7  -1  -3  -5  -4   0   11   1   0   2   0   4   1   0   2   1   4   2   0   0  61   5   0   0   0   8  1.35 0.44
  375 A     3  -3  -2  -3  -3  -3  -3   5  -3  -2  -3  -3  -3  -1  -2  -1  -2  -4  -3   2   25   0   0   0   0   0   0  47   0   0   1   0   0   4   1   2   0   0   0  18  0.70 0.30
  376 F    -2  -2  -4  -4  -3  -3  -4  -4  -3   2   4  -3   1   4  -4  -3  -1  -2   0   2    1   1   0   0   0   1   0   0   0   9  45   0   1  18   0   0   4   0   2  15  0.54 0.24
  377 K     0   1   0   3  -4   2   3  -2  -1  -4  -4   3  -3  -3  -2   0  -2  -4  -3  -3    8   6   4  19   0  12  20   2   0   0   1  22   0   1   0   3   0   0   0   0  0.45 0.21
  378 L    -3   2  -3  -4  -3  -2  -3  -4  -3   1   4   1   1  -2  -4  -3  -1  -3  -3  -1    1  11   0   0   0   1   0   0   0   7  60  10   3   0   0   0   3   0   0   2  0.57 0.28
  379 L    -3  -4  -5  -5  -3  -4  -4  -5  -4   2   5  -4   0   2  -4  -4  -3  -3  -2  -1    1   0   0   0   0   0   0   0   0   9  75   0   1  10   0   0   0   0   0   1  0.97 0.36
  380 G    -1  -3  -1  -2  -4  -1   1   6  -3  -2  -4  -2  -3  -2  -2  -2  -1  -4  -4  -3    2   0   3   1   0   3   9  64   0   3   0   2   0   2   2   1   5   0   0   1  0.92 0.35
  381 P    -1  -1   0   0  -4  -1  -2  -3   0  -3  -4   1  -4  -5   7   0  -1  -5  -4  -4    6   2   4   6   0   2   1   1   2   1   1  10   0   0  56   5   3   0   0   0  1.21 0.39
  382 I    -2  -2  -4  -4  -2  -3  -3  -4  -3   6   0  -3   0   0  -4  -3   0  -3   2   3    1   2   0   1   1   0   1   1   0  52   4   0   1   3   0   1   5   0   8  19  0.70 0.31
  383 E     0  -1  -1   2  -3   0   3  -3   0   0   1   0   1  -2  -1  -1   0  -3  -1   0    7   1   1  14   0   1  26   0   2   4  14   4   4   1   2   2   8   0   1   7  0.19 0.15
  384 E    -2   0  -1   2  -5   3   5  -3   0  -4  -3   0  -3  -4  -3  -1  -2  -4  -2  -4    2   4   2  10   0  15  52   0   2   0   2   5   0   0   0   4   1   0   1   0  0.84 0.36
  385 K    -1   2  -2  -2  -2   1  -1  -3  -1   0  -1   4   1  -2  -2  -1   1  -3   0  -1    2   9   0   1   1   6   0   0   1   8   4  40   5   1   1   3  12   0   4   2  0.38 0.24
  386 F    -4  -5  -5  -4  -5  -4   1  -5  -4  -2  -1  -4  -3   8  -5  -4  -3  -2   1  -3    0   0   0   1   0   0  11   1   0   1   3   1   0  77   0   1   1   0   2   1  1.79 0.60
  387 M    -1  -4  -4  -2  -3  -3  -3  -4  -3   3   0  -3   4   1  -4  -2   0  -3   2   4    3   0   0   2   0   0   1   0   0  16   3   0  15   6   0   2   5   0   8  35  0.51 0.28
  388 G     0  -1   1   2  -3   0   2   2  -1  -3  -3   0  -2  -4  -2   3   0  -4  -1  -3    5   1   5  14   0   2  12  15   1   1   1   4   1   0   0  28   6   0   2   0  0.35 0.21
  389 I    -2  -3   1  -3  -2  -2  -2  -4  -1   4  -1  -1   0  -3   2  -2   0  -4  -3   4    2   0   7   1   0   1   3   0   1  29   1   4   2   0   9   1   4   0   0  35  0.50 0.29
  390 A     0   0  -1   0  -2   0   1  -2  -1  -1  -3   0  -3  -1   1   3   0  -3   2  -2    6   4   2   5   0   4  11   1   1   3   1   4   0   1   8  32   5   0   8   2  0.27 0.21
  391 E    -3  -3   1   6  -5  -1   2  -3  -1  -5  -5  -2  -2  -1   3  -2  -1  -5  -4  -4    1   0   5  48   0   2  15   1   1   0   0   2   1   3  17   2   3   0   0   1  0.97 0.40
  392 L    -3   0  -3  -4  -3  -1  -4  -4  -3   2   4  -3   2  -1  -3  -3   0  -3  -1   2    0   6   1   0   0   2   0   1   0  14  46   0   4   1   1   1   5   0   2  16  0.50 0.27
  393 F    -4  -1  -2  -3  -3  -2   0  -5   1  -2   0  -3   2   4  -3  -3  -3   1   7  -3    1   3   1   1   0   1   8   0   2   1   8   1   5  15   1   0   1   1  49   1  1.05 0.44
  394 E     0  -1  -3  -1  -4   0   5  -4   0  -2  -3   2  -3  -4  -3   0  -1  -5  -3   2    6   1   0   1   0   1  47   0   2   1   0  15   0   0   0   5   2   0   0  16  0.66 0.37
  395 P    -2  -4  -2  -4  -4  -4  -4  -5   0  -6  -6  -4  -5  -6   8  -2  -4  -7  -6  -5    3   1   2   0   0   0   0   0   3   0   0   0   0   0  87   2   0   0   0   0  2.55 0.75
  396 R    -1   2  -1  -3  -2  -2  -2  -4  -3   2   1   1   0  -2  -3  -1   3   2  -3   1    3  13   3   0   1   0   2   0   0  12  17   8   1   0   0   0  26   3   0  11  0.28 0.22
  397 E    -1  -1   2   5  -4  -1   3  -2   0  -3  -2  -1  -3  -4  -2   1  -1  -5  -4  -4    6   3  11  36   0   0  18   2   2   1   4   3   0   0   1   9   3   0   0   0  0.57 0.27
  398 D    -2  -3   1   6  -4  -1   1  -3  -2  -3  -1  -1  -2  -4   0   0   0  -5  -3  -3    1   0   6  51   0   1   8   1   0   1   8   3   1   0   4   7   6   0   0   1  0.75 0.32
  399 G     0  -3  -2  -3  -4  -3  -3   6  -1  -4  -3  -2  -3  -4   0  -1  -3   3  -2  -3    7   0   1   0   0   1   1  67   2   0   2   2   0   0   5   2   1   4   2   2  1.05 0.37
  400 S     1   0  -1  -1   0   0   0  -2   0  -2  -2   2  -2  -3   0   2   3  -3  -2  -1   12   5   2   2   2   4   4   1   2   1   3  16   0   1   3  18  20   0   0   4  0.22 0.16
  401 K     0   1   1   2  -3   1   2  -1  -1  -3  -2   2  -1  -3  -2   1   0  -4  -2  -2   10   9   6  10   0   5  18   2   1   1   4  18   1   0   0   9   4   0   0   2  0.25 0.15
  402 D    -3  -2   0   6  -2  -2   0  -3  -3  -5  -5  -2  -1  -5  -3   3   0  -6  -5  -4    0   1   3  54   1   0   4   0   0   0   0   1   2   0   0  26   6   0   0   0  1.10 0.45
  403 N    -3   0   6  -1  -5   4  -1   1   0  -5  -5   1  -4  -5  -4   0  -1  -5  -4  -4    0   4  40   0   0  21   0  10   2   0   0  10   0   0   0   7   3   0   0   0  0.81 0.39
  404 I    -1  -5  -5  -5   6  -4  -5  -5  -5   5  -1  -4  -1  -3  -4  -1  -2  -5  -4   4    3   0   0   0  18   0   0   0   0  41   2   0   0   0   0   7   0   0   0  28  0.96 0.40
  405 Y    -4  -5  -5  -6  -5  -5  -5  -3  -3   1  -2  -5  -3   8  -6  -4  -4  -2   5  -1    0   0   0   0   0   0   0   2   0   7   1   0   0  70   0   1   0   0  16   3  1.75 0.57
  406 L    -3  -5  -5  -5   2  -5  -5  -6  -5   6   0  -5  -1   1  -5  -4  -3  -4  -3   3    0   0   0   0   4   0   0   0   0  65   4   0   0   7   0   1   0   0   0  17  1.17 0.44
  407 S    -2  -4  -2  -3  -1  -3  -3  -3  -4  -5  -5  -3  -4  -5  -3   6   3  -6  -5  -4    0   0   0   0   1   0   0   0   0   0   0   0   0   0   1  79  20   0   0   0  1.49 0.62
  408 R    -2   4   0  -2   0  -1   1  -3  -2  -4  -3   5  -3  -5  -3   0   1  -1  -4  -4    2  28   3   0   2   0   6   0   0   0   2  37   0   0   0   8   9   1   0   0  0.67 0.33
  409 S     1  -2   1  -2   2  -1  -2   0  -2  -1  -2  -1  -1  -3  -2   3   1  -3  -2   2    5   0   6   0   5   0   0   8   0   0   0   0   0   0   0  45   6   0   0  26  0.27 0.10
  410 Y    -2   3  -1  -3   1  -1  -2  -3   0  -1  -1  -1   1   2  -3  -2  -2   0   5   0    0  26   4   0   4   0   0   0   0   0   4   0   4  10   0   0   0   0  38  10  0.44 0.11
  411 D    -2  -3   0   6   6  -2   0  -3  -3  -4  -4  -2  -4  -4  -3  -1  -2  -5  -4  -3    0   0   0  74  26   0   0   0   0   0   0   0   0   0   0   0   0   0   0   0  1.22 0.20
  412 A     4  -1  -1  -1  -1   0   1   0  -1  -2  -2  -1  -1  -2   2   1   0  -2  -2  -1   56   1   1   1   0   1  13   4   0   1   2   1   0   1   8   4   3   0   1   1  0.31 0.08
  413 S     1  -1   0  -1  -1   0  -1  -1  -1  -1  -1  -1  -1  -2  -1   3   4  -2  -2  -1    6   1   1   1   0   3   1   1   0   1   4   1   0   1   1  34  40   0   1   1  0.33 0.09
  414 S     0  -1   0  -1  -1  -1  -1  -1   1  -2  -2  -1  -1  -2   2   3   3  -2  -1  -1    5   1   4   1   0   1   1   1   5   1   2   1   2   1   9  32  30   0   1   1  0.28 0.07
  415 H    -2  -1   0  -1  -3   0  -1  -2   8  -2   0  -1  -1  -1  -2  -1  -2  -2   1  -1    2   1   1   4   0   1   1   1  66   1  10   1   0   1   1   1   1   0   1   5  0.78 0.14
  416 F    -2  -2  -2  -3  -2  -2  -2  -3  -1   0   1  -2   1   6  -3  -1  -2   0   2  -1    2   1   1   1   0   1   1   1   0   1  10   1   5  65   1   4   1   0   3   1  0.59 0.11
  417 E    -2  -2   0   2  -4   1   6  -2  -2  -4  -4  -1  -3  -4  -2  -1  -2  -4  -3  -3    1   1   3   7   0   2  78   2   0   1   1   1   0   0   1   1   1   0   0   1  1.11 0.28
  418 S     0  -2   1  -1  -2  -1  -2  -1  -1  -3  -3  -1  -2  -4  -1   3   5  -4  -3  -2    4   0   6   3   0   1   0   4   2   0   0   3   1   0   2  23  52   0   0   0  0.60 0.24
  419 M     2  -2  -2   0   2  -1   1  -2  -3   0  -1  -2   0  -3  -2   0   3  -4  -3   1   20   0   0   5   4   0  11   0   0   7   5   0   3   0   0   3  33   0   0   9  0.26 0.14
  420 T     0  -3  -3  -4   6  -3  -3  -3  -3   0  -1  -3  -1   2  -3   0   3  -2   2   2    5   0   0   0  24   0   0   0   0   2   1   0   1  12   0   4  23   0   9  19  0.52 0.20
  421 D    -1   2   1   4  -2   2   3  -2  -1  -3  -3   0  -2  -4  -2  -1  -1  -3  -3  -3    4  14   6  30   1   9  23   1   1   1   2   3   1   0   0   1   3   0   0   1  0.46 0.16
  422 D    -3  -3   3   7  -5   0   1  -3  -2  -5  -3  -2  -4  -5  -3  -2  -2  -6  -4  -5    1   0  18  68   0   3   8   0   0   0   2   0   0   0   0   0   0   0   0   0  1.25 0.31
  423 V    -1  -4  -4  -4  -1  -4  -4  -4  -4   4   0  -4   0  -2  -4  -3   1  -4  -3   5    1   0   0   0   1   0   0   0   0  30   3   0   1   0   0   0  11   0   0  52  0.72 0.24
  424 K    -2   0  -2  -3   1   0   0  -4  -1   0   3   2   1  -1  -3  -2  -2  -3  -2   0    1   4   1   0   4   2   8   0   2   3  42  23   2   1   0   1   0   0   0   5  0.26 0.15
  425 D    -1   1   2   6  -4   0   2  -1  -1  -4  -4  -1  -4  -4  -3   1  -2  -5  -2  -4    3   7   8  54   0   2  11   2   1   0   0   2   0   0   0   9   0   0   1   0  0.77 0.22
  426 I    -2  -4  -4  -5  -3  -3  -4  -5  -4   5   3  -4   5  -1  -4  -3  -1  -3  -3   2    3   0   0   0   0   0   0   0   0  47  24   0  18   0   0   0   1   0   0   7  0.72 0.23
  427 Y    -4  -4  -4  -5   2  -4  -4  -5   1  -3  -3  -4   1   4  -5  -4  -4   6   8  -3    0   0   0   0   5   0   0   0   2   0   0   0   4  13   0   0   0  10  67   0  1.72 0.41
  428 F    -2   3  -1  -2  -3   1   2  -3  -1  -4  -2   5  -2  -1  -3   0   0  -4  -3  -3    1  15   1   0   0   6  14   0   1   0   2  46   0   3   0   4   7   0   0   0  0.57 0.22
  429 R    -2   6   0  -2  -2   0  -1  -4  -1  -3  -3   3  -1  -4  -4  -2   0  -4  -3  -4    1  62   3   1   1   1   2   0   0   1   2  18   1   0   0   0   6   0   0   0  0.98 0.30
  430 V     1  -4  -4  -4   0  -3  -4  -2  -4   4   1  -3   4  -2  -4  -2  -1  -4  -2   2   17   0   0   0   2   0   0   2   0  41  10   0  15   0   0   1   1   0   1  11  0.50 0.20
  431 T    -1  -2  -2  -1  -1  -2   2  -3   1  -2  -2  -2   1  -1  -3   1   5  -1  -2  -1    2   0   0   2   1   0  15   0   4   0   1   1   6   2   0   7  55   1   1   2  0.59 0.27
  432 G    -2  -4  -3  -3  -5  -3  -4   7  -4  -1  -5  -3  -4  -5  -4  -2  -3  -5  -5  -4    0   0   0   1   0   1   1  90   0   5   0   1   0   0   0   1   1   0   0   1  1.68 0.40
  433 H    -1   0   0  -1  -4   1   3  -2   4  -4  -4   4  -2  -3  -3   1   0  -4  -2  -3    4   2   3   0   0   4  23   1  15   0   0  32   0   1   0   8   5   0   0   0  0.51 0.21
  434 P    -1  -2  -1   4  -4   0   4  -3  -2  -3  -4   1  -3  -4   3  -1  -1  -5  -4  -1    5   0   1  26   0   1  30   1   0   1   0   9   0   0  16   1   3   0   0   5  0.59 0.21
  435 L    -3  -4  -5  -5  -2  -4  -5  -5  -4   1   5  -4   0   4  -5  -4  -3  -2   1   0    1   0   0   0   1   0   0   0   0   5  64   0   1  23   0   0   0   0   3   4  0.87 0.28
  436 V    -3  -3   1   6   1  -2   0  -3  -3  -1  -3  -1  -2  -4  -3  -1  -2  -5  -4   3    0   0   4  55   4   0   2   0   0   3   0   3   0   0   0   2   0   0   0  24  0.84 0.29
  437 L    -2  -4  -5  -5  -3  -4  -4  -5  -4   1   4  -4   2   5  -5  -4  -3  -2   0   2    1   0   0   0   0   0   0   0   0   4  43   0   4  32   0   0   0   0   0  17  0.75 0.24
  438 K    -2   0   3   0  -5   1   5  -3  -2  -5  -4   3  -3  -5  -3  -1  -2  -5  -4  -4    0   2  14   0   0   2  57   0   0   0   0  26   0   0   0   0   0   0   0   0  0.93 0.29

                      K         Lambda
Standard Ungapped    0.1378     0.3184
Standard Gapped      0.0465     0.2670
PSI Ungapped         0.1516     0.3126
PSI Gapped           0.0465     0.2670
