
Last position-specific scoring matrix computed, weighted observed percentages rounded down, information per position, and relative weight of gapless real matches to pseudocounts
            A   R   N   D   C   Q   E   G   H   I   L   K   M   F   P   S   T   W   Y   V   A   R   N   D   C   Q   E   G   H   I   L   K   M   F   P   S   T   W   Y   V
    1 E    -4  -4  -3   3  -7  -2   6  -5  -4  -7  -7  -3  -6  -7  -5   3  -4  -7  -6  -6    0   0   0  17   0   0  62   0   0   0   0   0   0   0   0  20   0   0   0   0  1.61 0.74
    2 D    -7  -7  -4   8  -9  -5   3  -7  -6  -9  -9  -6  -8  -9  -7  -3  -4  -9  -8  -8    0   0   0  82   0   0  15   0   0   0   0   0   0   0   0   2   1   0   0   0  2.65 1.14
    3 R    -3   2  -2   1  -1   1   4  -5  -4   0   1   1   2  -2  -5  -3  -3  -3  -2   0    1  10   1   9   1   5  25   0   0   5  16   7   6   2   0   1   1   0   2   6  0.39 0.33
    4 L     0   3   1  -2  -3   0   0  -4   4  -3   1   2   0  -1  -4  -1  -1  -5   0  -1    6  18   6   1   1   5   5   0  11   1  14  14   3   2   0   3   3   0   4   4  0.33 0.29
    5 K    -4   0  -6  -6  -2  -2  -5  -7  -1   0   5   3   1  -2  -6  -5  -3  -6  -5   1    0   5   0   0   1   2   0   0   2   5  53  19   3   1   0   0   1   0   0   8  0.99 0.58
    6 I    -3  -8  -5  -8  -4  -7  -8  -8  -8   8   0  -7   2  -3  -8  -7  -3  -7   0   1    2   0   1   0   0   0   0   0   0  73   7   0   5   1   0   0   1   0   4   7  1.99 0.89
    7 D    -2   7   1   2   0  -1  -3  -4   1  -5  -4  -2  -3  -3  -6   0  -3  -7  -1  -6    3  52   7  11   2   3   1   1   3   1   2   2   1   1   0   7   2   0   2   0  1.16 0.67
    8 V     4  -6  -3  -5   4  -5  -5   0  -6  -3  -6  -5  -5  -7  -5   5   1  -7  -6  -1   31   0   1   0   9   0   0   6   0   1   0   0   0   0   0  42   6   0   0   4  1.16 0.70
    9 I    -4  -6  -7  -7  -1  -6  -7  -5  -7   5   4  -6   3  -3  -7  -6  -5   1  -5   3    1   0   0   0   1   0   0   1   0  27  42   0   5   1   0   0   0   2   0  19  1.24 0.61
   10 D    -5  -1  -1   4  -8   0   6  -3  -5  -8  -6  -1  -7  -5  -6  -4  -5  -8  -4  -7    1   3   2  22   0   4  59   3   0   0   1   3   0   1   0   1   0   0   1   0  1.61 0.83
   11 W    -9  -9 -10 -11  -9  -9 -10  -6  -9  -6  -6 -10  -8  -2 -10  -9  -9  13  -2  -6    0   0   0   0   0   0   0   1   0   0   1   0   0   2   0   0   0  94   1   1  5.10 1.79
   12 L    -5  -5  -6  -6  -5  -5  -6  -6   2  -1   6  -5   2   0  -6  -4   0   0   0  -3    0   0   0   0   0   0   0   0   5   3  71   0   4   3   0   1   5   1   3   0  1.37 0.66
   13 V    -2   2  -4  -4   3  -3  -4  -5  -4   2   2  -2   3   1  -4  -3   2  -4  -1   1    2  11   0   1   6   1   0   0   0  14  21   2   7   7   1   1  15   0   1  10  0.44 0.32
   14 F    -3  -5  -5  -6  -2  -2  -4  -6   2   1   2  -4   2   6  -5  -4  -4  -3   5  -2    2   0   0   0   1   2   1   0   4   7  17   1   6  32   0   1   1   0  21   2  1.05 0.52
   15 D    -2  -4   0   4  -1  -1   1  -2  -1   0   0  -3  -1  -2   0  -1  -3  -1   1   3    3   0   5  23   1   2   9   3   1   5   9   0   1   1   4   4   0   1   6  20  0.33 0.29
   16 P    -2  -2   0   4  -6   1   2  -1  -3  -6  -6   0  -5  -7   5  -1  -1  -7  -6  -4    3   2   5  21   0   7  15   5   0   0   0   6   0   0  27   4   3   0   0   1  0.80 0.49
   17 A     1  -2   1   2  -1   0   3   2  -1  -3  -2   0  -3  -5  -3   1  -1  -5  -3  -2   10   1   6  10   1   3  20  18   1   1   4   6   1   0   1  12   2   0   1   2  0.33 0.28
   18 Q    -1  -4  -2  -5  -5   6  -3  -5   4  -4   1  -1   3  -3  -5  -3   3  -2  -2  -4    5   0   1   0   0  34   0   0   9   1  13   3   7   1   0   1  21   1   2   0  0.96 0.63
   19 R    -3   4  -6  -6  -1  -3  -5  -6  -1  -4  -1  -1  -5   2  -4  -2  -2   9   5  -4    2  22   0   0   1   1   0   0   1   1   7   4   0   8   1   3   3  24  21   1  1.33 0.68
   20 A     1  -1  -2   1  -3  -1   1   2  -1  -1  -1  -2  -2  -1   2   0   0  -4  -1   1   15   3   1   8   0   1   9  14   1   3   5   1   0   3  12   7   5   0   2  10  0.17 0.19
   21 E    -3   1   0   5  -6   0   5  -4   0  -6  -4   0  -5  -5  -4  -2   0  -6  -1  -4    2   8   5  27   0   4  34   1   2   0   2   4   0   0   1   2   6   0   2   1  0.87 0.53
   22 A     5  -4  -5  -5   0  -5  -5  -2  -5   2   0  -5  -4  -5  -5  -1   1  -6  -5   1   54   1   0   0   2   0   0   2   0  10  10   0   0   0   0   4   7   0   0   9  0.96 0.58
   23 L    -5  -6  -7  -7   5  -6  -7  -7  -7   3   5  -7   1   3  -7  -6  -5  -5  -4   1    0   0   0   0  13   0   0   0   0  17  46   0   3  11   0   0   0   0   0  10  1.27 0.63
   24 K    -1   0  -1   0   2  -1   1  -3   1   1  -1   2  -1  -2  -2   0   0   4  -1   0    5   5   2   5   4   2  12   1   4   9   5  13   1   2   2   7   6   6   1   8  0.13 0.15
   25 Q     0   0  -4  -4   0   5   0  -4   2  -1   1  -1   1  -3  -4   0  -2  -5   1  -1    9   4   0   0   2  32   5   1   5   3  13   2   3   1   1   6   2   0   6   4  0.53 0.42
   26 G     3  -4  -3  -5  -3  -4  -4   3  -5   0  -2  -4  -1  -5  -5   3   1  -6  -5   0   27   1   1   0   0   0   0  24   0   6   3   0   2   0   0  19   9   0   0   7  0.65 0.46
   27 N    -3  -3   7  -3   1  -4  -4  -2  -4   2  -2  -4  -4  -5  -5  -1   2  -6  -5   0    2   1  48   1   3   0   0   3   0  12   4   0   0   0   0   3  13   0   0   8  1.14 0.64
   28 A     4   0  -1  -2  -2   0  -1  -3   1  -1   0   0   1  -2  -4   1   0   1  -1   1   33   6   2   2   1   3   3   1   4   2   7   5   4   2   0   8   4   2   2   8  0.26 0.26
   29 I    -2  -6  -6  -5  -5  -5  -6  -6  -6   4   5  -6   2  -2  -6  -5  -3  -5  -5   3    4   0   0   1   0   0   0   0   0  22  46   0   5   1   0   0   1   0   0  17  1.11 0.57
   30 M    -1  -5  -6  -6   0  -5  -6  -6  -2   3   2  -5   5   0  -6  -1  -1  -4   6  -1    6   0   0   0   2   0   0   0   1  16  18   0  14   4   0   5   4   0  26   4  0.91 0.54
   31 R    -5   8  -6  -6  -8  -3  -5  -7  -6  -8  -6   4  -3  -4  -7  -6  -6  -8  -7  -7    0  73   0   0   0   1   0   0   0   0   1  22   1   1   0   0   0   0   0   0  2.42 1.10
   32 K    -4   5  -2  -4  -4  -1  -1  -2   2  -4  -2   3  -4   1  -5  -4  -1   1   5  -4    1  26   2   0   0   3   4   3   5   1   4  16   0   5   0   1   4   2  22   1  0.80 0.51
   33 F    -5  -8  -8  -8  -2  -8  -6  -8  -6  -5  -1  -8  -1   9  -8  -5  -7  -4   2  -6    1   0   0   0   1   0   1   0   0   0   5   0   1  84   0   1   0   0   5   0  2.88 1.17
   34 L    -5  -6  -7  -8  -6  -6  -7  -8  -6   3   6  -7   0   1  -7  -5  -5  -5   2  -1    0   0   0   0   0   0   0   0   0  13  68   0   2   6   0   1   0   0   7   3  1.52 0.77
   35 A     2   0  -4  -3   0  -3  -3   1  -2   1   2   1  -1  -2  -4   1   0  -5  -3  -1   20   6   0   1   2   0   1  10   1   9  21   9   1   1   0  10   5   0   1   3  0.25 0.28
   36 S     1   1   4  -2   3  -1  -1  -3   1  -2  -2   0   2  -5  -4   2   2  -5  -4  -2   10   7  19   1   6   3   4   1   3   3   4   4   5   0   0  18  11   0   0   3  0.38 0.35
   37 K    -3   1   1   0  -4  -2  -1   6  -5  -6  -4   0   2  -3  -6  -2  -2  -2  -4  -6    1   7   5   5   0   1   3  56   0   0   1   7   6   1   0   2   3   1   1   0  1.08 0.64
   38 K    -5   5   0  -4  -7  -1  -3  -6   4  -7  -5   6  -6  -7  -3  -2  -4  -7  -6  -7    0  33   5   1   0   2   1   0   8   0   1  42   0   0   1   3   1   0   0   0  1.51 0.83
   39 H    -3  -4  -6  -5  -5  -4  -2  -7   3   2   5  -5   0  -1  -2  -5  -1  -5  -2   2    2   1   0   1   0   0   2   0   6  12  48   0   2   2   3   0   3   0   1  16  0.86 0.53
   40 E     2   0   3   1  -4   1   1   0   3  -5  -4   1  -4  -3  -3   1  -1   0  -2  -3   17   5  13   8   0   5   8   6   7   0   1  10   0   1   1  11   2   1   1   2  0.30 0.29
   41 A     6  -4  -5  -4   2  -5  -3  -2  -6  -4  -2  -4  -5  -4  -4   1  -2  -7  -6  -1   66   1   0   1   4   0   2   2   0   0   4   1   0   1   1  11   2   0   0   4  1.29 0.77
   42 A     6  -6  -6  -6  -2  -5  -6  -5  -6  -2   1  -5  -1  -2  -4  -3  -5  -7  -6  -1   75   0   0   0   1   0   0   0   0   2  12   0   1   2   1   1   0   0   0   4  1.60 0.89
   43 K    -4   6  -2  -1  -6   2   0  -3   2  -2  -3   3  -3  -3  -5  -2  -4  -6  -1  -2    1  42   1   4   0   7   5   2   4   2   2  19   1   1   0   3   0   0   2   3  0.96 0.58
   44 E     1   1  -2   0  -4   2   3  -4  -2  -2   0   1   1  -3  -3   1   0  -4  -1  -1   11   7   1   4   0  11  22   0   1   2   9   7   3   1   1   9   5   0   2   4  0.27 0.27
   45 V     0  -5  -5  -6   0  -5  -6  -6  -6   0   5  -4   0   3  -6  -5  -1  -5  -4   2    7   0   1   0   2   0   0   0   0   3  50   1   2  14   0   0   3   0   0  16  0.97 0.55
   46 F    -1  -2  -2  -2   2  -2  -4  -3  -4   1   2  -4   3   5  -4   0  -3  -3   1   0    6   2   2   2   4   1   0   1   0   7  22   0   8  22   1   9   0   0   5   6  0.46 0.33
   47 V    -1   2   2   1  -2   1   2  -3  -2  -3  -2   3   0  -2  -3   1   0  -5  -3  -1    4  10  11   8   1   5  14   1   1   1   4  16   2   2   0   9   6   0   1   4  0.29 0.26
   48 K    -1   5  -1  -3  -5   1  -1  -5  -2  -3  -1   3   2  -4  -3   0  -2  -2  -4  -2    5  36   2   1   0   6   3   0   1   1   5  18   4   1   1   8   2   0   0   3  0.71 0.47
   49 I    -1  -5  -1  -5  -2  -5  -5  -5  -5   3   4  -4   4  -1  -5  -3  -3  -5   0   3    4   0   3   0   1   0   0   0   0  16  34   1  10   2   0   1   1   0   3  23  0.80 0.47
   50 P    -2  -2   0  -3   1  -1  -1  -5  -1  -2  -5   0  -5  -6   7   0  -2  -6  -5  -3    3   3   4   1   2   3   5   1   2   3   1   6   0   0  54   7   2   0   0   2  1.31 0.69
   51 Q     1  -2   1   0  -3   1   0   0  -2  -1  -1   0  -1   1   0   2   0  -3   0   0   10   1   6   4   0   7   7   7   0   2   7   4   1   6   4  17   4   0   3   9  0.08 0.13
   52 D    -2   0   0   6  -5  -1   3  -1  -4  -4  -5  -2  -2  -4  -2   1  -2  -2  -3  -5    3   5   3  39   0   2  19   6   0   1   1   2   1   1   2  11   2   1   1   0  0.84 0.51
   53 S    -1  -1  -1  -1  -1  -1  -1  -2   0   1   1  -1   1  -1  -3   2   1  -3   0   1    4   3   2   3   1   2   4   2   2   9  11   4   4   2   0  22   9   0   3  11  0.15 0.19
   54 I    -3  -5  -2  -3  -3  -3  -2  -6  -5   5   3  -5   3  -2  -5  -3  -1  -5  -1   2    2   0   2   2   0   1   3   0   0  30  31   0   6   1   0   2   4   0   2  14  0.79 0.46
   55 A     2   0   0   2  -1   1   1   0  -1   0  -1  -2   0  -4  -2   2   0  -4  -3  -2   20   6   4  10   1   6   8   5   1   6   5   1   3   0   1  14   4   0   1   2  0.17 0.21
   56 E    -1   1   0   1  -4   2   2  -2   0  -2  -1   0  -2   0  -2   2   0  -4  -2   0    3   8   3   8   0  12  13   2   2   2   5   6   1   4   1  15   5   0   1   9  0.18 0.21
   57 I     0  -2  -2  -3  -2   1  -2  -2  -1   4   1  -2   1   0  -4  -1   0  -4  -2   2    7   2   2   1   0   8   2   3   1  27  15   2   3   4   0   3   7   0   1  11  0.30 0.26
   58 Y     0   0   0   2  -1  -1   0  -1   0   0  -1   0   0  -1   0   1   0  -3   2  -1    5   6   5  12   1   2   5   5   2   6   6   5   3   2   4  12   4   0   8   4  0.06 0.10
   59 L    -1  -1   0   1  -3   0   2  -2   1   1   2   0   1  -2  -3   1   0  -4  -2  -1    3   2   5   7   0   3  13   2   3   7  22   4   3   1   1  12   6   0   1   4  0.16 0.21
   60 P    -1  -3   0  -1  -5   1   1   0  -2   0  -1  -3   0  -3   5   0  -3  -6  -3  -1    6   1   5   3   0   6  10   8   1   5   5   1   2   1  31   7   1   0   1   4  0.53 0.41
   61 A     1  -1  -1   0   0   1   2  -2   1  -1  -2   1  -1  -1   1   1   0   1  -3  -2   12   3   3   6   2   6  16   2   4   5   2   7   2   3   6  13   4   2   0   2  0.17 0.21
   62 E    -1   1   0   2  -5   1   4  -2  -1  -4  -1   0   0  -2   0   1  -1  -1  -4  -3    4   6   4  13   0   5  27   3   1   1   5   6   2   2   5  10   3   1   0   2  0.38 0.34
   63 D    -1  -1  -1   4   0   0   2   0   0   0  -2  -2   1  -3   1  -1   0  -5  -3  -1    5   4   3  21   2   3  16   6   2   6   4   2   4   1   7   5   5   0   1   5  0.24 0.24
   64 D     0  -1  -1   5  -5   0   4  -3  -1  -3  -4  -2  -2  -6  -3   1   1  -2  -3  -2    7   3   2  28   0   4  25   1   2   1   2   2   1   0   1   8   8   1   1   3  0.66 0.49
   65 N    -1  -1   3   3   1   1   1  -2  -3  -1  -2   0  -2  -3  -4   1   0  -5  -3  -2    5   3  16  17   3   6  10   2   0   3   4   5   1   1   0  13   7   0   1   2  0.33 0.30
   66 A     2  -1   0   0  -1   0   1   0  -2   1  -1  -1  -2  -3   1   1   0  -2  -2   0   23   2   3   4   1   3   9   5   1   8   6   3   1   1   6  12   6   0   1   6  0.14 0.18
   67 I    -1  -1  -2  -1  -3  -3  -1   0  -1   4   0  -1   2   0  -4  -1   0  -4  -2   1    6   3   1   3   0   0   4   7   2  28   8   3   6   3   1   4   7   0   1  11  0.27 0.24
   68 R    -1   4   0   2  -4   1   1  -4   0  -3  -3   3  -2  -4   0   0  -1  -4  -4  -2    4  22   4  10   0   7   9   1   2   1   3  17   1   0   4   8   3   0   0   3  0.43 0.33
   69 E    -3   0  -1  -1  -6  -2   7  -3  -2  -6  -4  -2  -5  -6  -2  -2  -2  -1  -3  -5    2   5   3   3   0   1  67   3   1   0   2   2   0   0   2   4   3   1   1   1  1.48 0.83
   70 H    -4  -1   0  -2  -5  -2  -1  -2   6   0   0  -4  -3   4  -3  -1  -3   3   5  -2    1   3   4   2   0   2   3   3  18   7   8   1   0  17   2   6   1   4  17   2  0.68 0.43
   71 L    -2   1  -1   0  -4   0   0  -4  -2   0   3  -1   2   0  -2  -1  -2   5  -2   0    3   7   3   6   0   4   7   1   1   6  28   4   6   4   2   5   2   8   1   5  0.28 0.24
   72 C     1  -2   1   1   6   1   0  -1   3  -4  -2  -3  -3  -1  -2   2   0  -4  -4  -4    9   1   8   8  18   6   7   5   6   1   4   1   0   2   2  14   6   0   0   1  0.46 0.34
   73 I    -3  -1  -1  -2  -4  -2  -3  -4   2   2   0  -2   0   2  -2  -1  -3   6   6  -2    1   4   3   3   0   1   2   2   5  12   9   2   3   7   2   5   1  11  24   3  0.67 0.41
   74 R    -1   4  -2   0   0   2   1  -3   1  -3  -2   2   1   0  -3  -1   0  -4   0  -2    5  20   1   5   2  10  10   1   3   1   3  12   3   5   1   3   6   0   3   3  0.32 0.28
   75 A     2   0   2   0   1   0   0  -1  -1  -1  -1  -1  -2  -2  -2   1   1  -2  -1  -1   19   4   9   6   3   4   7   4   1   4   7   4   0   1   1  10   8   1   3   3  0.11 0.15
   76 Y     0  -3  -4  -2  -2  -1  -3  -3  -1  -3   2  -4   1   3  -1  -2  -4  -3   6  -2    8   2   1   3   1   3   2   2   2   1  23   1   3  11   4   3   0   0  29   2  0.71 0.48
   77 L    -3  -2  -5  -3   2  -2  -1  -3  -3   2   4  -4   2   2  -3  -1  -1  -4  -1   1    2   2   0   2   4   1   5   2   1  11  38   0   5   8   1   5   5   0   2   8  0.47 0.34
   78 E     1   0   1   3  -5   2   3  -3   2  -3  -3  -1  -2  -3  -1   0  -1  -1  -4  -2   11   5   7  15   0  10  21   1   4   2   2   3   1   1   3   8   3   1   0   2  0.38 0.33
   79 A     4  -2  -3  -1  -1  -4  -1   2  -2  -1  -2  -2  -4  -1  -3   1  -2   0   2  -2   38   2   1   3   2   0   4  13   1   4   4   3   0   2   1  11   1   1   8   2  0.50 0.42
   80 H    -1   1  -1   0   0   0  -2  -2   3   0   1  -2  -1   2  -1  -1   0   2   1   0    4   9   2   6   2   5   1   3   9   7  17   1   1   8   3   5   6   3   4   5  0.12 0.16
   81 E     0  -1   1   3  -5   3   3  -1  -2  -3  -3   1  -1  -3  -2   0  -1  -5  -4  -2    7   3   6  18   0  12  18   4   1   1   3   7   2   1   2   8   4   0   0   3  0.37 0.33
   82 T     1   2  -1   0  -3   1  -1   1  -2  -1   0   0   0   1  -1   1   0  -4  -3  -2   14  10   2   6   0   7   3  11   1   3   8   4   3   8   2  10   6   0   0   1  0.12 0.17
   83 F    -3  -4  -4  -4  -3  -1  -2  -4   1   1  -1  -4   0   6  -1  -1  -2   0   5  -2    3   1   1   1   0   3   3   1   4   8   7   1   2  34   3   5   3   1  18   2  0.87 0.53
   84 N     1   0   3   3  -2  -1   2  -1   0  -2  -2   0   0  -4  -4   0  -2  -1  -2  -1   12   4  15  14   1   2  15   5   3   2   4   6   2   0   0   7   2   1   2   5  0.27 0.26
   85 E    -1  -1   0   2  -2   2   5  -5   1   0  -2  -1  -4  -2  -2   0  -2  -5  -4  -1    5   3   4   9   1   8  34   0   3   7   5   4   0   2   2   6   1   0   0   6  0.47 0.39
   86 W    -4  -3  -7  -3   1  -1  -3  -1  -6  -3   1  -4  -2   0  -5  -2  -4  11  -1  -3    2   2   0   2   3   4   2   4   0   1  15   2   1   4   1   3   1  50   2   2  2.05 1.00
   87 F     0   1   0  -1  -1  -1   0  -2  -1  -1  -1   0  -2   3  -2   0   0   2   1   0    9   8   4   4   1   2   7   3   1   2   6   6   0  17   1   8   5   3   5   8  0.13 0.16
   88 K    -1   2   1   0  -2   2   1  -3   0  -2  -2   3  -2  -4  -2   1   0  -4  -2  -1    5  11   7   5   1   9   8   1   2   2   5  16   1   0   1  12   7   0   1   5  0.24 0.24
   89 H    -2   0   0  -3  -1   2  -2  -2   4   0   2  -2  -2   1  -2  -1   0   0   1  -1    2   4   5   1   1  11   2   3  12   4  25   2   0   5   2   4   5   1   5   4  0.29 0.27
   90 M     0  -1  -3  -2  -3   0  -1  -1  -2   1   1  -1   3   1  -2   0  -1  -1   2   1    7   4   0   2   0   5   5   6   1   8  17   2   8   7   1   8   2   1   9   8  0.13 0.15
   91 N    -1   2   3   0  -2   2   0  -2   4  -3  -3   1  -2  -2  -3   1  -1  -1  -2  -2    6  12  14   5   1   9   6   3   9   1   2   9   1   2   1  12   3   1   1   2  0.33 0.27
   92 S     0   1   2   1  -1  -1   0  -1   1  -1  -2   0   1  -2  -1   2   1  -4  -3   0    7   7  11   7   1   2   5   5   3   3   4   4   5   1   3  17   8   0   0   6  0.14 0.17
   93 V     0   0  -1  -1   0   0   0   0   0   0   0   0   1  -1   1   0   0   0   0   1    9   5   3   2   2   3   7   6   3   4   8   7   6   2   6   6   4   1   4  12  0.02 0.05
   94 P    -1   2  -1  -1  -4   0   1  -2  -3  -2  -2   0   0  -1   5  -1   1   2  -3  -1    5  11   3   3   0   4   8   3   0   2   4   6   2   3  26   5   8   3   0   4  0.41 0.30
   95 Q     0  -1   1   1   1   2   1  -2   0  -1  -2   1  -1  -2   2   1   1  -3  -2  -2    7   3   6   6   3  11   9   2   3   4   4   7   1   2   9   9  10   0   1   3  0.16 0.16
   96 K    -1   0  -1  -1   1   1   0   0  -2   0   1   1   0  -2   0  -1  -1  -3  -1  -1    5   5   3   3   3   7   7   7   0   7  18  11   3   1   5   4   3   0   2   4  0.07 0.10
   97 P    -1  -2  -1   1  -4   1   2  -2   0  -2  -2  -1  -2  -4   5   1  -1  -4  -1  -1    4   2   3   8   0   7  15   3   2   3   4   3   1   1  25   9   3   0   2   4  0.45 0.33
   98 A     1  -1   0  -1   2   0   1   0  -1  -2  -1  -1   0  -2   1   1   1  -3  -1   0   13   4   4   2   4   3  12   7   1   2   6   4   3   1   7   9  11   0   2   6  0.10 0.12
   99 L     1  -1  -1  -1  -1   0   0  -2  -2   0   3  -1   0  -1   0  -1  -1   0  -2   0   11   4   3   3   1   4   7   3   1   5  30   3   2   2   4   4   3   1   1   5  0.14 0.15
  100 I     0   0   0  -1  -2  -1   0  -2  -1   2   0   0   0  -2   1   1   1   1  -2   1   10   4   4   4   0   2   6   2   1  14   8   5   2   1   8  10   8   2   1   8  0.08 0.10
  101 P     1   0  -1   1  -1   0   0   0  -2  -1   0   0   0  -2   3   1   1  -3  -3  -1   10   5   2   7   1   4   6   6   1   3   9   5   2   2  13  12   8   0   1   4  0.13 0.13
  102 Q     1   1   0   0  -2   2   1   0  -1  -2  -1   0   0  -1  -1   0   0   0  -1  -2   14   7   5   5   1  12   9   7   1   2   6   6   2   3   3   5   5   1   2   2  0.09 0.11
  103 P     1   0  -1   1  -3  -1   0   0  -2  -1   0  -1   1   1   1   1  -1  -3  -1  -1   14   4   3  10   0   2   7   6   0   3   8   2   5   6   6  14   3   0   1   5  0.10 0.13
  104 T     0   0   2   2  -1   0   0  -2   0  -1  -1   0  -1   0   0   1   1  -3  -1   0    8   4  11  10   1   3   5   2   2   2   5   6   1   4   4  12  10   0   2   6  0.10 0.12
  105 F     0   1  -2  -1  -3  -1   0  -1  -2  -1   1  -2  -2   4  -2   0   0   2   2  -1   10   7   1   4   0   2   6   4   0   4  12   2   0  21   1   7   5   3   6   3  0.23 0.20
  106 T     1  -1   0   0  -3  -1   0   0  -2   0   0  -1   1   0  -3   1   3  -3  -2   0   11   4   5   4   0   3   5   7   1   5   9   4   5   4   1   8  19   0   0   5  0.12 0.15
  107 E     0   0  -1   1  -4   2   5  -2  -3  -2  -2   0  -4  -2  -3  -1  -1  -4  -4  -3    7   5   2   6   0  10  41   3   0   2   4   5   0   2   1   5   4   0   0   2  0.63 0.44
  108 K     0   3  -1  -2  -1   1   0  -2  -1  -2  -1   3  -3  -3  -2   0   0  -1  -2  -1    8  19   2   2   1   6   6   2   1   2   7  19   0   1   2   6   7   1   1   5  0.27 0.24
  109 V     0  -3  -4  -2  -1  -1  -1  -3  -3   1   2  -2   2   1  -4  -1  -2   2   0   3    8   1   0   2   1   2   5   2   0   7  22   2   5   5   1   5   2   3   3  23  0.30 0.25
  110 A     4  -2  -1  -1  -1   0  -2   0  -2  -2  -1   0  -2   0  -3   1   0   0  -1   0   33   2   3   4   1   5   1   6   1   1   5   5   1   4   1  12   5   1   3   6  0.28 0.27
  111 H     0   0   0  -1  -2   0   0  -1   3   0   0  -1   0   0  -1   0  -1  -1   2  -1    9   6   5   3   1   4   7   4  10   5   8   3   2   4   2   8   4   1  10   4  0.08 0.11
  112 E    -1   0   0   1   2   2   4  -2  -3  -1   0   0  -3  -2  -2  -1  -2   0   1  -1    6   5   3   7   4   7  30   2   0   3   8   5   0   2   2   3   2   1   5   4  0.31 0.28
  113 H     0   1  -1  -2  -4   2   1  -3   5  -1   0  -1   1  -1   1   0  -1   0   0  -1    8   8   2   1   0  12   8   1  14   3   8   3   3   2   6   6   3   1   3   5  0.23 0.23
  114 K     1   2   0  -1  -2   1   1  -1  -1  -1  -2   3  -2  -2  -2   0  -1  -4  -3  -1   12  13   4   3   1   6  10   3   1   4   4  20   1   2   1   7   3   0   0   3  0.24 0.22
  115 E    -1   0   0   0   0   1   3  -1   0  -1   1   1   0  -2  -2   0  -1  -3  -1   0    3   4   3   5   2   7  22   4   2   3  13   9   3   2   1   5   4   0   1   6  0.15 0.18
  116 K    -1   0   0   0  -4   2   2  -1   0  -2  -1   2  -1  -4  -2   0   1  -4  -2  -1    5   5   3   5   0  10  16   5   3   2   5  16   1   0   2   4  11   0   1   4  0.23 0.23
  117 K     1   1   0   0  -1   2   1  -1  -2  -1  -1   1   0  -2  -2   0   0  -3  -1   0   11   7   5   4   1  10  11   5   0   2   7   9   2   1   1   5   6   0   2   9  0.08 0.12
  118 Y     0  -1   0  -1  -3  -1  -2  -1   2  -2  -2  -1  -3   2   0   1   1   1   4  -1    8   3   4   4   0   2   2   4   6   2   4   4   0   8   6  13   8   2  16   4  0.21 0.22
  119 E     0   1   1   0  -4   1   2  -2   0  -2  -1   2   0   0   0   0  -1  -4  -3  -1    8   9   6   4   0   7  17   3   2   2   7  13   2   4   4   7   3   0   0   4  0.16 0.18
  120 M     0   0   0  -1  -1  -1   0  -2  -1   0   1   0   4  -2  -1   0   2  -1  -3   1    7   4   5   4   1   3   5   2   1   4  13   5  12   1   2   7  13   1   0   9  0.13 0.18
  121 D    -1   0   2   3  -4   0   3  -2   0  -3  -1   1   0  -4  -2   1  -1  -4  -1  -2    5   6   9  15   0   3  20   3   2   1   5   9   3   0   1  10   3   0   2   2  0.29 0.27
  122 F    -1   3  -1  -2   0   0  -2  -3   1   0   2   0   1   0  -1  -2  -1  -1   2  -1    4  16   3   2   2   4   2   2   3   4  21   7   4   3   3   2   3   1  10   5  0.17 0.20
  123 G     0   0  -1   1  -2   1   3   0   1  -3  -1   0   2  -2  -2   0   1  -4  -2  -2    6   6   2   8   1   6  21   6   4   0   5   5   6   2   2   7   8   0   1   3  0.20 0.23
  124 I     0   3   1   0  -1   1   1  -2  -3   0  -1   0   1   1  -3  -1   0  -4  -2  -1   10  21   6   5   1   6   8   2   0   7   5   5   5   6   0   3   5   0   1   3  0.19 0.21
  125 W    -2   0  -3  -1  -6  -2  -3  -6   2  -2  -1  -3  -5   0  -6  -3  -1  11   1  -3    3   5   1   4   0   2   2   0   4   3   7   2   0   3   0   2   4  49   4   2  1.90 0.92
  126 K     0   2   0  -2  -1   1   1  -1   0  -1  -1   3  -2  -4  -2   1   0  -4  -3   0    8  10   3   1   1   8  11   5   2   3   5  20   0   0   1   9   4   0   0   7  0.21 0.21
  127 G     0   0   1   1  -1   1   0   1   3  -2  -2   2  -2  -2  -1   1   1  -4  -2  -3    7   4   6   7   1   7   6  11   8   3   3  12   1   1   2  11   7   0   1   1  0.17 0.18
  128 H     0   0   1   0  -2   0   1  -2   1  -2  -2   1  -1   0  -2   1   2   5  -2  -1    9   5   7   4   1   4   9   1   4   1   4   9   1   4   1  11  12   8   0   5  0.20 0.21
  129 L    -2  -1  -1  -3   0  -3  -3  -3  -2   1   4  -1   2  -1  -4  -1  -1  -4   0   2    3   3   4   1   2   0   1   2   1   8  37   4   6   2   0   5   3   0   4  13  0.37 0.29
  130 D    -1   1   0   3  -4   3   2  -2  -1   0  -2   2  -2  -4  -2   0  -1  -2  -4  -2    3   6   3  15   0  13  12   3   1   6   4  15   1   0   2   8   4   1   0   3  0.29 0.27
  131 A     2  -1   1   2  -4   0   2  -1   2  -2  -2  -1  -3  -3  -2   1   0  -5  -2  -3   21   3   5  11   0   4  15   5   5   2   4   2   0   1   2  12   6   0   1   1  0.28 0.28
  132 L    -1  -3  -1  -3  -1   1  -2  -2   2   1   3  -2   0   0  -3  -1  -2  -3   4   0    6   1   2   2   1   8   2   3   4   6  31   2   1   3   1   6   1   0  14   7  0.33 0.30
  133 T     0   0  -2   0   1  -1   0  -1  -3   0  -1   1  -2  -1  -3   2   3  -3  -1   0    7   5   0   4   3   2   6   5   0   7   7   7   0   2   0  17  20   0   2   6  0.15 0.20
  134 A     0   2   0   2  -3   2   2  -2   1  -1  -2   2  -2  -2  -3   1   0  -4  -1  -2    8  11   5  10   0   9  13   2   3   3   4  11   0   2   0   8   5   0   2   2  0.19 0.18
  135 D     0   0   1   2   0   1   1  -1   0  -1   0   0   0  -1  -1   0   0  -3  -1  -1    9   5   5  17   3   7   9   3   2   3   8   5   2   3   2   6   5   0   2   5  0.09 0.11
  136 V     0   1   1  -2   2   1  -1  -2  -1   0   0   0   1   1  -2   0   0  -2   1   0    7   7   7   0   7   7   0   0   0   7   7   7   7   7   0   7   7   0   7   7  0.07 0.12
  137 K    -1   0   0   1  -1   1   1  -2   2   0  -1   2   0  -1  -2   0   0   2   0   0    2   3   4   8   1   6   8   2   5   7   6  19   3   3   1   5   4   3   2   8  0.11 0.15
  138 E    -1   0   0   2  -5   3   4  -2  -1  -3  -4   2  -3  -3  -2  -1  -1  -5  -3  -4    6   5   4   9   0  13  30   3   1   1   2  14   1   1   1   4   3   0   1   1  0.53 0.39
  139 K     2   0  -2  -2   1   1  -1  -1   0  -1   0   2   1  -1  -3   1   0  -3   0  -1   19   3   1   1   4   7   4   4   2   2  12  15   4   2   0   9   5   0   3   3  0.14 0.19
  140 M    -1   1  -2  -3  -1  -3  -3  -2   0   2   3  -1   3   1  -4   0   0  -3  -1   1    5   8   1   1   1   0   0   2   3  14  26   3   7   5   0   6   7   0   2   8  0.24 0.22
  141 Y    -1   0   0   2  -3   0   1  -3  -1  -1  -1   1   0   1  -3   0   0  -3   3   0    3   5   4  14   0   3  11   1   1   3   6  10   2   7   0   7   4   0  11   6  0.16 0.18
  142 N     1  -2   4   1   0   1   1   0  -1  -2  -1  -1  -2  -2   0   0   0  -4  -3  -1   11   2  23   6   2   5   9   7   2   2   6   3   1   1   5   7   5   0   0   4  0.22 0.22
  143 V    -1  -3  -2  -1  -1  -3  -2  -3   0   3   2  -3   0   0  -1  -2   1  -4  -2   3    4   0   2   3   1   0   3   1   3  14  19   1   2   4   4   3   9   0   1  25  0.30 0.24
  144 L    -3  -1  -2  -5  -4  -1  -3  -3  -2   1   5  -1   2   0  -2  -2   0  -4  -2  -1    1   3   2   0   0   3   2   2   1   8  52   4   4   3   2   3   5   0   1   3  0.58 0.40
  145 L     0   2  -1   1  -3   0   1  -2  -1  -1   1   1   0  -2   0   0   1  -3  -2   0    6  11   2   7   0   4   9   2   1   2  16   9   2   1   4   8   8   0   0   6  0.09 0.12
  146 F    -1  -1  -1  -3  -1  -1  -2  -2   2   0   2  -1   0   4   0  -2  -2   2   2   0    3   4   3   1   2   2   3   3   6   5  19   4   2  20   5   2   2   3   6   7  0.23 0.17
  147 V    -2  -1  -3  -2  -2  -2  -2  -3  -3   2   3  -1   1   1   2  -2  -1  -2  -1   1    3   3   1   2   0   2   2   2   1  11  31   3   3   5  11   2   3   0   2  12  0.28 0.19
  148 D    -2   0   1   3  -1   1   2  -2   2  -1  -1   1  -1  -1  -2   0   1  -3  -1  -1    2   3   5  16   2   5  13   3   5   3   7   9   1   2   1   6  11   0   2   4  0.16 0.15
  149 G     1  -1   0   0  -3  -1  -1   2   1  -2  -2   1  -1  -3   1   1   1  -3  -1  -2   12   3   4   5   0   3   3  19   3   2   3  10   1   1   8   9  10   0   2   2  0.19 0.17
  150 G    -2  -1   2   2  -1  -1   2   3  -1  -4  -3   0  -1  -3   0   0  -1   0  -4  -3    1   3   8  13   1   2  14  27   1   0   2   4   1   1   4   7   4   1   0   2  0.38 0.29
  151 W    -6  -6  -7  -3  -6  -6  -3  -6  -6  -4  -2  -7   0   3  -7  -4  -2  12  -1  -6    0   0   0   2   0   0   2   0   0   1   4   0   2  12   0   2   3  67   2   0  3.19 1.26
  152 M    -4  -5  -2  -5  -1  -2  -1  -4  -5  -2   6  -5   4  -1  -5  -3  -3  -5  -1  -2    0   0   3   0   1   2   4   1   0   1  66   0  10   2   0   3   2   0   2   2  1.15 0.63
  153 V    -1  -3  -3  -2   0   0  -1  -1   0   1   1   0   0  -1  -1  -1   0  -4  -1   3    3   1   1   1   2   5   3   4   2   9  16   5   2   2   3   5   7   0   2  28  0.21 0.21
  154 D    -2  -2  -1   5  -2   0   0  -1   0  -3  -1  -1  -1  -2   3  -1  -1  -4  -1   0    2   2   3  31   1   4   6   5   2   1   6   3   1   2  15   4   5   0   2   6  0.45 0.33
  155 V     0  -3  -1   0   1   0   1  -1  -2  -1   1  -1   0  -2   3   1  -1  -4  -2   0    6   0   2   5   3   4  10   5   1   3  19   2   2   1  14  11   3   0   1   6  0.17 0.19
  156 R     0   0   0   0   2   0   0  -1  -2   0  -1   0   1   0   0   0   0   3   1   0    5   5   5   5   5   5   5   5   0   5   5   5   5   5   5   5   5   5   5   5  0.05 0.08
  157 E    -1   0   1   2  -3   1   1  -1   1   0   0   0   0   0   0   0   0  -3   0  -1    5   4   8  13   0   5  11   4   4   5   9   4   3   4   3   7   4   0   3   4  0.09 0.11
  158 D    -2   0   1   4  -4   0   2   0   1  -2  -3  -1  -2  -2   1   1  -1  -5  -2  -2    3   6   5  24   0   3  13   8   3   2   2   3   1   2   7  11   3   0   1   3  0.31 0.28
  159 A     1  -1   0   1  -3  -1   0   1   1  -1  -1   0  -1  -3   1   1   1  -3  -1  -1   13   3   3   9   0   2   6  10   3   4   5   6   1   0   7  11  10   0   2   5  0.11 0.13
  160 K    -1  -1   1   2   0   0   3   0   0  -3  -2   0  -3   0   0   0   0  -4  -1  -2    5   2   7  14   2   3  21   8   2   0   5   6   0   4   5   5   6   0   2   3  0.20 0.21
  161 E     0  -1   1   2  -4   1   3  -1   0  -2  -2   0   0  -4   1   0   0  -4  -1  -1    6   2   5  10   0   7  25   4   2   3   3   4   3   0   7   6   7   0   2   4  0.26 0.26
  162 D     0  -1   1   5   0  -1   2   0   2  -2  -3  -1  -1  -4   1  -1  -1  -5  -4  -3    8   3   7  32   2   2  11   6   5   2   2   3   2   0   6   3   3   0   0   2  0.45 0.34
  163 H    -1   0   1   2  -4   0   3  -1   2  -1  -2   0  -3  -1   1   0   0   2   0  -2    4   5   6  11   0   2  22   3   5   3   2   4   0   2   7   8   4   3   3   3  0.23 0.23
  164 E     0   2   0   0  -3   1   3  -1   2  -2  -2   0  -1  -3   0   0  -1   0  -1  -2    9  14   5   4   0   6  19   4   5   3   4   4   2   0   4   8   4   2   2   3  0.18 0.19
  165 R    -2   6  -1   1  -4  -1   1  -2  -3  -1  -2   0   0  -4  -1  -2  -1  -4   0  -2    3  44   2   7   0   2   9   3   0   5   3   4   3   0   3   3   3   0   3   2  0.64 0.43
  166 T     0   1  -1   0  -2   1   0  -1   0   0  -1   1  -1  -1  -1   1   0  -2   0   0   10  10   2   6   0   9   5   3   2   6   6   7   1   2   2  12   6   0   4   8  0.07 0.08
  167 H     0   1  -1   0  -3   1   1  -3   3  -1   0   2   0  -1  -2  -1  -1  -3  -1   0    8   7   2   5   0   7  10   1   9   2  13  13   3   2   2   3   2   0   2   9  0.13 0.12
  168 Q    -2  -2  -3   0  -2   5   4  -4  -1  -1  -2   0  -1  -4  -3   0  -2  -4  -4  -3    3   1   1   5   1  32  33   1   1   5   3   3   1   0   1   6   2   0   0   2  0.83 0.43
  169 M    -3  -2  -4  -5  -1  -1  -4  -5  -4   1   4  -4   6   2  -4  -1  -3  -4  -2   0    1   3   0   0   1   3   1   1   0   7  45   0  19   7   0   5   0   0   1   5  0.80 0.39
  170 V     0   1   1   0  -3   1   2  -1   1   0  -2   1   0   0  -3  -1  -1  -3   1  -1    8   7   6   4   0   7  18   3   4   8   2   7   2   4   0   3   4   0   6   4  0.13 0.12
  171 L     1   2   0   0  -3   0   2  -2   0   0   0   1  -1  -1  -3   0  -1  -3  -2  -1   12  16   3   6   0   3  16   2   3   5  10   7   1   2   0   5   3   0   1   4  0.15 0.14
  172 L    -4  -2  -6  -6  -4  -5  -5  -6  -5   6   4  -5   0  -1  -5  -5  -4  -5  -4   0    0   3   0   0   0   0   0   0   0  46  41   0   1   2   0   0   0   0   0   3  1.29 0.53
  173 R    -4   7  -3  -4  -5  -2  -3  -2  -3  -4  -4   1   0  -5  -4  -3  -3  -5  -4  -1    0  78   0   0   0   0   0   3   0   0   1   6   3   0   0   0   0   0   0   6  1.58 0.47
  174 K    -1   1   0   0  -1   3   3  -2   0  -2  -3   1  -1  -4  -3   1  -1  -4  -3   0    4   9   4   5   2  18  19   2   2   1   1   8   1   0   0  15   2   0   0   8  0.29 0.17
  175 L    -1   1  -3  -3   1  -1  -2  -4  -1   2   2   0   0   0  -3  -1   2   0  -1   0    6  11   0   0   3   3   1   0   1  16  26   5   2   3   0   1  16   1   1   3  0.20 0.15
  176 C    -4  -2  -5  -6   7  -4  -5  -2   0  -1  -2  -5  -3   3  -6  -4  -2  -2   7  -1    0   2   0   0  28   0   0   3   2   2   2   0   0  11   0   0   2   0  44   3  1.46 0.45
  177 L    -2  -4  -5  -5  -3  -4  -5  -5  -4   5   3  -4   2  -2  -5  -4  -1  -4   1   2    3   0   0   0   0   0   0   0   0  41  28   0   5   0   0   0   4   0   6  12  0.77 0.29
  178 P     0  -1  -5  -5  -6  -4  -4  -5  -5  -6  -6  -4  -5  -7   8  -1  -1  -7  -6  -5    6   4   0   0   0   0   0   0   0   0   0   0   0   0  82   4   5   0   0   0  2.33 0.59
  179 M    -1  -1   1   1  -4   1   4  -2   1  -2  -1  -1   0  -1   0  -1  -2  -3   1  -3    5   3   8   9   0   4  35   2   3   3   5   2   3   3   4   3   1   0   7   1  0.33 0.20
  180 L     0  -4  -4  -5   1  -4  -4  -4  -4   2   4  -4   3  -1  -4  -1   1   1  -3   2    7   0   0   0   3   0   0   0   0  14  41   0   7   2   0   3  10   2   0  12  0.52 0.24
  181 C    -1  -5  -5  -6   4  -5  -5  -4  -5   4   1  -5  -2   2  -5  -2   0  -5  -3   4    5   0   0   0   9   0   0   1   0  27   9   0   0   7   0   2   6   0   0  35  0.81 0.38
  182 F    -2  -2  -1  -3  -2  -4  -4  -5  -3   3   3  -3   3   4  -5  -2  -2  -3  -2   0    2   2   3   1   1   0   1   0   1  15  31   1   8  23   0   3   1   0   0   6  0.58 0.31
  183 L     1   3   0  -1  -2  -1   1  -2  -3  -2   2  -1   3  -2  -4   0   0   0  -3  -1   14  16   4   4   1   2   8   1   0   0  23   1   9   0   0   7   5   1   0   2  0.23 0.22
  184 L    -3  -5  -6  -7   0  -5  -6  -6  -1   0   5  -5   0  -1  -6  -4  -4   0   4  -1    2   0   0   0   2   0   0   0   2   3  69   0   1   2   0   1   0   1  15   2  1.24 0.52
  185 H    -4  -4  -1  -5   0  -2  -4  -6   9   0   0  -5   1  -1  -6  -5  -3  -5   2   1    1   0   3   0   2   2   0   0  54   5  11   0   4   3   0   0   1   0   5   9  1.55 0.60
  186 T    -1   2   2   1  -4   1   0  -1   2  -4  -4   1  -2  -2  -3   2   3  -2  -3  -3    3  11  10   8   0   6   5   4   5   0   1   9   1   2   0  16  19   0   0   1  0.32 0.23
  187 I     1  -4  -2  -1  -1  -2  -3  -2  -4   3   1  -3   2  -3  -4  -2   0  -5  -3   4   13   0   2   3   1   1   1   2   0  17   9   1   5   0   0   2   5   0   0  36  0.46 0.28
  188 L    -3  -5  -6  -6   1  -1  -5  -5  -1  -1   5  -5   3   0  -6  -5  -4  -4   3  -2    1   0   0   0   3   3   0   1   2   1  68   0   6   3   0   0   0   0  12   0  1.17 0.50
  189 H    -2  -2  -2  -2  -2   2  -2  -2   5   0  -1  -1   0   2  -4  -1   0  -3   4   2    1   0   0   2   1   9   2   3  18   4   6   4   3   7   0   3   6   0  15  15  0.39 0.27
  190 S    -1  -1   1   1  -3   0   3  -1  -1  -3  -2   0   1   1  -3   2   1  -4   0  -3    3   2   6   7   0   4  25   5   1   1   3   4   5   8   0  18   7   0   3   0  0.29 0.23
  191 T     3  -3   0  -3   2  -2  -3  -3  -4  -2  -3  -1   1  -4  -2   3   4  -5  -2  -2   27   1   3   0   5   2   0   1   0   1   1   3   3   0   1  24  25   0   1   1  0.62 0.37
  192 G     0   2   1  -1  -4   0   2   4  -1  -4  -5   0  -4  -5  -2   1  -2  -5  -4  -4    6  13   7   2   0   2  18  32   1   1   0   4   0   0   1  12   1   0   0   0  0.55 0.30
  193 Q    -2   2   3   3  -4   2   0  -3   2  -2   0   0   1  -2  -3  -1  -2  -4   0  -2    1  11  19  16   0   9   6   0   5   2  10   5   5   1   1   3   1   0   3   2  0.33 0.23
  194 Y    -1  -4  -4  -5  -4  -3  -3  -5   4   2   3  -4   0   2  -2  -4  -2   3   4  -1    6   0   0   0   0   1   1   0  11  14  30   0   1   7   2   0   2   3  17   3  0.58 0.32
  195 Q     0   0   1   0  -3   3   1  -2   0  -2  -1   2   0  -3  -1   0   1  -4  -3  -1    9   5   5   5   0  16   8   2   2   1   8  15   3   0   2   7   7   0   0   4  0.19 0.17
  196 E    -1   1  -1   1  -4   3   4  -1   2  -4  -2   2   0  -4  -3   0  -1  -2  -3  -4    4   7   1   6   0  13  29   5   6   0   3  13   3   0   0   7   3   0   0   0  0.44 0.26
  197 C     4  -5  -2  -3   8  -4  -4  -2  -5  -1  -4  -4  -4  -5  -4   2  -2  -5  -2  -1   33   0   2   1  37   0   0   2   0   3   0   0   0   0   0  14   2   0   1   3  1.26 0.52
  198 L    -2  -2  -5  -5  -4  -2  -5  -5  -2   2   4  -4   5   1  -4  -3  -2  -4  -1   2    3   2   0   0   0   1   0   0   1  11  38   0  20   5   0   1   2   0   2  12  0.70 0.35
  199 Q    -1   2   1   3  -5   3   3  -2  -1  -3  -4   1  -2  -5  -3  -1  -1  -5  -2  -3    4  11   7  15   0  17  23   2   1   1   1   8   1   0   0   4   2   0   1   2  0.49 0.29
  200 L    -4  -5  -6  -6  -4  -5  -2  -7  -6   2   6  -5   0   0  -6  -5  -2  -5  -2   0    0   0   0   0   0   0   3   0   0   8  77   0   1   3   0   0   2   0   1   5  1.30 0.54
  201 A     5  -4  -4  -4   1  -4  -4  -3  -4   0  -1  -4  -3  -4  -1   2   0  -5  -4   1   57   0   0   0   3   0   0   1   0   5   5   0   0   0   2  12   5   0   0  10  0.81 0.45
  202 D     0  -3   5   4  -2   0   0  -2  -3  -2  -4  -2  -1  -5  -1   1   1  -6  -4  -2    8   0  28  26   1   3   6   2   0   3   0   1   2   0   3   8   7   0   0   3  0.60 0.34
  203 M    -2  -2  -4  -3  -3   0   0  -4  -1   3   3  -3   1   0  -4  -3   0   1  -1   3    1   2   0   1   0   6   7   0   1  17  29   0   2   2   0   1   5   2   1  21  0.36 0.23
  204 V    -2  -5  -5  -6   0  -5  -5  -6  -5   4   1  -5   0  -3  -5  -4  -3  -5  -4   6    2   0   0   0   2   0   0   0   0  27  13   0   1   0   0   0   0   0   0  54  1.19 0.48
  205 S     6  -4  -4  -5  -1  -3  -4  -3  -1  -4  -4  -4   0  -5  -4   1  -2  -5  -5  -1   79   0   0   0   1   1   0   1   1   0   0   0   2   0   0   9   1   0   0   4  1.39 0.60
  206 S    -1  -3   3   5  -1  -2   2  -2  -1  -5  -5  -1  -3  -5  -4   3  -2  -5  -2  -5    3   1  13  36   1   1  11   2   1   0   0   2   0   0   0  24   1   0   2   0  0.80 0.39
  207 E    -2   0   0   3  -5  -1   5  -2  -1  -5  -5   0  -4  -5   0   1  -3  -5  -1  -3    2   4   4  14   0   1  49   3   1   0   0   4   0   0   5  10   0   0   2   1  0.81 0.42
  208 R    -1   3   1   2  -4   2   2  -1   2  -4  -3   1  -3  -4  -1   0   0  -4  -2  -3    3  18   7  10   0  12  15   4   6   0   2   7   0   0   2   6   7   0   1   1  0.34 0.21
  209 H    -3   0   1   0  -4  -1  -1  -3   5  -2  -1  -2  -3   1  -2   2  -2  -1   5  -3    0   6   6   7   0   2   3   1  16   2   7   2   0   5   2  15   1   1  25   1  0.51 0.31
  210 K    -1   2   0   2  -1   2   0   2  -2  -4  -2   4  -1  -4  -2  -1  -1  -4  -3  -3    3   9   3  13   2  11   3  15   0   0   4  28   1   0   1   3   3   0   0   1  0.39 0.24
  211 L    -3  -3  -4  -3  -4  -4  -5  -5  -5   3   5  -4  -1   1  -5  -4  -1   2  -2   1    0   1   1   2   0   0   0   0   0  17  55   0   0   6   0   0   4   2   1  10  0.83 0.38
  212 Y     0  -4  -4  -3  -4  -4  -4  -5   1  -4  -1  -3  -3   2  -5   0   1  -2   8  -2    9   0   0   2   0   0   0   0   3   0   7   1   0   6   0   7   9   0  54   2  1.22 0.53
  213 L    -1   1   0   1  -4   1   3  -3   1  -2   0   2   1  -2  -2   0  -1  -4  -3  -2    2   7   4   6   0   6  20   1   3   1  13  18   3   1   1   9   3   0   0   2  0.24 0.19
  214 V     1  -3  -1   2   4  -2   0  -2  -1  -1   1  -2  -1   0  -3   0   0  -4  -2   2   11   0   3  12  10   1   8   1   1   1  16   0   0   4   0   6   5   0   0  20  0.19 0.19
  215 F    -5  -5  -4  -6  -1  -6  -6  -6  -4  -1   1  -6  -3   8  -6  -5  -5  -2   2  -2    0   0   1   0   1   0   0   0   0   3  12   0   0  75   0   0   0   0   4   2  1.97 0.67
  216 S     0  -1   1   0  -3  -1  -1   0  -2   0  -2  -1  -1  -3  -1   3   1  -4  -3   1    6   3   8   5   0   2   2   7   1   5   3   3   1   0   3  29  11   0   0  13  0.21 0.20
  217 K     1   2   0  -1  -3   1   0  -2  -2  -4  -4   4  -3  -5  -1   1   1  -5  -3  -2   12  10   4   3   0   5   4   2   1   0   0  34   0   0   2  10   9   0   0   3  0.43 0.29
  218 E    -1   0   1   1  -2   1   2   3   2  -4  -4   0  -3  -4   1   1  -2  -4  -1  -3    4   3   7   6   1   7  13  25   6   0   0   5   0   0   7  11   1   0   2   1  0.35 0.22
  219 E    -3   5  -1   1  -6   3   2  -3   0  -5  -4   3  -4  -5  -2  -2  -2  -5  -4  -4    0  35   1   7   0  14  16   2   2   0   1  17   0   0   1   2   1   0   0   1  0.82 0.41
  220 L    -3  -5  -6  -6  -1  -4  -6  -3  -5   0   5  -4   7  -2  -6  -4  -4  -5  -3  -1    2   0   0   0   1   0   0   2   0   3  59   1  28   0   0   0   0   0   1   2  1.32 0.56
  221 R     1   3  -2   0   0   3   1  -1  -1  -3  -4   3  -2  -4  -1  -2  -1  -4  -4  -1   12  20   1   4   3  18   7   5   1   1   0  18   0   0   2   1   2   0   0   5  0.40 0.27
  222 K    -2   2  -1   1  -5   1   5  -3   0  -2  -4   1  -2  -5  -1   0  -1  -5  -4  -2    1  10   1   7   0   6  45   1   3   2   1   9   1   0   2   8   3   0   0   3  0.67 0.37
  223 L    -4  -5  -6  -6  -4  -5  -5  -6  -3   0   4  -5  -1   5  -6  -5  -3  -2   5   0    0   0   0   0   0   0   0   0   0   4  42   0   1  24   0   0   1   0  23   6  1.13 0.48
  224 L    -3  -5  -6  -6  -4  -5  -6  -6  -6   0   5  -5   4   0  -6  -5  -3  -5  -4   3    1   0   0   0   0   0   0   0   0   3  63   0  10   3   0   0   1   0   0  20  1.17 0.50
  225 Q     0   0   0   2  -4   2   2   0   1  -2  -2   1  -1  -3  -3   0   1  -4  -2  -2    5   5   3  15   0  13  13   8   3   1   3  11   1   0   0   6   8   0   1   3  0.24 0.17
  226 K     2   1  -2  -2   0   1   0  -2   1  -2   1   3   0  -3  -3   0  -2  -4  -3  -1   21   8   1   1   2   6   5   2   3   0  18  22   2   0   0   5   1   0   0   3  0.25 0.23
  227 L    -2  -4  -4  -5   1  -4  -3  -5  -5   3   3  -4   1   3  -5  -3  -2  -4  -2   3    3   0   1   0   3   0   1   0   0  17  30   0   4  14   0   1   1   0   0  27  0.65 0.32
  228 R     4   5  -2  -4   1   1  -2   0  -3  -3  -3   0  -3  -4  -4   0  -2  -5  -3  -4   37  35   1   0   3   5   1   5   0   1   1   3   0   0   0   5   2   0   0   0  0.75 0.41
  229 E     0   1  -1   1  -4   2   5  -3  -2  -3   0   1  -3  -4  -3   0  -2  -5  -2  -2    8   7   2   8   0   9  39   1   0   0   9   7   0   0   0   5   1   0   1   3  0.49 0.30
  230 S     3  -4  -3  -4   4  -3  -3  -3  -4  -3  -2  -3  -3  -4  -4   5   0  -5  -2   0   28   0   0   0   8   0   0   0   0   1   3   0   0   0   0  47   5   0   1   8  0.85 0.47
  231 S     2  -4  -3  -3  -3  -3  -2  -2  -1   0  -3  -3   0  -3  -4   6   0  -5   0  -1   14   0   0   0   0   0   1   2   2   5   1   0   2   1   0  62   3   0   3   4  0.89 0.49
  232 L    -3  -2  -3  -4  -3  -1  -3  -5  -4   3   4   2   1  -1  -4  -2  -1  -4  -2   1    1   1   1   0   0   2   1   0   0  16  45  17   3   1   0   1   2   0   1   8  0.54 0.31
  233 M     3   0  -2  -2  -1   0   1  -2   0   0   0   0   1  -2  -2   0  -1  -3  -1   0   31   5   0   1   1   4   9   2   2   5  11   6   5   1   1   6   2   0   2   5  0.15 0.17
  234 L     0  -4  -2  -5  -1  -4  -4   0  -2   0   5  -2   4  -2  -5  -2  -2  -4  -3   0    7   0   2   0   1   0   0   7   1   3  56   2  12   1   0   2   1   0   0   6  0.68 0.36
  235 L    -2  -4  -5  -5  -1  -2  -4  -5  -5   1   5  -4   5  -1  -5  -2  -3  -4  -3   1    3   0   0   0   1   2   1   0   0   5  59   0  14   2   0   3   1   0   0   9  0.87 0.39
  236 D    -2  -1   3   4  -5   1   4  -1  -2  -3  -5   1  -2  -5  -3   0  -2  -5  -4  -4    2   2  17  24   0   5  32   4   0   1   0   8   1   0   0   4   0   0   0   0  0.71 0.33
  237 Q     1   2   1  -1  -2   2   1   0   1  -1  -2   2  -2  -4  -2   1   1  -4  -3  -2   12  12   7   1   0  13   8   6   3   4   2  14   0   0   0   7  11   0   0   0  0.24 0.16
  238 G    -1   0   2  -2   1   1  -1   5   1  -5  -5   2  -4  -5  -4  -1  -1  -5  -4  -4    2   4  10   0   4   7   3  49   3   0   0  13   0   0   0   1   4   0   0   0  0.76 0.32
  239 L     0  -1  -2   0  -3   1   1   2  -2  -2   1   2  -1  -2  -1   0  -1  -3  -3  -2    7   2   0   5   0   9   8  21   0   0  16  18   1   2   1   5   3   0   0   1  0.18 0.15
  240 D    -4  -2   2   7  -6  -2  -1  -1  -1  -5  -6   2  -5  -6  -4  -2  -2  -6  -5  -5    0   1   7  70   0   0   1   4   1   0   0  12   0   0   0   2   2   0   0   0  1.38 0.45
  241 P     0  -4  -4  -4  -5  -4  -4  -4  -5  -2  -2  -2  -4  -5   8  -1  -3  -6  -5  -1    8   0   0   0   0   0   0   0   0   2   4   2   0   0  76   3   0   0   0   4  1.94 0.50
  242 L    -4  -4  -5  -5  -4  -4  -5  -5  -4  -1   4  -2  -1   5  -5  -4  -2   7   0  -2    0   0   0   0   0   0   0   0   0   0  49   3   0  30   0   0   2  15   1   0  1.03 0.33
  243 G    -1  -4  -2  -3  -4  -3  -2   7  -4  -5  -5  -3  -4  -5  -4  -2  -1  -4  -5  -5    3   0   0   0   0   0   3  91   0   0   0   0   0   0   0   0   3   0   0   0  1.66 0.37
  244 Y    -3  -2  -1  -4  -4  -2  -1  -4   0  -3  -3   1  -3   2  -4  -3  -1   0   8  -3    0   0   4   0   0   0   5   0   0   0   0  11   0   5   0   0   5   0  71   0  1.31 0.32
  245 E     0  -1  -1   1  -4   0   4  -3  -2  -4  -4   1  -3  -4   4   0  -1  -4  -3  -3    9   0   0   5   0   2  45   0   0   0   0   7   0   0  24   6   2   0   0   0  0.71 0.18
  246 I    -2  -3  -4  -4  -2  -3  -4  -5  -4   5   3  -3   1  -1  -4  -3  -2  -3  -2   2    0   0   0   0   0   0   0   0   0  50  38   0   2   0   0   1   0   0   0   9  0.61 0.14
  247 Q    -2   1   1   0  -4   5   4  -3   0  -4  -3   1  -2  -4  -2  -1  -1  -3  -2  -3    0   7   6   0   0  39  45   0   0   0   0   2   0   0   0   0   0   0   0   0  0.69 0.12

                      K         Lambda
Standard Ungapped    0.1365     0.3215
Standard Gapped      0.0473     0.2670
PSI Ungapped         0.1542     0.3132
PSI Gapped           0.0473     0.2670
