
Last position-specific scoring matrix computed, weighted observed percentages rounded down, information per position, and relative weight of gapless real matches to pseudocounts
            A   R   N   D   C   Q   E   G   H   I   L   K   M   F   P   S   T   W   Y   V   A   R   N   D   C   Q   E   G   H   I   L   K   M   F   P   S   T   W   Y   V
    1 R    -3   7  -3  -4  -6  -1  -2  -4  -2  -5  -4   3  -4  -5  -4  -3  -3  -5  -4  -5    0  81   0   0   0   0   0   0   0   0   0  19   0   0   0   0   0   0   0   0  1.70 0.38
    2 L    -3  -2  -2   2  -5   3   5  -4  -2  -3   1  -1  -2  -4  -3  -2  -1  -4  -4  -3    0   1   0  13   0  13  50   0   0   0  20   0   0   0   0   0   4   0   0   0  0.74 0.25
    3 V    -2  -4  -5  -5  -3  -4  -4  -5  -4   2   3  -4   0  -1  -4  -4  -2  -4  -1   5    0   0   0   0   0   0   0   0   0  10  34   0   1   2   0   0   0   0   2  52  0.81 0.24
    4 K    -3   0  -3  -3  -6  -1  -2  -4  -3  -5  -5   8  -4  -6  -4  -3  -3  -6  -4  -5    0   1   0   0   0   0   0   0   0   0   0  99   0   0   0   0   0   0   0   0  1.91 0.46
    5 I    -3  -4  -5  -5  -3  -4  -5  -5  -5   4   5  -4   1  -1  -5  -2  -3  -4  -3   1    0   0   0   0   0   0   0   0   0  26  66   0   1   0   0   3   0   0   0   4  0.95 0.27
    6 L    -4  -4  -6  -6  -3  -4  -5  -6  -5   0   6  -5   0  -2  -5  -5  -3  -4  -3  -1    0   0   0   0   0   0   0   0   0   2  98   0   0   0   0   0   0   0   0   0  1.48 0.37
    7 L    -4  -4  -6  -6  -3  -4  -5  -6  -5   0   6  -5   0  -2  -4  -4  -3  -4  -3   0    0   0   0   0   0   0   0   0   0   2  95   0   0   0   0   0   0   0   0   2  1.39 0.35
    8 L    -4  -4  -6  -6  -4  -4  -5  -6  -5   0   6  -5   0  -2  -5  -5  -3  -4  -3  -1    0   0   0   0   0   0   0   0   0   2  97   0   0   0   0   0   0   0   0   0  1.49 0.37
    9 G    -2  -5  -3  -4  -5  -4  -5   7  -5  -6  -6  -4  -5  -6  -5  -3  -4  -5  -6  -6    0   0   0   0   0   0   0 100   0   0   0   0   0   0   0   0   0   0   0   0  2.17 0.44
   10 A     5  -3  -3  -3  -1  -3  -3  -2  -4  -3  -3  -3  -3  -4   0   0   4  -5  -4  -2   55   0   0   0   1   0   0   0   0   0   0   0   0   0   4   4  36   0   0   0  0.91 0.32
   11 G    -2  -5  -3  -4  -2  -4  -5   7  -5  -6  -6  -4  -5  -6  -5  -3  -4  -5  -6  -6    0   0   0   0   1   0   0  99   0   0   0   0   0   0   0   0   0   0   0   0  2.16 0.45
   12 E    -4  -3  -3  -1  -6  -1   8  -5  -3  -6  -6  -2  -5  -6  -1  -3  -4  -6  -5  -5    0   0   0   0   0   0  98   0   0   0   0   0   0   0   2   0   0   0   0   0  2.01 0.50
   13 S    -1  -3  -2  -3  -4  -3  -3  -3  -4  -5  -5  -3  -4  -5  -3   7  -1  -6  -4  -4    1   0   0   0   0   0   0   0   0   0   0   0   0   0   0  99   0   0   0   0  1.76 0.49
   14 G    -2  -5  -3  -4  -5  -4  -5   7  -5  -6  -6  -4  -5  -6  -5  -2  -4  -5  -6  -6    0   0   0   0   0   0   0  98   0   0   0   0   0   0   0   2   0   0   0   0  2.12 0.45
   15 K    -3   0  -3  -3  -6  -1  -2  -4  -3  -5  -5   8  -4  -6  -4  -3  -3  -6  -5  -5    0   2   0   0   0   0   0   0   0   0   0  98   0   0   0   0   0   0   0   0  1.95 0.49
   16 S    -1  -3  -2  -3   0  -3  -3  -3  -3  -5  -5  -3  -4  -5  -3   7   1  -5  -4  -4    0   0   0   0   2   0   0   0   0   0   0   0   0   0   0  92   6   0   0   0  1.54 0.46
   17 T    -3  -4  -3  -4  -3  -3  -3  -4  -4  -3  -4  -3  -3  -5  -4   0   8  -5  -4  -3    0   0   0   0   0   0   0   0   0   0   0   0   0   0   0   2  96   0   0   0  1.87 0.49
   18 F    -4  -5  -5  -6  -4  -5  -5  -5  -4   3  -2  -5   0   8  -6  -5  -4  -2   0  -2    0   0   0   0   0   0   0   0   0  18   0   0   2  79   0   0   0   0   0   0  1.82 0.42
   19 L    -3  -4  -5  -5  -3  -4  -5  -5  -5   5   4  -4   0  -2  -4  -4  -2  -4  -3   3    0   0   0   0   0   0   0   0   0  44  37   0   0   0   0   0   0   0   0  18  0.89 0.26
   20 K    -3   1  -2  -3  -6  -1  -2  -4  -3  -5  -5   8  -4  -6  -3  -3  -3  -5  -4  -5    0   3   0   0   0   0   0   0   0   0   0  95   0   0   0   0   0   0   0   0  1.81 0.46
   21 Q    -3  -2  -3  -3  -6   9  -1  -5  -2  -6  -5  -2  -3  -6  -4  -3  -4  -5  -4  -5    1   0   0   0   0  98   0   0   0   0   0   0   0   0   0   0   0   0   0   0  2.35 0.58
   22 M    -4  -5  -5  -6  -5  -4  -5  -6  -5  -2  -1  -5  11  -3  -6  -5  -4  -5  -4  -2    0   0   0   0   0   0   0   0   0   0   1   0  99   0   0   0   0   0   0   0  2.91 0.66
   23 R    -4   7  -1  -4  -6  -1  -2  -5  -3  -5  -5   3  -4  -5  -4  -3  -3  -5  -4  -5    0  78   2   0   0   0   0   0   0   0   0  19   0   0   0   0   0   0   0   0  1.74 0.44
   24 I    -4  -6  -6  -6  -4  -5  -6  -6  -6   8   0  -5  -1  -3  -5  -5  -3  -5  -4   0    0   0   0   0   0   0   0   0   0  97   3   0   0   0   0   0   0   0   0   0  1.91 0.47
   25 I    -4  -6  -6  -6  -1  -5  -6  -6  -6   8  -1  -5  -1  -3  -5  -5  -3  -5  -4   0    0   0   0   0   1   0   0   0   0  97   1   0   0   0   0   0   0   0   0   0  1.90 0.47
   26 H    -5  -3  -1  -4  -6  -2  -3  -5  11  -6  -6  -4  -5  -4  -5  -4  -5  -5  -1  -6    0   0   2   0   0   1   0   0  95   0   0   0   0   0   0   0   0   0   1   0  3.10 0.63
   27 G    -2  -3  -3  -3  -5  -3   2   7  -4  -6  -6  -3  -5  -5  -4  -3  -4  -5  -5  -5    0   1   0   0   0   0  17  81   0   0   0   1   0   0   0   0   0   0   0   0  1.61 0.40
   28 Q     1   1   0   2  -3   3   0   0  -1  -1  -2   1  -2  -3  -2   1   0  -4  -3   0   16   9   4  11   0  17   3   5   1   4   1   6   0   0   0  13   3   0   0   6  0.20 0.12
   29 D    -2  -3   0   3  -5  -2   0   6  -2  -5  -5   0  -5  -4  -4  -2  -3  -5  -5  -5    0   0   3  16   0   1   6  66   1   0   0   6   0   1   0   1   0   0   0   0  1.15 0.31
   30 F    -5  -5  -5  -6  -5  -5  -5  -6  -2  -3  -3  -5  -2   7  -6  -5  -4   1   7  -4    0   0   0   0   0   0   0   0   0   0   0   0   1  49   0   0   0   1  48   0  1.98 0.46
   31 D    -1  -2   0   4  -3  -1   1  -3  -3  -4  -4  -2  -3  -4  -3   5   3  -5  -4  -3    1   1   3  22   0   1   6   0   0   0   1   1   0   0   0  47  16   0   0   0  0.74 0.29
   32 Q    -1  -1  -1   4  -4   3   3   0  -1  -4  -4  -1  -3  -4   1  -1  -1  -4  -3  -3    6   2   1  24   0  16  27   8   1   0   1   2   0   0   7   2   2   0   1   1  0.54 0.20
   33 R    -2   2  -1   3  -5   1   5  -3  -1  -5  -4   2  -4  -5  -3  -1  -2  -5  -4  -4    2   9   2  13   0   3  54   0   1   0   1  11   0   0   0   2   1   0   0   0  0.89 0.28
   34 A     2  -3  -1   6  -4  -1   3  -3  -3  -4  -1  -2  -3  -5  -3  -1  -3  -5  -4  -4   19   0   0  53   0   1  17   1   0   0   6   0   1   0   0   2   0   0   0   0  0.93 0.30
   35 R    -2   5  -2  -3   3  -1  -2  -4  -3  -1   1   3  -1  -3  -4  -2  -2  -4  -3   1    0  36   1   0   6   0   0   0   0   3  12  22   0   1   0   1   0   0   0  15  0.54 0.23
   36 E    -2   4  -2  -2  -5   0   2  -4   0  -3   0   5  -2  -3  -3  -2  -2  -4  -3  -3    2  28   0   1   0   2  13   0   2   1   9  40   1   1   0   1   0   0   0   0  0.72 0.26
   37 E     0  -2  -2   0  -3   3   4   3  -1  -4  -4  -1  -3  -5  -3   1  -1  -4  -4  -3    7   0   0   3   0  17  33  26   1   0   0   1   0   0   0   9   1   0   0   2  0.60 0.23
   38 F    -4  -5  -5  -6  -5  -5  -5  -6  -1  -2  -2  -4  -3   8  -6  -3  -4  -1   6  -3    0   0   0   0   0   0   0   0   1   1   0   0   0  62   0   1   0   0  34   0  1.90 0.44
   39 R    -1   4  -2  -3  -3   2  -1  -3  -2   2  -2   3  -2  -3  -3  -1   2  -4  -3  -1    5  28   1   0   0   8   1   0   0  15   0  20   0   1   0   0  18   0   0   1  0.47 0.21
   40 P     0   1   0  -1  -4   1  -1  -2   2  -4  -4   4  -3  -4   5   0  -1  -4  -2  -3    8   6   4   3   0   5   2   1   6   0   1  29   0   0  27   4   4   0   1   0  0.59 0.20
   41 T    -2  -3  -2  -3   0  -2  -3  -4  -4   2   3  -3   0  -2  -4  -2   2  -4  -3   3    0   0   2   1   2   2   1   0   0  14  38   0   0   0   0   0  17   0   0  23  0.49 0.20
   42 I    -3  -5  -5  -5  -3  -5  -5  -6  -5   5  -1  -5  -1  -2  -5  -3  -2  -5  -3   6    0   0   0   0   0   0   0   0   0  38   1   0   0   0   0   1   0   0   0  59  1.24 0.35
   43 Y    -5  -5  -4  -6  -1  -4  -5  -5   0  -4  -3  -5  -3   4  -6  -4  -4  -1   9  -4    0   0   0   0   1   0   0   0   1   0   1   0   0  17   0   0   0   0  77   0  2.18 0.50
   44 S    -2   0  -1  -1  -4   7   0  -2  -1  -5  -3  -1  -3  -4  -3   3  -2  -5  -4  -4    0   2   2   3   0  53   4   2   1   0   2   0   0   1   0  30   0   0   0   0  1.02 0.36
   45 N    -4  -3   9  -2  -6  -3  -3  -3  -1  -6  -6  -3  -5  -5  -5  -2  -2  -7  -5  -5    0   0  97   0   0   0   0   0   1   0   0   0   0   0   0   0   1   0   0   0  2.37 0.55
   46 V    -2  -4  -4  -5  -3  -4  -5  -5  -5   6   0  -4   0  -2  -4  -3   2  -5  -3   3    1   0   0   0   0   0   0   0   0  58   2   0   2   1   0   0  16   0   0  20  0.97 0.31
   47 I    -3  -5  -5  -5  -3  -5  -5  -5  -4   5   1  -5  -1   5  -5  -4  -3  -2   2   2    0   0   0   0   0   0   0   0   0  36  12   0   0  34   0   0   0   0   5  13  0.89 0.27
   48 K    -1   1  -2  -3  -4   3  -1  -3  -2  -2  -2   4   4  -4  -3   0   3  -4  -3  -1    2   5   0   0   0  16   0   0   0   1   2  30  15   0   0   4  20   0   0   4  0.52 0.24
   49 G     4  -3  -2  -3  -2  -3  -3   4  -3  -4  -4  -3  -4  -5  -3   3  -2  -5  -4  -3   35   0   0   0   0   0   0  35   0   0   0   0   0   0   0  30   0   0   0   0  0.89 0.30
   50 M    -3  -4  -5  -6   0  -3  -5  -5  -4   2   1  -4   9  -2  -5  -2  -2  -4  -4   1    0   0   0   0   2   0   0   0   0  13  11   0  63   0   0   2   1   0   0   8  1.45 0.41
   51 R     0   4  -1  -3  -5   6  -1  -4   0  -3  -3   2  -1  -3  -3  -2  -2  -4  -3  -2    8  25   1   0   0  44   0   0   2   1   0  10   2   1   0   0   1   0   0   4  0.85 0.30
   52 V     4  -3  -2  -4  -2  -3  -3  -3  -4  -1  -2  -3  -2  -3  -3   2   1  -5  -3   4   38   0   1   0   0   0   0   0   0   0   1   0   0   0   0  15   8   0   0  37  0.62 0.27
   53 L    -3  -4  -5  -6  -3  -4  -5  -6  -5   3   4  -4   7  -2  -5  -4  -3  -4  -3  -1    0   0   0   0   0   0   0   0   0  15  49   0  35   0   0   0   0   0   0   0  1.21 0.35
   54 V    -1  -4  -4  -5   0  -4  -4  -5  -5   5   1  -4  -1  -2  -4  -3   0  -4  -3   4    5   0   0   0   2   0   0   0   0  38   9   0   0   0   0   1   5   0   0  39  0.76 0.25
   55 D    -2   4  -1   5  -5   0   1  -1  -1  -3  -4   1  -4  -5  -3  -1  -2  -5  -3  -4    2  30   1  39   0   4   7   3   1   1   0   7   0   0   0   2   1   0   1   0  0.76 0.25
   56 A     7  -4  -4  -4  -3  -2  -3  -2  -4  -4  -4  -3  -4  -5  -3  -1  -3  -5  -4  -3   98   0   0   0   0   1   0   0   0   0   0   0   0   0   0   0   0   0   0   0  1.68 0.47
   57 R    -2   5  -3  -5  -5  -2  -3  -5  -4  -2  -2  -2   9  -3  -5  -3  -2  -5  -4  -3    2  36   0   0   0   0   0   0   0   1   0   1  57   0   0   0   2   0   0   0  1.59 0.46
   58 E    -1  -1   0   5  -5   0   4  -1  -2  -4  -5  -1  -4  -5  -2   0  -2  -5  -4  -3    4   3   2  38   0   3  35   5   0   0   0   2   0   0   1   5   1   0   0   2  0.80 0.26
   59 K    -1   1   0  -2  -3  -1  -1  -3  -2  -2  -2   4   1  -4  -2   0   4  -4  -3  -2    4   5   3   1   0   0   1   0   0   1   3  38   5   0   1   5  30   0   0   2  0.53 0.24
   60 L    -3  -5  -6  -6  -4  -5  -5  -6  -5  -1   6  -5   0   0  -5  -5  -4  -4  -3  -1    1   0   0   0   0   0   0   0   0   0  96   0   0   2   0   0   0   0   0   0  1.52 0.41
   61 H    -2   1   2   0  -2   2   0   2   5  -5  -4   3  -3  -4  -3  -1  -2  -4  -2  -4    1   7   9   3   1  10   4  20  17   0   0  24   0   0   0   3   0   0   0   0  0.52 0.20
   62 I    -4  -5  -6  -6  -4  -5  -6  -6  -6   7   1  -5  -1  -3  -5  -4  -3  -5  -4   1    0   0   0   0   0   0   0   0   0  89   8   0   0   0   0   0   1   0   0   2  1.69 0.43
   63 P    -1  -3  -3   0  -5   2   2  -3  -1  -4  -3  -2  -3  -5   7   0  -1  -5  -4  -4    3   0   0   5   0   8  12   1   1   0   3   1   0   0  55   8   2   0   0   0  1.23 0.31
   64 W    -5  -4  -5  -6  -5  -4  -5  -6  -2  -4  -2  -5  -3   4  -6  -5  -5   9   7  -4    0   1   0   0   0   0   0   0   0   0   3   0   0  15   0   0   0  34  47   0  2.19 0.48
   65 G     0  -1  -1  -1  -4   1   2   4  -2  -3  -3   1  -3  -4  -3   1  -1  -4  -4  -2    7   1   1   1   0   7  14  40   1   1   1  10   0   0   0  10   3   0   0   2  0.49 0.18
   66 D    -2   0   3   5  -1   1   0  -3   1  -3  -4  -1  -3  -3  -3   0  -2  -1   2  -3    2   4  15  43   1   6   3   0   4   1   1   3   0   0   0   5   1   1   8   1  0.63 0.22
   67 N    -1  -2   2   0  -3   1   2  -2  -2  -4  -4   1  -4  -5   6   1  -1  -5  -4  -4    2   1  11   5   0   5  15   2   0   0   0   8   0   0  37  10   3   0   0   0  0.77 0.23
   68 K     0   0   1   2  -4   2   4  -1   1  -4  -4   0  -2  -4  -2   2  -1  -4  -3  -3    7   3   5   9   0  12  35   3   3   0   1   3   0   0   0  16   3   0   0   1  0.48 0.19
   69 N    -3   3   7  -1  -2  -2  -2  -3   2  -4  -4  -2  -4  -5  -4   1  -2  -5  -4  -4    1  18  59   0   1   0   0   0   5   1   2   0   0   0   0  12   0   0   0   0  1.14 0.35
   70 Q    -1   1   0  -1  -4   4   3  -3   0  -1  -2   2  -2  -3  -2   0  -1  -4  -2  -1    4   5   3   1   0  24  23   0   2   6   2  18   0   1   1   5   1   0   1   3  0.40 0.17
   71 L     0   0   0   1  -3   2   2  -1   1  -2  -1   2  -1  -3  -2   0   0  -3  -2  -1   10   2   4   9   0  12  19   4   4   2   5  14   1   0   0   6   4   0   1   4  0.20 0.10
   72 H    -2  -1   4   2  -3  -1  -1  -3   7  -2  -1   0  -3  -2  -3  -1  -2  -3   2  -3    2   1  20  13   0   2   1   1  33   2   9   5   0   1   0   3   0   0   7   0  0.65 0.24
   73 G     5  -4  -3  -3  -1  -3  -3   4  -4  -3  -4  -3  -3  -4  -3   0  -2  -4  -4  -1   61   0   0   0   1   0   1  28   0   0   0   0   0   0   0   4   0   0   0   4  0.92 0.31
   74 D    -1   1   1   4  -3   2   2  -2  -1  -3  -1   1   1  -3  -1   0  -1  -4  -2  -2    4   9   8  25   0   9  14   1   0   1   5   7   6   1   2   4   2   0   1   1  0.30 0.13
   75 K    -1   0  -2  -2  -3   1   0  -3  -1  -1   2   2   1   2  -2  -1  -1   1   0  -1    3   4   1   1   0   9   4   0   1   1  27  18   5  11   0   3   4   2   3   3  0.16 0.10
   76 L    -1  -3  -4  -4  -2  -3  -3  -4  -4   3   2  -2   4   0  -3  -3  -2  -3  -2   4    3   0   0   0   1   0   0   0   0  20  23   2  12   3   0   1   1   0   0  32  0.51 0.17
   77 M    -2   2  -2  -3  -1   0  -2  -3  -3  -1   1   0   6   2  -3   0  -2  -3  -2  -1    2  13   2   1   1   2   1   1   0   1  13   7  37   9   0   6   1   0   0   2  0.46 0.20
   78 A     1   0   0   1  -2   1   2   0  -1  -2  -2   0  -1  -3  -1   2   0  -2  -2  -1   16   4   3   8   0   5  13   4   1   1   2   5   2   0   2  26   5   0   0   4  0.21 0.10
   79 F    -2  -3  -3  -4   0   0  -3  -4  -3   2   0  -3   0   5  -3  -2  -2   0   1   3    1   1   0   0   2   5   1   1   0  13   7   0   1  30   1   1   1   1   5  30  0.47 0.17
   80 D    -2  -2   2   6  -4  -1   3  -3   0  -4  -4  -2  -3  -4  -3  -1  -1  -4  -2  -4    1   1   7  57   0   1  17   1   3   1   1   1   0   0   1   4   3   0   1   1  0.95 0.24
   81 T     0  -2   1  -2  -1  -1  -2  -1   0   0  -1  -2  -1  -1   1   0   2  -2   2   2    7   1  10   1   1   1   1   3   2   4   2   1   0   2   8   6  19   0  12  19  0.15 0.10
   82 R    -1   3   0   1  -3   1   3  -1   0  -2  -2   1  -2  -2  -2   0   0  -2   1  -1    3  19   4   9   0   4  21   3   1   2   2   7   1   0   1   4   5   0   7   5  0.23 0.09
   83 A     2   0   0   0  -1   1   0  -1  -2  -1  -2   2   0  -3  -1   1   2  -2  -2  -1   18   2   2   4   1   5   3   2   0   4   1  19   3   0   1  13  16   0   1   3  0.17 0.09
   84 P     0  -1  -2  -2  -2  -1  -2   0  -2   1   0   0  -1  -2   2  -1  -1  -3  -2   3    7   3   1   2   0   2   1   7   1   3   8   8   0   1  11   3   2   0   0  39  0.20 0.11
   85 M    -1  -2  -1  -1   0  -1  -1  -2  -1   0   1  -1   4  -1  -2   0   3  -1  -1   0    4   1   2   2   1   2   3   2   1   2  16   4  21   2   1   5  23   0   2   4  0.20 0.11
   86 A     1  -1   0  -1  -1   0   0  -1  -1  -1  -1   0   1  -2   1   1   2  -2  -1   0   16   2   2   2   1   5   4   3   2   3   4   6   5   1   6   7  23   0   1   6  0.13 0.06
   87 A     1  -1  -1  -1   0  -1  -1   0  -1   0   1  -1   0   3  -1   0  -1  -1   0   0   18   2   2   3   2   2   5   8   1   4  12   2   2  21   3   3   2   0   1   6  0.08 0.05
   88 Q     0  -1   0   1   0   3   3   0   0  -2  -2   0  -1  -2  -1   0   0  -1  -1  -2    6   2   3   6   3  17  23   7   2   2   4   3   1   1   2   8   6   1   1   2  0.19 0.06
   89 G     0   0   0   0  -1   0   0   2  -1  -1  -1   0  -1  -1   0   0   0  -1  -1  -1    9   5   4   5   1   4   5  24   1   3   5   8   1   2   3   8   6   1   2   4  0.12 0.02
   90 M     0   0   0   0   0   1   0  -1  -1   0   0   0   3  -1   0   0   0   0  -1   0    7   4   3   4   2   7   6   4   1   7   6   3  17   3   5   6   5   2   2   5  0.04 0.03
   91 V     0  -1  -1   0  -1   0   1  -1  -1   1   0   0   0   0   0   0   0  -1   0   1    5   3   2   3   1   4  12   4   2   8  11   3   1   4   3   5   3   1   3  20  0.03 0.02
   92 E    -1  -1   0   3  -2   1   3  -1  -1  -1  -2   0  -1  -2  -1   0  -1  -2  -1  -1    4   3   2  22   1   4  30   4   1   3   4   3   1   2   2   5   3   1   1   4  0.30 0.07
   93 T     0  -1  -1   0  -1  -1   0   0  -1  -1  -1  -1  -1  -1   2   0   3  -2   0   0    6   2   2   4   1   2   7   6   1   2   4   2   1   3  10   6  33   0   4   5  0.19 0.08
   94 R     0   2   0   0  -1   1   1  -1   0  -1  -1   1  -1  -2   0   1   1  -2  -1  -1   10  18   2   4   1   5  12   4   2   2   3   7   1   2   5   8   9   0   1   3  0.13 0.04
   95 V    -1  -1  -1  -1  -1   0  -1  -2  -2   1   2  -1   1   0   1  -1   1  -2  -1   2    3   2   2   3   1   4   2   2   1   3  25   2   2   5   8   3  11   0   2  20  0.10 0.05
   96 F    -2  -2  -2   0  -2  -2   1  -2  -1  -1  -1  -2  -1   6   0  -1  -1  -1   1  -1    2   2   1   5   1   1   9   3   1   2   4   2   1  47   5   6   4   0   2   2  0.46 0.13
   97 L     0   1  -1  -1  -1   2   0  -2   0  -1   1   0   1  -1   2   0   0  -2  -1   0   10   8   2   2   1  12   6   1   3   2  20   2   4   1   9   8   3   0   1   5  0.09 0.05
   98 Q    -2   1  -1   1  -4   4   3  -2   1  -3  -1   0  -2  -3   3  -1  -2   2  -2  -3    0   6   2   7   0  25  20   2   4   0   6   3   0   1  17   2   1   4   0   0  0.50 0.17
   99 Y    -3  -3  -3  -3  -2   1  -3  -5   3  -2   1  -3  -2   1  -4  -3  -3   0   8  -2    0   0   1   1   1   7   0   0   8   1  15   0   0   3   0   0   1   1  58   2  1.15 0.32
  100 L     2  -3  -4  -4   0  -3  -3  -3  -4   1   3  -3   0  -2  -3  -1  -1  -4  -2   4   21   0   0   0   1   0   0   1   0   2  28   1   1   0   0   2   1   0   1  40  0.47 0.19
  101 P     0  -2   1   2  -3   0   2  -2  -1  -3  -3  -1  -2  -4   5   2   0  -4  -3   0    5   0   6  12   0   3  14   1   1   0   1   2   1   0  27  16   4   0   0   8  0.50 0.16
  102 A     5  -3  -3  -4  -2  -3  -3  -2  -1  -1  -2  -3  -3  -2  -1   1  -1  -4   0  -1   72   0   0   0   0   0   0   0   1   3   3   0   0   1   3   8   1   0   3   4  0.79 0.29
  103 I    -3  -5  -5  -5  -1  -4  -5  -5  -5   6   2  -4   5  -1  -5  -4  -2  -4  -3   1    0   0   0   0   1   0   0   0   0  62  12   0  17   1   0   0   0   0   0   6  1.08 0.30
  104 R    -1   4  -1  -2  -4   2   0  -2   0  -2  -3   4   1  -4  -3   0  -1  -3  -2  -2    3  27   1   1   0   9   3   2   2   2   0  33   6   0   0   6   2   0   1   2  0.52 0.19
  105 A     2   3   0   0   1   1   0  -2   0  -3  -3   0  -1  -3  -2   2   1   1  -1  -2   22  23   2   4   3   4   4   1   2   1   0   4   2   0   0  15   8   2   2   0  0.26 0.13
  106 L    -4  -4  -6  -6  -2  -4  -5  -6  -5   0   6  -5   0   1  -5  -5  -3  -4  -3   0    0   0   0   0   1   0   0   0   0   1  90   0   0   4   0   0   0   0   0   5  1.29 0.34
  107 W    -6  -6  -7  -8  -6  -5  -6  -6  -6  -6  -5  -7  -5  -2  -7  -6  -6  13  -1  -6    0   0   0   0   0   0   0   0   0   0   0   0   0   0   0   0   0 100   0   0  4.58 0.73
  108 E     3   1   1   0  -1   1   0   0   0  -3  -3   1  -2  -4  -2   1   0  -4  -3  -2   31   9   9   4   1   6   5   4   2   0   1  10   0   0   0  12   4   0   0   1  0.25 0.12
  109 D    -5  -4  -1   8  -6  -3  -1  -4  -4  -6  -7  -3  -6  -6  -4  -3  -4  -7  -6  -6    0   0   0 100   0   0   0   0   0   0   0   0   0   0   0   0   0   0   0   0  2.38 0.50
  110 S     2   0  -1  -2  -3  -1  -1  -1   0  -3  -3  -1  -2  -4   3   4   0  -4  -3  -3   19   6   1   1   0   2   3   4   3   1   1   2   1   0  16  38   4   0   0   0  0.45 0.19
  111 G     0  -5  -3  -4  -5  -4  -4   7  -4  -6  -6  -4  -5  -6  -4  -1  -4  -5  -5  -5    6   0   0   0   0   0   0  92   0   0   0   0   0   0   0   2   0   0   0   0  1.90 0.40
  112 I    -3  -5  -6  -6  -3  -5  -5  -6  -6   7   0  -5   0  -2  -5  -5  -3  -5  -4   3    0   0   0   0   0   0   0   0   0  81   2   0   2   0   0   0   0   0   0  15  1.47 0.37
  113 Q    -3   3  -2  -3  -5   7  -1  -4  -1  -5  -3   2  -2  -5  -4  -3  -3  -5  -4  -5    0  17   0   0   0  69   0   0   1   0   2  10   1   0   0   0   0   0   0   0  1.47 0.41
  114 N     0   1   2   0  -4   1   5  -3   1  -3  -4   0  -2  -4  -3  -1   0  -5  -3  -3    8   7  12   2   0   3  50   0   3   2   0   3   0   0   0   3   6   0   0   0  0.63 0.23
  115 A     4  -5  -5  -5  10  -4  -5  -4  -5  -3  -4  -4  -4  -5  -4  -2  -1  -5  -5  -2   37   0   0   0  58   0   0   0   0   1   0   0   0   0   0   1   3   0   0   1  1.84 0.42
  116 Y    -5  -5  -5  -6  -5  -4  -5  -6  -1  -3  -3  -5  -3   6  -6  -5  -4  -1   8  -4    0   0   0   0   0   0   0   0   0   0   1   0   0  30   0   0   0   0  69   0  2.11 0.46
  117 D    -1  -2   2   6  -3  -1   2  -2  -2  -4  -4  -1  -3  -5  -3   1  -2  -5  -3  -4    3   1   9  52   0   1  14   2   0   0   1   2   1   0   0  10   1   0   1   0  0.84 0.25
  118 R    -4   8  -3  -4  -6  -1  -3  -5  -3  -6  -5   0  -4  -6  -5  -3  -4  -5  -4  -5    0  98   0   0   0   1   0   0   0   0   0   1   0   0   0   0   0   0   0   0  2.22 0.49
  119 R    -1   7  -3  -4  -5  -1  -2  -4  -2  -5  -5   0  -4  -5  -4   1  -3  -5  -4  -5    4  82   0   0   0   0   0   0   0   0   0   2   0   0   0  12   0   0   0   0  1.61 0.41
  120 R    -4   8   1  -4  -1  -1  -2  -4  -2  -5  -5   0  -4  -5  -4   0  -3  -5  -4  -5    0  84   7   0   2   0   0   0   0   0   0   1   0   0   0   6   0   0   0   0  1.67 0.41
  121 E    -3  -3  -3  -1  -6   0   7  -5  -3  -6  -3  -1  -4  -6  -4  -3  -3  -6  -5  -5    0   0   0   0   0   1  96   0   0   0   2   1   0   0   0   0   0   0   0   0  1.90 0.47
  122 F    -5  -5  -5  -6  -5  -5  -5  -6  -2  -3  -3  -5  -3   7  -6  -5  -4  -1   8  -4    0   0   0   0   0   0   0   0   0   0   0   0   0  49   0   0   0   0  51   0  2.02 0.44
  123 Q    -4  -2  -3  -3  -6   8  -1  -5   3  -6  -5  -1  -3  -6  -4  -3  -4  -5  -4  -5    0   0   0   0   0  93   0   0   7   0   0   0   0   0   0   0   0   0   0   0  2.20 0.54
  124 L    -4  -4  -6  -6  -3  -4  -5  -6  -5   2   6  -5   0  -2  -5  -5  -3  -4  -3  -1    0   0   0   0   0   0   0   0   0   8  91   0   0   0   0   0   0   0   0   1  1.36 0.35
  125 G    -1  -3   3  -2  -3  -2  -2   3  -2  -3  -1  -2  -3  -4  -3   3   2  -4  -3  -2    2   0  17   0   0   0   0  23   0   0   9   0   0   0   0  34  13   0   0   1  0.51 0.21
  126 E    -4  -3  -1   7  -6  -2   3  -4  -2  -5  -6  -3  -5  -6  -4  -2  -3  -6  -5  -5    0   1   0  79   0   0  19   0   1   0   0   0   0   0   0   0   0   0   0   0  1.75 0.40
  127 S    -1  -3  -2  -2  -3  -3  -3  -3  -2  -5  -5  -3  -4  -5  -3   7  -1  -5  -4  -4    0   0   0   1   0   0   0   0   1   0   0   0   0   0   0  96   1   0   0   0  1.63 0.46
  128 V     4  -3  -3  -4   1  -3  -3  -3  -4  -1  -1  -3  -2  -3  -2  -1   2  -4  -3   3   48   0   0   0   2   0   0   0   0   1   3   0   0   0   1   0  15   0   0  29  0.61 0.25
  129 K    -1   1  -1  -2  -4   1   1  -3  -1  -4  -3   6  -1  -3  -1   0  -2  -4  -3  -2    2   3   1   0   0   6   7   0   1   0   1  65   1   1   2   6   0   0   0   4  0.83 0.28
  130 Y    -5  -5  -5  -6  -5  -4  -5  -6  -1  -4  -4  -5  -4   1  -6  -4  -4  -1  10  -4    0   0   0   0   0   0   0   0   0   0   0   0   0   1   0   1   0   0  97   0  2.71 0.56
  131 F    -4  -5  -5  -6  -5  -5  -5  -5  -2  -3  -3  -5  -3   7  -6  -4  -4   1   8  -3    0   0   0   0   0   0   0   0   0   0   0   0   0  47   0   0   0   1  51   0  1.94 0.42
  132 L    -3  -4  -5  -6  -3  -4  -5  -6  -5   0   6  -4   2   2  -5  -4  -3  -1  -2  -1    1   0   0   0   0   0   0   0   0   1  86   0   3   7   0   0   0   1   0   0  1.21 0.33
  133 D    -2  -3   2   6  -4  -1   0  -2  -3  -4  -5  -2  -2  -5  -3   2   1  -5  -4  -4    0   0  10  53   0   1   4   1   0   0   0   1   1   0   0  19   8   0   0   0  0.94 0.27
  134 N    -2  -2   5   5  -4  -1   1  -2   3  -5  -5  -2  -4  -4  -3   2  -2  -2  -3  -4    2   0  32  35   0   1   6   1   7   0   0   0   0   0   0  14   0   1   0   0  0.87 0.26
  135 L    -3  -4  -5  -5  -3  -4  -5  -5  -5   3   5  -4   1  -1  -5  -4  -2  -4  -3   1    1   0   0   0   0   0   0   0   0  16  74   0   1   0   0   0   1   0   0   6  1.00 0.28
  136 D    -2  -2   0   7  -5  -1   3  -2  -2  -5  -5  -2  -5  -5  -2  -1  -3  -6  -5  -5    2   1   3  66   0   0  20   2   0   0   0   1   0   0   2   2   0   0   0   0  1.27 0.32
  137 K    -4   8  -2  -4  -6  -1  -2  -5  -3  -5  -5   3  -3  -5  -4  -3  -3  -5  -4  -5    0  84   1   0   0   0   0   0   0   0   0  14   0   0   0   0   0   0   0   0  1.79 0.42
  138 L    -3  -5  -5  -5  -3  -5  -5  -6  -5   6   3  -5   0  -1  -5  -4  -3  -4  -3   2    0   0   0   0   0   0   0   0   0  69  23   0   0   1   0   0   0   0   0   6  1.17 0.31
  139 G     3  -2  -2  -3   0  -2  -1   4  -1  -3  -3  -2  -2  -3  -3   1   1  -4  -3  -2   32   1   0   0   2   0   4  36   1   0   1   1   0   1   0  12   7   0   0   0  0.57 0.20
  140 V     2   1  -1   0  -3   3   3  -2  -2  -2  -3   1   1  -4  -2   0   0  -4  -3  -2   24   8   1   4   0  16  21   0   0   2   1   7   5   0   0   6   5   0   0   1  0.34 0.15
  141 P     1  -2  -2  -1  -2   0   0  -2  -1  -3  -1   0  -1  -3   6   0  -1  -4  -2  -2   15   0   1   3   1   3   5   1   1   0   8   7   1   1  40   8   3   0   1   2  0.66 0.18
  142 D    -2  -3   3   6  -3  -1   0   1  -2  -4  -4  -2  -4  -4  -3   1  -1  -5  -4  -4    2   0  13  50   0   1   2  11   1   1   1   0   0   1   0  13   2   0   0   1  0.81 0.23
  143 Y    -4  -4  -4  -5  -4  -4  -4  -5   0  -3  -3  -4  -3   3  -5  -4  -4   0   9  -3    1   0   0   0   0   0   0   0   1   0   1   0   0   9   0   0   0   0  84   0  2.17 0.45
  144 I    -2  -2  -3  -3  -2   1  -2  -4  -1   3   3  -2   1   0  -3  -2  -1  -3  -2   3    1   1   0   0   1  10   1   0   1  19  31   1   3   3   0   2   2   0   0  23  0.36 0.14
  145 P    -2  -4  -4  -4  -5  -3  -3  -4  -4  -5  -5  -3  -4  -5   8  -3  -3  -5  -5  -4    2   0   0   0   0   0   0   0   0   0   1   0   0   0  92   1   0   0   0   0  2.60 0.46
  146 S    -2  -3   1  -1  -3  -2  -2  -3  -3  -3  -3  -2  -3  -4  -3   3   6  -4  -3  -2    1   0   8   2   0   0   0   0   0   0   1   0   0   0   0  21  64   0   0   0  1.01 0.31
  147 Q     0   0   1   0  -3   4   3  -3   2  -2   0   1  -1  -3  -2  -1  -1  -3  -2  -1    7   2   7   3   0  25  21   0   5   1  12   7   1   0   0   0   2   0   0   3  0.33 0.15
  148 Q    -3   0  -2  -1  -5   8   0  -4  -2  -4  -3   1  -3  -5  -3  -2  -2  -4  -4  -4    1   2   0   2   0  81   1   0   0   0   2   7   0   0   0   0   2   0   0   0  1.60 0.41
  149 D    -4  -4  -1   8  -5  -2  -1  -3  -3  -5  -5  -3  -5  -5  -3  -2  -3  -6  -5  -5    1   0   0  94   0   0   0   0   0   0   1   0   0   0   0   0   0   0   0   0  2.05 0.43
  150 I    -3  -4  -4  -4  -3  -4  -4  -5  -4   6   0  -4   0  -2  -3  -4  -2  -4  -3   4    1   0   0   0   0   0   0   0   0  62   1   0   2   0   1   0   0   0   0  30  1.07 0.29
  151 L    -3  -4  -5  -5  -3  -4  -4  -5  -4   0   6  -4   0  -2  -4  -4  -3  -3  -3  -1    1   0   0   0   0   0   0   0   0   0  94   0   0   0   0   0   0   0   0   0  1.32 0.34
  152 L    -3   6  -2  -3  -2  -1  -2  -4   5  -3   1   0  -2  -2  -4  -3  -3  -4   0  -3    1  59   0   0   1   1   0   0  15   0  15   0   0   1   0   0   0   0   3   0  0.99 0.29
  153 A     2  -3  -2  -3   4  -2  -2  -2  -3  -1  -2  -2  -1  -3  -3   1   2  -4  -3   3   25   0   0   0   9   0   0   0   0   0   1   0   1   0   0  13  15   0   0  32  0.42 0.18
  154 R    -3   8  -3  -4  -5  -1  -2  -4  -2  -5  -4   0  -3  -5  -4  -3  -3  -5  -4  -4    1  93   0   0   0   0   0   0   0   0   1   1   0   0   0   0   0   0   0   0  1.95 0.43
  155 R     0   1  -3  -3  -3  -1  -1  -3  -3   1  -1   3   1  -1  -3  -2  -1  -4  -2   4    6   6   0   0   0   1   2   0   0   4   1  26   5   3   0   0   1   0   0  43  0.40 0.19
  156 P     3  -2  -3  -3  -4  -2  -2  -3  -2  -4  -4   2  -3  -4   7  -2  -2  -5  -4  -3   25   0   0   0   0   0   0   0   1   0   1  15   0   0  53   0   0   0   0   0  1.30 0.30
  157 T    -2  -3  -2  -3  -3  -3  -3  -4  -4  -3  -3  -3  -1  -4  -3  -1   7  -4  -4  -2    1   0   0   0   0   0   0   0   0   0   1   0   1   0   0   0  93   0   0   0  1.68 0.43
  158 K    -2   0  -2  -3  -3  -2  -2  -3  -3  -3  -3   4  -3  -3  -3   0   6  -4  -3  -2    1   3   0   0   0   0   0   0   0   0   2  29   0   1   0   5  56   0   0   0  0.87 0.29
  159 G    -2  -5  -1  -3  -5  -4  -4   7  -4  -6  -6  -4  -5  -6  -5  -2  -3  -5  -5  -6    1   0   3   1   0   0   0  94   0   0   0   0   0   0   0   1   1   0   0   0  1.94 0.41
  160 I    -3  -5  -5  -5  -4   1  -5  -6  -5   7  -1  -4  -1  -2  -5  -4  -3  -5  -4   2    0   0   0   0   0   8   0   0   0  86   0   0   0   1   0   0   0   0   0   6  1.47 0.39
  161 H    -2  -3   1  -3   1   0  -3  -4   5   4  -1  -3  -1  -1  -4  -1   0  -4   1   3    0   0   7   0   3   4   0   0  17  30   1   0   0   1   0   3   5   0   4  25  0.44 0.20
  162 E    -3  -3  -3   1  -6  -1   7  -5  -3  -4  -5  -2  -4  -5  -4  -2  -3  -5  -4   0    0   0   0   4   0   0  87   0   0   0   0   0   0   0   0   1   0   0   0   9  1.60 0.42
  163 Y    -3  -3  -2  -4  -2  -3  -4  -5   4  -3  -3  -3  -3   2  -4   0   2  -1   8  -2    0   1   1   0   1   0   0   0  12   0   0   1   0   8   0   7  13   0  55   2  1.20 0.34
  164 D    -2  -3  -1   2   3  -1   1  -3   4  -2  -3  -2  -1  -4   5  -1   1  -5  -3  -1    1   0   1  13   7   1  10   0  15   1   1   1   1   0  31   4   8   0   0   5  0.67 0.21
  165 F    -4  -5  -5  -6  -5  -5  -6   0  -4   1  -2  -5   0   8  -4  -5  -4  -2   0  -2    0   0   0   0   0   0   0   8   0   8   1   0   2  80   1   0   0   0   0   2  1.68 0.40
  166 E     0  -1   0   4  -3   0   2  -3   0  -1  -3   0  -2  -4   0   1   2  -4  -3  -1    7   2   2  30   0   2  14   0   2   5   0   3   1   0   4   9  16   0   0   4  0.36 0.15
  167 I    -3  -4  -4  -5  -3  -4  -4  -1  -4   4   3  -4   2   3  -4  -4  -2  -3  -1   1    0   0   0   0   0   0   0   7   0  34  30   0   5  15   0   0   0   0   1   8  0.58 0.20
  168 K    -2   1   2   2  -2   2   2  -2  -2  -3  -4   4  -3  -4  -3   0  -2  -4  -3  -1    0   5  10  13   1  12  11   2   0   0   0  36   0   0   0   4   0   0   0   7  0.49 0.19
  169 N    -2  -1   5   1  -4  -1   0   2  -2  -5  -5   2  -3  -5  -2   1   0  -5  -4  -4    1   1  37   5   0   1   3  16   0   0   0  19   0   0   1  12   4   0   0   0  0.62 0.22
  170 V    -2  -4  -3  -4  -3  -4  -4  -5  -3   4   2  -4   0  -1  -3  -2   0  -4  -2   4    1   0   1   0   0   0   0   0   1  36  16   0   1   2   1   2   6   0   1  33  0.62 0.21
  171 P    -2  -1   1  -3   3  -3  -3  -4   3   3  -1  -2  -1  -3   5  -2  -1  -4  -2   0    0   3   7   0   7   0   0   0  11  25   5   1   0   0  32   0   4   0   0   5  0.65 0.22
  172 F    -4  -5  -5  -6   3  -5  -6  -6  -4  -1   1  -5  -2   8  -6  -5  -4  -2   1  -3    0   0   0   0   8   0   0   0   0   3  11   0   0  77   0   0   0   0   1   0  1.73 0.40
  173 K    -3   6  -3  -3  -5  -1  -2  -4  -3  -4  -2   4  -1  -5  -4  -2  -3  -5  -4  -1    0  60   0   0   0   0   0   0   0   0   4  28   1   0   0   2   0   0   0   5  1.19 0.33
  174 M    -3  -4  -5  -6  -4  -2  -5  -5  -4   2   2  -4   8   4  -5  -4  -3  -3  -2  -1    0   0   0   0   0   1   0   0   0  11  19   0  53  17   0   0   0   0   0   0  1.26 0.36
  175 V    -2  -5  -5  -6  -3  -5  -5  -5  -5   2  -1  -5  -1   3  -5  -4  -2  -4  -2   6    1   0   0   0   0   0   0   0   0   5   0   0   0  16   0   0   0   0   0  78  1.26 0.36
  176 D    -4  -4  -1   8  -6   1  -1  -4  -4  -6  -6  -3  -5  -6  -3  -3  -4  -7  -6  -6    0   0   0  92   0   7   0   0   0   0   0   0   0   0   1   0   0   0   0   0  2.09 0.46
  177 V    -3  -5  -5  -6  -3  -5  -5  -6  -6   0   0  -5  -1  -3  -5  -4  -2  -5  -4   7    0   0   0   0   0   0   0   0   0   0   8   0   0   0   0   0   0   0   0  92  1.53 0.41
  178 G    -1  -5  -3  -4  -5  -4  -5   7  -5  -6  -6  -4  -5  -6  -5  -3  -4  -5  -6  -6    4   0   0   0   0   0   0  96   0   0   0   0   0   0   0   0   0   0   0   0  2.05 0.43
  179 G    -2  -5  -3  -4  -5  -4  -5   7  -5  -5  -5  -4  -5  -5  -5  -3  -4  -5  -5  -1    1   0   0   0   0   0   0  92   0   0   0   0   0   0   0   0   0   0   0   7  1.86 0.41
  180 Q    -4  -1  -3  -3  -6   8  -1  -5  -1  -6  -5   1  -3  -6  -4  -3  -3  -5  -4  -5    0   0   0   0   0  92   0   0   1   0   0   7   0   0   0   0   0   0   0   0  2.13 0.53
  181 R    -4   8  -3  -4  -6  -1  -2  -5  -2  -5  -5   2  -4  -4  -5  -3  -4  -4   2  -5    0  85   0   0   0   0   0   0   0   0   0   8   0   0   0   0   0   0   7   0  1.80 0.43
  182 S    -1  -3  -2  -3  -2  -3  -3  -2  -3  -5  -5  -3  -4  -5   1   6   1  -5  -4  -4    0   0   0   0   0   0   0   2   0   0   0   0   0   0   7  84   7   0   0   0  1.31 0.40
  183 E    -3  -2  -3  -1  -6   5   7  -5  -1  -6  -5  -1  -4  -6  -4  -2  -3  -5  -4  -5    0   0   0   0   0  24  75   0   1   0   0   0   0   0   0   0   0   0   0   0  1.61 0.42
  184 R    -4   8  -3  -4  -6  -2  -3  -5  -3  -6  -5   0  -4  -5  -5   0  -3  -5  -4  -5    0  93   0   0   0   0   0   0   0   0   0   0   0   0   0   7   0   0   0   0  2.02 0.47
  185 K    -3   5  -2  -3  -5   4  -1  -4  -1  -4  -1   4  -3  -5  -2  -2  -2  -4  -3  -4    1  39   0   0   0  21   0   0   1   0   7  30   0   0   1   0   1   0   0   0  0.92 0.29
  186 R    -3   2  -3  -3  -6  -1  -2  -4  -3  -5  -5   7  -4  -6  -4  -3  -3  -6  -4  -5    0   9   0   0   0   0   0   0   0   0   0  91   0   0   0   0   0   0   0   0  1.76 0.44
  187 W    -6  -6  -7  -8  -6  -5  -6  -6  -5  -6  -5  -6  -5  -2  -7  -6  -6  13   3  -6    0   0   0   0   0   0   0   0   0   0   0   0   0   0   0   0   0  93   7   0  4.21 0.69
  188 F    -3  -4  -4  -4  -3  -4  -4  -5  -4   6   0  -4  -1   4  -4  -3   0  -3   0   0    1   0   0   0   0   0   0   0   0  61   3   0   0  23   0   0   5   0   3   1  0.95 0.27
  189 E    -3  -1  -2  -3  -5   4   1  -4   9  -5  -4  -1  -2  -4  -4  -3  -3  -4  -1  -4    1   2   0   0   0  19   9   0  62   0   1   3   1   0   0   0   0   0   0   0  1.61 0.37
  190 C    -2  -5  -5  -5  11  -5  -5  -5  -5  -4  -3  -5  -4  -3  -5  -2  -3  -4  -4  -3    1   0   0   0  89   0   0   0   0   0   2   0   0   1   0   2   0   0   0   0  2.92 0.51
  191 F    -4  -5  -5  -5  -4  -5  -5  -5  -3  -2  -2  -5  -2   9  -5  -4  -4  -1   1  -3    1   0   0   0   0   0   0   0   0   0   1   0   0  93   0   1   0   0   0   0  2.20 0.44
  192 D    -3  -2  -1   4  -5   0   6  -3  -2  -4  -4  -1  -4  -5  -3   0  -1  -4  -4  -4    1   0   0  25   0   1  61   0   0   0   1   0   0   0   0   5   3   0   0   0  1.13 0.30
  193 S    -1  -2   5   3  -1  -2  -1   1  -1  -4  -4  -2  -3  -4  -3   2  -1  -4  -3  -4    2   0  41  16   2   0   1  12   1   0   1   1   0   0   0  21   0   0   0   0  0.74 0.23
  194 V    -2  -4  -4  -5  -3  -4  -4  -5  -5   2  -1  -4  -1  -3  -4  -3  -2  -4  -3   7    1   0   0   0   0   0   0   0   0   9   1   0   0   0   0   0   0   0   0  85  1.30 0.34
  195 T    -2  -3  -2  -3  -3  -3  -3  -4  -4   0  -3  -2  -2  -4  -3  -1   7  -4  -4  -2    1   0   0   0   0   0   0   0   0   6   1   1   0   0   0   0  86   0   0   0  1.44 0.39
  196 S     3  -3  -2  -2  -1  -2  -2  -2  -3  -4  -4  -2  -3  -4  -3   6   0  -4  -3  -3   23   0   0   0   1   0   0   0   0   0   1   0   0   0   0  69   1   0   0   1  1.00 0.32
  197 I    -3  -4  -5  -5  -3  -4  -5  -5  -5   7   1  -4  -1  -2  -4  -4  -3  -4  -3   1    1   0   0   0   0   0   0   0   0  81   9   0   0   0   0   0   0   0   0   5  1.28 0.32
  198 L    -3  -4  -4  -4  -3  -3  -4  -4  -4   5   3  -4   5  -1  -4  -3  -2  -3  -3   1    1   0   0   0   0   0   0   0   0  44  31   0  17   0   0   0   0   0   0   3  0.82 0.24
  199 F    -4  -4  -5  -5  -4  -5  -5  -5  -3  -2  -2  -5  -2   9  -5  -4  -4  -1   3  -3    1   0   0   0   0   0   0   0   0   0   1   0   0  87   0   0   0   0   6   0  2.03 0.41
  200 L    -3  -4  -4  -5   5  -3  -4  -5  -4   0   5  -4   3  -2  -4  -3  -3  -3  -3   0    1   0   0   0  14   0   0   0   0   0  70   0   8   0   0   0   0   0   0   2  0.98 0.27
  201 V     2  -4  -4  -4  -2  -3  -3  -4  -4   0  -1  -3  -1  -3  -3  -2  -1  -4  -3   6   22   0   0   0   0   0   0   0   0   1   1   0   0   0   0   0   1   0   0  70  0.94 0.29
  202 S     5  -3  -2  -3  -2  -2  -2  -2  -3  -3  -3  -2  -3  -4  -2   4  -1  -4  -3  -2   54   0   0   0   0   0   1   0   0   0   1   0   0   0   0  39   0   0   0   0  0.89 0.29
  203 S    -1  -3  -3  -3  -2  -3  -3  -3  -3   0   4  -3   2  -2  -3   3  -1  -3  -3  -1    1   0   0   0   0   0   0   0   0   4  53   0   4   0   0  30   3   0   0   2  0.56 0.22
  204 S    -1  -3   1  -2  -2  -2  -2  -2  -3  -4  -4  -2  -3  -4  -3   7  -1  -4  -4  -4    1   0   6   0   1   0   0   0   0   0   1   0   0   0   0  87   0   0   0   0  1.34 0.38
  205 E    -1  -2  -2   0  -5   0   7   1  -2  -5  -4  -1  -4  -5  -3  -2  -3  -4  -4  -4    5   0   0   1   0   0  80  10   0   0   1   0   0   0   0   0   0   0   0   0  1.31 0.35
  206 F    -4  -4  -4  -5  -4  -4  -4  -5  -1  -3  -3  -4  -3   5  -5  -4  -4   0   9  -3    1   0   0   0   0   0   0   0   0   0   1   0   0  20   0   0   0   0  74   0  1.96 0.41
  207 D    -4  -4  -1   8  -5  -2  -1  -3  -3  -5  -5  -3  -5  -5  -3  -2  -3  -6  -5  -5    1   0   0  94   0   0   0   0   0   0   1   0   0   0   0   0   0   0   0   0  2.05 0.43
  208 Q    -3  -1  -2  -3  -5   8   0  -4  -2  -4  -2  -1  -1  -5  -2  -2  -3  -4  -4  -4    1   1   0   0   0  86   2   0   0   0   5   0   1   0   1   0   0   0   0   0  1.74 0.44
  209 V    -2  -2  -3  -4   2  -3  -4  -4  -4   2  -1  -3  -1  -1  -4  -2  -1  -4  -3   6    1   2   1   0   5   1   0   0   0   6   2   0   0   3   0   3   1   0   0  72  0.86 0.27
  210 L    -3  -3  -5  -5  -3  -4  -4  -5  -4   1   6  -4   1  -1  -4  -4  -3  -3  -3  -1    1   1   0   0   0   0   0   0   0   4  88   0   2   0   0   0   0   0   0   0  1.17 0.31
  211 M     1  -2  -3  -3  -3  -2   1  -3   3  -1   0  -2   5   2  -3  -1  -2  -2   1   2   15   0   0   0   0   0   9   0  10   0   8   0  22  10   0   2   0   0   5  16  0.30 0.16
  212 E    -3  -2  -2  -1  -5   0   7  -4  -2  -5  -5  -1  -4  -5  -3  -2  -3  -5  -4  -4    1   1   0   0   0   0  93   0   0   0   1   0   0   0   0   0   0   0   0   0  1.76 0.42
  213 D    -2  -2   2   6   2  -2   0  -2  -2  -4  -4  -1  -4  -4  -3   3  -1  -5  -4  -4    1   2   8  51   5   0   2   0   0   0   1   1   0   0   0  25   1   0   0   0  0.89 0.26
  214 R    -2   5   0   4  -5   1   3  -3  -1  -5  -4   0  -4  -5  -3  -1  -2  -5  -4  -4    1  38   4  23   0   4  23   1   1   0   0   1   0   0   0   3   0   0   0   0  0.81 0.25
  215 Q    -2   2   4  -1  -3   2   0  -3  -1  -2   0   1  -1  -3  -2   0   2  -4  -3  -2    1  13  29   0   0  10   4   0   0   1  10   9   1   0   1   3  17   0   0   1  0.37 0.17
  216 T    -2  -3  -2   1  -4  -1   4  -4  -3  -2  -3  -2   1  -4  -3  -1   5  -5  -4  -1    1   0   0   7   0   1  33   0   0   1   0   1   3   0   0   0  50   0   0   3  0.84 0.30
  217 N    -4  -3   9  -1  -6  -3  -3  -3  -2  -6  -6  -2  -5  -6  -5  -2  -3  -7  -5  -6    0   0  99   0   0   0   0   0   0   0   0   1   0   0   0   0   0   0   0   0  2.35 0.52
  218 R    -4   8  -3  -4  -2  -1  -3  -5  -3  -6  -5   0  -4  -6  -5  -3  -4  -6  -4  -5    0  99   0   0   1   0   0   0   0   0   0   0   0   0   0   0   0   0   0   0  2.24 0.50
  219 L    -3  -4  -5  -6  -4  -3  -5  -6  -4  -1   4  -4   8  -2  -5  -4  -3  -4  -3  -1    0   0   0   0   0   0   0   0   0   0  43   0  54   0   0   0   0   0   0   2  1.53 0.40
  220 T    -2   0  -2  -1  -2   2   4  -3   4  -2  -2   1   0  -4  -3  -1   1  -4  -2   0    0   3   0   1   1   9  37   0  11   2   3   9   2   0   0   2  12   0   0   9  0.44 0.19
  221 E    -4  -3  -3  -1  -7  -1   8  -5  -3  -6  -6  -2  -5  -6  -4  -3  -4  -6  -5  -5    0   0   0   0   0   0 100   0   0   0   0   0   0   0   0   0   0   0   0   0  2.09 0.50
  222 S     0  -3  -2  -3  -3  -3  -3  -3  -3  -5  -5  -3  -4  -5  -3   7  -1  -5  -4  -4    4   0   0   0   0   0   0   0   0   0   0   0   0   0   0  96   0   0   0   0  1.66 0.47
  223 L    -3   1  -3  -4   3  -2  -3  -4  -3  -1   4   4   3  -2  -4  -3  -3  -4  -3  -2    0   7   0   0   6   1   0   0   0   0  46  29  11   0   0   0   0   0   0   0  0.63 0.25
  224 N     4  -1   4   0  -3  -2  -2  -2  -1  -4  -4   2  -1  -3  -3   0  -1  -5  -3  -3   42   1  29   5   0   0   0   1   1   0   0  14   2   1   0   4   2   0   0   0  0.60 0.24
  225 I    -3  -4  -5  -5  -3  -4  -5  -6  -5   5   5  -5   0  -2  -5  -4  -3  -4  -3   0    0   0   0   0   0   0   0   0   0  35  62   0   0   0   0   0   0   0   0   3  1.08 0.30
  226 F    -5  -6  -6  -6  -5  -6  -6  -6  -4  -3  -2  -6  -3   9  -7  -5  -5  -2   0  -4    0   0   0   0   0   0   0   0   0   0   0   0   0  99   0   0   0   0   0   0  2.57 0.52
  227 E    -3   2  -1   4  -3   1   4  -1   1  -5  -4   2  -3  -4  -3  -1  -2  -4  -1  -4    0  15   1  28   0   3  29   5   3   0   0  13   0   0   0   1   0   0   3   0  0.65 0.21
  228 T    -2  -3  -1  -3  -3  -3  -3  -4  -2  -3  -3  -3  -3  -5  -3   2   7  -5  -4  -3    1   0   2   0   0   0   0   0   1   0   1   0   0   0   0  16  79   0   0   0  1.36 0.40
  229 I    -4  -5  -6  -6  -4  -5  -6  -6  -6   8   0  -5  -1  -3  -5  -5  -1  -5  -4   1    0   0   0   0   0   0   0   0   0  93   1   0   0   0   0   0   3   0   0   3  1.71 0.42
  230 V    -2  -5  -5  -5   5  -4  -5  -5  -5   5   1  -4  -1  -2  -4  -3  -2  -4  -3   4    0   0   0   0  16   0   0   0   0  36   7   0   0   0   0   1   1   0   0  40  0.95 0.27
  231 N    -3  -1   6  -1  -4  -2   0  -2   1  -4  -5  -2  -2  -5  -4   1   3  -5  -4  -4    0   1  55   0   0   0   5   1   3   0   0   0   1   0   0   8  24   0   0   0  1.04 0.32
  232 N    -3  -3   6  -2  -4  -3  -3  -3   0  -3  -1  -3  -3   0  -4   0  -2   1   6  -4    0   0  50   0   0   0   0   0   1   1   6   0   0   3   0   7   0   1  31   0  1.08 0.33
  233 R    -2   4   0  -2  -5   0  -1  -4  -3  -4  -4   4  -2  -5   5  -1  -1  -5  -4  -3    1  22   3   1   0   3   3   0   0   0   0  28   1   0  32   2   2   0   0   2  0.86 0.24
  234 V    -2  -5  -3  -6   0  -4  -5  -5  -5  -1  -1  -5  -3  -1  -6  -3  -1  11   0   2    3   0   1   0   2   0   0   0   0   3   5   0   0   1   0   1   5  61   2  15  2.17 0.44
  235 F    -5  -6  -6  -6  -5  -6  -6  -6  -4  -3  -2  -6  -3   9  -7  -5  -5  -2   0  -4    0   0   0   0   0   0   0   0   0   0   1   0   0  99   0   0   0   0   0   0  2.52 0.51
  236 S     0   0  -1  -2  -1   4   0  -3   0  -2  -1   1  -2  -1  -2   2   2  -3  -2  -1    6   3   2   0   1  25   4   0   2   2   6   9   0   3   0  17  15   0   0   4  0.26 0.14
  237 N    -2   0   6   2  -4   0   1   0   1  -5  -5   1  -4  -4  -3   1   0  -5  -2  -4    1   3  48  13   0   2   7   5   3   0   0   7   0   0   0   7   3   0   1   0  0.74 0.23
  238 V     0  -3  -2  -3  -2  -3  -3  -3  -4   1  -2  -3  -2  -3  -3   3   3  -4  -3   4    6   0   0   0   0   0   0   0   0   6   0   0   0   0   0  32  25   0   0  32  0.59 0.25
  239 S    -1  -3  -2  -3  -3  -3  -3  -3  -4  -5  -5  -3  -4  -5  -3   7  -1  -6  -4  -4    1   0   0   0   0   0   0   0   0   0   0   0   0   0   0  99   0   0   0   0  1.73 0.48
  240 I    -3  -5  -5  -5  -3  -4  -5  -6  -5   6   0  -4   0  -1  -5  -3  -1  -5  -3   4    0   0   0   0   0   0   0   0   0  61   1   0   2   1   0   1   3   0   0  31  1.12 0.31
  241 I    -4  -6  -6  -6  -4  -5  -6  -6  -6   8  -1  -5  -1  -3  -5  -5  -3  -5  -4   0    0   0   0   0   0   0   0   0   0 100   0   0   0   0   0   0   0   0   0   0  1.95 0.46
  242 L    -4  -5  -6  -6  -4  -5  -5  -6  -5  -1   6  -5   0  -2  -5  -5  -4  -4  -3  -1    0   0   0   0   0   0   0   0   0   0 100   0   0   0   0   0   0   0   0   0  1.58 0.40
  243 F    -5  -6  -6  -6  -5  -6  -6  -6  -4  -3  -2  -6  -3   9  -7  -5  -5  -2   0  -4    0   0   0   0   0   0   0   0   0   0   0   0   0 100   0   0   0   0   0   0  2.59 0.52
  244 L    -4  -4  -6  -6  -4  -4  -5  -6  -5  -1   6  -5   2  -2  -5  -5  -3  -4  -3  -1    0   0   0   0   0   0   0   0   0   0  97   0   3   0   0   0   0   0   0   0  1.51 0.38
  245 N    -4  -3   9  -1  -6  -3  -3  -3  -2  -6  -6  -3  -5  -6  -5  -2  -3  -7  -5  -6    0   0 100   0   0   0   0   0   0   0   0   0   0   0   0   0   0   0   0   0  2.42 0.53
  246 K    -3   0  -3  -3  -6  -1  -2  -4  -3  -5  -5   8  -4  -6  -4  -3  -3  -6  -5  -5    0   0   0   0   0   0   0   0   0   0   0 100   0   0   0   0   0   0   0   0  2.00 0.49
  247 T    -2  -1  -2  -3  -4  -1  -1  -4  -2  -1  -3   4   3  -3  -3   0   5  -4  -3  -2    0   0   0   0   0   0   2   0   1   4   0  38   8   0   0   3  42   0   1   0  0.75 0.29
  248 D    -5  -4  -1   8  -6  -3  -1  -4  -4  -6  -7  -3  -6  -6  -4  -3  -4  -7  -6  -6    0   0   0 100   0   0   0   0   0   0   0   0   0   0   0   0   0   0   0   0  2.38 0.50
  249 L    -3  -3  -5  -6  -3  -4  -5  -6  -5   3   5  -4   0  -2  -5  -4  -3  -4  -3   0    0   1   0   0   0   0   0   0   0  19  78   0   0   0   0   0   0   0   0   2  1.15 0.31
  250 L    -4  -4  -6  -6  -4  -4  -5  -6  -5  -1   6  -5   0   4  -5  -5  -3  -3  -2  -1    0   0   0   0   0   0   0   0   0   0  81   0   0  19   0   0   0   0   0   0  1.27 0.34
  251 E    -1  -2  -2   0  -5   1   6  -3  -2  -4  -4   2  -4  -5  -3  -2  -2  -5  -4  -1    5   0   0   3   0   4  70   1   0   0   1  11   0   0   0   0   2   0   0   4  1.07 0.32
  252 E    -2  -1  -2   2  -6   1   7  -4  -2  -5  -5   0  -4  -6  -3  -2  -3  -5  -4  -5    1   1   1   8   0   5  79   0   0   0   1   3   0   0   0   1   0   0   0   0  1.41 0.38
  253 K    -3   0  -3  -3  -6  -1  -2  -4  -3  -5  -5   8  -4  -6  -4  -3  -3  -6  -5  -5    0   0   0   0   0   0   0   0   0   0   0 100   0   0   0   0   0   0   0   0  1.99 0.49
  254 V    -3  -5  -5  -5  -3  -5  -5  -6  -5   6   0  -5  -1  -2  -5  -4  -2  -5  -3   4    0   0   0   0   0   0   0   0   0  62   4   0   0   0   0   0   0   0   0  34  1.24 0.33
  255 Q    -1   1  -2  -3  -3   3  -1  -3  -1  -1   0   3   4  -3   1  -1   0  -4  -3  -2    4   8   0   0   0  17   0   0   1   2  10  24  18   0   8   2   4   0   0   1  0.37 0.18
  256 V    -2   0   0  -2  -2  -1   0  -3   4   1  -2   2  -2   0  -3   0   2  -2   4  -1    1   2   3   0   0   1   5   1  11  10   1  20   0   2   0   4  18   0  18   2  0.30 0.16
  257 V    -1  -3  -1  -3  -3  -3  -3  -3  -3  -2  -3  -3  -3  -4  -3   5   2  -5  -4   3    0   0   1   0   0   0   0   0   0   0   0   0   0   0   0  65   9   0   0  24  0.93 0.34
  258 S    -2  -3   2   3  -4  -2  -2  -3   7  -5  -4  -2  -4  -4   3   2  -2  -5  -2  -5    1   0   8  18   0   0   0   0  36   0   1   0   0   0  15  22   0   0   0   0  0.97 0.30
  259 I    -3  -4  -5  -5  -3  -4  -5  -6  -5   5   5  -4   1  -1  -5  -4  -3  -4  -3   0    0   0   0   0   0   0   0   0   0  35  61   0   1   1   0   0   0   0   0   1  1.05 0.29
  260 K     2   2  -1  -2  -3   0  -1  -1  -2   0  -2   3  -2  -3  -2   0   1  -4  -3   1   19  11   1   0   0   2   0   2   1   4   1  24   0   0   0   7  12   0   0  15  0.26 0.14
  261 D    -2  -2   0   5  -4   0  -1  -3  -2   1  -2   1  -2  -4  -2  -1   1   3  -3  -2    2   0   2  46   0   3   1   0   1  13   3   8   0   0   1   3  11   5   0   1  0.59 0.22
  262 Y    -3  -5  -4  -6   5  -4  -5  -6   1  -4  -4  -5  -4   1  -6  -4  -4  -1   9  -4    1   0   0   0  14   0   0   0   2   0   0   0   0   3   0   0   0   0  80   0  2.20 0.49
  263 F    -5  -6  -6  -6  -5  -6  -6  -6  -4  -3  -2  -6  -3   9  -6  -5  -5  -2   3  -4    0   0   0   0   0   0   0   0   0   0   1   0   0  94   0   0   0   0   5   0  2.38 0.49
  264 L    -3  -4  -4  -3  -5  -3  -3  -5  -5  -4   0  -3  -4  -5   8   0  -3  -6  -5  -4    1   0   0   1   0   0   1   0   0   0   9   0   0   0  80   7   1   0   0   0  2.12 0.43
  265 E    -2  -2  -1   3  -5   2   6  -3  -1  -5  -5  -1  -4  -5  -3   0  -2  -5  -4  -4    2   0   2  15   0  10  61   1   1   0   0   2   0   0   0   7   0   0   0   0  1.04 0.30
  266 F    -4  -5  -5  -6  -5  -5  -5  -6  -2  -3  -3  -5  -3   7  -6  -3  -4  -1   7  -3    0   0   0   0   0   0   0   0   0   0   0   0   0  54   0   1   0   0  45   0  1.95 0.43
  267 E    -1   0   0   3  -4   2   2  -3  -1  -3  -3   1  -3  -4  -1   0   3  -4  -3  -3    3   5   3  21   0  10  15   0   1   0   0   8   0   0   2   3  29   0   0   0  0.47 0.19
  268 G    -2  -5  -3  -2  -5  -4  -4   7  -4  -6  -6  -4  -5  -6  -5  -2  -4  -5  -6  -6    0   0   0   2   0   0   0  97   0   0   0   0   0   0   0   1   0   0   0   0  2.04 0.42
  269 D    -1  -2   1   4  -4  -2  -1  -2  -3  -4  -4  -1  -3  -4   6  -1  -2  -4  -4  -3    5   1   7  30   0   1   2   2   0   1   1   2   0   0  42   2   1   0   0   1  1.02 0.24
  270 P    -2   1  -2  -2  -4   3  -1  -3   0  -4  -4   3  -3  -4   6   0  -2  -5  -4  -4    1   6   1   1   0  13   2   0   2   0   0  21   0   0  44   6   1   0   0   0  1.01 0.26
  271 H    -2   3   2  -2   0   3  -1  -2   7  -4  -3   1  -3  -2  -3  -2  -1  -3   0  -4    2  14  12   0   2  19   0   3  30   0   2   9   0   1   0   1   2   0   2   0  0.68 0.24
  272 C    -2   0   2   6   5  -2  -1  -3  -3  -4  -4  -2  -3  -3  -3   1   1  -5  -3  -3    1   5   8  47  13   0   1   1   0   0   0   1   0   1   0  12   9   0   0   1  0.79 0.25
  273 L     3  -3  -3  -4  -2  -3  -3  -2  -1   0   3  -3   1   0   0  -2  -2  -2   3   1   29   0   0   0   0   0   0   2   2   3  30   0   2   3   5   1   1   0  12  10  0.32 0.17
  274 R    -1   2   0   0  -4   2   3  -1   0  -1  -2   1  -2  -3  -1   0   0  -4  -1  -2    4  12   5   4   0   9  31   3   1   4   4   6   0   0   2   4   6   0   2   2  0.28 0.13
  275 D     3  -2  -1   5  -3  -1   2  -2   0  -4  -4  -1  -4  -5  -2   0  -1  -5  -4  -3   34   0   1  41   0   1  11   0   2   0   1   2   0   0   0   5   1   0   0   0  0.73 0.25
  276 V     5  -4  -4  -4  -3  -3  -3  -1  -4  -1  -2  -3  -2  -4  -3  -2  -2  -5  -4   4   57   0   0   0   0   0   0   3   0   1   0   0   0   0   0   0   0   0   0  38  0.94 0.33
  277 Q     0   4  -2  -3  -2   6  -1  -3  -2  -3  -4   3  -1  -5  -3  -2  -2  -4  -3  -2   10  23   0   0   1  39   0   1   0   1   0  19   1   0   0   1   0   0   0   3  0.81 0.29
  278 K     1   1   2   1  -2   1   3  -2   1  -3  -3   2  -2  -2  -2   0  -1  -4  -3  -3   14   8  11   6   1   4  25   1   3   1   0  17   1   2   0   4   2   0   0   0  0.34 0.15
  279 F    -5  -4  -5  -6  -5  -5  -5  -6  -2  -3  -2  -5  -3   8  -6  -4  -4  -1   6  -3    0   0   0   0   0   0   0   0   0   0   0   0   0  74   0   1   0   0  24   0  2.03 0.46
  280 L    -3  -5  -4  -5  -3  -4  -4  -6  -5   6   3  -5   1  -2  -5  -4  -2  -4  -3   1    0   0   0   0   0   0   1   0   0  68  24   0   2   0   0   0   1   0   0   3  1.16 0.33
  281 V    -2  -2  -4  -4   0   2  -2  -5  -1   0   4  -2   0  -2  -4  -3  -2  -4  -3   3    1   1   0   0   2  14   1   0   2   0  50   2   1   0   0   0   0   0   0  24  0.56 0.24
  282 E     0   1   1   2  -2   3   2  -2   1  -4  -3   3  -2  -4  -2   0  -1  -4  -1  -3    7   7   6  13   1  14  15   1   3   0   1  22   0   0   0   4   3   0   2   0  0.36 0.15
  283 C    -2  -2  -4  -5   6   3  -3  -5  -3  -2   1   0   8  -2  -4  -2  -3  -4  -3  -2    1   1   0   0  19  13   0   0   0   0  12   6  44   1   0   2   0   0   0   0  1.06 0.35
  284 F    -5  -5  -5  -6  -5  -5  -5  -6  -3  -3  -2  -5  -3   8  -6  -5  -5  -1   6  -3    0   0   0   0   0   0   0   0   0   0   0   0   0  74   0   0   0   0  25   0  2.10 0.47
  285 R    -2   2  -1   1  -3   1   3  -3  -1   0  -1   0   0  -2  -3  -1  -1  -4  -3   2    1  17   1  10   0   6  23   0   1   3   4   4   3   1   0   1   3   0   0  22  0.27 0.15
  286 G     0   0   3   3  -3   0   1   0  -2  -4  -4   0  -3  -4  -3   3   0  -4  -3  -3    8   6  14  20   0   4   8   7   0   0   0   3   0   0   0  24   4   0   0   1  0.40 0.16
  287 K    -1   2  -2  -2  -2   1  -1  -3  -2   0   2   4   0  -3  -2  -1  -1  -4  -3   0    2   9   0   1   1   8   1   0   0   3  23  34   2   0   1   5   2   0   0   9  0.31 0.17
  288 R    -3   5   6  -1  -5  -1  -2  -3   1  -5  -5   0  -4  -5  -4   0  -3   0  -4  -5    0  39  45   1   0   1   1   1   3   0   0   4   0   0   0   4   0   2   0   0  1.15 0.35
  289 R    -2   5  -2  -2  -5  -1  -2  -4  -1  -4  -4   3  -2  -5   4   1  -2  -5  -4  -4    1  39   0   1   0   1   0   0   2   1   1  18   1   0  25  10   0   0   0   0  0.92 0.28
  290 D    -3   1   2   6  -5  -1   0  -3  -3  -5  -5   3  -4  -5  -3   1  -2  -6  -4  -5    1   7  10  48   0   1   1   0   0   0   0  24   0   0   0   9   0   0   0   0  0.94 0.29
  291 P     0   1  -1  -2  -2   0   1  -3  -3  -2  -4   0  -4  -5   6   0   0  -5  -4  -3    6   7   3   1   1   3  10   0   0   2   0   6   0   0  47   8   6   0   0   0  0.95 0.26
  292 L    -3  -4  -5  -5  -1  -4  -5  -5  -5   5   4  -4   0   0  -5  -4  -2  -4  -3   1    0   0   0   0   1   0   0   0   0  46  44   0   1   3   0   0   1   0   0   3  0.95 0.28
  293 Y    -5  -5  -5  -6  -5  -4  -5  -6  -1  -4  -3  -5  -3   5  -6  -5  -4  -1   9  -4    0   0   0   0   0   0   0   0   0   0   0   0   0  21   0   0   0   0  78   0  2.29 0.50
  294 H    -1  -2  -2  -3   3  -2  -2  -3   7  -4  -4  -3  -3  -3   2   3   2  -4   0  -4    3   0   0   0   6   0   0   0  35   0   0   0   0   1   8  32  11   0   3   0  0.89 0.30
  295 H    -5  -3  -2  -4  -6  -3  -3  -5  11  -6  -6  -4  -5  -4  -5  -4  -5  -5   0  -6    0   0   0   0   0   0   0   0  98   0   0   0   0   0   0   0   0   0   1   0  3.19 0.63
  296 F    -4  -5  -5  -6  -5  -3  -5  -6  -3  -1  -2  -5   2   8  -6  -5  -4  -1   4  -2    0   0   0   0   0   2   0   0   0   3   1   0   6  77   0   0   0   0  10   2  1.79 0.42
  297 T    -3  -4  -3  -4  -4  -3  -4  -4  -5  -4  -4  -3  -3  -5  -3  -1   8  -5  -4  -3    0   0   0   0   0   0   0   0   0   0   0   0   0   0   1   0  99   0   0   0  2.02 0.53
  298 T    -3  -5  -2  -5  10  -4  -5  -5  -5  -2  -4  -5  -2  -5  -5  -2   5  -5  -5  -3    0   0   2   0  58   0   0   0   0   1   0   0   1   0   0   0  38   0   0   1  2.02 0.47
  299 A     7  -4  -4  -4  -3  -3  -3  -2  -4  -4  -4  -3  -4  -5  -3  -1  -3  -5  -4  -3  100   0   0   0   0   0   0   0   0   0   0   0   0   0   0   0   0   0   0   0  1.72 0.47
  300 I    -3  -4  -3  -4  -3  -3  -4  -4  -4   4  -2  -3  -2  -4  -4  -2   6  -5  -4   1    0   0   0   0   0   0   0   0   0  28   0   0   0   0   0   0  63   0   0  10  1.13 0.37
  301 N    -4  -3   3   8  -6  -3  -1  -4  -3  -6  -6  -3  -6  -6  -4  -3  -3  -7  -6  -6    0   1  15  84   0   0   0   0   0   0   0   0   0   0   0   0   0   0   0   0  1.94 0.44
  302 T    -3  -4  -3  -4  -4  -3  -4  -4  -5  -3  -4  -3  -3  -5  -4  -1   8  -5  -4  -3    0   0   0   0   0   0   0   0   0   0   0   0   0   0   0   0 100   0   0   0  2.02 0.52
  303 E    -3   0   3   1  -5   2   6  -2   0  -5  -5   0  -4  -5  -3  -2  -1  -5  -3  -4    0   3  15   4   0   7  59   2   2   0   0   5   0   0   0   0   2   0   1   0  0.95 0.29
  304 N    -4  -3   9  -1  -6  -2  -3  -3  -2  -6  -6  -3  -5  -6  -5  -1  -3  -7  -5  -6    0   0  98   0   0   1   0   0   0   0   0   0   0   0   0   1   0   0   0   0  2.32 0.53
  305 I    -4  -6  -6  -6  -4  -5  -6  -6  -6   8  -1  -5  -1  -3  -5  -5  -3  -5  -4   1    0   0   0   0   0   0   0   0   0  95   0   0   1   0   0   0   0   0   0   4  1.82 0.44
  306 R    -3   7   0  -3  -6   3  -1  -4  -1  -5  -4   3  -3  -5  -4  -2  -3  -5  -4  -5    0  64   3   0   0  17   1   0   1   0   0  14   0   0   0   1   0   0   0   0  1.33 0.35
  307 L    -3  -1  -4  -5  -4  -4  -4  -5  -2  -1   1   0  -1   7  -5  -3  -2  -2   1   1    0   5   0   0   0   0   0   0   0   2  16   7   1  52   0   2   1   0   3  13  0.82 0.26
  308 V    -3  -5  -6  -6  -3  -5  -5  -6  -6   1  -2  -5  -2  -3  -5  -4  -3  -6  -4   7    0   0   0   0   0   0   0   0   0   1   0   0   0   0   0   0   0   0   0  99  1.77 0.45
  309 F    -5  -6  -6  -6  -5  -6  -6  -6  -4  -3  -2  -6  -1   9  -7  -5  -5  -2   0  -4    0   0   0   0   0   0   0   0   0   0   1   0   1  98   0   0   0   0   0   0  2.52 0.52
  310 R     2   2   1   2   0   0   0  -1   2  -2  -3   1  -2  -3  -2   0  -1  -4  -2  -2   22  15   6  17   2   3   2   2   8   1   0  10   1   0   0   5   3   0   1   2  0.26 0.13
  311 D     5  -3  -2   4  -3  -3  -2  -2  -3  -4  -4  -3  -3  -4  -3   1  -2  -5  -3  -2   61   0   0  28   0   0   0   0   0   0   0   0   0   0   0   9   0   0   1   2  0.94 0.32
  312 V    -3  -5  -5  -6  -3  -5  -5  -6  -6   1  -2  -5  -2  -3  -5  -4  -2  -5  -4   7    0   0   0   0   0   0   0   0   0   1   0   0   0   0   0   0   1   0   0  98  1.70 0.44
  313 K    -3   3  -1  -3  -5  -1  -1  -4  -3  -5  -4   6  -3  -5  -3  -2   2  -5  -4  -4    0  14   1   0   0   0   1   0   0   0   0  68   0   0   0   0  15   0   0   0  1.19 0.35
  314 D    -4  -4   0   8  -6  -3   0  -4  -2  -6  -6  -3  -6  -6  -4  -3  -3  -7  -6  -6    0   0   2  94   0   0   2   0   1   0   0   0   0   0   0   0   1   0   0   0  2.15 0.47
  315 T    -2  -3  -2  -3  -3  -3  -3  -4   1   1  -3  -3  -2  -2  -3   1   6  -5  -3   1    1   0   0   0   0   0   0   0   3   8   0   0   0   1   0   6  70   0   0  10  1.03 0.34
  316 I    -3  -5  -6  -6  -3  -5  -6  -6  -6   7   0  -5  -1  -2  -5  -5  -3  -5  -4   2    0   0   0   0   0   0   0   0   0  85   5   0   0   0   0   0   0   0   0  10  1.53 0.38
  317 L    -3  -4  -5  -6  -3  -4  -5  -6  -5   3   5  -5   1   0  -5  -4  -3  -4  -3  -1    0   0   0   0   0   0   0   0   0  17  79   0   2   2   0   0   0   0   0   0  1.16 0.32
  318 H     1   0  -2  -2  -5   6   1  -4   6  -5  -4   0  -2  -5  -3  -2  -3  -4  -2  -4   12   2   0   0   0  55   4   0  23   0   0   4   1   0   0   0   0   0   0   0  1.15 0.33
  319 D    -3  -2   5   5  -5  -1   4  -2  -1  -5  -5  -1  -4  -5  -3  -1  -2  -5  -4  -4    0   0  36  36   0   0  28   0   0   0   0   0   0   0   0   0   0   0   0   0  0.96 0.20

                      K         Lambda
Standard Ungapped    0.1406     0.3241
Standard Gapped      0.0529     0.2670
PSI Ungapped         0.1731     0.3170
PSI Gapped           0.0529     0.2670
