
Last position-specific scoring matrix computed, weighted observed percentages rounded down, information per position, and relative weight of gapless real matches to pseudocounts
            A   R   N   D   C   Q   E   G   H   I   L   K   M   F   P   S   T   W   Y   V   A   R   N   D   C   Q   E   G   H   I   L   K   M   F   P   S   T   W   Y   V
    1 V    -4  -5  -6  -6  -4  -5  -6  -6  -6   5   2  -5   5  -3  -5  -5  -3  -5  -4   5    0   0   0   0   0   0   0   0   0  29  17   0  14   0   0   0   0   0   0  40  1.17 0.49
    2 T    -3  -5  -3  -3  -5  -4  -4  -3  -4  -6  -5  -4  -5  -6   6   5   1  -7  -4  -5    0   0   0   1   0   0   0   2   0   0   1   0   0   0  36  51   8   0   1   0  1.53 0.72
    3 L    -4  -4  -5  -6  -4   0  -5  -6  -3   1   5  -4   0   0  -5  -4   0  -5  -3   0    0   1   0   0   0   5   0   0   1   8  68   0   2   3   0   0   7   0   1   4  1.06 0.52
    4 R     0   1   1  -1  -4   0   2   0  -1  -3  -4   1  -3  -3   0   3   1  -3  -2  -2    5  10   7   2   0   3  17   7   1   1   0   7   0   1   4  24   7   0   1   2  0.30 0.25
    5 D    -2   2   2   5  -5  -2   2  -2  -1  -5  -6   1  -5  -6  -4   1  -2  -2  -3  -4    2  11   9  37   0   0  14   2   1   0   0   9   0   0   0  11   1   1   1   1  0.76 0.42
    6 L    -3  -5  -7  -7  -5  -6  -6  -7  -6  -2   6  -6   4  -2  -7  -6  -1  -5  -5  -2    1   0   0   0   0   0   0   0   0   0  84   0   9   1   0   0   4   0   0   1  1.69 0.72
    7 F    -5  -6  -7  -7  -6  -7  -7  -7  -5  -1   3  -7  -2   8  -7  -6  -6   0   3  -3    0   0   0   0   0   0   0   0   0   2  23   0   0  64   0   0   0   1   8   1  1.92 0.74
    8 D    -1  -4   2   6  -6  -1   1  -2   0  -2  -3  -2  -3  -6  -4  -2   0  -6  -3  -3    6   0  10  52   0   3   8   2   3   2   3   2   1   0   0   2   5   0   1   1  0.97 0.49
    9 R    -4   6   4   0  -4  -1  -2  -5   4  -4  -2  -2  -4  -5  -4  -1  -3   0   0  -5    0  44  22   5   0   2   2   0  11   1   4   1   0   0   0   4   1   1   3   0  1.07 0.55
   10 A     6  -5  -6  -6  -4  -5  -5  -4  -6  -3  -3  -5  -4  -6  -5  -3  -2  -6  -5   3   74   0   0   0   0   0   0   0   0   0   1   0   0   0   0   0   2   0   0  21  1.55 0.74
   11 V    -1  -5  -4  -5  -4  -4  -5  -2  -5   4  -1  -4   4  -3  -5   1   2  -4  -4   4    5   0   0   0   0   0   0   3   0  24   2   0  13   0   0  11  11   0   0  31  0.72 0.43
   12 V    -2   0  -1  -2  -4   4   0  -3   0   2   1   1   3  -1  -3   0  -1  -1  -3  -1    1   5   3   1   0  21   5   1   2  13  15   7   9   3   0   6   4   1   0   2  0.27 0.26
   13 L    -4   4  -4  -5  -4   2  -3  -5   5  -1   4  -2   1  -3  -5  -3  -3  -5  -3   0    0  24   0   0   0   8   1   0  15   3  36   0   3   1   0   1   1   0   0   7  0.78 0.46
   14 S     4  -5  -4  -5  -5  -4  -4  -3  -5  -5  -5  -4  -5  -6  -5   6  -1  -7  -6  -5   36   0   0   0   0   0   0   1   0   0   1   0   0   0   0  60   2   0   0   0  1.54 0.77
   15 H    -3  -1   0   2  -6   4   2  -3   8  -6  -5  -3  -3  -5  -5  -1  -4  -2   1  -6    2   2   4  10   0  20  14   2  36   0   0   0   1   0   0   3   1   1   5   0  1.20 0.59
   16 Y    -3   3   3   0  -4   0  -1  -3   4  -2  -1   1  -2  -1  -4  -2   0  -3   5  -3    1  17  13   6   0   3   4   1  10   2   7   7   1   2   0   1   5   0  20   1  0.47 0.33
   17 I    -2  -5  -2  -6  -4  -5  -6  -6  -6   6   3  -5   4   0  -6  -4   1  -5  -4   0    4   0   2   0   0   0   0   0   0  42  29   0  10   3   0   1   8   0   0   2  0.99 0.50
   18 H    -4  -1   1  -4  -6  -2  -4  -6   9  -6  -4  -3  -3   0  -4   1  -2  -5   4  -4    1   3   5   0   0   1   0   0  52   0   2   1   0   4   1  12   3   0  13   1  1.65 0.72
   19 N    -1   1   3   0  -4   3   0  -2   1   0  -2   1  -1  -2  -3   2   0  -4  -3  -2    2   9  17   4   0  15   4   2   3   6   3   7   2   2   0  15   5   0   0   2  0.28 0.25
   20 L    -3  -3  -6  -6  -5   0  -2  -6   3   0   5  -4   1  -1  -5  -5  -4  -5  -4   1    1   1   0   0   0   4   3   0   6   3  67   1   2   2   0   0   0   0   0  10  1.08 0.55
   21 S     4  -4  -1  -4  -3  -4  -4  -3  -4  -2  -5  -4  -4  -5  -4   5   1  -6  -1  -1   33   0   2   0   0   0   0   1   0   3   0   0   0   0   0  47   7   0   2   4  1.02 0.59
   22 S     2  -1  -1  -1  -3  -2   1  -2  -3  -1  -2  -3  -1   2  -3   3   3  -1  -2  -2   19   4   2   3   0   1   8   2   0   4   2   0   2   9   0  22  20   1   0   2  0.34 0.31
   23 E    -2  -3  -2   5  -6   1   5  -3  -4   0  -4   0  -2  -6  -4  -2  -1  -6  -5  -4    2   0   1  33   0   7  35   2   0   7   1   6   1   0   0   2   4   0   0   0  0.91 0.50
   24 M    -2  -4  -5  -6  -3  -4  -5  -6  -5   1   3  -5   7  -3  -5   0   3  -5  -4   0    3   0   0   0   0   0   0   0   0   8  25   0  34   0   0   6  19   0   0   5  1.04 0.56
   25 F    -4   0  -3  -6   3  -3  -5  -6   3  -4  -1  -5  -3   6  -6  -1   0  -2   6  -3    0   5   1   0   7   1   0   0   6   0   5   0   0  32   0   5   7   0  28   1  1.14 0.56
   26 S    -2   1   3  -2  -4   4  -1  -4   2  -1  -3   2  -1  -5  -3   1   2  -3  -2  -2    2   6  18   1   0  18   2   0   5   4   2  15   1   0   0  12  12   0   1   2  0.45 0.34
   27 E    -2  -3  -3   3  -6   0   6  -4  -1  -2  -1   0  -1  -6  -5  -3  -3  -6  -4  -4    2   1   0  15   0   2  59   1   1   3   6   5   1   0   0   0   1   0   0   1  1.13 0.60
   28 F    -6  -7  -7  -7  -3  -5  -7  -7  -5  -2   1  -7  -2   9  -5  -6  -6  -3   1  -4    0   0   0   0   0   1   0   0   0   2  11   0   1  81   1   0   0   0   3   1  2.42 0.89
   29 D    -4  -3   2   5  -6  -1   5  -1   0  -5  -4  -2  -5   0  -4  -2  -3  -6  -5  -5    1   1   8  36   0   1  36   5   2   0   2   2   0   4   0   1   1   0   0   0  1.06 0.53
   30 K    -2   4   0  -1  -5   2   3  -4  -1  -3  -3   3   1  -4  -2   0  -2  -5  -4  -4    1  20   3   3   0  11  21   1   1   2   2  18   4   0   2   8   2   0   0   1  0.55 0.35
   31 G     0   0   1  -1  -4   2   0   0   3  -3  -2   2   2  -2  -3  -1   0   3   1  -3    8   3   8   2   0  10   4   7  10   1   3  15   7   2   1   3   6   5   4   0  0.24 0.22
   32 F    -5  -2  -4  -6  -1  -3  -5  -6  -1  -2  -1  -4  -3   7  -6  -5  -4  -1   7  -2    0   2   1   0   1   2   1   0   1   1   5   1   0  41   0   0   1   0  39   3  1.69 0.69
   33 I     0  -3  -3  -4   0  -2  -4  -2  -3   4   1  -3   2   2   2  -1  -2  -3   2   1    8   1   1   0   2   2   0   2   0  29  11   1   5   7  10   5   2   0   7   7  0.33 0.24
   34 T    -1  -2   1   1  -4  -2  -1  -2   0   1  -2  -2  -2  -2   6   0   0  -5  -4  -1    4   2   6   7   0   2   3   2   2   9   4   2   1   2  38   8   5   0   0   4  0.65 0.35
   35 K    -3   3   2  -1  -5   2   2  -1  -3  -5  -4   4  -1  -4   1  -1  -1  -5  -4  -4    1  19  10   3   0   7  11   4   0   0   1  29   2   0   6   3   3   0   0   1  0.57 0.35
   36 A     3   1   0   0  -3   1   1   0  -1  -1  -2  -1   0  -2   0   0   0  -3  -2   0   28   9   4   4   0   6  10   7   1   2   1   1   2   1   4   7   4   0   1   7  0.18 0.19
   37 I    -2   0  -2  -3  -3   3  -2   0  -2   1   1  -1   1  -1   2   0   2   1  -2  -1    2   5   1   0   0  15   0   7   0  11  15   2   4   2  12   5  13   2   1   3  0.21 0.22
   38 N    -1   3   3  -1  -3  -2  -2  -2  -1  -2  -3   2   1  -3  -4   3   1  -4   0  -2    2  15  16   3   0   0   1   2   1   2   1  13   4   1   0  21  10   0   4   3  0.37 0.31
   39 S     0   0  -1  -1   0  -2  -2  -2   2  -2  -1   1   2   0  -1   3   0  -3   3  -3    5   4   2   3   2   1   1   2   6   2   6   8   6   3   2  27   6   0  13   0  0.26 0.26
   40 C    -5  -8  -7  -8  12  -7  -8  -7  -7  -6  -6  -8  -6  -7  -7  -5  -6   0  -2  -6    0   0   0   0  95   0   0   0   0   0   0   0   0   0   0   1   0   2   2   0  4.13 1.26
   41 H    -5  -5  -3  -5  -3  -2  -4  -4  10  -1  -5  -5  -3   3  -1  -4  -4  -5   2  -5    0   0   1   0   1   2   1   1  65   4   0   0   0  14   4   1   1   0   6   1  2.20 0.84
   42 T    -2  -3  -1  -4  -5  -4  -4  -3  -5  -5  -5  -3  -2  -6  -5   4   7  -6  -5  -4    1   1   3   0   0   0   0   2   0   0   0   1   1   0   0  26  64   0   0   1  1.56 0.76
   43 S     1  -2   2   1  -4  -2   3  -3  -3  -3  -3   1  -3  -2  -2   4  -1  -5  -1  -3   12   1   9   7   0   0  18   1   0   1   2   7   0   2   2  32   3   0   3   2  0.44 0.34
   44 S     0  -2   0  -2  -3  -1  -3  -2  -3  -3  -3  -3  -3   0   0   5   2  -5  -4  -3    8   2   3   1   0   2   0   2   0   1   2   0   0   4   5  54  13   0   0   1  0.82 0.51
   45 L    -4  -4  -5  -6  -4  -5  -5  -6  -3   5   4  -5   1   2  -2  -4  -2  -4  -3   0    0   1   0   0   0   0   0   0   1  41  37   0   3   9   2   1   2   0   0   3  1.01 0.48
   46 A     0  -2   0  -1  -4   1  -2  -3   4  -3  -1   0  -3  -3   5   1   1  -5  -2  -3    6   1   5   3   0   7   1   1   9   1   7   5   0   1  33  10   8   0   1   1  0.64 0.37
   47 T     1  -3  -4  -4  -4  -4  -4  -4  -5   2  -2  -3  -2  -1  -2  -1   6  -5  -2  -1   12   1   0   0   0   0   0   1   0  14   3   1   1   2   1   3  56   0   2   3  1.00 0.56
   48 P    -3  -6  -6  -4  -7  -5  -5  -6  -6  -7  -4  -5  -4  -7   9  -2  -4  -8  -7  -6    2   0   0   1   0   0   0   0   0   0   2   0   1   0  91   3   1   0   0   0  2.93 1.04
   49 E    -1  -2   2   0  -4   0   4  -2  -2  -2  -2   0  -1  -3  -3   2   3  -5  -4  -1    3   0  12   3   0   3  28   2   1   2   3   5   1   1   0  13  17   0   0   4  0.41 0.32
   50 D    -3  -2   4   4  -5  -2   1   2  -2  -4  -5  -2  -4  -5   0   2   0  -6  -5  -4    1   1  24  21   0   0   8  17   0   1   0   1   0   0   4  14   7   0   0   0  0.65 0.39
   51 K    -4   3  -2  -4  -6  -1  -1  -3  -1  -2  -3   6   3  -6  -4  -2  -3  -6  -5  -4    0  14   1   0   0   1   3   2   1   3   2  60   7   0   1   2   1   0   0   1  1.22 0.60
   52 E    -2  -1  -1   3  -6   0   6  -3  -3  -4  -6   0  -5  -6  -3   0  -2  -6  -4  -4    2   3   2  16   0   2  55   2   0   1   0   5   0   0   1   7   2   0   0   1  1.08 0.55
   53 Q    -4  -2   1   0  -6   5   5  -3   0  -4  -5   1  -4  -6  -4  -3  -2  -5  -2  -4    0   1   6   4   0  31  38   2   2   1   0   9   0   0   0   0   2   0   1   1  1.07 0.57
   54 A     5  -3  -3  -4  -3  -4  -4  -3  -2   2  -2  -4  -2  -3  -4  -1   2  -5  -3   2   51   1   1   0   0   0   0   1   1  11   2   0   1   1   0   2  14   0   1  14  0.79 0.48
   55 Q    -3   1  -3  -4  -3   6  -1  -5   3  -2   2  -1   0  -4  -3  -4  -3  -5  -2  -3    1   8   1   0   1  44   3   1   8   2  24   2   2   0   1   0   1   0   1   1  0.95 0.56
   56 Q    -2   1   1  -2  -6   7   1  -4   0  -6  -4   2   0  -6  -5  -2  -2  -6  -5  -4    2   7   5   2   0  51   8   1   2   0   1  13   2   0   0   1   2   0   0   1  1.13 0.60
   57 M    -2   1  -3  -3  -4  -2  -3  -5  -4   3   0   3   4  -2  -4  -1   2  -5  -3   1    1   6   1   1   0   0   0   0   0  21   8  18  12   1   0   3  17   0   1   9  0.45 0.33
   58 N    -1  -2   2  -1  -5   1  -1  -3   4  -4  -4   1  -4  -5   2   4   0  -3  -4  -5    3   1   9   2   0   7   4   1  11   1   1   9   0   0   8  40   4   0   0   0  0.70 0.45
   59 Q    -2   0   3   4  -4   0   1  -2   2  -2  -2  -1  -3  -1   2   0   0  -4   0  -2    1   4  16  23   0   2   9   3   5   3   5   2   0   3   9   6   5   0   3   3  0.32 0.24
   60 K    -3  -2  -1   0  -5   0   5  -3  -2  -1   0   2   2  -3  -3   0  -1  -5  -4  -1    1   1   2   4   0   2  38   1   0   3  12  14   5   0   1   8   2   0   0   4  0.51 0.36
   61 D    -3  -4   0   5  -6  -1   4  -3  -4  -3  -5  -2  -5  -1  -4  -3  -2   5  -3   1    2   0   4  33   0   2  30   2   0   1   0   1   0   3   0   1   2   7   1  11  0.87 0.48
   62 F    -5  -6  -7  -7  -5  -6  -7  -7  -6  -1   6  -6   1   2  -4  -6  -4  -5  -1  -3    0   0   0   0   0   0   0   0   0   1  83   0   3   9   1   0   1   0   2   0  1.69 0.71
   63 L    -4  -5  -6  -6  -5  -5  -6  -6  -6   1   6  -5   2  -2  -2   0   0  -5  -2  -1    0   0   0   0   0   0   0   0   0   5  72   0   3   1   2   7   6   0   1   4  1.18 0.57
   64 S    -3   4   2  -3  -3   0   0  -3   4  -2  -3   4  -2  -2  -4   1  -2  -5  -3  -5    1  19   8   0   0   4   5   2  12   2   1  32   1   2   0   9   1   0   0   0  0.68 0.40
   65 L    -2  -3  -3  -5  -4  -4  -2  -4  -4   2   3  -4   2   3  -3   1  -2   5   0   1    2   1   1   0   0   0   3   0   0  12  31   0   5  13   1  11   2   8   2   8  0.48 0.30
   66 I     0  -4  -4  -3  -2  -4  -4  -3  -5   4  -1  -4   2  -1  -4   3   1  -5  -4   3    8   0   0   1   1   0   0   1   0  27   3   0   4   2   0  25   7   0   0  20  0.60 0.39
   67 V    -3   1  -4  -4  -2  -3  -4  -6   0   3   5  -4   0  -1  -6  -3  -4   1  -3   0    1   9   0   1   1   1   1   0   2  17  55   0   2   1   0   2   0   2   1   3  0.84 0.45
   68 S    -1   1   1  -3  -4   0  -3  -1   0  -1   1   0   4  -2  -3   3   0  -4  -3  -1    2   8   8   0   0   3   0   4   2   3  16   5  11   1   0  26   6   0   0   4  0.29 0.28
   69 I    -5  -2  -6  -7  -5  -5  -6  -7  -6   3   6  -5   2  -1  -6  -6  -3  -5  -3   1    0   3   0   0   0   0   0   0   0  12  69   0   4   2   0   0   1   0   1   9  1.28 0.57
   70 L    -4  -5  -6  -6  -4  -5  -6  -6  -6   4   5  -5   2  -3  -6  -2  -2  -5  -4   2    0   0   0   0   0   0   0   0   0  25  52   0   4   0   0   4   1   0   0  13  1.11 0.51
   71 R    -3   3  -2  -2  -6   6   0   0   2  -4  -1  -1  -1  -3  -4  -2  -3  -2   3  -2    2  17   2   1   0  39   4   6   5   0   5   1   1   0   0   2   0   1  10   3  0.77 0.48
   72 S     4  -5  -4  -5  -2  -4  -4  -4  -5  -6  -4  -4  -2  -4  -3   6  -2  -3  -4  -5   34   0   0   0   1   0   0   0   0   0   1   0   1   1   1  60   1   0   1   0  1.42 0.73
   73 W    -8  -5  -9 -10  -8  -7  -8  -8  -8  -8  -7  -8  -7  -4  -9  -6  -8  13  -3  -8    0   1   0   0   0   0   0   0   0   0   0   0   0   0   0   1   0  98   0   0  5.15 1.53
   74 N    -2  -1   3   0  -4   0   0  -3   0   1   2   1   0  -2  -4  -1   0  -4   0  -1    2   3  20   4   0   3   7   1   2   9  20   8   2   1   0   4   5   0   4   4  0.20 0.20
   75 E    -3   0   3   4  -5  -1   4  -1   0  -5  -5   1  -5  -4  -3   0  -1  -5  -1  -3    0   4  12  25   0   1  27   5   2   0   0   7   0   1   1   7   3   0   2   2  0.64 0.38
   76 P    -4  -5  -4  -6  -3  -5  -5  -6  -4  -7  -6  -5  -6  -7   9  -2  -2  -7  -7  -6    1   1   1   0   1   0   0   0   1   0   1   0   0   0  90   3   2   0   0   0  2.88 1.02
   77 L    -4  -5  -6  -6  -4  -5  -6  -6  -6   0   6  -5   2  -2  -5  -4  -4  -5  -4   2    1   0   0   0   0   0   0   0   0   2  73   0   5   1   1   1   0   0   0  16  1.39 0.60
   78 Y    -1   0   0  -1  -3   4  -1  -4   3  -2  -2   1  -1   1  -4   0  -3   1   4   0    3   4   4   2   0  22   2   1   7   1   3  10   1   4   0   6   0   2  18   9  0.42 0.32
   79 H    -2  -3   0  -2  -6   1  -4  -6   9  -4  -1  -3  -3   3  -5  -3  -3  -4   3  -2    3   1   4   3   0   6   0   0  47   1   6   1   0  12   0   2   1   0   9   4  1.33 0.61
   80 L    -3  -4  -7  -7  -5  -4  -6  -7  -6  -1   6  -6   1   1  -5  -6  -5  -5  -3  -1    2   1   0   0   0   1   0   0   0   2  84   0   2   6   0   0   0   0   0   2  1.62 0.69
   81 V    -1  -1  -2  -2  -4   1  -2  -2   2   1  -1  -3  -1  -2  -4   2  -2   1   0   4    4   4   2   2   0   8   1   2   5   5   5   1   1   1   0  16   0   2   3  36  0.35 0.31
   82 T     0   1   1  -2  -3   1  -2  -1  -1  -2  -3   0  -1   0  -2   2   4  -1  -3  -3    8   9   5   1   0   5   1   5   2   1   1   5   2   5   1  15  33   1   0   1  0.38 0.33
   83 E     1  -3  -1   1  -4   0   4  -2  -1  -3  -4  -1  -3  -4  -3   2   3  -5  -3  -1   12   0   2   5   0   2  32   2   1   1   1   2   0   0   1  15  18   0   1   5  0.51 0.37
   84 V     1  -3   1  -2  -3  -3  -3  -4  -1   0   3  -3   4   2  -3   0  -2  -3  -2   1   12   0   7   2   0   0   1   0   1   4  29   0  11  11   1   6   1   0   0  12  0.34 0.27
   85 R     0   1   1   3  -4   1  -1  -1   1  -4  -4  -1  -3  -3   0   3   1  -3  -2  -2    8   8   8  16   0   7   2   3   3   1   0   2   0   1   4  27   6   0   1   2  0.35 0.28
   86 A     2   2   2   1  -3  -1  -2  -2   1  -3  -2  -2  -3  -3  -2   3   2  -4  -3  -2   20  11  10   8   0   1   1   1   4   0   5   0   0   1   1  23  11   0   0   2  0.35 0.30
   87 I    -3  -3  -3  -3  -4  -4  -5  -3  -4   5   1  -4   4   0  -5  -1  -2  -4   2   3    1   1   1   2   0   0   0   2   0  35  11   0  13   3   0   5   1   0   7  18  0.66 0.39
   88 L    -3  -3  -2   0  -4  -3  -4  -4  -1   1   4  -3   1   3  -2  -1  -3  -3   4  -1    1   1   2   6   0   1   0   1   2   9  41   1   2  10   2   7   1   0  13   2  0.50 0.35
   89 S    -1  -1   2   1  -4  -1   1   1   1  -4  -3  -1  -4  -1  -3   4   0   0  -2  -4    4   2   8   9   0   2   8   9   3   1   2   3   0   3   0  39   5   2   1   0  0.43 0.34
   90 K     0   2   0  -3  -4  -1  -2  -2  -1  -2  -1   5  -1  -4  -4   0   0  -5   0  -2    7  11   4   0   0   1   0   2   1   2   6  45   1   0   0   8   6   0   4   2  0.60 0.41
   91 A     4  -4  -2  -3  -3  -1  -3  -3  -4   1   1  -3  -2  -4   1   1   1  -5  -4   1   39   0   1   1   0   2   0   1   0   8  15   0   0   0   7   9   9   0   0   7  0.44 0.35
   92 V    -2   3   0   2  -4   1   0  -3  -1   0  -1   4  -1  -4  -3  -1  -1  -5  -4  -1    1  14   5  13   0   5   4   1   1   6   7  30   1   0   0   4   3   0   0   4  0.39 0.29
   93 E    -1   0   0   4  -5   1   4  -2  -3  -3  -3  -1   1  -5  -4  -1  -1   1  -3  -2    4   6   4  24   0   6  35   2   0   1   2   2   4   0   0   3   3   2   1   2  0.64 0.40
   94 I    -4  -5  -1  -6  -4  -5  -5  -6  -5   5   4  -5   3  -2  -2  -3  -3  -2  -2   3    0   0   3   0   0   0   0   0   0  34  35   0   7   0   2   1   0   1   1  16  0.91 0.47
   95 E    -3   0  -3  -1  -5   3   5  -3  -2  -4   0   2  -2  -1  -4   0  -3  -4   2  -1    0   5   0   2   0  13  36   2   0   0   9  10   1   2   0   7   0   0   7   5  0.54 0.40
   96 E     0  -1   2   2  -6   0   5  -1  -2  -4  -5   1  -5  -6  -4  -2   0  -6  -5  -4    6   2  10  10   0   2  46   5   1   1   0   9   0   0   0   1   5   0   0   1  0.80 0.48
   97 Q    -3   1   0  -3  -5   2  -2   2   2  -1  -2   5   3  -4  -4  -2  -1  -5  -2  -3    1   7   4   0   0  10   1  15   6   4   3  36   8   0   0   1   3   0   1   1  0.56 0.40
   98 T    -2  -4   3  -2  -3  -3  -3  -3  -1   3   2  -3   0  -1  -4   1   2  -4  -2   1    2   0  17   1   0   0   0   1   1  20  20   0   2   2   0  11  12   0   1   9  0.39 0.32
   99 K    -2   1   0  -1  -5   4   1  -3   2  -3  -1   5  -1  -4  -3   0  -2  -5  -2  -3    2   6   3   2   0  20   7   1   5   2   6  35   2   0   1   6   1   0   2   1  0.57 0.39
  100 R     0   1   0   1  -4   0   3   0  -2  -1  -3   1  -2  -3  -3   1   1   4  -1  -1    6   9   3   8   0   4  19   7   0   4   0   7   1   0   0   9   9   7   2   5  0.23 0.21
  101 L    -5  -6  -7  -7  -5  -6  -3  -7  -6   0   6  -6  -1  -2  -6  -6  -5  -5  -5   1    0   0   0   0   0   0   2   0   0   3  85   0   1   1   0   0   0   0   0   8  1.66 0.74
  102 L    -2   0  -2  -3  -4   3   1  -1  -3  -1   3  -1   4  -2  -4   0  -2  -4  -3  -2    2   4   2   1   0  14  10   6   0   3  32   2  13   1   0   7   2   0   0   1  0.37 0.33
  103 E     1   0  -1   2  -6   1   5   0  -2  -5  -5   0  -3  -6  -4  -2  -2   1  -5  -4   10   5   2  10   0   5  48   7   0   0   0   5   0   0   0   2   2   2   0   1  0.79 0.48
  104 R    -2   2  -2   1  -5  -3   0   5  -4  -5  -2   1  -4   1  -4  -2  -2  -2  -2  -4    2  11   1   7   0   0   5  49   0   0   4   9   0   6   0   1   2   1   1   0  0.74 0.42
  105 M    -3  -4  -4  -6  -4  -4  -5  -3  -5   4   4  -5   4  -3  -5  -4  -2  -5  -4   2    1   1   1   0   0   0   0   3   0  28  40   0  11   0   0   1   1   0   0  13  0.91 0.46
  106 E    -2   0   0   1  -5   2   5  -4  -1  -1  -3   3   0  -5  -3  -1  -3  -5  -4  -2    1   4   3   8   0  11  37   1   1   3   3  18   2   0   1   4   1   0   0   3  0.61 0.39
  107 L     0   2  -1   0  -3  -1  -1  -2  -1   0  -2   2   1  -3   2   1   1   0  -3   0    6  12   2   4   0   1   2   3   1   7   1  15   4   0  11  14  10   2   0   5  0.21 0.20
  108 I    -3   1  -4  -5  -4   1  -4  -1   1   5   2  -3   0  -3  -3  -4  -3  -4  -3   1    0   9   0   0   0   7   0   5   4  39  23   0   2   0   1   0   0   0   0   7  0.66 0.41
  109 V     0  -3  -2  -3  -3  -1   0  -2  -2   1   2  -3   2   2  -3   0   1  -3  -1   1    8   0   1   1   0   2   6   3   1  10  24   0   6  11   0   6  12   0   1   8  0.21 0.20
  110 S    -1   2   2  -1   1   1   0   3  -1  -3  -4   0  -3  -4  -1   3  -1  -4  -4  -3    1  11   8   3   3   7   7  22   1   1   1   4   0   0   2  24   2   0   0   2  0.38 0.29
  111 Q    -3   3   1  -1  -5   4   1   1  -3  -4  -2   4  -1  -5  -3  -2  -2  -2  -4  -3    1  13   6   2   0  24   8   9   0   0   3  25   1   0   0   2   2   1   0   2  0.61 0.40
  112 V    -1  -3  -4  -4  -3  -3  -4  -3  -4   4   1  -2   4  -1  -4  -1   0  -4  -3   4    3   1   0   0   0   1   0   2   0  29   9   3  11   2   0   4   4   0   0  30  0.62 0.36
  113 I    -2  -2   0   2  -3   0   0  -1  -3   2   1  -1   2   1  -2  -1  -1  -1  -1   1    1   1   4  15   0   5   6   5   0  14  15   2   5   8   1   2   2   1   2  11  0.14 0.16
  114 Y    -2  -1  -1   0  -4  -2  -1   0   1  -2  -3   1  -1   2   0  -1   0   0   6   0    2   3   3   6   0   1   2   6   3   2   1  10   1   6   4   5   5   1  29   8  0.35 0.28
  115 P    -1  -2  -1  -2  -4   3  -2   0  -3  -3   0  -3  -2  -2   5   1   1  -5  -4  -3    5   2   3   1   0  14   2   8   1   1  11   0   1   2  30  10   8   0   0   1  0.59 0.40
  116 V     1  -1   0  -2  -3  -1  -1  -1  -1   1  -1  -2   0   0   0   1   2  -3   0   2   12   2   4   1   0   2   2   4   1  10   4   1   2   4   5   8  17   0   4  16  0.15 0.18
  117 W    -1  -1  -6  -3  -3  -1  -3  -3  -1  -3  -2  -1  -1   0  -2  -3  -3  10   5  -4    6   4   0   2   1   3   1   2   2   1   5   4   2   3   2   2   2  42  16   1  1.58 0.71
  118 S    -2   1   0   1  -1   1  -1  -3  -2  -4  -2   1  -1  -2  -1   5   0   0  -1  -4    1   6   4   8   1   5   3   1   0   0   5   7   2   1   2  42   6   1   2   1  0.48 0.40
  119 G    -1  -1  -1  -1  -5  -1   1   4  -1  -3  -3   2   3  -5  -1   0  -1  -5  -2  -4    4   4   2   4   0   2   9  37   1   2   1  12   8   0   3   8   4   0   2   0  0.49 0.34
  120 L    -3  -4  -3  -5  -4  -1   0  -4  -3   1   4  -3   0   4   0  -2  -3   2   0  -2    1   1   1   0   0   3   6   1   1   5  47   1   1  17   5   3   1   3   2   1  0.65 0.42
  121 P     1  -1  -2   4  -5   0   0  -2  -4  -4  -4  -1  -4  -5   4   2  -1  -5  -2  -4   13   3   1  20   0   4   6   3   0   1   2   2   0   0  23  18   3   0   1   1  0.62 0.41
  122 S     0  -2  -1   2  -4  -2   0  -2  -3  -1   0  -3  -2   2  -2   4   2  -2   0  -2    6   1   2  12   0   1   4   2   0   3   9   0   1  10   1  31  12   1   3   2  0.33 0.32
  123 L    -3  -4   2   0  -4  -4  -4  -2  -3  -2   5  -4   0   0  -1  -4  -3  -2  -3  -1    2   1  12   6   0   0   0   4   1   1  58   0   2   3   3   1   1   1   0   3  0.78 0.48
  124 Q    -2   1  -1  -2  -4   5   0  -2  -1  -2   0   1   1  -2   1  -2   0  -1  -2  -2    3   8   2   1   0  28   3   3   1   2  12   9   4   2   7   2   7   1   1   3  0.35 0.30
  125 M     0  -1  -1  -2  -3   0  -2   0   1  -2  -1  -2   1   0   0   4   0  -4   0  -2    5   4   2   1   0   4   1   7   4   2   8   2   5   4   4  39   5   0   3   3  0.34 0.32
  126 A     1  -1   1   1  -4   0  -1  -2  -3  -2  -3  -2  -4  -3   2   4   2  -5  -3  -2   11   3   5   8   0   3   2   2   0   2   2   1   0   1   9  33  14   0   1   2  0.43 0.36
  127 D    -3  -3   3   6  -6  -1  -1  -1   3  -4  -6  -2  -5  -5  -5   0  -2  -5   3  -4    1   1  13  48   0   2   2   4   6   1   0   2   0   0   0   6   3   0   9   1  1.07 0.58
  128 E    -2   1   3   1  -6  -1   5  -1  -1  -4  -4   1   0  -6  -4  -2  -3  -6  -4  -3    2   6  14   8   0   1  44   4   1   1   1  10   2   0   0   2   1   0   0   2  0.81 0.50
  129 E    -3  -3   1   5  -5   0   4  -3   0  -1  -2  -1  -2  -5  -2  -1  -1  -5  -2  -3    2   0   6  38   0   4  23   1   2   5   4   3   1   0   1   3   3   0   2   2  0.75 0.44
  130 S     1   0  -2   2  -2   0   0  -1  -1  -1  -2  -2  -3  -2  -2   2   2   1  -2   0    9   4   1  14   1   4   7   3   2   4   2   0   0   1   1  20  15   2   1   9  0.23 0.24
  131 R     1   5  -1  -3  -2   0   0  -1   2  -3  -3   1  -2  -2  -3   0  -1  -5  -4  -3   12  38   2   1   1   4   4   5   4   1   3   9   1   2   1   8   3   0   0   2  0.56 0.37
  132 L    -3  -2  -2  -3  -2   0  -4  -5   3   1   5  -4   0   1  -4  -3  -3  -4   0   0    2   2   2   1   1   5   0   1   9   7  53   0   2   5   0   1   1   0   3   7  0.71 0.43
  133 S    -3  -3  -3  -1  -4  -4  -5  -4  -2   1   3  -4   4   5  -5   0  -2  -3  -1   0    1   1   1   3   0   1   0   1   1   6  27   0  13  28   0   9   2   0   1   4  0.70 0.43
  134 A     4   1   2  -2  -3  -1   0  -2  -4  -4  -4   4  -4  -5  -4   0   0  -6  -5  -3   32   8   9   2   0   2   5   2   0   1   1  25   0   0   0   7   5   0   0   1  0.59 0.43
  135 Y    -5  -5   4   3  -6  -5  -4  -5  -1  -1   1  -5  -1   6  -6  -4  -4  -4   1  -2    0   0  23  14   0   0   0   0   1   3  15   0   1  35   0   1   0   0   4   2  1.06 0.58
  136 Y    -6  -4  -1  -7   0  -2  -6  -7   5  -6  -5  -6  -6   1  -5  -2  -4  -3   9  -6    0   1   3   0   2   2   0   0  11   0   0   0   0   4   1   4   1   0  71   0  2.38 1.02
  137 N    -2  -1   5   0  -5  -2  -1   3   0  -5  -4   1  -2   2  -4   0   1   0  -3  -3    1   3  28   4   0   1   3  21   2   0   1   8   1   9   1   5   8   1   0   2  0.53 0.38
  138 L    -4  -6  -5  -8  -5  -5  -5  -8  -7  -1   6  -5   3   0  -7  -6  -4  -6  -5  -2    1   0   1   0   0   0   1   0   0   2  84   1   5   3   0   0   1   0   0   1  1.74 0.80
  139 L    -4  -4  -6  -7   2  -6  -6  -5  -4   1   5  -6   0   4  -6  -1  -4  -3  -2  -2    0   1   0   0   4   0   0   1   0   8  60   0   1  16   0   6   0   0   1   1  1.14 0.60
  140 H    -1   3  -1  -4  -2  -1  -4  -5   7  -5  -5  -1  -3  -1  -5   4  -2  -5   4  -4    4  14   2   0   1   2   0   0  24   0   1   3   0   2   0  30   2   0  14   1  0.97 0.59
  141 C    -6  -9  -8  -9  12  -8  -9  -8  -8  -7  -7  -9  -7  -8  -4  -6  -6  -8  -3  -6    0   0   0   0  98   0   0   0   0   0   0   0   0   0   1   0   0   0   1   0  4.45 1.42
  142 L    -4  -6  -7  -7  -6  -7  -5  -7  -6  -2   4  -7   0   7  -7  -6  -6  -4  -2  -2    1   0   0   0   0   0   1   0   0   1  42   0   2  51   0   0   0   0   0   2  1.78 0.76
  143 R    -5   6  -2  -1  -7  -2  -3  -2   2  -6  -3   4  -5  -4  -5  -3  -4  -6  -1  -4    0  50   1   3   0   1   0   3   5   0   3  27   0   0   0   1   0   0   3   1  1.29 0.64
  144 R    -4   7   0  -5  -5  -2  -3  -6  -3  -4  -4   5  -5  -6  -5  -2  -3  -7  -4  -2    0  51   4   0   0   0   1   0   0   1   1  34   0   0   0   3   1   0   1   4  1.51 0.72
  145 D    -7  -6   0   8  -8  -5  -2  -6  -6  -8  -9  -5  -8  -8  -6  -5  -6  -9  -5  -8    0   0   3  94   0   0   1   0   0   0   0   0   0   0   0   0   0   0   1   0  2.88 1.11
  146 S     1  -5  -4  -5  -2  -4  -4  -4  -5  -1   0  -4   5  -2  -5   4   3  -6  -5  -3   13   0   0   0   0   0   0   0   0   3   9   0  18   2   0  38  16   0   0   0  0.88 0.57
  147 H    -5   1   3   1  -7   0  -3  -4   9  -5  -4  -1  -5  -2  -6  -2  -5  -6   0  -6    0   8  14   9   0   4   1   1  51   1   2   4   0   2   0   2   0   0   2   0  1.66 0.74
  148 K    -5  -1  -3  -3  -7  -3  -3  -6  -3  -3  -6   8   1  -7  -6  -4  -3  -7  -1  -6    0   2   1   1   0   0   1   0   0   2   0  85   3   0   0   0   2   0   2   0  2.12 0.93
  149 I    -2  -6  -6  -5  -5  -6  -6  -7  -7   5  -1  -6   4  -3  -6  -5  -1  -6  -5   6    2   0   0   0   0   0   0   0   0  28   3   0  10   1   0   0   3   0   0  53  1.41 0.64
  150 D    -1  -4   0   6  -7   1   5  -5  -1  -5  -5  -2  -6  -7  -4  -2  -4  -7  -4  -4    4   0   3  42   0   5  37   0   1   1   1   2   0   0   0   1   0   0   1   1  1.28 0.63
  151 N    -2  -4   3  -3  -3  -4  -4  -5  -1   1  -2  -4   2   0  -5   2   5  -6  -4  -3    2   0  16   1   0   0   0   0   1   8   3   0   6   4   0  17  42   0   0   1  0.89 0.55
  152 Y    -4  -6  -2  -7   0  -6  -7  -7  -1  -4  -1  -5  -5   6  -7  -4  -6  -3   8  -5    1   0   2   0   2   0   0   0   1   1   5   1   0  29   0   1   0   0  57   0  2.17 0.86
  153 L    -5  -6  -5  -7  -5  -6  -7  -7  -7   0   6  -6   0  -1  -7  -6  -1  -5  -5  -1    0   0   1   0   0   0   0   0   0   5  83   0   1   2   0   0   5   0   0   4  1.63 0.71
  154 K    -5   4   1  -4  -4  -2  -1  -6  -2  -5  -5   7  -1  -5  -5  -4  -4  -7  -3  -6    0  18   6   0   0   0   4   0   1   0   1  66   1   0   0   0   1   0   1   0  1.58 0.74
  155 L    -2  -5  -6  -6  -4  -5  -5  -6  -1   4   3  -5   3   1  -5  -4  -1  -5  -1   4    2   0   0   0   0   0   0   0   1  23  26   0   6   7   0   1   3   0   2  30  0.84 0.43
  156 L    -3  -6  -7  -7  -5  -5  -6  -7  -6  -1   6  -6   5  -2  -6  -6  -2  -5  -5   2    1   0   0   0   0   0   0   0   0   1  70   0  12   1   0   0   2   0   0  13  1.44 0.65
  157 K    -1   4   0  -4  -6   2  -2  -3  -4  -5  -5   6  -3  -6  -5  -3  -3  -6  -4  -6    5  19   4   0   0   9   1   2   0   1   1  57   0   0   0   1   1   0   0   0  1.34 0.65
  158 C    -4  -6  -8  -9  12  -8  -9  -8  -2  -6  -6  -6  -7  -7  -8  -6  -6  -7  -1  -6    1   0   0   0  94   0   0   0   1   0   0   1   0   0   0   0   0   0   2   0  4.13 1.28
  159 R    -5   8  -4  -6  -7   2  -4  -6  -1  -5  -3   0  -2  -6  -6  -4  -3  -6  -1  -3    0  75   0   0   0   8   0   0   1   1   3   4   1   0   0   1   1   0   2   2  1.88 0.80
  160 I    -2   2  -3  -2  -4   1  -2  -4   1   4   1  -2   3   0  -4   0  -1  -4  -2   1    2  15   0   2   0   7   1   0   3  25  13   0   7   3   0   9   2   0   1   9  0.31 0.26
  161 I    -1  -4  -4  -5  -3  -3  -4  -5  -4   3   1  -4   1   4  -5  -1   1  -2   0   4    3   0   0   0   0   1   0   0   0  21  10   0   3  17   0   4  11   0   2  28  0.59 0.34
  162 H    -1  -2   1   1  -4   0   2   0   5  -3  -3   0  -1   0   2  -1  -3  -3   3   0    3   1   7   8   0   3  13   6  15   0   1   5   2   4   9   2   0   0  13   8  0.33 0.26
  163 N    -2  -1   3   2  -5   1   3   2  -2  -3  -5   3  -2  -5  -2  -1  -2  -5  -4  -4    1   1  13  12   0   5  24  18   0   2   0  17   1   0   1   2   1   0   0   0  0.56 0.34
  164 N    -3  -1   5   2  -5  -3  -2   0  -1  -4  -4  -3  -4  -3  -4   4  -2  -5   2  -5    0   4  32  11   0   0   1   5   1   1   1   1   0   0   0  35   0   0   8   0  0.87 0.48
  165 N    -4  -4   8   3  -6  -3  -3  -4   1  -6  -6  -3  -5  -6  -5   2  -3  -7  -5  -6    0   0  68  15   0   0   0   0   4   0   0   0   0   0   0  13   0   0   0   0  1.69 0.59

                      K         Lambda
Standard Ungapped    0.1332     0.3206
Standard Gapped      0.0490     0.2670
PSI Ungapped         0.1599     0.3135
PSI Gapped           0.0490     0.2670
