
Last position-specific scoring matrix computed, weighted observed percentages rounded down, information per position, and relative weight of gapless real matches to pseudocounts
            A   R   N   D   C   Q   E   G   H   I   L   K   M   F   P   S   T   W   Y   V   A   R   N   D   C   Q   E   G   H   I   L   K   M   F   P   S   T   W   Y   V
    1 D    -3  -3   1   7  -5  -1   4  -3  -3  -5  -5  -2  -5  -5  -3  -2  -3  -6  -5  -5    0   0   4  72   0   0  25   0   0   0   0   0   0   0   0   0   0   0   0   0  1.48 0.35
    2 D     0  -2  -1   2   5   3   2   1   0  -4  -3  -1  -2  -4  -1   0   0  -4  -1  -3    5   0   0  11  16  15  18  14   2   0   1   1   1   0   1   7   5   0   2   0  0.38 0.19
    3 L    -3  -1  -4  -3  -4   0   3  -3  -3   0   4  -1  -1  -1  -4  -3  -3  -4  -1   1    0   3   0   0   0   3  24   2   0   2  52   2   0   1   0   0   0   0   2   9  0.56 0.29
    4 Y    -1   2   0   0  -4  -2   0  -4  -1  -2  -2   1  -2   4  -4  -2  -2   4   3   1    6  13   4   6   0   0   6   0   1   0   2  10   0  23   0   1   0   6  11  11  0.34 0.20
    5 R    -1   4   0  -2  -1   0   2   1   2  -4  -3   2   1  -2  -3  -1  -2   1   1  -3    3  27   3   0   2   3  14  11   5   0   0  12   5   1   0   4   1   2   7   0  0.35 0.20
    6 Q    -3   0   0   4  -5   3   3  -4  -2  -4  -2  -1  -3  -2  -4  -2  -2  -3   4  -4    1   4   3  26   0  17  23   0   0   0   3   1   0   1   0   1   1   0  19   0  0.74 0.35
    7 S     0  -3   0  -2  -3  -2  -2  -4  -4   1  -3  -2  -3  -4  -4   1   5  -5  -4   2    8   0   5   1   0   1   1   0   0   8   0   1   0   0   0  10  52   0   0  13  0.77 0.39
    8 L     0   3  -2  -3   1   1   0  -3   3  -1   2   0  -1  -2  -1  -1  -1  -3   1  -1   11  20   0   0   4   8   4   0   8   1  22   3   1   0   3   2   3   0   7   3  0.23 0.19
    9 E     2  -1  -2   0  -3   2   4  -3  -2  -3  -1   0   0  -2  -3  -1   0  -4   0  -2   18   2   1   5   0  11  35   0   0   1   8   3   2   1   0   2   5   0   4   2  0.39 0.26
   10 I    -3  -4  -5  -3  -4  -4  -5  -6  -5   3   5  -3   2   0  -5  -4  -3  -4   0   1    0   0   0   2   0   0   0   0   0  15  61   1   5   3   0   0   0   0   4   9  0.91 0.37
   11 I     3  -4  -4  -3  -3  -3  -4  -2  -4   3   1  -3   0   0  -4  -1  -2  -4  -3   3   32   0   0   1   0   0   0   3   0  20  13   0   2   3   0   3   1   0   0  22  0.49 0.28
   12 S     1   1   0  -1  -1   3   2   0   0  -3  -1   0   1  -4  -3   2   0  -4  -3  -2   13   6   5   2   1  17  16   5   1   0   6   2   4   0   0  16   4   0   0   2  0.25 0.19
   13 R    -2   1   0   6  -2  -2   1  -3   0  -3  -2  -1  -4  -2  -4   0  -1  -5   1  -4    2   9   2  50   1   0   6   1   2   1   5   4   0   1   0   8   3   0   5   0  0.76 0.34
   14 Y    -2   0  -4  -1  -5  -1  -2  -4   1  -4  -1  -4  -3   4  -1  -3  -4  -1   8  -3    3   5   0   4   0   2   2   1   2   0   4   0   0  18   4   1   0   0  52   1  1.23 0.47
   15 L    -3  -4  -5  -5  -1  -4  -5  -5  -3   3   5  -4   1   2  -5  -4  -2  -4  -1   2    0   0   0   0   1   0   0   0   0  14  54   0   3   7   0   0   1   0   2  16  0.85 0.35
   16 R    -1   4  -1  -2   0   3   0   0   2  -1  -2   1   0  -4  -3   1  -2  -4  -3  -2    3  27   2   2   2  15   3   7   5   5   4   8   2   0   0  12   0   0   0   2  0.34 0.22
   17 E    -2  -1   0   1  -2   1   2  -3   6  -3  -2  -1  -3   0  -2  -1  -2  -1   5  -1    2   2   4   8   1   6  13   1  20   1   3   3   0   3   1   3   1   0  22   4  0.54 0.28
   18 Q    -2   2  -1  -2   4   3  -1  -4   2   0  -2   0  -1   0   0  -2  -1  -1   0   2    1  10   3   2  12  17   1   0   5   4   1   5   1   5   4   2   3   1   3  20  0.28 0.22
   19 A     1  -2  -3  -2   4   0   0   0  -3  -2   2  -1  -1   1   0   0   0  -2  -2  -1   16   1   0   1  10   5   5   8   0   0  28   2   0   5   3   8   5   0   1   2  0.19 0.18
   20 T     0  -1  -2  -2  -3   3   1   3  -2  -2  -3  -1  -2  -2   2  -1   1  -4  -1  -3    6   2   1   0   1  20   9  24   1   2   2   2   1   2  12   3  11   0   2   1  0.41 0.26
   21 G     0  -1   0  -1  -3   1   1   3   0   0  -1  -1   0  -3   0   1   0  -4  -3  -1    4   3   3   3   0   7   9  27   2   8   4   2   2   1   3  15   4   0   0   4  0.21 0.16
   22 S     1  -2  -1  -1   1   1   1  -1  -2  -4  -2  -1  -3  -4   5   2   0   1  -2  -2   11   1   3   3   3   7   8   4   1   0   3   2   0   0  27  18   5   2   1   2  0.47 0.25
   23 K     0   1  -1  -1   0   3   1   0   0  -3  -3   1  -2  -4   3   0   1  -4  -2  -2    9   8   1   2   2  19   7   7   3   0   1   9   1   0  15   6   8   0   1   2  0.34 0.22
   24 D     0  -1   0   1   2   0   1  -1   0  -2   0  -1   1  -2   3   0   0  -3  -2  -1    9   3   3   8   7   5   9   4   2   1  13   1   4   2  16   6   6   0   1   2  0.16 0.12
   25 G     0   1   0   1   0   0   0   4  -3  -4  -3   0  -3  -3   1   0  -1  -1  -3  -3    6   8   3   7   3   4   7  34   0   0   3   4   0   1   7   8   3   1   1   1  0.36 0.20
   26 A     1   0  -2  -1  -4   1  -1  -1  -2  -3  -3   0  -2  -5   6   1   0   2  -4  -3   12   6   1   2   0   6   2   4   1   1   1   7   1   0  37  11   4   3   0   2  0.69 0.31
   27 A     2  -1  -1  -2   0  -2  -2   1  -3  -2  -3  -1  -3  -4   4   1   1  -5  -4   1   19   4   3   2   2   1   1  13   0   0   1   3   0   0  23  11   8   0   0  10  0.41 0.24
   28 G     0  -2  -2  -2  -4   0  -2   1   2  -1  -1  -3   0  -4   6   0   0  -5  -2  -2    6   2   1   1   0   5   2  11   7   4   6   0   2   0  39   6   7   0   1   1  0.70 0.32
   29 R    -1   2   2   0   0   0   1  -2   0  -3  -3   1  -3  -4   0   3   0  -4  -3  -3    4  14   9   4   2   4  10   1   2   1   1   9   0   0   4  28   5   0   0   1  0.33 0.22
   30 R     0   3  -2  -1  -2   3   1  -2   0  -4  -3   4  -3  -4   2  -1  -2  -4  -3  -1    8  19   0   2   1  12   7   2   2   0   1  27   0   0   9   4   1   0   0   4  0.49 0.27
   31 A     2  -3  -2  -3  -2  -2  -2  -1  -1   1   1  -3  -1  -1  -1   0   2  -3  -1   3   18   0   1   0   0   0   2   3   2   6  15   0   0   2   2   5  13   0   2  26  0.24 0.18
   32 L     2  -2  -2  -3   1  -1  -2   0   4  -1   1  -1   0  -2  -2   2  -1  -3  -1   0   24   1   1   0   3   2   2   7  11   1  16   3   2   1   1  16   1   0   1   6  0.21 0.18
   33 E     1   3  -2  -1  -2   3   3  -2   1  -3   0   1  -2  -3  -1   0  -1  -4  -3  -3   11  18   1   1   1  16  20   2   3   1  11   6   0   1   2   5   2   0   0   0  0.33 0.22
   34 T     3  -1  -2  -3   4  -1  -2  -3  -2   0  -2  -2  -2  -3  -3  -1   4  -4  -2   2   25   4   1   0   9   2   2   0   1   4   3   1   0   0   0   1  30   0   1  15  0.46 0.28
   35 L    -4  -3  -6  -6  -4  -5  -3  -6  -5  -1   6  -5   6  -3  -6  -5  -3  -5  -4  -2    0   1   0   0   0   0   2   0   0   1  73   0  21   0   0   0   1   0   0   1  1.52 0.56
   36 R     1   7  -3  -4  -3   3  -3  -5   1  -5  -3   2  -2  -6  -5  -3  -4  -6  -4  -5   12  59   0   0   1  13   0   0   3   0   2   9   1   0   0   1   0   0   0   0  1.31 0.52
   37 R    -1   5   1   1  -1   2   1  -3  -2   0  -3   1  -2  -4  -4  -1  -1  -5  -3  -3    5  35   7   9   2   8  10   1   0   6   1   7   0   0   0   2   4   0   0   1  0.48 0.27
   38 V     2  -4  -4  -5  -3  -3  -4  -3  -5   4   1  -3   0  -3  -4  -1   0  -5  -3   4   22   0   0   0   0   1   0   1   0  24  14   1   1   0   0   3   4   0   0  29  0.59 0.30
   39 G     3  -4  -3  -4  -2  -4  -3   5  -5  -4  -3  -4  -2  -5  -4  -1  -2  -5  -5   1   26   0   0   0   1   0   1  54   0   0   2   0   1   0   0   4   1   0   0  10  1.05 0.43
   40 D    -2  -3   1   6  -5   1   1  -2  -3  -5  -4  -1  -4   1  -4   0  -2  -2  -4  -5    4   1   4  55   0   6   7   3   0   0   1   3   0   8   0   6   1   1   0   0  0.99 0.41
   41 G    -2  -3   0   4  -5   0   5   0  -1  -5  -5  -2  -4  -3  -4   1  -3  -5  -4  -5    1   1   3  21   0   2  50   6   1   0   1   1   0   1   0  12   0   0   0   0  1.00 0.43
   42 V    -3  -3  -5  -5  -3  -4  -5  -5  -4   3   3  -4   2   5  -5  -4  -1  -3  -2   3    1   1   0   0   0   0   0   0   0  17  30   0   5  24   0   0   3   0   0  18  0.76 0.32
   43 Q    -3  -2   2   2  -5   4   4  -3  -2  -2   0  -1   0  -4  -4   0  -3  -5  -3  -3    0   0   9  13   0  20  30   1   0   3  10   1   2   0   0   9   0   0   1   1  0.58 0.33
   44 R     0   4   0   0  -4   0   2   0  -2  -3  -1   2  -2  -3  -3   0  -1  -4  -3  -2    8  27   3   5   0   3  13   7   0   0   6  12   1   1   0   8   4   0   0   2  0.32 0.20
   45 N    -3   5   3  -1  -5   1   1  -4   1  -4  -2   2  -2  -5  -1  -2  -2  -5  -4  -4    1  38  15   2   0   7  10   0   3   0   5  13   1   0   3   0   2   0   0   0  0.73 0.34
   46 H    -3  -2   1  -4  -5  -2  -1  -4   6  -2  -3  -3   2   2  -5  -3  -2   0   6   1    1   2   7   0   0   1   4   1  22   1   1   0   5   7   0   0   2   1  34  11  0.98 0.41
   47 E    -1   4  -1   2  -5   3   3  -3   1  -4  -3  -1  -3  -5  -1  -2  -1  -2  -3  -4    5  22   2  13   0  16  25   1   3   0   3   1   0   0   3   1   3   1   1   0  0.58 0.29
   48 T     0   2  -1   1  -1   1   0  -2  -2   0  -1   1  -1  -2   1   1   0  -3   0  -1    9  16   1   7   1   7   6   2   0   6   6   8   1   1   7   9   7   0   4   2  0.12 0.10
   49 A     2   0   1   2  -3   0   1  -2  -1  -2  -1  -1  -1   1   0   0   1  -3  -2  -1   20   4   8  11   0   5  11   1   1   1   4   2   2   7   4   7   8   0   0   3  0.14 0.12
   50 F    -5  -4  -6  -6  -5  -5  -6  -6  -4   0   3  -5   1   7  -2  -5  -4  -2   2  -2    0   1   0   0   0   0   0   0   0   4  26   0   3  58   2   0   0   0   5   1  1.48 0.49
   51 Q     0   2   2  -1  -3   4   1  -3   1  -4  -3   2  -3  -4  -3   1  -1  -4  -3  -2    7  13   9   2   0  23   6   0   3   0   3  15   0   0   1  12   3   0   0   2  0.44 0.25
   52 G     0   0   1   2  -3   1   0   3   0  -4  -4  -1  -3  -4   2   2   0  -4  -3  -4    5   6   7  13   0   7   6  21   2   0   1   1   0   0  10  16   4   0   1   0  0.36 0.20
   53 M    -4  -1  -5  -6   5  -4  -5  -3  -5  -1   3  -4   8  -1  -5  -3  -4  -1  -1  -1    0   3   0   0  11   0   0   2   0   1  25   0  49   2   0   1   0   1   2   2  1.37 0.51
   54 L     0  -3  -3  -4   4  -2  -4  -4  -2   2   3  -3   0  -1  -4   1   0  -2  -3   1    9   1   0   0  11   1   0   0   1  14  32   0   1   1   0  14   4   0   0   9  0.40 0.23
   55 R     0   1   2   3  -4   2   0   0   0  -4  -3   0  -1  -4   1   1  -1  -4  -3  -3    9   9   9  20   0  11   4   8   3   0   1   4   2   0   6  11   3   0   0   1  0.31 0.17
   56 K    -1   2   1   0  -4   5   0  -3   2  -4  -1   2  -2  -4  -3   0   0  -4  -3  -4    3  13   8   5   0  29   3   1   5   0   5  16   0   0   0   6   5   0   0   0  0.52 0.27
   57 L    -1  -4  -2  -5  -1  -4  -5  -5  -4   1   5  -4   1   2  -3  -2  -3  -4  -3   1    4   0   2   0   1   0   0   0   0   6  65   0   2   8   1   3   0   0   0   7  0.83 0.34
   58 D    -1   0   1   4  -2   2   1  -2   6  -4  -3  -1  -3  -3  -2   0   0  -4  -2  -3    5   5   5  22   1  11   7   3  22   0   3   1   0   1   1   6   5   0   1   1  0.52 0.25
   59 I    -1  -4  -4  -4   0  -2  -4  -2  -4   4   2  -3   0   0   1  -2   0  -4  -1   3    5   0   0   1   1   1   0   2   0  28  22   1   2   2   8   2   4   0   2  19  0.39 0.20
   60 K    -2  -1  -1   1   0   0   1  -1   1  -3  -4   1  -3  -4  -3   0   5  -5  -3  -1    1   1   1   9   2   4  10   4   4   1   0   9   0   0   0   6  41   0   1   5  0.48 0.28
   61 N    -1  -1   1   0  -1  -1   0  -2  -1  -4  -4  -1  -3  -5   6   2   0  -3  -4  -4    5   2   7   4   1   2   5   2   1   0   0   4   0   0  43  19   5   0   0   0  0.89 0.32
   62 E     0   1  -1   1  -2   0   2   1  -1  -1  -2  -1  -2   0   0   1   0  -3  -2  -1    6   8   2   9   1   4  20  14   1   5   1   2   1   4   4   9   5   0   0   6  0.14 0.10
   63 D     0  -2   3   3  -3  -1   1  -2   0  -3  -3   0  -3  -4  -2   1   3  -4  -3  -2    6   1  14  21   0   1   9   2   2   1   1   4   0   0   1   7  28   0   0   3  0.45 0.22
   64 D     4  -3  -1   3  -2   0  -1  -2  -2  -1  -2  -2  -2  -4   1  -1   0  -4  -4  -2   50   1   2  19   0   4   1   0   1   4   2   0   1   0   7   2   6   0   0   1  0.55 0.27
   65 V     0   1  -2  -3   2   1  -2  -2   1  -1   0   0   1   0  -3  -1  -1  -2   4   0   10  10   0   0   5  10   0   2   4   1  12   5   3   2   0   3   2   0  21   8  0.19 0.14
   66 K     0   3  -1   0  -3   3   2   0   1  -3  -3   1  -2  -4   0   1   0  -3  -2  -3    7  19   1   2   0  15  17   5   3   0   1   8   0   0   4  13   4   0   1   1  0.32 0.15
   67 S     1   1  -1  -2   1  -1  -2  -2  -1   0   0  -1  -1   0  -2   2   3  -2   1   0   11  10   1   1   4   0   0   1   1   5   7   3   1   3   0  19  22   0   6   6  0.16 0.12
   68 L    -4  -2  -4  -5  -4  -4  -4  -5  -3   0   2  -4  -1   7  -5  -4  -3  -1   1   0    0   2   0   0   0   0   0   0   0   3  17   0   0  68   0   0   0   0   1   6  1.31 0.36
   69 S     0   1   1  -1   0   1   0  -1   0  -1  -1   0   0   0  -1   1   2  -2  -1   0    5   7   8   1   3   6   7   3   3   3   5   5   2   6   1  11  15   0   0   8  0.07 0.06
   70 R     1   2   1   0  -2   3   1  -1   0  -3  -3   2  -2  -3  -2   1   0  -3  -2  -2   13  15   6   4   1  21   6   4   1   1   0  12   0   0   1   9   5   0   0   0  0.29 0.13
   71 V    -2  -4  -4  -5  -1  -4  -4  -5  -5   3  -1  -4   0  -2  -4  -2  -2  -4  -3   6    0   0   0   0   1   0   0   0   0  16   1   0   1   0   0   2   1   0   0  77  1.10 0.34
   72 M     4  -3  -3  -4   0  -2  -3  -2  -3   0   0  -2   5  -2  -2   0  -1  -3  -3   2   41   0   0   0   2   0   0   1   0   3   8   0  23   0   1   4   2   0   0  15  0.46 0.22
   73 I     0   0   2   3  -3   0   3  -1  -1  -2  -3   1  -1  -3  -2   1   0  -4  -2  -1    8   3  12  17   0   1  24   4   0   2   1   6   1   1   0  11   4   0   1   4  0.29 0.12
   74 H    -1   0  -1   0  -4   2   5  -3   3  -4  -3   1  -2  -4  -1   1  -1  -4  -3  -3    2   2   1   2   0   9  48   1   8   0   1   9   1   0   2  14   1   0   0   1  0.64 0.23
   75 V    -2  -3  -4  -3   0  -2   0  -4  -3   2   4  -2   3   0  -4  -3  -2  -3  -2   1    0   0   0   0   2   1  10   0   0  10  50   1  12   2   0   0   1   0   0  11  0.50 0.19
   76 F    -4  -5  -2  -5  -5  -5  -3  -5  -3  -2  -1  -5  -2   8  -1  -4  -4  -1   1  -1    0   0   3   0   0   0   2   0   0   0   2   0   0  85   4   0   0   0   0   4  1.73 0.43
   77 S     1   2   0   0  -3   2   2  -1  -1  -3  -2   1  -2  -3  -2   2   0  -2  -3  -2   10  14   2   4   0   8  17   4   1   1   4   7   0   0   0  24   3   1   0   2  0.26 0.13
   78 D    -2  -2   0   7  -4  -2   1  -1  -3  -4  -5  -2  -4  -5  -3   1  -2  -5  -4  -4    2   1   1  72   0   0   7   4   0   0   0   0   0   0   0   9   1   0   0   0  1.23 0.32
   79 G    -2  -2  -2  -3  -4  -1  -2   7  -2  -6  -5  -2  -4  -5  -4   0  -3  -4  -5  -5    0   2   0   0   0   3   2  86   1   0   0   1   0   0   0   5   0   0   0   0  1.53 0.36
   80 V    -1  -2   1  -3  -2  -1  -2   1  -1   3   0  -1  -1  -2  -2  -1   0  -4  -2   3    1   2   7   0   0   3   1  13   1  27   2   4   0   0   1   2   3   0   0  29  0.23 0.14
   81 T    -1  -2  -1  -2   0  -1  -2  -2  -2   1   1  -1   0   2   0   0   2  -1   0   1    2   1   1   1   2   1   2   2   1  12  11   5   1  12   6   4  25   0   3   9  0.12 0.07
   82 N    -3  -1   8   0  -4  -2  -2  -2  -1  -5  -5  -2  -4  -4  -4  -1  -2  -5  -4  -4    1   2  88   2   0   0   0   1   0   0   1   0   0   0   0   1   0   0   0   1  1.73 0.41
   83 W    -6  -6  -7  -7   2  -5  -6  -6  -5  -6  -5  -6  -4  -2  -7  -6  -5  13  -1  -6    0   0   0   0   4   0   0   0   0   0   0   0   0   0   0   0   0  96   0   0  4.20 0.71
   84 G    -2  -4  -2  -3  -5  -4  -4   7  -4  -6  -6  -4  -5  -5  -4  -1  -4  -5  -5  -4    0   0   0   0   0   0   0  96   0   0   0   0   0   0   0   3   0   0   0   1  1.92 0.42
   85 R    -4   8  -3  -4  -6  -1  -2  -5   0  -5  -5   0  -4  -5  -5  -3  -3  -5  -2  -5    0  97   0   0   0   0   0   0   2   0   0   0   0   0   0   0   0   0   2   0  2.02 0.49
   86 I    -1  -4  -5  -5   1  -4  -4  -5  -5   5   1  -4  -1  -2  -4  -3  -2  -4  -3   4    4   0   0   0   3   0   0   0   0  49   6   0   0   0   0   0   0   0   0  39  0.89 0.28
   87 V    -1  -4  -5  -5  -3  -4  -4  -3  -5   2   0  -4   1  -3  -4  -3  -2  -5  -3   6    4   0   0   0   0   0   0   2   0   6   6   0   2   0   0   0   0   0   0  80  1.06 0.34
   88 T     4  -3  -2  -3   0  -2  -2   0  -3  -3  -3  -2  -1  -4  -2   1   3  -4  -3  -1   53   0   0   0   2   0   0   5   0   0   0   0   2   0   1   9  27   0   0   2  0.66 0.27
   89 L    -2  -4  -4  -5  -3  -4  -4  -5  -4   2   4  -4   1   4  -4  -3  -1  -2  -1   1    3   0   0   0   0   0   0   0   0  11  51   0   2  24   0   0   3   0   0   7  0.68 0.22
   90 I    -3  -4  -5  -5  -4  -4  -5  -5   0   3   1  -4  -1   7  -5  -4  -3  -1   3   0    0   0   0   0   0   0   0   0   2  20  11   0   0  56   0   0   0   0   7   5  1.05 0.29
   91 S     3  -2  -2  -2  -1  -2   1   1  -2  -2  -2  -2  -1  -2  -2   2   1  -3   2   1   28   0   0   0   1   0   9  12   0   0   1   0   1   1   0  17   8   0  10  12  0.25 0.15
   92 F    -5  -5  -5  -6  -5  -6  -6  -6  -4  -2   0  -5  -2   9  -6  -5  -4  -1   1  -3    0   0   0   0   0   0   0   0   0   0   5   0   0  94   0   0   0   0   2   0  2.18 0.48
   93 G     2  -3  -2  -3   0  -2  -1   5  -3  -4  -4  -3  -4  -4  -3   0  -1  -4  -4  -3   21   0   0   0   2   1   4  61   0   0   0   0   0   0   0   7   3   0   0   1  0.94 0.27
   94 A     2  -3  -2  -3   1  -3  -3   5  -3  -4  -4  -3  -3   0  -3   0  -2  -3   2  -3   24   1   0   0   4   0   0  53   0   0   0   0   0   4   0   4   1   0  10   0  0.80 0.25
   95 F     1   2  -2  -3  -1  -1  -1  -3  -2   1  -1   1  -1   2  -3   0   0  -2   0   2   14  17   1   0   1   0   3   0   0   9   2   8   1  13   0   5   5   0   3  18  0.14 0.11
   96 V    -3  -4  -5  -5  -3  -3  -4  -5  -4   1   5  -4   4   0  -4  -4  -2  -3  -2   2    0   0   0   0   0   0   0   0   0   2  65   0  13   2   0   0   0   0   0  17  0.88 0.28
   97 A     4  -3  -2  -4   7  -3  -3  -2  -4   0  -2  -3  -2  -3  -3   1   1  -4  -3   1   43   0   1   0  26   0   0   0   0   4   2   0   1   0   0   8   8   0   0   9  0.70 0.25
   98 K     0   1  -2  -3  -3   1  -2  -3  -1   1   1   3   0  -2  -3  -2  -1  -4  -3   2    9   6   1   0   0   6   1   0   1   7  12  28   2   1   0   1   3   0   0  21  0.30 0.21
   99 H    -1   0  -2  -1  -5   2   3  -3   6  -5  -4   3  -4  -3  -4  -2  -3  -4   2  -4    5   3   0   2   0   8  21   1  26   0   1  22   0   1   0   1   1   0   9   0  0.84 0.36
  100 L     0  -3  -4  -4   6  -2  -3  -4  -4  -1   3  -4   0   0  -4   2  -2  -4  -3   2    7   1   0   0  18   1   1   0   0   1  36   0   2   4   0  16   0   0   0  13  0.58 0.28
  101 K    -1   1  -2  -3  -2   2  -1  -4  -1   0   1   2  -1  -1  -2  -2  -2  -1   2   2    5  10   1   0   1   9   3   0   1   3  13  17   1   2   2   0   0   1  10  21  0.22 0.18
  102 T    -1   1   2   1   2   3   3  -1  -1  -3  -4  -1  -3  -4  -3   1  -1  -5  -4  -2    4  10  11   8   4  12  25   4   0   1   0   2   0   0   0  14   2   0   0   2  0.42 0.23
  103 I    -1   3   1  -1  -3   1   1  -3   2   1  -1   3  -1  -3  -2  -1   1  -4  -3  -2    3  20   7   1   0   7   9   0   6  11   4  18   1   0   1   4   8   0   0   1  0.29 0.18
  104 N    -2   1   3   0  -5   2   3   3   0  -5  -4   1  -2  -5  -1  -1  -3  -5  -4  -4    1   8  19   3   0   8  19  25   2   0   1   8   1   0   3   2   0   0   0   0  0.53 0.26
  105 Q    -1   0  -1  -1   1   2  -2  -2  -2   2   1   0   5  -2  -1  -2  -2   1  -3   1    3   5   2   4   3  11   1   3   1  11   9   6  24   0   3   1   1   2   0  10  0.28 0.21
  106 E     1  -1  -2   0  -4   0   3  -1   0  -2  -2  -1  -3  -4   3   2   1  -4  -3  -2   10   3   1   3   0   4  23   5   2   3   3   2   0   0  17  15   8   0   0   3  0.36 0.20
  107 S    -2  -2   0   3  -4   0   2   2   1  -4  -4  -1  -4  -4   3   1  -2  -5  -2  -1    1   0   3  17   0   3  18  16   4   0   1   1   0   0  17  10   1   0   1   5  0.45 0.23
  108 C    -2  -3  -1  -1   5  -1  -2  -1  -1   0   3  -3   0   2  -4  -1   1  -3   1  -1    2   0   3   3  16   2   2   4   1   5  31   1   2   9   0   4   9   0   4   1  0.32 0.20
  109 I    -1  -3  -4  -4   2  -3  -3  -3  -4   3   1  -2   0  -1   1  -2  -2  -4   1   4    3   1   0   0   5   1   1   2   0  19  11   2   1   1   7   1   1   0   5  40  0.53 0.26
  110 E    -2   3  -1   3  -1   0   3   2  -2  -5  -4   1  -3  -5  -1   1  -2  -5  -4  -4    2  16   2  20   2   3  18  14   0   0   0   9   0   0   2  10   1   0   0   0  0.47 0.23
  111 P    -1   3   1  -1  -2   3   1  -1  -1  -2  -2   1  -1  -4   1   1   1  -3  -3  -3    4  17   6   2   1  15  10   4   1   2   5   5   1   0   6  10  10   0   0   0  0.27 0.17
  112 L    -3  -5  -6  -6  -4  -5  -5  -6  -6   6   3  -5  -1  -1  -5  -5  -2  -5  -4   4    0   0   0   0   0   0   0   0   0  49  24   0   0   1   0   0   1   0   0  25  1.17 0.41
  113 A     4  -3  -3  -4  -3   0  -3  -1  -4   1  -2  -2   1  -3  -3   2   1  -5  -3   1   48   0   0   0   0   3   1   4   0   8   1   0   3   0   0  14   7   0   0  10  0.55 0.31
  114 E     0   1   0   2  -1   0   3   0   1  -3  -2  -1  -3  -3  -3   0   0  -3   2  -3    6   9   4  11   2   4  27   8   3   0   5   1   0   0   0   8   5   0   8   1  0.28 0.18
  115 S    -2  -5  -5  -5  -3  -3  -1  -5  -1   0  -3  -4  -3   5  -6   0  -1  10   2  -1    4   0   0   0   0   0   4   0   2   5   1   0   0  22   0   8   4  41   5   4  1.56 0.49
  116 I    -2  -4  -5  -5  -3  -4  -5  -5  -5   4   2  -4   5  -1  -5  -3   1  -4  -3   3    3   0   0   0   0   0   0   0   0  26  15   0  19   2   0   0  10   0   0  26  0.79 0.33
  117 T     3  -3  -3  -4  -2  -2  -3   0  -4  -2  -1  -3   0  -4  -3   1   4  -5  -4   1   29   0   0   0   1   1   0   6   0   1   4   0   2   0   0  11  33   0   0  12  0.56 0.31
  118 D     0   0   0   4  -4   0   3  -3   0  -4  -4   1  -2  -5  -2   0   1  -5  -4  -2    7   4   3  29   0   3  22   1   2   0   1   8   1   0   1   7  10   0   0   2  0.50 0.24
  119 V    -3  -5  -5  -6  -3  -5  -5  -6  -2  -2  -3  -5  -3   6  -6  -5  -3  -1   8   0    2   0   0   0   0   0   0   0   0   1   1   0   0  33   0   0   2   0  55   7  1.89 0.59
  120 L    -4  -5  -6  -6  -2  -4  -5  -6  -5   4   5  -5   3  -2  -5  -5  -2  -4  -4   2    0   0   0   0   1   0   0   0   0  21  57   0   8   0   0   0   2   0   0  12  1.05 0.39
  121 V     1   1   2   0   0  -1   0   0  -2   0   0  -1   1  -2  -3  -1   1  -3  -2   1   13   8  11   6   2   1   6   7   1   6  12   1   6   0   0   1   9   0   1  10  0.07 0.10
  122 R    -2   2   3   2  -2   1   2   0   1  -4  -4   0  -1  -4  -3   1   1  -4  -3  -2    1  13  15  10   1   5  16   5   4   0   0   4   1   0   0  11  10   0   0   3  0.33 0.19
  123 T    -3   2   4   0  -3   0   2  -3   6  -3  -5   0  -4  -4  -1   0   0  -4   0  -4    0  12  19   5   0   3  12   1  24   1   0   4   0   0   3   6   6   0   3   0  0.64 0.30
  124 K    -2  -1  -3  -4  -1   1  -2  -4   0   2   3   2   0  -2  -4  -3   0  -4  -3   1    2   1   1   0   1   7   1   0   2  13  37  19   2   0   0   0   6   0   0   8  0.41 0.25
  125 R     2   3  -1  -1  -3   0  -1   2   1  -2  -1   1  -2  -4  -3   0  -1  -4  -3  -2   21  17   2   4   0   4   3  15   5   2   8   9   0   0   0   8   1   0   0   1  0.24 0.17
  126 D    -2   1   1   4  -3   1   3   0  -1  -4  -3   0  -3  -3   2  -1   0  -5  -2  -3    2   7   7  23   0   6  18   6   1   0   2   3   0   1  11   4   5   0   1   1  0.41 0.21
  127 W    -7  -7  -9  -9  -7  -7  -8  -7  -7  -7  -6  -8  -6  -4  -9  -8  -7  13  -2  -8    0   0   0   0   0   0   0   0   0   0   0   0   0   0   0   0   0 100   0   0  5.08 1.17
  128 L    -4  -6  -6  -6  -4  -6  -6  -7  -6   7   3  -6   2  -3  -6  -5  -4  -5  -4   0    0   0   0   0   0   0   0   0   0  73  22   0   4   0   0   0   0   0   0   1  1.68 0.55
  129 V     1   3  -1  -1  -4   4   0  -3   1   0   0   0  -1  -3  -3  -1  -2  -4  -3   1   12  16   3   2   0  25   6   0   3   7   9   3   1   0   0   2   1   0   0  10  0.32 0.22
  130 K     0  -1   0   3  -5   4   3  -2  -1  -5  -5   2  -4  -5  -3   1  -2  -5  -4  -4    7   2   2  19   0  20  23   1   1   0   0  14   0   0   0  11   1   0   0   0  0.65 0.30
  131 Q    -3   1   6  -2  -6   5  -1  -4   4  -2  -5  -2  -4  -6  -5  -1  -3  -6  -4  -5    1   8  43   0   0  28   2   0  10   3   0   0   0   0   0   4   0   0   0   0  1.22 0.48
  132 R    -3   1   1  -3  -6  -2  -3   7  -4  -7  -6  -1  -5  -6  -5  -3  -4  -6  -6  -6    0   8   7   1   0   1   1  78   0   0   0   3   0   0   0   0   0   0   0   0  1.63 0.52
  133 G    -1  -5  -2  -4  -6  -5  -5   7  -5  -7  -7  -5  -6  -6  -5  -1  -5  -6  -6  -6    3   0   1   0   0   0   0  91   0   0   0   0   0   0   0   4   0   0   0   0  2.16 0.62
  134 W    -7  -7  -8  -8  -7  -6  -7  -7  -7  -7  -6  -7  -6  -3  -8  -7  -7  13  -2  -7    0   0   0   0   0   0   0   0   0   0   0   0   0   0   0   0   0  99   0   0  4.89 1.07
  135 D    -2  -3   1   6  -5  -1   4  -4  -2  -4  -5  -2  -4  -6  -4  -2  -3  -6  -5   0    3   1   5  46   0   1  32   0   1   0   0   1   0   0   0   0   0   0   0  10  1.12 0.42
  136 G     3   0  -3  -4  -1  -3  -1   5  -3  -5  -5  -2  -4  -5  -4  -2  -1  -5  -5  -4   27   5   0   0   1   0   3  56   0   0   0   1   0   0   0   1   5   0   0   0  1.05 0.38
  137 F     0  -6  -6  -6  -3  -6  -5  -6  -4   1   0  -6  -1   8  -6  -5  -4  -2   0  -2    8   0   0   0   1   0   0   0   0   7   8   0   1  73   0   0   0   0   0   2  1.71 0.52
  138 V    -1  -1  -2  -3   4  -1  -2  -4  -4   1   2  -2   1  -3  -4  -2   0  -4  -2   4    5   3   2   1  10   3   2   0   0   3  17   1   2   0   0   1   5   0   1  43  0.47 0.25
  139 E     0   0   0   2  -3   1   4  -3   0  -4  -4   2  -4  -5  -2   0  -1  -5  -3  -4    7   5   4  12   1   4  39   1   2   1   0  14   0   0   1   8   2   0   0   0  0.59 0.27
  140 F    -3  -3  -3  -5  -4  -1  -4  -5   0   0   2   1   0   5  -5  -3  -3  -1   4  -1    1   0   1   0   0   2   0   0   2   3  25  10   1  33   0   2   0   0  15   3  0.69 0.30
  141 F    -4  -6  -5  -1  -6  -6  -6  -6  -2  -3  -3  -6  -3   8  -6  -4  -5  -2   5  -4    1   0   0   4   0   0   0   0   1   0   0   0   0  73   0   0   0   0  22   0  2.12 0.59
  142 H    -2   1   2   1  -5   0   3   2   5  -5  -5   0  -4  -4  -3  -1  -2  -5  -2  -4    0   9  12   8   0   2  21  17  21   0   0   5   0   0   0   4   0   0   0   0  0.60 0.24
  143 V     0   0  -2  -1  -3   1  -1  -3  -3   1  -2   0   0  -3  -3  -1   3  -4  -3   4    5   5   0   4   0   9   2   0   0   3   0   5   1   0   0   2  22   0   0  42  0.37 0.20
  144 E    -2  -1  -2   0  -5   3   4  -4  -2  -5  -4   3  -3  -5   5  -2  -2  -5  -4  -4    0   0   0   5   0  15  33   0   0   0   0  20   0   0  27   0   0   0   0   0  0.93 0.26

                      K         Lambda
Standard Ungapped    0.1372     0.3217
Standard Gapped      0.0462     0.2670
PSI Ungapped         0.1508     0.3159
PSI Gapped           0.0462     0.2670
