
Last position-specific scoring matrix computed, weighted observed percentages rounded down, information per position, and relative weight of gapless real matches to pseudocounts
            A   R   N   D   C   Q   E   G   H   I   L   K   M   F   P   S   T   W   Y   V   A   R   N   D   C   Q   E   G   H   I   L   K   M   F   P   S   T   W   Y   V
    1 K    -1   2  -1  -1  -4   2   0  -2  -1  -3  -3   6  -2  -4  -2  -1  -1  -4  -2  -3    0   4   0   0   0   5   0   0   0   0   0  92   0   0   0   0   0   0   0   0  0.75 0.11
    2 D    -1  -1   1   5  -4   0   3  -1   0  -4  -4   0  -3  -4  -2   1  -1  -4  -3  -3    0   0   3  52   0   0  30   1   1   0   0   2   0   0   0  11   0   0   0   0  0.68 0.07
    3 G     0  -3  -1   1  -3  -2  -2   6  -3  -4  -4  -2  -3  -4  -3  -1  -2  -3  -4  -4    0   0   0   9   0   0   0  91   0   0   0   0   0   0   0   0   0   0   0   0  1.14 0.10
    4 K    -1   3   1  -1  -4   1   1   1  -1  -3  -3   4  -2  -4  -2  -1  -1  -3  -2  -3    0  18   6   0   0   3   8  12   0   0   0  53   0   0   0   0   0   0   0   0  0.47 0.07
    5 Q     1  -1  -1   2  -2   2   3   0  -1  -1  -2   0  -1  -3  -2   0  -1  -3  -2   1   19   0   0  11   0  10  35   8   0   0   0   0   0   0   0   0   0   0   0  17  0.25 0.05
    6 Y    -3  -3  -3  -4  -3  -3  -3  -4   1  -2  -2  -3  -2   4  -4  -3  -3   1   8  -2    0   0   0   0   0   0   0   0   0   0   0   0   0  13   0   0   0   0  87   0  1.42 0.21
    7 E    -1   0  -1   1  -4   4   4   0  -1  -1  -3   1  -2  -3  -2  -1  -1  -3  -3  -2    0   1   0   3   0  26  46  10   0   8   0   6   0   0   0   0   0   0   0   0  0.49 0.11
    8 S    -1  -1   5   0  -3   0  -1  -1   5  -4  -4   0  -3  -3  -2   2  -1  -4  -1  -3    0   0  49   0   0   0   0   0  24   0   0   3   0   0   0  24   0   0   0   0  0.68 0.14
    9 V    -1  -3  -4  -4  -2  -3  -3  -4  -4   4   1  -3   1  -1  -3  -3  -1  -3  -2   4    0   0   0   0   0   0   0   0   0  34   8   0   0   0   0   0   0   0   0  58  0.55 0.11
   10 L    -2  -3  -4  -4  -2  -3  -4  -5  -4   2   5  -3   1   0  -4  -3  -2  -2  -2   1    0   0   0   0   0   0   0   0   0  11  89   0   0   0   0   0   0   0   0   0  0.70 0.13
   11 M    -1   0  -2  -3  -2  -1  -2  -3   2   0   1  -1   7  -1  -3   1  -1  -3  -2  -1    0   5   0   0   0   0   0   0   7   0   4   1  65   0   0  17   0   0   0   0  0.57 0.18
   12 V    -1  -3  -2  -3  -2  -2   0  -4   4   4   0  -2   0  -1  -3  -2  -1  -3  -1   3    0   0   0   0   0   0   7   0  17  36   0   0   0   0   0   0   0   0   0  40  0.37 0.11
   13 S     0  -2   2   3  -2  -1   0   1  -1  -3  -4  -1  -3  -3  -2   4   0  -4  -3  -3    0   0  10  17   0   0   0   7   0   0   0   0   0   0   0  66   0   0   0   0  0.55 0.14
   14 I    -2  -4  -4  -4  -2  -4  -4  -5  -4   6   1  -4   0   2  -4  -3  -2  -3  -1   2    0   0   0   0   0   0   0   0   0  85   5   0   0  10   0   0   0   0   0   0  0.71 0.16
   15 D    -2   0   5   4  -4   0   2  -2   2  -4  -4  -1  -3  -4  -2   0  -1  -4  -3  -4    0   3  41  35   0   0  14   0   6   0   0   0   0   0   0   0   0   0   0   0  0.71 0.13
   16 Q     0   0  -1   3  -3   2   4  -1  -1  -1  -3   0  -2  -2  -2  -1  -1  -3   1  -2    7   2   0  22   0  10  42   2   0   7   0   0   0   0   0   0   0   0   8   0  0.42 0.10
   17 L    -2  -3  -4  -5  -2  -3  -4  -5  -4   1   5  -3   1   0  -4  -3  -2  -2  -2   0    0   0   0   0   0   0   0   0   0   0 100   0   0   0   0   0   0   0   0   0  0.83 0.17
   18 L    -1  -1  -2  -1  -1  -1   0  -2  -2   1   2  -1   1   0  -1  -1  -1  -1  -1   2    3   2   2   2   1   2  10   3   1   2  35   2   1   1   2   3   2   0   1  27  0.10 0.03
   19 D    -2  -1   3   5  -3   0   1  -1  -1  -3  -3   0  -2  -2  -1   0  -1  -3  -1  -2    2   1  20  47   0   4   3   2   0   1   2   6   0   1   1   2   1   0   4   1  0.49 0.08
   20 S     1   0   1   0  -2   0   0  -1  -1   0  -1   1   2  -2  -1   2   1  -2  -2  -1   10   3   7   4   0   1   1   1   0   8   2  17  13   1   1  21   6   0   1   1  0.10 0.04
   21 M    -1  -1  -1  -2  -2  -1  -1  -2  -2   1   1  -1   6  -1  -2   1   0   0  -1   0    2   3   1   1   0   1   1   1   0  10   2   4  46   1   1  20   1   1   1   3  0.26 0.10
   22 K     1   1  -1  -1  -1  -1   0  -1  -1   2   0   1   0  -1  -1   0   1  -2  -1   0   15   9   1   1   0   1   4   2   1  22  10  10   1   1   1   2  17   0   1   2  0.06 0.03
   23 E    -1   0   0   2  -3   1   4   1   0  -2  -2   1  -2  -2  -1   0  -1  -2  -2  -2    3   1   2  14   0   4  39  11   3   1   2  10   1   1   1   2   1   0   1   2  0.31 0.05
   24 I    -1  -2   2  -1  -2  -1  -2  -2  -1   2   0  -1   0   1  -2  -1   1  -1   3   1    2   1  18   1   0   1   1   1   0  28   2   1   0   6   1   1  11   0  19   5  0.15 0.06
   25 G    -1   2   0   4   1   0   0   2  -1  -2  -2   0  -2   0  -2  -1  -1  -2  -2  -2    2  20   1  33   4   1   3  18   0   1   2   1   0   6   1   1   1   0   1   3  0.26 0.06
   26 S     1   1   1   2  -1   0   0  -1  -1  -2  -2   0  -2  -2  -1   3   1  -2  -2  -2    6   8   6  14   0   1   1   1   0   1   2   1   0   1   1  45   8   0   1   1  0.27 0.07
   27 N    -1   2   5   1   2   0  -1  -1   0  -3  -3   0  -2  -3  -2   0  -1  -3  -2  -2    2  14  56   7   6   1   1   1   0   1   2   1   0   1   1   3   1   0   1   1  0.49 0.10
   28 C    -1  -3  -3  -3  10  -3  -3  -2  -3  -2  -2  -3  -2  -3  -2  -1  -1  -2  -2  -1    2   1   1   1  81   1   1   1   0   1   2   1   0   1   1   1   1   0   1   1  1.48 0.18
   29 L    -1   0  -2  -2   4   0  -1  -2  -2   0   2  -1   0  -1   3   0  -1  -2  -2   0    2   7   1   1  13   4   1   1   0   1  35   1   0   1  17   7   2   0   1   4  0.22 0.05
   30 N    -1   0   5   1  -2   1   0  -1   0  -3  -3   2  -2  -3  -1   1   0  -3  -2  -2    3   1  45   3   0   4   1   1   0   1   2  22   0   1   1   8   4   0   1   1  0.38 0.08
   31 N    -1   1   5   0  -3   0   0  -1   0  -3  -3   2  -2  -3  -2   0  -1  -3  -2  -2    2   8  55   1   0   1   1   1   0   1   2  21   0   1   1   1   1   0   1   1  0.51 0.10
   32 E     0   1  -1   0  -3   1   5  -1  -1  -3  -2   2  -2  -3  -1   0  -1  -2  -2  -2    5   7   1   1   0   1  58   3   0   1   2  14   0   1   1   1   1   0   1   1  0.48 0.09
   33 F    -1  -1   1  -1  -2  -1  -1  -2   3  -2  -2  -1  -2   1   5   1  -1  -2   1  -2    2   1   7   1   0   1   1   1  13   1   3   1   0   8  32  18   1   0   6   1  0.47 0.07
   34 N    -1  -1   5   1  -2   1   2  -1   2  -3  -3   0  -2  -3  -2   1  -1  -3  -2  -2    2   1  53   1   0   4  14   1   7   1   2   3   0   1   1   6   1   0   1   1  0.48 0.09
   35 F    -1  -2  -2  -2  -2  -1   0  -2   2   1   0  -2   0   5  -2  -1  -1   0   2   0    2   1   1   1   0   1   7   1   6   9   2   1   0  47   1   6   1   0   5   6  0.30 0.07
   36 F    -2  -2   1  -2  -2  -2  -2  -2  -1   0   1  -2   0   5  -2  -1   0   0   1  -1    2   1  13   1   0   1   1   1   0   1  17   1   0  47   1   1   8   0   1   1  0.32 0.08
   37 K    -1   2  -1  -1  -3   1   0  -2  -1  -3  -2   5  -2  -3  -1   0  -1  -3  -2  -2    2   9   1   1   0   1   1   1   0   1   2  67   0   1   1   8   1   0   1   1  0.50 0.11
   38 R     0   3   1  -1  -2   0   0  -1  -1  -2  -2   4  -1  -2  -1   0  -1  -2  -2  -1    8  14   6   1   0   1   1   1   0   1   2  51   0   1   1   1   1   0   1   8  0.32 0.08
   39 H    -2  -1   1  -2  -3  -1  -1  -2   8  -2  -2  -1  -1   3  -2  -1  -2  -2   1  -2    2   1   4   1   0   1   1   1  58   1   2   1   0  20   1   1   1   0   1   1  0.74 0.13
   40 I     1  -1  -1  -1  -1  -1  -1  -1  -1   0   0  -1  -1   3   0   2   1  -1   0   0    8   1   1   1   0   1   1   1   0   5   7   1   0  20   5  36   6   0   1   4  0.15 0.06
   41 C    -1  -3  -3  -3  10  -3  -3  -2  -3  -2  -2  -3  -2  -3  -2  -1  -1  -2  -2  -1    2   1   1   1  81   1   1   1   0   1   2   1   0   1   1   1   1   0   1   1  1.48 0.18
   42 D     0  -1   3   5  -3  -1   0   0  -1  -3  -3  -1  -2  -3  -1   0  -1  -3  -2  -2    8   1  20  51   0   1   1   7   0   1   2   1   0   1   1   1   1   0   1   1  0.52 0.09
   43 A    -1  -2   1   6  -3  -1   1  -1  -1  -3  -3  -1  -3  -3  -2  -1  -1  -3  -3  -3    6   1   1  77   0   1   1   1   0   1   2   1   0   1   1   1   1   0   1   1  0.86 0.13
   44 N     0  -1   4   0  -2   0   0  -1  -1  -2  -2   1  -1  -2  -1   1   3  -2  -2  -1    5   1  36   3   0   1   2   2   1   1   2   9   1   1   1   4  27   0   1   2  0.30 0.07
   45 K    -1   1  -1  -1  -3   3   0  -2  -1  -3  -2   5  -1  -3  -1  -1  -1  -2  -2  -2    2   1   1   1   0  20   1   1   0   1   2  63   0   1   1   1   1   0   1   1  0.52 0.11
   46 E    -2  -1  -1   0  -4   1   6  -3  -1  -2  -3   1  -2  -3  -2  -1  -2  -3  -3   0    1   0   0   0   0   0  79   1   0   0   1   5   0   0   0   1   0   0   0  10  0.81 0.18
   47 G     2  -1  -1   0  -2   0   2   2  -2  -1  -2  -1  -1  -2   1   0  -1  -2  -2   0   33   1   1   4   0   1  18  17   0   1   2   1   0   1   5   1   1   0   1  13  0.19 0.06
   48 M     1  -1  -1   0  -1  -1  -1  -1  -1   0   0   0   2  -1  -1   1   2  -2  -1   0   18   1   1   4   1   1   2   2   1   4   7   6  11   1   1  14  19   0   1   5  0.09 0.03
   49 F    -2  -2  -2  -2  -2  -2  -2  -2  -1   0   1  -2   0   6  -2  -2  -2   0   2  -1    2   1   1   2   1   1   2   2   1   1  15   2   1  60   2   2   2   0   1   2  0.53 0.10
   50 L    -1  -1  -2  -2  -1   2  -1  -2  -2   1   3  -1   1   0  -2  -1  -1  -1  -1   0    2   1   1   2   1  15   2   2   1   9  53   2   1   1   2   2   2   0   1   2  0.21 0.06
   51 F    -1  -1   3   0  -2   0   0  -1   0  -1  -1   0  -1   1  -1   1   0  -1   3   0    2   1  22   2   1   4   6   2   1   1   3   5   1   6   2  14   2   0  17   9  0.14 0.04
   52 R    -1   5  -1  -2  -2   0  -1   0   2  -2  -1   1   1  -2  -2   0  -1  -2  -1  -2    2  51   1   1   0   1   1   7   9   1   6   1   6   1   1   4   3   0   1   1  0.35 0.08
   53 A     4  -1  -2  -2  -1  -1  -1  -1  -2  -1  -2   1  -1  -2  -1   0  -1  -3  -2   0   65   1   1   1   0   1   1   1   0   1   1  15   0   1   1   1   1   0   0   9  0.35 0.11
   54 A     3  -2  -1  -2   3  -1  -1   2  -2  -1  -2  -1  -1  -2  -1   0   1  -2  -2   0   50   1   1   1   9   1   3  14   0   1   1   1   0   1   1   2   9   0   0   6  0.28 0.08
   55 R    -2   5   1  -2   3   0  -1  -2   2  -2  -2   1  -2  -2  -2  -1  -1  -2   1  -2    1  57  10   1   8   1   1   1   6   3   1   1   0   1   1   1   1   0   6   1  0.48 0.11
   56 K    -1   2  -1  -1  -3   0   0  -2  -1  -2  -2   5   2  -3  -2  -1  -1  -3  -2  -2    1   5   1   1   0   1   1   1   0   1   1  74   9   1   1   1   1   0   0   1  0.59 0.14
   57 L    -2  -2  -3  -3  -2  -2  -2  -3  -3   1   4  -2   1   0   2  -2  -1  -2  -2   0    1   1   1   1   0   1   1   1   0   1  72   1   2   1  13   1   1   0   0   3  0.45 0.11
   58 R    -1   3   0   0  -3   0   1  -2  -1  -3  -3   4  -2  -3   3  -1  -1  -3  -2  -2    3  18   5   5   0   1   6   1   0   1   1  42   0   1  13   1   1   0   0   1  0.41 0.08
   59 Q     0   0  -1  -1  -3   5   1  -2   1  -2  -2   0  -1   1  -2   1  -1  -2  -1  -2    5   1   1   1   0  57   1   1   2   1   3   3   0  10   1  12   1   0   0   1  0.46 0.13
   60 F    -2  -3  -3  -3   2  -3  -3  -3  -2   0   2  -3   0   6  -3  -2  -2   0   1  -1    1   1   1   1   5   1   1   1   0   1  25   1   0  57   1   1   1   0   0   1  0.58 0.12
   61 L    -1  -1   1  -2  -2  -1  -2   1   2   0   2  -1   0  -1  -1  -1  -1  -2  -1   1    1   4   9   1   0   1   1  14  10   2  27   1   0   1   3   3   1   0   1  21  0.07 0.04
   62 K    -1   1   0   0  -3   1   2  -2  -1  -3  -3   5  -2  -3  -1  -1  -1  -3  -2  -3    1   3   3   3   0   1  15   1   0   1   1  66   0   1   1   1   1   0   0   1  0.55 0.13
   63 M     1  -1  -2  -2  -2   1  -1  -2  -2   0   0  -1   6  -1  -2  -1   0  -2  -2   1   20   1   1   1   0   9   1   1   0   3   2   3  44   1   1   1   6   0   0   6  0.27 0.11
   64 N    -2   0   6   0  -3   2   0  -1   1  -3  -3   1  -2  -3  -2   0  -1  -3  -2  -3    1   1  62   1   0  12   1   1   2   1   1   9   0   1   1   5   1   0   0   1  0.62 0.13
   65 S    -1  -2   3   0  -2  -1  -2  -2  -2   3   0  -1   0  -1   2   0  -1  -3  -2   1    1   1  21   3   0   1   1   1   0  44   3   2   2   1  11   6   1   0   0   1  0.20 0.08
   66 T     0  -1   1  -1  -1   0  -1  -1   0   0  -2  -1  -1  -2  -1   3   3  -3  -2  -1    1   1   7   1   0   4   1   1   2  10   1   1   0   1   1  40  27   0   0   1  0.28 0.09
   67 G    -1   0  -1   1  -3   1   4   0  -1  -3  -3   2  -2  -3   2  -1  -1  -3  -2  -2    2   1   1   6   0   1  43   6   0   1   1  22   0   1  10   1   3   0   0   2  0.41 0.09
   68 D    -1  -1   2   4  -3   0   4  -2  -1  -3  -3   0  -2  -3  -1   0  -1  -3  -2  -3    3   1  11  36   0   1  36   1   0   1   1   1   0   1   1   5   1   0   0   1  0.55 0.10
   69 F    -2  -2   1  -2  -2  -2  -2  -2  -1  -1   0  -2  -1   6  -2  -2  -2   0   2  -1    2   1  10   1   0   1   2   2   1   1   2   1   1  67   1   2   1   0   1   2  0.59 0.11
   70 D    -1   1   3   2  -2   1   1  -1   0  -2   0   1  -1  -2  -1   0   0  -2  -2  -2    2   9  27  10   0   5   9   2   1   1  12   9   1   1   1   7   1   0   1   2  0.18 0.04
   71 L    -1   0   0   1  -1  -1  -1  -2   1   1   2  -1   0   0  -1   0  -1   3  -1   0    2   5   5   9   0   1   2   2   7   7  28   1   1   2   1  11   1   5   1   9  0.05 0.03
   72 H    -2   1   0  -1  -3   1   0  -2   8  -3  -2   1  -2  -2  -2  -1  -1  -2   0  -2    2   6   1   1   0   6   2   2  60   1   2   7   1   1   1   2   1   0   1   2  0.72 0.12
   73 L     1  -2  -2  -2  -1  -1  -2  -2  -2   1   3  -1   1   0  -2   0  -1  -2  -1   0   15   1   1   1   0   1   2   2   1   3  53   1   1   1   1  11   1   0   1   2  0.17 0.06
   74 L     1  -1  -1  -1  -1  -1   0  -1  -1   0   2   0   0  -1  -1   2   0  -2  -1   0   11   1   1   1   0   1   9   2   1   1  35   4   1   1   1  23   5   0   1   2  0.10 0.04
   75 K    -1   2  -1  -1  -2   0   1  -2  -1   1   0   2   0  -1  -1  -1   1  -2  -1   0    2  21   1   1   0   1  11   2   1  14  10  15   1   1   1   2  10   0   1   5  0.10 0.03
   76 V    -1  -2  -2  -2  -1  -2  -2  -2  -2   2   1  -2   0  -1  -2  -2   0  -2  -1   4    2   1   1   1   0   1   2   2   1  11   6   1   1   1   1   2   1   0   1  64  0.31 0.08
   77 S     1  -1   0  -1  -1  -1  -1  -1  -1  -2  -2  -1  -1  -2  -1   4   1  -2  -2  -2   11   1   1   1   0   1   2   2   1   1   2   1   1   1   1  68   1   0   1   2  0.42 0.10
   78 E    -1   1  -1   0   3   4   2  -2  -1  -2   0   2  -1  -2  -1  -1  -1  -2  -1  -1    2   3   1   4   9  30  11   2   1   1  12  17   1   1   1   2   1   0   1   2  0.22 0.06
   79 G     0  -2  -1  -1  -2  -2  -2   6  -2  -3  -3  -1  -2  -2  -2   0   0  -2  -2  -2    2   1   1   1   0   1   2  72   1   1   2   1   1   1   1   2   7   0   1   2  0.74 0.10
   80 T    -1  -1  -1  -1  -1  -1  -1  -2  -2   1  -1  -1   0  -2  -1   0   5  -2  -2   0    2   1   1   1   0   1   2   2   1  12   2   1   3   1   1   2  64   0   1   2  0.38 0.10
   81 T    -1  -1  -2  -2  -1   0  -1  -2  -2   1   4  -1   1   0  -2  -1   0  -2  -1   0    2   1   1   1   0   8   2   2   1   3  63   1   1   1   1   2   6   0   1   2  0.25 0.07
   82 I    -1   0   0  -1  -2   2   0  -1  -1   0  -1   3  -1  -2  -1   0   2  -2  -1  -1    2   1   1   1   0  14   4   2   1  10   2  32   1   1   1   5  17   0   1   3  0.18 0.05
   83 L    -1  -2  -2  -2  -1  -2  -2   0  -2   1   3  -2   1   0  -2  -2  -1  -2  -1   1    2   1   1   1   0   1   2  11   1   1  59   1   1   1   1   2   1   0   1  11  0.22 0.06
   84 L    -1  -2  -3  -3   3  -2  -3  -3  -3   2   4  -2   1   0  -3  -2  -1  -2  -1   1    1   1   1   1  10   1   1   1   0   7  60   1   0   2   1   1   1   0   0  13  0.35 0.08
   85 N    -1   0   5   0  -3   2   2  -1   0  -3  -3   1  -2  -3  -2   0  -1  -3  -2  -3    1   1  55   1   0   9  13   1   0   1   1  12   0   1   1   3   1   0   0   1  0.54 0.12
   86 C    -1  -3  -3  -1  10  -2   0  -3  -3  -2  -2  -3  -2  -3  -3  -1  -2  -3  -3  -2    1   1   1   3  75   1  10   1   0   1   1   1   0   1   1   1   1   0   0   1  1.34 0.20
   87 T    -1  -1   3  -1  -2  -1   1  -2  -1  -2  -2   0  -2  -3   0   1   4  -3  -2  -1    0   0  21   0   0   0  10   0   0   0   0   4   0   0   4   4  55   0   0   0  0.46 0.13
   88 G    -1   1   1  -1  -3   0   0   1  -1  -3  -3   4  -2  -3  -2   2  -1  -3  -2  -3    0   2   5   0   0   0   4   8   0   0   0  53   0   0   0  25   0   0   0   0  0.43 0.12
   89 Q     0   0   1  -1  -3   1   1  -2  -1  -3  -3   4  -2  -3  -2   3   0  -4  -2  -3    4   0   4   0   0   1   8   0   0   0   0  42   0   0   0  38   0   0   0   0  0.45 0.13
   90 V     0  -2  -3  -2  -2  -1  -1  -3  -3   2   2  -2   1  -1  -3  -1  -1  -3  -2   3    9   0   0   2   0   3   5   0   0   7  31   0   0   1   0   6   0   0   0  36  0.21 0.08
   91 K    -1   1  -1  -1   0   0   1  -2  -2  -3  -2   6  -2  -4  -2   0  -1  -4  -3  -3    0   0   0   0   3   0   6   0   0   0   2  79   0   0   0   9   0   0   0   0  0.70 0.18
   92 G    -2   0  -1   1  -4   2   5  -1  -1  -4  -4   2  -3  -4  -2  -1  -2  -4  -3  -3    0   0   0   3   0   4  71   3   0   0   0  18   0   0   0   0   0   0   0   0  0.78 0.14
   93 Q    -2   2  -1   0  -4   6   2  -3  -1  -3  -2   2  -1  -4  -2  -1  -1  -3  -2  -3    0  11   0   3   0  62   9   0   0   0   4  10   0   0   0   1   0   0   0   0  0.67 0.14
   94 K    -1   2  -1  -2  -4   1   0  -2  -1  -3  -3   5  -2  -4   2  -1   0  -4  -3  -3    0   9   0   0   0   3   0   0   0   0   0  74   0   0  10   0   4   0   0   0  0.70 0.14
   95 K    -1   2  -1  -1   1   1   1  -2  -1  -3  -2   5  -2  -4   1  -1  -1  -4  -3  -3    0   6   0   0   4   3   3   0   0   0   2  76   0   0   5   0   0   0   0   0  0.65 0.14
   96 L    -1   2   1  -1  -3   3   0  -2  -1  -1   0   2  -1  -2   1  -1  -1   0  -2  -2    1  11  10   0   0  25   1   1   0   3  14  22   0   0   9   1   1   1   0   1  0.24 0.06
   97 N    -1   0   4   2  -3   2   0  -1   0  -4  -3   3  -2  -4  -2   0  -1  -4  -3  -3    0   0  43  11   0  10   0   3   0   0   0  32   0   0   0   2   0   0   0   0  0.49 0.06
   98 D    -1  -1   1   4   4   1   3  -1  -1  -3  -3  -1  -3  -4  -2   1  -1  -4  -3  -3    0   0   2  41  13   6  21   3   0   0   0   0   0   0   0  15   0   0   0   0  0.49 0.05
   99 L    -1   0  -2  -2  -2  -1  -1  -3  -2   0   2   2   1   1   2  -1  -1   3  -1  -1    3   5   0   0   0   1   0   0   0   0  39  21   5   6  12   3   0   5   0   0  0.19 0.03
  100 C    -1  -4  -4  -4  10  -4  -5  -3  -4  -2  -2  -4  -2  -3  -4  -2  -2  -3  -3  -2    0   0   0   0 100   0   0   0   0   0   0   0   0   0   0   0   0   0   0   0  1.92 0.14
  101 F    -2  -3  -3  -2  -3  -2   1  -3  -2   0   1  -2   0   6  -3  -1  -2   0   2  -1    0   0   0   0   0   0  14   0   0   0  20   0   0  61   0   6   0   0   0   0  0.48 0.06
  102 L    -2  -3  -4  -4  -2  -3  -3  -4  -3   2   4  -3   2   0  -3  -3  -1  -2  -2   1    0   0   0   0   0   0   0   0   0  13  81   0   0   0   0   0   0   0   0   6  0.54 0.06
  103 K    -1   2  -1  -1  -3   1   0   0  -1  -1  -2   5   0  -3  -2  -1  -1  -3  -2  -2    0   5   0   0   0   0   0   7   0   5   0  81   3   0   0   0   0   0   0   0  0.54 0.08
  104 R    -1   3  -1  -1  -3   0   1  -3  -1   2  -1   2  -1  -2  -2  -1   1  -3  -2   0    4  24   0   0   0   0  15   0   0  27   0  18   0   0   0   0  12   0   0   0  0.19 0.04
  105 L    -2  -2   1  -3  -2  -2  -3  -3  -2   1   4  -2   3   0  -3  -2  -1  -2  -2   0    0   0  14   0   0   0   0   0   0   0  73   0  13   0   0   0   0   0   0   0  0.41 0.06
  106 L    -2  -3  -4  -4  -2  -3  -3  -4  -3   3   4  -3   2   0  -3  -3  -1  -2  -2   2    0   0   0   0   0   0   0   0   0  18  67   0   0   0   0   0   0   0   0  15  0.47 0.05
  107 Q    -1   1   0   2  -3   4   2  -2   0  -3  -3   1  -2  -4  -2   2   0  -3  -2  -3    0   7   0  10   0  43  13   0   0   0   0   0   0   0   0  27   0   0   0   0  0.47 0.06
  108 E    -1   1   0   2  -3   1   2  -2  -1  -3  -3   4  -2  -4  -1   1  -1  -4  -2  -3    0   0   0  13   0   2  18   0   0   0   0  52   0   0   0  14   0   0   0   0  0.45 0.05
  109 I    -2  -3  -4  -4  -2  -3  -4  -4  -4   5   2  -3   2  -1  -3  -3  -1  -3  -2   3    0   0   0   0   0   0   0   0   0  69  14   0   3   0   0   0   0   0   0  13  0.50 0.06
  110 K    -1   3  -1  -1  -4   2   0  -2  -1  -3  -3   5  -2  -4  -2  -1  -1  -4  -2  -3    0  14   0   0   0   5   0   0   0   0   0  82   0   0   0   0   0   0   0   0  0.71 0.08
  111 T     0  -1   2  -1  -2  -1  -1  -2  -2  -2  -2  -1  -1  -3  -2   2   5  -3  -2  -1    0   0  13   0   0   0   0   0   0   0   0   0   0   0   0  14  73   0   0   0  0.56 0.08
  112 C    -1  -4  -4  -4  10  -4  -5  -3  -4  -2  -2  -4  -2  -3  -4  -2  -2  -3  -3  -2    0   0   0   0 100   0   0   0   0   0   0   0   0   0   0   0   0   0   0   0  1.92 0.14
  113 W    -4  -4  -5  -5  -3  -3  -4  -4  -3  -4  -3  -4  -2   0  -5  -4  -3  12   1  -4    0   0   0   0   0   0   0   0   0   0   0   0   0   0   0   0   0 100   0   0  3.05 0.17
  114 N    -2   2   7   1  -4   0  -1  -1   0  -4  -4   0  -3  -4  -3   0  -1  -4  -3  -4    0  13  87   0   0   0   0   0   0   0   0   0   0   0   0   0   0   0   0   0  0.92 0.10
  115 K    -1   2  -1  -1  -4   1   0  -2  -1  -3  -3   6  -2  -4  -2  -1  -1  -4  -3  -3    0   0   0   0   0   0   0   0   0   0   0 100   0   0   0   0   0   0   0   0  0.84 0.10
  116 I    -2  -3  -4  -4  -2  -3  -4  -4  -3   5   1  -3   1   3  -3  -3  -1  -2   0   2    0   0   0   0   0   0   0   0   0  74   0   0   0  17   0   0   0   0   0   9  0.46 0.05
  117 L    -2  -3  -4  -4  -2  -3  -3  -4  -3   1   4  -3   2   2  -3  -3  -2  -2  -1   0    0   0   0   0   0   0   0   0   0   0  91   0   0   9   0   0   0   0   0   0  0.56 0.05
  118 M    -1  -2  -2  -3  -2  -1  -2  -3  -2   1   2  -2   6   0  -3  -2  -1  -2  -1   1    0   0   0   0   0   0   0   0   0   0   0   0 100   0   0   0   0   0   0   0  0.38 0.02

                      K         Lambda
Standard Ungapped    0.1389     0.3246
Standard Gapped      0.0360     0.2670
PSI Ungapped         0.1197     0.3106
PSI Gapped           0.0360     0.2670
