
Last position-specific scoring matrix computed, weighted observed percentages rounded down, information per position, and relative weight of gapless real matches to pseudocounts
            A   R   N   D   C   Q   E   G   H   I   L   K   M   F   P   S   T   W   Y   V   A   R   N   D   C   Q   E   G   H   I   L   K   M   F   P   S   T   W   Y   V
    1 K    -2   5  -1  -2  -5   3   1  -3  -1  -4  -4   5  -2  -4  -3  -2  -2  -4  -3  -4    0  32   0   0   0  15   6   0   0   0   0  47   0   0   0   0   0   0   0   0  0.87 0.19
    2 R    -2   5   0  -2  -4   1  -1  -3  -2  -4  -4   5  -2  -4  -2   0  -1  -4  -2  -4    0  37   4   0   0   4   1   0   0   0   0  43   0   0   1   4   2   0   1   0  0.87 0.27
    3 Q    -1   2   0  -1  -3   3   2  -3   2  -2  -2   2  -1  -2   0   0   0  -1  -2  -1    1  11   5   2   0  18  13   0   7   1   1  16   1   2   5   5   4   1   1   7  0.26 0.12
    4 W    -5  -5  -6  -7  -5  -5  -6  -5  -3  -3   1  -6   0   5  -6  -5  -4  11   1  -4    0   0   0   0   0   0   0   0   1   1  12   0   2  24   0   0   0  59   2   0  2.46 0.49
    5 A    -1  -1   0  -2   2  -1  -1  -3   4  -3  -2   0  -3  -4  -3   3   4  -4  -3  -2    1   2   2   0   5   2   1   0  14   0   2   4   0   0   0  30  34   0   0   2  0.59 0.27
    6 L    -3  -3  -5  -5  -3  -4  -5  -5  -5   4   5  -3   2  -1  -3  -3  -2  -4  -3   0    0   1   0   0   0   0   0   0   0  26  62   1   3   1   1   1   1   0   0   3  0.89 0.29
    7 E    -1  -1   2   4  -4   1   1   1   2  -4  -4   1  -3  -4  -2   1   0  -4  -3  -3    4   3   8  32   0   5   7  13   6   0   1   7   0   0   0  12   4   0   0   0  0.44 0.17
    8 D    -4  -3   1   7  -5  -2  -1  -4  -2  -4  -4  -2   4  -5  -4  -2  -3  -6  -5  -5    0   1   7  74   0   1   0   0   1   0   1   1  14   0   0   1   0   0   0   0  1.52 0.42
    9 F    -5  -6  -6  -6  -5  -6  -6  -6  -4  -2  -1  -6  -3   9  -7  -5  -5  -2   0  -3    0   0   0   0   0   0   0   0   0   1   3   0   0  96   0   0   0   0   0   0  2.43 0.55
   10 E    -3  -3  -2   4  -6   0   6  -4  -2  -4  -5  -1  -3  -4  -3  -2  -3  -5  -3  -5    1   0   0  28   0   1  64   0   0   1   0   2   0   1   0   0   0   0   1   0  1.30 0.39
   11 I    -3  -5  -5  -5  -3  -5  -5  -6  -5   7   1  -5   2  -1  -5  -4  -1  -4  -3   2    0   0   0   0   0   0   0   0   0  74   8   0   5   2   0   0   2   0   0   8  1.21 0.36
   12 G    -2  -3  -3  -4  -5  -4  -5   7  -5  -5  -6  -4  -5  -6  -5  -2  -3  -5  -6  -6    0   2   0   0   0   0   0  96   0   1   0   0   0   0   0   1   1   0   0   0  2.02 0.47
   13 R    -2   6  -1  -3  -2  -1  -2  -3   0  -5  -4   5  -2  -5  -4  -2  -2  -5  -4  -4    3  52   1   0   1   0   0   1   2   0   1  37   1   0   0   1   1   0   0   0  1.17 0.36
   14 P    -1  -1  -1  -3  -2  -2  -2  -3  -1  -2  -3   0  -4  -4   7  -2  -2  -5  -1  -3    3   3   3   0   1   1   2   1   1   3   2   7   0   0  66   1   1   0   3   1  1.44 0.36
   15 L    -4  -5  -6  -6  -4  -4  -5  -6  -5   1   6  -5   1  -2  -5  -5  -3  -4  -3  -1    0   0   0   0   0   0   0   0   0   4  95   0   1   0   0   0   0   0   0   0  1.46 0.41
   16 G    -2  -5  -3  -4  -5  -4  -5   7  -5  -6  -6  -4  -5  -6  -5  -3  -4  -5  -6  -6    1   0   0   0   0   0   0  99   0   0   0   0   0   0   0   0   0   0   0   0  2.18 0.49
   17 K    -2   4  -1  -3  -5   1   0  -4  -1  -5  -4   6  -1  -5  -3  -1  -1  -5  -4  -4    1  19   2   0   0   3   3   0   1   0   0  63   1   0   0   2   3   0   0   0  1.05 0.35
   18 G    -2  -5  -3  -2  -5  -4  -4   7  -4  -6  -6  -4  -5  -5  -4  -3  -4  -5  -5  -5    0   0   0   2   0   0   0  95   0   0   0   0   0   0   0   0   0   0   0   0  1.98 0.46
   19 K    -3   3  -1  -3  -5   0  -1  -4  -1  -5  -5   7  -3  -5  -3  -2  -2  -5  -4  -4    0  12   1   0   0   3   0   0   1   0   0  80   0   0   0   0   1   0   0   0  1.41 0.41
   20 F    -5  -5  -5  -6  -5  -5  -6  -5  -4  -3  -1  -5  -2   9  -6  -5  -4  -2   1  -3    0   0   0   0   0   0   0   0   0   0   4   0   0  93   0   0   0   0   1   0  2.25 0.52
   21 G    -1  -5  -3  -4  -5  -4  -4   7  -4  -6  -6  -4  -5  -5  -4  -3  -4  -5  -5  -5    2   0   0   0   0   0   0  95   0   0   0   0   0   0   0   0   0   0   0   0  1.99 0.46
   22 N    -2   4   5  -2  -4   1  -1  -3   2  -4  -4   2  -3  -4  -3   1  -1  -4  -3  -4    1  29  32   0   0   6   1   0   6   0   0  12   0   0   0  10   2   0   0   0  0.71 0.26
   23 V    -3  -5  -5  -5  -3  -4  -5  -5  -5   0  -2  -5  -2  -3  -5  -4  -2  -5  -4   7    0   0   0   0   0   0   0   0   0   0   0   0   0   0   0   0   0   0   0  97  1.67 0.47
   24 Y    -4  -4  -5  -6  -5  -4  -5  -5   1  -4  -4  -4  -4   2  -5  -4  -4   4   9  -4    0   0   0   0   0   0   0   0   2   0   0   0   0   5   0   0   0   4  86   0  2.35 0.55
   25 L    -3  -4  -5  -6   4  -4  -5  -5  -5   0   5  -3   3  -2  -5  -4  -3  -4  -3   0    0   0   0   0  10   0   0   0   0   1  78   1   7   0   0   0   0   0   0   3  1.15 0.36
   26 A     6  -2  -4  -4  -2  -2  -3  -2  -4  -2  -3  -3  -3  -4  -3  -1  -2  -5  -4   2   78   1   0   0   0   1   0   0   0   0   0   0   0   0   0   1   0   0   0  17  1.10 0.40
   27 R    -4   7  -3  -4  -6  -1  -2  -4  -2  -5  -5   3  -4  -5  -4  -3  -3   0  -4  -5    0  77   0   0   0   1   0   0   1   0   0  17   0   0   0   0   1   1   0   0  1.66 0.46
   28 E    -3  -2  -2   0  -5  -1   6  -4   4  -4   0  -1  -3  -4  -3  -2   0  -4  -1  -2    0   1   1   3   0   0  58   0  12   0  10   3   0   0   0   1   6   0   2   2  0.85 0.33
   29 K    -2   4  -2  -3  -5   0  -2  -4  -3  -2  -4   6  -3  -5  -1  -2  -3  -5  -4  -3    1  27   0   0   0   1   0   0   0   3   1  61   0   0   2   0   1   0   0   2  1.15 0.38
   30 Q    -1   2   0   1  -1   2   2  -2   0  -3  -3   3  -2  -4  -2   1   1  -4  -3  -1    3   9   3   5   1  13  15   1   2   0   0  22   0   0   1   8  11   0   0   4  0.32 0.15
   31 S    -1  -2   0  -1  -2  -2  -1  -1  -2  -4  -4  -1  -3  -4   0   5   3  -4  -2  -3    1   1   4   2   1   0   2   2   1   0   1   2   0   0   4  56  20   0   2   0  0.72 0.31
   32 K    -2   0   2  -1  -4   0  -1   4   5  -5  -4   3  -3  -4  -1  -2  -3  -4  -3  -4    0   5   9   3   0   2   1  30  19   0   1  26   0   0   3   1   0   0   0   0  0.65 0.25
   33 F    -4  -3  -5  -5  -4  -3  -4  -5  -1  -3  -1  -3   0   7  -5  -2  -3  -1   6  -2    1   1   0   0   0   1   0   0   1   0   4   1   2  60   0   2   1   0  24   1  1.46 0.41
   34 I    -2  -3  -5  -5  -3  -4  -5  -5  -3   6   1  -4   1  -2  -4  -3  -2  -4  -2   4    1   1   0   0   0   0   0   0   1  56   9   0   2   0   0   1   1   0   1  26  0.91 0.30
   35 L    -2  -4  -5  -5   7  -4  -3  -5  -5   1   1  -4   0  -1  -4  -3  -2  -4  -3   5    1   0   0   0  24   0   1   0   0   6  14   0   1   2   0   1   1   0   0  48  0.91 0.30
   36 A     7  -4  -3  -4  -3  -3  -3  -2  -4  -4  -4  -3  -3  -5  -3  -1  -2  -5  -4  -1   95   0   1   0   0   0   0   1   0   0   0   0   0   0   0   0   0   0   0   3  1.53 0.48
   37 L    -4  -4  -6  -6  -3  -4  -5  -6  -5   2   6  -5   2  -2  -5  -5  -3  -4  -3  -1    0   0   0   0   0   0   0   0   0   9  86   0   4   0   0   0   0   0   0   1  1.30 0.39
   38 K    -3   0  -3  -3  -6  -1  -2  -4  -3  -5  -4   8   0  -6  -4  -3  -3  -6  -5  -5    0   0   0   0   0   0   0   0   0   0   1  96   3   0   0   0   0   0   0   0  1.90 0.54
   39 V     0  -4  -5  -5   2  -3  -4  -5  -5   3  -1  -4   0  -3  -4  -2   0  -5  -3   6    5   0   0   0   4   1   0   0   0  11   1   0   2   0   0   2   4   0   0  69  0.96 0.34
   40 L    -3  -2  -5  -5  -3  -3  -4  -5  -4   3   5  -4   4  -2  -3  -4  -3  -4  -3   0    0   2   0   0   0   0   0   0   0  14  66   0  13   0   1   0   0   0   0   2  0.94 0.31
   41 F    -2  -1  -1  -1  -4   0  -1  -4   4  -2  -1  -2  -2   6  -2   0  -2   2   3  -2    2   2   4   3   0   3   5   0  12   0   3   2   0  41   2   7   1   3   9   2  0.58 0.24
   42 K    -3   0  -1  -3  -5  -1  -2  -4  -3  -3  -4   7  -2  -5  -2  -3  -3  -5  -4  -5    0   1   2   0   0   0   0   0   0   1   1  91   1   0   2   0   0   0   0   0  1.67 0.49
   43 A     1   0   2   0  -3   1   1  -2  -1  -3  -3   2  -2  -4  -2   4   0  -4  -2  -2   10   4   9   3   0   5   9   0   0   0   1  13   0   0   1  37   4   0   1   1  0.39 0.20
   44 Q    -3  -1  -1   0  -2   6   4  -4  -1  -4  -4   0  -3  -5  -1  -1  -2  -4  -3  -4    1   1   1   3   1  50  32   0   1   1   0   3   0   0   2   2   1   0   1   0  1.11 0.38
   45 L    -3  -4  -5  -5  -3  -4  -5  -5  -5   4   5  -4   1  -2  -2  -4  -3  -4  -3   1    0   0   0   0   0   0   0   0   0  28  61   0   2   0   2   0   0   0   0   5  0.92 0.30
   46 E    -1   1  -1  -1  -3   3   3  -3   0   1  -1   1   0  -3  -3  -1   0  -4  -2   1    3   6   1   2   0  18  27   1   1   8   5   5   2   0   0   2   5   0   1  13  0.26 0.15
   47 K     0   1   0  -1  -4   3   1  -2   1  -4  -3   4  -2  -4  -2   0   0  -4  -3  -3    6   5   3   3   0  17   9   1   4   0   2  40   0   0   0   5   4   0   0   1  0.52 0.22
   48 A     1  -2   0   0   1  -1   1   2   1  -3  -2  -1  -2  -1  -2   1  -1  -2   2  -2   18   0   5   4   4   1  14  17   4   0   4   2   0   1   1  11   1   0  11   1  0.18 0.12
   49 G    -2   2   3  -1  -2   0   0   4   1  -5  -4   2  -3  -3  -1  -1  -2  -4  -3  -4    0  15  18   2   1   4   4  34   3   0   0  13   0   1   2   2   1   0   0   0  0.53 0.20
   50 V    -1  -3  -3  -4   0  -3  -4  -3  -4   2   2  -3   3  -1  -4  -2  -1  -4  -3   5    4   1   0   1   2   0   0   2   0   9  18   0  10   1   0   1   1   0   0  49  0.57 0.23
   51 E    -1  -2  -2  -1  -5   2   6  -2   1  -3  -3  -1  -1  -4  -3  -2  -1  -4  -2  -1    3   0   0   0   0   9  67   2   4   1   2   1   1   0   0   1   2   0   1   5  0.95 0.33
   52 H    -2   2  -1  -3  -5   0  -1  -3   8  -2  -3   4  -3  -3  -3  -2  -2  -4   0  -3    2  10   2   0   0   2   1   1  42   3   2  28   0   0   0   1   1   0   3   1  0.94 0.31
   53 Q    -3  -2   0  -3  -5   8  -1  -4   1  -5  -5  -1  -3  -3  -4  -1  -3  -5  -4  -4    0   0   5   0   0  87   0   0   2   0   0   0   0   2   0   3   0   0   0   1  1.85 0.53
   54 L    -3  -4  -3  -5  -3  -4  -4  -5  -4   1   4  -4   2   2  -4  -4  -2  -3  -2   3    0   0   1   0   0   0   0   0   0   6  58   0   5   9   0   0   0   0   0  20  0.72 0.24
   55 R    -3   7  -2  -3  -5   1  -1  -3  -2  -4  -2   2  -1  -4  -4  -3  -2  -5  -4  -4    1  71   0   0   0   4   3   1   0   1   3  12   2   0   0   0   1   0   0   0  1.24 0.36
   56 R    -4   8  -2  -4  -6  -1  -2  -5  -2  -5  -5   0  -4  -5  -4  -3  -3  -5  -4  -5    0  93   1   0   0   1   0   0   0   0   0   1   0   0   0   1   1   0   0   0  1.96 0.49
   57 E    -3  -2  -2  -1  -6   0   7  -5  -1  -6  -5  -1  -4  -6  -2  -3  -3  -5  -4  -5    0   0   1   0   0   2  94   0   1   0   0   1   0   0   1   0   0   0   0   0  1.83 0.50
   58 V    -2  -5  -3  -5  -3  -4  -5  -5  -5   6   0  -4   2  -2  -4  -3  -2  -4  -3   3    1   0   1   0   0   0   0   0   0  67   2   0   5   0   0   1   1   0   0  22  1.11 0.34
   59 E    -3  -2  -3   0  -6  -1   7  -4  -3  -6  -4  -1  -4  -6  -4  -2  -3  -5  -4  -5    0   0   0   3   0   0  92   1   0   0   1   2   0   0   0   1   0   0   0   0  1.76 0.48
   60 I    -3  -5  -4  -5  -3  -5  -5  -6  -5   7   0  -5   0  -2  -5  -4  -2  -5  -4   1    0   0   1   0   0   0   0   0   0  90   2   0   1   0   0   1   1   0   0   4  1.56 0.43
   61 Q    -3  -2  -2  -3  -5   8  -1  -4   3  -5  -2  -1   0  -5  -3  -2  -3  -4  -3  -3    0   0   0   0   0  81   0   0   7   0   4   1   2   0   1   1   0   0   0   2  1.64 0.50
   62 S     2  -2  -1  -2   0   0  -2  -1  -1  -3  -3  -2   0  -3  -3   5   1  -4  -1  -2   15   1   2   0   2   4   0   3   1   0   1   0   2   0   0  56   8   0   3   2  0.58 0.27
   63 H    -3   1   4  -2  -5   0  -2  -3   8  -4  -5  -1  -3  -2   0   1  -2  -5  -1  -5    0   7  21   1   0   3   1   1  47   0   0   2   0   2   4   9   1   0   0   0  1.08 0.34
   64 L    -3  -4  -5  -5  -3  -4  -5  -5  -5   0   6  -4   1   0  -3  -3  -3  -4  -3  -1    0   0   0   0   0   0   0   0   0   3  88   0   1   3   1   2   0   0   0   1  1.18 0.36
   65 R    -2   6   2  -1  -3   3  -1  -4   0  -4  -3   2  -2  -4  -4  -2  -2  -4  -2  -3    1  53  11   2   1  14   0   0   2   1   1  11   1   0   0   1   0   0   1   1  0.89 0.29
   66 H    -4  -3  -2  -4  -6  -1  -3  -5  11  -6  -6  -3  -4  -4  -5  -2  -4  -5  -1  -6    0   0   0   0   0   1   0   0  96   0   0   0   0   0   0   2   0   0   1   0  2.93 0.61
   67 P    -3  -2  -3  -3  -5  -2  -1  -4  -2  -4  -5  -1  -5  -6   8  -3  -3  -6  -5  -3    1   2   1   1   0   2   3   0   1   1   0   4   0   0  83   1   0   0   0   1  2.19 0.45
   68 N    -3  -3   8  -1  -5  -2  -3  -3   3  -4  -6  -1  -4  -5  -4  -2  -3  -6  -1  -5    1   0  85   0   0   0   0   0   8   1   0   2   0   0   0   0   0   0   2   0  1.79 0.46
   69 I    -3  -5  -5  -5  -2  -5  -5  -6  -5   7   0  -5  -1  -2  -5  -4  -3  -5  -3   2    0   0   0   0   1   0   0   0   0  86   4   0   0   0   0   0   0   0   0   9  1.47 0.39
   70 L    -3  -4  -5  -5  -3  -4  -4  -5  -5   1   5  -4   0  -2  -4  -2   0  -4  -3   0    1   0   0   0   0   0   0   0   0   7  81   0   0   0   0   2   6   0   0   2  1.00 0.31
   71 R    -3   7  -2  -3  -3   2  -2  -2  -1  -5  -4   2  -3  -5  -1  -1  -2  -5  -4  -4    0  69   0   0   1   8   0   2   1   0   0  13   0   0   2   3   1   0   0   0  1.24 0.35
   72 L    -3  -4  -5  -6  -1  -4  -5  -6  -5   0   6  -4   4   1  -5  -4  -3  -3  -3  -1    0   0   0   0   1   0   0   0   0   1  80   0  13   4   0   0   0   0   0   0  1.18 0.35
   73 Y    -4  -4  -5  -6  -5  -4  -5  -6   1  -3  -1  -4  -3   4  -6  -4  -4   0   9  -4    0   0   0   0   0   0   0   0   3   0   5   0   0  13   0   0   0   0  79   0  2.06 0.48
   74 G     0  -3   4  -2  -3  -3  -3   6  -3  -5  -5  -3  -4  -5  -4  -1   0  -5  -5  -4    4   0  20   0   0   0   0  65   0   0   0   0   0   0   0   3   7   0   0   0  1.16 0.32
   75 Y    -4  -4  -4  -5  -5  -4  -4  -5   5  -4  -3  -4  -3   3  -5  -4  -2   6   8  -4    0   0   0   0   0   0   0   0  14   0   1   0   0  10   0   0   2  11  61   0  1.75 0.43
   76 F    -5  -6  -6  -6  -5  -6  -6  -6  -4  -3  -1  -6  -3   9  -6  -5  -5  -2   1  -3    0   0   0   0   0   0   0   0   0   0   2   0   0  98   0   0   0   0   0   0  2.46 0.53
   77 H    -4  -3  -2  -3  -5   1  -1  -5   9  -5  -5  -3  -4  -1  -5  -3  -4   2   5  -5    0   0   0   1   0   5   3   0  64   0   0   0   0   1   0   0   0   3  22   0  1.89 0.46
   78 D    -4  -4   0   8  -6  -3  -1  -4  -4  -6  -6  -3  -6  -6  -4  -2  -3  -7  -6  -6    0   0   2  97   0   0   0   0   0   0   0   0   0   0   0   0   1   0   0   0  2.19 0.50
   79 A     1   0   0   2  -3   0   3  -2   1  -3  -3   1  -3  -4  -2   2   0  -2  -3  -3   11   2   2  13   0   3  28   0   4   1   2   8   0   0   0  20   4   1   0   1  0.37 0.16
   80 T    -1   3   0   0  -4   1   0  -2  -1  -2  -3   4  -1  -4  -3   0   1  -4  -3  -2    3  19   3   5   0   5   5   1   1   1   1  34   2   0   0   6  13   0   0   1  0.42 0.18
   81 R    -4   7   2  -3  -2  -1  -2  -4  -2  -5  -5   2  -4  -3  -4  -2  -3  -5  -3  -5    0  80   9   0   1   1   0   0   0   0   0   7   0   1   0   1   0   0   0   0  1.56 0.41
   82 V    -3  -5  -5  -5  -3  -4  -5  -5  -5   5   0  -4  -1  -2  -5  -4  -2   2  -3   5    0   0   0   0   0   0   0   0   0  37   1   0   0   0   0   0   0   3   0  58  1.13 0.34
   83 Y    -4  -4  -5  -6  -5  -4  -5  -6  -1  -3  -3  -5  -3   5  -6  -4  -4   0   9  -2    0   0   0   0   0   0   0   0   0   1   0   0   0  26   0   0   0   0  71   2  2.02 0.47
   84 L    -3  -3  -5  -6  -3  -4  -5  -6  -5   1   6  -4   1  -1  -5  -4  -3   1  -3  -1    0   2   0   0   0   0   0   0   0   3  89   0   2   1   0   0   0   2   0   1  1.24 0.36
   85 I    -2  -5  -5  -5  -3  -4  -5  -5  -5   6   0  -4   3  -1  -5  -4  -2  -4  -3   3    2   0   0   0   0   0   0   0   0  63   3   0   9   1   0   0   0   0   0  21  1.05 0.32
   86 L    -3  -4  -5  -6  -3  -3  -5  -6  -5   1   6  -4   3  -2  -5  -4  -3  -4  -3   0    0   0   0   0   0   1   0   0   0   4  87   0   6   0   0   0   0   0   0   2  1.23 0.35
   87 E    -3  -2  -3   0  -6   0   7  -5  -3  -6  -5  -1  -5  -6  -4  -3  -3  -5  -5  -5    0   1   0   1   0   1  95   0   0   0   0   2   0   0   0   0   0   0   0   0  1.85 0.49
   88 Y    -4  -4  -5  -6  -2  -4  -5  -6  -1  -2  -2  -5  -2   6  -6  -4  -4   2   8  -3    0   0   0   0   1   0   0   0   1   1   2   0   0  29   0   0   0   2  65   0  1.87 0.45
   89 A     6  -4  -4  -4   3  -3  -3  -2  -4  -3  -2  -3  -2  -4  -3   0  -2  -5  -4  -1   84   0   0   0   6   0   0   0   0   0   3   0   1   0   0   4   0   0   0   2  1.16 0.38
   90 P     1  -3  -2  -1  -2  -2  -2   2   0  -2  -3  -1  -2  -3   6   0  -2  -4  -2  -1   14   0   0   2   1   1   1  16   2   3   2   5   0   1  40   6   1   0   1   4  0.71 0.21
   91 L    -1   3   2  -1  -4   1   0   2   1  -4  -2   3  -2  -3  -3  -1  -2  -3   0  -3    2  22  10   1   0   5   3  19   3   0   5  24   0   0   0   0   0   0   4   0  0.40 0.17
   92 G    -2  -4  -3  -3  -5  -4  -4   7  -4  -6  -6  -4  -5  -4  -4  -2  -2  -5  -5  -5    0   0   0   0   0   0   0  94   0   0   0   0   0   1   0   1   2   0   0   0  1.88 0.42
   93 T    -3  -2  -2   1  -5   0   7  -4  -2  -5  -5  -1  -4  -5  -3  -2   0  -5  -4  -4    1   0   1   6   0   1  84   0   0   0   0   0   0   0   0   1   5   0   0   0  1.47 0.41
   94 V    -3  -4  -5  -5  -1  -4  -5  -5  -5   0   6  -4   2  -1  -5  -4  -3  -3  -3   1    0   0   0   0   1   0   0   0   0   2  83   0   4   1   0   0   0   0   0   7  1.10 0.32
   95 Y    -4  -4  -4  -5  -5  -4  -4  -5  -1  -3  -3  -4  -3   4  -5  -3  -4   1   9  -4    0   0   0   0   0   0   0   0   0   0   0   0   0  17   0   2   0   1  79   0  2.09 0.48
   96 R    -2   2   1  -2  -4   1  -1   0   0  -4  -4   6  -3  -5  -3  -1  -1  -4  -3  -4    1   8   6   1   0   5   2   6   3   0   0  62   0   0   0   2   3   0   0   0  0.81 0.28
   97 E    -2  -1  -1   0  -2   1   4  -3   5  -1   0   0  -1  -1  -3  -1  -2  -4  -1  -2    2   2   0   3   1   5  34   0  21   2  13   6   1   2   0   3   1   0   1   2  0.43 0.19
   98 L    -3  -4  -5  -5  -3  -3  -5  -5  -5   0   6  -4   3  -2  -5  -4  -3  -4  -3  -1    0   0   0   0   0   1   0   0   0   2  91   0   5   0   0   0   0   0   0   0  1.29 0.36
   99 Q    -2   4  -1  -2  -4   5   0  -3  -1  -4  -3   3  -1  -4  -3  -1  -1  -4  -3  -2    1  25   2   0   0  40   3   0   1   0   1  15   2   0   0   2   4   0   0   2  0.77 0.27
  100 K     0   3   1  -1  -3   1   0  -2  -2  -3  -4   5  -3  -4  -1   0  -1  -4  -3  -3    7  15   7   1   0   5   4   1   0   1   0  47   0   0   2   6   3   0   0   1  0.55 0.21
  101 L     1   0   1  -1   2   1   1  -1   1  -2  -1   1   0  -1  -2   1   0  -3  -1  -1   10   3   6   1   7   9  13   2   5   0   6   7   3   3   0  17   2   0   2   5  0.12 0.08
  102 S    -1   1   0  -2  -2   1  -1   4   3  -4  -4   2  -2  -4  -2   0   0  -4  -3  -3    0   9   3   1   1   5   1  38  11   0   0  14   1   0   1   8   5   0   0   1  0.48 0.18
  103 K    -2   6  -2  -3  -1  -1  -2  -4   2  -4  -4   2  -3  -3   1  -1   2  -4  -1  -3    1  50   0   0   1   0   0   0   6   0   0  13   0   1   8   2  13   0   2   1  0.76 0.26
  104 F    -4  -5  -5  -6  -4  -5  -5  -5  -3   0   1  -5  -1   8  -5  -4  -4  -1   1  -2    0   0   0   0   0   0   0   0   0   5  11   0   0  80   0   0   0   0   2   1  1.70 0.41
  105 D    -2  -3   2   5  -2  -2   0  -2  -2  -3  -4  -2  -4  -4   3   2   1  -5  -4  -3    1   0   9  41   1   0   3   2   0   1   0   0   0   0  14  20   8   0   0   1  0.70 0.24
  106 E    -3  -2   0   2  -6   0   7  -4  -2  -5  -5   0  -4  -5  -2  -2  -3  -5  -4  -5    1   0   4  11   0   1  79   0   0   0   0   2   0   0   1   0   0   0   0   0  1.38 0.39
  107 Q     0   2  -1  -1  -3   4   1  -2   0  -1  -3   2  -2  -3   1  -1  -1   4  -2  -1    6  14   1   1   0  23   6   1   1   5   0  16   0   0   7   4   3   8   0   4  0.36 0.16
  108 R    -2   5  -2  -2  -3   2   0  -3   0  -2  -1   2   0  -3  -1  -1   1  -4  -2  -1    0  39   0   0   0   9   5   1   3   2   6  12   2   0   2   1  11   0   0   6  0.44 0.19
  109 T     4  -3  -2  -3  -1  -2  -2  -2  -3  -3  -3  -2  -3  -4  -3   3   4  -4  -3  -2   50   0   0   0   1   0   0   1   0   0   0   0   0   0   0  19  27   0   0   1  0.76 0.29
  110 A     6  -3  -3  -3  -2  -3  -3  -2  -3  -3  -3  -2  -2  -4  -3   2  -1  -5  -4  -2   79   0   0   0   0   0   0   1   0   0   0   0   1   0   0  16   1   0   0   1  1.10 0.36
  111 T    -2   2   1  -1  -3   1  -1  -2   1  -2  -2   2  -1  -2  -2   0   4  -2   0  -2    1  14   9   1   0   8   1   1   4   2   2  13   1   2   0   2  34   0   3   2  0.34 0.18
  112 Y    -4  -4  -4  -5  -3  -4  -4  -5  -1   2   0  -4  -2   2  -5  -4  -4   0   8  -1    0   0   0   0   0   0   0   0   0  12   6   0   0   5   0   0   0   0  73   3  1.65 0.42
  113 I    -2  -4  -4  -4  -3  -3  -4  -5  -4   5   0  -4   5  -2   0  -3   0  -4  -3   3    1   0   0   0   0   0   0   0   0  52   1   0  18   0   5   1   4   0   0  17  0.81 0.28
  114 T     2   0   0  -1  -2   0   1  -1   1  -2  -1   0  -1   0  -2   0   0  -1   4  -2   22   5   3   2   0   2  11   3   2   2   5   7   1   2   0   5   5   0  21   1  0.18 0.11
  115 E     0  -1  -2  -1  -3   6   3  -3  -2  -4  -4  -1  -2  -4  -2   1  -2  -4  -3  -4    5   1   0   2   0  55  20   1   0   0   1   0   1   0   1  10   0   0   0   0  0.96 0.31
  116 L    -2  -3  -4  -4  -2  -3  -3  -4  -3   3   3  -3   5  -1  -3  -3  -1  -3  -2   3    1   0   0   0   0   0   1   1   0  16  36   0  19   0   0   1   3   0   0  20  0.57 0.19
  117 A     5  -3  -2  -3   1  -2  -2  -1  -3  -1  -2  -2  -2  -3  -2   1   1  -4  -3   0   62   0   0   0   3   0   0   1   0   3   2   0   0   1   0  10  11   0   0   5  0.63 0.24
  118 N    -1   0   2   4  -3   1   1  -1   0  -3  -2   0  -2  -3  -2   1  -1  -4  -1  -3    5   3   8  36   0   6   8   3   2   0   4   6   1   0   0  14   1   0   2   0  0.41 0.15
  119 A     6  -3  -3  -4  -2  -3  -3  -1  -3  -3  -3  -3  -3  -4  -3   0  -2  -4  -4  -1   89   0   0   0   0   0   0   3   0   0   0   0   0   0   0   2   1   0   0   2  1.23 0.37
  120 L    -3  -4  -5  -5  -3  -4  -4  -5  -4   2   5  -4   2  -1  -4  -4  -3  -3  -3   0    0   0   0   0   0   0   0   0   0   7  82   0   3   0   0   0   0   0   0   4  1.04 0.30
  121 S     0   1   0   0  -2   1   1  -1   0   0  -1   2   1  -2  -2   1   0  -2  -2  -1   10   7   5   4   0   7   6   2   2   9   6  17   5   0   0  10   7   0   0   1  0.10 0.06
  122 Y    -3  -4  -2  -5  -3  -4  -4  -5   0  -4  -3  -4  -3   1  -5  -4  -1   0   9  -3    1   0   2   0   1   0   0   0   1   0   0   0   0   2   0   0   4   0  86   0  2.09 0.48
  123 C    -3  -5  -5  -6  10  -5  -6  -5  -5  -2   3  -5   4  -3  -5  -4  -3  -4  -4  -2    0   0   0   0  59   0   0   0   0   1  28   0  11   0   0   0   0   0   0   1  1.81 0.43
  124 H    -4  -3  -2  -4  -6   0  -3  -5  11  -6  -6  -3  -4  -4  -5  -3  -4   4  -1  -6    0   0   0   0   0   3   0   0  90   0   0   1   0   0   0   1   0   5   0   0  2.73 0.59
  125 S     0   2   0   0  -3   2   2   1  -1  -3  -3   2  -2  -4  -2   2   0  -4  -3  -3    6  10   3   4   0   8  13  12   0   0   2  14   0   0   0  24   3   0   0   0  0.30 0.13
  126 K    -3   2   2  -2  -1   0  -1  -1   1  -3  -3   6   0  -4  -3  -2  -2  -5  -3  -4    0  10   9   0   2   2   0   5   3   1   2  61   4   1   0   0   0   0   0   0  0.80 0.29
  127 R    -3   1   4   0  -2   0  -1   0   7  -4  -4   3  -3  -3  -3  -1  -2  -4  -2  -4    1   5  23   4   1   1   1   6  32   0   0  21   0   1   0   1   1   0   0   0  0.76 0.25
  128 V    -2  -4  -4  -5   1  -4  -4  -5  -5   4  -1  -4   0  -2  -4  -3  -2  -4  -3   6    0   0   0   0   3   0   0   0   0  19   0   0   1   0   0   0   1   0   0  72  1.05 0.31
  129 I    -3  -4  -4  -5  -3  -4  -4  -5  -5   7   0  -4   2  -1  -4  -3  -1  -4  -3   1    0   0   0   0   0   0   0   0   0  80   3   0   6   1   0   1   2   0   0   3  1.20 0.34
  130 H    -4  -3  -2  -4  -5  -1  -3  -4  11  -5  -5  -3  -4  -4  -4  -3  -4  -4   0  -5    0   0   0   0   0   2   0   0  90   0   0   0   0   0   0   0   0   0   1   0  2.64 0.55
  131 R    -3   8  -3  -4  -2  -1  -2  -4  -2  -5  -4   0  -4  -5  -2  -3  -3  -5  -4  -4    0  92   0   0   1   0   0   0   0   0   0   0   0   0   2   0   0   0   0   0  1.87 0.45
  132 D    -4  -4  -1   8  -5  -3  -1  -3  -3  -5  -5  -3  -5  -5  -4  -2  -3  -6  -5  -5    0   0   0  95   0   0   0   0   0   0   0   0   0   0   0   0   0   0   0   0  2.08 0.46
  133 I    -3  -4  -5  -5  -3  -4  -4  -5  -5   7   2  -4   2  -2  -4  -3  -2  -4  -3   1    0   0   0   0   0   0   0   0   0  72  17   0   3   0   0   1   0   0   0   3  1.10 0.31
  134 K    -3   0  -2  -3  -5  -1  -1  -4  -3  -5  -4   7  -3  -5  -3  -2  -3  -5  -4  -4    0   0   0   0   0   0   0   0   0   0   0  95   0   0   0   0   0   0   0   0  1.73 0.45
  135 P    -3  -4  -4  -4  -5  -4  -3  -4  -4  -5  -4  -3  -4  -5   9  -3  -3  -5  -5  -4    1   0   0   0   0   0   0   0   0   0   2   0   0   0  93   0   0   0   0   0  2.65 0.50
  136 E    -3  -2  -2   2  -6   0   7  -4  -2  -5  -5  -2  -4  -5  -3  -2  -3  -5  -4  -5    0   0   0   7   0   0  90   0   0   0   0   0   0   0   0   0   0   0   0   0  1.73 0.45
  137 N    -4  -3   8  -1  -5  -2  -3  -3  -2  -5  -6  -2  -4  -5  -4   0  -2  -6  -4  -5    0   0  92   0   0   0   0   0   0   0   0   1   0   0   0   5   0   0   0   0  2.00 0.49
  138 L    -3   0  -5  -5  -3  -4  -4  -5  -4   5   4  -3   0  -1  -2  -4  -2  -4  -3   1    0   5   0   0   0   0   0   0   0  40  48   0   0   0   2   0   0   0   0   3  0.78 0.26
  139 L    -4  -4  -6  -6  -3  -4  -5  -6  -5   0   6  -5   2  -1  -5  -5  -3  -4  -1  -1    0   0   0   0   0   0   0   0   0   1  91   0   5   0   0   0   0   0   2   1  1.32 0.37
  140 L    -2  -4  -4  -4   1  -3  -4  -5  -4   3   4  -4   2  -1   0  -2  -2  -3  -3   2    0   0   1   0   4   0   0   0   0  22  48   0   5   0   5   2   0   0   0  12  0.59 0.21
  141 G    -1  -3  -1   2  -3  -3  -3   6  -3  -5  -5  -3  -4  -3  -4   0  -1  -5  -4  -5    1   1   1  15   0   0   0  69   0   0   0   0   0   1   0   7   4   0   0   0  1.15 0.31
  142 S     0  -2  -1  -2   0  -1  -2  -2   3   2   1  -1   0   2   0   0  -1  -2   1   0   11   0   2   1   3   1   1   1  12  15  17   3   2  12   3  11   1   0   3   3  0.11 0.10
  143 A    -1   2   3   2  -4   1   1  -2   4  -4  -3   1  -1  -3  -3  -1   0  -4  -1  -3    2  13  21  13   0   6   9   2  14   0   1   9   1   1   0   1   6   0   1   0  0.41 0.16
  144 G    -2  -3   3   2  -5  -2  -2   6  -2  -5  -5  -3  -4  -4  -4  -2  -3  -3  -5  -5    0   1  14  10   0   0   2  70   1   0   1   1   0   1   0   0   0   0   0   0  1.22 0.32
  145 E    -2   0   1   2  -1   2   5  -2  -2  -3  -3   1  -3  -4  -3  -1   1  -4  -3  -1    0   4   6   8   1   8  47   1   0   1   1   8   0   0   0   0   9   0   0   5  0.59 0.23
  146 L    -2  -4  -5  -5  -2  -4  -4  -5  -4   4   4  -4   2   0  -4  -4  -2  -3  -2   2    0   0   0   0   1   0   0   0   0  27  47   0   5   4   0   0   0   0   0  16  0.73 0.23
  147 K    -3   0  -2  -3  -5   0  -1  -4  -3  -2  -3   7  -3  -5  -3  -2  -3  -5  -4  -4    0   1   0   0   0   1   0   0   0   3   2  89   0   0   0   0   0   0   0   0  1.49 0.41
  148 I    -3  -4  -4  -5  -3  -4  -4  -5  -4   6   3  -4   1   0  -4  -4  -2  -3  -2   1    0   0   0   0   0   0   0   0   0  55  32   0   3   3   0   0   0   0   0   3  0.87 0.26
  149 A     5  -3  -2  -3  -2  -2  -2   1  -3  -3  -3  -2  -3  -4  -2   3   0  -4  -3  -2   60   0   0   0   0   0   0   7   0   0   0   0   0   0   0  23   5   0   0   0  0.77 0.28
  150 D    -4  -4  -1   8  -5  -2  -1  -3  -3  -5  -5  -3  -5  -5  -4  -1  -3  -6  -5  -5    0   0   0  93   0   0   0   0   0   0   0   0   0   0   0   3   0   0   0   0  1.98 0.45
  151 F    -5  -6  -6  -6  -5  -6  -6  -6  -4  -3  -1  -6  -2   9  -6  -5  -5  -2   1  -3    0   0   0   0   0   0   0   0   0   0   2   0   0  98   0   0   0   0   0   0  2.44 0.53
  152 G    -2  -5  -3  -4  -5  -4  -4   7  -4  -6  -4  -4  -5  -5   0  -3  -4  -5  -5  -5    0   0   0   0   0   0   0  92   0   0   2   0   0   0   5   0   0   0   0   0  1.84 0.42
  153 W    -5  -6  -7  -7   0  -5  -6  -6  -5  -5  -4  -6   0  -2  -7  -4  -5  13   0  -6    0   0   0   0   2   0   0   0   0   0   1   0   2   0   0   1   0  92   1   0  3.95 0.70
  154 S     1  -3  -2  -3  -2  -2  -3  -3  -3  -4  -3  -3  -4  -5  -1   6  -1  -5  -4  -4    8   0   0   0   1   0   0   0   0   0   2   0   0   0   2  87   0   0   0   0  1.30 0.43
  155 V     0  -4  -5  -5  -3  -4  -4  -5  -5   2  -1  -4  -1  -3  -4  -3   0  -5  -3   6    5   0   0   0   0   0   0   0   0   6   2   0   0   0   0   1   6   0   0  80  1.11 0.35
  156 H    -3  -1  -2  -4   1   1  -2  -4   9  -2  -4  -2  -4  -3   1  -3  -3  -4   2  -3    0   2   1   0   3   5   0   0  66   3   1   2   0   0   8   1   1   0   6   1  1.57 0.41
  157 A     4  -2   1  -1  -2  -2  -1  -1  -3  -3  -3  -2  -3  -4   1   2   2  -4  -3  -2   49   0   9   3   0   1   3   1   0   0   1   0   0   0   5  12  16   0   1   0  0.52 0.23
  158 P    -2  -2   0  -3  -4  -2  -3  -4  -2  -3  -4  -1  -4  -3   8  -1  -2  -6  -5  -2    3   2   5   0   0   1   1   0   1   2   1   3   0   1  73   3   1   0   0   2  1.72 0.39
  159 S     0  -1   4   1  -3  -1  -1  -1  -1  -4  -4   0  -3  -4  -2   4   1  -5  -3  -3    7   2  21   8   0   1   1   2   1   0   0   3   0   0   1  45   8   0   0   0  0.57 0.24
  160 S    -1   2   3  -1  -3   0  -1  -2  -2  -3   0   2  -2  -4  -2   3   0  -4  -3  -3    0  14  20   1   0   2   1   1   0   0  10  19   0   0   1  28   4   0   0   0  0.39 0.19
  161 R    -4   8  -3  -4  -5  -1  -2  -4  -2  -5  -4   2  -4  -5  -4  -3  -3  -5  -4  -5    0  87   0   0   0   1   0   0   0   0   1   8   0   0   0   0   0   0   0   0  1.79 0.44
  162 R    -3   7   0  -2  -5   0  -1  -4   1  -4  -3   2  -1  -4  -4  -2  -1  -4  -3  -4    0  70   3   1   0   2   1   0   3   0   2  10   1   0   0   1   3   0   0   0  1.16 0.33
  163 T    -2  -4  -2  -3  -3  -3  -3  -4  -4  -3  -4  -3  -3  -4  -3  -1   8  -5  -4  -2    0   0   0   0   0   0   0   0   0   0   0   0   0   0   0   0  97   0   0   0  1.83 0.50
  164 L    -3  -3  -4  -5  -3  -3  -4  -5  -3   1   3  -3   7   2  -4  -3  -1  -3   0   0    0   1   0   0   0   0   0   0   0   7  34   0  37  10   0   0   3   0   3   3  0.78 0.27
  165 C    -3  -6  -5  -6  11  -5  -6  -5  -6  -2  -4  -6  -4  -3  -5  -4  -4  -5  -5  -3    1   0   0   0  94   0   0   0   0   2   0   0   0   1   0   0   0   0   0   0  3.16 0.59
  166 G    -2  -3  -1  -3  -5  -4  -4   7  -4  -6  -6  -3  -5  -5  -4  -2  -4  -5  -5  -5    0   2   2   0   0   0   0  94   0   0   0   0   0   0   0   0   0   0   0   0  1.88 0.41
  167 T    -2  -3  -2  -3  -3  -3  -3  -4  -4  -3  -3  -3  -3  -4  -3  -1   7  -5  -4  -1    0   0   0   0   0   0   0   0   0   0   0   0   0   0   0   0  95   0   0   2  1.75 0.49
  168 L    -3  -4  -5  -5  -2  -3  -4  -5  -4   1   5  -3   2  -1  -1  -4  -2  -3  -3   0    1   0   0   0   0   1   0   0   0   6  80   1   4   0   3   0   1   0   0   2  0.96 0.29
  169 D    -4  -4   0   8  -6  -2   1  -4   0  -5  -6  -3  -5  -5  -4  -2  -3  -6  -5  -5    0   0   1  89   0   0   5   0   2   0   0   0   0   0   0   1   0   0   0   0  1.87 0.44
  170 Y    -4  -4  -5  -6  -5  -4  -5  -6  -1  -4  -4  -4  -4   1  -5  -4  -4   0   9  -4    0   0   0   0   0   0   0   0   0   0   0   0   0   2   0   0   0   0  95   0  2.56 0.56
  171 L    -3  -4  -5  -5  -3  -2  -4  -5  -5   0   6  -4   0  -2  -5  -4  -2  -4  -3  -1    0   0   0   0   0   2   0   0   0   1  91   0   0   0   0   0   2   0   0   2  1.23 0.35
  172 P     1  -4  -3  -3   1  -3  -3  -3  -4  -5  -5  -2  -4  -5   7   2  -2  -6  -5  -4   14   0   0   0   4   0   0   0   0   0   0   2   0   0  63  17   0   0   0   0  1.60 0.38
  173 P    -4  -5  -5  -4  -6  -4  -4  -5  -5  -6  -6  -2  -5  -7   9  -4  -4  -7  -6  -5    0   0   0   0   0   0   0   0   0   0   0   2   0   0  98   0   0   0   0   0  2.93 0.57
  174 E    -3  -3  -3  -1  -6   1   7  -5  -3  -6  -6  -2  -5  -6  -4  -3  -3  -6  -5  -5    0   0   0   0   0   3  97   0   0   0   0   0   0   0   0   0   0   0   0   0  1.96 0.50
  175 M    -4  -4  -5  -6  -4  -3  -5  -5   0   2   1  -4  10  -2  -5  -4  -2  -4  -3  -1    0   0   0   0   0   0   0   0   3   9   5   0  79   1   0   0   2   0   0   0  1.90 0.51
  176 I    -2  -4  -5  -5  -1  -4  -4  -5   0   5   1  -4  -1  -1  -4  -4  -2  -2  -3   5    0   0   0   0   1   0   0   0   3  42   7   0   0   1   0   0   1   1   0  44  0.87 0.28
  177 E    -2   0   1   1  -2   1   5  -3  -1  -4  -2   1  -1  -4   0  -1  -1  -4  -3  -3    2   3   9   4   1   5  50   1   1   0   4  10   1   0   4   2   2   0   0   1  0.61 0.23
  178 G    -1   0   2   0  -4   1   0   5   0  -4  -4   0  -3  -3  -2   0  -2  -4  -2  -4    1   4   9   5   0   8   6  46   2   0   1   7   0   1   1   8   0   0   2   0  0.55 0.19
  179 R    -2   4   2  -1   0   2   1  -2   0  -3  -3   4  -2  -4  -3  -1  -1  -4  -3  -3    0  30  10   2   2  11   5   1   2   1   1  29   1   0   0   1   2   0   0   1  0.60 0.22
  180 M     0  -1  -1   0  -3   0   1  -2  -1  -1  -2   0   0  -1   2   1   2   2   2  -1    8   1   2   4   0   2  13   1   0   3   0   7   3   1  11   9  20   3   8   2  0.20 0.12
  181 H    -4  -4  -3  -5  -6  -3  -4  -5   9  -5  -5  -4  -4  -1  -5  -4  -4  -2   8  -5    0   0   0   0   0   0   0   0  49   0   0   0   0   0   0   0   0   0  51   0  2.27 0.54
  182 D    -3  -3   3   6  -5  -2  -1  -1  -1  -5  -5  -2  -5  -5  -4   1   0  -6  -5  -5    0   0  17  61   0   0   1   3   1   0   0   0   0   0   0   9   7   0   0   0  1.20 0.35
  183 E    -1  -1   0   1  -3   1   5  -1   2  -3  -4   0  -3   0  -1  -1  -2  -3   1  -3    5   2   3   5   0   3  46   3   6   1   0   5   0   5   2   4   1   0   6   1  0.50 0.21
  184 K     1   1   1  -2  -3  -1  -1  -2  -1  -3  -3   4   2  -3  -3   2   1  -3   0  -3   12   7   7   0   0   1   2   2   1   0   0  38   6   0   0  14   7   0   3   0  0.40 0.20
  185 V    -2  -5  -5  -5  -3  -4  -5  -5  -5   2  -1  -5  -1  -3  -5  -3  -2  -5  -3   7    1   0   0   0   0   0   0   0   0   6   1   0   1   0   0   0   1   0   0  90  1.43 0.41
  186 D    -4  -4  -1   8  -6  -3  -1  -3  -4  -5  -6  -3  -5  -6  -4  -3  -3  -6  -5  -5    0   0   0  97   0   0   0   1   0   0   0   0   0   0   0   0   0   0   0   0  2.18 0.49
  187 L    -1  -2   1  -2  -3   0  -3  -4   1   3   3  -3   1  -1  -3  -2  -2  -3  -1   2    3   1   8   1   0   5   0   0   4  18  42   0   2   1   0   1   0   0   2  12  0.35 0.16
  188 W    -6  -6  -7  -7  -5  -5  -6  -6  -5  -6  -5  -6  -5  -2  -7  -6  -5  13  -1  -6    0   0   0   0   0   0   0   0   0   0   0   0   0   0   0   0   0  97   0   0  4.35 0.73
  189 S     2  -3  -2  -3   7  -3  -3  -1  -3  -3  -3  -3  -3  -3  -3   4   1  -4   0  -3   22   0   0   0  27   0   0   2   0   0   0   0   0   0   0  34   9   0   3   0  0.81 0.28
  190 L    -3  -4  -5  -5  -3  -4  -4  -5  -5   4   5  -4   1  -1  -4  -4  -3  -4  -3   1    1   0   0   0   0   0   0   0   0  23  68   0   1   0   0   0   0   0   0   6  0.96 0.28
  191 G    -2  -5  -3  -4  -5  -4  -4   7  -4  -6  -6  -4  -5  -5  -4  -3  -4  -5  -5  -5    0   0   0   0   0   0   0  98   0   0   0   0   0   0   0   0   0   0   0   0  2.06 0.44
  192 V    -1  -4  -5  -5  -3  -4  -4  -5  -5   4  -1  -4  -1  -3  -4  -4  -2  -5  -3   6    2   0   0   0   0   0   0   0   0  24   0   0   0   0   0   0   0   0   0  71  1.17 0.34
  193 L    -3  -4  -5  -5  -3  -4  -5  -5  -5   0   6  -4   1  -2  -5  -4  -3  -4  -3  -1    0   0   0   0   0   0   0   0   0   2  93   0   2   0   0   0   1   0   0   1  1.32 0.36
  194 C     0  -4  -3  -4   8  -3  -4  -2  -4   0   1  -4   2  -3  -4  -2   3  -4  -4  -2    7   0   0   0  43   0   0   2   0   4  12   0   5   0   0   1  24   0   0   0  1.06 0.31
  195 Y    -4  -4  -5  -6  -1  -4  -5  -5  -1  -4  -3  -4  -3   4  -5  -4  -4   0   9  -4    0   0   0   0   1   0   0   0   0   0   0   0   0  11   0   0   0   0  85   0  2.29 0.51
  196 E    -3  -2  -3  -1  -6   0   7  -4  -3  -6  -5  -1  -4  -6  -3  -3  -3  -5  -4  -5    0   0   0   0   0   0  96   0   0   0   0   2   0   0   0   0   0   0   0   0  1.90 0.49
  197 F    -3  -4  -5  -5   1  -4  -5  -5  -4  -1   3  -4   1   7  -2  -4  -3  -2   0  -2    0   0   0   0   3   0   0   0   0   1  37   0   4  52   2   0   0   0   0   0  1.08 0.31
  198 L    -3  -4  -5  -5   2  -4  -5  -5  -5   1   5  -4   0  -2  -3  -4  -3  -3  -3   1    0   0   0   0   5   0   0   0   0   5  80   0   1   0   1   0   0   0   0   7  1.03 0.30
  199 V    -2  -4  -4  -4   3  -4  -3  -4  -3   1  -1  -4  -1  -1  -4  -2   2  -2   1   6    1   0   0   0   6   0   1   0   1   2   0   0   0   1   0   1  12   0   5  68  0.85 0.31
  200 G    -2  -4  -2  -3  -5  -4  -4   7  -4  -6  -6  -3  -5  -5  -4  -2  -4  -5  -5  -5    0   0   1   0   0   0   0  95   0   0   0   1   0   0   0   1   0   0   0   1  1.94 0.43
  201 K     0   1   3  -1  -2   0   2  -2   1  -3  -3   3  -2  -3  -2   1   0  -4  -1  -1    5   8  21   0   1   2  14   1   3   0   1  22   0   1   0  10   3   0   2   5  0.30 0.14
  202 P     1  -4  -3  -3  -4  -3  -3  -4  -4  -4  -4  -3  -4  -5   8  -2   0  -5  -5  -2   14   0   1   0   0   0   1   0   0   0   1   0   0   0  73   1   5   0   0   2  1.86 0.41
  203 P    -1  -3  -4  -4  -5  -4  -3  -4  -4  -5  -5  -3  -5  -5   8  -3  -3  -5  -5  -4    3   1   0   0   0   0   0   0   0   0   0   0   0   0  91   0   0   0   0   0  2.59 0.50
  204 F    -4  -5  -5  -5  -5  -5  -5  -5  -4  -2  -2  -5  -3   9  -6  -5  -4  -2   0  -3    0   0   0   0   0   0   0   0   0   1   1   0   0  94   0   0   0   0   0   0  2.36 0.53
  205 E    -2  -2  -2   0  -4   0   7  -3  -2  -4  -3  -1  -2  -3  -3  -2  -3  -4   0  -3    1   1   0   2   0   3  79   2   1   1   3   1   1   1   0   1   1   0   3   1  1.30 0.40
  206 A     2  -2   0   1  -1  -1   1  -1   1  -2  -3  -1  -2  -2  -2   3   1  -3  -2  -2   25   1   3   6   1   1  12   3   4   1   1   1   0   1   1  28   9   0   1   1  0.31 0.15
  207 N     0  -1   2   3  -3   0   2  -2   1  -2  -3   1  -2  -4   2   1   0  -4  -3  -2    5   1  10  19   0   4  15   1   4   3   1   8   0   0  10  11   5   0   0   1  0.33 0.13
  208 T    -1  -2   2   2  -3  -1  -1   1  -2  -3  -4  -1  -2  -3  -2   3   4  -4  -3  -3    1   0   9  11   0   1   3  10   1   0   0   2   1   1   1  31  29   0   0   1  0.50 0.22
  209 Y    -1   1   0  -1  -4   3   0  -2   5  -3  -2   1  -2  -1   2  -1   0  -2   3  -2    3   7   3   2   0  15   4   1  17   1   2   9   0   2  11   3   5   0  12   2  0.35 0.16
  210 Q     0   0   2   2  -3   2   2  -2   0  -2  -3   0  -1  -3  -1   2   0  -4  -2   0    5   5  14  11   0  11  14   1   2   1   1   4   1   0   2  17   3   0   0   8  0.25 0.13
  211 E     0  -1   0   2  -2   0   4  -2  -2  -2  -1   0   3  -3  -3  -1  -1  -4  -2  -2    9   1   3  11   1   3  38   2   0   1   6   6  11   0   0   3   3   0   1   1  0.39 0.19
  212 T     0  -3  -3  -3  -1  -3  -3  -4  -4  -1  -3  -3  -1  -4  -3  -1   7  -5  -4  -1    6   0   0   0   1   0   0   0   0   2   1   0   1   0   0   1  83   0   0   2  1.42 0.44
  213 Y    -3  -3  -3  -4  -1   2  -3  -4   2  -1  -1  -1   1   2  -4  -2  -3  -1   8  -2    0   1   0   0   1   9   0   0   4   3   4   4   3   7   0   3   1   0  56   2  1.09 0.34
  214 K    -1   5   0  -1  -3   1   1  -2  -1  -3  -3   4  -2  -4  -3  -1  -2  -2  -3  -3    3  37   4   3   0   7   8   3   1   1   1  28   1   0   0   3   1   1   0   1  0.66 0.23
  215 R    -2   7   1  -3  -3  -1  -2  -4  -1  -5  -3   3  -2  -4  -4  -2  -3  -5  -2  -4    2  63   6   0   1   1   0   0   1   0   2  21   1   0   0   0   0   0   1   0  1.21 0.36
  216 I    -4  -5  -5  -5  -4  -5  -5  -6  -5   8  -1  -5  -1  -3  -5  -4  -3  -5  -4   1    0   0   0   0   0   0   0   0   0  91   0   0   0   0   0   0   0   0   0   5  1.73 0.45
  217 S     1   1  -1  -2   1   0  -1  -2  -2   0   1   1   1  -2  -2   0   0  -3  -2   1   15  11   3   0   4   3   2   1   0   3  15  10   4   0   0   8   5   0   0  15  0.10 0.09
  218 R    -1   4   2  -1  -4   1   0  -2   0  -4  -3   4  -2  -4  -3   0  -1  -4  -2  -3    4  22  11   2   0   4   5   1   2   0   2  35   0   0   0   7   2   0   1   0  0.51 0.20
  219 V     1  -2  -2  -3   2  -3  -3   0  -4   1   1  -3  -1  -2  -3  -2  -1  -4  -3   4   11   2   1   1   5   0   1  10   0   3  12   0   0   1   0   2   1   0   0  49  0.43 0.21
  220 E    -2   1   0   6  -5   1   3  -3  -2  -4  -4   0  -3  -4  -2  -2  -2  -5  -3  -4    2   7   2  53   0   4  18   0   0   1   1   6   1   1   2   1   0   0   1   0  0.94 0.31
  221 F    -3  -4  -5  -5  -3  -4  -4  -5  -3   2   3  -4   4   3  -4  -4  -3  -1   5   2    0   0   0   0   0   0   0   0   0   9  29   0  11  14   0   0   0   0  22  14  0.70 0.25
  222 T    -1   2   0  -1  -2   1   0  -3   1  -2  -3   3  -2  -4  -2   1   3  -4  -2  -2    2  12   3   2   0   7   3   0   4   2   0  24   1   0   0  11  23   0   1   3  0.37 0.19
  223 F    -4  -4  -5  -6  -1  -5  -5  -5  -3   3  -1  -5  -1   7  -5  -4  -4   1   3   1    0   0   0   0   2   0   0   0   0  15   4   0   0  56   0   0   0   1  10  10  1.22 0.36
  224 P    -4  -5  -5  -5  -6  -4  -4  -5  -5  -6  -6  -4  -6  -7   9  -3  -4  -7  -6  -6    0   0   0   0   0   0   0   1   0   0   0   0   0   0  98   1   0   0   0   0  3.03 0.65
  225 D     0  -1   0   2  -2   0   0  -2  -2  -2  -2   0  -2  -4   4   3  -1  -5  -4  -3    6   2   4  15   1   3   6   1   0   2   5   4   0   0  22  29   2   0   0   0  0.47 0.20
  226 F    -2  -2  -1  -2  -3  -1  -2  -3   5  -3  -2  -2  -2   5  -3   1   1   2   4  -2    1   1   3   2   0   2   1   1  17   0   2   2   1  26   0  14   9   2  15   1  0.54 0.23
  227 V    -2  -4  -5  -5   0  -4  -4  -5  -5   3   2  -4   3  -1  -4  -3  -2  -4  -3   5    0   0   0   0   2   0   0   0   0  18  13   0   9   2   0   1   0   0   0  53  0.86 0.30
  228 T    -1  -3  -1  -1  -1  -3  -2  -3  -3  -5  -5  -2  -4  -5   3   6   2  -5  -4  -4    1   0   2   2   1   0   0   0   0   0   0   2   0   0  17  63  10   0   0   0  1.04 0.39
  229 E     0  -1   0   1  -3   0   2  -2  -1  -2   0   0  -1  -3   4   1  -1  -4  -3  -1    8   3   4   6   0   2  18   1   2   2   9   6   1   1  22  11   2   0   0   3  0.31 0.14
  230 G    -1  -2   0   3  -1  -1   4   4  -1  -4  -2  -1  -3  -5  -2  -1  -2  -5  -4  -4    3   1   3  15   1   1  31  34   1   1   4   1   0   0   2   1   0   0   0   0  0.62 0.25
  231 A     6  -4  -4  -5   2  -4  -4  -2  -4  -4  -4  -3  -4  -3  -1  -1  -3  -5  -4  -2   87   0   0   0   5   0   0   0   0   0   0   0   0   1   3   1   0   0   0   2  1.43 0.47
  232 R    -1   5  -2  -3  -4   4  -1  -4  -2  -3  -4   4  -3  -4  -4  -1  -1  -1  -4  -3    5  34   0   0   0  18   1   0   0   2   0  32   0   0   0   2   2   1   0   2  0.85 0.32
  233 D    -4  -3   1   8  -6  -2   0  -4   2  -6  -6  -2  -6  -6  -4  -1  -4  -7  -5  -6    1   1   5  82   0   1   2   0   4   0   0   1   0   0   0   4   0   0   0   0  1.80 0.49
  234 L    -4  -5  -6  -6  -4  -5  -5  -6  -5   0   6  -5   0   4  -6  -5  -4  -3  -2  -1    0   0   0   0   0   0   0   0   0   1  79   0   1  18   0   0   0   0   0   1  1.32 0.40
  235 I    -4  -6  -6  -6  -4  -5  -6  -7  -6   8   0  -5   1  -3  -6  -5  -3  -5  -4   2    0   0   0   0   0   0   0   0   0  88   2   0   3   0   0   0   0   0   0   7  1.79 0.49
  236 S     0   1   0  -2  -1   0  -1   0  -1  -3  -2   2  -2  -4  -3   4   1  -4  -2  -3    3  10   4   0   1   2   1   5   2   1   4  12   0   0   0  46   6   0   1   1  0.44 0.24
  237 R    -2   4  -2  -3  -5   1  -2  -1  -2  -5  -4   6  -2  -5  -4   0  -3  -5  -4  -4    1  27   1   0   0   4   0   4   0   0   1  54   1   0   0   6   0   0   0   0  1.06 0.36
  238 L    -4  -5  -6  -6  -2  -5  -5  -6  -5   2   6  -5   1   0  -5  -5  -3  -4  -3  -1    0   0   0   0   1   0   0   0   0   8  86   0   2   2   0   0   0   0   0   0  1.35 0.40
  239 L    -4  -5  -6  -6  -1  -5  -5  -6  -5   1   6  -5   0  -2  -5  -5  -4  -4  -4  -1    0   0   0   0   1   0   0   0   0   5  92   0   0   0   0   0   0   0   0   1  1.49 0.43
  240 K    -2   4  -2  -3  -1   3  -1  -4  -1  -1  -3   2  -2  -4  -4  -2  -2  -5  -3   4    0  25   0   1   2  18   1   0   1   1   0  16   1   0   0   0   1   0   0  33  0.61 0.29
  241 H    -2   1  -2  -3  -4   0  -2  -4   4  -1   1   4  -1   0  -3  -2  -2  -2   4  -1    1   8   1   0   0   2   0   0  13   3  13  31   1   2   0   2   1   0  17   4  0.47 0.23
  242 N    -3  -2   4   5  -5   2   2  -3  -1  -4  -3   1  -4  -5  -3   0  -1  -5  -3  -3    0   1  20  39   0   9  12   0   1   0   2   7   0   0   1   4   2   0   0   1  0.77 0.27
  243 P    -2  -5  -4  -4  -1  -4  -4  -4  -5  -5  -6  -3  -5  -6   8   1  -3  -6  -6  -5    3   0   0   0   1   0   0   1   0   0   0   1   0   0  83  10   1   0   0   0  2.34 0.56
  244 S     1  -1   1   0  -3   1   2  -2  -1  -2  -2   1  -2  -2  -2   3   0  -3  -2  -3    9   2   8   3   0   7  16   1   1   2   3   9   1   2   0  32   3   0   0   0  0.32 0.18
  245 Q    -1   0   0   2  -4   3   3  -2   2  -4  -3   4  -1  -4  -3   0  -2  -4  -3  -4    3   3   3  10   0  14  22   2   5   0   2  29   2   0   0   4   0   0   0   0  0.53 0.23
  246 R    -5   8  -4  -5  -7  -2  -3  -6  -3  -6  -5  -1  -5  -6  -5  -4  -4  -6  -5  -6    0  99   0   0   0   0   0   0   0   0   0   0   0   0   0   0   0   0   0   0  2.48 0.63
  247 P    -3  -4  -5  -5  -2  -3  -5  -5  -5   3   5  -4   4  -1   0  -4  -3  -4  -3   0    1   0   0   0   1   1   0   0   0  20  54   0  14   2   5   0   0   0   0   1  0.87 0.31
  248 M    -1  -2  -1  -1  -2  -1  -2  -3  -4  -4  -4  -1  -3  -5   6   3   2  -5  -4  -4    3   1   2   3   1   2   1   0   0   0   1   3   0   0  44  28  11   0   0   0  1.08 0.35
  249 L    -3  -5  -6  -6  -4  -4  -5  -6  -5   1   6  -5   2   0  -5  -5  -4  -2  -2  -1    1   0   0   0   0   0   0   0   0   5  84   0   4   3   0   0   0   0   1   1  1.31 0.40
  250 R     1   0   0   3  -3   2   2  -2   0  -3  -3   1  -2  -4  -2   1   0  -4  -2  -1   16   4   4  18   0   8  15   0   1   0   0  11   0   0   1   9   6   0   1   5  0.30 0.15
  251 E    -2  -1   0   3  -4   5   4   0  -1  -5  -4   1  -3  -5  -3  -1  -2  -5  -4  -4    2   2   4  19   0  29  26   6   1   0   1   8   0   0   0   3   0   0   0   0  0.72 0.29
  252 V     0  -5  -5  -5   1  -5  -5  -5  -5   4  -1  -5   1  -3  -5  -4  -2  -5  -4   6    7   0   0   0   3   0   0   0   0  23   2   0   3   0   0   0   0   0   0  62  1.10 0.37
  253 L    -1  -1  -3  -3  -3   1  -1  -4  -3   1   4   0   5  -1  -2  -2  -2  -4  -3  -1    5   3   0   1   0   7   3   1   0   6  41   6  19   1   2   3   1   0   0   1  0.42 0.22
  254 E     0   1   3   0  -2   2   2  -2   0  -3  -3   2  -1  -4  -3   0   1  -4  -3  -1    8   8  17   2   1  11  15   0   2   1   1  14   1   0   0   6   8   0   0   5  0.30 0.16
  255 H    -5  -4  -2  -2  -7  -3  -3  -6  11  -7  -7  -4  -5  -5  -6  -4  -5  -6  -1  -7    0   0   1   2   0   0   1   0  95   0   0   0   0   0   0   0   0   0   1   0  3.30 0.75
  256 P    -3  -2  -4  -3  -6  -3  -2  -5  -4  -6  -6  -3  -5  -4   8  -2  -4  -6  -1  -4    1   2   1   1   0   1   3   0   0   0   0   1   0   1  84   2   0   0   2   1  2.34 0.57
  257 W    -6  -7  -8  -8  -6  -6  -7  -3  -6  -6  -5  -7  -5   1  -8  -7  -6  13  -1  -7    0   0   0   0   0   0   0   2   0   0   0   0   0   5   0   0   0  92   1   0  4.32 0.86
  258 I    -4  -5  -6  -6  -4  -5  -6  -6  -6   7   0  -5  -1  -2  -5  -5  -2  -5  -4   4    0   0   0   0   0   0   0   0   0  70   3   0   0   1   0   0   1   0   0  25  1.47 0.43
  259 T    -2   1  -2  -2  -3   2  -1  -4  -3   1   1   2   0  -3  -3  -2   1  -4  -3   3    1   6   0   1   0  14   1   0   0   9  15  15   2   0   0   0  12   0   0  23  0.28 0.18
  260 A     2   1   0  -1  -4   2   2  -3  -2  -3  -2   5   0  -4  -2  -1  -1  -4  -2  -3   18   5   3   1   0   7  11   1   0   0   2  41   3   0   1   2   3   0   1   0  0.50 0.24
  261 N    -4  -2   6  -3  -3  -2  -3  -2   8  -5  -5  -2  -1  -1  -5  -3  -3  -2   4  -5    0   1  40   0   0   1   0   2  38   0   0   1   2   3   0   0   0   0  12   0  1.47 0.45
  262 S     2   0  -1  -3   5  -1  -2  -2  -1  -2  -2   2   1  -3  -3   3   1  -4  -2  -1   17   4   1   0  16   1   1   0   1   1   2  13   4   0   0  27   9   0   1   3  0.40 0.20
  263 S     0   3   0   1  -3   0   1  -1   0  -2  -2   1  -2  -3  -1   1   1   0  -2   0    9  19   4  11   0   4   9   2   1   1   1   7   0   0   2  12   9   1   0   9  0.19 0.10
  264 K    -3   5  -2  -3  -5   0  -1  -4  -2  -5  -4   6  -3  -5  -3  -2  -3  -5  -4  -4    0  36   0   0   0   0   0   0   0   0   0  64   0   0   0   0   0   0   0   0  1.30 0.32

                      K         Lambda
Standard Ungapped    0.1381     0.3214
Standard Gapped      0.0596     0.2670
PSI Ungapped         0.1955     0.3168
PSI Gapped           0.0596     0.2670
