
Last position-specific scoring matrix computed, weighted observed percentages rounded down, information per position, and relative weight of gapless real matches to pseudocounts
            A   R   N   D   C   Q   E   G   H   I   L   K   M   F   P   S   T   W   Y   V   A   R   N   D   C   Q   E   G   H   I   L   K   M   F   P   S   T   W   Y   V
    1 N    -3  -2   7  -1  -4  -2  -2  -2   3  -5  -5  -2  -4  -5  -4   2  -1  -5  -3  -4    0   0  77   0   0   0   0   0   7   0   0   0   0   0   0  15   0   0   0   0  1.37 0.32
    2 E    -2   0   1   2  -5   3   5  -1  -2  -4  -3   1  -3  -5  -3  -1  -2  -4  -4  -4    2   3   5  10   0  17  48   4   0   0   2   9   0   0   0   1   1   0   0   0  0.75 0.25
    3 C    -4  -7  -6  -7  11  -6  -7  -6  -7  -5  -5  -7  -5  -6  -6  -4  -4  -6  -6  -4    0   0   0   0 100   0   0   0   0   0   0   0   0   0   0   0   0   0   0   0  3.77 0.78
    4 H    -3   3  -2  -1  -4   2  -2  -3   7  -1  -2  -1  -3  -3   0   0  -1  -4   0  -1    1  21   0   3   0   9   0   1  38   3   3   0   0   0   4   7   4   0   2   4  0.76 0.31
    5 P    -3  -4  -4  -4  -4  -3  -3  -5   4   0   0  -1  -3  -3   6  -2  -1  -5   0   3    1   0   0   0   0   0   0   0  13   3   8   3   0   0  39   1   4   0   4  25  0.92 0.36
    6 E    -3  -3   4   1   5  -1   2  -2  -1  -3   2  -1  -2  -3  -4  -2  -3  -4  -4  -3    0   0  25   8  13   3  17   2   1   0  25   4   0   1   0   0   0   0   0   0  0.57 0.33
    7 R    -1   2   0   5   0   0   1  -1  -2  -3  -2   3  -2  -4  -1  -2  -1  -4  -3  -3    6  10   3  31   2   4   7   4   0   1   4  18   1   0   3   1   2   0   0   1  0.47 0.26
    8 T    -5  -3   8  -1  -7  -4  -4  -5   0  -6  -6  -2  -4  -7  -2   0   0  -8  -6  -4    0   1  77   2   0   0   0   0   2   0   0   2   0   0   2   8   4   0   0   2  2.04 0.81
    9 D    -3  -6  -2   2  -4  -1  -2   7  -2  -7  -7  -4  -6  -7   0  -3  -5  -6  -5  -5    1   0   1  10   0   3   2  74   1   0   0   1   0   0   5   1   0   0   0   1  1.65 0.66
   10 G    -3   0   0   2   2  -3  -2   6  -1  -6  -6  -3  -4  -6  -5  -3  -4  -6  -4  -6    1   6   4  14   4   1   3  63   1   0   0   1   0   0   0   0   0   0   1   0  1.34 0.57
   11 C    -5  -7  -7  -7  12  -7  -7  -7  -7  -6  -4  -7  -6  -7  -7  -1  -5  -6  -7  -5    0   0   0   0  90   0   0   0   0   0   1   0   0   0   0   4   0   0   0   0  3.82 1.17
   12 Q     0  -3  -1   3  -5   2   4   1  -1  -4  -3   0   0  -4  -4  -1  -2   3  -3  -3    9   0   2  18   0   9  28  10   1   0   2   6   3   0   0   3   1   5   0   1  0.52 0.34
   13 H    -5  -4  -2  -5  -6   6  -3  -6   9  -6  -4  -4   0  -6  -6  -4  -5  -6  -4  -2    0   0   2   0   0  39   0   0  47   0   2   0   2   0   0   0   0   0   0   4  2.15 0.89
   14 F    -5  -5  -1  -1  -6  -5  -3  -6   3  -3  -3  -5  -3   7   1  -4  -2  -3   5  -5    0   0   3   4   0   0   2   0   6   1   1   0   0  50   7   1   3   0  22   0  1.54 0.66
   15 C    -1  -8  -7  -8  12  -7  -8  -7  -7  -6  -6  -7  -6  -7  -7  -6  -6  -7  -7  -6    6   0   0   0  92   0   0   0   0   0   0   0   0   0   0   0   0   0   0   0  4.07 1.28
   16 L    -2   2  -1  -1  -4   1  -1  -4   4   1   0   2  -2  -3  -1   1   1  -2   0  -1    1  13   3   3   0   6   2   0  10   9   8  15   0   0   2  13   9   1   2   4  0.25 0.25
   17 P    -3  -3   2   4  -6  -1   4  -3  -3  -4  -5  -2  -2  -6   4  -2  -2  -7  -6  -1    1   1   8  26   0   2  27   2   0   1   1   1   1   0  20   3   2   0   0   5  0.88 0.51
   18 G    -1  -2   0   1  -5  -1   2   3   2  -3  -3  -1  -3  -5   2   0  -2  -5  -3  -1    4   2   4   7   0   2  17  28   5   1   2   2   0   0   9   8   2   0   1   7  0.40 0.29
   19 Q     0   0   0   0  -2   3   0   0  -1   0  -2  -1  -1  -1   1   1  -1  -4  -2   0    8   4   4   4   1  18   7   8   1   5   3   3   1   3   8  13   2   0   1   8  0.15 0.18
   20 E    -1   0   3   3  -5   2   1   3   1  -4  -4  -1  -4  -2  -3   0  -1  -3  -3  -2    4   4  13  19   0   8   8  20   4   1   0   3   0   2   1   6   3   0   0   3  0.40 0.28
   21 S     0   1  -1  -1   0  -1   1   2  -2  -3  -2   1  -3  -4  -3   3   0  -3  -3  -3    5   8   2   3   2   2   9  18   1   1   3   9   0   0   0  28   6   0   0   1  0.36 0.29
   22 Y    -2   5  -4  -4  -4  -1  -1  -5  -1   0  -2  -1   0   1  -3  -3  -2  -3   4   3    2  32   0   0   0   2   3   0   2   3   3   2   2   6   1   1   1   0  13  25  0.66 0.41
   23 T    -2   1   1  -2  -3   1   0  -3   3   0  -1   0   0  -1  -2   0   1  -3   2   2    1   9   6   1   0   7   4   0   8   6   3   5   2   1   2   7  11   0   7  18  0.18 0.20
   24 C    -5  -7  -6  -7  11  -7  -7  -4  -6  -5  -5  -7  -5   1  -7  -5  -5  -6   1  -5    0   0   0   0  83   0   0   2   0   0   0   0   0   7   0   0   0   0   5   0  3.46 1.11
   25 S    -2  -1  -1   0  -4   0  -1  -2   1  -5  -5  -2  -2   1   0   5   0   2  -1  -3    2   3   3   4   0   3   3   2   3   0   0   1   1   5   5  54   4   3   2   2  0.73 0.48
   26 C    -5  -6  -6  -7  12  -6  -7  -6  -6  -5  -5  -2  -5  -6  -6  -2  -5  -6  -6  -5    0   0   0   0  90   0   0   0   0   0   0   3   0   0   0   3   0   0   0   0  3.80 1.17
   27 A     5  -4  -2  -3  -4  -3  -3   1   3  -2  -2  -4  -4  -5  -2   0   0  -5  -4  -1   59   0   1   1   0   1   1  10   6   2   3   0   0   0   1   5   6   0   0   3  0.89 0.51
   28 Q    -1   1  -1   3  -4   2   2  -2  -1  -4  -3   1  -2  -3   2   1   0  -2  -3  -2    3   8   2  17   0   8  13   1   1   0   2  10   1   1  11  13   4   1   0   3  0.35 0.26
   29 G    -1  -3  -4   0  -6  -5  -5   7  -5  -7  -4  -5  -6  -6   2  -2  -5  -6  -6  -6    3   2   0   4   0   0   0  75   0   0   2   0   0   0  10   2   0   0   0   0  1.71 0.75
   30 Y    -5  -6  -6  -6  -6  -5  -3  -3   0  -5  -4  -5  -5   1  -2  -1   0   4   9  -4    0   0   0   0   0   0   2   3   2   0   1   0   0   4   3   4   5   5  68   1  2.04 0.89
   31 R     0   2  -1  -2   3   2   1  -3  -2  -1  -2   2  -1  -1   0  -1   1  -4  -2  -1    8  14   3   1   6  10  10   1   0   3   2  14   1   3   4   4  11   0   1   3  0.23 0.23
   32 L    -3   1  -5  -3  -4  -2  -2  -3  -5  -1   5  -4   1  -3  -2  -3  -4  -4  -4   0    1   9   0   1   0   1   3   3   0   2  66   0   2   0   2   2   0   0   0   5  0.90 0.53
   33 G     1  -2  -1   0  -3   1   0   3   0   0  -2   1   1  -3  -3   0   0  -4  -3  -2   12   1   2   6   0   7   6  27   2   8   2   9   5   1   0   5   5   0   0   2  0.24 0.22
   34 E    -1  -1   0   4  -4   0   3  -2  -1  -3  -3   2  -3  -5  -1   0  -2  -5  -4   0    5   1   3  25   0   4  22   3   1   1   2  13   0   0   3   6   2   0   0   7  0.47 0.34
   35 D    -3  -2   4   7  -6  -2  -1  -5  -4  -6  -6   0  -6  -6   1  -2  -3  -7  -1  -4    1   2  16  57   0   1   3   0   0   0   0   6   0   0   7   2   1   0   2   1  1.36 0.70
   36 H    -2   0   2  -1   1   0  -1   4   4  -4  -2   1  -2  -2  -2   0  -2  -4  -2  -3    1   4  10   2   3   3   2  30  13   0   5   9   1   2   2   7   2   0   1   1  0.43 0.33
   37 K    -2   3   0  -2  -4   1   2  -3   0  -2  -1   3   0  -3   1  -1   0  -4  -2   0    1  15   5   1   0   5  12   2   2   2   5  22   3   1   8   5   4   0   1   8  0.30 0.27
   38 Q    -1   2   0  -1  -4   3   1  -3   0  -2  -2   1  -1  -2  -1   3   0  -4  -2  -2    3  12   3   3   0  13   9   1   2   2   4   8   1   1   2  27   4   0   1   3  0.32 0.31
   39 C    -1  -5  -2  -6  10  -5  -5  -5  -1   2  -2  -3  -4  -5  -5  -1  -1   2  -5   0    4   0   2   0  57   0   0   0   2  12   3   2   0   0   0   4   3   3   0   5  1.85 0.77
   40 V     0   0  -1   1  -3   0   1  -2   1   1   0   0   0  -2  -3   0   0  -4  -2   2    6   6   2  10   0   2  11   2   4   9   7   5   2   1   0   6   4   0   0  22  0.12 0.16
   41 P     0  -3  -1   1  -4   0  -2   1  -4  -2  -4   0  -4   0   6   0  -1  -5  -2  -4    7   0   2   9   0   3   2  11   0   2   1   7   0   5  39   6   3   0   1   0  0.75 0.44
   42 H     0   0   0  -1  -3   1   1   2   3  -1  -1   0   0   0  -3   0   1  -3   0   0    7   3   4   3   0   5  10  15  10   3   5   5   2   5   0   4  11   0   2   6  0.11 0.15
   43 D     0  -1   0   2  -3   0   1   1  -3  -1  -1  -1   0  -1  -1   0   0  -4  -3   2    6   4   3  11   0   3  11   9   0   3   3   4   2   3   3   9   5   0   0  22  0.12 0.18
   44 Q    -1   1   1   2  -3   1   2  -2   1  -2  -1   1   1  -2   2  -1  -1  -4  -3  -2    4   9   7  13   0   6  15   3   3   2   5   9   4   2   9   3   4   0   0   3  0.19 0.18
   45 C    -2  -3  -2  -2   8  -4  -2  -4  -2   1  -2  -4  -3   4  -4  -1  -2  -3   4   0    2   2   2   2  32   0   3   1   1   8   3   0   0  19   0   4   2   0  13   6  0.93 0.44
   46 A     2  -1  -1   1   1   0  -1  -3   0  -2  -3   0  -3  -4   5   0  -2  -4  -3   0   16   3   2   9   4   3   2   1   3   2   1   7   0   0  28   8   2   0   0   7  0.50 0.29
   47 C    -1  -2  -1   0   9  -4  -1  -1  -4  -4  -2  -1  -4  -1   3  -3  -3  -4  -4  -4    4   2   3   5  47   0   4   5   0   0   4   5   0   3  13   1   1   0   0   1  1.29 0.54
   48 G    -1  -1  -3   0  -4  -4  -4   7  -4  -5  -5  -1  -4  -5  -4  -3  -4  -4  -4  -2    4   4   1   4   0   0   1  73   0   1   1   4   0   0   1   1   1   0   0   4  1.40 0.55
   49 V     0   0  -1   0   2   1   0  -2   2   0   0   0   1  -2   1   0   0  -3  -2   0    7   7   0   7   6   7   7   0   6   7   7   7   6   0   7   7   7   0   0   7  0.09 0.12
   50 L    -2  -1  -3  -4  -1  -2  -3  -4  -3   3   3  -1   1  -1   0  -3  -1  -3  -2   3    2   4   1   1   1   1   1   1   0  19  28   3   3   2   5   1   2   0   0  25  0.43 0.21
   51 T    -1   1  -1  -1  -4   2   0  -2  -2  -3  -2   3  -3  -4   4   0   0   1  -3  -3    3   6   3   2   0   9   4   2   1   1   3  23   0   0  24   8   7   2   0   1  0.52 0.24
   52 S    -2  -2  -2   1  -4  -3  -3   6  -1  -4  -4  -3  -2  -4  -1   1  -3  -4  -4  -4    2   2   1   7   0   1   1  62   2   1   2   1   1   0   3  12   1   0   0   1  1.08 0.39
   53 D    -2   0  -1   2  -5   2   5  -1   2  -3  -5  -1  -4  -5  -3   2  -3  -5  -4  -4    2   4   2  10   0   8  44   4   6   2   1   1   0   0   0  16   0   0   0   1  0.78 0.37
   54 L    -4  -5  -4  -6   8  -5  -6  -5  -5   0  -2  -5  -4   4  -6   1  -3   8  -1  -2    1   0   1   0  37   0   0   0   0   5   3   0   0  17   0  11   1  21   2   2  1.67 0.56
   55 P    -5  -6  -5  -5  -7  -5  -5  -6  -6  -6  -6  -4  -6  -7   9  -4  -4  -7  -7  -5    0   0   0   0   0   0   0   0   0   0   1   1   0   0  94   1   1   0   0   1  3.09 0.89
   56 W    -7  -7  -8  -8  -7  -7  -7  -7  -7  -7  -6  -6  -6  -3  -8  -6  -7  13  -3  -6    0   0   0   0   0   0   0   0   0   0   0   0   0   1   0   0   0  96   0   1  4.87 1.20
   57 Q    -5  -3  -4  -5  -7   9  -2  -6  -4  -7  -6  -2  -5  -7  -6  -4  -4  -6  -6  -6    0   1   0   0   0  96   0   0   0   0   0   1   0   0   0   0   0   0   0   0  2.91 0.96
   58 V     4  -5  -6  -6  -4  -5  -5  -5  -6  -1  -3  -5  -3  -5  -5  -3  -2  -6  -5   6   33   0   0   0   0   0   0   0   0   1   0   0   0   0   0   1   1   0   0  63  1.45 0.58
   59 K    -1  -1  -3  -4  -3  -2  -3  -3  -1   0   3   1   2  -1  -2   2  -1  -4  -2   1    5   2   0   0   0   0   0   1   2   5  33  10   6   1   1  21   2   0   1  10  0.33 0.24
   60 L    -5  -6  -7  -7  -5  -4  -6  -7  -6   1   6  -6  -1  -3  -6  -6  -5  -5  -4  -1    0   0   0   0   0   1   0   0   0   6  89   0   0   0   0   0   0   0   0   3  1.76 0.61
   61 T    -2   0  -2  -3  -3   3  -2  -3  -1   1   2  -1   2  -2  -3  -1   2  -2  -2   1    1   6   1   1   0  19   1   1   1  10  21   3   5   1   1   3  13   0   1  11  0.29 0.20
   62 N    -3  -1   6   4  -5   2   0  -3   0  -5  -2   0  -4  -4  -4  -1  -1  -5  -2  -4    1   3  36  27   0   8   3   1   2   0   4   5   0   0   0   4   3   0   2   1  0.84 0.37
   63 S     0  -1   1  -1  -4  -1   2   0  -1  -3  -2   0  -3  -2   0   4   0  -4   0  -1    4   2   8   2   0   1  14   6   1   1   4   5   0   1   4  36   3   0   4   4  0.34 0.25
   64 E    -2   2   2   1  -4   1   3  -3   1  -4  -4   3  -3  -4  -3   0   1  -5  -3  -3    1   9  11   6   0   6  25   1   3   0   1  18   0   0   0   5  11   0   1   1  0.49 0.26
   65 G    -2  -2   2  -2  -5  -3  -2   6  -1  -3  -5   0  -3  -4  -5  -1  -3  -5  -5  -3    2   2   8   2   0   1   2  65   1   2   1   7   0   1   0   3   1   0   0   1  1.17 0.44
   66 K     0   1  -1  -1  -4   0   2  -3  -1  -2  -2   4  -1   3  -2  -1  -1  -1   0  -1    6   5   3   3   0   3  15   1   1   2   2  27   1  16   2   3   3   1   2   4  0.31 0.22
   67 D    -1  -3  -2   2  -4  -1  -1   3   6  -3   1  -3  -2   1  -2  -1  -3   2  -1  -2    5   0   0  11   0   2   4  24  22   0  14   0   0   6   1   3   0   3   1   2  0.48 0.28
   68 F    -2  -5  -6  -6  -4  -4  -5  -4   1   0   0  -1  -3   8  -6  -4  -4  -3  -1  -1    4   0   0   0   0   1   0   2   4   6   9   5   0  64   0   1   0   0   0   4  1.48 0.53
   69 C    -5  -8  -7  -8  12  -8  -8  -6  -8  -6  -6  -8  -6  -7  -8  -6  -6  -7  -7  -5    0   0   0   0  99   0   0   0   0   0   0   0   0   0   0   0   0   0   0   0  4.33 1.09
   70 G    -2  -6  -4  -5  -6  -3  -6   7  -6  -8  -8  -5  -7  -7  -6  -2  -5  -6  -7  -7    2   0   0   0   0   1   0  94   0   0   0   0   0   0   0   3   0   0   0   0  2.39 0.74
   71 G     0  -6  -4  -5  -6  -6  -6   7  -1  -7  -7  -5  -6  -7  -6  -4  -4  -6  -7  -7    7   0   0   0   0   0   0  91   1   0   0   0   0   0   0   0   0   0   0   0  2.29 0.72
   72 V    -1  -5  -4  -4  -3  -4  -4  -5  -5   0  -3  -4  -3  -2  -4   4   4  -6  -4   5    5   0   0   0   0   0   0   0   0   3   0   0   0   1   0  30  24   0   0  38  0.93 0.47
   73 I    -5  -6  -7  -7  -1  -6  -6  -7  -6   5   5  -6  -1  -3  -6  -6  -4  -5  -4   0    0   0   0   0   1   0   0   0   0  33  63   0   0   0   0   0   0   0   0   3  1.47 0.53
   74 I    -4  -6  -6  -6  -4  -6  -6  -5  -6   6   4  -6  -1  -2  -6  -5  -3  -5  -2   1    0   0   0   0   0   0   0   1   0  50  38   0   1   0   0   0   1   0   1   8  1.33 0.49
   75 R     0  -1   4   1  -5   3  -1  -3   3  -5  -5   1  -4  -5  -4   3  -1  -5  -4  -5    7   2  24   7   0  12   2   1   9   0   0  10   0   0   0  25   2   0   0   0  0.67 0.36
   76 E    -1  -2  -2   1  -5   1   5  -3  -2  -5  -5  -1  -4  -6   3   1   0  -6  -5  -4    3   2   0   8   0   7  41   1   0   0   0   2   0   0  16  11   6   0   0   1  0.81 0.39
   77 N    -2   1   5   2  -4   0  -1  -2   1  -2  -4   1  -3   0  -3   2   0  -1   1  -3    1   9  28   9   0   5   2   1   4   3   1   7   0   4   1  14   4   1   6   1  0.42 0.26
   78 F    -7  -7  -7  -8  -5  -6  -7  -7  -1  -2  -4  -7  -5   5  -8  -5  -7  12   2  -4    0   0   0   0   0   0   0   0   2   3   1   0   0  23   0   1   0  63   6   1  3.19 0.89
   79 V    -3  -6  -7  -7  -5  -6  -6  -7  -7   3  -2  -6  -3  -4  -6  -5  -4  -7  -5   7    1   0   0   0   0   0   0   0   0  16   1   0   0   0   0   0   0   0   0  82  1.95 0.67
   80 L    -3  -5  -6  -7  -1  -5  -6  -7  -6   2   5  -6  -1  -2  -6  -5  -4  -5  -4   5    1   0   0   0   1   0   0   0   0   9  52   0   0   0   0   0   0   0   0  37  1.24 0.48
   81 T    -3  -5  -4  -5  -5  -5  -5  -5  -6  -5  -5  -5  -5  -6  -5   2   8  -7  -6  -4    0   0   0   0   0   0   0   0   0   0   0   0   0   0   0  14  86   0   0   0  2.19 0.80
   82 T     6  -5  -5  -5  -1  -4  -4  -4  -5  -5  -5  -4  -4  -6  -5  -1   4  -6  -5  -3   75   0   0   0   1   0   0   0   0   0   0   0   0   0   0   1  22   0   0   0  1.61 0.65
   83 A     7  -5  -6  -6  -4  -5  -5  -4  -6  -5  -6  -5  -5  -6  -5  -2  -4  -7  -6  -4   98   0   0   0   0   0   0   0   0   0   0   0   0   0   0   1   0   0   0   0  2.24 0.80
   84 K    -4  -2  -4  -5  -7   1   1  -6  10  -7  -7   1  -6  -6  -6  -3  -3  -7  -3  -7    1   1   0   0   0   5   7   0  75   0   0   8   0   0   0   2   2   0   0   0  2.62 0.81
   85 C    -5  -8  -8  -8  12  -8  -9  -5  -8  -6  -6  -8  -6  -7  -8  -6  -6  -7  -7  -6    0   0   0   0  99   0   0   1   0   0   0   0   0   0   0   0   0   0   0   0  4.34 1.11
   86 S     1  -2   0  -3  -3  -2  -3   0  -1   1   2  -2   2   3  -4   1  -1  -3  -2   1   10   1   6   0   0   1   0   6   1   8  21   1   8  13   0  13   1   0   0  10  0.22 0.18
   87 L    -2  -1   2   2  -4   1   2  -4   2  -1   2   0  -1  -3  -3  -2  -2   0  -1   2    1   2  10  11   0   6  14   0   5   1  21   6   1   0   0   0   1   1   2  18  0.25 0.21
   88 L    -2   2   0   0  -4   2   1  -2  -1  -1   1   1   0  -3   1   0   0  -3  -2  -2    1  12   4   6   0  11   8   2   1   2  21   9   2   0   6   7   4   0   1   1  0.18 0.16
   89 H     0  -1   0   0  -4  -1  -1   1   5  -2  -2  -1  -2  -2   0   1   2   3   2  -2    6   2   3   4   0   1   3   9  18   2   3   4   0   0   5   9  16   4   8   2  0.29 0.21
   90 R    -2   4   1   0  -4   0  -1  -1   1  -2  -3   3  -3  -3   0   2  -1  -2  -1  -1    2  23   5   5   0   3   3   5   3   2   1  19   0   1   4  17   2   0   2   5  0.34 0.22
   91 N    -3   1   4   0  -5  -1  -1  -3   6  -3  -3   1  -2  -4  -2   1  -1  -5   1  -2    0   9  22   5   0   2   3   1  22   1   3  10   1   0   1  10   4   0   4   3  0.58 0.31
   92 I    -2   0  -4  -5  -1  -3  -4  -5  -2   4   2  -3   0   4  -4  -3  -2  -3   1   2    2   5   0   0   1   1   0   0   1  25  20   1   2  21   1   1   2   0   4  14  0.56 0.27
   93 T    -1   0  -2  -3  -3   0  -1   0  -2   0  -2   1  -2   0  -3   2   3  -4  -1   2    3   5   1   0   0   3   3   6   1   3   1   8   0   4   0  18  21   0   2  19  0.25 0.22
   94 V    -3  -6  -6  -6  -4  -5  -1  -6  -6   2  -1  -4  -2  -3  -1  -5  -2  -6  -5   7    0   0   0   0   0   0   6   0   0  11   5   1   0   1   4   0   1   0   0  72  1.39 0.55
   95 K     1   4  -3  -4  -2  -2  -2   0   5  -2   0   2  -3  -4  -4  -2  -2  -1  -3   1   10  22   0   0   1   0   1   8  16   1   9  14   0   0   0   1   2   1   0  14  0.42 0.27
   96 T     0  -3  -1   2  -3  -3  -1   3  -3   0   1  -2  -2  -3  -4  -1   1  -4  -4   2    8   0   2  15   0   0   3  22   0   4  15   1   0   0   0   2   9   0   0  17  0.28 0.21
   97 Y    -2   0   0  -2  -4  -2   2   4   0   0   0  -3  -2  -1  -2  -1  -3  -1   1  -1    1   5   4   1   0   0  17  35   2   6   9   0   0   3   2   2   0   1   6   4  0.37 0.24
   98 F    -1  -2   1   2  -3  -1   3  -3   3  -2  -2  -1  -2   3  -3   0  -2  -2   2  -2    5   1   8  13   0   1  22   1   8   2   3   3   0  14   0   8   1   0   8   2  0.34 0.23
   99 N    -2   3   2   3  -4   1   1   1   3  -4  -3   1  -3  -3  -3  -1  -2  -4   0  -2    1  17  10  19   0   5   7   9   7   0   2   7   0   1   0   4   1   0   3   4  0.35 0.21
  100 R    -2   4   2   2  -4   1   1  -2   0  -3  -2   1  -2  -2   0   0   0  -4  -3  -3    1  23  12  11   0   7   6   2   2   0   4   9   1   1   5   7   6   0   0   2  0.35 0.21
  101 S    -2  -1   0   2  -4  -1   4   1  -2  -4  -5   0  -2  -5  -3   3   1  -1  -4  -4    2   3   2  11   0   1  34  10   0   0   0   5   1   0   1  21   8   1   0   0  0.57 0.32
  102 Q    -2  -1   0   0  -4   0   3   3   1  -4  -4   1  -3  -4   1   1  -2  -4  -4  -4    2   3   3   4   0   4  21  28   3   0   1  10   0   1   6  13   1   0   0   1  0.46 0.26
  103 D     0  -2   2   3  -4  -1   0   0   1  -4  -4   0  -2  -3  -1   0   4   2  -3  -3    8   1  12  17   0   2   4   7   3   0   0   5   1   1   2   6  27   4   0   0  0.42 0.26
  104 P    -1  -1  -4  -1  -6   0   6  -2  -3   0  -4  -2  -4  -5   2  -2  -2  -6  -2  -2    4   2   0   1   0   2  62   4   0   6   1   0   0   0   9   1   1   0   1   3  1.09 0.49
  105 L    -2   0  -3  -3  -5   7   1  -4  -1  -4  -1   0   1  -3  -3  -2  -3   0  -4   1    2   4   0   0   0  53   7   1   1   0   7   4   4   1   1   2   1   1   0  10  0.98 0.48
  106 M    -1   0  -1   1  -3  -1   0  -2  -1   0  -1   0   2  -3   0   0   2  -2  -1   2    4   4   1   7   0   2   8   2   1   5   4   7   7   0   4   6  15   1   1  21  0.13 0.14
  107 I    -2   3  -3  -4  -4  -2  -3  -4   4   3   2  -2   2   0  -5  -3  -2  -4  -1   0    3  19   1   0   0   0   0   1  11  21  23   1   6   4   0   1   1   0   2   5  0.49 0.28
  108 K    -1   3   1   1  -4   3   2  -1   0  -4  -4   3  -2  -4   0   0   0   0  -1  -4    2  15   6   8   0  12  12   4   2   0   0  17   1   0   4   7   4   1   2   0  0.36 0.21
  109 I    -4  -6  -7  -7  -4  -6  -6  -7  -7   5  -2  -6  -2  -4  -3  -5  -4  -6  -5   7    0   0   0   0   0   0   0   0   0  26   0   0   0   0   1   0   0   0   0  70  1.75 0.63
  110 T     2   1   0   1  -3   1   1  -1   0  -1  -2   2  -1  -4  -2   1   0  -4  -3  -1   18   7   2   8   0   5   9   3   2   5   3  16   1   0   0  11   4   0   0   4  0.19 0.15
  111 H    -2   3  -1  -2  -5   3   3  -3   1  -4  -3   4  -1  -5  -4  -1  -1  -5  -4  -2    2  17   3   0   0  17  16   1   4   0   2  26   2   0   0   3   4   0   0   3  0.62 0.33
  112 V     1  -3  -4  -5  -2  -3  -3  -4  -4   4   0   0   0  -3  -4  -2   0  -2  -2   4   12   1   0   0   1   1   1   0   0  26   4   7   2   0   0   2   5   0   1  36  0.60 0.31
  113 H    -4  -4  -2  -5  -5  -3  -5  -6   6   4   1  -4  -2   4  -6  -4  -3   1   0   1    0   0   2   0   0   1   0   0  25  29  10   0   0  19   0   1   1   2   3   7  0.97 0.41
  114 V    -1  -2  -4  -3  -2  -2  -2  -4  -4   3   0   2   1  -2   1  -1   1  -5  -3   3    3   2   0   1   1   1   2   0   0  20   5  13   4   1   7   3  10   0   0  29  0.40 0.25
  115 H    -6  -5   1  -5  -7  -4  -5  -6  11  -8  -7  -5  -6  -5   1  -5  -6  -7   0  -7    0   0   7   0   0   0   0   0  83   0   0   0   0   0   7   0   0   0   3   0  3.13 0.92
  116 M    -3  -3   0   1  -5  -2   0  -4   2   0  -3  -2   4  -3   6  -1  -1  -6  -3  -3    0   1   5   6   0   1   7   1   5   5   2   2  13   1  43   4   3   0   0   0  0.96 0.42
  117 R    -3   4   3  -2  -5   0  -2  -1   2  -5  -3   3  -1  -3  -4   0  -1  -1   1  -4    1  27  15   2   0   3   1   3   6   0   1  21   2   0   0   7   4   1   5   0  0.60 0.32
  118 Y    -6  -6  -7  -8  -7  -6  -7  -7  -1  -5  -5  -6  -5   5  -7  -6  -6   5   9  -5    0   0   0   0   0   0   0   0   1   0   0   0   0  18   0   0   0   8  74   0  2.76 0.84
  119 D    -3  -2   5   4  -5  -2   1  -4   0  -1  -3  -3  -2  -5  -4   1   0  -6  -4   2    1   1  30  25   0   0   7   0   2   3   1   1   1   0   0   9   5   0   0  15  0.70 0.36
  120 A     1   2  -1  -1  -4   0   2  -2  -2  -2  -2   1   1  -3   3   1  -1  -4  -3  -2   15  10   1   2   0   3  16   1   1   1   3   9   4   1  16  13   2   0   0   2  0.33 0.22
  121 D     0   0   2   3  -4   0   2   1  -1  -3  -2   0  -3   0  -2   0   0  -4   0  -3    6   4  11  17   0   3  19   9   1   1   4   3   0   5   1   7   6   0   3   1  0.26 0.17
  122 A    -2   0   0  -3  -4  -1  -3  -5  -3  -3  -3   1   0  -4  -4   1   6  -6  -5  -3    1   6   4   1   0   2   1   0   1   1   2   8   2   0   0  11  59   0   0   0  1.04 0.50
  123 G    -2  -4  -2  -3  -4  -3  -3   3   2   1  -1  -3   0   0  -1   0   1  -3   5   0    2   0   2   0   0   0   0  24   5   8   4   0   3   3   2   6  10   0  23   7  0.43 0.27
  124 E    -4  -1   4   6  -6   0   3  -4   2  -6  -6  -3  -5  -6  -5  -1  -3  -7  -5  -6    0   4  23  44   0   4  18   0   5   0   0   0   0   0   0   3   1   0   0   0  1.26 0.50
  125 N    -5  -4   7  -2  -2  -4  -4  -3   6  -7  -6  -3  -5  -1  -6   0  -4  -6   2  -6    0   0  62   1   1   0   0   1  16   0   0   1   0   3   0   7   0   0   8   0  1.74 0.64
  126 D    -6  -6   3   8  -8  -4  -3  -5  -5  -7  -8  -5  -7  -8  -6  -4  -5  -9  -7  -7    0   0  11  89   0   0   0   0   0   0   0   0   0   0   0   0   0   0   0   0  2.61 0.82
  127 L    -5  -6  -7  -7  -5  -6  -7  -7  -7   7   2  -6  -1  -3  -6  -6  -4  -6  -5   2    0   0   0   0   0   0   0   0   0  69  18   0   0   0   0   0   0   0   0  12  1.70 0.58
  128 S     6  -5  -4  -5  -4  -4  -4  -3  -5  -4  -3  -4  -4  -6  -4   2   2  -6  -5  -3   73   0   0   0   0   0   0   1   0   0   2   0   0   0   0  11  12   0   0   1  1.41 0.60
  129 L    -5  -6  -7  -7  -5  -6  -6  -7  -6   0   6  -6   1  -3  -6  -6  -5  -5  -5   1    0   0   0   0   0   0   0   0   0   3  88   0   3   0   0   0   0   0   0   7  1.75 0.62
  130 L    -5  -6  -7  -7  -5  -6  -6  -7  -6   3   6  -6   0  -3  -6  -6  -4  -5  -4   0    0   0   0   0   0   0   0   0   0  15  80   0   1   0   0   0   0   0   0   4  1.63 0.58
  131 E    -4   4  -2  -2  -6   3   3  -5   2  -6  -5   5  -4  -4  -4  -3  -4  -5   1  -5    0  22   1   1   0  13  22   0   5   0   0  32   0   0   0   0   0   0   4   0  1.03 0.46
  132 L    -5  -6  -7  -8  -5  -6  -7  -8  -7  -2   7  -6   1  -3  -7  -6  -5  -5  -5  -3    0   0   0   0   0   0   0   0   0   0  97   0   2   0   0   0   0   0   0   0  2.09 0.71
  133 E     3   2   0   2  -4   1   2  -2   1  -4  -4   2  -3  -5  -3   1  -1  -5  -4  -2   27   9   4  10   0   7  14   2   4   0   0  11   0   0   0  10   2   0   0   2  0.39 0.25
  134 W    -1   3  -2  -1  -4   2   3  -3   1  -4  -3   1  -2  -5  -2   2   3  -1  -3  -3    3  17   1   2   0   8  18   1   3   0   2   7   1   0   1  14  21   1   0   1  0.46 0.29
  135 P    -3  -2  -4  -4  -7  -3  -4  -6   3  -7  -7  -3  -6  -8   8  -3  -5  -8  -6  -7    2   3   1   1   0   1   0   0   6   0   0   1   0   0  83   2   0   0   0   0  2.59 0.81
  136 I     3  -5  -5  -6  -4  -5  -5  -5  -5   4   1  -5  -1  -3  -5  -4  -3  -5  -4   4   26   0   0   0   0   0   0   0   0  29  10   0   1   0   0   0   1   0   0  33  0.94 0.42
  137 Q    -2   2   1  -2  -4   4   1  -4   0   0  -2   1   0  -3  -2  -1   2  -4  -3   1    2  11   6   1   0  20   8   0   2   6   2   6   2   1   2   3  16   0   0  12  0.31 0.23
  138 C    -4  -2  -5  -6   7  -5  -6  -6  -4  -2   3  -5  -1   6  -6  -5  -4  -3   3  -3    0   3   0   0  21   0   0   0   0   1  29   0   1  33   0   0   0   0  10   1  1.29 0.49
  139 P    -2   0   4  -1  -4  -3  -3   0   0  -5  -3  -2  -4  -4   2   4   2  -5  -3  -4    1   5  20   2   0   0   0   7   2   0   2   2   0   0  11  32  15   0   0   0  0.63 0.36
  140 G    -1   1   1   3  -3   1   1  -1  -1  -3  -3   1   0  -4   1   1   0  -4  -3  -3    5   7   7  16   0   7  10   5   1   1   2   9   4   0   6  14   5   0   0   1  0.27 0.17
  141 A    -1   1   2  -2  -5  -2  -3  -3   5  -4  -3  -3  -1   1  -4   0   2   1   6  -2    4   7  12   1   0   1   1   1  13   0   2   0   1   4   0   5  14   1  28   2  0.67 0.35
  142 G     0  -3  -5  -5  -4   0  -5   1   0   3  -2  -4  -1  -4  -5  -3  -2  -5  -4   5    9   2   0   0   0   4   0  13   3  18   0   0   1   0   0   1   1   0   0  49  0.81 0.40
  143 L     0   1  -3  -4  -3  -2  -4  -4  -2   1   2  -3  -1  -3  -4   2   0  -3  -3   3    7   8   0   0   0   1   0   0   1   8  26   0   0   0   0  17   6   0   0  24  0.40 0.27
  144 P     0  -6  -6  -6  -7  -6  -5  -6  -6  -7  -7  -5  -7  -5   9  -5  -5  -8  -7  -6    9   0   0   0   0   0   0   0   0   0   0   0   0   1  90   0   0   0   0   0  2.97 0.90
  145 V     2  -5  -6  -6  -4  -5  -5  -5  -6   5   0  -5  -2  -4  -5  -4  -3  -6  -4   5   19   0   0   0   0   0   0   0   0  36   8   0   0   0   0   0   0   0   0  37  1.09 0.45
  146 C    -5  -8  -8  -9  12  -8  -9  -7  -8  -6  -6  -8  -6  -7  -8  -6  -6  -7  -7  -6    0   0   0   0 100   0   0   0   0   0   0   0   0   0   0   0   0   0   0   0  4.42 1.12
  147 T    -4  -5  -6  -6  -4  -5  -6  -7  -6   3   5  -5   1  -3  -6  -5   0  -5  -4   1    0   0   0   0   0   0   0   0   0  15  69   0   2   0   0   0   7   0   0   6  1.27 0.49
  148 P     2  -6  -5  -6  -6  -5  -5  -1  -6  -7  -7  -5  -6  -7   8  -4  -5  -8  -7  -5   15   0   0   0   0   0   0   5   0   0   0   0   0   0  79   0   0   0   0   0  2.46 0.79
  149 E    -1  -2   1   3  -5   0   5  -2  -3  -5  -5  -2  -4  -5   1   1   1  -6  -4  -4    5   1   6  14   0   3  39   2   0   0   0   1   0   0   6  12   9   0   0   0  0.70 0.36
  150 K     1   4   0  -2  -3   1  -1  -2  -1  -3  -3   4  -1  -4   1   0  -1  -1  -3  -2   11  26   4   1   0   5   2   2   1   1   2  24   2   1   7   8   2   1   0   2  0.47 0.23
  151 D     0  -1   2   6  -4  -1   2   0  -1  -4  -4  -1  -3  -4  -2  -1  -1  -4  -3  -3    8   4   9  44   0   2  11   7   1   1   2   2   0   1   1   3   3   0   0   1  0.69 0.28
  152 F    -3  -3  -4  -4  -3  -3  -2  -3  -3  -2   2  -3   0   7  -4  -2  -3   4   2  -2    2   1   1   1   0   1   4   2   0   1  19   1   1  51   1   3   1   5   4   1  1.07 0.35
  153 A     6  -4  -4  -4  -3  -3  -3  -2  -4  -3  -4  -3  -3  -5  -1   2   2  -5  -4  -3   63   0   0   0   0   0   0   1   0   1   1   0   1   0   3  14  14   0   0   1  1.09 0.48
  154 E    -2  -1   2   0  -4   0   6  -3  -2  -4  -4   0  -3  -3  -3   0   1  -4  -4  -2    3   2  10   3   0   2  53   1   1   1   1   4   0   1   1   8   8   0   0   2  0.84 0.37
  155 H    -1   3   2   2  -4   2   0  -3   6  -4  -3  -1  -2  -3  -4   0  -1  -4   0  -4    5  20   8  13   0   8   4   1  19   0   3   3   1   1   0   8   2   0   3   0  0.54 0.28
  156 L    -2  -3  -1   0  -3  -1   1  -4  -2   2   1  -2  -1  -2  -4  -2   2  -4  -2   3    2   0   4   6   0   2  12   0   1  11  13   1   1   1   0   2  14   0   0  30  0.33 0.23
  157 L    -4  -6  -6  -4  -5  -5  -6  -7  -6  -1   6  -6  -1   4  -6  -4  -3  -4  -2  -2    0   0   0   1   0   0   0   0   0   1  75   0   1  18   0   1   1   0   0   1  1.48 0.55
  158 I     1  -2  -3  -3  -3   0   0  -4  -2   3   0  -1   4  -3   3  -1   0   1  -2   0   11   2   1   0   0   5   6   0   0  17   9   4  17   0  13   2   4   2   1   5  0.31 0.22
  159 P     1   0   1  -2  -4   0   0  -1  -2  -4  -4   1  -2  -2   5   1   0  -5  -1  -3   14   5   7   1   0   3   5   3   1   0   1   8   1   2  29  11   7   0   3   0  0.51 0.26
  160 R    -2   0  -2  -2  -4   3   0   5  -2   0  -3   0  -3   0  -3  -1  -3  -4  -3   0    1   4   1   2   0  14   5  43   1   7   1   4   0   4   0   2   1   0   0   8  0.56 0.30
  161 T    -2   3  -1   0  -3   1  -1  -1  -2  -2   1   2   1  -3  -1   0   2  -4  -3  -2    2  17   3   4   0   5   1   6   0   1  17  12   5   0   2   6  17   0   0   1  0.22 0.19
  162 R     0   0  -1  -1  -3   0   0  -2   0  -1   0   0   0   2   0   0   1  -1   1   0    8   5   1   3   0   5   7   2   3   2  10   6   3  13   4   7  12   1   4   7  0.06 0.08
  163 G     0  -5  -3  -4   7  -3  -4   5   1  -5  -5  -4  -1  -5  -5   2   1  -5  -5  -3    7   0   1   0  22   0   0  41   4   0   0   0   2   0   0  15   7   0   0   1  1.06 0.43
  164 L    -1  -1  -4  -5  -3  -3  -4  -5  -4   1   1  -3   2  -2  -4  -2   3   3   0   4    5   3   0   0   0   1   0   0   0   7  13   1   6   0   0   1  22   4   4  32  0.54 0.30
  165 L    -3  -5  -5  -6  -4  -5  -5  -6  -6   1   1  -5  -2  -4  -5  -4   3  -6  -4   6    1   0   0   0   0   0   0   0   0   5  12   0   0   0   0   0  17   0   0  64  1.30 0.52
  166 S    -3  -4  -3  -4  -3  -4  -4  -3  -5  -4  -6  -4  -5  -6  -5   6   5  -6  -5  -4    0   0   0   0   0   0   0   2   0   1   0   0   0   0   0  65  31   0   0   0  1.59 0.67
  167 G    -4  -6  -4  -5  -6  -6  -6   8  -6  -8  -8  -5  -7  -7  -6  -3  -5  -6  -7  -7    0   0   0   0   0   0   0  98   0   0   0   0   0   0   0   1   0   0   0   0  2.58 0.78
  168 W    -7  -7  -8  -9  -7  -7  -8  -7  -7  -7  -6  -8  -6   3  -8  -7  -7  13  -2  -7    0   0   0   0   0   0   0   0   0   0   0   0   0  11   0   0   0  88   0   0  4.48 1.14
  169 A    -3  -5  -4  -5  -6  -5  -5   7  -5  -7  -7   0  -3  -6  -5  -4  -1  -6  -6  -6    1   0   0   0   0   0   0  86   0   0   0   6   1   0   0   0   4   0   0   0  2.03 0.66
  170 R     0   5   1   1  -5   2  -1  -2  -2  -4  -1   2  -2  -3  -4  -1  -2  -4   0  -3    6  37   6   7   0   7   3   2   0   0   7  13   0   1   0   4   1   0   4   2  0.54 0.29
  171 N    -2   2   0  -2  -3   0   1  -3   0  -1  -1   0  -1   0  -3   0   4  -4  -3   1    1  11   4   1   0   4  10   1   2   1   7   5   1   4   1   7  28   0   0  13  0.27 0.22
  172 L    -5  -2  -6  -6  -5  -3  -4  -3  -4  -2   6  -5  -1  -3  -2  -3  -3  -5  -4  -3    0   2   0   0   0   1   1   3   0   0  86   0   1   0   3   2   1   0   0   0  1.47 0.57
  173 T    -3   1   1  -3  -5   6   0  -5   0  -3  -3   2   5  -5  -3  -2   1  -5  -3  -2    1   6   6   0   0  42   3   0   2   1   0  10  15   0   1   2   9   0   1   2  0.90 0.45
  174 T    -1   1  -2  -2  -3   4   1  -3  -2  -2  -2   2   3   1  -3  -2   0  -2   2   0    5   9   1   2   0  19   7   0   0   1   2  16   9   6   1   1   6   0   7   9  0.30 0.23
  175 R     1  -3  -3  -5  -3  -3  -3  -3  -5   3   4  -4   1  -2  -4  -2  -1  -2  -3   3   11   1   1   0   0   1   1   2   0  15  38   0   2   1   0   2   2   1   0  22  0.57 0.29
  176 P     1   0  -1   2  -4   2   2  -3  -2  -3  -3   1  -3  -4   3   0   1  -5  -4  -1   12   5   2  11   0  10  16   0   1   0   1   9   0   0  14   6   8   0   0   4  0.36 0.21
  177 V    -3  -5  -5  -3  -4  -5  -5  -6  -6   2   3  -5  -1  -3  -5  -3  -3  -5  -4   6    0   0   0   2   0   0   0   0   0  11  27   0   0   0   0   1   0   0   0  58  1.21 0.48
  178 T    -3  -2  -4  -5  -6  -1  -2  -5  -5  -6  -6  -4  -3  -7   8   0   2  -7  -6  -3    2   2   0   0   0   3   2   0   0   0   0   0   1   0  69   6  13   0   0   2  1.94 0.66
  179 L    -4   2  -4  -5  -4   0  -4  -5   3   1   3  -3  -1   1  -4  -4  -4  -3   5   0    0  14   0   0   0   5   0   0   7   7  31   1   1   5   0   0   0   0  22   6  0.67 0.34
  180 V    -1  -5  -2  -5  -4  -4  -4  -5  -5   2   3  -5   1  -1  -5  -4  -2  -5  -4   5    6   0   2   0   0   1   0   0   0   8  28   0   3   2   0   0   1   0   0  49  0.91 0.40
  181 E    -2   0   0   4  -4   0   0  -3  -2  -4  -4   0   1  -5   3   2   1  -5  -4  -4    3   4   4  30   0   3   4   1   1   0   0   4   5   0  15  17   8   0   0   0  0.60 0.31
  182 G    -2   4   3  -2  -4   1   0   0   1  -3  -2  -1   0  -3  -1  -1   2  -2  -2  -1    2  27  14   1   0   5   4   7   4   1   4   2   2   1   2   4  13   0   1   5  0.32 0.23
  183 E     1  -1   3   1  -4   3   3  -2   0  -4  -3   0  -2  -5   0   0   0  -5  -3  -3   12   3  15   6   0  14  21   2   2   0   1   4   1   0   4   7   6   0   0   0  0.39 0.24
  184 E    -2  -2  -1   3  -5   3   4  -2  -2  -2  -3   0   0  -5  -4  -1   3  -5  -4  -2    2   2   1  16   0  13  32   2   0   2   2   3   2   0   0   2  19   0   0   2  0.64 0.35
  185 C    -5  -8  -8  -8  12  -8  -9  -5  -8  -6  -6  -8  -6  -7  -8  -6  -6  -7  -7  -6    0   0   0   0  99   0   0   1   0   0   0   0   0   0   0   0   0   0   0   0  4.33 1.11
  186 G    -1   1  -1  -2  -4   1   1   1  -3   0   0   3   2  -3  -1   0  -2  -4  -3   0    3   8   1   1   0   5   8  10   0   7  11  24   6   0   2   7   1   0   0   6  0.19 0.17
  187 Q    -2   3  -2  -2  -5   6   3  -3  -1  -4   0   2  -3  -5  -4  -1  -3  -5  -3  -4    2  14   1   0   0  36  18   2   1   0   9  12   0   0   0   3   1   0   0   0  0.81 0.41
  188 V     1  -2  -2  -3  -3   1  -1  -3   2   0  -2  -2  -2   0  -3   3   1  -3   3   0   14   2   0   0   0   6   2   0   5   7   1   1   0   4   0  31   7   0  11   6  0.36 0.27
  189 L    -2  -4  -4  -5  -4  -4  -4  -5  -2  -3   2  -4   4  -2  -5   3   3   7   1  -3    2   0   0   0   0   0   0   0   1   0  21   0  10   1   0  21  19  17   5   1  0.85 0.42
  190 N    -2   1   5  -1  -5   0  -1   3   1  -5  -5   1  -3  -5  -1   2  -1  -3  -3  -4    1   7  27   2   0   3   4  23   4   0   0   9   0   0   3  13   3   0   0   0  0.59 0.31
  191 V    -1   0   2  -2  -3  -1  -2  -3   1   0   0  -1  -1   3  -3   1   0  -3   2   1    3   5  11   2   0   3   1   1   4   3   6   2   1  17   1  13   7   0   6  15  0.18 0.16
  192 T    -1   2   2  -1  -3   0  -1  -3  -1  -2  -1   1   0  -4  -1   2   3  -4  -3  -1    4  10  11   1   0   4   2   0   1   2   6  10   3   0   3  13  25   0   0   5  0.29 0.22
  193 V    -4  -5  -6  -6  -4  -3  -6  -6  -6   6   1  -5   1  -1  -5  -5  -3  -5  -4   4    0   0   0   0   0   1   0   0   0  54  12   0   2   2   0   0   1   0   0  26  1.29 0.47
  194 T    -3  -4  -4  -4  -4  -4  -4  -5  -3  -3  -3  -3  -4  -5  -5   2   7  -5   0  -4    0   0   0   0   0   0   0   0   1   1   3   1   0   0   0  16  73   0   3   0  1.62 0.65
  195 T    -2  -1   3   4  -5   1   2  -3  -1  -5  -5   0  -3  -5   1   0   2  -5  -4  -4    3   3  15  23   0   6  15   1   1   0   0   4   0   0   8   4  16   0   0   0  0.57 0.30
  196 R    -3   5   6  -3  -4  -2  -3  -4  -2  -4  -2  -1  -4  -2  -5   0  -2  -5  -2   0    2  28  45   0   0   1   0   0   0   0   4   2   0   2   0   5   2   0   1   7  1.05 0.46
  197 T    -5  -5  -6  -6  -5   1  -3  -6  -5  -3  -2  -5  10  -4  -6  -5   1  -6  -5  -2    0   0   0   0   0   6   2   0   0   0   1   0  79   0   0   0  10   0   0   1  2.61 0.86
  198 Y    -4  -5  -5  -6   0  -5  -5  -3  -4   2   2  -5  -1   7  -6  -2  -4  -3   3   0    0   0   0   0   2   0   0   2   0  13  17   0   0  46   0   4   0   0   8   6  1.07 0.41
  199 C    -5  -8  -7  -8  12  -7  -8  -7  -7  -6  -6  -7  -6  -7  -7  -5  -5  -7  -7  -5    0   0   0   0  98   0   0   0   0   0   0   0   0   0   0   0   0   0   0   0  4.25 1.07
  200 E     6  -4  -4  -4  -4  -3   2   0  -1  -5  -5  -3  -4  -6  -4  -2  -2  -6  -5  -3   74   0   0   0   0   0  14   7   2   0   0   0   0   0   0   0   1   0   0   1  1.36 0.57
  201 R    -2   1  -4  -4  -6  -3  -5   7   2  -6  -6   0  -5  -6  -5  -3  -5  -6  -3  -4    2   9   0   0   0   1   0  74   5   0   0   5   0   0   0   1   0   0   1   1  1.61 0.56
  202 S     2  -2  -2   0  -4  -1  -3   4  -2  -4  -3  -3  -4  -1  -1   1  -3  -3   5  -4   15   1   0   6   0   3   0  35   0   1   2   0   0   2   3  10   0   0  20   0  0.65 0.34
  203 S     1   1   0   1  -3   1   0   1  -1  -3  -3   1  -3  -4  -1   3   0  -4  -3  -2   13   6   3   8   0   7   5  11   1   1   1   8   0   0   3  24   6   0   0   2  0.27 0.19
  204 V    -1   1  -2   0  -4   2   1   1  -2  -2  -3   3  -1  -3   0  -1  -1  -4  -3   1    5   8   0   5   0   8  11  13   1   1   2  26   2   1   4   1   2   0   0  12  0.30 0.21
  205 A     2  -4  -2   6  -5  -2  -1  -1  -4  -4  -5  -4  -3  -6  -4   1  -3  -6  -5  -1   21   0   0  54   0   1   1   4   0   1   0   0   1   0   0  10   1   0   0   5  1.11 0.47
  206 A     5  -4  -3   1  -4  -3  -3  -1  -4  -4  -4  -3  -2  -5  -4   4   0  -5  -5  -3   46   0   0   8   0   0   0   3   0   0   1   0   1   0   0  34   5   0   0   1  0.97 0.47
  207 M    -3  -5  -6  -4  11  -6  -4   0  -6  -5  -5  -1  -2  -6  -6  -3  -3  -1  -6  -2    2   0   0   1  76   0   2   7   0   0   0   4   1   0   0   1   1   1   0   2  2.78 0.80
  208 H    -3   2  -2  -2  -5   6   2  -3   1  -4  -4   2   4  -5  -1  -1  -2  -5  -3  -4    1   8   1   1   0  39  11   2   3   0   0  13  11   0   3   4   2   0   0   0  0.84 0.41
  209 W    -3  -4  -4  -5  -6  -5  -5   7  -4  -6   0  -5   0  -5  -6  -4  -5   6  -5  -6    0   1   0   0   0   0   0  73   0   0  10   0   2   0   0   0   0  12   0   0  1.78 0.60
  210 M     1  -5  -2   7  -6  -4  -2  -4  -2  -5  -4  -4  -1  -5  -5  -1  -4  -7  -6   0   11   0   1  72   0   0   0   1   1   0   1   0   2   0   0   3   0   0   0   6  1.63 0.60
  211 D    -1  -4  -3  -1  -5  -3   1   1  -4  -6  -6  -3  -5  -6  -2   6  -2  -6  -5  -5    3   0   0   3   0   0  10   9   0   0   0   0   0   0   2  72   0   0   0   0  1.37 0.60
  212 G    -4  -6  -4  -5  -6  -6  -6   8  -6  -7  -7  -5  -6  -7  -6  -4  -5  -6  -7  -7    0   0   0   0   0   0   0  98   0   0   0   0   0   0   0   0   0   0   0   0  2.59 0.77
  213 S    -3  -5  -1  -4  -5  -5  -5   7  -5  -7  -7  -4  -6  -6  -5   3  -4  -6  -6  -6    0   0   3   0   0   0   0  73   0   0   0   0   0   0   0  22   0   0   0   0  1.79 0.62
  214 V    -2  -6  -6  -5  -6  -5  -5  -6  -2  -1  -5  -5  -1   1   8  -5  -4  -6  -5   0    3   0   0   0   0   0   0   0   1   4   0   0   1   7  76   0   1   0   0   6  2.20 0.71
  215 V    -4  -4  -3  -5  -4  -4  -4  -5   7  -1   3  -4   4   0  -5  -4  -4  -4   0   2    1   0   1   0   0   0   0   0  29   2  34   0  11   4   0   1   0   0   2  14  1.04 0.44
  216 T     3  -5  -5  -5  -4  -4  -5  -5  -5   0  -2  -4   0  -3  -5  -3   2  -5  -4   6   22   0   0   0   0   0   0   0   0   4   2   0   2   1   0   0  13   0   0  55  1.04 0.46
  217 R    -1   2  -2  -5   7  -4  -4  -5  -2  -3  -4  -3  -2  -5  -5  -2   6  -6  -3   0    4  12   1   0  21   0   0   0   1   1   0   1   1   0   0   1  49   0   1   7  1.22 0.53
  218 E    -2   2  -1   0  -5   4   4  -4   1  -4  -2   2  -1  -3   0   0  -3  -5  -3  -2    2  12   2   3   0  19  25   0   4   0   5  12   1   1   3   7   0   0   0   2  0.49 0.29
  219 H    -5  -3  -3  -4  -6  -3  -3  -6   5  -1  -4   2  -4   4  -1  -4  -4  -2   7  -1    0   1   1   1   0   0   1   0  14   3   0  15   0  18   3   1   0   0  39   4  1.25 0.50
  220 R    -2   4   1   1  -5   0   1   1   2  -5  -4   4  -4  -5  -4   0  -3  -5  -4  -5    1  25   6   7   0   3   8   9   5   0   1  30   0   0   0   5   0   0   0   0  0.69 0.34
  221 G    -3  -3   3   3  -6  -4  -3   6  -2  -7  -7  -2  -6  -6  -5  -1  -4  -6  -6  -6    0   1  14  18   0   0   1  58   1   0   0   3   0   0   0   4   0   0   0   0  1.34 0.50
  222 S     1  -1  -4  -5  -4  -4  -4  -5  -5  -3  -4  -3  -4  -6  -4  -1   7  -6  -5   0   12   4   0   0   0   0   0   0   0   1   0   1   0   0   0   2  72   0   0   7  1.52 0.63
  223 W    -6  -5  -5  -8  -7  -6  -7  -7   2  -7  -4  -7  -6  -2  -8  -1  -5  12   3  -6    0   0   1   0   0   0   0   0   4   0   1   0   0   1   0   5   1  77   9   0  3.68 1.00
  224 F    -6  -6  -4  -7  -6  -6  -6  -7  -3  -4  -4  -6  -4   8  -7  -5   2  -3   3  -1    0   0   1   0   0   0   0   0   0   0   0   0   0  73   0   0  11   0  10   4  2.15 0.70
  225 L    -4  -6  -7  -7  -5  -4  -6  -7  -6   0   6  -6  -1  -3  -6  -5  -5  -5  -5   1    0   0   0   0   0   1   0   0   0   4  87   0   0   0   0   0   0   0   0   8  1.70 0.61
  226 T    -1  -5  -4  -5  -4  -4  -5  -4  -5   0  -1  -4  -3  -5  -5  -2   6  -6  -5   3    5   0   0   0   0   0   0   1   0   5   4   0   0   0   0   1  62   0   0  21  1.29 0.56
  227 G    -4  -7  -4  -5  -7  -6  -6   8  -6  -8  -8  -6  -7  -7  -6  -4  -6  -7  -7  -7    0   0   0   0   0   0   0 100   0   0   0   0   0   0   0   0   0   0   0   0  2.71 0.82
  228 V    -4  -6  -7  -7  -4  -6  -6  -7  -7   7   2  -6  -1  -3  -6  -6  -4  -6  -5   3    0   0   0   0   0   0   0   0   0  61  16   0   0   0   0   0   0   0   0  22  1.56 0.55
  229 L    -4  -6  -5  -6  -4  -5  -6  -7  -6   2   2  -5   2  -2  -6  -5  -1  -6  -4   6    0   0   0   0   0   0   0   0   0   7  16   0   4   1   0   0   3   0   0  68  1.38 0.53
  230 G    -2  -4  -2  -3  -1  -4  -3   2  -3  -6  -6  -4  -5  -6  -4   7  -2  -6  -4  -4    1   0   1   1   1   0   1  13   1   0   0   0   0   0   0  79   0   0   0   1  1.60 0.66
  231 S    -2  -6  -5  -5  -6  -2  -5   5  -5  -6  -5  -4  -5  -4  -3   1  -3  10  -3  -6    2   0   0   0   0   2   0  45   0   0   0   1   0   0   1  13   1  34   0   0  1.88 0.64
  232 Q    -1  -4  -3  -3  -6   1   5   4  -4  -6  -4  -3  -5  -5   0  -1  -3   4  -5  -4    4   0   0   0   0   6  41  32   0   0   1   0   0   0   5   3   1   6   0   1  0.99 0.46
  233 P    -3  -3  -2  -3  -5  -4   1   5  -3  -6  -6  -3  -5  -6   4   0   0  -6  -6  -5    0   1   2   0   0   0  10  52   0   0   0   1   0   0  19   8   7   0   0   0  1.11 0.46
  234 V    -3  -6  -5  -6  10  -6  -5  -2  -6  -5  -2  -5  -5  -5   1   0   3  -2  -6  -3    1   0   0   0  59   0   1   3   0   0   4   0   0   0   7   7  16   1   0   1  2.01 0.66
  235 G     4  -4   1   0   5  -1  -1   2  -4  -5  -4  -3  -4  -5   0  -2  -3  -5  -5  -4   45   0   6   6  11   3   5  18   0   0   1   1   0   0   4   1   0   0   0   0  0.74 0.38
  236 G     1   3   0  -1   2   1   1  -1   0  -2  -2   1   0  -4  -2   1   0  -4  -3  -1   11  22   3   3   5   5   9   5   2   1   4   7   2   0   1  10   5   0   0   4  0.21 0.17
  237 Q    -1   0   1   0   0   1   1  -3  -1  -2  -1   3  -2  -4   3  -1   1  -4  -1   0    2   3   6   5   2   8   7   1   1   2   5  21   0   0  16   3  10   0   2   7  0.29 0.20
  238 A     0  -2   2   0  -4  -3  -1   5   0  -3  -5  -2  -4  -4  -2   1   0   2  -3  -1    6   2   9   5   0   0   4  45   2   1   0   1   0   0   1  11   5   3   0   4  0.63 0.31
  239 H    -2   1   1  -3  -5   1   0  -3   4  -4  -4   4   1  -2   0   0   0  -4   1  -4    3   6   8   0   0   5   5   1  11   0   0  34   4   1   4   5   6   0   6   0  0.52 0.30
  240 M    -2  -5  -5  -5  -5  -4  -4  -3  -3  -1  -1  -4   0   3   4  -3   1  -2   7  -1    2   0   0   0   0   0   1   2   0   2   6   0   2  11  18   1   8   0  41   5  1.04 0.44
  241 V     1  -5  -3  -5  -5  -5  -5   6  -5  -5  -1  -5  -4   3  -4  -3  -4  -2   0  -1   11   0   0   0   0   0   0  63   0   0   6   0   0  11   0   0   0   1   3   4  1.24 0.49
  242 L    -3  -6  -6  -6  -4  -5  -6  -6  -6   4   2  -5   1  -2  -6  -3  -3  -5  -4   6    1   0   0   0   0   0   0   0   0  25  19   0   2   1   0   1   0   0   0  51  1.21 0.47
  243 V    -6  -6  -6  -7  -6  -6  -6  -7  -3  -3  -1  -6  -4   4  -7  -5  -6  -2   9  -1    0   0   0   0   0   0   0   0   0   1   5   0   0  14   0   0   0   0  75   4  2.50 0.79
  244 T     1  -5  -4  -5  -5  -1  -5  -5  -5  -3  -5  -4  -4  -6  -5  -2   7  -6  -5  -3   12   0   0   0   0   2   0   0   0   1   0   0   0   0   0   1  83   0   0   0  1.94 0.74
  245 K    -4   6   1  -4  -7   0  -3  -5  -3  -6  -5   6  -5  -6  -5  -3  -3  -6  -5  -6    1  44   5   0   0   3   0   0   0   0   0  45   0   0   0   0   1   0   0   0  1.60 0.60
  246 V    -4  -6  -6  -7  -4  -6  -6  -7  -7   2  -1  -6  -1  -4  -6  -5   1  -6  -5   7    0   0   0   0   0   0   0   0   0   8   5   0   1   0   0   0   7   0   0  79  1.68 0.62
  247 S     1  -4  -3  -4  -4  -4  -3  -2  -5  -5  -5  -4  -5  -6  -1   6   4  -6  -5  -4    9   0   0   0   0   0   1   3   0   0   0   0   0   0   3  61  21   0   0   1  1.25 0.57
  248 R    -2   6   3  -3  -5   1  -1  -4  -1  -5  -4   3  -2  -6  -4  -1  -3  -4  -3  -4    3  44  16   0   0   6   4   1   1   0   1  18   1   0   0   3   0   0   1   1  1.01 0.44
  249 Y    -6  -6  -6  -7  -6  -6  -6  -7   1  -4   1  -6  -3   5  -7  -6  -5  -2   8  -2    0   0   0   0   0   0   0   0   3   0  13   0   0  22   0   0   0   0  59   3  2.03 0.68
  250 S    -1   1  -1  -4  -3  -2  -3  -4  -2   2   3  -3   4  -2  -4   1   1  -4   0   1    4   8   3   0   0   0   0   0   1  14  28   0  11   0   0  12   8   0   3   8  0.35 0.23
  251 L     0   0   1   2  -3  -1   1   0  -1  -1   0   1   2  -3   2   0  -1  -4  -3  -2    6   4   7  13   0   1  10   6   1   4  11   8   8   0  11   6   2   0   0   1  0.17 0.14
  252 W    -8  -6  -9 -10  -8  -7  -8  -8  -8  -8  -7  -8  -7  -3  -9  -8  -8  13  -3  -8    0   0   0   0   0   0   0   0   0   0   0   0   0   1   0   0   0  99   0   0  5.12 1.27
  253 F    -3  -6  -6  -6  -4  -5  -6  -6  -6   6   2  -6   1   4  -6  -5  -4  -4  -2   2    1   0   0   0   0   0   0   0   0  49  16   0   4  17   0   0   0   0   0  13  1.18 0.45
  254 K    -3   3   2   2  -5   3   1  -4   3  -4  -4   4  -3  -5  -4  -1  -2  -5  -2  -4    1  16   9  11   0  11   6   0   8   1   1  28   0   0   0   3   2   0   1   1  0.64 0.32
  255 Q    -3   2   0  -1  -5   6   2  -2   0  -5  -5   1  -3  -5  -4   1  -1  -4  -2  -5    1  10   4   3   0  40  13   3   2   0   0   8   1   0   0   9   4   0   1   0  0.81 0.40
  256 I    -2  -2  -3  -4  -2  -3  -3  -2   3   4   0  -1  -1  -2  -4  -1   2  -4  -1   3    1   1   1   0   0   1   0   3   8  25   8   5   1   1   0   5  17   0   2  21  0.41 0.26
  257 M    -4  -5  -6  -7  -5  -3  -6  -7  -6   4   2  -5   9  -3  -6  -5   0  -5  -5   0    0   0   0   0   0   1   0   0   0  23  13   0  53   0   0   0   5   0   0   5  1.71 0.61
  258 N     2   2   1   1  -4  -1   0   1   0  -4  -4   4  -3  -5  -3   1  -2  -5  -4  -4   20  13   6   7   0   1   6   9   3   0   1  26   0   0   0   9   0   0   0   0  0.44 0.26
  259 A     5  -3  -3  -3  -3  -3  -3  -2  -4  -4  -4  -3  -3  -5  -3   5  -1  -5  -4  -3   55   0   0   0   0   0   0   0   0   0   0   0   0   0   0  45   0   0   0   0  1.14 0.39

                      K         Lambda
Standard Ungapped    0.1360     0.3218
Standard Gapped      0.0517     0.2670
PSI Ungapped         0.1697     0.3157
PSI Gapped           0.0517     0.2670
