
Last position-specific scoring matrix computed, weighted observed percentages rounded down, information per position, and relative weight of gapless real matches to pseudocounts
            A   R   N   D   C   Q   E   G   H   I   L   K   M   F   P   S   T   W   Y   V   A   R   N   D   C   Q   E   G   H   I   L   K   M   F   P   S   T   W   Y   V
    1 A     5  -3  -2  -3  -2  -2  -2   0  -3  -3  -3  -2  -3  -4  -2   3  -1  -4  -3  -2   63   0   0   0   0   0   0   5   0   0   0   0   0   0   0  32   0   0   0   0  0.83 0.26
    2 S     0  -2   0  -2  -4   4   1   0   4  -4  -3   0   0  -4   0   3   0  -4  -2  -3    5   0   3   1   0  27   5   6  13   0   2   3   3   0   5  25   3   0   0   1  0.45 0.23
    3 E    -1   0   1   2  -5   3   4  -3   4  -5  -4   0  -3  -5  -2   0  -1  -2  -3  -4    3   3   6   9   0  15  36   1  12   0   0   4   0   0   1   7   3   0   0   0  0.63 0.26
    4 E     0  -2  -1   5  -5   1   4   0  -1  -4  -5  -1  -4  -5  -1  -1  -2  -5  -4  -2    6   1   2  31   0   6  33   6   1   1   0   2   0   0   3   3   2   0   0   3  0.67 0.28
    5 E    -1   1   1   2  -5   5   3  -1   3  -4  -4   0  -3  -5  -1  -2  -1  -2  -3  -3    5   8   6   9   0  35  17   4   6   1   1   2   0   0   2   0   3   1   0   1  0.61 0.29
    6 K     0  -1   0   1  -4   2   3  -1   4  -3  -2   1  -3  -2  -1   1  -2  -4  -1  -2    8   1   2   9   0  13  18   4  14   0   4   6   0   1   2  13   1   0   1   2  0.33 0.19
    7 A     0  -1   2   2  -3   0   0   0   2  -2  -3   0  -2  -3   3   1  -1   0  -1  -1    9   1  12  12   0   4   4   7   6   2   0   6   0   1  14  14   1   2   2   4  0.25 0.15
    8 W    -2   0  -2  -1  -2   3   0   2   2  -3  -1   1  -2  -2   0  -1  -2   6   0  -3    1   5   1   2   1  16   7  16   6   1   9  10   0   1   4   4   0  13   2   1  0.38 0.21
    9 L    -1  -1  -2  -1  -2   2   2  -1  -2  -2   1   1   0  -3   1  -1   2  -4  -3  -2    4   1   1   2   0  10  18   6   1   1  19   9   3   0   7   2  17   0   0   1  0.22 0.18
   10 M     0   2   3   0  -3   0   1  -2   2  -3  -2   0  -1  -4   0   1   0  -4  -2  -1    9  16  14   4   0   4   9   2   6   1   2   4   1   0   5  13   5   0   0   4  0.24 0.15
   11 A     2   0  -2  -2  -3  -1  -1  -1   0  -1   0  -1   0  -1   3   1   0  -4  -2   1   19   6   0   2   0   3   2   2   2   1   8   3   3   3  13  15   5   0   1  12  0.17 0.14
   12 S     3  -3   0   3  -2  -2  -2  -2  -1  -3  -4  -2  -3  -4   2   2   2  -5  -3  -1   28   0   3  15   1   1   1   2   2   0   1   1   0   0  10  16  16   0   1   3  0.45 0.27
   13 R     1  -1  -1  -1   6  -2  -2   0   3  -2   0  -2  -1   0  -3   2  -2  -2   1  -1   10   4   2   4  19   1   1   6   8   2  11   2   1   4   0  17   1   0   5   2  0.29 0.20
   14 Q    -2   1  -1  -3  -3   3  -2  -4   7  -3   1  -2  -2  -2  -4  -1  -2  -1   3  -2    3   8   1   1   0  18   1   0  29   0  16   1   0   1   0   4   2   1  10   3  0.68 0.35
   15 Q    -1   2   1   0  -5   2   1  -1  -1  -4  -3   5  -3  -5  -3  -1   0  -5  -4  -4    4  11   5   5   0  10  10   3   1   0   2  38   0   0   0   2   7   0   0   0  0.59 0.30
   16 L    -3  -5  -6  -6  -4  -3  -5  -6  -5   4   4  -4   3   0  -5  -4  -3  -3  -3   2    0   0   0   0   0   1   0   0   0  29  45   1   6   3   0   0   1   0   0  13  0.95 0.38
   17 A     5  -4  -2  -4  -3  -2  -3  -1  -4  -2  -4  -3  -4  -5  -2   3   2  -5  -3   0   48   0   1   0   0   1   0   3   0   1   0   0   0   0   1  24  13   0   0   6  0.81 0.42
   18 K    -1   1   0  -3  -5  -1   0  -4  -2  -4  -5  -1  -4  -2   6   3  -1  -6  -3  -5    3   6   4   1   0   2   6   0   1   1   0   4   0   2  40  26   3   0   1   0  0.94 0.41
   19 E     0   1   3  -2  -2  -1   0   0   1   0  -2   0  -1  -3  -2   3   0  -3  -1  -2    6   8  16   0   0   1   5   8   4   8   2   6   1   1   1  27   4   0   1   1  0.26 0.20
   20 T    -4  -4   7  -3  -5  -4  -3  -4  -3   0   0  -4  -2  -5  -5   0   1  -6  -1  -3    1   0  63   0   0   0   0   0   0   7  11   0   1   0   0   7   8   0   2   1  1.31 0.55
   21 S     4  -1  -2  -4   0  -3  -3  -2  -4  -2  -3  -2   2  -4  -4   1   4  -5  -4   0   38   4   2   0   2   0   0   2   0   2   1   1   5   0   0   9  26   0   0   8  0.60 0.35
   22 N    -3  -4   4   7  -6  -1   1  -3   0  -6  -7  -3  -4  -7  -4  -3  -4  -7  -6  -5    2   0  18  64   0   3   7   1   2   0   0   1   0   0   0   0   0   0   0   1  1.57 0.56
   23 F    -6  -7  -7  -8  -7  -7  -7  -7  -5  -4  -1  -7  -4   9  -8  -7  -6  -3  -1  -5    0   0   0   0   0   0   0   0   0   0   5   0   0  95   0   0   0   0   0   0  2.99 0.85
   24 G     6  -5  -4  -5  -2  -4  -4   3  -5  -5  -5  -4  -4  -6  -4  -1   0  -6  -5  -2   70   0   0   0   0   0   0  21   0   0   0   0   0   0   0   2   4   0   0   3  1.34 0.55
   25 F    -5  -6  -7  -7   1  -6  -7  -7  -3  -2   1  -7   0   9  -7  -6  -5  -3   0  -3    0   0   0   0   3   0   0   0   1   2  10   0   2  81   0   0   0   0   1   1  2.26 0.69
   26 S    -2   3   3   1  -1  -1  -1  -3   1  -4  -4   1  -4  -5  -4   4  -1  -4  -3  -4    2  17  17   8   2   1   1   1   3   0   1   9   0   0   0  34   2   0   0   1  0.62 0.34
   27 L    -5  -5  -6  -7  -5  -5  -6  -7  -6  -1   6  -6   1   4  -6  -6  -4  -4  -3  -2    0   0   0   0   0   0   0   0   0   1  78   0   2  17   0   0   0   0   0   1  1.54 0.55
   28 L    -6  -6  -6  -7  -6  -5  -6  -7  -2  -5   0  -6  -4   2  -7  -6  -6  -2   9  -5    0   0   0   0   0   0   0   0   0   0  10   0   0   6   0   0   0   0  82   0  2.65 0.82
   29 R    -4   6  -2  -4  -5   1  -3  -5   3  -6  -6   5  -4  -6  -5  -3  -4  -3  -3  -6    0  49   1   0   0   4   0   0   6   0   0  37   0   0   0   0   0   0   0   0  1.55 0.57
   30 K     0   2  -1  -2  -5   4   2  -4   3  -4  -1   4  -3  -4  -4  -1  -2  -5  -3  -2    6   9   1   1   0  25  12   0   7   0   7  25   0   0   0   2   2   0   0   3  0.58 0.32
   31 I    -2  -5  -6  -6  -4  -5  -5  -6  -5   4   5  -5   1   1  -5  -5  -3  -4  -3   2    3   0   0   0   0   0   0   0   0  24  52   0   3   4   0   0   1   0   0  12  0.97 0.39
   32 S     5  -3  -2  -4  -3  -3  -3  -3  -4  -3  -3  -2  -3  -5  -4   2   1  -5  -4   1   56   1   2   0   0   0   0   0   0   0   1   1   0   0   0  17   9   0   0  12  0.88 0.44
   33 M     1  -1  -1  -2  -3   0  -1  -3   3  -2   1  -2   3  -2  -3   3   0  -4  -3   0   14   2   2   2   0   4   3   0   8   0  18   2   9   1   0  26   4   0   0   6  0.29 0.24
   34 R     0   2   0   0  -3   3   3  -3   1  -4  -3   3  -3  -4  -3   1   0  -5  -2  -4    8  11   4   4   0  14  20   0   3   0   1  19   0   1   0   8   5   0   1   0  0.46 0.26
   35 H     1  -3   3  -2  -4  -1  -2  -3   5  -4  -5  -3  -4  -5   4   2   1  -5  -4  -4   13   0  15   1   0   2   2   1  15   0   0   0   0   0  24  18   8   0   0   0  0.77 0.37
   36 D    -3  -3   4   5  -6  -2   0  -2  -2  -6  -6  -2  -5  -6   4  -1   0  -6  -5  -5    1   1  24  34   0   1   4   3   1   0   0   1   0   0  23   3   4   0   0   0  1.07 0.44
   37 G    -3   0   2  -1  -5   2   0   3  -3  -5  -5   4  -4  -5  -4   0   1  -5  -4  -5    0   4   9   2   0  10   4  21   0   0   0  34   0   0   0   7   9   0   0   0  0.66 0.34
   38 N    -6  -5   9  -3  -7  -4  -4  -5  -4  -7  -8  -4  -6  -7  -6  -3  -4  -8  -6  -7    0   0  99   0   0   0   0   0   0   0   0   0   0   0   0   0   0   0   0   0  2.98 0.91
   39 M    -4  -6  -6  -6  -4  -6  -6  -7  -7   7  -2  -6   0  -4  -6  -5  -3  -6  -5   5    0   0   0   0   0   0   0   0   0  65   1   0   1   0   0   0   1   0   0  32  1.74 0.59
   40 V    -4  -6  -6  -7  -2  -6  -6  -7  -5   2   0  -6  -2   8  -7  -6  -5  -3  -1   1    1   0   0   0   1   0   0   0   0  13   6   0   1  68   0   0   0   0   0  11  1.81 0.60
   41 F    -6  -7  -7  -7  -6  -7  -7  -7  -5   1  -2  -7  -1   9  -7  -6  -6  -3   0  -3    0   0   0   0   0   0   0   0   0   8   3   0   2  86   0   0   0   0   1   1  2.53 0.76
   42 S    -2  -5  -3  -4  -5  -4  -4  -4  -5  -6  -6  -4  -5  -6  -5   7  -2  -7  -6  -6    2   0   0   0   0   0   0   0   0   0   0   0   0   0   0  98   0   0   0   0  2.26 0.83
   43 P    -5  -7  -6  -6  -7  -5  -6  -7  -7  -7  -7  -5  -7  -8   9  -5  -5  -8  -7  -7    0   0   0   0   0   0   0   0   0   0   0   0   0   0  99   0   0   0   0   0  3.40 0.97
   44 F    -4  -5  -6  -6  -4  -5  -6  -6  -6   1   4  -5   2   1  -6  -5  -3  -2  -3   4    0   0   0   0   0   0   0   0   0   4  49   0   4   7   0   0   0   1   0  35  1.08 0.44
   45 G    -3  -5  -3  -4   0  -4  -4   1  -5  -6  -7  -4  -6  -6  -5   7  -2  -7  -6  -6    0   0   0   0   2   0   0  10   0   0   0   0   0   0   0  88   0   0   0   0  1.92 0.76
   46 M    -5  -6  -7  -7  -5  -6  -7  -7  -7   7   1  -6   1  -4  -6  -6  -4  -6  -5   3    0   0   0   0   0   0   0   0   0  74   9   0   2   0   0   0   0   0   0  15  1.77 0.60
   47 S     2  -5  -3  -4  -2  -4  -4  -3  -4  -5  -5  -4  -5  -4  -5   7  -1  -6  -4  -5   14   0   0   0   1   0   0   1   0   0   0   0   0   1   0  80   2   0   0   0  1.66 0.69
   48 L     2  -4  -3  -4  -4  -3  -4  -4  -4   1  -1  -4   4   0  -4  -1   5  -2  -3   0   17   0   0   0   0   0   0   1   0   8   4   0  12   5   0   4  43   1   0   5  0.75 0.41
   49 A     6  -5  -4  -5  -3  -4  -4  -2  -5  -4  -2  -4  -4  -5  -4   2   0  -6  -5  -2   73   0   0   0   0   0   0   1   0   1   3   0   0   0   0  14   5   0   0   2  1.31 0.57
   50 M    -5  -6  -6  -7  -5  -5  -6  -7  -5  -2   5  -6   4   6  -6  -6  -4  -2   1  -3    0   0   0   0   0   0   0   0   0   0  52   0  11  33   0   0   0   0   3   0  1.45 0.54
   51 T     6  -5  -4  -5  -4  -4  -4  -1  -5  -5  -5  -4  -4  -6  -4   2  -1  -6  -5  -2   76   0   0   0   0   0   0   4   0   0   0   0   0   0   0  14   3   0   0   3  1.44 0.60
   52 G    -1  -5  -4  -7  -5  -4  -6  -4  -5   0   1  -5   9   2  -6  -3  -1  -5  -4  -1    5   0   1   0   0   0   0   1   0   3  11   0  62   8   0   2   3   0   0   4  1.73 0.65
   53 L    -4  -6  -7  -7  -4  -6  -6  -7  -6  -1   6  -6   0  -1  -6  -6  -5  -5  -1  -1    1   0   0   0   0   0   0   0   0   2  89   0   1   2   0   0   0   0   2   3  1.71 0.62
   54 M     2  -4  -3  -4   2  -4  -4  -4  -4  -5  -2  -4   3  -5  -4   6   1  -6  -3  -4   13   0   0   0   4   0   0   0   0   0   3   0   9   0   0  64   7   0   1   0  1.20 0.57
   55 L    -5  -6  -7  -7  -5  -5  -6  -7  -5  -1   6  -5   2   0  -6  -6  -2  -5  -3  -1    0   0   0   0   0   0   0   0   0   1  86   0   4   3   0   0   3   0   0   2  1.62 0.60
   56 G     0  -6  -4  -5  -6  -6  -6   7  -6  -7  -7  -5  -6  -7  -6  -4  -5  -6  -7  -5    7   0   0   0   0   0   0  92   0   0   0   0   0   0   0   0   0   0   0   1  2.31 0.73
   57 A     6  -5  -5  -5  -4  -4  -4  -3  -5  -5  -3  -4  -4  -6  -4   0   2  -6  -5  -3   80   0   0   0   0   0   0   0   0   0   2   0   0   0   0   6  11   0   0   1  1.55 0.64
   58 T    -3   5  -2  -2   3   3  -1   0   1  -5  -5   5  -3  -5  -4  -1  -2  -3  -3  -5    1  28   1   1   6  11   1   7   3   0   0  34   0   0   0   4   1   0   1   0  0.85 0.40
   59 G     1  -4   1   1  -2  -4  -3   5  -2  -5  -5  -4  -5  -6  -3   4  -3  -6  -3  -4    9   0   6   7   1   0   0  41   1   0   0   0   0   0   0  33   0   0   1   1  0.95 0.44
   60 P     0  -2   2   3  -4   1   1  -3   3  -4  -4  -1  -3  -4   0   2   1  -5   0  -2    8   0  12  18   0   5   9   0   8   0   0   2   0   0   4  19   8   0   3   3  0.39 0.25
   61 T    -4  -5  -4  -5  -5  -5  -5  -5  -6  -5  -5  -4  -4  -6  -5   0   8  -7  -6  -4    0   0   0   0   0   0   0   1   0   0   0   0   0   0   0   5  93   0   0   0  2.37 0.86
   62 E    -4   3  -3  -4  -5   3  -2  -4   6  -3   3   2  -1  -3  -2  -3  -4  -1   0  -3    0  14   0   0   0  14   1   1  18   0  30  14   1   0   1   1   0   1   3   1  0.67 0.37
   63 T     2   0   0   0  -4  -1   0  -3  -1  -3  -4  -1  -1  -5  -3   1   5  -5  -4  -1   15   5   4   5   0   2   6   0   2   1   0   2   2   0   1  10  42   0   0   3  0.58 0.35
   64 Q    -5  -3  -4  -4  -7   8   4  -6  -4  -7  -6  -3  -5  -7  -5  -4  -5  -6  -6  -5    0   0   0   0   0  70  29   0   0   0   0   0   0   0   0   0   0   0   0   1  2.22 0.82
   65 I    -4  -6  -6  -7  -5  -6  -7  -7  -7   7   2  -6  -2  -3  -6  -6  -3  -6  -5   1    1   0   0   0   0   0   0   0   0  75  18   0   0   0   0   0   1   0   0   5  1.76 0.61
   66 K    -4  -3  -5  -5  -4  -3  -1  -6   0   0   5   0   1   1  -5  -4  -4  -4  -1  -1    1   1   0   0   0   1   4   0   3   3  68   7   2   6   0   1   0   0   2   3  0.95 0.43
   67 R    -3   0  -1  -1  -6   4   6  -3   0  -6  -5   1  -4  -6  -4   1  -3  -3  -5  -5    1   5   3   1   0  18  50   1   2   0   0   9   0   0   0   9   1   0   0   0  1.05 0.48
   68 G    -1  -5  -3  -4  -1  -5  -5   7  -4  -6  -6  -5  -6  -6  -5   1  -1  -6  -6  -1    4   0   0   0   1   0   0  77   0   0   0   0   0   0   0   8   3   0   0   6  1.65 0.59
   69 L    -5  -6  -7  -7  -5  -6  -7  -7  -6  -2   6  -6   0   2  -7  -6  -4  -5  -4  -2    0   0   0   0   0   0   0   0   0   0  90   0   1   8   0   0   1   0   0   0  1.82 0.65
   70 H     0  -1   3   0  -3  -1  -2   5   2  -6  -5   2  -4  -5  -4  -1  -2  -5  -4  -5    8   2  16   4   1   2   1  42   4   0   0  13   0   0   0   3   1   0   0   0  0.76 0.35
   71 L    -6  -6  -7  -7  -6  -6  -7  -7  -5  -3   2  -7  -3   9  -5  -6  -5  -3   2  -3    0   0   0   0   0   0   0   0   0   1  19   0   0  74   0   0   0   0   5   1  2.17 0.70
   72 Q    -4   0   8   0  -6   2  -3  -2   2  -6  -6  -1  -5  -5  -5   0  -3  -6  -5  -6    1   4  65   4   0   8   1   2   5   0   0   3   0   0   0   6   1   0   0   0  1.49 0.57
   73 A     1   0   0   0  -1   0   0   0  -1  -1   0   0   0  -1   1   0   0  -1  -1   0   14   3   6   5   1   4   6   6   1   3  15   4   1   3   8   7   6   1   2   4  0.05 0.02
   74 L    -3  -4  -5  -5  -4   0  -4  -5  -4  -1   5  -4   3  -1  -3  -3   1  -3  -3  -1    1   1   0   0   0   4   1   1   0   1  69   1   6   2   1   2   9   0   0   1  1.00 0.43
   75 K    -2  -2   1  -2  -4   0   1  -3  -1  -4  -4   1  -3  -4  -3   1   6  -4  -4  -3    2   2   6   2   0   3  11   1   1   0   1   8   0   0   0   8  52   0   0   1  0.84 0.41
   76 P    -2   0  -1   2  -4   2   5  -1   0  -1  -2   0  -2  -4  -2  -1  -2  -4  -3  -2    2   3   2  11   0  11  39   6   3   4   4   6   1   0   2   3   1   0   0   2  0.52 0.28
   77 T     0   0  -2  -2  -3   0  -2  -3  -3   2  -1  -1   2  -3  -2   0   5  -2  -2   0    5   4   1   1   0   4   1   2   0  14   4   2   6   0   2   7  39   1   1   5  0.43 0.27
   78 K     0   0  -2   0  -5   3   3  -2  -2  -4  -3  -1  -4  -5   5   2  -2  -5  -4  -4    6   4   0   4   0  13  19   2   1   0   2   2   0   0  28  17   1   0   0   0  0.72 0.36
   79 P    -2  -1  -2   0  -5   0   6  -4  -1  -2  -4  -2   1  -5   2  -3  -2  -5  -4  -2    3   3   1   3   0   2  60   1   1   2   1   1   4   0  12   1   2   0   0   3  1.04 0.47
   80 G     3   1  -1   0  -3   1   2  -1   1  -3  -2   1  -1  -4  -1   0   0  -3  -2  -2   29   6   3   6   0   5  13   3   3   0   3   9   2   0   3   6   7   0   1   1  0.25 0.19
   81 L    -2  -2  -2   4  -5   1   5  -4   1   0  -1   0  -2  -2  -3  -2  -1  -4  -3  -3    3   1   1  22   0   7  36   0   3   5   8   4   1   2   0   1   4   0   1   1  0.58 0.31
   82 L    -4  -5  -6  -6  -4  -4  -5  -6   3   7   2  -5   0  -2  -6  -5  -4  -5  -4   2    0   0   0   0   0   1   0   0   7  58  21   0   2   1   0   0   0   0   0   9  1.27 0.49
   83 P    -5  -3   1  -4  -7   1  -3  -5  10  -7  -6  -4  -5  -5   3  -3  -4  -6  -1  -7    0   1   6   0   0   6   1   0  68   0   0   0   0   0  13   1   1   0   1   0  2.32 0.76
   84 S     0   2  -1  -1  -5   5   4  -2   0  -5  -3   0  -2  -4  -4   0  -1  -4  -4  -4    9  11   2   3   0  27  27   3   2   0   2   4   1   0   0   5   2   0   0   0  0.65 0.35
   85 L     0  -5  -3  -3  -2  -4  -5   6  -3  -4   1  -4  -4   0  -5   0  -3  -5  -5  -4    8   0   1   2   1   0   0  62   1   0  14   0   0   5   0   7   1   0   0   0  1.11 0.46
   86 F    -6  -4  -7  -7  -4  -1  -7  -6  -1  -4  -3  -7  -4   9  -7  -4  -6  -3   2  -5    0   1   0   0   0   3   0   0   2   0   1   0   0  86   0   1   0   0   5   0  2.56 0.79
   87 K    -4   3  -3  -3   0   6   1  -1   5  -6  -5   2  -3  -6  -4  -3  -4  -5  -3  -6    0  13   0   0   3  45   6   4  14   0   0  12   0   0   1   1   0   0   1   0  1.16 0.52
   88 G    -4   0   1  -2  -4   3  -2  -3   8  -5  -1  -1  -4  -3  -5  -2  -3  -5   3  -5    0   4   6   2   0  16   1   1  44   0   8   4   0   0   0   3   1   0   8   0  1.24 0.52
   89 L    -5  -6  -7  -7  -4  -6  -6  -7  -6   1   6  -6  -1  -2  -5  -6  -5  -5  -5   0    0   0   0   0   0   0   0   0   0   5  89   0   0   1   1   0   0   0   0   4  1.75 0.63
   90 R    -4   1  -3  -4  -4   0  -3  -5   1   3   4  -1   1  -1  -5  -3  -2  -3  -2   0    0  10   1   0   0   4   0   0   4  20  46   4   3   2   0   1   1   0   1   3  0.61 0.32
   91 E    -3   1  -1   0   3   4   1  -2   8  -5  -2  -2  -2  -4  -4  -2  -3  -5   0  -5    2   6   2   4   6  23   9   3  34   0   4   1   1   0   0   2   1   0   2   0  0.97 0.45
   92 T    -1   1   1  -3  -4  -2  -1  -3  -2  -2   1  -1   4  -2  -4   2   4  -4  -3  -1    3   9   6   0   0   0   3   0   0   1  13   3  13   2   0  14  28   0   0   3  0.41 0.30
   93 L    -3  -5  -2  -5  -4  -3  -5  -5  -3   2   6  -5   0   1  -6  -4  -4  -5  -4  -1    1   0   3   0   0   1   0   1   1   9  74   0   1   6   0   1   0   0   0   2  1.21 0.49
   94 S    -2   1   6   0  -3   0  -1  -1   0  -6  -5  -2  -5  -6  -4   2   1  -6  -5  -5    3   8  46   3   1   4   3   4   2   0   0   1   0   0   0  19   7   0   0   0  0.94 0.44
   95 R    -3   3  -3  -3  -3   5  -1  -4   4  -6  -4   0  -1  -6   5   0  -2  -6  -4  -5    1  16   0   0   0  27   3   0  10   0   1   3   2   0  27   7   2   0   0   0  0.98 0.46
   96 N    -3   0   5   3  -4  -2  -1   0   1  -5  -5   1  -4  -5   1   2  -2  -6  -4  -5    0   4  26  20   0   1   3   6   4   0   0   9   0   0   7  19   1   0   0   0  0.67 0.35
   97 L    -1   1   3   2  -2   2   1  -1  -1  -4  -3   1  -3  -3   0   1   0  -2  -3  -3    2   7  15  12   1  13   7   4   1   0   1  11   0   1   4  13   6   1   0   1  0.32 0.21
   98 E    -3  -1   1   3  -6   4   5   0  -2  -6  -5   1  -4  -6  -4  -1  -2  -6  -5  -5    1   2   5  15   0  19  37   8   0   0   0   7   0   0   0   4   2   0   0   0  0.82 0.40
   99 L    -3  -2  -3  -5  -4  -3  -4  -6  -1   1   5  -5   2   1  -4  -4  -3  -3  -2   1    1   2   1   0   0   1   0   0   1   7  64   0   4   5   0   1   1   0   1   9  0.92 0.40
  100 G    -3  -1  -2   0  -6   6   4   0  -2  -4  -2   1  -4  -6  -4  -3  -1  -5  -4  -3    1   2   1   5   0  45  22   6   1   1   3   7   0   0   0   1   3   0   0   1  0.97 0.47
  101 L    -4  -5  -6  -7  -5  -5  -6  -7  -6   1   6  -6   4  -1  -6  -5  -2  -5  -4  -1    0   0   0   0   0   0   0   0   0   7  78   0   8   2   0   0   2   0   0   2  1.48 0.56
  102 T    -1   1   3   0  -3   1  -1  -3   1  -2  -3   0  -3  -5  -3   3   2  -5  -4  -2    4   8  17   5   0   5   3   1   4   2   1   5   0   0   0  27  16   0   0   2  0.43 0.28
  103 Q    -2  -3  -4  -5  -4   2  -4  -5  -3   1   2  -3   6  -2  -5  -2   2  -5  -4   2    3   1   0   0   0  12   0   0   0   7  18   0  26   1   0   3  16   0   0  15  0.69 0.38
  104 G    -3  -5  -3  -4  -6  -5  -4   7  -6  -7  -7  -4  -6  -7  -6  -3  -5  -6  -7  -5    1   1   1   1   0   0   1  93   0   0   0   1   0   0   0   2   0   0   0   1  2.29 0.73
  105 S    -4  -4   8  -3  -6  -4  -4  -4  -3  -4  -7  -4  -2  -7  -5   3  -2  -7  -6  -5    1   0  69   0   0   0   0   0   0   1   0   0   1   0   0  25   2   0   0   0  1.94 0.72
  106 F     5  -4  -4  -3  -3  -4  -4   2  -4  -3  -1  -4  -1   1  -4   0   1  -3  -4   0   52   0   0   1   0   0   0  12   0   1   5   0   1   6   0   6   8   0   0   7  0.68 0.38
  107 A     0  -5  -6  -6  -4  -5  -5  -6  -6   0   6  -5   4  -2  -6  -1  -4  -5  -4   0    9   0   0   0   0   0   0   0   0   3  70   0   9   1   0   4   0   0   0   4  1.17 0.49
  108 F    -2  -7  -7  -8  -7  -7  -7  -7  -3  -3  -4  -7  -3   9  -8  -6  -6  -3   0  -4    4   0   0   0   0   0   0   0   1   1   0   0   0  92   0   0   0   0   1   1  2.86 0.86
  109 I    -3  -5  -6  -6  -4  -5  -6  -6  -6   6   2  -5   2  -2  -5  -4   0  -5  -4   3    1   0   0   0   0   0   0   0   0  46  19   0   4   1   0   0   5   0   0  23  1.08 0.43
  110 H    -2   1   2   5  -5   2   1  -1   4  -5  -4   0  -4  -5  -3   0  -2  -4  -4  -5    2   7   8  31   0   9   9   5  11   0   1   6   0   0   0   7   2   0   0   0  0.60 0.30
  111 K    -3   1   0   1  -3   3   3  -3   1  -4  -4   4  -3  -6   1  -2  -2  -5  -4  -5    0   4   5   6   1  12  23   1   3   1   1  33   0   0   7   1   1   0   0   0  0.72 0.36
  112 D    -1   1   1   3  -4   3   1   1   1  -5  -4   1  -3  -5  -3   1   0  -5  -4  -3    2   9   5  16   0  17   9   9   4   0   0   9   0   0   0  12   6   0   0   1  0.42 0.25
  113 F    -3  -5  -5  -6  -4  -2  -5  -6  -5  -1   5  -5   1   5  -6  -5  -3  -3  -1   1    1   0   0   0   0   2   0   0   0   1  60   0   3  21   0   0   1   0   1   9  1.12 0.46
  114 D    -3   1   0   1  -3   3   2  -3   0  -4  -4   5  -3  -5  -1  -1  -2  -2  -4  -4    1   5   3   8   0  15  10   1   2   1   1  43   0   0   3   4   1   1   0   0  0.74 0.37
  115 V    -3  -5  -6  -6  -4  -5  -5  -6  -5   3   4  -5   0  -1   5  -4  -3  -5  -4   2    2   0   0   0   0   0   0   0   0  14  41   0   1   2  27   0   1   0   0  11  1.00 0.42
  116 K    -3   0  -2  -4  -4   4  -1  -5  -2  -1   4   1   0  -3  -5  -3  -3  -3  -2   1    1   5   1   0   0  19   3   0   1   2  43   9   2   0   0   0   1   0   1  11  0.57 0.34
  117 E     1  -1  -1   3  -5   3   4  -3  -1  -5  -5   1  -4  -6   1  -1  -1  -5  -4  -4   12   2   1  20   0  13  28   1   1   0   0   8   0   0   8   3   3   0   0   0  0.65 0.34
  118 T     0   1   0  -1  -4   1   1  -3   0  -3  -4   5  -4  -5  -2   1   2  -3  -3  -3    6   5   3   2   0   4   7   1   2   1   0  40   0   0   1  11  15   0   0   0  0.58 0.33
  119 F    -7  -7  -7  -8  -7  -8  -8  -8  -5  -4  -4  -8  -4  10  -8  -7  -7  -3   1  -5    0   0   0   0   0   0   0   0   0   0   0   0   0  98   0   0   0   0   2   0  3.21 0.93
  120 F    -3   0  -5  -5  -4   0  -4  -6  -2  -1   5  -1   1  -1  -5   0  -2  -5  -4  -1    0   5   0   0   0   4   1   0   1   1  68   3   2   2   0   7   2   0   0   4  0.90 0.43
  121 N     0  -1   4   3  -5   0   4  -2  -1  -5  -5   0  -4  -5  -4   0   0  -6  -4  -4    6   3  22  18   0   3  29   2   1   0   0   6   0   0   0   5   5   0   0   0  0.70 0.35
  122 L     0  -2   2   6  -5  -1   0  -1  -3  -3   0   0  -4  -4  -4  -2  -2  -6  -5  -4    7   2   8  51   0   2   5   3   0   1  12   5   0   0   0   2   2   0   0   1  0.85 0.40
  123 S     3  -4  -4  -4  -3  -4  -4  -4  -5   3  -1  -4   1  -4  -4   2   1  -5  -4   4   26   0   0   0   0   0   0   0   0  15   4   0   4   0   0  14  10   0   0  27  0.59 0.34
  124 K    -4   3  -3  -4  -7   1  -1  -5  -3  -6  -5   7  -1  -6  -5  -3  -2  -6  -5  -5    1  15   1   0   0   6   3   0   0   0   0  69   1   0   0   1   2   0   0   1  1.56 0.61
  125 R     1   2   3  -1  -4   1   0  -2   3  -3  -3   2  -2  -4  -3   1   2  -5  -3  -2   11  10  17   1   0   7   6   1   8   1   1  13   1   0   0   7  13   0   0   2  0.36 0.24
  126 Y    -4  -4  -4  -6  -5  -4  -5  -6   0  -1   4  -5   1   4  -6  -4  -3  -1   5  -1    0   0   1   0   0   0   0   0   2   1  47   0   3  19   0   1   1   1  21   2  1.07 0.45
  127 F    -6  -6  -7  -8  -3  -6  -7  -8  -3  -5  -5  -6  -5   4  -8  -6  -6  -2  10  -5    0   0   0   0   1   0   0   0   0   0   0   0   0  14   0   0   0   0  85   0  3.02 0.92
  128 D     0  -2   1   3  -5   2   3   0   4  -4  -1   0  -2  -2  -3   0  -2  -4  -1  -4    7   1   7  17   0   8  21   9  12   0   6   4   1   1   0   4   0   0   2   0  0.41 0.25
  129 T     4  -4  -3  -4  -4  -3  -3   0  -4  -3  -2  -3   2  -5  -4   4   2  -5  -5  -2   35   0   0   0   0   0   1   5   0   1   4   0   6   0   0  33  15   0   0   1  0.79 0.43
  130 E    -4  -3  -2   4  -7  -1   7  -5  -3  -6  -5   1  -5  -2  -5  -3  -4  -6  -5  -5    0   1   1  20   0   2  64   0   0   0   1   8   0   2   0   1   0   0   0   0  1.48 0.60
  131 C     4  -4  -4  -4   3  -4  -4  -2  -3   1  -1  -4  -1   1  -2  -1   2  -4   0   3   36   0   0   0   6   0   0   3   0   7   3   0   1   5   1   1  13   0   3  21  0.50 0.31
  132 V    -4  -4  -6  -6  -5  -4  -4  -6  -5   1   1  -4  -2   7  -6  -2  -4  -2   0   2    0   0   0   0   0   1   1   0   0   8  15   1   0  55   0   4   0   0   2  13  1.28 0.49
  133 P     0  -2  -1  -3  -2  -2  -3  -3   1  -4  -2  -2  -3  -5   4   5   2  -6  -4  -3    6   1   2   1   1   1   0   0   3   0   5   1   0   0  23  42  11   0   0   1  0.81 0.42
  134 M     1  -4  -4  -4  -4  -4  -3  -4  -5   1  -2  -4   2  -4  -4   1   5  -5  -4   3   10   0   0   0   0   0   1   0   0   8   1   0   6   0   0   8  44   0   0  21  0.84 0.44
  135 N    -5  -4   7   6  -7  -4  -2  -5  -3  -7  -7  -3  -6  -7  -6  -3  -4  -8  -6  -6    0   0  52  45   0   0   1   0   0   0   0   0   0   0   0   1   0   0   0   0  2.03 0.71
  136 F    -7  -7  -8  -8  -7  -8  -8  -8  -6  -4  -3  -8  -4  10  -8  -7  -7  -3   0  -5    0   0   0   0   0   0   0   0   0   0   1   0   0  98   0   0   0   0   1   0  3.21 0.93
  137 R    -2   3   0  -3  -4   4   0   0   3  -5  -3   2  -2  -4  -4   2   0  -3  -2  -4    2  14   3   0   0  25   4   6   8   0   2  12   1   0   0  15   7   0   1   0  0.51 0.31
  138 N    -5  -3   6   6  -6   0  -1  -4   0  -6  -7   1  -6  -6  -5  -2  -4  -7  -3  -5    0   1  43  38   0   4   2   0   2   0   0   8   0   0   0   1   0   0   1   0  1.46 0.56
  139 A     0  -4  -3  -3  -3  -3  -3  -3  -4  -2   0  -3  -2  -3   5   3   2   3  -4   0    8   0   1   0   0   0   0   1   0   1   8   1   1   1  27  25  14   4   0   6  0.66 0.36
  140 S     1  -1  -1   0  -3  -1   4  -3   0  -3  -3   0  -3  -4  -1   2   2  -5  -4  -1   15   3   1   3   0   1  31   1   2   0   1   5   0   0   2  18  11   0   0   5  0.43 0.29
  141 Q     2  -1  -1  -1  -4   3   3   2  -1  -2  -3   0  -1  -3  -3  -1   0  -4  -3  -2   21   2   3   2   0  13  24  13   1   2   2   4   1   1   0   1   6   0   0   3  0.35 0.25
  142 A     7  -5  -5  -5  -4  -4  -5  -4  -5  -3  -5  -4  -3  -6  -5  -1   2  -6  -5  -3   83   0   0   0   0   0   0   0   0   1   0   0   1   0   0   2  12   0   0   1  1.68 0.68
  143 K    -1   2  -3  -3  -4   4   2  -3  -2  -1  -3   5  -1  -5  -4  -1   1  -3  -4  -1    4  10   0   0   0  18  10   1   0   3   1  35   1   0   0   4   7   0   0   5  0.60 0.34
  144 R    -1   3   0  -3  -5   3   1  -1  -1  -4  -4   5  -2  -4  -4  -1  -2  -4  -4  -4    3  12   3   0   0  14   6   5   1   1   1  46   1   1   0   3   1   0   0   0  0.82 0.40
  145 L    -3  -1  -3  -3  -4   6   2  -5  -3  -2   2   1  -2   0  -4  -3  -2  -5  -3  -1    0   3   0   0   0  38  14   0   0   2  24   7   0   3   0   0   2   0   1   4  0.74 0.41
  146 M    -5  -7  -7  -7  -5  -6  -7  -7  -7   8  -2  -6   3  -4  -7  -6  -4  -6  -5   0    0   0   0   0   0   0   0   0   0  90   1   0   6   0   0   0   0   0   0   2  2.32 0.75
  147 N    -6  -5   9  -3  -7  -4  -5  -5  -4  -8  -8  -5  -7  -8  -6  -3  -4  -8  -7  -7    0   0  99   0   0   0   0   0   0   0   0   0   0   0   0   1   0   0   0   0  3.02 0.95
  148 H    -2  -1   2   5  -1   0   2  -2   2  -5  -5   0  -4  -5  -4   1  -2  -6  -1  -5    2   3   9  40   1   4  11   2   4   0   0   6   0   0   0  13   2   0   2   0  0.76 0.36
  149 Y    -6  -4  -1  -7  -3  -3  -6  -7   5  -6  -5  -6  -5   2  -7  -6  -6  -2   9  -6    0   1   3   0   1   1   0   0  12   0   0   0   0   7   0   0   0   0  75   0  2.54 0.82
  150 I    -3  -6  -7  -7  -4  -6  -6  -7  -7   5  -2  -6  -1  -4  -6  -5  -3  -6  -5   7    1   0   0   0   0   0   0   0   0  28   1   0   1   0   0   0   0   0   0  68  1.70 0.62
  151 N     1   1   2  -1  -5   0   4  -3  -2  -5  -4   4  -4  -5  -4   1  -3  -6  -4  -4   12   6   9   1   0   1  33   1   0   0   1  24   0   0   0  11   0   0   0   1  0.70 0.37
  152 K    -3   1   3  -2  -6   2   1  -4  -1  -5  -5   6  -2  -6  -4  -2  -2  -6  -5  -5    1   6  16   1   0   8   6   0   1   0   0  56   1   0   0   1   2   0   0   0  1.15 0.50
  153 E    -3   1  -2  -3  -6   4   3   1  -2  -6  -5   5  -2  -6  -4  -3  -3  -6  -5  -4    0   5   1   0   0  18  17  12   0   0   1  43   1   0   0   0   0   0   0   1  0.99 0.46
  154 T    -4  -5  -4  -5  -5  -5  -5  -6  -6  -5  -6  -5  -5  -6  -5  -1   8  -7  -6  -4    0   0   0   0   0   0   0   0   0   0   0   0   0   0   0   2  98   0   0   0  2.58 0.91
  155 R    -4   2   1  -4  -6   6  -1  -3   6  -6  -5   4  -4  -5  -5  -3  -4  -2   0  -5    0   8   6   0   0  36   3   2  18   0   0  22   0   0   0   0   0   1   3   0  1.15 0.51
  156 G    -4  -4  -3   0  -7  -5  -4   7  -6  -8  -8  -5  -7  -7  -6  -4  -5  -4  -7  -7    0   1   1   5   0   0   1  92   0   0   0   0   0   0   0   0   0   0   0   0  2.28 0.73
  157 K    -5   1  -1  -4  -7   0  -2  -5  -4  -5  -4   8   0  -7  -5  -4  -4  -7  -6  -6    0   4   3   0   0   3   2   0   0   0   2  84   3   0   0   0   0   0   0   0  1.93 0.71
  158 I    -5  -7  -7  -6  -5  -7  -7  -8  -7   8  -2  -6  -2  -2  -7  -6  -4  -6  -5   2    0   0   0   0   0   0   0   0   0  84   1   0   0   2   0   0   0   0   0  13  2.12 0.71
  159 P    -1  -2   1  -2  -4  -1  -1  -4  -4  -1  -3   1   0  -4   3  -1   0  -5  -4   5    5   1   6   2   0   2   4   0   0   0   0   9   2   0  14   4   6   0   0  44  0.56 0.34
  160 K    -4  -2   4   6  -6   0   3  -1  -1  -5  -6   1  -5  -6  -4  -2  -3  -6  -5  -6    0   1  16  45   0   4  15   6   2   0   0   9   0   0   0   1   0   0   0   0  1.08 0.45
  161 L    -2  -5  -6  -7   1  -4  -6  -7  -6   0   6  -6   3   0  -6  -5  -4  -5  -4  -1    3   0   0   0   3   0   0   0   0   3  79   0   6   4   0   0   0   0   0   3  1.40 0.54
  162 F    -3  -6  -6  -6  -4  -5  -6  -6  -5   5   1  -5   0   4  -6  -5  -3  -4  -2   5    1   0   0   0   0   0   0   0   0  29  11   0   2  20   0   0   0   0   1  37  1.10 0.44
  163 D    -3   0   0   2  -5   3   1  -2  -1  -5  -4   5  -3  -5  -3   2  -2  -5  -4  -3    0   3   3  11   0  16   9   3   1   0   1  35   0   0   1  16   1   0   0   1  0.67 0.36
  164 E    -3  -2   3   5  -5  -1   3   0   1  -5  -5  -1  -5  -4  -4   1  -1  -6  -3  -3    1   2  12  33   0   1  23   8   3   0   0   3   0   1   0   9   3   0   0   1  0.75 0.36
  165 I    -5  -5  -6  -7  -4  -4  -6  -7  -4   3   6  -6   0   1  -4  -6  -4  -5  -4   0    0   0   0   0   0   0   0   0   1  16  73   0   1   4   1   0   0   0   0   4  1.36 0.52
  166 N    -4  -3   2   7  -5  -3   0  -4  -2  -6  -6   0  -5  -6  -4   0  -2  -7  -4  -5    1   1  10  65   0   0   5   1   1   0   0   6   0   0   0   7   2   0   0   0  1.46 0.56
  167 P    -2   0  -2  -3  -5   2   0  -3  -2  -5  -3   1  -3  -6   6   2  -1  -6  -5  -4    2   5   1   1   0   8   5   2   1   0   3   9   1   0  45  15   3   0   0   0  1.02 0.43
  168 E    -2  -1   3   4  -4   1   1   0   1  -4   0  -1  -2  -4   0   0   0  -5  -4  -3    1   4  13  27   0   6   9   7   4   0  10   2   1   0   3   6   7   0   0   0  0.38 0.24
  169 T     1  -5  -1  -4  -4  -3  -2  -5  -1  -2  -4  -4  -1  -6  -4  -1   7  -6  -5  -1   10   0   2   0   0   0   3   0   1   2   0   0   2   0   0   3  71   0   0   3  1.41 0.61
  170 K     0  -2  -3  -4  -3  -2  -2  -3  -4   2   1   2   2  -3  -4  -2  -1  -5  -3   4    8   1   1   0   0   2   3   1   0  11  12  13   6   0   0   2   3   0   1  37  0.42 0.27
  171 L    -4  -5  -6  -7  -5  -5  -6  -7  -6   0   4  -5   9   2  -6  -5  -4  -5  -4  -1    0   0   0   0   0   0   0   0   0   4  32   0  54   7   0   0   0   0   0   2  1.85 0.67
  172 I     1  -5  -6  -6  -4  -5  -5  -5  -6   4   1  -5   2  -2  -5  -4  -3  -5  -3   5   12   0   0   0   0   0   0   0   0  19  12   0   6   1   0   0   0   0   0  50  1.00 0.43
  173 L    -5  -6  -7  -7  -5  -6  -7  -7  -6   0   6  -6   3  -2  -7  -6  -5  -5  -5  -2    0   0   0   0   0   0   0   0   0   2  90   0   6   1   0   0   0   0   0   1  1.84 0.65
  174 V    -1  -6  -6  -6  -4  -5  -6  -6  -6   3   0  -5  -1  -4  -6  -5  -1  -6  -5   7    5   0   0   0   0   0   0   0   0  14   6   0   1   0   0   0   4   0   0  71  1.44 0.56
  175 D    -5  -5   8   2  -7  -4  -4  -4  -2  -7  -8  -4  -6  -7  -6   0  -4  -8  -6  -7    0   0  83  11   0   0   0   0   0   0   0   0   0   0   0   5   0   0   0   0  2.37 0.80
  176 Y    -5  -6  -6  -7   2  -6  -6  -7   2  -6  -5  -6  -5   1  -7  -5  -3  -2  10  -5    0   0   0   0   4   0   0   0   4   0   0   0   0   4   0   1   2   0  85   0  2.84 0.89
  177 I    -5  -7  -7  -7  -5  -6  -7  -8  -7   8  -1  -6   1  -3  -7  -6  -4  -6  -5   2    0   0   0   0   0   0   0   0   0  85   2   0   3   1   0   0   0   0   0   9  2.13 0.70
  178 L    -5  -6  -5  -7  -3  -6  -6  -7   2  -3   1  -6  -2   7  -7  -4  -5  -2   6  -3    0   0   0   0   1   0   0   0   4   0  12   0   0  53   0   1   0   0  27   1  1.79 0.62
  179 F    -6  -7  -7  -8  -7  -7  -8  -8  -6  -4  -1  -7  -2   9  -8  -7  -6  -3  -1  -5    0   0   0   0   0   0   0   0   0   0   5   0   1  94   0   0   0   0   0   0  2.99 0.88
  180 K    -4   3  -2  -4  -7   1  -2  -5  -2  -6  -5   7  -5  -7  -5  -4  -4  -7  -4  -6    0  15   1   0   0   5   0   0   1   0   1  75   0   0   0   0   0   0   0   0  1.81 0.68
  181 G     5  -5  -4  -5  -5  -5  -5   6  -5  -6  -6  -5  -5  -6  -5  -3  -4  -6  -6  -4   48   0   0   0   0   0   0  52   0   0   0   0   0   0   0   0   0   0   0   0  1.61 0.61
  182 K    -2   2  -1  -3  -5   2   0  -4   0  -5  -2   6  -2  -4  -3  -1   0  -5   1  -4    2   9   2   0   0  10   4   1   2   0   4  50   1   0   0   3   7   0   4   0  0.80 0.40
  183 W    -8  -5  -9 -10  -8  -7  -8  -8  -8  -8  -6  -8  -7  -4  -9  -8  -8  13  -3  -8    0   1   0   0   0   0   0   0   0   0   0   0   0   0   0   0   0  99   0   0  5.10 1.30
  184 L     0  -2  -3  -1  -5   2   5  -5  -3  -4   0   3  -1  -5  -4  -3  -1  -5  -4  -1    7   1   0   1   0   7  44   0   0   0  10  21   1   0   0   0   3   0   0   4  0.78 0.41
  185 T    -3   0   3  -2  -5   1  -1  -4   5  -2  -3   4   0  -4  -4  -1   3  -5   1  -3    1   3  12   1   0   4   3   0  13   3   1  30   2   0   0   3  17   0   4   1  0.57 0.34
  186 P    -2  -3  -5  -5  -7  -3   0  -4  -3  -7  -7  -2  -6  -7   8   0  -3  -7  -7  -6    3   1   0   0   0   1   7   1   1   0   0   3   0   0  77   7   1   0   0   0  2.23 0.74
  187 F    -7  -7  -8  -8  -7  -8  -8  -8  -6  -4  -4  -8  -4  10  -8  -7  -7  -3  -1  -5    0   0   0   0   0   0   0   0   0   0   0   0   0 100   0   0   0   0   0   0  3.29 0.95
  188 D    -3  -3   5   6  -6  -2   1  -3   0  -4  -6  -1  -4  -5  -2   0  -3  -7  -4  -4    1   1  25  46   0   1   8   1   2   1   0   3   0   0   2   8   1   0   0   1  1.11 0.47
  189 P     0   0  -2  -3  -3  -2  -1  -4   0  -3  -3  -2  -3  -4   7   1  -1  -6  -3  -1    9   4   1   1   0   1   4   1   2   1   2   1   1   1  53   9   3   0   1   5  1.15 0.46
  190 V     0   1   1   0  -4   1   2  -2   1  -3  -1   3  -2  -1  -3   1  -1  -4   0  -2    7   6   8   3   0   4  16   2   3   1   5  24   1   2   0  11   2   0   3   3  0.27 0.20
  191 F    -1   0   2   2  -4   0   0  -2   3  -2   0   0   0   2  -3   1  -2  -2   1  -2    3   5  10  12   0   5   4   2  10   1  11   7   3  11   0  10   1   0   5   2  0.16 0.15
  192 T    -4  -5  -4  -5  -5  -4  -5  -5  -6  -2  -5  -5  -5  -6  -5  -2   8  -7  -6  -3    1   0   0   0   0   0   0   0   0   2   0   0   0   0   0   1  96   0   0   1  2.44 0.88
  193 E    -2   3  -1  -2  -4   2   3  -3   3  -2  -3   2  -2   1  -4  -1   1  -4   0  -3    1  14   2   0   0   9  24   1   7   2   1  15   1   6   0   3   9   0   4   1  0.44 0.28
  194 V    -2  -2  -1   1  -5   2   5  -4  -3  -3  -3   3   1  -5  -1  -2  -1  -6  -5  -1    3   1   3   6   0   7  44   0   0   1   2  18   3   0   3   0   3   0   0   5  0.74 0.39
  195 D     1   0  -1   3  -3   2   4  -1  -2  -5  -5   0  -2  -5  -4   2  -2  -5  -4  -4    9   5   2  15   0   9  30   4   0   0   0   3   1   0   0  20   1   0   0   0  0.61 0.34
  196 T    -3  -1   2   6  -5  -2   2  -3  -3  -3  -5  -1  -4  -4   0   1   2  -4  -2  -4    1   3   8  42   0   1  10   1   0   1   0   4   0   1   5   9  12   0   2   1  0.75 0.36
  197 F    -7  -7  -8  -8  -7  -8  -8  -8  -6  -4  -4  -8  -4  10  -7  -6  -7  -3  -1  -5    0   0   0   0   0   0   0   0   0   0   0   0   0  99   0   0   0   0   0   0  3.26 0.95
  198 H    -5  -2  -2  -5  -6  -2  -4  -6   8  -2   0  -4  -1   5  -6  -2  -4  -3   6  -5    0   1   1   0   0   1   0   0  37   2   9   1   1  20   0   2   1   0  24   0  1.46 0.55
  199 L    -3  -6  -6  -7  -4  -5  -6  -7  -6   2   2  -6   0  -3  -5  -5  -3  -5  -4   6    1   0   0   0   0   0   0   0   0   8  22   0   1   0   0   0   1   0   0  67  1.39 0.54
  200 D    -4  -4   3   7  -6  -3  -1  -2  -4  -5  -7  -3  -6  -7  -5   1   0  -7  -6  -5    0   0  14  62   0   0   1   3   0   1   0   1   0   0   0  11   6   0   0   0  1.48 0.57
  201 K     0  -1   0   0  -5   1   4   0  -3  -5  -5   4  -4  -6   0  -1  -2  -4  -4  -4    7   2   5   4   0   4  29   7   0   0   0  32   0   0   4   4   2   0   0   1  0.65 0.35
  202 Y    -1   1   4   0  -4   0   1  -1  -1  -4  -4   2  -3  -3  -4   0   1  -3   3  -3    4   6  22   5   0   3   9   3   1   0   0  15   0   0   0   6  11   0  13   1  0.41 0.26
  203 K    -2   3  -1  -3  -5  -2  -1  -5  -3  -3  -5   3  -2  -5  -4  -1   6  -6  -5  -3    2  15   3   0   0   1   3   0   0   2   0  18   1   0   0   2  52   0   0   1  1.03 0.50
  204 T     0  -2  -2  -4  -4  -3  -3  -4  -4  -1  -3  -1  -2  -4  -1   3   5   1  -3   2    6   2   1   0   0   0   0   0   0   3   1   3   1   0   4  20  42   2   0  14  0.70 0.40
  205 I    -3  -6  -7  -7  -5  -6  -6  -7  -7   2  -1  -6  -1  -4  -6  -5  -3  -7  -5   7    1   0   0   0   0   0   0   0   0   7   3   0   1   0   0   0   1   0   0  89  2.00 0.71
  206 K    -4   3  -2  -2  -5   4   1  -5   0  -4  -5   6  -1  -6  -2  -2  -1  -6  -5  -5    0  12   1   1   0  18   7   0   2   1   0  49   1   0   2   1   4   0   0   0  1.04 0.47
  207 V    -4  -7  -7  -7  -5  -6  -7  -7  -7   0  -3  -6  -3  -5  -6  -6  -4  -7  -5   8    0   0   0   0   0   0   0   0   0   2   0   0   0   0   0   0   0   0   0  98  2.37 0.80
  208 P    -4  -4  -1   0  -7  -3  -4  -6  -6  -7  -6  -1  -6  -7   8  -2  -5  -8  -7  -6    0   1   3   5   0   1   0   0   0   0   0   4   0   0  82   2   0   0   0   0  2.46 0.79
  209 M    -6  -5  -7  -8  -6  -5  -7  -8  -6  -3  -2  -6  11  -3  -7  -6  -4  -6  -4  -4    0   0   0   0   0   0   0   0   0   0   1   0  96   1   0   0   1   0   0   0  3.54 1.08
  210 M    -6  -6  -7  -8  -6  -5  -7  -8  -6  -2  -3  -6  11  -5  -7  -6  -5  -6  -6  -4    0   0   0   0   0   0   0   0   0   1   0   0  99   0   0   0   0   0   0   0  3.75 1.12
  211 Y    -3   0   2  -3  -3   0  -3  -4   5  -3  -2   1  -2   4  -4   0   0  -1   3  -3    0   6  10   0   0   4   0   0  16   1   4  11   0  21   0   8   5   0  11   1  0.55 0.31
  212 G    -3   5  -2  -4  -4   5  -2  -2   3  -1  -1   1  -1  -5  -4  -2  -3  -5  -4  -4    1  37   1   0   0  28   0   3   7   4   6   8   1   0   0   1   1   0   0   0  0.90 0.44
  213 A    -1  -1   0   1  -3   0   2   0  -2  -2   0   1   2  -3  -3   1   1  -2  -3  -1    3   2   3  10   0   2  16   8   1   1  11   8   7   0   0  13  10   0   0   4  0.16 0.16
  214 G    -2  -1  -1   3  -5  -3   2   5  -1  -5  -3  -1  -5  -3  -4   0  -2  -5  -4  -5    1   3   2  20   0   0  15  44   2   0   2   3   0   1   0   5   2   0   0   0  0.82 0.37
  215 K    -2   1   0  -2  -4   2   0  -4   0  -1   1   2   5  -1  -3  -2  -1  -2   0  -1    1   9   5   2   0  12   6   0   2   2  12  12  21   3   1   2   4   0   3   3  0.32 0.24
  216 F    -4  -4  -4  -6  -3  -3  -5  -6   3   0  -2  -5  -2   6  -6  -3   1  -1   7  -1    1   0   0   0   1   1   0   0   8   6   1   0   0  33   0   1   8   0  34   5  1.28 0.50
  217 A     1   0   2   2  -4  -1   0  -2   2  -3  -2   1  -3  -2   0  -1   0   1   3  -2   14   6  11  15   0   2   4   1   5   1   2  12   0   1   4   2   7   2  11   1  0.23 0.19
  218 S    -1  -3  -2  -4  -3  -3  -4  -4   3   1   0  -3   0   3   1   1  -1   2   5   1    3   1   1   0   0   0   0   0   7   7   6   0   3  11   8  13   4   3  21  12  0.42 0.26
  219 T    -1  -4  -3  -4  -3  -2  -4   1   5  -2   2  -4   0   2  -5  -3   1  -2   5  -2    5   0   0   0   0   1   0  11  14   1  20   0   2   9   0   1  11   0  23   2  0.58 0.33
  220 F    -3   2  -1  -4  -5  -1  -2  -5   5  -3  -1  -2  -1   5  -5  -2  -3  -1   5   1    1  12   3   0   0   3   1   0  16   0   6   1   1  23   0   2   0   1  19  10  0.73 0.36
  221 D    -6  -6  -3   8   4  -4  -2  -5  -4  -7  -7  -5  -7  -7  -6  -3  -4  -8  -7  -6    0   0   0  87  10   0   0   0   0   0   0   0   0   0   0   1   0   0   0   0  2.48 0.80
  222 K    -2   2  -1   2  -5   2   3  -3   0  -4  -4   2  -1  -4   1   0   0  -5  -4  -3    1  14   1  12   0   8  23   0   2   1   0  15   2   1   5   8   6   0   0   1  0.47 0.27
  223 N    -2  -1   3   2  -5   2   4  -3   0  -3  -4   2  -2  -3  -3  -1   0  -4  -2  -1    1   2  14   8   0  11  30   1   2   1   0  10   1   1   1   2   7   0   2   5  0.49 0.29
  224 F    -4  -5  -1  -6  -5  -5  -6  -6  -4   0   6  -6   0   2  -6  -5  -4  -5  -4  -1    0   0   4   0   0   0   0   0   0   2  82   0   1   7   0   0   0   0   0   3  1.45 0.55
  225 R     0   1   2  -1  -4  -1  -3   0   1  -5  -5  -2  -4  -2   2   5  -2  -5  -3  -4    7   9   9   2   0   2   0   7   3   0   0   1   0   2  11  45   0   0   0   0  0.67 0.38
  226 C    -2  -7  -6  -7  11  -6  -7  -5  -7  -5  -5  -6  -5  -6  -6   2  -1  -7  -4  -4    2   0   0   0  77   0   0   0   0   0   0   0   0   0   0  15   4   0   1   1  2.97 0.87
  227 H    -3   0  -3  -4  -4   1  -2  -3   3  -3  -4   0  -2  -3  -4   1   5   7  -2  -3    0   4   1   0   0   6   1   1   8   1   1   4   1   1   0  12  40  17   1   1  0.99 0.47
  228 V    -4  -6  -6  -7  -4  -6  -6  -7  -7   2   1  -6  -2  -4  -6  -5  -4  -6  -5   7    0   0   0   0   0   0   0   0   0  10  11   0   0   0   0   0   0   0   0  78  1.70 0.62
  229 L    -4  -6  -6  -7  -4  -5  -6  -7  -6   1   5  -6  -1  -2  -6  -5  -4  -5  -4   5    0   0   0   0   0   0   0   0   0   4  54   0   1   1   0   0   0   0   0  41  1.35 0.53
  230 K    -2   2  -3  -2  -4   5   4  -1  -2  -4   0   3   0  -5  -4  -3  -3  -5  -4  -4    2   9   0   0   0  27  26   6   0   0  10  15   3   0   0   0   0   0   0   0  0.72 0.39
  231 L    -4  -5  -6  -7  -4  -3  -6  -7  -6   3   4  -5   7  -3  -6  -5  -4  -5  -4   1    0   0   0   0   0   1   0   0   0  16  43   0  33   0   0   0   0   0   0   6  1.40 0.54
  232 P    -4  -3  -1   5  -6  -2   0  -4   0  -5  -6   1  -3  -7   7  -4  -2  -7  -5  -5    0   1   3  28   0   1   5   1   2   0   0   7   1   0  48   0   2   0   0   1  1.44 0.55
  233 Y    -6  -6  -7  -8  -4  -6  -7  -8  -3  -6  -5  -6  -6   0  -8  -6  -6  -2  10  -6    0   0   0   0   0   0   0   0   0   0   0   0   0   2   0   0   0   0  97   0  3.44 1.02
  234 Q    -2   2   0  -3  -4   3  -1  -3   0  -2  -1   3  -1  -4  -3   1   2  -3  -3   0    1  10   3   0   0  16   3   0   2   1   6  23   1   0   0  10  13   0   0   9  0.37 0.26
  235 G    -3  -3  -3  -3  -6  -4  -2   7  -2  -7  -7   0  -6  -7  -6  -1  -5  -6  -6  -7    0   1   1   1   0   0   3  82   1   0   0   5   0   0   0   5   0   0   0   0  1.86 0.64
  236 N    -5  -3   8   2  -6  -3  -3  -1  -1  -7  -7  -1  -5  -6  -6  -1  -1  -7  -6  -6    0   0  74  10   0   0   0   5   1   0   0   3   0   0   0   4   3   0   0   0  1.88 0.68
  237 A     6  -3  -4  -1  -4  -4  -3  -1  -5   1  -3  -4  -1  -3  -4  -1   0  -6  -5   1   62   1   0   4   0   0   1   4   0   8   1   0   2   1   0   2   7   0   0   9  0.89 0.45
  238 T     0  -2  -3  -4  -4  -2  -3  -4   1  -3   0  -2   0  -4  -4   3   5  -5  -3  -1    6   2   0   0   0   2   0   0   3   0   8   1   2   0   0  27  44   0   1   3  0.82 0.44
  239 M     6  -5  -5  -6  -4  -4  -5  -3  -5  -3  -3  -4   6  -5  -5  -2  -2  -6  -5   0   71   0   0   0   0   0   0   1   0   0   1   0  19   0   0   1   2   0   0   5  1.53 0.64
  240 L    -4  -5  -6  -6  -3  -5  -6  -6  -5   2   5  -5   2   5  -6  -5  -1  -4  -1  -1    0   0   0   0   0   0   0   0   0   9  54   0   5  23   0   0   4   0   1   3  1.10 0.45
  241 V    -5  -6  -7  -7  -6  -7  -7  -7  -5   2   0  -7  -3   8  -7  -6  -5  -3  -1   1    1   0   0   0   0   0   0   0   0  10   8   0   0  72   0   0   0   0   0   9  2.02 0.67
  242 V    -3  -6  -6  -7  -4  -6  -6  -7  -7   7   0  -6  -1  -2  -6  -5  -4  -6  -4   5    1   0   0   0   0   0   0   0   0  57   5   0   0   1   0   0   0   0   0  34  1.55 0.56
  243 L    -5  -6  -7  -7  -5  -6  -7  -7  -6   0   7  -5   1  -2  -7  -6  -5  -5  -5  -2    0   0   0   0   0   0   0   0   0   2  93   1   2   1   0   0   0   0   0   1  1.87 0.66
  244 M    -4  -6  -6  -6  -7  -6  -6  -7  -7  -7  -7  -5   2  -8   9  -5  -4  -8  -7  -5    0   0   0   0   0   0   0   0   0   0   0   0   5   0  93   0   1   0   0   0  3.09 0.93
  245 E    -2  -2   2   7  -5  -1   2  -1  -3  -4  -5  -3  -4  -5  -4  -1  -3  -5  -5  -3    2   1   8  57   0   2  13   5   0   1   1   0   0   0   0   4   1   0   0   2  1.16 0.44
  246 K    -3   1  -1   0  -5   3   5  -4  -3  -5  -4   4  -4  -5  -2  -2  -3  -5  -4  -4    1   5   2   4   0  11  41   1   0   0   1  30   0   0   1   1   1   0   0   1  0.99 0.41
  247 M     0   0   0   1  -1   0   1   0   0   0   0   0   0  -1   2   0   0  -1  -1   0    6   3   4   8   1   3  13   6   2   5   8   6   5   3   9   5   6   1   2   6  0.06 0.02
  248 G    -2  -4  -2  -4  -5  -5  -4   7  -5  -6  -6  -4  -3  -6  -5  -2  -4  -5  -6  -3    1   1   1   1   0   0   1  88   0   0   1   0   1   0   0   2   1   0   0   2  2.02 0.63
  249 D    -4   2  -2   2  -6   2  -1  -2  -1  -6  -6   7  -5  -6  -4  -2  -2  -6  -5  -5    0   7   0  14   0   7   3   2   2   0   0  62   0   0   0   1   2   0   0   0  1.28 0.53
  250 H    -5  -5  -6  -7  -5  -5  -6  -7   3  -1   2  -5  10  -2  -7  -6  -5  -5   2  -3    0   0   0   0   0   0   0   0   6   2  14   0  69   1   0   0   0   0   6   1  2.26 0.78
  251 L    -1   2  -1   0  -5   4   3  -2  -1  -2  -1   3  -2  -5  -3  -2  -2  -1  -4  -3    4  10   2   5   0  19  18   3   1   2   8  24   1   0   0   0   2   1   0   1  0.49 0.29
  252 A     0  -1  -1   0  -5   6   1  -4   5  -3  -3   0  -2  -4  -4  -1   0   4  -2  -3    8   2   1   5   0  36   8   0  13   1   2   4   1   0   0   4   6   5   0   1  0.69 0.38
  253 L    -4  -6  -6  -7  -4  -5  -6  -7  -6   1   4  -6   1  -3  -6  -5  -3  -5  -4   6    0   0   0   0   0   0   0   0   0   4  39   0   2   0   0   0   1   0   0  54  1.32 0.52
  254 E    -5  -4  -4  -1  -8  -2   8  -6  -4  -1  -7  -3  -6  -7  -5  -4  -5  -7  -6  -4    0   0   0   2   0   1  92   0   0   5   0   0   0   0   0   0   0   0   0   1  2.29 0.82
  255 D     2  -2   2   4  -5   2   2  -1  -2  -5  -5   1  -3  -5  -4  -1  -2  -4  -4  -4   23   1  10  27   0   8  15   3   1   0   0   7   0   0   0   2   1   0   0   1  0.61 0.33
  256 Y     3  -1  -1  -3  -3  -1  -1   1   2  -3  -2   0   0  -2  -3   1   1  -4   2  -1   32   2   2   0   0   1   3  12   5   0   2   6   3   1   0  10  10   0   7   4  0.29 0.22
  257 L    -5  -6  -7  -7  -5  -6  -6  -7  -6   1   6  -6   3  -3  -6  -6  -5  -1  -4  -2    0   0   0   0   0   0   0   0   0   7  85   0   6   0   0   0   0   1   0   1  1.71 0.62
  258 T    -2  -3   1  -2   1   2  -1  -3  -1  -2  -1  -1  -1  -4  -4   4   4  -5  -4  -2    1   0   7   2   3  10   2   1   1   2   8   3   1   0   0  29  29   0   0   2  0.52 0.34
  259 T     0   2  -2  -3   0   0   0  -3  -1  -3  -3   3  -1  -5   4   0   1  -5  -3  -2   10   9   0   0   2   2   5   1   2   1   1  24   1   0  22   7   9   0   1   3  0.49 0.28
  260 D    -3   0  -1   4  -6   0   6  -2  -1  -6  -6   2  -4  -6  -4  -2  -3  -6  -5  -6    1   5   1  24   0   2  48   3   1   0   0  12   0   0   0   2   1   0   0   0  1.11 0.48
  261 L    -2  -1  -3  -3  -4  -2  -4  -5   1   1   2  -2   2  -3  -4  -1   5  -3  -2   0    1   3   0   1   0   1   0   0   4   8  17   1   6   0   0   2  47   0   1   6  0.70 0.39
  262 V    -3  -5  -6  -6  -4  -5  -5  -6  -5   3   5  -5   1   2  -5  -5  -3  -4  -3   3    1   0   0   0   0   0   0   0   0  14  54   0   2   7   0   0   0   0   0  22  1.03 0.41
  263 E     0   3  -1   0   0   1   1  -2  -1  -3  -2   2  -1  -2  -3   1   1  -3  -2  -3    8  20   1   6   2   6  10   2   1   0   3  14   2   2   0  14   8   0   0   1  0.28 0.19
  264 T    -3   5   1  -3  -5  -1  -2  -3   0  -5  -5   5  -2  -5  -4   0   0  -6  -4  -5    1  32   6   0   0   1   1   1   2   0   1  42   1   0   0   6   7   0   0   0  1.06 0.46
  265 W    -6  -7  -8  -9  -7  -7  -7  -7  -7  -3  -4  -7  -4   2  -8  -6  -7  13  -2  -5    1   0   0   0   0   0   0   0   0   2   1   0   0   7   0   0   0  87   0   1  4.25 1.11
  266 L    -2   2   2  -1  -4   0  -1  -2   1  -1   2   2  -1  -1  -3   1  -1  -3  -3  -2    1  11   9   3   0   3   4   2   4   2  28  14   0   2   0  13   3   0   0   1  0.23 0.20
  267 R    -1   3   2   2  -5   2   1  -1   2  -4  -3   3  -3  -4  -3  -1  -1  -5  -3  -4    3  17  10  10   0   8  10   3   6   0   2  22   0   0   0   4   4   0   0   0  0.46 0.25
  268 N    -1  -2   3  -2  -4  -1  -2  -2  -1  -2   2   1   2  -2  -4   3  -1  -3  -3  -3    4   1  15   1   0   2   1   1   2   1  24   9   5   1   0  30   3   0   0   0  0.40 0.29
  269 M    -3   0  -5  -5  -4  -4  -3  -5  -5   0   5  -3   5   2  -4  -3  -2  -4  -3   0    1   6   0   1   0   0   1   0   0   2  56   1  14   9   1   2   1   0   0   4  0.87 0.39
  270 K    -2   2  -1  -1  -4   4   1  -3   2  -2  -2   3  -1   0  -3   0   2  -3   0  -2    1  11   1   2   0  21   8   0   5   2   3  17   2   4   0   7  12   0   3   2  0.37 0.25
  271 T    -2   3  -1  -2  -2   0   0  -3  -1  -2  -3   4  -1  -3   2   0   2  -4  -1  -3    1  14   3   1   1   3   4   1   1   3   2  30   2   1  12   5  15   0   2   0  0.46 0.28
  272 R    -4   7  -3  -4  -6  -1  -3   0  -4  -6  -5  -1  -2  -6  -5   2  -1  -3  -5  -5    0  64   1   0   0   2   1   9   0   0   0   2   1   0   0  16   4   0   0   1  1.43 0.58
  273 N    -2   2   0  -2  -4   2  -1  -4   0  -3  -1   3   0  -2  -3   1  -1   6  -2   0    1  10   4   1   0   9   2   0   2   1   7  22   2   2   1  15   2  12   0   7  0.42 0.27
  274 M     0  -3  -4  -5  -3  -4  -5  -5  -5   4   2  -4   4  -2  -5  -4  -1  -5  -3   4    8   1   0   0   0   0   0   0   0  30  19   0  10   1   0   0   3   0   1  27  0.76 0.34
  275 E    -4  -2   3   5  -6   0   4  -3   2  -4  -5  -1  -5  -4  -4  -1  -2  -2  -1  -5    0   1  15  31   0   4  30   1   4   1   1   2   0   1   0   4   1   1   2   0  0.87 0.40
  276 V    -4  -5  -6  -6  -4  -5  -6  -5  -6   1   5  -5  -1  -2  -6  -5  -3  -5  -4   4    0   0   0   0   0   0   0   1   0   6  64   0   0   1   0   0   0   0   0  26  1.27 0.50
  277 F    -4  -2  -2  -2  -2  -1  -4  -4   6  -4  -4  -4  -3   5  -5   1  -3   0   6  -3    0   2   2   2   1   3   0   1  20   0   0   0   0  21   0  11   1   1  32   1  1.16 0.48
  278 F    -4  -5  -6  -6  -4  -5  -5  -6  -5   3   4  -5   3   5  -6  -5  -4  -4  -2   2    0   0   0   0   0   0   0   0   0  16  43   0   7  21   0   0   0   0   0  12  1.00 0.40
  279 P    -5  -6  -6  -6  -7  -6  -5  -6  -7  -7  -7  -5  -7  -8   9  -5  -5  -8  -7  -7    0   0   0   0   0   0   0   0   0   0   0   0   0   0  99   0   0   0   0   0  3.38 0.98
  280 K    -4   4  -3  -4  -7  -2  -3  -5  -4  -6  -6   7  -5  -7  -5  -4  -4  -7  -5  -6    0  17   1   0   0   0   0   0   0   0   0  80   0   0   0   0   0   0   0   0  2.03 0.72
  281 F    -5  -4  -6  -7  -4  -6  -6  -7  -5  -1   2  -6  -2   8  -7  -6  -5  -3  -1   0    1   1   0   0   0   0   0   0   0   2  16   0   0  73   0   0   0   0   0   7  1.99 0.66
  282 K    -2  -2  -2  -4  -2  -3  -3  -4   0  -5  -5   2  -3  -4  -4   6   0  -6  -4  -5    0   1   1   0   1   0   0   0   2   0   0  15   1   1   0  73   4   0   0   0  1.39 0.62
  283 L    -4  -6  -6  -6  -4  -6  -6  -7  -6   7   2  -6   1  -2  -6  -5  -3  -6  -4   1    0   0   0   0   0   0   0   0   0  72  17   0   2   1   0   0   1   0   0   6  1.66 0.58
  284 D    -2  -4  -2   2  -4  -3   2  -4  -2  -5  -6  -2  -4  -6  -3   6   1  -6  -3  -4    1   0   0   9   0   0  11   0   1   0   0   2   0   0   1  65   7   0   1   1  1.16 0.55
  285 Q     2  -3  -1  -3  -3   3  -2   5  -2  -5  -5  -2  -4  -5  -4   1   0  -5  -5  -4   16   1   2   0   0  13   1  49   1   0   0   1   0   0   0   8   6   0   0   0  0.91 0.41
  286 K    -1  -2   1   2  -3  -2  -1  -3  -2  -4  -5   2  -3  -3  -4   4   4  -5  -4  -3    4   2   5  10   0   0   3   0   1   0   0  12   0   1   0  29  32   0   0   1  0.69 0.39
  287 Y    -4  -6  -6  -6  -3  -5  -6  -7   0  -2  -3  -6  -4   0  -7  -4  -4  -2  10  -5    1   0   0   0   1   0   0   0   1   2   2   0   0   2   0   1   1   0  87   0  2.79 0.88
  288 E    -3  -2   4   5  -4   2   2  -3  -1  -6  -6   1  -5  -6  -3   1  -2  -6  -5  -4    1   1  17  37   0   9  14   0   2   0   0   7   0   0   1   9   1   0   0   1  0.88 0.40
  289 M    -5  -5  -7  -7  -5  -5  -6  -7  -3   0   6  -6   5  -2  -6  -6  -4  -5  -4   1    0   0   0   0   0   0   0   0   1   3  76   0  13   0   0   0   0   0   0   8  1.53 0.57
  290 H    -3   1   0   1  -6   0   3   0   4  -4  -5   5  -4  -5  -4  -2  -2  -6  -4  -3    0   5   3   8   0   2  22   8   9   1   0  37   0   0   0   2   2   0   0   1  0.74 0.37
  291 E    -1   0   1   3  -4   1   3  -1  -1  -4  -4   3  -3  -4  -2   0   1  -5  -4  -3    5   3   6  16   0   6  17   4   1   1   0  22   0   0   1   5  11   0   0   1  0.43 0.25
  292 L    -2  -5  -5  -5  -3  -4  -4  -6  -3   5   3  -5   2  -2  -4  -3   1  -5  -2   3    2   0   0   0   0   0   1   0   1  36  25   0   4   0   0   1  10   0   1  18  0.77 0.35
  293 L    -5  -6  -7  -7  -5  -6  -7  -7  -6  -2   6  -6   1   2  -7  -6  -5  -5  -4  -2    0   0   0   0   0   0   0   0   0   0  88   0   2   8   0   0   0   0   0   1  1.77 0.64
  294 R    -2   1  -1  -3  -4   1  -1  -1  -1  -3  -2   2   0  -4   5   2  -2  -5  -1  -3    2   7   2   0   0   7   4   5   1   1   5  12   3   0  29  18   1   0   2   1  0.54 0.30
  295 Q    -2   2   0   1  -5   4   2  -2   2  -5  -4   4  -3  -5  -2  -1  -2  -5  -1  -4    3   8   5   8   0  19  13   3   5   0   0  28   0   0   1   2   1   0   3   0  0.59 0.32
  296 M    -5  -5  -6  -7  -5  -5  -6  -7  -6   0   5  -5   8  -3  -6  -4  -4  -5  -4  -2    0   0   0   0   0   0   0   0   0   3  49   0  45   0   0   1   0   0   0   2  1.79 0.65
  297 G    -4  -5  -4  -5  -6  -6  -5   8  -6  -8  -7  -5  -7  -7  -6  -4  -5  -6  -7  -7    0   0   0   0   0   0   1  98   0   0   0   0   0   0   0   0   0   0   0   0  2.55 0.78
  298 I    -4  -6  -6  -6  -4  -6  -5  -7  -6   7  -1  -6   3   0  -6  -5  -4  -6  -4   2    0   0   0   0   0   0   1   0   0  71   3   0   7   4   0   0   0   0   0  13  1.65 0.58
  299 R    -1   4  -2  -3  -4   2  -1  -3  -1  -1  -4   2   0  -4  -4   0   4  -3  -4  -1    5  21   1   0   0   9   3   2   1   3   0  10   2   0   0   7  31   0   0   4  0.51 0.32
  300 R    -3   2   2   6  -6   0   2  -4  -1  -6  -6   3  -5  -6  -4  -2  -2  -6  -5  -5    1   9  10  40   0   2  14   0   1   0   0  19   0   0   0   2   1   0   0   0  0.98 0.42
  301 I     1  -5  -5  -6  -4  -4  -5  -5  -2   4   2  -5   0  -3  -4  -4  -3  -5  -4   5   14   0   0   0   0   0   0   0   1  23  19   0   1   0   0   0   0   0   0  40  0.88 0.40
  302 F    -6  -7  -7  -8  -7  -7  -7  -7  -3  -4  -2  -7  -4   9  -8  -7  -6  -3   1  -4    0   0   0   0   0   0   0   0   0   0   2   0   0  94   0   0   0   0   2   1  2.98 0.88
  303 S     0  -4   1   0  -2  -2   1  -1  -4  -5  -4  -3  -4  -5  -4   4   4  -6  -5  -4    6   0   6   5   1   1   8   4   0   0   1   0   0   0   0  39  30   0   0   0  0.80 0.43
  304 P    -2   0   4   3  -4   0   2  -1   0  -4  -3   0  -3  -3   1   1   0  -5  -2  -4    1   5  20  19   0   4  12   4   2   0   2   5   1   1   6  13   4   0   1   0  0.40 0.24
  305 F    -2   0   3  -1  -4   3   1   0   5  -4  -3   1  -2  -3  -3   0  -1   3  -1  -4    3   3  15   2   0  18  10   8  14   0   2   7   1   1   1   7   3   5   1   0  0.46 0.27
  306 A     7  -5  -5  -5  -4  -5  -5   1  -5  -5  -5  -4  -5  -6  -5  -1  -2  -6  -6  -3   87   0   0   0   0   0   0   9   0   0   0   0   0   0   0   2   1   0   0   1  1.79 0.70
  307 D    -5  -5   2   8  -7  -4   0  -5  -2  -7  -8  -4  -7  -8  -5  -4  -5  -8  -7  -7    0   0  10  85   0   0   4   0   1   0   0   0   0   0   0   0   0   0   0   0  2.36 0.77
  308 L    -5  -6  -7  -7  -5  -6  -6  -7  -6  -2   6  -6  -2   5  -5  -6  -5  -4  -1  -3    0   0   0   0   0   0   0   0   0   0  73   0   0  24   0   0   0   0   1   0  1.64 0.60
  309 S    -2  -3  -3  -4  -5  -4  -4  -2  -5  -5  -5  -3  -5  -6  -2   7   2  -6  -5  -5    0   1   0   0   0   0   0   2   0   0   1   0   0   0   2  81  11   0   0   0  1.68 0.70
  310 E    -2   2  -2  -2  -6  -2   0   7   1  -7  -6  -2  -6  -6  -5  -3  -5  -6  -6  -6    2  10   1   2   0   1   6  72   3   0   0   2   0   0   0   0   0   0   0   0  1.50 0.55
  311 L    -4  -6  -6  -6  -4  -6  -6  -7  -6   7   2  -6   1  -3  -6  -6  -4  -6  -4   1    1   0   0   0   0   0   0   0   0  69  19   0   3   0   0   0   0   0   0   8  1.60 0.57
  312 S    -1  -4  -2  -4  -4  -4  -4  -4  -4  -3  -4  -4  -1  -4  -4   4   6  -5  -5  -3    5   0   1   0   0   0   0   0   0   1   0   0   1   0   0  29  59   0   0   1  1.36 0.58
  313 A     0  -1   0   1  -4   1   3   3  -2  -3  -4   1  -3  -4   1  -1  -2  -4  -3  -2    7   3   5   6   0   7  20  25   1   1   1  11   0   0   6   2   1   0   0   4  0.37 0.20
  314 T    -2   0   2   2  -4   2   3  -2  -1  -3  -3   0  -2  -4  -1   0   2  -4  -1  -2    1   4   9  13   0  11  25   1   1   1   2   4   1   0   2   5  13   0   2   3  0.36 0.21
  315 G     2  -2   1   0  -1  -1  -1   0   4  -2  -1  -2  -1  -3   2   0   0  -3  -1  -1   21   1   6   6   1   1   3   8  15   2   6   1   1   1  10   7   4   0   1   5  0.23 0.15
  316 R    -1   3   0  -1  -2   2   1  -2   0  -2  -1   2  -1  -2   0   0  -1  -2  -1  -1    4  22   4   2   1   8   8   3   2   2   6  16   1   1   4   7   3   0   1   4  0.24 0.11
  317 N    -2  -2   4   2  -3  -2  -1   1   1  -3  -3   0  -3   0   3   1  -1  -3  -1  -3    2   1  27  11   0   1   2  11   3   1   2   5   0   4  15  11   2   0   2   1  0.45 0.23
  318 L    -4  -4  -5  -6  -4  -5  -5  -6  -5   2   6  -5   0  -2  -5  -4  -3  -4  -4   1    0   1   0   0   0   0   0   0   0   9  77   0   1   0   0   1   1   0   0   7  1.32 0.49
  319 Q    -1   2  -3  -4  -5   4  -1  -4  -1  -3  -4   6   1  -3  -4  -2   0  -4  -2  -2    4   8   0   0   0  17   1   0   1   1   0  51   4   1   0   1   5   0   1   2  0.94 0.45
  320 V    -3  -6  -6  -6  -4  -5  -6  -6  -6   2   2  -5   0  -2  -3  -4  -3  -6  -4   6    1   0   0   0   0   0   0   0   0   8  22   0   1   1   1   1   0   0   0  65  1.33 0.53
  321 S    -3  -5  -3  -3  -5  -4  -4   0  -5  -6  -4  -4  -5  -6  -3   7  -1  -7  -5  -6    0   0   0   1   0   0   0   6   0   0   2   0   0   0   1  88   2   0   0   0  1.86 0.76
  322 R    -4   1  -1  -3  -6   5   3  -5  -3  -5  -5   6  -2  -6  -4  -3  -2  -6  -2  -5    0   6   3   0   0  22  17   0   0   0   0  46   1   0   0   1   2   0   2   0  1.16 0.51
  323 V     4  -5  -5  -5  -4  -4  -5  -3  -5   0  -3  -4   3  -2  -5  -1  -3  -6  -4   5   39   0   0   0   0   0   0   1   0   3   0   0   8   1   0   4   0   0   0  43  1.00 0.48
  324 L     0  -5  -3  -4  -3  -4  -5  -5  -5   2   2  -4   0   1  -5  -1   0  -4  -2   5    8   0   1   0   0   0   0   0   0  12  17   0   1   6   0   4   4   0   0  45  0.67 0.33
  325 Q    -6  -4  -4  -5  -8   3  -4  -7  11  -8  -7  -5  -6  -6  -7  -5  -6  -7  -3  -8    0   0   0   0   0  12   0   0  88   0   0   0   0   0   0   0   0   0   0   0  3.43 1.00
  326 R    -4   2  -2  -3  -7   2  -2  -3  -3  -6  -6   7  -5  -7  -5  -3  -4  -7  -5  -4    0   9   1   1   0   8   0   1   0   0   0  78   0   0   0   1   0   0   0   1  1.79 0.67
  327 T     7  -5  -4  -5  -4  -4  -5  -3  -5  -5  -5  -4  -5  -6  -5   0  -1  -6  -6  -2   89   0   0   0   0   0   0   1   0   0   0   0   0   0   0   4   3   0   0   2  1.80 0.69
  328 V    -1  -4  -5  -5  -4  -4  -2  -5  -4   0   0  -2   3  -3  -5  -3   1  -5  -2   6    4   0   0   0   0   0   3   0   0   3   7   2   8   0   0   1   7   0   1  62  0.99 0.45
  329 I    -4  -5  -6  -7  -4  -5  -6  -7  -6   3   6  -6   0  -3  -6  -5  -4  -5  -4   2    0   0   0   0   0   0   0   0   0  13  70   0   1   0   0   0   0   0   0  15  1.35 0.51
  330 E    -3  -2   1   4  -5   1   4  -4   2  -5  -5   2  -4  -5  -4   0   2  -6  -4  -5    0   1   6  28   0   5  24   0   6   0   0  10   0   0   0   5  13   0   0   0  0.76 0.37
  331 V    -4  -6  -6  -7  -4  -5  -6  -7  -6   4   0  -6   4  -3  -6  -5  -3  -6  -4   6    0   0   0   0   0   0   0   0   0  20   7   0  10   0   0   0   0   0   0  62  1.45 0.55
  332 D    -1  -3   2   7  -6  -3  -2   1   3  -6  -6  -3  -6  -5  -5   0  -3  -7  -4  -6    6   1   8  59   0   0   1  10   7   0   0   0   0   0   0   7   1   0   0   0  1.28 0.51
  333 E    -5  -4  -4  -3  -8  -2   8  -6  -4  -7  -6  -3  -6  -8  -5  -4  -4  -7  -6  -6    0   0   0   0   0   0  98   0   0   0   0   0   0   0   0   0   0   0   0   0  2.57 0.88
  334 R    -2   2   2  -2  -5  -1   3  -3  -2  -3  -4   5  -3  -5  -4   1   1  -3  -4  -1    2  10   9   0   0   1  17   0   0   1   1  34   1   0   0   9  10   0   0   4  0.59 0.33
  335 G    -4  -5  -4  -5  -7  -6  -6   8  -6  -8  -8  -5  -7  -7  -6  -4  -5  -7  -7  -7    0   0   0   0   0   0   0  99   0   0   0   0   0   0   0   0   0   0   0   0  2.61 0.79
  336 T    -1  -5  -4  -5  -5  -5  -4  -5  -6  -4  -4  -5  -1  -5  -5  -2   8  -6  -6  -2    3   0   0   0   0   0   0   0   0   0   1   0   2   0   0   2  89   0   0   2  2.07 0.78
  337 E    -4  -1  -3  -1  -7   1   7  -5  -4  -6  -6   0  -3  -7  -5  -3  -2  -7  -6  -4    1   3   1   2   0   5  80   1   0   0   0   4   1   0   0   0   3   0   0   1  1.75 0.67
  338 A     7  -5  -5  -3  -4  -4  -3   1  -5  -5  -5  -4  -5  -6  -3  -2  -2  -6  -5  -3   84   0   0   1   0   0   1  11   0   0   0   0   0   0   1   0   1   0   0   1  1.62 0.64
  339 V     6  -5  -4  -5  -4  -4  -3  -1  -5  -3  -4  -4  -3  -5  -4   0   0  -6  -5   1   73   0   1   0   0   0   1   3   0   0   0   0   0   0   0   4   6   0   0  10  1.23 0.54
  340 A     6  -4  -4  -4  -4  -4  -3   2  -5  -4  -4  -4  -4  -5  -4  -1  -1  -6  -5  -2   71   1   0   1   0   0   1  17   0   0   0   0   0   0   0   3   3   0   0   2  1.25 0.53
  341 G     5  -4  -4  -4  -3  -4  -4   2  -3  -2  -4  -4  -3  -4  -1   0   0  -5  -4   2   52   0   0   0   0   0   0  17   0   1   0   0   0   1   3   4   5   0   0  16  0.80 0.41
  342 I    -2  -5  -3  -4  -4  -4  -4  -4  -5  -3  -4  -4  -1  -5   0   2   7  -6  -5  -3    2   0   1   0   0   0   0   0   0   1   1   0   1   0   5  15  73   0   0   1  1.56 0.64
  343 L     1  -3  -3  -3  -3  -2  -1   4  -2  -1   0  -3   0   0  -3   0   1  -4  -3   1   14   1   0   1   0   0   5  36   1   3   8   0   3   4   0   5   8   0   0  10  0.38 0.23
  344 S     1  -3  -3  -3  -2  -3  -3  -2  -3   2   1  -2   2   0  -2   1   1  -3  -2   3   10   1   0   1   0   0   1   2   0  14  14   1   6   4   2  12  10   0   0  22  0.26 0.19
  345 E    -2  -1  -2  -1  -5   2   5   1  -2  -1  -2   2  -1  -3  -3   0  -1  -5  -3  -1    2   3   1   1   0   9  40  10   0   5   3  11   2   1   0   5   3   0   0   4  0.49 0.30
  346 I     0  -3  -4  -4  -3  -3  -3  -3  -4   5   1  -4   1   4  -2  -2   1  -4  -2   1   10   1   0   0   0   1   1   1   0  35  10   0   4  17   2   2   8   0   0   6  0.53 0.29
  347 T    -1  -2  -1  -3  -3  -1  -1  -3  -2   3   1  -2   4  -3  -3  -1   2  -4  -3   2    3   2   3   0   0   2   4   1   1  19  12   2  15   0   0   5  18   0   0  12  0.35 0.24
  348 A     2  -2  -4  -3  -4  -4  -3  -3  -4  -2   0  -2  -1   3   5  -2  -2   0  -3   0   17   3   0   1   0   0   1   1   0   2  10   2   1  16  35   2   2   1   0   6  0.71 0.34
  349 Y    -2   3  -3  -4  -4   0  -3  -5  -1  -1   1  -1   6   2  -4  -2   1  -1   3  -1    3  15   1   0   0   3   1   0   1   2  11   3  27   7   0   1   9   1  12   2  0.56 0.33
  350 S    -1  -4  -2  -3  -2  -3   0  -3  -3  -4  -2  -3  -1  -2  -1   6   0  -6  -3  -3    4   0   1   1   1   0   6   0   0   1   4   0   1   2   3  69   4   0   1   1  1.08 0.54
  351 M     1   0  -2  -3  -3  -1  -1  -3  -2   0   2   1   4  -1   0  -2   0  -4  -2   0   15   4   1   0   0   2   3   1   1   5  23   8  13   2   5   1   7   0   0   7  0.19 0.18
  352 P    -3   0  -2  -3  -6   1  -4  -4   3  -5  -4  -3  -5  -4   7   0  -3  -6  -1  -5    1   5   2   1   0   6   0   1   7   0   2   1   0   1  64   6   1   0   2   0  1.67 0.61
  353 P    -2  -1  -3  -2  -5   1  -2  -3   1   0   1  -2  -1  -1   6  -1  -1  -5  -3  -2    2   4   0   2   0   8   2   1   4   5  14   1   1   2  41   3   4   0   1   3  0.77 0.35
  354 V    -1   1  -1  -1  -3  -2   0  -4   0   3  -1  -1  -2  -3  -2   0   4  -5  -3   2    3   8   3   3   0   1   6   0   2  20   3   2   0   0   1   6  26   0   0  16  0.35 0.26
  355 I    -3  -5  -6  -6  -4  -5  -6  -6  -6   6   2  -5   2   1  -6  -5  -3  -5  -4   4    1   0   0   0   0   0   0   0   0  44  14   0   4   5   0   0   0   0   0  31  1.14 0.45
  356 K    -2   3   0  -2  -2   1   0  -4   3  -1  -3   4   0  -3  -4   0   0   0  -1   0    1  18   4   1   1   5   6   0   7   3   1  29   2   0   0   5   5   1   2   7  0.43 0.26
  357 V    -5  -6  -6  -7  -3  -6  -7  -7  -5  -1   1  -6   0   8  -7  -6  -4  -3   1   2    0   0   0   0   0   0   0   0   0   3  10   0   2  67   0   0   0   0   3  14  1.81 0.62
  358 D    -5  -4   8   4  -7  -4  -3  -4  -4  -6  -7  -3  -6  -7  -6  -3  -3  -8  -6  -7    0   0  71  25   0   0   1   0   0   0   0   1   0   0   0   1   0   0   0   0  2.17 0.75
  359 R    -5   8  -4  -5  -6   0  -3  -5   1  -7  -6   1  -3  -6  -6  -2  -5  -2  -5  -5    0  81   0   0   0   3   0   0   4   0   0   8   0   0   0   2   0   1   0   0  2.07 0.72
  360 P    -3  -5  -6  -6  -4  -5  -5  -6  -6  -7  -7  -5  -7  -8   9  -1  -1  -8  -7  -6    2   0   0   0   0   0   0   0   0   0   0   0   0   0  89   5   3   0   0   0  2.86 0.88
  361 F    -7  -7  -7  -8  -7  -8  -8  -8  -6  -4  -4  -7  -4  10  -8  -7  -6  -3   0  -5    0   0   0   0   0   0   0   0   0   0   0   0   0  98   0   0   0   0   1   0  3.23 0.94
  362 H    -5  -5  -6  -7  -5  -5  -6  -6   3   2   6  -6   1   0  -6  -5  -4  -5  -4   0    0   0   0   0   0   0   0   0   7   9  73   0   3   3   0   0   0   0   0   5  1.32 0.52
  363 F    -3  -5  -6  -6  -3  -5  -5  -5  -5   2   3  -5   6   5  -6  -5  -3  -4  -2   3    2   0   0   0   0   0   0   0   0  12  23   0  21  22   0   0   1   0   0  18  0.95 0.41
  364 M     0  -5  -5  -6  -3  -4  -5  -5  -5   3   3  -4   6   1  -5  -2  -1  -3  -3   2    8   0   0   0   0   0   0   0   0  16  27   0  26   6   0   2   3   0   0  11  0.79 0.37
  365 I    -5  -7  -7  -7  -4  -6  -7  -8  -7   8   0  -6   0  -3  -7  -6  -4  -6  -5   1    0   0   0   0   0   0   0   0   0  84   8   0   2   0   0   0   0   0   0   6  2.03 0.68
  366 Y    -3  -3  -4  -5  -2  -4  -4  -4   0   1   1  -3  -1   4  -4  -1  -1   3   5   2    1   1   0   0   1   0   0   1   2   7  13   2   1  20   0   4   4   3  24  16  0.63 0.31
  367 E    -4  -3   0   5  -2  -2   5  -4   3  -4  -3  -3  -3  -6  -3   1  -4  -6  -4  -5    0   1   3  36   1   1  37   0   6   1   3   0   0   0   1   9   0   0   0   0  1.08 0.48
  368 E    -2   1   1   1  -5   1   3  -3   4  -4  -4   3  -2  -5  -2  -1   2  -5  -3  -2    1   7   6   6   0   4  19   1  10   1   1  24   1   0   1   4  13   0   0   2  0.49 0.28
  369 T     0  -1   3   2  -2  -1   0  -2   1  -1  -2  -1   0   1  -2   1   2  -4   0  -1    5   2  15  11   0   1   4   1   3   4   3   4   2   7   1  14  17   0   2   4  0.19 0.17
  370 S    -3  -4  -3  -4  -4  -4  -4  -4  -5  -2  -3  -3   0  -1  -2   1   7  -3  -3  -2    1   0   1   0   0   0   1   1   0   2   2   1   2   3   1  10  71   0   1   1  1.38 0.59
  371 G    -2   3   2   0  -4   4   0  -2   1  -5  -4   3  -3  -4   0  -1  -3   4  -3  -4    1  16  11   4   0  20   5   3   4   0   1  18   0   0   5   4   0   6   0   0  0.56 0.30
  372 M     0  -3   2  -2   0  -3  -3  -2  -1  -2  -4  -3   1  -3  -4   5   2  -5  -4  -3    6   1   8   1   2   0   0   2   1   3   0   0   4   1   0  55  13   0   0   1  0.87 0.46
  373 L    -2  -5  -4  -5  -4  -4  -5  -5  -5   5   2  -4   2  -3   2  -1   0  -5  -4   1    2   0   0   0   0   0   0   0   0  42  20   0   4   0  13   6   6   0   0   8  0.79 0.37
  374 L    -5  -6  -7  -7  -5  -6  -6  -7  -5   2   6  -6  -1  -1  -4  -6  -4  -5  -2  -2    0   0   0   0   0   0   0   0   0   8  86   0   0   2   1   0   0   0   1   1  1.65 0.60
  375 F    -7  -7  -8  -8  -7  -8  -8  -8  -6  -4  -3  -8  -4  10  -8  -7  -7  -3  -1  -4    0   0   0   0   0   0   0   0   0   0   1   0   0  99   0   0   0   0   0   0  3.23 0.93
  376 L    -3  -5  -6  -7  -4  -5  -6  -6  -6   2   5  -5   6  -1  -6  -5  -4   0  -4   2    1   0   0   0   0   0   0   0   0   8  53   0  24   1   0   0   0   1   0  11  1.23 0.49
  377 G     1  -5  -4  -5  -6  -5  -6   7  -6  -5  -7  -5  -6  -7  -6  -2  -4  -6  -7  -5    9   1   0   0   0   0   0  87   0   1   0   0   0   0   0   2   0   0   0   1  2.12 0.69
  378 R    -5   4  -4  -5  -7  -2  -3  -6  -4  -7  -6   7  -5  -7  -5  -4  -5  -7  -6  -6    0  22   0   0   0   0   0   0   0   0   0  78   0   0   0   0   0   0   0   0  2.12 0.75
  379 V    -4  -6  -7  -7  -4  -6  -6  -7  -7   5  -2  -6  -3  -3  -6  -5  -4  -6  -5   7    0   0   0   0   0   0   0   0   0  31   1   0   0   1   0   0   0   0   0  67  1.76 0.63
  380 V     0  -4  -1  -4  -3  -4  -1  -4  -5   1  -2  -3   2  -2  -5  -2   2  -5  -2   5    6   0   4   0   0   0   3   1   0   5   1   1   6   2   0   3  15   0   1  51  0.73 0.39
  381 N    -5  -2   8   4  -7  -2  -3  -4   1  -5  -7  -2  -6  -7  -6  -3  -4  -7  -3  -7    0   2  71  20   0   1   0   0   2   1   0   1   0   0   0   0   0   0   1   0  1.97 0.70
  382 P    -5  -7  -7  -6  -7  -6  -6  -7  -7  -7  -5  -6  -7  -8   9  -5  -6  -8  -8  -7    0   0   0   0   0   0   0   0   0   0   1   0   0   0  99   0   0   0   0   0  3.38 1.00
  383 T    -2  -4   1  -4  -4  -4  -4  -5  -5  -4  -5  -3  -3  -6  -4   2   7  -6  -5  -4    2   0   5   0   0   0   0   0   0   0   0   0   1   0   0  14  78   0   0   0  1.68 0.63
  384 L     0  -1  -2  -1  -3   0   3  -3  -2   1   2   0   1  -2  -3  -1   0  -3  -2   1    5   2   0   0   0   3  29   0   0   7  29   7   5   0   0   0   5   0   0  10  0.22 0.11
  385 L    -2  -3  -4  -4  -2  -3  -4  -4  -4   2   4  -3   4  -1  -4  -3  -2  -3  -2   3    0   0   0   0   0   0   0   0   0   6  54   0  14   0   0   0   0   0   0  27  0.57 0.13

                      K         Lambda
Standard Ungapped    0.1380     0.3230
Standard Gapped      0.0635     0.2670
PSI Ungapped         0.2073     0.3144
PSI Gapped           0.0635     0.2670
