
Last position-specific scoring matrix computed, weighted observed percentages rounded down, information per position, and relative weight of gapless real matches to pseudocounts
            A   R   N   D   C   Q   E   G   H   I   L   K   M   F   P   S   T   W   Y   V   A   R   N   D   C   Q   E   G   H   I   L   K   M   F   P   S   T   W   Y   V
    1 S     1  -1   3   0  -1   0   0  -1  -1  -3  -3   0  -2  -3  -1   4   1  -3  -2  -2    0   0  18   0   0   0   0   0   0   0   0   0   0   0   0  82   0   0   0   0  0.50 0.05
    2 E    -1   1   0   2  -3   4   4  -2  -1  -4  -3   1  -2  -4  -2   2  -1  -3  -2  -3    0   6   0   8   0  25  34   0   0   0   0   4   0   0   0  22   0   0   0   0  0.51 0.09
    3 N    -2  -1   4   3  -4  -1  -1   3  -1  -4  -4   2  -3  -4  -2   0  -1  -4  -3  -4    0   0  33  17   0   0   0  24   0   0   0  22   0   0   0   4   0   0   0   0  0.57 0.13
    4 L    -2  -3  -4  -4  -2  -2  -3  -4  -3   3   4  -1   5  -1  -4  -3  -2  -3  -2   1    0   0   0   0   0   0   0   0   0  18  44   6  26   0   0   0   0   0   0   6  0.57 0.16
    5 Y     1  -2  -1   0   0  -2  -1   4   3  -4  -4   0  -3  -3   0  -1  -1  -3   1  -3   10   0   0   6   3   0   2  47  10   0   0   6   0   0   4   0   4   0   7   0  0.51 0.14
    6 F    -3  -4  -4  -5  -4  -4  -2  -5  -2  -1  -2  -4  -2   6  -5  -3  -2  -1   6   2    0   0   0   0   0   0   4   0   0   1   0   0   0  43   0   1   1   0  30  19  1.13 0.32
    7 Q    -1   1   1   2  -4   3   1  -2   6  -2  -1  -1   1  -3  -3  -1  -2  -4  -2   0    5   7   5  11   0  16   7   1  26   0   7   2   4   0   0   1   1   0   0   8  0.40 0.18
    8 G     0   1   1   0  -3   0   1   2  -2  -2  -3   1   1  -3   0   1   2  -4  -3  -2    9   6   6   3   0   2  13  15   0   1   0  10   6   0   3   7  18   0   0   2  0.20 0.11
    9 S     1   1   1  -2  -2  -1  -2  -2   1  -1   1   0   1   0   0   0   1  -3  -2   0   13  10   8   0   0   2   0   0   5   2  18   6   7   4   4   8   9   0   0   6  0.09 0.08
   10 A     3   0  -2  -1  -3   1   0   1  -2  -3  -2  -1   0   2  -1   0  -1  -2   2  -2   31   5   0   2   0   6   6   9   0   0   0   3   2  12   3   8   1   0  10   2  0.23 0.16
   11 S     1   1   4  -1   0   0  -1  -1   0  -1  -3   3  -3  -4  -3   2   1  -4  -3  -2   11   5  22   2   2   2   0   3   2   4   0  21   0   0   0  17   8   0   0   1  0.35 0.19
   12 A     2   1  -2  -1  -3  -2  -1   3  -2  -3  -3  -1   2  -2   3   0  -2  -4  -1  -3   23   8   0   2   0   0   4  26   1   1   1   2   7   2  13   8   1   0   2   0  0.36 0.18
   13 T     0   1  -1  -2   3  -1  -2  -3   2   1   0   1   0  -1  -3   0   2  -3  -1   1    5  11   3   1   7   1   0   0   7  12   5  10   2   1   0   4  14   0   2  14  0.14 0.12
   14 C    -4  -7  -6  -7  12  -6  -7  -6  -7  -5  -5  -7  -5  -6  -6  -4  -4  -6  -6  -4    0   0   0   0 100   0   0   0   0   0   0   0   0   0   0   0   0   0   0   0  3.81 0.75
   15 E     3  -1  -1   0  -3   1   2   0   1  -2  -2   0  -2  -1  -2   1   0  -3  -2   0   29   0   2   3   0   6  14   7   4   1   1   6   0   3   0   9   5   0   0   8  0.19 0.13
   16 R     1   5  -2  -2  -2   0  -1   1   1  -2  -2   0  -3  -3  -3   0  -2  -4   1  -2   16  40   0   2   1   3   3  11   3   2   3   3   0   0   0   7   0   0   5   2  0.44 0.21
   17 C    -4  -7  -6  -7  12  -6  -7  -6  -7  -5  -5  -7  -5  -6  -6  -4  -4  -6  -6  -4    0   0   0   0 100   0   0   0   0   0   0   0   0   0   0   0   0   0   0   0  3.81 0.75
   18 K    -1   1   3   1  -3   3   1   1   4  -4  -3   3  -3  -4  -3  -1  -2  -4  -3  -4    3   8  15   7   1  17   5  11  12   0   1  20   0   0   0   1   0   0   0   0  0.46 0.20
   19 G    -1   2  -1   1  -4   2   3   1  -2  -2  -3   3  -3  -4  -3  -1  -2  -4  -3  -3    5   9   0   9   0   9  23   9   0   2   2  27   0   0   0   2   1   0   1   1  0.43 0.19
   20 G    -1   1  -3  -2   2  -1  -2   3  -1  -4  -4  -2  -4  -5   6  -1  -1  -5  -4  -3    4   9   0   2   4   2   1  21   1   0   1   1   0   0  46   3   4   0   0   1  1.01 0.30
   21 F    -4  -5  -5  -6  -4  -5  -5  -6  -4   5   0  -5  -1   6  -5  -5  -3  -3  -1   1    0   0   0   0   0   0   0   0   0  43   6   0   0  44   0   0   0   0   0   7  1.26 0.38
   22 A     2   0  -1   0  -2   0   1   1  -1  -1  -1   0  -1  -1  -1   0   0  -2   0  -1   27   7   1   6   1   3  13   9   1   3   4   3   1   2   1   7   5   0   4   3  0.12 0.06
   23 P    -1  -1  -1   1  -2   0   0   1  -1  -1   0   0  -1  -1   4   0   0  -2  -2  -1    3   3   2   8   1   5   6  10   1   2  10   4   1   2  24   8   4   0   1   5  0.25 0.07
   24 A     0  -2   1   1  -2   0   0   0   2  -1   1  -1   0  -2  -2   0   0  -1  -1   1   10   0   9  12   0   2   5   8   7   2  16   2   3   0   0   3   6   1   1  12  0.07 0.07
   25 E    -2  -2  -2   2  -4   1   6   1  -1  -4  -4  -1  -4  -4  -3  -2  -1  -4  -4  -4    3   0   0  13   0   4  58  13   1   0   1   0   0   0   0   1   4   0   0   0  0.90 0.30
   26 K    -2   4   1  -1  -5   3   0  -3  -1  -3  -4   4  -3  -2   1   0  -2  -4  -3  -4    0  23   7   1   0  19   4   1   1   2   0  28   0   2   8   5   0   0   0   0  0.61 0.25
   27 I     0  -4  -4  -4   3  -3  -4  -4  -3   4   0  -4   4   1  -4  -3   0   1   2   3    6   0   0   0   6   0   0   0   0  28   3   0  12   6   0   0   7   2   9  21  0.48 0.21
   28 V    -3  -5  -5  -5  -3  -4  -5  -5  -5   4   1  -4   1   1  -5  -4  -1  -4  -3   5    0   0   0   0   0   0   0   0   0  24   7   0   3   5   0   0   2   0   0  58  0.98 0.32
   29 N    -2  -1   5  -1   0   1   0  -3   0  -3  -2   0  -3  -4  -3   2   3  -4  -3  -3    0   2  35   0   2   6   4   0   1   0   5   4   0   0   0  14  26   0   0   0  0.60 0.26
   30 S     5  -3  -3  -3   1  -3  -3  -2  -3  -3  -1  -3  -3  -2  -3   3   0  -4   0  -2   51   0   0   0   3   0   0   1   0   0   5   0   0   1   0  29   5   0   4   2  0.69 0.30
   31 N    -2  -1   4  -2  -3  -2  -1   0   0  -1   3   0   3  -2  -4   0  -2  -4  -3  -2    1   3  24   0   0   0   3   8   2   2  34   4  11   0   0   6   1   0   0   0  0.35 0.21
   32 G    -1  -4   0   1  -5   0   0   6  -4  -6  -6  -2  -5  -5  -4   0  -3  -5  -5  -5    2   0   4   6   0   4   5  70   0   0   0   2   0   0   0   7   0   0   0   0  1.21 0.35
   33 E    -1   2  -2  -1  -4   3   4   0   0  -4  -4   2  -2  -5  -3  -1   0  -4  -3  -3    5  12   0   1   0  18  29   8   2   0   0  16   1   0   0   2   4   0   0   1  0.54 0.22
   34 L    -1  -2   0  -3  -2  -2  -3  -3   0   1   2   0   1  -1  -3   1   2  -4  -2   2    1   1   6   0   0   0   0   0   2   6  24   7   2   1   0  10  19   0   0  20  0.24 0.16
   35 Y    -5  -6  -6  -7  -5  -5  -6  -6  -2  -5  -2  -6  -4   3  -7  -6  -5  11   5  -5    0   0   0   0   0   0   0   0   1   0   4   0   0   9   0   0   0  65  21   0  2.97 0.62
   36 H    -5  -4  -3  -5   2  -3  -3  -5  11  -7  -6  -4  -5  -5  -6  -4  -5  -6  -2  -6    0   0   0   0   4   0   0   0  96   0   0   0   0   0   0   0   0   0   0   0  3.24 0.71
   37 E    -2  -2  -1  -2  -4   1   3  -4  -3   0  -2   0   1  -3   5  -1   0   1  -1  -1    1   0   2   0   0   5  24   0   0   8   3   5   4   0  31   3   7   2   2   3  0.57 0.22
   38 Q    -2   1   0   0  -5   3   5  -2   3  -5  -4   1  -3  -5  -2  -1  -1  -4  -2  -4    1   7   4   4   0  14  46   2   8   0   0   5   0   0   1   3   4   0   1   0  0.73 0.27
   39 C    -4  -5  -4  -6  10  -5  -5  -6   7  -5  -5  -5  -5  -5  -6  -4  -4  -6  -4  -4    0   0   0   0  73   0   0   0  27   0   0   0   0   0   0   0   0   0   0   0  2.91 0.64
   40 F    -5  -6  -6  -7  -5  -6  -6  -6   0  -3  -3  -6  -3   9  -7  -5  -5  -2   0  -4    0   0   0   0   0   0   0   0   3   0   0   0   0  97   0   0   0   0   0   0  2.62 0.60
   41 V    -2   0  -4  -5   3  -3  -4  -5  -5   0   0  -4  -1  -1  -4  -3   1  -5  -3   6    0   7   0   0   6   1   0   0   0   1   7   0   0   2   0   1   8   0   0  68  0.90 0.34
   42 C    -4  -7  -6  -7  12  -6  -7  -6  -7  -5  -5  -7  -5  -6  -6  -4  -4  -6  -6  -4    0   0   0   0 100   0   0   0   0   0   0   0   0   0   0   0   0   0   0   0  3.81 0.75
   43 A     4  -1  -2  -3   0  -2  -1   0   0  -2  -3  -2  -2  -3  -3   1   1  -4  -2   2   50   2   1   0   2   0   2   8   3   0   0   0   0   1   0   7   8   0   1  15  0.47 0.24
   44 Q    -2  -1  -2  -1  -5   7   2  -2   4  -5  -4  -1  -3  -5   0  -1  -3  -4   0  -2    3   1   0   2   0  57  11   2  10   0   0   1   0   0   4   3   0   0   3   4  1.03 0.38
   45 C    -4  -7  -6  -7  12  -6  -7  -6  -7  -5  -5  -7  -5  -6  -6  -4  -4  -6  -6  -4    0   0   0   0 100   0   0   0   0   0   0   0   0   0   0   0   0   0   0   0  3.81 0.75
   46 F    -3  -1   0  -1  -4   1  -1   0   0  -2  -1   1   1   6  -4  -2  -2  -2   0  -3    0   2   4   3   0   7   3   8   2   0   5  12   5  47   0   1   1   0   1   0  0.62 0.27
   47 Q    -2   4   0   0   1   5   2  -4  -2  -4  -4   2  -2  -5  -3  -1   0  -4  -4  -4    2  24   3   3   4  33  10   0   0   0   0  12   1   0   0   2   6   0   0   0  0.70 0.27
   48 Q    -2  -3  -3  -2  -5   3   3  -3  -3  -5  -3   0  -2  -5   6   0  -3  -5  -4  -4    1   0   0   0   0  14  19   1   0   0   3   6   1   0  48   7   0   0   0   1  1.17 0.35
   49 F    -4  -5  -6  -6  -4  -5  -5  -6  -4   0   3  -5   0   7  -6  -5  -4  -2   0  -1    0   0   0   0   0   0   0   0   0   4  35   0   1  58   0   0   0   0   0   1  1.42 0.40
   50 P    -1  -3  -2  -2  -4  -1   0   3  -1  -2  -4  -1  -3  -4   5   1  -2  -5  -4   0    3   0   0   1   0   2   6  25   2   3   0   2   0   0  35  13   1   0   0   9  0.72 0.25
   51 E    -1  -2   3   4  -4  -1   2   1  -2  -4  -2  -2  -3  -4  -3   1   1  -5  -4  -4    2   1  13  32   0   1  14  13   0   0   4   0   0   0   0   8  11   0   0   0  0.54 0.22
   52 G    -1   0  -1   0   0   0   1   5  -1  -3  -4  -1  -3  -4   0   0   1  -4  -4  -4    1   7   1   6   2   5   8  46   1   1   1   2   0   0   4   4  12   0   0   0  0.54 0.21
   53 L    -1   0   2  -1  -2  -1   0   1  -2   1   1  -1   0  -2   0   1   1  -3  -2   0    3   5  12   2   0   1   5  11   0   9  17   0   1   0   3  12  10   0   0   8  0.09 0.09
   54 F    -5  -5  -5  -6  -5  -6  -6  -6   1  -1  -2  -6  -3   8  -6  -5  -5  -2   4  -4    0   0   0   0   0   0   0   0   4   2   0   0   0  82   0   0   0   0  12   0  2.14 0.52
   55 Y    -2  -4  -5  -6  -2  -4  -5  -5   3  -3  -2  -5  -3   6  -6  -3  -4  -1   7  -4    3   0   0   0   1   0   0   0   6   0   2   0   0  41   0   1   0   0  46   0  1.65 0.44
   56 E    -2  -3  -3   0  -6   2   7  -4  -3  -5  -3  -2  -4  -5  -4  -1  -3  -5  -4  -2    3   0   0   3   0   7  78   0   0   0   2   0   0   0   0   4   0   0   0   3  1.39 0.44
   57 F    -3   4  -1  -4  -4  -2  -3  -4   3  -1   0   1  -2   5  -4  -3  -3  -2   2  -2    0  28   3   0   0   0   0   0   9   2   7   8   0  34   0   0   0   0   5   2  0.68 0.27
   58 E    -3  -3   0   5  -6  -1   6  -4   2  -6  -6  -2  -5  -6  -4  -2  -3  -6  -4  -5    0   0   2  37   0   0  55   0   5   0   0   0   0   0   0   1   0   0   0   0  1.38 0.41
   59 G    -2  -5   1  -2  -5  -4  -1   7  -4  -6  -6  -4  -5  -6  -5  -2  -4  -5  -5  -6    0   0   5   1   0   0   5  86   0   0   0   0   0   0   0   2   0   0   0   0  1.75 0.44
   60 R    -2   7  -1  -3  -5   2  -1  -4   0  -5  -3   3  -2  -5  -4  -3  -2  -5  -2  -3    1  61   1   0   0  10   1   0   2   0   3  16   1   0   0   0   1   0   1   1  1.16 0.36
   61 K     0   1   1  -3  -4   0  -2  -4  -3   0  -3   4  -3  -5   6  -2  -1  -5  -4  -2    7   6   6   0   0   2   0   0   0   6   2  31   0   0  37   0   2   0   0   1  0.85 0.28
   62 Y    -5  -5  -5  -6  -6  -5  -5  -6  -1  -4  -3  -5  -4   2  -6  -5  -5  -1  10  -4    0   0   0   0   0   0   0   0   0   0   1   0   0   6   0   0   0   0  93   0  2.73 0.62
   63 C    -4  -7  -6  -7  11  -6  -7  -6  -7  -5  -5  -7  -5  -6  -6  -4  -4  -6  -6  -4    0   0   0   0 100   0   0   0   0   0   0   0   0   0   0   0   0   0   0   0  3.78 0.72
   64 E    -3   2  -2   0  -6   0   6  -4  -1  -5  -5   2  -4  -6  -1  -2  -3  -5  -4  -5    1   9   1   3   0   2  69   0   1   0   0  11   0   0   3   0   0   0   0   0  1.25 0.38
   65 H    -2   1   0  -2  -4   1   0  -2   7  -3  -2   1  -3  -3   1  -2   0  -4   2  -3    1   6   4   1   0   5   6   2  38   2   3  12   0   0   6   1   6   0   7   1  0.66 0.25
   66 D    -4  -4  -1   8   2  -3  -1  -4   3  -6  -6  -4  -6  -6  -4  -3  -4  -7  -5  -6    0   0   0  86   5   0   0   0   8   0   0   0   0   0   0   0   0   0   0   0  2.04 0.50
   67 F    -5  -5  -5  -6  -5  -5  -6  -6  -2  -3  -3  -5  -3   8  -6  -5  -5  -1   7  -4    0   0   0   0   0   0   0   0   0   0   0   0   0  63   0   0   0   0  37   0  2.13 0.50
   68 Q    -3   1   0  -2  -3   4   2  -4   7  -4  -3   1  -1   1  -4  -1  -3  -4   0  -4    1   5   5   0   1  19  12   0  35   0   2   7   2   7   0   2   0   0   2   0  0.81 0.29
   69 M     0   0   0  -1  -3   3   1  -3   1   1  -1   0   4  -3  -3  -1   0  -4  -2   2    5   4   5   3   0  15   9   0   3   6   1   5  17   0   0   2   4   0   0  20  0.23 0.16
   70 L    -3  -4  -4  -6  -4  -2  -5  -6  -5   0   6  -3   3  -2  -5  -4  -2  -4  -3  -1    1   0   1   0   0   2   0   0   0   2  83   1   9   0   0   0   2   0   0   0  1.19 0.36
   71 F    -5  -5  -6  -6  -5  -6  -6  -6  -3  -3  -3  -6  -3   8  -6  -5  -5  -1   5  -4    0   0   0   0   0   0   0   0   0   0   0   0   0  80   0   0   0   0  20   0  2.26 0.52
   72 A     6  -4  -3  -4  -3  -3  -3   0  -4  -4  -4  -3  -3  -5  -3   3  -2  -5  -4  -3   74   0   0   0   0   0   0   5   0   0   0   0   0   0   0  21   0   0   0   0  1.16 0.38

                      K         Lambda
Standard Ungapped    0.1392     0.3256
Standard Gapped      0.0476     0.2670
PSI Ungapped         0.1557     0.3187
PSI Gapped           0.0476     0.2670
