
Last position-specific scoring matrix computed, weighted observed percentages rounded down, information per position, and relative weight of gapless real matches to pseudocounts
            A   R   N   D   C   Q   E   G   H   I   L   K   M   F   P   S   T   W   Y   V   A   R   N   D   C   Q   E   G   H   I   L   K   M   F   P   S   T   W   Y   V
    1 L    -2  -3  -4  -4  -2  -2  -3  -4  -3   2   2  -3   8  -1  -4  -3  -2  -3  -2   1    0   0   0   0   0   0   0   0   0  14   8   0  70   0   0   0   0   0   0   8  0.90 0.20
    2 R     1   3  -1  -2  -3   4   0  -2   2  -3  -2   3  -2  -3  -2   1  -1  -3  -2  -3   14  19   0   0   0  26   0   0   5   0   2  20   0   0   0  13   0   0   0   0  0.42 0.13
    3 E     0   0  -1   1  -3   0   3  -2   4  -3  -4   1  -3  -4  -2   2   2  -4  -2  -3    9   2   0   7   0   2  27   0  13   0   0   6   0   0   0  17  17   0   0   0  0.43 0.20
    4 F    -1  -2  -3  -3  -3  -1  -1  -4   5   0  -1  -2  -1   4   4  -1  -1   0   2  -1    5   2   0   0   0   2   3   0  17   5   5   2   1  23  19   2   5   1   5   3  0.44 0.20
    5 S     2  -1   2  -2  -3   0   0  -2   1  -3  -1  -1  -2  -1   0   3   0  -4  -3  -2   22   3  10   0   0   3   4   0   4   0   6   2   0   2   4  35   5   0   0   2  0.33 0.22
    6 F    -2  -1  -3  -4  -3  -3  -3  -4  -3  -1   3  -3   1   4  -4   1   0   2   2  -1    1   4   1   0   0   0   1   0   0   0  32   0   4  25   0  12   8   2   8   2  0.46 0.25
    7 Y    -3  -4  -1  -3  -4  -1   0  -5   1  -2  -2  -3  -3   6   3  -2  -3  -1   5  -2    1   0   4   1   0   3   8   0   3   2   2   0   0  37  13   1   0   0  23   2  0.84 0.36
    8 D    -1   0   1   4  -4   0  -1  -3  -1  -1  -2  -2  -3  -4   1   3   0  -5  -4   0    2   5   5  28   0   5   2   0   1   3   4   0   0   0   7  25   3   0   0   9  0.40 0.26
    9 V     0  -1   0  -1  -2  -1  -1   1  -2   1   0   0   0   0  -2   0   1  -3  -1   0    7   3   5   2   0   2   2  14   0  12   9   8   1   5   0   8  13   0   2   6  0.06 0.08
   10 P     0  -1  -2   0  -4   3  -1  -4   1  -4  -3   0  -3  -4   5   0   0  -4   1  -4   10   3   1   4   0  16   2   0   4   0   2   5   0   0  35   5   5   0   6   0  0.74 0.36
   11 P     0   3  -1   0  -4   0   1  -3   0  -3  -2   1  -3  -2   5  -1  -2  -4  -2  -2    9  16   2   5   0   4   8   1   3   1   4   8   0   2  30   3   1   0   1   3  0.55 0.27
   12 A     2  -1  -2  -1   0  -1   0   3  -3  -1  -2   0  -1  -3  -1   1   1  -4  -2   0   20   2   0   2   2   3   5  27   0   3   3   5   2   0   2  10   8   0   1   6  0.26 0.18
   13 H     0   0   2  -1  -4   1  -1  -2   2  -3  -3   3  -3  -3   2   2   0  -4  -1  -3    9   5  10   2   0   6   2   2   5   1   2  21   0   1  12  15   4   0   2   1  0.33 0.24
   14 V     0   0   0  -3  -3  -2  -4  -3   0  -3  -2  -3  -1   6   1   1   1  -3  -1   0    9   5   4   1   0   1   0   1   2   0   3   1   1  34   6  14  11   0   0   6  0.50 0.35
   15 P     1  -4  -5  -5  -2  -1  -3  -5  -4  -4  -4  -4  -5  -2   7  -3   2  -6  -5   0   11   1   0   0   1   3   1   0   0   1   1   0   0   2  56   1  15   0   0   7  1.49 0.66
   16 P     3  -1  -1  -2  -3  -1  -1  -3   0  -1  -2   0  -1   2   2   2   1  -4  -1  -2   26   4   2   1   0   2   3   0   2   3   3   6   1  10  12  15   8   0   1   1  0.29 0.26
   17 V    -4  -5  -6  -6  -5  -5  -6  -6  -4   3   2  -5   2   6  -6  -5  -4  -3   5   1    0   0   0   0   0   0   0   0   0  19  19   0   4  31   0   0   0   0  17   9  1.12 0.50
   18 S    -2   3  -2  -2  -5   3  -1  -1  -1  -5  -5   4  -2  -6  -4   3   1  -5  -5  -5    1  17   1   2   0  15   3   4   1   0   0  24   1   0   0  21   8   0   0   0  0.68 0.44
   19 E    -3   4  -1  -2  -6   5   3  -5  -1  -5  -3   3  -2  -4  -2  -3  -3  -5  -2  -4    2  24   2   2   0  27  16   0   1   0   3  16   1   1   2   1   1   0   1   1  0.85 0.49
   20 P    -3  -6  -2  -6  -2  -2  -5  -6  -2  -7  -7  -5  -7  -8   9  -5  -5  -8  -7  -7    2   0   2   0   1   2   0   0   1   0   0   0   0   0  90   0   0   0   0   0  2.94 1.09
   21 L    -1   2  -2  -3   2   0   0  -3   1  -1  -1   4  -2  -2  -4   0   1  -4  -1   1    3  12   1   1   5   3   6   0   3   3   5  27   0   1   0   8   9   0   2  10  0.31 0.28
   22 E    -3  -1  -3  -3   2   2   6  -4   0   0  -2  -2  -4  -3   1  -1  -1  -6  -5  -2    2   2   1   0   4   7  52   1   2   6   4   1   0   1   6   5   3   0   0   3  0.82 0.53
   23 I    -3  -3  -3  -6   2  -5  -5  -6  -1   5   3  -4   0   0  -6  -5  -3  -5  -4   3    1   1   1   0   4   0   1   0   2  34  28   1   1   4   0   0   1   0   0  20  0.88 0.46
   24 A     3  -5  -4  -5   3  -4  -5   5  -1  -3  -2  -4  -4   1  -5   0   1  -5  -2  -3   23   0   0   0   5   0   0  42   2   1   4   0   0   5   0   5  11   0   1   1  0.85 0.50
   25 C    -2  -2  -1  -3   7  -1  -1  -1   2  -2  -3  -4  -4   1  -5   2   2   0   3  -2    2   2   3   1  21   3   5   4   6   2   2   0   0   6   0  15  15   1  12   2  0.58 0.40
   26 Y    -6  -7  -7  -8  -1  -7  -7  -8  -2  -3  -4  -7   0   7  -8  -7  -6   0   7  -3    0   0   0   0   1   0   0   0   1   1   1   0   3  50   0   0   0   1  41   1  2.35 0.95
   27 S    -1  -2  -3  -4   2  -4  -4  -2  -1  -3  -6  -4  -5  -6  -5   7   0  -6  -3  -3    4   3   0   0   4   0   0   2   1   2   0   0   0   0   0  75   4   0   1   1  1.50 0.78
   28 L    -2   3  -4  -5  -2  -1  -4  -5   0   1   1   1  -1   1  -5  -3  -2   2   5   1    2  17   0   0   1   2   0   0   2   8  14   9   2   4   0   2   2   3  24   8  0.55 0.39
   29 S    -2  -3   2   6  -5  -4  -2  -1  -1  -3  -2  -2  -5  -5  -2   1   2  -6  -2  -1    2   1   8  42   0   0   2   4   2   2   4   1   0   0   2   8  15   0   2   4  0.79 0.52
   30 R     1   0  -1   2  -5   1   3  -1  -2  -1  -3   0  -4  -3   4   1  -2  -5  -2  -3   12   4   2  10   0   5  17   4   1   4   2   4   0   1  19  10   1   0   1   2  0.38 0.32
   31 D    -2  -1   3   4  -5   2   2   0   1  -4  -5   0  -5  -2  -4   0   0  -1  -2  -5    3   2  13  27   0   8  16   8   3   1   0   5   0   2   0   5   5   1   2   0  0.58 0.40
   32 R    -2   5   0  -2  -2  -2  -1   3   5  -6  -4  -1  -2  -4  -5  -3  -3  -6  -3  -3    2  38   4   2   1   1   4  23  13   0   2   2   1   1   0   1   2   0   1   2  0.91 0.55
   33 E    -2   1   1   1   1   2   3  -3   1  -3  -3   2  -1  -4  -2  -1   0  -5   0  -1    2   7   8   7   3  10  21   2   3   1   3  14   1   0   2   4   4   0   3   4  0.33 0.28
   34 L    -3  -3  -3  -3  -1  -1  -5  -6  -4   1   1  -3  -1   5  -6  -3  -2   2   5   2    1   2   1   2   1   3   0   0   0   7  13   2   1  24   0   2   3   3  20  13  0.77 0.45
   35 L    -3   1  -1  -1  -1   0   1  -5   5   1   0  -1  -2   3  -2  -2   0   1   1   1    1   7   2   3   1   4  10   0  14   8  11   3   0  11   2   3   5   2   4   9  0.25 0.23
   36 L    -1   0   1   0   1  -1  -1  -1   0  -1   0  -1   1   2   2  -1  -1   0   2  -1    3   4   9   6   3   2   2   4   3   3  11   3   4  11  12   3   4   1   7   3  0.13 0.14
   37 D    -2  -1   3   6  -6  -4  -1   2  -5  -6  -6  -2  -6  -6   0  -1   0  -6  -6  -6    3   3  12  44   0   0   3  15   0   0   1   3   0   0   4   5   6   0   0   0  1.03 0.55
   38 D     1   1   1   3   0   0   0  -1   0  -1  -2   0  -2  -1   0   0   0  -3   0  -1   14   9   7  19   3   3   4   5   3   3   4   3   0   4   3   6   5   0   3   3  0.14 0.16
   39 S     0   3   0   0   1   1   0  -3   1  -1  -4   0   1  -4   0   3   0  -5  -4  -1    5  15   4   4   4   5   6   0   3   3   0   5   3   0   4  29   4   0   0   4  0.35 0.33
   40 K     1   2   3  -2   2   3   0   0  -2  -4  -3   1  -3  -5  -4   3  -2  -5  -4  -3   10   9  16   1   4  13   5   6   1   1   2   7   0   0   0  23   1   0   0   1  0.46 0.37
   41 L    -1   0  -4  -6  -5  -5  -6  -6  -3   1   5  -2   4  -4  -6  -4  -3  -5  -5  -1    5   4   1   0   0   0   0   0   1   7  63   3  10   0   0   1   1   0   0   4  1.15 0.60
   42 S    -1   6   0  -5   1  -2  -4  -2  -3  -6  -4   4  -3  -6  -1   0  -4  -7  -6  -6    5  41   4   0   3   1   0   3   0   0   1  28   1   0   3   7   1   0   0   0  1.14 0.63
   43 Y    -4  -2  -5  -7  -1  -4  -3  -7  -2  -4   0  -1  -5   3  -2  -4  -2   3   8  -3    1   3   1   0   1   1   2   0   1   1   8   4   0  10   2   1   3   3  57   2  1.67 0.81
   44 Y    -5  -6  -7  -7  -6  -6  -4  -5  -4  -2   3  -3  -4   4  -7  -6  -5   0   8  -2    1   0   0   0   0   0   1   1   0   2  24   2   0  16   0   0   1   1  48   3  1.71 0.81
   45 Y    -2   2  -3  -5  -1  -4  -3  -4   1   1  -2   1  -1  -1  -5   0  -1  -1   6   2    3  12   1   0   1   0   1   1   3   7   3   9   1   1   0   9   3   1  26  16  0.58 0.42
   46 P    -2  -1  -1   1  -5  -1   2  -1  -3  -3   1  -1   1  -1   5  -2   0  -5  -3  -2    2   3   2   7   0   2  15   4   1   1  12   3   4   3  30   2   5   0   1   3  0.52 0.37
   47 P    -1  -2  -1  -3  -2  -5  -2  -6  -6  -7  -5  -1  -6  -7   8  -4  -6  -7  -7  -6    6   2   3   2   1   0   3   0   0   0   1   4   0   0  73   1   0   0   0   0  2.20 1.00
   48 P    -1   1  -1   3  -3   1   1  -3   0  -2  -4   0  -4  -5   4   0   0  -5   0  -4    4   9   2  19   0   5   8   1   2   3   1   6   0   0  20   7   6   0   3   1  0.47 0.35
   49 L     0   0  -1  -2  -2  -2  -2  -4  -2   2   2  -2   0   0   1  -1   0   1  -2   1    8   6   4   2   0   2   3   0   1  15  22   2   1   4   7   5   5   2   1  10  0.18 0.18
   50 F    -2   0   3  -1  -6  -3  -1   4   1  -6  -6  -1  -3  -2   4  -2  -4  -6  -3  -6    3   5  16   3   0   1   4  34   4   0   0   3   1   2  19   3   0   0   1   0  0.81 0.50
   51 S     2  -5  -5  -5   0  -4  -3  -4   0   1   1  -2  -1   5  -3   1  -1   1  -1   0   19   0   0   0   2   0   2   1   2   7  14   2   1  27   1  10   3   2   1   6  0.54 0.37
   52 D    -4  -4   2   8  -2  -5  -2  -6  -2  -7  -7  -4  -7  -7  -1  -1  -2  -7  -7  -7    1   1  10  71   1   0   1   0   1   0   0   1   0   0   4   4   2   0   0   0  1.99 0.92
   53 L    -6  -6  -3  -7  -6  -6  -7  -7  -7   0   7  -7   1  -2  -7  -3  -6  -6  -1  -2    0   0   1   0   0   0   0   0   0   4  83   0   2   1   0   2   0   0   2   2  1.85 0.88
   54 N    -2   1   5  -2  -1  -1  -2   0  -2  -3  -2   0  -1  -2  -4   2   1  -6  -1  -3    3   7  31   2   1   2   2   8   1   1   5   5   1   2   1  17   7   0   2   2  0.54 0.42
   55 T     1   1  -1   2  -2   1   1  -2   1  -1  -2   2   0  -2  -3   0  -2  -4   1  -1   11   7   2  11   1   8  10   3   3   4   4  13   2   1   0   8   2   0   6   5  0.16 0.19
   56 G    -2  -1  -1  -2   1  -6  -2   7  -2  -7  -7  -3  -7  -7  -6  -3  -6  -7  -7  -7    4   4   3   2   3   0   3  75   1   0   0   2   0   0   0   2   0   0   0   0  1.85 0.92
   57 F    -4  -3  -3  -6  -1  -4  -6  -4  -1   1  -1  -2   0   6  -7  -2  -4   1   6  -1    1   1   2   0   1   1   0   2   1   9   5   2   3  32   0   4   1   1  30   3  1.25 0.67
   58 P    -2   0  -1   4  -6   0   4  -3   0  -6  -5   2  -3  -6   2  -1  -2  -6  -3  -3    3   4   3  19   0   3  30   2   2   0   1  14   1   0   8   5   3   0   1   2  0.69 0.49
   59 N    -2   1   2   3  -5   1   1  -2   0  -2  -4   1  -1  -2  -4   1   3  -5  -4  -3    3   6   9  19   0   5  10   3   3   3   2   9   2   2   0   9  16   0   0   1  0.40 0.34
   60 R    -2   2  -4  -4  -2  -3  -2  -3   0  -5  -3   0   1   7  -4  -1  -2   4   2  -1    4  12   1   1   1   1   3   2   2   0   2   7   3  37   1   4   2   6   7   5  0.89 0.58
   61 F    -2   0  -2  -2  -4   1   0  -3   0   3  -1   0   0   2  -2  -2  -2   0   3   1    2   6   2   2   0   6   7   2   2  18   5   7   2   9   2   2   2   1  11  11  0.25 0.25
   62 H    -1   1  -1   1  -5   2   1  -2   2  -2  -2   3   0  -2   1  -2  -2   0   0  -1    5   8   2   7   0  10   9   3   5   2   3  19   3   2   8   3   2   2   3   4  0.25 0.26
   63 P    -2   3   0   1   0  -1   0  -3   2  -2  -1   3   0  -2   2  -2  -2  -5  -1  -2    3  16   4   8   3   2   7   2   5   2   6  20   3   2   9   2   3   0   2   2  0.31 0.29
   64 P    -2   1   2   4  -1  -1   0  -3   0  -3  -3   1  -1  -1   3   0  -1   0  -2  -3    4   8   9  21   2   3   5   2   2   2   2   7   2   3  13   7   4   1   1   2  0.34 0.31
   65 K    -2   1   1   3  -5   0   3  -2  -1  -1  -3   2  -1  -2  -2   0  -2  -5   0  -3    4   8   6  16   0   4  22   3   1   4   3  11   1   2   2   6   2   0   3   2  0.36 0.32
   66 S    -1   1   2   1  -1   0   2   0   1  -2  -1   0  -3  -4  -2   1   0  -5  -1  -1    5   7   9   8   1   4  15   8   3   2   7   5   0   0   1  13   4   0   2   6  0.16 0.20
   67 D    -1  -1   0   3  -4   0   1   0   1  -1  -1   1   0   0  -1  -1  -1  -4  -1   0    6   4   4  18   0   3  11   8   3   4   5   8   3   5   3   3   3   0   2   6  0.14 0.16
   68 P    -1  -1  -1   2  -2  -2   1   1  -2  -1  -1   0  -1  -1   3   0  -1  -5  -1  -1    3   3   2  13   1   1  10  10   1   3   8   5   2   3  17   8   2   0   2   5  0.23 0.23
   69 D    -2   2   1   3  -2  -1   3   0   2  -2  -3   0  -2  -3  -3   0  -1  -5  -1  -3    3   9   7  17   1   2  20   6   4   3   3   5   1   1   1   7   3   0   3   2  0.33 0.30
   70 P    -1   0  -1   0  -1   0  -1  -1   3  -1   1   0   0   0   1   1  -1  -3   0   0    3   4   2   5   1   3   2   5  10   3  15   7   3   5   6  10   2   0   3   7  0.07 0.14
   71 I    -2   1  -2   2  -1  -1  -2  -3  -4   1   3  -1   1   2   0  -2  -2   0  -1   0    3   7   1  13   1   2   3   1   0   8  29   4   3   9   4   2   2   1   2   5  0.25 0.25
   72 S     0   0   1   2   0   0   1   0   2  -1  -2  -1   0  -3   0   1   0   1  -1  -1    7   4   6  13   2   3   9   9   5   4   4   3   3   0   4  11   4   2   2   5  0.08 0.12
   73 I     0  -3  -1  -1   2  -2  -1   0   1   1   1  -1   1   0   1   1   0  -3   0   0    8   0   3   4   5   0   2   7   4   9  18   3   3   4   7  11   5   0   3   3  0.07 0.13
   74 V    -2  -2  -2  -5   1  -4  -4  -5   0   2   4  -2   1   2  -1  -1  -1  -4   1   0    3   3   3   0   3   0   0   0   3  10  41   3   3   8   3   4   3   0   4   7  0.44 0.34
   75 K    -2   1  -1   0  -1   0  -1  -2   0   1   3   2   1   1  -4  -2  -2   0   1  -1    2   7   2   5   2   3   3   3   3   7  26  16   3   6   0   2   2   1   4   2  0.22 0.23
   76 D     1  -1  -1   3  -1   0   1  -1   2  -5  -3   0  -4  -3  -2   0   2   5   0  -3   14   4   3  17   1   3   8   4   6   0   3   6   0   1   2   7  11   8   3   1  0.34 0.32
   77 V     1  -2  -1  -3   1  -2  -2  -2  -1   2   0  -2   1   0  -2   0   1   5   1   0   15   2   2   1   3   1   3   2   2  14   9   3   3   4   2   7   9   7   5   6  0.20 0.21
   78 L    -1  -1  -1  -1  -3   0  -1  -1   0   2   2  -1   2   0  -1  -1  -1  -3   0   0    5   3   3   3   0   6   3   6   3  18  18   5   5   4   3   3   3   0   3   5  0.09 0.13
   79 T    -1   0   0   0   2   0   0  -1   2   0  -1   0   1   0  -3   0   0   3   1   0    5   5   5   5   5   5   5   5   5   5   5   5   5   5   0   5   5   5   5   5  0.06 0.10
   80 K     0   1   0   1  -2   1   1  -2   4  -3  -2   2  -2  -2   1  -1   0   2   0  -3    9   8   5   7   1   5   7   3  10   1   3  14   1   2   8   4   6   3   3   1  0.22 0.21
   81 G    -1   1   1   0  -3   0   1   0   2   0   0   0  -1  -1   0  -1   0   2   1  -1    5   9   6   4   0   3  11   8   6   5   8   6   1   1   5   4   4   3   6   5  0.06 0.09
   82 I    -2   1   0  -2  -1   1   3  -4  -1   1   1   1   1  -1  -3  -2  -1   4  -3   0    2   6   6   1   1   5  21   0   1   7  14  10   4   3   1   2   4   6   0   5  0.26 0.25
   83 Q    -1   2  -2  -1  -1   3   2  -2   0  -2   1   2  -3  -3  -2   0  -2  -5  -2  -2    3  13   1   2   2  17  13   3   2   2  14  13   0   1   1   6   2   0   1   3  0.30 0.28
   84 N     0   2   3   2  -4   0   1  -1   1  -4  -3   1  -1  -2   0   1  -1  -4  -3  -3    8  11  17  15   0   3   6   4   4   0   2  10   2   2   3  10   3   0   0   0  0.29 0.23
   85 S     2  -1   0  -2   0  -1   0   1   0   0  -1  -1   0   1  -1   0   1   3   0   0   19   4   4   0   2   0   6   9   2   4   4   3   3   7   3   8   9   4   3   6  0.08 0.11
   86 S     0   1   1   3  -3   0   1  -1   2   0  -2   1  -2  -1  -2   1   0  -3  -2  -1    7   8   6  23   0   4   6   4   6   8   1   9   0   3   0   9   4   0   0   3  0.19 0.15
   87 F    -1   0  -2  -3   1  -2  -2  -3   2   2   0   0   1   3  -3  -2   0  -2   1   2    4   6   0   0   4   0   0   1   6  14   7   7   4  15   0   1   5   0   4  20  0.17 0.16
   88 L    -1  -2  -2  -3   1   0  -2  -3  -2   2   1   1   1   0   1  -1   0  -2   0   2    4   0   0   0   4   4   0   0   0  19  12  12   4   5   6   4   4   0   4  16  0.13 0.14
   89 T     1  -3   0   0   5  -2  -1   0  -3   0  -1  -3   0  -3  -3   1   3  -4  -3  -2    9   0   4   6  14   0   4   8   0   6   6   0   2   0   0  12  26   0   0   0  0.37 0.29
   90 W    -1   1   0  -1  -1   0   0  -2   0  -2  -1   0  -1   2  -1   0   2   6   1  -2    6   9   5   4   2   4   4   3   2   2   6   4   1   9   3   6  14  13   3   0  0.23 0.18
   91 R    -1   6  -2  -3  -4   2   0  -4   1  -4  -4   2  -3  -4  -1   0  -1  -4   0  -4    5  51   0   0   0   7   4   1   3   0   1   9   0   0   4   5   4   0   3   1  0.84 0.43
   92 G    -1   0   1   0  -3   0   2   3   2  -1  -2   0  -2  -3  -1   0   0   1  -1  -3    3   5   7   4   0   3  13  29   7   5   3   5   0   0   3   4   5   2   2   1  0.25 0.18
   93 L     0  -2   1  -2   2   1  -2  -3   2   0   0  -2   2   1   1   0   0  -2   1   0    7   0   7   0   7   7   0   0   7   7   7   0   7   7   7   7   7   0   7   7  0.11 0.15
   94 I    -1   0  -3  -3   3   0  -3  -3  -3   1   3  -1   3   2  -3  -2   0  -2  -2   1    5   5   0   0   8   5   0   1   0   7  29   5  12   9   0   1   5   0   0   8  0.27 0.20
   95 T     0   1   0  -2   1   0   0  -2  -1  -1  -1   0  -1  -3  -1   0   4   0  -2   0    5   9   4   2   3   3   7   2   2   3   5   6   1   0   3   6  30   1   1   7  0.21 0.23
   96 K    -2   3  -1   1  -1   0  -1  -4  -1  -1   0   4   1  -1  -3  -1  -1  -4  -3  -2    2  16   2   7   1   3   2   0   2   3  11  35   3   2   0   2   4   0   0   2  0.42 0.32
   97 I     0  -2  -2   0   2  -1   0   0  -2   0   0   0   1   1  -2   0   0  -2   1   0    7   0   0   7   7   0   7   7   0   7   7   7   7   7   0   7   7   0   7   7  0.04 0.10
   98 C     0  -3   0  -1   5  -1  -1  -1   0  -1   0   0   3   0  -3   1   0   2   0  -1    9   0   4   3  16   3   3   3   3   4   7   6   9   3   0   9   7   3   3   3  0.22 0.21
   99 A     3  -1  -3  -3   2  -1  -1  -1  -1   0   0  -2   2  -5  -2   1   3  -5  -4  -1   26   4   1   1   4   2   3   5   1   4   8   2   6   0   2   8  19   0   0   3  0.36 0.34
  100 P     2  -3  -2  -5  -5  -2  -5  -3  -2  -1  -2  -2   0   1   6   1   0  -6  -2  -2   15   1   2   0   0   2   0   2   1   3   4   3   2   7  36   9   6   0   1   3  0.79 0.54
  101 L    -1  -3  -5  -2   0  -3  -4   0  -4   0   0  -2  -1   5   2  -3  -5   1   6  -2    6   1   0   2   2   1   1   7   0   4   9   2   2  20   9   2   0   2  26   3  0.73 0.47
  102 D    -2  -1   2   2  -2  -1   3   0  -2   0  -3  -3  -2   2  -3  -1  -4  -4   4  -3    4   4  10  13   1   2  18   7   1   6   3   1   1   9   1   5   0   0  13   2  0.37 0.33
  103 P    -2   2   2   1  -1   1   1  -2   1  -2  -2   1  -1  -1   1   1   0  -2   1  -3    2  12  11   8   2   5   8   3   4   2   5   8   2   3   7  10   5   1   4   1  0.17 0.18
  104 R    -2   4   2  -1  -1   2  -1  -2   1  -1  -2   3   0  -1  -2  -1  -1  -2   0  -3    3  23   9   3   1   8   3   3   3   4   4  16   2   3   2   4   4   1   3   2  0.33 0.29
  105 N    -2   1   3   4  -1   1   3  -2  -1  -3  -3  -1  -3  -1  -3  -1   1  -5  -2  -2    3   6  14  20   1   5  17   3   2   1   2   3   1   3   1   5   7   0   2   3  0.41 0.33
  106 H     0   0   1   2  -5  -1   0   2  -1  -3  -3   1  -4  -1   3   0  -1  -5   0  -3    6   5   7  11   0   3   6  17   1   2   2   8   0   3  13   8   4   0   3   2  0.27 0.24
  107 W    -2  -2  -2  -4   0  -4  -4  -5  -2   1   0  -3  -2   4  -3  -3  -4   9   1   1    3   3   2   1   2   1   1   1   1   8  11   2   1  17   2   2   1  29   4   9  1.18 0.64
  108 E    -1   0   1   0   2   1   2  -1   1   1  -1   0   0  -3  -1  -1   0   3   0  -1    5   5   9   5   5   6  13   4   3   9   5   5   3   0   3   4   6   4   3   4  0.09 0.14
  109 T     0  -1   0  -1   1  -1  -1  -2  -3   1   1  -1   4   0  -1  -1   0  -3   0   0    9   3   5   3   3   3   4   3   0   9  15   4  12   4   3   4   5   0   4   7  0.10 0.14
  110 Y     0  -1   3  -1  -1  -1  -1  -1   1  -1   1  -1   2   1  -3  -1  -1   0   3  -1    9   3  15   3   1   3   4   6   4   3  12   3   6   6   1   4   3   1  10   3  0.16 0.18
  111 L     3  -2  -3  -5  -2  -2  -3  -3   1   1   1  -2  -1   0  -5  -1  -2  -5   1   3   25   2   1   0   1   2   2   2   3   8  12   3   2   3   0   5   2   0   5  21  0.40 0.32
  112 V    -2  -3  -2  -5   0   0  -1  -4   2   2  -1  -2   3   2  -5   0   2  -5   1   3    2   1   2   0   2   4   4   1   6  11   4   2   6   7   0   7  15   0   4  21  0.40 0.32
  113 D    -1   3  -2   0   1   0   0  -4   1  -2   0   2   0   1  -2   0  -1   0   1  -2    5  17   2   7   3   3   5   0   3   3   9  15   3   5   1   8   4   1   4   2  0.22 0.22
  114 P    -1   0   0  -2   0  -2   0  -1   1  -1   0   0   0   4  -1  -1  -2   1   4  -1    4   5   4   2   3   1   6   6   3   3   8   7   2  16   3   5   3   1  13   5  0.20 0.19
  115 T    -2   2   3   2   0   3  -1  -1   1  -3  -4   1  -4   0  -2  -1  -1  -5   0  -2    2  12  16  12   2  13   4   5   3   2   2   7   0   4   2   5   4   0   4   3  0.36 0.31
  116 S    -2  -2   2   2  -1   0  -1   4  -2  -1  -2  -1  -5  -6  -3   1  -2  -6  -6  -3    2   2  11  12   1   4   5  35   1   4   4   3   0   0   1  10   3   0   0   2  0.58 0.41
  117 G    -2  -2  -2  -3   2   1  -1   1   0  -1  -2   0  -2   0  -3   0   4   1   0   1    2   2   2   1   5   8   4  13   2   3   3   6   1   3   1   7  24   2   3   8  0.30 0.30
  118 I    -3  -3  -3  -6  -1   0  -2  -5  -2   5   2  -2   1  -1  -4  -4  -1  -1   1   1    2   1   2   0   1   5   3   1   1  36  20   2   4   3   1   1   3   1   4  10  0.68 0.46
  119 I    -2  -3  -3  -4  -2  -2  -1  -4   0   1  -2  -3  -1   5  -6  -2  -4  -1   7  -1    3   2   1   1   1   2   4   1   2   9   3   2   1  24   0   3   1   1  35   4  1.15 0.68
  120 E    -2  -3  -2  -1  -4   0   1  -4   1   4   3   0   2   0  -4  -2  -2  -1  -1  -2    3   1   2   4   0   4   9   1   3  23  25   5   6   3   1   2   1   1   2   1  0.39 0.33
  121 E    -3   1   1   1   5   0   4  -5  -2  -3  -2   1  -1  -4  -4   0  -2  -2  -3  -3    1   7   7   6  11   4  30   0   1   2   4   9   2   1   1   8   2   1   1   2  0.58 0.45
  122 R    -1   1   1   1  -3   2   4  -3   1  -3  -2   1  -1  -3  -2   0  -2  -5  -3  -1    4   9   7   8   1   8  26   1   3   2   5  10   1   1   2   5   2   0   1   4  0.39 0.34
  123 T    -1   1   1  -1  -1   2   1  -2   2  -1  -2   1  -1  -2   1  -1   1  -4   0   1    4   6   8   3   2   9   9   3   5   2   4   7   2   2   8   4   8   0   3  11  0.12 0.16
  124 R    -1   3   0  -1  -2   2   2  -2   2  -2  -2   2  -1  -2   1  -1  -1  -5  -1  -1    5  15   5   3   1   8  12   3   4   3   4  14   2   2   6   4   3   0   2   5  0.23 0.23
  125 S    -1   1   1   0  -2   0   1  -2   0  -4  -2   2   0  -3   0   1   2   2   0  -2    6   9   5   5   1   4   9   3   2   0   3  11   3   1   5  11  14   3   3   2  0.20 0.23
  126 E    -1   1   1   1  -5   2   3  -2   0  -3  -4   1  -1  -2   3  -1  -1  -1  -2  -2    4   6   6   8   0   8  17   3   2   2   2  10   2   2  14   5   4   1   1   3  0.31 0.29
  127 T     1   1   0   0  -4   1   1   0   0  -2  -2   1   1  -1   2   0   0  -1  -1  -2   10   8   4   4   0   7  10   6   2   2   4   8   4   3  11   6   6   1   2   2  0.14 0.17
  128 S     1   0   2   2  -4   1   0   0  -1  -2  -3  -1  -4  -3   1   2   1  -5  -2  -3   11   4   9  11   0   6   7   8   2   3   3   4   0   1   6  15   8   0   1   1  0.22 0.24
  129 Y    -1   2   0   1  -2   1   1  -1   2  -2  -2   0   1  -1   2   0  -2   1   0  -2    6  14   4   9   1   6  10   4   4   2   4   4   3   2  11   6   2   2   3   3  0.17 0.19
  130 A     0   2   1   0  -1   0   0  -2  -1  -1  -1   1   1  -2   2   1  -1   0  -2  -2    9  14   7   6   1   4   5   2   2   3   5   8   3   1  11   9   3   1   1   3  0.16 0.18
  131 N    -1   0   1   1  -4   2   1  -1   1  -1  -2   0   0   0   0   0   0   4   1  -1    4   5   8   7   0  12   7   4   4   4   4   5   3   3   4   7   5   6   5   4  0.13 0.16
  132 Q     0   0   1   0  -3   1   0   0   2   0  -1   0   1  -2   1   0   0  -2   1   0    6   6   6   6   0   6   6   6   6   6   6   6   6   0   6   6   6   0   6   6  0.05 0.08
  133 D    -1   3  -1   2  -2   1   2  -3  -1  -3   0   1   1  -4  -1  -1  -1  -4  -2  -1    5  15   3  11   1   7  14   1   2   1  11  10   5   0   3   2   4   0   1   5  0.23 0.22
  134 R    -1   2   1   1  -2   2  -1  -1   0   0   0  -1   5  -1  -2   0  -1  -4  -1  -2    5  12   6   7   1   8   3   4   2   5   9   3  18   2   1   7   3   0   2   1  0.25 0.25
  135 C     1   0  -1  -2   4   0  -1   0  -2  -1   0  -1   3   0  -1   1   0  -1   0  -2   11   5   2   2  10   4   3   7   1   4   9   4   9   3   3  12   6   1   3   1  0.11 0.13
  136 Y    -1  -2   0  -1  -4   0  -4  -3   0  -3  -1  -2  -2   3  -2   0   0  -2   7  -2    4   2   4   3   0   4   1   2   2   1   6   2   1  11   2   6   7   0  38   2  0.81 0.44
  137 W     0   0  -2  -2   0  -2  -2  -1   1  -3  -3  -3   0  -1  -1   1   0   8   3  -1    8   6   1   2   2   2   3   4   4   1   2   1   3   2   3  13   6  23  11   4  0.67 0.37
  138 G     0  -3  -3  -3  -1  -1  -1   5   0  -4   0  -2   0  -4  -1  -1  -2  -4  -4  -1    6   0   0   0   1   3   5  53   2   0   9   2   3   0   3   5   2   0   0   4  0.71 0.38
  139 Y    -2   2   0  -2  -2  -2  -1  -3   0  -1  -1   1   1   3   0  -1  -2   0   5  -2    3  15   4   2   1   0   2   2   2   3   4   9   4  12   5   4   2   1  24   2  0.37 0.27
  140 K     1   2   1  -3   1   0  -1  -2   1  -4  -4   5  -3  -4   0   0  -1  -4  -2  -2   15  11   7   0   3   3   2   2   3   0   0  36   0   0   3   6   3   0   1   3  0.49 0.34
  141 F    -1  -5  -5  -5   2  -5  -5  -5  -4  -1   2  -5  -2   7  -1  -4  -1  -3   1  -1    5   0   0   0   4   0   0   0   0   3  19   0   0  51   4   0   4   0   4   3  1.10 0.52
  142 E    -1   2  -3  -1  -5   1   5  -4   1  -2  -2   2   1  -5  -4  -2  -3  -5  -4  -2    4  12   0   3   0   5  45   0   4   2   3  11   5   0   0   2   0   0   0   4  0.75 0.46
  143 A    -1   0   0   0  -4   4   0  -2   3  -2  -3   1   1  -4  -1   1   2  -4  -3  -2    5   4   4   5   0  22   5   2   8   2   1   7   4   0   3   9  16   0   0   2  0.35 0.29
  144 I    -1   0  -2  -3   2  -3  -2  -2   1   0   2  -2   2   2  -4  -2  -1   2   4  -1    6   5   2   1   4   0   3   3   4   6  21   1   5   7   0   1   5   3  20   3  0.28 0.23
  145 S     1  -1  -3  -2   4  -1   0  -3  -3   1   0  -2   3   0   1   1  -1   0  -2   0   11   4   0   2  10   2   6   0   0   8  10   1   9   3   7  15   2   1   1   7  0.19 0.19
  146 T    -3  -1  -3  -4   1  -3  -4  -2  -1  -2   1  -2  -2   2  -1   0   6   2  -2  -1    1   3   0   0   3   1   0   3   2   1  12   2   1   8   3   5  48   2   1   4  0.71 0.48
  147 L     0  -1   0  -1   1  -1   0  -2   0   1   1   1   0  -1   0   1   0  -1  -2   0    7   3   4   2   3   2   7   2   3   8  16  11   1   2   3  13   4   1   0   8  0.05 0.09
  148 P     0   0   0   3  -3   0   1  -2  -3  -2   0  -1  -2  -2   3   0  -1  -4  -2  -2    9   5   4  20   0   4   7   3   0   2  13   2   0   1  15   8   3   0   1   1  0.27 0.22
  149 E    -1   2   0   0  -1   2   1  -2   0  -1  -2   2   0  -2   0   0   0  -3  -2  -2    5  12   5   6   1   9   9   3   2   3   4  15   2   2   4   7   7   0   1   2  0.18 0.16
  150 I     0   0   0  -2  -4   0  -1  -2  -3  -1  -1  -1  -1  -1   5  -1   0  -4  -3  -1    9   4   5   2   0   5   4   3   0   3   6   4   2   3  34   5   5   0   1   4  0.53 0.32
  151 W    -1  -1   0   0  -1   0   0   1   0  -2  -1  -1   0   1   1   0  -1   6   1  -1    5   4   6   5   1   4   5   9   3   2   7   3   2   5   6   8   4  13   4   4  0.21 0.15
  152 D     1   1   0   2   1   1   1   0   0  -2  -1   0  -1  -1   0   1  -1  -3  -2   0   11   8   5  14   3   5   7   5   2   2   5   4   2   3   5   9   2   0   1   8  0.10 0.10
  153 A     0   0   0   1  -1   0   1   0   1  -1  -1  -1   1   0   2   0  -1  -1   0  -1    8   6   3   8   2   3   9   6   4   4   6   3   5   4  10   9   2   1   4   3  0.07 0.07
  154 C     0  -1   0  -1   3  -1   1   0   0  -1  -1   0   0  -1   1   0   2   2  -1  -1    6   3   4   2   6   2   8   6   2   3   7   5   2   3   8   6  14   3   2   5  0.10 0.13
  155 S     0   1   1   2  -4   0   0  -1   1  -3  -2   0   0  -1   1   1   0  -4   0  -1    7   8   5  14   0   4   4   5   3   0   4   6   3   3   6  14   7   0   4   5  0.14 0.17
  156 R     0   0   0   0   2   0   0  -1   1   0  -1   0   1   0   0   0   0  -2   1   0    5   5   5   5   5   5   5   5   5   5   5   5   5   5   5   5   5   0   5   5  0.03 0.05
  157 D     0  -1  -1   2  -1   0   3  -1   1  -2  -2   1  -1  -2   2   0  -1  -3  -3  -2    8   3   2  12   1   3  20   4   4   2   3   9   1   2  11   7   4   0   1   2  0.25 0.20
  158 Q    -1   0   1   1  -1   1   2   1   0  -2  -1   0  -2   0  -1   0   0  -1   1  -1    5   4   6   8   1   6  13  11   2   2   5   6   0   4   3   5   6   1   6   5  0.08 0.09
  159 I     0  -1  -2  -2   1  -1  -1   2   1   3   0  -1  -1  -2  -1   0  -1  -3  -1   0    6   4   2   2   3   2   4  16   5  21  11   3   0   1   3   7   3   0   2   4  0.14 0.15
  160 E    -1  -1   0   2  -3   1   4  -1  -2   0  -2   0  -1  -3   1  -1   0   0  -1  -1    4   3   4  10   0   5  29   5   0   5   3   5   2   1   6   4   6   1   2   4  0.30 0.24
  161 Q     0  -1   1  -1  -1   0   1   1   1  -2  -3   1  -1  -4   4   0  -1  -4  -2  -2    6   3   8   2   1   5   8  11   3   2   3   9   1   0  22   8   3   0   2   3  0.33 0.25
  162 R    -1   4   1   2   0   0   0   0   0  -1  -3   1   1  -2   0  -1  -2  -1  -2  -2    4  25   7  11   2   3   5   8   2   5   2   6   3   2   4   4   2   1   1   2  0.29 0.25
  163 D    -2  -2   0   2  -4   0   2  -2   3  -2  -1  -1  -1  -1   3  -1   1   3  -1  -1    3   2   4  12   0   4  13   3   6   1   6   4   1   2  14   4  10   5   2   4  0.26 0.24
  164 N    -1   0   2   2  -1   0   1   0   2  -1  -2   1  -3  -2  -2   1   1  -4  -1  -2    3   4  10  12   2   4   9   8   6   3   3  10   0   1   2  12   7   0   2   3  0.18 0.18
  165 Q     0   0   1   0  -4   2   2   2   0  -2  -2   1  -3  -2   0   0   0   0  -3  -1    6   5   6   5   0  10  14  16   3   2   4   7   0   1   4   8   4   1   0   4  0.19 0.19
  166 D     0  -2  -1   2  -1   0  -1  -2   1   1  -2  -1  -1  -3   4  -1  -1  -4  -2   2    6   2   2  10   1   4   4   3   3   8   3   4   1   1  23   4   4   0   1  14  0.33 0.27
  167 V    -2  -5  -3  -3   0  -3  -5  -2  -6   1  -1  -2   1  -2  -2  -1  -1  -6  -5   6    4   0   1   2   2   2   0   3   0   7   4   3   3   2   3   5   4   0   0  55  0.95 0.58
  168 V    -4  -1   6   3   2  -1   0  -2   0  -2  -3  -2  -4  -5  -3   1  -1  -5  -5  -2    1   4  38  16   5   3   4   3   2   3   2   1   0   0   1  10   4   0   0   3  0.76 0.48
  169 P     0  -2   4  -1   1  -1   2  -2  -1  -4  -1  -1  -2  -3   0   0   3  -4  -2  -2    9   1  23   2   3   1  14   3   2   0   6   3   1   1   4   6  18   0   1   3  0.36 0.32
  170 D     0   0   5   0   1  -1  -2   0   3  -3  -2   1  -1  -3  -4   0  -1  -5   0  -2    7   4  32   5   3   2   1   8   7   1   4  10   2   1   0   5   3   0   3   2  0.46 0.35
  171 E     2  -2   0   0  -2  -1   4   0   0  -1  -2   0  -2  -3  -1   0  -2  -4  -4   2   15   1   5   5   1   1  26   6   2   3   2   4   1   1   3   7   1   0   0  15  0.27 0.28
  172 Q     0   1  -1  -2   1   5   4  -3  -2  -3  -3   0  -4  -2  -4  -1  -2  -5  -3  -2    8   7   2   1   3  30  23   2   1   1   3   5   0   2   0   4   2   0   1   3  0.63 0.46
  173 Y    -5  -5  -4  -4  -2  -3  -3  -6   0  -3  -1  -3  -4   6  -4  -3  -3   7   6  -2    0   0   1   1   1   1   2   0   2   1   5   2   0  36   1   2   2  12  29   2  1.51 0.72
  174 C     0  -1   0  -3   8  -4  -4  -3   1  -1  -3  -1  -2  -1  -5  -1  -2   0   3   0    7   3   4   2  37   0   0   2   3   4   2   4   1   3   0   5   2   1  12   5  1.00 0.53
  175 S     1  -3  -1  -4   3  -3  -3   1  -3  -1  -3  -4  -3  -5  -4   5   2  -5  -3  -1   11   1   3   0   6   1   1  12   1   4   2   0   1   0   0  39  12   0   1   5  0.63 0.48
  176 I    -2  -6  -4  -6  -5  -6  -6  -4  -6   3   0  -6   2  -3  -6  -2  -2  -6  -2   6    2   0   1   0   0   0   0   1   0  17   8   0   4   1   0   3   2   0   1  58  1.25 0.67
  177 V    -3  -5  -4  -6  -5  -5  -5  -6   0   2   1  -5   2   5  -3  -2  -2  -4   0   5    2   0   1   0   0   0   0   0   2   9   9   0   6  22   2   3   2   0   3  40  0.91 0.53
  178 K    -3   5  -1  -3  -2   1   0  -5   1  -5  -4   4  -1  -3  -4   1   0  -5  -2  -3    1  31   2   1   1   6   7   0   3   0   1  22   2   1   0  12   6   0   1   1  0.74 0.49
  179 I     0   0  -1  -4   0  -3  -3  -1   1  -2  -3  -3   1   1  -4   2   5  -2  -2  -1    9   5   3   0   2   1   1   4   3   2   2   0   4   6   0  15  38   1   1   3  0.56 0.45
  180 N    -2   2   2   0  -1   0  -1   2  -1  -3  -3   3  -4  -3  -4   2   0  -5  -2  -3    2  13  12   5   1   3   2  17   1   1   2  18   0   1   0  14   6   0   1   1  0.39 0.32
  181 I    -3  -3  -2  -5   0  -4  -3  -6  -5   4   4  -4  -1   1  -3  -4  -2  -4   0   1    2   1   2   0   2   0   2   0   0  22  48   1   1   7   1   1   1   0   3   6  0.79 0.45
  182 G     0  -3   2   0   0  -1   1   5  -2  -5  -4  -1  -3  -3  -4  -2  -3  -5  -3  -5    6   1  11   6   2   2   9  49   1   0   2   4   0   2   0   2   1   0   1   0  0.82 0.47
  183 K     0   0   3   2  -4   0   0   2  -1  -4  -4   2  -2  -3  -1   2  -1  -3  -4  -4    6   5  14  12   0   3   5  16   1   0   0  13   1   1   3  14   3   0   0   0  0.35 0.28
  184 S    -2  -3   1  -1   0  -1  -3  -4   6   3   0  -1   0   1  -3  -1   1  -4   1   0    1   1   8   3   2   3   1   0  21  16   7   3   2   6   1   4  11   0   4   5  0.41 0.32
  185 K    -2   5   1  -2  -2  -1  -2  -1   0  -2  -3   3  -2  -5   1   2   0  -5  -4  -2    1  28   6   2   1   2   1   4   2   2   2  18   1   0   6  16   5   0   0   2  0.52 0.38
  186 L    -1  -2  -2  -2  -2   0  -1  -3  -2   2   2  -2   2   0  -2  -1   0  -2  -1   2    4   1   1   1   0   4   4   1   0  20  30   1   6   4   1   4   4   0   0  13  0.17 0.09
  187 I    -1  -2  -3  -3   3  -2  -3  -3   0   2   2  -2   2   1  -3  -2   1  -2   0   2    1   0   0   0  10   0   1   1   4  18  23   0   5   5   0   1  10   0   4  16  0.22 0.12
  188 L    -2  -3  -3  -3   2  -2  -3  -1  -1   1   2  -3   2   2  -3  -2  -1  -1   4   1    1   0   0   0   5   0   1   5   0  11  26   0   8  11   0   1   4   0  20   6  0.27 0.14
  189 A     1   0   1   0   0   0   0   3  -2  -3  -3  -1  -2  -3  -1   1   0  -3  -3  -1   17   4   5   4   3   2   5  31   0   0   1   2   0   0   2  12   5   0   0   4  0.28 0.13
  190 G     3  -2  -1  -2   3  -2   0   4  -2  -3  -3  -2  -2  -1  -2   1   0  -3  -2  -2   31   0   0   0   7   0   5  31   0   0   1   0   0   3   0  13   5   0   0   1  0.42 0.19
  191 E    -1   0  -1   1  -4   1   6  -2   1  -4  -4   0  -3  -4   1  -1  -2  -4  -3  -3    2   5   0   3   0   2  63   3   4   0   1   3   0   0   8   2   1   0   0   1  0.77 0.30
  192 V    -1  -3  -2  -3  -2  -3  -3  -3  -3   3   0  -3   4  -2   0  -2  -1  -3  -2   4    4   0   3   0   0   0   1   2   0  23   3   1  14   0   4   1   3   0   0  40  0.46 0.24
  193 D    -2  -1   0   5  -4   1   0   0  -1  -2  -2   0  -3  -3   2  -1  -1  -4  -3  -3    2   3   1  50   0   8   1   6   1   2   4   5   0   1  10   2   2   0   0   1  0.61 0.26
  194 C     3  -3   0  -3   6  -2  -2   2  -3  -2  -2  -2  -2  -3  -2   0   0  -3  -3   0   33   1   4   1  26   0   1  15   0   1   4   1   0   0   1   3   4   0   0   6  0.51 0.23
  195 I     0  -1  -2  -2   3  -1   0  -2  -2   3   0  -1   2   0  -2  -1   0  -2   0   2    5   2   2   1   7   2   7   2   0  22   7   5   6   2   1   2   4   0   3  19  0.13 0.11
  196 W    -1   0   1   1   0  -1   0  -1   0  -1  -1   0   0   1  -2  -1   0   6   2  -1    5   4   7   9   2   2   5   3   2   5   4   6   2   8   1   4   5  15   7   3  0.22 0.11
  197 D    -1  -1   1   4  -1  -1   1   0  -1  -2  -2   0  -2  -1   2   1  -1  -3  -3  -1    4   3   6  24   1   2   7   6   1   2   3   6   0   2  11  10   2   0   1   6  0.27 0.16
  198 K     0   1   0   0   0   0   1   0   0  -1  -1   1  -1   0   1   1   0  -1   0  -1    5   7   5   6   3   5   8   7   1   2   4   7   1   4   6  10   7   1   5   4  0.06 0.05
  199 K     0   0   1   0  -2   1   1  -1  -1   0  -2   3  -1  -1   0   1   0  -3  -1   0    6   4   6   4   1   5   9   4   1   6   2  23   1   3   4   9   4   0   3   7  0.13 0.11
  200 P     0  -1  -1   2  -1   0   0  -1   0  -2  -3  -1  -3  -2   5  -1   0  -3   0   0    8   2   3  13   1   4   5   5   2   1   2   3   0   2  31   3   5   0   3   6  0.48 0.23
  201 C     0  -1   0   1   0   0   1  -1  -1   0  -1   0  -1   0   0   2   0  -1  -1   0    7   2   3   8   2   3  10   5   1   5   6   4   2   3   4  16   6   1   2   8  0.06 0.09
  202 S     0   0   1   1  -3   0   0   1  -1  -1  -2   0  -3  -2   0   0   2  -1   0  -2    6   5   7   9   0   4   7  13   1   4   3   7   0   1   6   7  13   1   4   3  0.13 0.14
  203 E    -1   0   1   2   1   1   1  -1  -1  -2  -2   2  -3  -1   2   0   0  -4  -1  -2    5   5   6  13   3   8   8   4   1   2   5  12   0   3  10   5   7   0   2   2  0.18 0.17
  204 N    -1  -2   1   4  -5   0   0   1   0  -3  -1   0   0  -3   2   0  -1  -5  -2  -3    4   2   8  23   0   4   6  10   2   2   5   6   2   1  10   8   3   0   1   2  0.31 0.26
  205 P     0  -1   3   2  -5   0   0   1  -1  -3  -3   0  -1  -5   4   0  -2   1  -2  -2    6   4  13  10   0   4   5  11   1   2   3   6   1   0  18   8   2   2   2   2  0.35 0.29
  206 N    -1   1   2  -2  -1  -1  -1  -3   0  -2   1  -1  -1  -1   4   0   1  -5  -3  -3    6   7  10   2   1   2   4   2   2   2  15   4   1   2  22   6   8   0   1   1  0.33 0.29
  207 L    -1   1  -1   0   1   0   1   0  -2   1   0   0  -1  -2   0   0   0   1  -2  -1    5  10   3   5   3   4  10   7   1  10   8   6   1   2   5   8   7   2   1   3  0.06 0.10
  208 H    -2   1   3   1   1  -1   1   0   4  -2  -3  -1   0   1  -2   0  -1   1  -1  -2    2   7  18   6   3   2  10   6  11   2   3   3   3   5   2   6   3   2   2   3  0.26 0.23
  209 Y    -5  -2  -2  -2   2   0  -2  -2   2  -2  -2  -1   0   4  -2  -5  -2   5   7  -1    0   2   2   2   4   5   2   3   5   2   3   4   3  13   2   0   2   7  32   5  0.83 0.49
  210 V    -1  -1  -5  -5   3  -5  -2  -2  -5   3   0  -5   2  -1  -5  -4   1  -5   0   5    4   3   0   0   5   0   3   3   0  17   7   0   5   3   0   0   9   0   3  35  0.65 0.41
  211 E    -6  -1   0  -1   1  -2   7  -6  -5  -7  -6  -1  -2   1  -6  -3  -5  -7  -6  -3    0   4   4   4   3   1  68   0   0   0   0   4   1   5   0   2   0   0   0   3  1.67 0.87
  212 L    -3  -6  -3  -7  -2  -2  -6  -4  -6   1   6  -6   0   1  -7  -6  -2  -6  -5  -1    3   0   1   0   1   2   0   2   0   7  68   0   1   6   0   0   2   0   0   4  1.35 0.68
  213 K    -3   1  -3  -3  -7   0  -2  -6  -6  -3  -3   7  -6  -7  -6  -3  -6  -7  -6  -3    2   7   1   2   0   4   3   0   0   2   3  72   0   0   0   2   0   0   0   2  1.85 0.97
  214 T    -2  -3  -2  -4   4  -5  -3  -6  -6  -3  -2  -6  -2  -2  -4   1   7  -7  -6  -1    3   1   2   1   8   0   2   0   0   2   4   0   1   2   1   8  61   0   0   4  1.46 0.86
  215 S    -1   1   0   0  -2   0  -1  -3  -1  -2  -4   0   1   0  -3   4   3  -5  -2  -3    5   8   4   5   1   5   3   1   2   3   1   4   4   4   1  31  15   0   2   1  0.44 0.40
  216 K     1   3   0  -2  -2   1  -1  -3  -2  -2  -1   3   0  -3  -1   1   0  -5  -3  -2   12  18   3   2   1   5   3   2   1   2   7  20   3   1   3  10   5   0   1   3  0.31 0.28
  217 K    -1   0   0   0  -4   2   2  -1   2  -1  -1   1   0  -4   0  -1   0  -4  -2   0    5   5   4   6   0  11  16   4   5   4   5  10   3   0   4   4   5   0   1   8  0.18 0.19
  218 Y    -1   1  -2  -3  -4  -1  -2   0   3   3   1   0   2  -1  -1  -2  -2   0   1   0    4   7   1   1   0   2   2   8   7  18  16   5   7   3   3   2   2   1   4   6  0.18 0.19
  219 P    -3   2   1   2  -1   4   0  -2   1  -3  -2   1  -1  -3   0   0   0   0  -4  -2    1  11   7  11   2  19   6   3   3   1   5   8   2   1   6   6   6   1   0   3  0.32 0.32
  220 L    -2   0   3   1  -4   1   1  -2   3  -1  -1   0   0  -1  -1   0   1   3   1  -1    3   5  14   6   0   5   9   3   6   3   5   5   3   2   2   5   8   5   4   4  0.17 0.19
  221 E     0   1   1   1  -2   1   2  -1   2  -1  -3  -1  -3  -2   1  -1  -1   1  -2  -2    8   9   8   9   1   6  16   5   5   5   2   3   0   2   8   4   2   2   1   3  0.20 0.22
  222 N     0   2   4  -2  -5  -1  -1  -1   1  -1  -2   1  -2  -2  -2   2   1  -1  -2  -3    6  10  22   2   0   3   3   4   3   4   3   8   1   2   2  16   9   1   1   2  0.35 0.33
  223 Y    -3   0   0   3  -5   0  -1  -3   1  -2  -2   0   1   5  -2  -3  -4   4   2  -3    2   4   5  15   0   3   3   2   4   3   4   6   3  27   2   2   0   5   7   2  0.59 0.43
  224 G    -1   0   1   0   1   1   0  -2   2  -1   0   0   1   3   0   0  -2   3   2  -1    4   6   7   5   3   5   7   3   4   3   8   5   4  10   4   6   3   4   6   4  0.12 0.11
  225 R    -3   5   0  -1   1   0   1  -1   1  -2  -3   1   2  -1  -1   0  -2  -7   0  -2    3  24   5   3   3   5   9   4   3   3   3   8   4   3   3   6   3   0   3   3  0.38 0.28
  226 K    -1   0   0   0   2   0   0  -1   2   0  -1   0   1   0   0   0   0   3   1  -2    5   5   5   5   5   5   5   5   5   5   5   5   5   5   5   5   5   5   5   0  0.08 0.12
  227 K    -1   0   1   0  -5   0   0  -5  -4  -1  -2   5   1  -5  -1  -1  -1  -6  -5  -1    6   5   6   6   0   4   6   0   0   4   4  40   4   0   4   4   4   0   0   4  0.59 0.41
  228 L     1  -2  -3  -4   1  -2  -3  -2   0   0   3  -3   2   1  -3   2   0  -3  -1   0   13   2   0   0   2   1   0   2   2   3  32   0   5   5   0  19   4   0   2   7  0.30 0.26
  229 L    -2   0  -2  -3   2  -1  -1  -4   0   1   3  -1   2   2   0  -1  -2  -3   0  -1    3   6   2   0   4   2   4   1   3   6  37   4   5   9   4   4   1   0   2   3  0.25 0.21
  230 K     0   3   1  -1  -3   0   0  -2   0  -1  -2   4  -1  -3  -3   1  -1   1  -1  -2    8  15   6   2   0   4   4   2   2   4   4  27   2   0   0  10   2   2   2   3  0.27 0.22
  231 Y    -1  -4  -2  -5   0   0  -3  -4   2  -2  -2  -4   1   3  -2  -2   1   9   3  -2    6   0   2   0   2   4   2   0   5   2   3   0   3  13   2   3   8  32   9   3  1.09 0.50
  232 W    -5  -5   0  -6  -5  -5  -5  -5   1  -1   0  -5   1   2  -6  -5  -5  11   5  -4    1   0   5   0   0   0   0   0   3   3   9   0   4   7   0   0   0  47  19   0  2.08 0.78
  233 A     1  -3  -1  -1   4  -1  -3  -2  -3   2   2  -3   3   1  -3   0  -1   2  -2   0   14   0   4   3  10   2   0   2   0  12  19   0   8   5   0   9   2   3   0   5  0.23 0.21
  234 Q    -1   0  -1  -2  -5   8   0  -4   0  -1  -5   0  -3  -5  -2  -1  -3  -5  -4  -4    5   4   2   1   0  70   3   0   1   4   1   3   0   0   1   3   0   0   0   0  1.52 0.71
  235 S     0  -3   2   0   5   0  -1  -2  -3  -2  -3  -3  -3  -4  -3   4   1  -5  -4  -3    8   0  12   3  13   4   3   2   0   2   2   0   0   0   0  42   8   0   0   0  0.65 0.42
  236 F    -2  -3  -2  -4  -4  -2  -4  -1   0  -1  -2  -1  -2   6  -4  -3  -1   0   5   0    3   1   2   0   0   1   0   6   2   3   0   5   1  40   0   1   3   1  21   7  0.82 0.42
  237 L    -3  -2  -1  -5  -3  -2  -4  -5  -4   1   5  -4   1   2  -1  -3  -3  -1  -2   0    1   2   4   0   0   1   0   0   0   5  63   0   2   9   4   1   1   1   0   4  0.76 0.41
  238 L     1  -2  -2   0   0  -2  -2   0  -3   2   2  -1   1  -2  -1   0  -1  -3  -2   2   16   0   2   6   2   0   2   8   0  12  21   3   3   0   2   5   2   0   0  15  0.13 0.14
  239 G    -1  -4   2   0   0  -3  -3   6  -3  -5  -5  -1  -4  -5   2  -1  -1  -4  -4  -4    3   0   9   6   2   0   0  57   0   0   1   3   0   0   9   3   4   0   0   0  0.96 0.43
  240 I    -1  -2  -1  -2   1  -3  -3  -2  -4   4   0  -2   0  -1  -2   0   1  -4  -3   4    3   1   3   2   4   0   0   3   0  27   4   1   1   2   2   7   9   0   0  30  0.38 0.27
  241 G     0   1   1   1  -2   1   1   0  -1  -1  -1   0  -1   0   1   0   0  -3  -2   0    7   7   7   7   0   7   7   7   0   0   7   7   0   7   7   7   7   0   0   7  0.08 0.08
  242 R    -2   1   0   1  -1   1   1  -3   2  -2  -2   1  -1  -2   2  -1   1  -1   3  -1    1   9   5   7   1   5   8   1   6   1   4  11   2   1   9   3   9   1  13   5  0.20 0.17
  243 I    -2  -5  -5  -5  -4  -4  -5  -5  -5   6   1  -5   1   2  -5  -2  -1  -4  -3   2    2   0   0   0   0   0   0   1   0  51  13   0   4   7   0   3   3   0   0  14  1.00 0.43
  244 I    -1  -2  -3  -4   1  -1  -3  -3  -2   3   0  -3   0   2  -4  -1  -1  -3   3   3    6   2   1   0   3   2   1   1   1  20   5   1   2   8   0   6   4   0  10  25  0.34 0.23
  245 I    -1  -1  -4  -4   3  -3  -4  -4  -1   3  -1  -1  -1   1  -4   0  -2  -3   2   4    5   3   0   0   6   0   0   1   1  16   4   3   1   7   0   6   2   0   9  35  0.48 0.29
  246 G     2  -5  -4  -4  -5  -4  -4   6  -5  -5  -5  -4  -5  -5  -4  -3  -1   4  -5  -5   17   0   0   0   0   0   1  68   0   0   1   0   0   0   0   1   3   5   0   1  1.55 0.59
  247 F    -3   0  -1  -4   5  -1  -3  -3   0  -1   0  -2  -1   5  -4  -1  -2   0   4  -2    1   6   3   1  12   3   2   2   2   3  10   3   1  31   1   4   2   1  12   2  0.62 0.31
  248 R    -4   7  -4  -4   0  -1  -3  -3   0  -2  -4   1  -4  -2  -1  -4   0  -5  -1  -3    1  66   0   0   2   1   0   2   2   3   1   6   0   2   4   1   5   0   2   2  1.39 0.58
  249 D    -3  -3   3   6  -5   0  -1  -2   0  -3  -5  -2  -4  -1  -1   1   2  -5  -1  -4    1   0  14  43   0   4   3   2   2   1   0   2   0   3   2   8  11   0   2   0  0.79 0.41
  250 D    -2   2   1   4  -5   1   2  -2   0  -5  -4   1  -2  -4   3  -2  -1  -5  -3  -3    2  10   8  25   0   5  13   3   3   0   1   8   1   1  13   2   4   0   1   2  0.51 0.32
  251 N     0   1   3   3  -4   1   1  -1   2  -2  -2   0  -2  -4  -2   0  -1  -4  -2  -2    8   9  14  16   0   7   9   5   5   3   3   5   1   0   1   7   3   0   1   2  0.25 0.19
  252 G    -2  -1   1  -3   1  -3  -3   6  -1  -3  -2  -1  -3   1  -5  -2  -3  -4   0  -4    3   4   6   1   3   1   1  55   1   1   5   4   1   7   0   2   1   0   3   1  0.89 0.45
  253 I    -3   1  -2  -3  -2  -1  -1  -4   3   3   0   1   1   1  -3  -2  -1  -4  -1   2    1   7   2   1   1   2   3   0   9  22   7  10   4   8   1   2   4   0   1  15  0.29 0.23
  254 L    -2  -2  -5  -5  -1  -2  -5  -4  -3   2   4  -3   0   1  -5  -4  -2  -4   0   4    2   2   0   0   1   2   0   1   1   9  36   2   1   5   0   0   2   0   3  31  0.69 0.38
  255 I    -1   2   0  -1   1   2   0  -3   3   0  -1   1  -1  -2  -1   0   0  -4  -1   1    5  12   4   3   3   9   7   1   7   5   5   9   0   1   3   5   7   0   1  12  0.13 0.15
  256 E     0   3   0   0   0   0   0  -2  -2  -1  -2   1  -1  -3  -1   1   2  -4  -2   0    6  19   5   6   2   2   4   2   1   3   3  10   1   1   2  14  12   0   1   6  0.21 0.20
  257 K    -2  -2  -2   0  -2  -1   0  -4   0   3   1  -1   1  -2  -1  -1   2  -4  -2   2    2   2   2   5   1   2   8   0   3  18  15   4   3   1   3   3  14   0   1  15  0.21 0.21
  258 E    -3   0  -2   0  -3   3   5  -4  -1  -3  -5   3  -4  -4  -4  -1   0  -6  -5  -2    1   5   1   3   1  14  37   1   1   2   1  20   0   1   0   4   6   0   0   3  0.82 0.51
  259 L    -1   0  -1  -2   0   0   1  -3  -2   2   0  -1   3  -1  -2   0   2   3   0   1    3   4   2   2   2   3   9   0   1  12   9   4   8   2   2   6  15   4   3   9  0.14 0.17
  260 F    -3  -1  -1  -1  -2   0   0  -4   1  -1   0   0   0   5  -2  -2  -2   1   4  -1    1   3   3   3   1   5   8   0   3   3   8   7   2  23   2   3   1   2  16   4  0.41 0.29
  261 T    -2  -1  -4  -3  -1  -3   0  -4  -3  -3  -4   0  -4  -5  -1   0   6  -5  -3   1    2   4   0   1   2   1   5   1   1   1   1   7   0   0   4   7  54   0   1   9  0.99 0.60
  262 H     0   0   1   0  -1   0   1  -3   3   0   0   0   1  -1  -3  -1   2  -3   0   0    6   4   6   6   1   3   8   1   9   5  10   5   4   2   1   3  17   0   3   5  0.13 0.16
  263 Q    -2   1   1   2  -1   1   3  -2  -1  -4  -3   2   1  -4  -3   0  -1  -4  -3  -2    2   9   6  13   1   6  23   3   1   0   1  13   4   0   0   8   4   0   1   2  0.39 0.29
  264 I    -3  -3  -2   1  -4   0   0  -4  -4   5   1  -1   1  -2  -4  -2  -1  -4  -3   1    2   1   1   9   0   4   5   1   0  37  13   4   4   2   1   2   4   0   0  10  0.50 0.32
  265 P    -3   0  -1  -3  -5  -4  -3  -5  -3   2  -1  -1   3  -3   7  -3  -2  -5  -3  -1    1   5   4   2   0   0   2   1   1  11   6   3   6   1  49   1   2   0   1   3  1.14 0.59
  266 K     0   1   1   0  -3   1   0   1   1  -1  -1   0  -1   0  -1   0   1  -3  -1  -1    8   8   7   6   0   7   4  10   4   3   4   7   1   6   3   5   8   0   1   5  0.07 0.08
  267 L    -2  -2   0  -1  -2   1   1  -2   2   0   2  -1   4   0  -3   0   0  -3   0  -1    1   1   4   3   1   5   9   3   6   4  24   4  12   3   1   7   5   0   3   3  0.20 0.21
  268 R     0   1  -1  -1   1  -1  -1  -2   0   0   2  -1   0   0   0  -1  -1   2   0   2    7   7   3   3   3   3   4   3   3   4  18   4   3   3   5   5   3   3   3  14  0.11 0.09
  269 P     0   0  -1  -1   1   1  -1  -1   1  -1  -1   2   0  -5   0  -2  -1   2   0   3    8   5   3   3   3   5   5   4   3   4   6  12   3   0   6   3   4   3   3  17  0.16 0.15
  270 Y    -1   4   1  -1   1   0   0  -2   1  -2  -1   1   0  -1  -1   0  -1  -4   0  -1    6  23   6   3   3   4   5   3   4   2   7   9   3   2   2   6   3   0   3   4  0.21 0.21
  271 F    -1   2   2   0   0   1   0   0   1  -1   0   1   1  -1   0  -1  -1   0   1  -1    6   9  10   6   2   5   5   7   4   3   8   7   3   3   4   4   3   1   4   4  0.07 0.07
  272 K    -1   1   1   2   3   1  -1   2   0  -2  -3   3  -4  -3   0   1  -2   0  -1  -4    4   8   5   9   6   5   4  13   3   3   2  15   0   1   5  10   2   2   2   0  0.26 0.25
  273 P     0   3   2   0  -4   0   1  -2   0  -2  -1   1  -1  -2   3  -2  -1  -4  -1  -1    8  15  10   6   0   3   7   3   2   2   5   8   1   2  13   2   4   0   3   5  0.23 0.22
  274 N     0   0   3   1  -4   1  -1   1   2  -1  -2   2  -3  -2   1   0  -1  -5  -1  -1    6   5  16   6   0   6   3  10   4   3   3  11   0   2   8   6   3   0   2   4  0.22 0.21
  275 D     0  -1   1   0   4  -1  -1  -1   0  -3  -1   1   0   0   2   0   0  -4   2  -2    7   2   8   6   9   3   3   5   3   1   5   9   2   4   9   8   7   0   6   2  0.16 0.18
  276 W    -6  -2  -7  -7  -1  -6  -7  -7  -2  -2  -4  -4  -6  -1  -2  -4  -3  12   0  -3    1   3   0   0   1   0   0   1   1   3   2   1   0   3   2   2   2  71   3   2  3.40 1.42
  277 T    -4  -2   5   4  -6   2  -1  -5   0  -6  -4   2  -1  -3  -5   3   0  -6  -5  -3    1   2  22  21   0   7   3   1   2   0   1  10   1   1   0  18   6   0   0   2  0.78 0.51
  278 P     2  -3  -3  -4   3  -3  -5   2  -1  -3  -4  -1  -6  -3   6   0  -1  -7  -6  -2   15   1   1   1   5   1   0  16   2   1   2   4   0   1  36   6   4   0   0   3  0.91 0.58
  279 N     0   0   4   2  -3   0   0   0   1  -2  -4   0  -1  -2  -3   1   1  -1  -2  -2    7   4  20  11   1   4   6   6   3   3   1   7   1   2   1  12   7   1   1   2  0.30 0.27
  280 R     0   0  -2   0  -2  -2  -2  -4  -1   1  -1   0   2  -3  -3  -1   1  -5  -2   4    8   5   2   6   1   1   2   1   1   9   4   6   4   1   1   5   7   0   1  33  0.39 0.32
  281 L     1  -4  -4  -5  10  -4  -5  -3  -7  -3  -3  -4   2  -7  -7  -1  -3   0  -3  -4   11   1   1   1  60   1   1   3   0   2   3   1   4   0   0   4   2   1   1   1  2.30 1.02
  282 L    -2  -3  -4  -6  -5  -2  -4  -4  -3   3   3  -2   4   3  -6  -5  -1  -1  -2   2    2   2   1   0   0   2   1   2   1  17  31   2  11  11   0   0   3   1   1  11  0.69 0.43
  283 V     0   0   6   1  -6   1   0  -2   1  -2  -4   2  -1  -4  -5  -1  -1   1  -5  -2    8   4  33   6   0   7   6   3   3   3   1  12   2   1   0   3   4   2   0   4  0.59 0.44
  284 V    -4  -3  -3  -8  -1  -1  -7  -6  -2  -6  -4  -1  -3   8  -8  -4  -1   8   0  -3    2   1   1   0   1   3   0   1   1   0   1   4   1  53   0   1   4  21   3   2  2.04 0.97
  285 L     2  -5  -2  -6   5  -5  -5   0  -5  -1   3  -5   2   1  -6  -4   0  -2   4  -3   16   0   2   0  10   0   0   8   0   3  30   0   4   5   0   1   6   1  14   1  0.66 0.46
  286 E     1  -1   1   2  -1   0   1   1   2  -3  -2   1  -2   0  -2   0  -2  -4   0  -2   14   2   7  11   1   4   9  12   6   1   3   7   1   5   1   7   2   0   4   2  0.17 0.18
  287 H     2   1   0   0  -1   2   1  -1   2  -2  -1   0  -2  -3  -4   0   0  -4  -1  -2   22   8   4   6   1  10  10   3   4   2   7   5   1   1   0   5   6   0   2   1  0.21 0.23
  288 A    -2  -6  -6  -7   1  -6  -4  -7  -6   2   2  -6  -1   6  -6  -5  -1   0   0   3    3   0   0   0   3   0   1   0   0  12  16   0   1  34   0   0   3   1   3  21  1.08 0.57
  289 L    -4  -4  -7  -7  -1  -6  -7  -7  -7   2   6  -7   1   0  -7  -6   0  -6  -5   0    1   1   0   0   1   0   0   0   0   8  71   0   3   3   0   0   5   0   0   5  1.47 0.74
  290 E    -2   0   0   3   1   1   3  -2   2  -5  -4   0  -3  -6  -4   2   1  -6  -3  -4    2   6   5  14   3   6  21   3   5   0   1   5   0   0   0  18  10   0   1   1  0.48 0.39
  291 W    -3  -2  -1  -4   0   0   0  -6  -1  -5  -3  -2  -2   5  -7  -2  -3  10   0  -4    3   3   4   1   2   5   7   0   2   1   3   3   1  23   0   3   1  35   3   1  1.58 0.78
  292 I    -2  -6  -7  -7  -1  -6  -7  -7  -7   5   4  -6   1  -3  -7  -4  -5  -6  -5   2    4   0   0   0   1   0   0   0   0  36  40   0   3   1   0   1   0   0   0  14  1.28 0.64
  293 K    -4   3   0  -4   2   1  -1  -4   0  -5  -1   5  -2  -3  -4  -2  -1  -5   2  -3    1  15   4   0   5   7   3   1   3   0   6  39   1   1   0   3   5   0   6   2  0.75 0.50
  294 Q    -1   0   1   2  -5   2   2   0   1  -3  -3   2  -4  -5  -4   1   1  -3  -2  -4    4   5   8   9   0  11  14   6   4   1   3  15   0   0   0  11   7   0   1   1  0.33 0.28
  295 T    -1   0   1  -3   3  -1  -2  -4   0   0   1   0   1  -2  -4  -1   3  -4  -1   2    3   5   9   1   6   2   3   0   2   5  13   6   3   2   0   3  21   0   2  16  0.26 0.26
  296 V    -2  -6  -6  -5   0  -4  -4  -6  -6   5   2  -5   5  -3  -3  -4  -1  -6  -5   4    4   0   0   1   2   1   1   0   0  29  16   0  12   1   1   1   4   0   0  29  0.96 0.53
  297 K     0   1   0   1  -2   1   1  -1   0  -2  -3   2  -2  -2   1   0   2  -5  -3   0    6   8   4   7   1   5  10   4   2   2   2  13   1   1   8   4  15   0   0   7  0.19 0.20
  298 Q    -1   2   1   2  -5   2   3  -3   0  -1  -2   2  -2  -4  -2   0  -1  -5  -2  -2    4  10   5  12   0   9  21   2   2   4   4  12   1   1   2   5   4   0   1   3  0.32 0.26
  299 H    -3  -3   3   6  -5  -1   2  -2   2  -3  -3  -2  -3  -5  -3   0  -3  -6  -3  -2    2   1  13  42   0   3  11   3   5   2   3   2   1   0   1   5   1   0   1   3  0.86 0.50
  300 P    -3  -2   2   5   4  -2   1  -1   0  -2  -4  -2  -3  -4   2   0  -1  -5  -4  -4    2   2   9  34   8   2   7   5   3   2   1   1   1   1  11   6   3   0   1   1  0.67 0.41
  301 P    -1  -1   0   1  -4  -1   3  -3  -1  -4  -4   0  -3  -2   5   1   0  -3  -4  -2    5   2   4   7   0   3  18   2   1   0   1   5   1   2  30   9   6   0   1   3  0.62 0.39
  302 S     0   2   2   0   0  -1   0   0   0   0  -1   0  -1  -1   0   2  -1  -3  -1  -2    9  12  11   4   2   2   5   8   3   7   5   3   1   3   4  16   2   0   2   1  0.10 0.14
  303 T     0   0  -1  -2   2   0   0   0  -2   0   0   1  -1  -2  -2   0   2   0  -3   0   10   5   2   1   5   4   8   8   1   5   9  11   1   1   1   4  16   1   0   8  0.11 0.15
  304 E    -1  -2  -5  -1  -2  -3  -3  -6  -2   0  -1  -3   1  -4  -4   0   0  -6  -1   6    5   2   0   4   1   1   2   0   1   3   5   1   3   0   1   9   6   0   2  53  0.81 0.52
  305 F    -4  -6  -6  -7  -6  -3  -6  -6   3   0  -2  -6  -2   4  -7  -6  -4   7   7  -1    2   0   0   0   0   1   0   1   7   5   4   0   1  18   0   0   1  15  40   5  1.73 0.81
  306 T    -3   5  -1  -3  -1   0   0  -5   0  -2   2   3   0  -5  -5  -1   1  -6  -5  -2    1  31   2   1   2   4   6   0   2   2  19  15   2   0   0   3   8   0   0   3  0.57 0.41
  307 L    -4  -5  -7  -7  -2  -5  -5  -7  -6   3   3  -6   0   5  -5  -4  -5  -1  -1   3    1   1   0   0   1   0   1   0   0  14  32   0   2  27   1   1   0   1   1  20  1.07 0.56
  308 S    -2   2  -1  -1  -1   2   4  -4  -1  -3  -5   1  -2  -4  -4   2   1  -3  -1  -1    2   9   3   3   1  10  28   1   2   1   0   7   1   1   0  17   8   0   2   4  0.49 0.39
  309 Y    -3   0  -6  -4  -6  -3   0  -5  -3  -3  -2  -4  -2   6  -7  -4  -6   6   6  -4    2   6   0   1   0   1   7   1   0   1   3   1   1  34   0   1   0   9  30   1  1.47 0.72
  310 T    -1   0   2   4  -5  -1   3  -3  -2  -1  -3   1  -2  -5  -3   0   1  -6  -4   0    4   5   8  25   0   2  19   2   1   4   2   7   1   0   0   5   8   0   0   6  0.45 0.33
  311 G     2  -4   0  -3  -5  -1  -2   2  -5  -3  -4  -1  -5  -6   6   0  -3  -6  -4  -5   15   1   5   1   0   3   2  15   0   1   1   3   0   0  44   7   1   0   0   0  1.10 0.58
  312 G    -2   1   3  -2  -5   1  -1   3   5  -5  -4   0  -2  -2   0   1  -2  -5  -2  -3    2   9  14   1   0   5   2  21  15   0   1   6   1   2   5  12   2   0   1   1  0.47 0.35
  313 S     0   1   1  -1   0   1   0   3  -1  -5  -4   1  -4  -3  -1   3   0  -5  -4  -4    7   8   6   3   2   6   6  21   1   0   1  10   0   1   2  21   5   0   0   1  0.35 0.29
  314 K    -3   2   1   2  -2   0  -2   3   1  -5  -5   4  -4  -6   2  -1  -2  -6  -5  -4    1  12   6  11   1   4   1  21   3   0   0  24   0   0  10   3   2   0   0   1  0.57 0.39
  315 L    -1  -1  -2  -3   3  -1  -1  -4   0   3   0   0   0  -1  -4  -1   0  -4  -2   3    3   3   1   1   7   3   5   0   2  21   8   5   2   2   0   5   5   0   1  23  0.29 0.25
  316 V    -1  -4  -3  -5  -4  -1  -2  -5  -5   5   1  -4   0  -1  -5  -1   1  -2  -4   3    4   1   1   0   0   3   3   0   0  32  13   0   1   3   0   4  11   0   0  23  0.60 0.38
  317 L    -2  -3  -1  -2  -3  -2  -2  -3  -2   1   1  -2   2   1  -3   2   3  -3   2   1    0   0   3   1   0   1   2   1   1   8  14   2   6   5   1  15  22   0   7  13  0.30 0.28
  318 R    -2   2  -2   2  -4   0  -1  -3   2  -1  -3  -1  -1   0   0   1   0  -2   6  -3    2  12   1  11   0   4   4   1   4   5   1   2   1   2   4  12   5   0  28   0  0.44 0.34
  319 Q     0   1  -1   0  -5   3   5  -4   1  -5  -5   1  -1  -5  -4   0   0  -5  -4  -3    8   9   3   3   0  15  40   0   3   0   0   7   2   0   0   6   4   0   0   1  0.70 0.41
  320 I    -3  -5  -5  -5   4  -4  -5  -5  -5   2   2  -3  -1   5  -5  -2  -1  -3  -2   4    0   0   0   0   8   0   0   0   0   9  19   1   0  24   0   2   2   0   0  34  0.75 0.35
  321 I    -3  -4  -5  -5  -3  -4  -4  -5  -4   4   4  -4   3  -1  -4  -4  -2  -4  -3   3    0   0   0   0   0   0   0   0   0  27  44   0  10   0   0   0   0   0   0  19  0.75 0.25

                      K         Lambda
Standard Ungapped    0.1391     0.3192
Standard Gapped      0.0438     0.2670
PSI Ungapped         0.1430     0.3122
PSI Gapped           0.0438     0.2670
