
Last position-specific scoring matrix computed, weighted observed percentages rounded down, information per position, and relative weight of gapless real matches to pseudocounts
            A   R   N   D   C   Q   E   G   H   I   L   K   M   F   P   S   T   W   Y   V   A   R   N   D   C   Q   E   G   H   I   L   K   M   F   P   S   T   W   Y   V
    1 Y    -2  -2  -3  -4  -3  -2  -3  -3   1  -1   0  -3  -1   5  -4  -2  -2   2   6  -1    0   0   0   0   0   0   0   0   0   0   0   0   0  50   0   0   0   0  50   0  0.69 0.00
    2 M    -4  -5  -6  -7  -4  -5  -6  -7  -6  -1   6  -5   5  -3  -6  -5  -4  -5  -4  -2    0   0   0   0   0   0   0   0   0   0  83   0  16   0   0   0   0   0   0   0  1.69 0.49
    3 K    -4   2  -4  -4  -7  -1  -3  -5  -4  -6  -6   8  -5  -7  -4  -4  -4  -7  -5  -6    0   7   0   0   0   2   0   0   0   0   0  90   0   0   0   0   0   0   0   0  2.11 0.60
    4 G    -3  -6  -4  -5  -6  -5  -6   8  -6  -7  -7  -5  -6  -7  -6  -4  -5  -6  -7  -7    0   0   0   0   0   0   0 100   0   0   0   0   0   0   0   0   0   0   0   0  2.54 0.62
    5 K    -4  -3   8  -2  -6  -3  -3  -4  -3  -6  -7   3  -5  -6  -5   0  -2  -7  -5  -6    0   0  76   0   0   0   0   0   0   0   0  17   0   0   0   5   2   0   0   0  1.93 0.57
    6 I    -5  -7  -7  -7  -5  -6  -7  -7  -7   8  -2  -6  -2  -4  -6  -6  -4  -6  -5   0    0   0   0   0   0   0   0   0   0  98   0   0   0   0   0   0   0   0   0   2  2.40 0.63
    7 R    -5   9  -4  -5  -7  -3  -4  -6  -4  -7  -6  -1  -5  -7  -6  -5  -5  -7  -6  -6    0  99   0   0   0   0   0   0   0   0   0   1   0   0   0   0   0   0   0   0  2.72 0.70
    8 V    -4  -6  -7  -7  -4  -6  -6  -7  -7  -1  -3  -6  -3  -4  -6  -5  -4  -7  -5   8    0   0   0   0   0   0   0   0   0   0   0   0   0   0   0   0   0   0   0 100  2.25 0.63
    9 Y    -5  -5  -5  -7  -3  -5  -6  -6  -2  -2   0  -6  -2   7  -7  -5  -5  -2   7  -4    0   0   0   0   1   0   0   0   0   2   8   0   1  49   0   0   0   0  38   0  1.88 0.51
   10 C    -1  -7  -7  -7  11  -7  -7  -3  -7  -5  -5  -7  -5  -6  -7  -5  -4  -6  -6  -5    6   0   0   0  91   0   0   2   0   0   0   0   0   0   0   0   1   0   0   0  3.56 0.78
   11 R    -5   9  -4  -6  -2  -3  -4  -6  -4  -7  -6  -1  -5  -7  -6  -5  -5  -7  -6  -6    0  99   0   0   1   0   0   0   0   0   0   0   0   0   0   0   0   0   0   0  2.72 0.71
   12 I    -2  -5  -6  -6   6  -5  -5  -6  -6   3   0  -5  -2  -2  -4  -3  -2  -1  -4   5    2   0   0   0  19   0   0   0   0  18   5   0   0   1   0   1   1   1   0  51  1.17 0.39
   13 R    -5   8  -4  -5  -2  -2  -4  -6  -4  -7  -6   1  -5  -7  -6  -4  -5  -7  -5  -6    0  94   0   0   1   0   0   0   0   0   0   4   0   0   0   0   0   0   0   0  2.52 0.67
   14 P    -5  -6  -6  -5  -7  -5  -5  -6  -6  -7  -7  -5  -7  -8   9  -5  -5  -8  -7  -6    0   0   0   0   0   0   0   0   0   0   0   0   0   0 100   0   0   0   0   0  3.32 0.78
   15 L    -2  -4  -5  -5  -3  -4  -5  -5  -3   2   4  -3   3   4  -3  -3  -2  -1  -1   1    2   0   0   0   0   0   0   0   0  10  42   1   8  22   1   2   1   0   0   8  0.71 0.27
   16 N    -2  -2   2  -3  -2  -3  -3  -3  -1   0   4  -1   0   0  -3   2   1  -4  -3  -1    1   1  13   0   0   0   0   0   1   5  42   3   1   3   1  19   7   0   0   1  0.41 0.23
   17 E     0   1  -1  -1  -3   2   1   0  -1  -3  -3   2  -3  -4   4   1   0  -4  -3  -3    5   6   2   3   0   9   9   6   1   0   1  17   0   0  21  12   5   0   0   1  0.41 0.18
   18 K     0  -1   0   1  -2  -1   3   3  -2  -3  -4   1  -2  -2  -3   1  -1  -2  -2  -2    8   2   4   9   1   1  22  23   0   1   0  10   1   2   0  10   3   0   1   3  0.33 0.17
   19 E    -3  -2  -2   3  -5   4   6  -4  -2  -6  -5  -1  -4  -6  -3  -2  -3  -6  -4  -5    1   1   1  16   0  20  55   1   0   0   0   3   0   0   1   1   0   0   0   0  1.28 0.43
   20 S     0  -1  -1  -1  -1   0  -1   2  -2   1   0   1   0  -3   0   1   0  -3  -2   0    6   2   3   3   1   5   2  15   0  15   6   9   2   0   4  13   6   0   0   8  0.09 0.08
   21 S     2  -1   1   1  -2   0   2   0   0  -2  -3   0  -2  -3  -1   2   0  -4  -3  -1   19   2   8   9   1   2  16   6   2   2   1   5   0   1   2  17   5   0   0   4  0.23 0.13
   22 E     0   1   2   1  -3   1   2   1   0  -3  -3   2  -2  -3  -2   1  -1  -4  -2  -3    9   9  10   7   0   5  12  14   1   1   1  14   1   1   0  13   2   0   2   0  0.26 0.13
   23 R     0   0   2  -1  -4   1   0   4   0  -3  -2   1  -2  -3   1   0  -1  -4  -2  -3    5   4  10   3   0   8   3  31   3   1   4   9   0   1   7   6   4   0   1   1  0.32 0.15
   24 E     0  -2   0   1   4   1   2   0   0  -3  -3   0  -1  -3  -1   3   1  -4  -1  -2    7   1   3   7   9   5  12   5   2   1   0   4   2   1   2  24  11   0   2   2  0.27 0.16
   25 K     2   0   0  -2  -2   0  -1   0   0   1  -2   1   0  -2  -1   1   2  -4  -1   0   19   4   3   0   0   4   2   5   2   9   2   8   2   1   2  11  18   0   1   7  0.14 0.12
   26 Q     0  -1   1   1   1   0   1  -2  -1   0  -1   0   0  -2   0   1   1  -4  -2   1    5   1   6   9   4   2  14   2   1   4   4   5   3   1   3  15   7   0   1  14  0.10 0.09
   27 M     0  -3   0  -1   1  -2  -1  -3   1   2  -1  -2   0   0  -3   0   0  -3   2   3    8   1   5   3   3   0   4   1   4  12   1   1   2   3   1   5   4   0  11  31  0.22 0.16
   28 L    -1  -3  -2  -3  -1  -3  -3  -3   0   3   2  -3   2  -1  -3  -2  -1  -4  -2   4    4   1   2   1   1   0   1   1   3  22  15   0   5   1   1   2   2   0   1  35  0.44 0.20
   29 T     0  -1   0   2  -2   0   0   2  -2   0  -1   0  -1  -2  -1   1   1  -4  -2   1    5   1   2  12   0   3   7  19   0   8   3   4   2   1   1  12   8   0   0  11  0.12 0.09
   30 T    -1  -1  -1   1  -2  -1   2  -1  -1  -1  -2   0  -2   4  -2   1   1  -3   1  -2    3   2   2   8   1   0  20   3   1   3   1   4   0  22   2  13   9   0   5   1  0.27 0.18
   31 V    -1  -3   2   3  -2  -2   1  -2  -1  -1  -1  -2  -1   0   4   0   0  -4  -2  -1    4   0  12  16   1   0   9   1   1   3   5   1   2   5  23   6   5   0   1   6  0.37 0.17
   32 D    -1  -2   0   5  -4  -1   1   3  -3  -4  -4  -1  -4  -4  -1   1   0  -5  -4  -4    2   1   4  33   0   2   7  27   0   1   1   3   0   0   2  12   5   0   0   0  0.63 0.25
   33 E    -2  -3   1   5  -5  -1   5  -3  -1  -5  -5  -2  -4  -4  -2   1   0  -6  -4  -4    3   0   5  29   0   1  41   1   1   0   0   0   0   0   2  11   5   0   0   0  0.90 0.33
   34 F    -2  -2   1   2  -3  -2  -1   0  -2   1   1  -2   0   2  -2   0   0  -3   1  -1    1   2   8  14   0   0   4   9   0  11  19   1   2   9   1   6   5   0   6   2  0.11 0.11
   35 T     0  -2  -2   0  -2  -1   3  -1   1   0  -2  -2   1  -3  -3   1   3  -4  -3   1    8   0   0   4   1   1  22   5   4   4   2   0   5   1   0  11  22   0   0  10  0.26 0.18
   36 V    -2  -3  -4  -4  -1  -4  -5  -3  -5   5   2  -4   0  -2  -5  -3  -1  -5  -3   4    2   1   0   1   1   0   0   2   0  33  23   0   0   0   0   1   2   0   0  32  0.75 0.28
   37 E     0  -1   0  -1  -1   1   1   1  -1   1   1   0   0  -2  -2   0   0  -3  -2   0    8   3   3   2   1   8  12  11   1  10  14   3   2   0   0   7   6   0   1   7  0.06 0.06
   38 H    -2   0   3   1  -3  -1  -2  -3   4   2   0  -2  -1   0  -3  -1   0  -4   1   2    1   5  19   8   0   1   1   1  12  13   7   1   0   3   0   2   6   0   4  16  0.24 0.16
   39 P    -1  -2  -1  -2  -2  -2   0  -3  -1   1   1  -2   0  -3   5  -1  -1  -4  -3   1    5   1   3   2   1   1   7   0   1   7  17   2   2   0  32   4   4   0   0  11  0.50 0.19
   40 W     1  -1  -1  -1   1  -1  -2  -1  -2  -2   0  -1   0  -1  -1   2   2   5  -2  -1    9   3   2   4   3   3   0   5   0   1   9   2   2   3   2  24  16   9   0   3  0.23 0.15
   41 K    -1   1   1   0  -4   2  -1  -1   2  -4  -4   4  -3  -3  -1   1  -1  -4   0  -3    3   7   6   4   0   8   1   5   5   1   0  38   0   0   3  12   2   0   3   1  0.46 0.22
   42 D    -1   1   2   3  -4   2   1   1   0  -4  -4   2  -3  -4   0   0  -1  -4  -1  -3    2   9  11  15   0  12   6  11   2   0   0  16   0   0   4   6   2   0   3   1  0.33 0.16
   43 D    -1  -2   0   1  -4  -1  -1   5  -3  -4  -4  -1  -3  -4  -3   1  -2  -4  -4  -4    4   2   3  10   0   2   4  56   0   1   1   2   0   0   0  12   2   0   0   0  0.82 0.26
   44 K    -1   1   0  -2  -4   2  -1   0  -2  -4  -4   5  -3  -4   0   1   0  -4  -3  -2    3   5   3   1   0   9   1   5   0   1   1  48   0   0   5  12   4   0   0   2  0.60 0.25
   45 R    -1   3  -1   0  -2   0   1  -2   1  -2  -2   3  -1  -4   1   0   0  -2  -3  -2    4  19   1   5   1   3   6   2   4   3   3  28   1   0   6   5   5   1   0   3  0.31 0.15
   46 K    -3   4  -2  -3  -3   0  -1  -4   2  -3  -3   5   0  -3  -3  -2  -2  -2   2  -2    1  20   1   0   0   2   1   0   6   1   1  50   3   0   1   1   2   1   7   3  0.81 0.30
   47 Q    -1  -2   0   0  -1   2   1  -3   0   0   0  -1   0  -3   0   2   2  -4  -3  -1    1   0   4   4   1  12   9   0   2   5   8   2   3   0   4  25  14   0   0   4  0.21 0.15
   48 H    -5  -6  -6  -5  -5  -6  -6  -6   2  -3  -3  -6  -3   9  -7  -5  -5   0   3  -4    0   0   0   0   0   0   0   0   5   0   0   0   0  86   0   0   0   1   7   0  2.33 0.55
   49 I    -1   0   1  -1  -3   2   3  -3  -2  -2  -3   4   0  -4  -3   1   2  -4  -3  -2    2   3   5   1   0  11  19   1   0   2   0  28   3   0   0  10  13   0   0   1  0.45 0.21
   50 Y    -5  -5  -6  -6  -5  -6  -6  -6  -4  -3   1  -6   0   8  -6  -5  -5  -2   4  -3    0   0   0   0   0   0   0   0   0   0  11   0   2  76   0   0   0   0  10   0  1.96 0.48
   51 D    -4  -4   5   7  -6  -3  -1  -4  -3  -6  -6  -3  -6  -6  -4  -3  -4  -7  -6  -6    0   0  26  71   0   0   2   0   0   0   0   0   0   0   0   0   0   0   0   0  1.86 0.49
   52 R    -1   4  -2  -3  -2   1   0  -4   5  -4  -4   5  -3  -5  -4  -2  -2  -5  -2  -4    5  23   0   0   1   5   3   0  14   0   0  45   0   0   0   2   1   0   1   0  0.92 0.32
   53 V    -2  -5  -5  -6  -1  -5  -5  -6  -6   2  -2  -5  -2  -3  -5  -4  -2  -5  -4   7    1   0   0   0   1   0   0   0   0   8   0   0   0   0   0   0   2   0   0  87  1.60 0.46
   54 F    -5  -6  -6  -6  -5  -6  -6  -6  -4  -3  -2  -6  -3   9  -6  -5  -5  -2   4  -4    0   0   0   0   0   0   0   0   0   0   2   0   0  85   0   0   0   0  12   0  2.37 0.55
   55 D    -1   0   1   1  -3  -1  -1   3  -1  -3  -2   0   0  -4   2   1   1  -4  -3  -3    3   5   5  11   0   2   2  29   1   0   3   5   3   0  10  14   8   0   0   1  0.34 0.15
   56 M    -1  -4  -4  -3  -2  -1  -2  -2   2  -4  -5  -3  -1  -6   8  -1  -1  -6  -5  -4    5   0   0   1   1   3   2   2   5   0   0   0   2   0  71   3   4   0   0   1  1.77 0.43
   57 R     1  -1   1   2  -1   2   2  -1   1  -3  -3   0  -2  -3  -2   1   1  -3  -2  -2   10   2   7  10   1  10  19   4   4   1   1   5   0   1   1  13   9   0   0   1  0.26 0.13
   58 A     4  -3  -1   2   1  -2  -1  -2   0  -3  -3  -2  -3  -4  -3   2   1  -5  -4   0   46   0   1  12   2   0   2   0   2   1   0   0   0   0   0  20   8   0   0   5  0.57 0.26
   59 S    -1  -3   1   1  -3  -2  -2   0  -2  -4  -4  -1  -3  -4  -1   3   5  -5  -4  -3    1   0   5   8   0   1   1   6   0   0   0   3   0   0   3  29  42   0   0   0  0.70 0.29
   60 Q    -4  -2  -3  -4  -6   9  -1  -5  -3  -6  -6  -2  -4  -7  -5  -3  -4  -5  -5  -6    0   0   0   0   0  99   0   0   0   0   0   0   0   0   0   0   0   0   0   0  2.64 0.68
   61 D     2  -2  -2   3  -4   1   5  -1  -2  -4  -4  -1  -2  -5  -3  -1  -2  -5  -4  -1   16   1   1  14   0   5  47   5   0   0   0   1   1   0   0   2   1   0   0   6  0.67 0.27
   62 D    -1  -1  -1   4  -5   2   5  -3  -1  -4  -4   0  -2  -5  -3  -1  -1  -5  -4  -4    6   2   1  27   0   9  42   1   1   0   0   5   1   0   0   2   3   0   0   1  0.81 0.28
   63 I    -3  -5  -6  -6  -4  -5  -5  -6  -6   2  -1  -5  -1  -4  -5  -5  -3  -6  -4   7    0   0   0   0   0   0   0   0   0   8   2   0   0   0   0   0   0   0   0  89  1.71 0.48
   64 F    -5  -6  -6  -7  -6  -6  -6  -6  -4  -3  -3  -6  -3   9  -7  -5  -5  -2   4  -4    0   0   0   0   0   0   0   0   0   0   0   0   0  85   0   0   0   0  14   0  2.44 0.56
   65 E     1   0  -2   0  -3   2   4  -2  -1  -2  -1   0  -2  -3  -3   1   0  -4  -2   0   16   3   0   4   0   9  32   1   1   2   5   4   1   1   0  11   3   0   0   6  0.31 0.17
   66 D    -3  -3  -2   6  -6   1   5  -4  -3  -6  -6  -2  -5  -6  -4  -3  -4  -6  -5  -5    1   1   0  55   0   7  36   0   0   0   0   1   0   0   0   0   0   0   0   0  1.50 0.42
   67 T     0  -4  -3  -4  -3  -3  -4  -4  -4   4  -2  -4   1  -3  -4  -1   5  -5  -4   2    7   0   0   0   0   0   0   0   0  26   0   0   4   0   0   1  48   0   0  14  0.86 0.33
   68 K     0   1   0  -2  -3   5   0  -2  -2  -4  -3   3  -3  -5  -3   3  -2  -5  -4  -3    6   7   3   0   0  30   3   2   0   0   2  17   0   0   0  28   0   0   0   1  0.63 0.28
   69 Y     0  -1   0  -2  -5   2  -2  -3   1  -4  -2  -3  -4  -3   7  -1  -3  -4   2  -4    7   2   4   2   0  11   0   1   3   0   4   0   0   1  52   5   0   0   7   0  1.12 0.33
   70 L    -4  -5  -6  -6  -4  -5  -5  -6  -5   1   6  -5   2   1  -5  -5  -3  -4  -3   0    0   0   0   0   0   0   0   0   0   6  80   0   4   6   0   0   0   0   0   4  1.24 0.37
   71 V    -1  -5  -5  -6  -3  -5  -5  -6  -6   5  -1  -5  -1  -3  -5  -4  -2  -5  -4   5    4   0   0   0   0   0   0   0   0  39   2   0   0   0   0   0   0   0   0  55  1.21 0.36
   72 Q    -2   4  -2  -1  -4   5  -1  -4  -3  -2  -3  -1  -2  -5  -4  -1   3  -5  -4  -1    2  28   0   3   0  35   0   0   0   3   1   0   1   0   0   1  22   0   0   5  0.83 0.33
   73 S    -2  -4  -2  -3  -1  -3  -3  -3  -4  -6  -5  -3  -5  -6  -4   7  -1  -6  -5  -5    0   0   0   0   1   0   0   0   0   0   0   0   0   0   0  99   0   0   0   0  1.92 0.57
   74 A     3  -5  -5  -5   5  -4  -4  -4  -5   0  -2  -4  -2  -4  -4  -2  -2  -5  -4   5   31   0   0   0  13   0   0   0   0   2   0   0   0   0   0   1   0   0   0  52  0.97 0.34
   75 V    -3  -4  -5  -6  -3  -4  -5  -6  -5   3   5  -5   3  -1  -5  -4  -3  -4  -3   2    0   0   0   0   0   0   0   0   0  13  63   0   8   1   0   0   0   0   0  15  1.00 0.30
   76 D    -5  -5  -1   8  -7  -3  -1  -4  -4  -6  -7  -4  -6  -7  -5  -3  -4  -8  -5  -6    0   0   1  99   0   0   0   0   0   0   0   0   0   0   0   0   0   0   0   0  2.51 0.58
   77 G    -3  -5  -3  -4  -6  -5  -5   7  -5  -7  -7  -5  -6  -6  -5  -3  -5  -6  -6  -6    0   0   0   0   0   0   0 100   0   0   0   0   0   0   0   0   0   0   0   0  2.35 0.53
   78 Y    -5  -5  -5  -6  -6  -5  -5  -6  -1  -4  -4  -5  -4   5  -6  -5  -5  -1   9  -4    0   0   0   0   0   0   0   0   1   0   0   0   0  18   0   0   0   0  81   0  2.53 0.58
   79 N    -4  -3   8  -1  -6  -3  -3  -3   1  -6  -6   1  -5  -6  -4  -1  -3  -7  -5  -6    0   0  85   0   0   0   0   0   3   0   0   9   0   0   1   2   0   0   0   0  2.02 0.53
   80 V    -3  -6  -6  -6  -4  -5  -5  -6  -6   0  -2  -5  -2  -4  -5  -5  -2  -6  -4   7    1   0   0   0   0   0   0   0   0   1   0   0   0   0   0   0   1   0   0  98  1.89 0.51
   81 C    -3  -7  -6  -7  12  -7  -7  -6  -7  -5  -5  -7  -5  -6  -6  -4  -4  -6  -6  -4    1   0   0   0  99   0   0   0   0   0   0   0   0   0   0   1   0   0   0   0  3.79 0.73
   82 I    -4  -6  -6  -6  -1  -6  -6  -7  -6   8  -1  -6  -2  -3  -6  -5  -4  -6  -4   1    0   0   0   0   1   0   0   0   0  96   1   0   0   0   0   0   0   0   0   2  2.05 0.52
   83 F    -5  -6  -6  -7  -6  -6  -7  -6  -4  -3  -2  -6  -1   9  -7  -6  -5  -2   0  -4    0   0   0   0   0   0   0   0   0   0   2   0   1  97   0   0   0   0   0   0  2.67 0.59
   84 A     7  -4  -5  -5  -3  -4  -4  -3  -5  -4  -4  -4  -4  -5  -4  -2  -2  -6  -5  -3   99   0   0   0   0   0   0   0   0   0   0   0   0   0   0   0   1   0   0   0  1.84 0.53
   85 Y    -5  -5  -6  -7  -6  -5  -6  -7  -2  -5  -5  -5  -4   0  -7  -5  -5  -1  10  -5    0   0   0   0   0   0   0   0   0   0   0   0   0   1   0   0   0   0  99   0  3.09 0.68
   86 G    -3  -5  -3  -4  -6  -5  -5   7  -5  -7  -7  -5  -6  -6  -5  -3  -5  -6  -6  -6    0   0   0   0   0   0   0 100   0   0   0   0   0   0   0   0   0   0   0   0  2.35 0.53
   87 Q    -4  -2  -3  -4  -7   9  -1  -5  -2  -6  -6  -2  -4  -7  -5  -3  -4  -5  -5  -6    0   0   0   0   0  99   0   0   1   0   0   0   0   0   0   0   0   0   0   0  2.63 0.67
   88 T    -3  -4  -3  -4  -4  -4  -4  -5  -5  -4  -4  -4  -4  -5  -4  -2   8  -6  -5  -3    0   0   0   0   0   0   0   0   0   0   0   0   0   0   0   0 100   0   0   0  2.22 0.60
   89 G    -3  -5  -3  -4  -6  -5  -5   7  -5  -7  -7  -4  -6  -6  -5  -2  -5  -6  -6  -6    0   0   0   0   0   0   0  99   0   0   0   0   0   0   0   1   0   0   0   0  2.31 0.52
   90 S    -1  -4  -2  -3  -4  -3  -3  -3  -4  -5  -5  -3  -4  -5  -4   6   3  -6  -5  -4    3   0   0   0   0   0   0   0   0   0   0   0   0   0   0  80  17   0   0   0  1.48 0.48
   91 G    -3  -5  -3  -4  -6  -5  -5   7  -5  -7  -7  -5  -6  -6  -5  -3  -5  -6  -6  -6    0   0   0   0   0   0   0 100   0   0   0   0   0   0   0   0   0   0   0   0  2.35 0.53
   92 K    -4  -1  -3  -4  -6  -2  -2  -5  -4  -6  -6   8  -5  -6  -4  -3  -4  -6  -5  -6    0   0   0   0   0   0   0   0   0   0   0 100   0   0   0   0   0   0   0   0  2.22 0.58
   93 T    -3  -4  -3  -4  -4  -4  -4  -5  -5  -4  -4  -4  -4  -5  -4  -1   8  -6  -5  -3    0   0   0   0   0   0   0   0   0   0   0   0   0   0   0   1  99   0   0   0  2.20 0.60
   94 F    -5  -5  -5  -6  -5  -5  -5  -6   4  -4  -3  -5  -3   7  -6  -5  -5  -1   8  -4    0   0   0   0   0   0   0   0  10   0   0   0   0  42   0   0   0   0  48   0  1.96 0.48
   95 T    -3  -4  -3  -4  -4  -4  -4  -5  -5  -4  -4  -4  -4  -5  -4  -1   8  -6  -5  -3    0   0   0   0   0   0   0   0   0   0   0   0   0   0   0   1  99   0   0   0  2.18 0.60
   96 I    -4  -5  -6  -7  -5  -4  -6  -6  -5   2  -1  -5  10  -3  -6  -5  -4  -5  -4  -2    0   0   0   0   0   0   0   0   0   9   1   0  89   0   0   0   0   0   0   0  2.69 0.65
   97 Y    -2  -2  -1  -1  -1   0   4  -2  -2  -1  -2  -2   2  -3  -3   2   2  -3   2  -2    1   0   2   1   1   3  36   2   0   5   1   0   8   0   0  16  14   0   8   2  0.43 0.23
   98 G    -3  -5  -3  -4  -5  -5  -5   7  -5  -7  -6  -4  -6  -6  -5  -3  -4  -5  -6  -6    0   0   0   0   0   0   0  99   0   0   0   0   0   0   0   0   0   0   0   0  2.29 0.51
   99 H    -2  -1   1   1  -4  -2  -2  -2  -2  -2  -3  -1  -3  -4   6   1   3  -5  -3  -2    1   4   6   7   0   0   1   3   1   2   1   3   0   0  38  10  21   0   1   3  0.77 0.25
  100 E    -1  -1   0   2  -4   0   4  -3  -3  -4  -4   1  -4  -5   5   0  -1  -5  -4  -2    5   2   4  10   0   2  32   1   0   0   1   7   0   0  26   6   1   0   0   2  0.69 0.23
  101 S    -1  -1   1   3  -4   1   5   0  -2  -4  -4   0  -3  -5  -3   1  -1  -5  -4  -3    3   1   6  15   0   5  45   9   0   0   0   3   1   0   0   8   2   0   0   1  0.66 0.24
  102 N    -1  -2   5   3  -4   0   0  -2   2  -4  -3  -1  -3  -4  -3   1   1  -5  -3  -4    4   1  37  18   0   4   6   2   4   0   2   1   0   0   0   9  11   0   1   0  0.62 0.23
  103 P    -2   4  -4  -4  -5   0  -2  -4  -2  -2  -1   0   0  -3   6  -3  -3   6  -3  -3    2  24   0   0   0   3   1   0   1   2   6   6   3   1  37   0   1  13   0   1  1.01 0.30
  104 G    -3  -5  -3  -4  -5  -5  -5   7  -5  -7  -6  -4  -6  -6  -5  -3  -4  -5  -6  -6    0   0   0   0   0   0   0  99   0   0   0   0   0   0   0   0   0   0   0   0  2.29 0.51
  105 L    -3  -4  -5  -5  -2  -4  -5  -5  -5   4   2  -4   3  -2  -5  -4  -2  -4  -3   5    0   0   0   0   1   0   0   0   0  27  18   0   6   0   0   0   0   0   0  47  0.93 0.29
  106 T    -1  -3   7  -2  -4  -3  -3  -3  -2   3  -4  -3  -3  -4  -4  -2   1  -6  -3  -3    6   0  64   0   0   0   0   0   0  17   0   0   0   0   0   1  10   0   1   0  1.23 0.40
  107 P    -4  -2  -4  -4  -5   2  -3  -5  -1  -4  -3  -3  -4   0   5  -3  -1  -2   7  -4    0   2   0   0   0  12   0   0   0   0   2   1   0   3  34   0   4   0  43   0  1.37 0.40
  108 R    -4   8  -3  -5  -6  -2  -3  -5  -2  -6  -3  -1  -2  -6  -5  -4  -4  -6  -5  -5    0  94   0   0   0   0   0   0   0   0   3   0   1   0   0   0   0   0   0   0  2.19 0.54
  109 A     6  -4  -3  -4  -2  -3  -3  -1  -4  -3  -3  -3  -3  -4  -3   1   3  -5  -4  -2   67   0   0   0   0   0   0   2   0   1   1   0   0   0   0  11  17   0   0   0  0.99 0.36
  110 T    -3  -4  -5  -5  -3  -4  -5  -5  -5   2   5  -4   1   1  -5  -4  -1  -4  -3   1    0   0   0   0   0   0   0   0   0   7  71   0   2   6   0   0   4   0   0   8  0.96 0.30
  111 K     0   1   3   0  -4   2   4  -1   2  -4  -3   0  -2  -4  -3   0  -1  -4  -3  -3    6   7  19   3   0  11  30   4   5   0   1   4   0   0   0   6   2   0   0   0  0.47 0.19
  112 E    -2   0  -1   4  -3   4   4  -3   1  -4  -1   0  -3  -4  -3  -2  -2  -5  -4  -3    3   4   1  30   0  19  25   1   3   0   8   3   0   0   0   0   1   0   0   0  0.65 0.25
  113 L    -3  -4  -5  -6  -3  -4  -5  -6  -5   3   5  -5   1  -1  -5  -4  -3  -4  -3   1    0   0   0   0   0   0   0   0   0  18  71   0   2   1   0   0   0   0   0   6  1.11 0.33
  114 F    -5  -6  -6  -6  -5  -6  -6  -6  -4  -3  -2  -6  -1   9  -7  -5  -5  -2   2  -4    0   0   0   0   0   0   0   0   0   0   1   0   1  93   0   0   0   0   3   0  2.49 0.55
  115 N     0   3   1   1  -2   2   1  -2   2  -3  -2   2  -2  -3  -3   1  -1  -4  -1  -3    6  18   6   7   1  13  10   1   5   1   4  13   0   1   0  13   2   0   1   0  0.30 0.14
  116 I    -1  -3  -3  -3   0  -2   1  -3  -4   4   2  -2   1  -2  -4  -1   1  -4  -2   1    3   1   1   0   2   0  11   1   0  40  16   1   3   0   0   6   8   0   1   7  0.38 0.19
  117 L     2  -1  -1  -3   0  -1  -2  -2  -3   1   0  -1   1  -3  -3   3   0  -4  -3   1   18   3   1   0   2   2   0   1   0  12   6   2   4   0   0  33   4   0   0  10  0.27 0.17
  118 K    -1   2   1   1  -4   4   3  -3   0  -4  -3   2  -3  -4  -3  -1   0  -4  -2  -3    4  10   5   6   0  23  26   0   2   0   1  14   0   0   0   3   5   0   1   1  0.52 0.21
  119 R     0   2   0   0  -4   2   4  -2  -1  -4  -3   0  -3  -4  -3   2  -1  -4  -3  -3    6   9   3   4   0  11  35   2   0   1   2   3   0   0   0  20   2   0   0   0  0.50 0.22
  120 D    -2   6   1   1  -5   0   0  -3  -2  -4  -2   2  -3  -5  -4  -2  -3  -5  -4  -4    2  59   6   8   0   3   3   1   0   0   4  11   0   0   0   1   0   0   0   0  1.01 0.33
  121 S     1   1   0  -1  -2   1   1   0  -1  -3  -3   3  -2  -4  -2   2  -1  -4  -3  -2   15   7   2   3   1   5   8   5   1   0   1  27   0   0   1  21   1   0   0   2  0.35 0.17
  122 K     0   0   2   3  -4   2   1   1  -1  -4  -4   1  -3  -4   0   1  -1  -4  -3  -3    5   2  13  17   0  12  10  13   1   0   0  10   0   0   4  12   1   0   1   0  0.35 0.15
  123 R    -1  -1   0   1  -3  -1   0   2  -1   0  -1   2   0  -2  -2   1   2  -2  -3  -1    3   2   4  10   0   1   5  16   1   5   5  15   2   1   0   8  16   1   0   5  0.14 0.09
  124 F    -3  -4  -4  -4  -1  -2  -3  -5  -2   3  -2  -4   2   5  -5  -4  -2   9   2   0    1   0   0   1   1   2   2   0   1  17   1   0   7  23   0   0   2  29   6   7  1.14 0.32
  125 S     0   1   1   1   0   1   1  -2   0  -2  -3   2   0  -3  -2   2   2  -4  -3  -2    4   8   6   9   2   5   9   0   2   1   1  16   3   0   0  18  14   0   0   1  0.27 0.14
  126 F    -5  -5  -5  -3  -4  -5  -5  -6   0  -2  -3  -5  -3   5  -6  -2  -3  -1   9  -2    0   0   0   2   0   0   0   0   1   1   0   0   0  19   0   2   1   0  70   2  1.96 0.50
  127 S    -1  -1   1   2  -2   0   4  -3  -1  -3  -4   2  -3  -4  -2   1   1  -5  -4  -2    2   2   4  13   1   1  35   0   1   1   0  12   0   0   1  13  11   0   0   2  0.51 0.21
  128 L    -2  -4  -5  -5  -3  -4  -5  -5  -4   5   2  -4   4   2  -5  -4  -2  -4  -1   4    1   0   0   0   0   0   0   0   0  35  16   0  12   7   0   0   1   0   1  27  0.78 0.26
  129 K    -1  -1  -1  -2  -3   2   1   1   0  -3  -3   1  -2   0  -3   3   2  -1   0  -3    3   2   1   0   0  11   7  11   2   0   1   9   0   5   0  29  15   1   3   1  0.30 0.17
  130 A     2  -5  -5  -5   1  -4  -4  -4  -5   1  -1  -4   0  -3  -4  -3  -2  -5  -4   6   22   0   0   0   3   0   0   1   0   3   2   0   1   0   0   1   1   0   0  66  0.99 0.35
  131 Y    -2  -3  -1  -3  -2   5  -2  -3  -2  -5  -4  -2  -3  -2  -4   5  -1  -3   4  -4    1   0   1   0   1  29   0   0   0   0   0   0   0   1   0  49   2   0  16   0  0.98 0.38
  132 M    -2  -4  -5  -6  -4  -4  -5  -5  -5   0   0  -4   9   2  -5  -3  -3  -4  -3   3    2   0   0   0   0   0   0   0   0   3   4   0  63   8   0   1   0   0   0  19  1.58 0.46
  133 V    -2  -4  -5  -5  -2  -4  -4  -5  -5   3   4  -4   3  -2  -4  -4  -2  -4  -2   3    3   0   0   0   1   0   0   0   0  12  49   0   6   0   0   0   1   0   0  26  0.76 0.25
  134 E    -4  -3  -3  -1  -7  -1   8  -5  -3  -6  -6  -2  -5  -6  -4  -3  -4  -6  -5  -5    0   0   0   0   0   1  98   0   0   0   0   0   0   0   0   0   0   0   0   0  2.18 0.56
  135 L    -3  -5  -5  -5  -3  -5  -5  -6  -5   6   2  -5   0  -2  -5  -4  -3  -5  -3   3    0   0   0   0   0   0   0   0   0  64  17   0   0   0   0   0   0   0   0  18  1.22 0.35
  136 Y    -5  -5  -5  -6  -6  -5  -5  -6  -1  -5  -4  -5  -4   0  -6  -5  -5  -1  10  -5    0   0   0   0   0   0   0   0   0   0   0   0   0   0   0   0   0   0  98   0  3.01 0.66
  137 Q    -4  -2   8  -2   1   2  -3  -3  -2  -4  -6  -3  -3  -6  -5  -2  -3  -6  -5  -5    0   2  85   0   3   8   0   0   0   1   0   0   1   0   0   0   0   0   0   0  1.99 0.52
  138 D    -4  -3  -2   3  -6  -1   7  -5  -3  -6  -6  -2  -5  -6  -4  -3  -4  -6  -5  -5    0   0   1  15   0   0  83   0   0   0   0   0   0   0   0   0   0   0   0   0  1.78 0.48
  139 T    -1   0  -1  -1  -4   6  -1  -3  -2  -3  -3   2  -1  -5  -3   0   3  -4  -4  -1    4   3   2   2   0  42   1   0   0   0   1  10   1   0   0   4  23   0   0   4  0.71 0.30
  140 L    -3  -4  -5  -5  -3  -4  -5  -5  -5   5   3  -4   0  -1  -5  -4  -3  -4  -2   3    0   0   0   0   0   0   0   0   0  42  30   0   1   1   0   0   0   0   1  24  0.92 0.28
  141 V    -3   7  -1  -4  -4   0  -3  -5   1   0  -3   0  -2  -3  -4  -3  -3  -2  -1  -1    0  71   3   0   0   2   0   0   3   8   1   3   0   1   0   0   0   1   2   5  1.26 0.38
  142 D    -5  -4  -1   8  -6  -3  -1  -4  -4  -6  -6  -4  -6  -5  -4  -3  -4  -7  -6  -6    0   0   1  96   0   0   0   0   0   0   0   0   0   0   0   0   0   0   0   0  2.33 0.54
  143 L    -4  -5  -6  -6  -3  -4  -5  -6  -5  -1   6  -5   0  -2  -5  -4  -4  -4  -3  -1    0   0   0   0   0   0   0   0   0   0  95   0   0   1   0   0   0   0   0   1  1.56 0.42
  144 L    -4  -4  -5  -6  -4  -4  -5  -6  -5   0   6  -5   0   1  -5  -5  -4  -4  -2  -2    0   0   0   0   0   0   0   0   0   1  90   0   0   5   0   0   0   0   1   0  1.40 0.39
  145 L     2  -2  -1  -2  -1  -1  -2   1  -2  -1   0  -2  -1  -2   0   2   0  -3  -2   2   22   2   2   1   1   1   1  12   0   2   9   1   1   1   3  19   3   0   1  20  0.18 0.13
  146 P    -1  -1   0   1  -3   1   1   0  -2  -3  -3   1  -3  -4   3   2   2  -4  -3  -3    4   1   4   8   0   5  10   6   0   0   1  10   0   0  18  17  16   0   0   1  0.38 0.15
  147 K    -1  -1   3   4  -3   0   1   0  -1  -4  -4   2  -3  -4  -1   1   0  -4  -3  -3    3   1  16  25   0   3   9   6   1   1   1  18   0   0   2   8   5   0   0   1  0.42 0.16
  148 R     0   2   2   0  -2   1   0   0   0  -3  -3   1  -2  -3   1   2   0  -2  -2  -2    5  15   9   3   0   8   5   8   2   1   1   7   0   1   8  20   4   1   0   1  0.24 0.11
  149 L    -1   1  -1  -1  -3   0   1  -2  -1  -2   0   4  -1  -3   1   0   1  -3  -3  -2    2   4   1   2   0   3  10   1   1   1  12  37   1   0   7   6   8   0   0   1  0.32 0.15
  150 K    -2   3   1  -1  -4   1   0  -1  -2  -3  -4   5  -3  -4  -1  -1  -1  -4  -3  -3    1  15   5   2   0   6   4   3   1   1   1  51   0   0   2   3   4   0   0   1  0.70 0.23
  151 L    -3  -3  -4  -4  -2  -2  -3  -4   2   1   5  -3   1  -1  -4  -3  -2  -2   3  -1    1   1   0   1   0   1   1   1   6   5  64   1   2   1   1   1   1   0  12   2  0.73 0.24
  152 E    -2  -2  -1   4  -4   0   5  -1  -1  -3  -3  -1  -3  -4  -2  -1   0   1  -3  -3    3   1   1  23   0   2  47   4   1   2   2   2   0   1   1   2   5   2   0   1  0.73 0.25
  153 I    -3  -4  -3  -5  -3  -4  -5  -5  -5   7   0  -4   0  -2  -4  -3  -2  -4  -3   3    0   0   2   0   0   0   0   0   0  72   4   0   1   0   0   1   1   0   0  15  1.23 0.34
  154 K    -3   4  -2  -2  -3  -1  -2  -4  -2  -4  -3   6  -2  -4  -3  -1   0  -4  -4  -3    1  26   1   1   1   1   0   0   0   1   1  55   1   1   0   3   5   0   0   1  0.99 0.32
  155 K    -2   0   2  -2  -4   4  -1  -3   4  -3  -2   2   0  -3   2   0  -1  -4  -2  -3    1   4  12   0   0  24   0   1  12   1   4  17   2   1  10   5   4   0   0   0  0.49 0.21
  156 D     0  -2   2   5   0  -1  -1   1  -2  -3  -3  -1  -2  -4  -3   2   0  -4  -3  -2   10   1   8  35   2   2   1   9   0   1   1   2   1   0   0  16   5   0   0   4  0.45 0.18
  157 S     2   0   0  -1  -3   1  -1   2  -2  -3  -3   1  -2  -4   2   3   0  -4  -3  -2   18   3   2   2   0   6   2  14   1   0   0   8   1   0  10  28   2   0   0   2  0.35 0.16
  158 K    -2   0   2   1  -4   3   2  -3   0  -3  -3   2  -2  -4   0   1   0  -4  -3  -3    1   3  13   9   0  14  16   0   2   1   1  17   0   0   4  15   4   0   0   1  0.40 0.17
  159 G    -2  -2   3  -2  -3  -3  -3   6  -3  -5  -5  -1  -3  -2  -4  -1  -2  -4  -2  -5    1   2  16   1   0   1   1  66   0   0   0   3   0   2   0   3   2   0   1   0  1.16 0.32
  160 M    -1  -1   2  -1  -2   1  -1   3  -1  -1  -1  -1   3  -1  -2   0   0   0  -2  -1    2   2  10   2   0   8   3  27   1   1   6   1  15   2   1   4   8   1   1   4  0.24 0.14
  161 V    -2  -2  -3  -3  -3   1  -3  -4   3   1   3  -3   0  -1  -1  -2   2  -3  -2   3    0   1   0   0   0   8   0   0   9   5  33   0   0   1   3   1  15   0   1  22  0.35 0.18
  162 F     1  -2   2  -2  -2  -1   0  -3   5  -2  -2  -2  -2   1  -3   0   0  -1   4  -1   12   1  11   1   1   1   8   0  20   0   1   0   1   4   0   6   7   0  19   6  0.40 0.19
  163 V    -2  -5  -5  -6  -3  -5  -5  -5  -6   2   0  -5  -1  -3  -4  -4  -3  -5  -4   7    1   0   0   0   0   0   0   1   0   7   4   0   0   0   1   0   0   0   0  85  1.48 0.43
  164 E    -3  -4  -3  -3  -5   1   0  -4  -3  -5  -4  -2  -4  -6   7   1   1  -6  -5  -4    0   0   0   0   0   6   7   0   0   0   1   1   0   0  64  10   8   0   0   1  1.60 0.41
  165 N    -3  -4   4   5  -5  -3  -1   4  -1  -5  -6  -3  -5  -5  -4  -2  -3  -6  -5  -5    0   0  21  35   0   0   3  39   1   0   0   0   0   0   0   0   0   0   0   0  1.12 0.33
  166 V     4  -4  -4  -5  -3  -3  -4  -3  -4   1   4  -4   0  -2  -4  -1  -2  -4  -3   0   37   0   0   0   0   0   0   0   0   6  48   0   1   0   0   2   0   0   0   6  0.70 0.28
  167 T    -1  -1   0  -2  -1  -2  -1  -3  -2   0  -2  -1  -1  -3  -3   2   5  -4  -3   2    1   3   4   0   1   0   3   0   0   4   1   4   1   0   0  18  40   0   0  19  0.49 0.24
  168 T    -2  -1  -2  -2  -2   0   3  -4  -3   2   1  -2   3  -2  -3  -1   0   0   0   2    1   2   0   0   0   3  26   0   0  12  14   1  12   0   0   3   7   1   4  14  0.29 0.18
  169 I     1  -1  -3  -3  -1  -1  -1  -3   3   1   0   0   0   1  -2  -2  -1  -3   0   3   17   3   0   0   1   2   3   0   8   8   4   6   2   6   1   1   1   0   3  33  0.23 0.15
  170 P    -1   1  -1   2  -1   2   2  -3   0  -4  -4   1  -3  -5   5   0   0  -5  -4  -2    2   7   2  10   1   9  13   0   3   0   1   7   0   0  31   7   4   0   0   3  0.61 0.20
  171 I     0  -5  -6  -6   0  -5  -5  -6  -6   2  -1  -5  -2  -3  -5  -4  -3  -5  -4   7    6   0   0   0   2   0   0   0   0   7   2   0   0   0   0   0   0   0   0  84  1.45 0.43
  172 S     0   0   2  -1   1   2   0  -2   1  -2  -3   1  -2  -1  -2   2   2  -3   0  -2    5   4  12   2   3   9   6   2   4   1   0  11   0   3   1  18  16   0   4   1  0.23 0.13
  173 T    -1  -2   3   0   2  -2  -2   0  -2  -5  -4  -2  -4  -5  -3   5   1  -5  -4  -4    0   1  16   3   5   1   1   8   0   0   0   1   0   0   0  55   9   0   0   0  0.81 0.32
  174 L     1  -2  -2  -2  -3  -2  -1  -3  -2   1   0  -2   2   0   2   0   3  -1  -1   1   12   2   0   1   0   0   5   0   0  10   6   1   6   5   9   4  29   1   1   7  0.24 0.15
  175 E     0   0   1   2  -2   1   3  -1  -1  -4  -4   1  -1  -4  -2   2  -1  -4  -3  -3    8   4   6  13   1   7  25   3   1   0   0  10   2   0   0  17   2   0   0   1  0.38 0.16
  176 E    -2  -3  -1   6  -6   2   5  -3   1  -5  -5  -2  -5  -6  -4  -2  -3  -6  -4  -5    2   0   0  42   0   8  41   2   3   0   0   1   0   0   0   1   1   0   0   0  1.19 0.36
  177 L    -2  -5  -5  -5  -3  -4  -5  -6  -5   3   2  -5   0  -3  -5  -4  -1  -5  -3   6    1   0   0   0   0   0   0   0   0  17  15   0   1   0   0   0   2   0   0  64  1.09 0.34
  178 R    -2  -1   2  -2  -2  -1  -2  -4   0   1   2   0   1   0  -4   0  -1   7   0  -1    1   4  13   1   0   2   1   0   2  12  19   5   5   4   0   7   2  18   2   1  0.41 0.18
  179 M     0   1   2   2  -4   1   3  -1   0  -4  -4   2  -2  -2  -3   1  -1  -4  -2  -3    7   6  12  12   0   4  22   3   2   0   0  14   0   1   0  11   3   0   1   0  0.35 0.15
  180 I    -2  -4  -5  -5  -1  -3  -4  -5  -5   2   4  -3   1  -1  -5  -4  -1  -3  -2   3    2   0   0   0   1   0   0   0   0  13  56   1   3   1   0   0   2   0   0  19  0.75 0.25
  181 L    -3  -4  -4  -5  -4  -4  -5  -5  -4   2   4  -4   7   3  -5  -4  -3  -3  -2  -1    0   0   0   0   0   0   0   0   0  12  39   0  31  15   0   0   0   0   0   2  1.00 0.32
  182 E     0   1   2   1  -3   3   3  -1   1  -4  -3   2  -2  -4  -3  -1  -1  -4  -3  -3   10   5  11   9   0  17  20   3   3   0   2  15   1   0   0   1   2   0   0   1  0.38 0.17
  183 R     0   2  -2  -3  -3   1  -1  -3  -1   2   1   1   0   0  -3   0   1  -1  -2   0    8  16   1   0   0   9   2   0   1  15  14   9   1   4   0   7   9   1   0   3  0.14 0.11
  184 G     2  -5  -3  -4  -4  -4  -4   6  -4  -5  -5  -4  -5  -5  -4  -2   0  -5  -5  -5   21   0   0   0   0   0   0  72   0   0   0   0   0   0   0   0   6   0   0   0  1.47 0.39
  185 S     2  -1   3  -2   0   3  -1  -2   2  -4  -2   0  -2  -4  -3   3  -1  -4  -3  -3   24   1  15   1   2  13   2   1   7   0   5   3   0   0   0  26   1   0   0   0  0.41 0.21
  186 E    -1   2   1  -2  -4   2   0  -3   0  -2   1   3   4  -3  -2  -1  -1  -4  -3  -2    5  14   7   0   0  10   5   1   2   1  12  18  18   0   1   2   2   0   0   1  0.32 0.18
  187 R    -5  -3   9  -2  -6  -2  -3  -4  -3  -7  -7  -3  -5  -6  -5  -2  -3  -7  -5  -6    0   0  98   0   0   1   0   0   0   0   0   0   0   0   0   2   0   0   0   0  2.52 0.61
  188 E    -1   2  -1   3  -6  -1   6  -4  -1  -5  -5  -1  -4  -5  -4  -2  -2  -5  -4  -3    4  14   2  14   0   0  61   0   1   0   0   0   0   0   0   1   1   0   0   2  1.11 0.36
  189 E    -3   5  -2  -3  -5   2   2  -4   7  -5  -1  -1  -3  -4  -4  -3  -3  -5  -2  -4    1  33   0   0   0  11  14   0  32   0   6   0   0   0   0   0   1   0   0   0  1.04 0.33
  190 S    -2  -4  -2  -3  -4  -3  -3  -3  -4  -5  -5  -2  -4  -5  -4   7  -1  -6  -5  -5    0   0   0   0   0   0   0   0   0   0   0   1   0   0   0  96   1   0   0   0  1.83 0.54
  191 S    -1  -4  -2  -3  -4  -3  -3  -2  -4  -5  -5  -3  -4  -5  -4   7  -1  -6  -5  -5    1   0   0   0   0   0   0   1   0   0   0   0   0   0   0  96   0   0   0   0  1.82 0.54
  192 R    -4   8  -3  -4  -6  -2  -3  -5  -3  -6  -5  -1  -4  -6  -5  -4  -3  -5  -5  -5    0  96   0   0   0   0   0   0   0   0   0   0   0   0   0   0   2   0   0   0  2.29 0.55
  193 S    -2  -4  -2  -3  -4  -3  -3  -3  -4  -5  -5  -3  -4  -3  -4   7  -1  -5  -4  -4    0   0   0   0   0   0   0   0   0   0   0   0   0   1   0  97   0   0   0   0  1.83 0.54
  194 H    -5  -4  -3  -4  -6  -3  -3  -5  11  -6  -6  -4  -5  -5  -5  -4  -4  -6  -2  -6    0   0   0   0   0   0   0   0  97   0   0   0   0   0   0   0   1   0   0   0  3.30 0.68
  195 L     1  -4  -3  -4   6  -3  -3  -3  -4  -2   1  -3   2   1  -4   4  -2  -4  -3  -2   14   0   0   0  19   0   0   0   0   0  17   0   5   7   0  36   0   0   0   1  0.62 0.27
  196 I    -3  -4  -5  -5   3  -4  -5  -5  -5   4   3  -4   2  -2  -5  -4  -2  -4  -3   4    0   0   0   0   8   0   0   0   0  30  24   0   5   0   0   0   0   0   0  33  0.82 0.27
  197 L    -3  -4  -5  -5  -3  -4  -5  -5   0   1   5  -4   0   4  -5  -4  -3  -3  -1   2    1   0   0   0   0   0   0   0   3   5  56   0   1  20   0   0   0   0   0  14  0.85 0.28
  198 S    -1   1  -1  -3   4   0  -3  -1  -3   0  -3  -2  -2  -4  -3   3   5  -4  -1  -2    1   8   1   0  10   5   0   4   0   7   1   1   0   0   0  21  39   0   2   0  0.55 0.26
  199 V    -3  -5  -5  -5  -3  -4  -5  -6  -5   5   2  -5   0  -2  -5  -4  -2  -5  -3   5    0   0   0   0   0   0   0   0   0  31  19   0   1   0   0   0   1   0   0  47  1.01 0.31
  200 V    -3   2  -2  -2  -3  -1  -2  -4   6   0  -1  -1   3  -2  -4  -1   2  -4   0   0    0  11   0   1   0   1   1   0  28   7   5   3  11   1   0   2  19   0   3   7  0.52 0.24
  201 I    -2  -5  -5  -6  -1  -5  -5  -6  -5   5   0  -5  -1  -3  -5  -4  -2  -5  -4   6    2   0   0   0   1   0   0   0   0  32   5   0   1   0   0   0   1   0   0  59  1.16 0.35
  202 E    -2   4   0  -1  -3   3   3  -3   1  -3  -3   2  -2  -2  -3   0   0  -3  -1  -3    0  25   3   1   1  13  21   0   4   1   1  12   0   2   0   8   5   0   1   1  0.47 0.20
  203 S     0  -4  -2  -3  -2  -4  -4   6  -4  -5  -5  -3  -4  -5  -4   2   0  -3  -5  -3    8   0   1   0   1   0   0  68   0   0   0   0   0   0   0  16   5   0   0   2  1.25 0.35
  204 I    -1   2  -1  -2  -3  -1   2  -3  -2  -1  -1   3  -1  -1  -3  -1   3  -2  -1   1    1  11   1   1   0   1  14   0   0   2   5  19   1   2   0   2  26   0   2  12  0.30 0.18
  205 D    -4  -3   7   5  -5  -2   0  -3   0  -6  -6  -3  -5  -6  -4  -1  -3  -6  -5  -5    0   0  57  31   0   0   5   0   2   0   0   0   0   0   0   3   0   0   0   0  1.49 0.41
  206 L    -1  -1  -3  -3   0  -2   0  -4  -2   0   4   1   1  -1  -3  -1   0  -3  -1   0    3   3   0   0   2   0   9   0   0   3  53   9   2   1   1   4   5   0   1   3  0.36 0.18
  207 Q     1  -1   0  -2  -2   2   0  -1  -1   1  -1   1   1  -2  -2   1   2  -3  -2   0   10   0   3   0   0  12   3   3   2  10   5  12   4   0   0  12  16   0   0   7  0.14 0.11
  208 T    -2  -1   3  -1  -3  -2  -3  -3  -3  -3  -4  -2  -3  -5  -3   3   6  -5  -4  -3    1   3  16   2   0   0   0   1   0   0   0   1   0   0   0  22  53   0   0   0  0.96 0.35
  209 Q    -2  -3   1   0  -5   1   0   6  -2  -6  -5  -1  -2  -5  -4  -2  -3  -5  -4  -5    0   1   6   6   0   8   7  65   0   0   0   3   1   0   0   1   1   0   0   0  1.11 0.32
  210 S     1  -2   1   0  -1   3   1  -2  -1  -1  -1  -1  -1  -3  -2   2   1  -4  -3   0   10   0   6   3   1  17  11   1   0   4   5   2   1   0   0  23  10   0   0   5  0.24 0.15
  211 A    -1   2  -1  -3   3   2  -1  -3  -1   1  -1   1  -1  -3  -3   0   1  -4  -2   2    4  12   1   0   9  10   2   0   2   8   2  12   1   0   0   6  12   0   1  19  0.21 0.14
  212 A     0  -3  -2  -3   3  -3  -3  -3  -4   0   2  -3   1  -2  -3   1   4  -3  -3   1    8   0   1   0   6   0   0   1   0   3  24   0   3   1   0  10  33   0   0  10  0.40 0.20
  213 R    -2   5  -1  -2  -1   2  -1  -3   2  -2  -3   2  -1  -1  -3   0   1  -3   1  -1    1  35   2   1   1  10   1   0   6   1   1  15   2   3   0   7   8   0   5   4  0.46 0.20
  214 G    -2  -4  -2  -4  -5  -4  -4   6  -4  -6  -6  -4  -5  -6  -4   3  -3  -5  -5  -5    0   0   0   0   0   0   0  75   0   0   0   0   0   0   0  25   0   0   0   0  1.62 0.43
  215 K    -2  -1   1  -3   5  -1  -2  -4   3  -2  -3   5  -1  -4  -4   0  -2  -5  -3   1    1   1   6   0  14   0   0   0   7   1   1  47   1   0   0   8   1   0   0  10  0.70 0.29
  216 L    -4  -5  -6  -6  -4  -5  -5  -6  -5   0   6  -5   3  -1  -6  -5  -4  -4  -4  -1    0   0   0   0   0   0   0   0   0   3  89   0   7   1   0   0   0   0   0   0  1.50 0.42
  217 S    -3  -3   4  -3  -1  -3  -3  -4   7  -5  -5  -3  -4  -3  -5   3  -2   7  -1  -5    0   0  24   0   1   0   0   0  33   0   0   0   0   1   0  23   0  17   1   0  1.37 0.41
  218 F    -4  -5  -6  -6  -4  -5  -6  -6  -5  -1   6  -5   0   2  -6  -5  -4  -4  -3  -2    0   0   0   0   0   0   0   0   0   0  91   0   1   8   0   0   0   0   0   0  1.52 0.43
  219 V    -3  -5  -6  -6  -4  -5  -5  -6  -6   4  -2  -5  -2  -3  -5  -4  -3  -6  -4   7    0   0   0   0   0   0   0   0   0  20   0   0   0   0   0   0   0   0   0  80  1.57 0.44
  220 D    -5  -5  -2   8  -7  -3  -1  -5  -4  -6  -7  -4  -6  -7  -5  -3  -4  -8  -5  -6    0   0   0 100   0   0   0   0   0   0   0   0   0   0   0   0   0   0   0   0  2.55 0.59
  221 L    -4  -5  -6  -7  -4  -5  -6  -7  -6  -1   6  -5  -1  -2  -6  -5  -4  -4  -4  -2    0   0   0   0   0   0   0   0   0   0 100   0   0   0   0   0   0   0   0   0  1.76 0.47
  222 A     7  -4  -5  -5  -3  -4  -4  -3  -5  -4  -4  -4  -4  -5  -4  -2  -3  -6  -5  -3  100   0   0   0   0   0   0   0   0   0   0   0   0   0   0   0   0   0   0   0  1.86 0.53
  223 G    -3  -5  -3  -4  -6  -5  -5   7  -5  -7  -7  -5  -6  -6  -5  -3  -5  -6  -6  -6    0   0   0   0   0   0   0 100   0   0   0   0   0   0   0   0   0   0   0   0  2.35 0.53
  224 S    -2  -4  -2  -3  -3  -3  -3  -3  -4  -6  -6  -3  -5  -6  -4   7  -2  -6  -5  -5    0   0   0   0   0   0   0   0   0   0   0   0   0   0   0 100   0   0   0   0  1.97 0.58
  225 E    -4  -3  -3  -1  -7  -1   8  -5  -3  -7  -6  -2  -5  -7  -4  -3  -4  -6  -5  -6    0   0   0   0   0   0 100   0   0   0   0   0   0   0   0   0   0   0   0   0  2.28 0.59
  226 R    -5   8  -4  -5  -7  -2  -3  -6  -1  -6  -5  -1  -5  -6  -5  -4  -4  -6  -5  -6    0  99   0   0   0   0   0   0   1   0   0   0   0   0   0   0   0   0   0   0  2.47 0.59
  227 V     0  -4  -5  -5  -3  -4  -5  -5  -5   2   3  -4   0  -3  -3  -3  -2  -5  -3   5    7   0   0   0   0   0   0   0   0   7  26   0   0   0   1   0   0   0   0  58  0.90 0.31
  228 K     1  -2   0   4  -3  -1   0   2  -2  -4  -4   1  -3  -4  -3   2  -2   1  -4  -4   14   1   2  30   0   1   3  16   0   0   0  12   0   0   0  17   0   3   0   0  0.49 0.21
  229 K    -4   5  -3  -3  -6  -1  -1  -4  -3  -6  -5   7  -4  -6  -4  -3  -3  -6  -5  -5    0  27   0   1   0   1   1   0   0   0   0  70   0   0   0   0   0   0   0   0  1.57 0.45
  230 S    -2  -4  -2  -3  -4  -3  -3  -3  -4  -1  -4  -3  -4  -5  -4   6   4  -5  -4  -2    0   0   0   0   0   0   0   0   0   4   0   0   0   0   0  71  23   0   0   2  1.27 0.44
  231 G    -2  -3  -2   1  -3   0   4   5  -3  -5  -4  -2  -4  -5  -4  -2  -3  -5  -5  -5    1   0   1   8   1   3  37  47   0   0   2   0   0   0   0   0   0   0   0   0  1.03 0.33
  232 S     5  -4  -4  -4  -3  -3  -3  -3  -4  -2  -2  -3  -2  -4  -3   2  -2  -5  -4   4   50   0   0   0   0   0   0   0   0   0   1   0   0   0   0  17   0   0   0  32  0.85 0.34
  233 A    -1  -2  -2  -1  -4   3   3  -3  -2  -2  -3  -1  -1  -4  -3   0   5  -5  -4  -1    4   0   0   2   0  13  23   1   0   1   0   3   1   0   0   5  41   0   0   5  0.63 0.28
  234 G    -1  -5  -2  -2  -5  -4  -5   7  -5  -7  -6  -3  -5  -6  -4  -3  -4  -5  -6  -6    4   0   1   2   0   0   0  92   0   0   0   1   0   0   0   0   0   0   0   0  1.98 0.47
  235 N    -2  -3   1   5  -4   1   5  -4  -1  -5  -5  -1  -4  -5  -3   0  -3  -6  -4  -5    2   0   4  40   0   6  38   0   1   0   1   2   0   0   0   7   0   0   0   0  1.05 0.33
  236 Q    -3   8  -2  -4  -6   3  -2  -5  -3  -6  -5  -1  -3  -6  -5  -2  -2  -5  -3  -5    1  80   1   0   0  14   0   0   0   0   0   0   0   0   0   1   2   0   1   0  1.80 0.49
  237 L    -4  -5  -6  -6  -4  -4  -6  -6  -5   0   6  -5   1  -1  -6  -5  -4  -4  -4  -2    0   0   0   0   0   0   0   0   0   1  95   0   1   2   0   0   0   0   0   0  1.61 0.44
  238 K    -4   3  -2  -4  -6  -1  -1  -4  -3  -4  -5   7  -4  -6  -4  -3  -3  -6  -5  -4    0  12   1   0   0   1   1   0   0   1   0  83   0   0   0   0   1   0   0   1  1.67 0.47
  239 E    -4  -3  -3  -1  -7  -1   8  -5  -3  -7  -6  -2  -5  -7  -4  -3  -4  -6  -5  -6    0   0   0   0   0   0 100   0   0   0   0   0   0   0   0   0   0   0   0   0  2.28 0.59
  240 A     6  -4  -3  -4  -3  -3  -3  -3  -4  -4  -4  -3  -1  -5  -3   1   3  -5  -4  -2   73   0   0   0   0   0   0   0   0   0   0   0   1   0   0   8  18   0   0   0  1.17 0.40
  241 Q    -4  -2   0  -3  -6   8  -1  -5  -3  -5  -4   0  -2  -6  -4  -3  -2  -5  -5  -2    0   0   4   0   0  86   0   0   0   0   1   3   1   0   0   0   2   0   0   2  1.98 0.56
  242 S     2  -3   3  -3   2  -2  -2  -3   6  -4  -4  -2  -3   2  -4   2  -2  -4   2  -4   19   0  17   0   5   0   1   0  27   0   0   0   0   9   0  16   0   0   5   0  0.71 0.28
  243 I    -4  -6  -6  -6  -4  -6  -6  -7  -6   8  -1  -6  -2  -3  -6  -5  -4  -6  -4   0    0   0   0   0   0   0   0   0   0 100   0   0   0   0   0   0   0   0   0   0  2.21 0.55
  244 N    -5  -4   9  -2  -6  -3  -4  -4  -3  -7  -7  -3  -6  -6  -5  -3  -3  -7  -5  -6    0   0 100   0   0   0   0   0   0   0   0   0   0   0   0   0   0   0   0   0  2.64 0.63
  245 K    -3   3  -3  -3  -6   0  -2  -4  -3  -5  -5   7  -4  -6  -4  -1  -2  -6  -5  -5    0  16   0   0   0   2   0   0   0   0   0  78   0   0   0   3   1   0   0   0  1.59 0.45
  246 S    -2  -4  -2  -3  -4  -3  -3  -3  -4  -6  -6  -3  -5  -6  -4   7  -2  -6  -5  -5    0   0   0   0   0   0   0   0   0   0   0   0   0   0   0 100   0   0   0   0  1.98 0.58
  247 L    -4  -5  -6  -7  -4  -5  -6  -7  -6  -1   6  -5  -1  -2  -6  -5  -4  -4  -4  -2    0   0   0   0   0   0   0   0   0   0 100   0   0   0   0   0   0   0   0   0  1.76 0.47
  248 S    -1  -4  -2  -3  -2  -3  -3  -3  -4  -5  -3  -3  -4  -5  -4   7  -1  -6  -5  -4    3   0   0   0   1   0   0   0   0   0   3   0   0   0   0  93   1   0   0   0  1.68 0.52
  249 A     6  -4  -1  -4   4  -3  -3  -2  -4  -4  -4  -3  -3  -5  -3   1  -1  -5  -4  -2   76   0   3   0   8   0   0   0   0   0   0   0   0   0   0   9   2   0   0   1  1.19 0.40
  250 L    -4  -5  -6  -7  -4  -5  -6  -7  -6  -1   6  -5  -1  -2  -6  -5  -4  -4  -4  -2    0   0   0   0   0   0   0   0   0   0 100   0   0   0   0   0   0   0   0   0  1.75 0.47
  251 G    -2  -5  -3  -4  -5  -4  -5   7  -5  -6  -6  -4  -5  -6  -5   0  -4  -5  -6  -5    1   0   0   0   0   0   0  91   0   0   0   0   0   0   0   8   0   0   0   0  1.98 0.47
  252 D    -4  -4   0   8  -6  -2   0  -4  -4  -3  -5  -4  -3  -6  -4  -3  -3  -7  -6  -6    0   0   3  90   0   1   2   0   0   1   1   0   1   0   0   0   1   0   0   0  2.08 0.51
  253 V    -3  -5  -6  -6  -2  -5  -5  -6  -6   0  -2  -5  -2  -4  -5  -4  -3  -6  -4   7    0   0   0   0   1   0   0   0   0   0   1   0   0   0   0   0   0   0   0  97  1.87 0.51
  254 I    -4  -6  -6  -6  -4  -6  -6  -6  -6   8  -1  -5   0   0  -6  -5  -3  -5  -4   0    0   0   0   0   0   0   0   0   0  93   1   0   1   3   0   0   0   0   0   1  1.91 0.49
  255 G     2  -3   0  -3  -3   0  -2  -2   1  -3  -2  -2   1   4  -3   3   0  -3   1  -3   17   0   4   0   0   5   0   2   4   0   1   0   4  20   0  34   4   0   4   0  0.43 0.23
  256 A     6  -4  -3  -4  -2  -3  -3  -1  -4  -4  -4  -3  -4  -5  -3   3  -2  -5  -4  -3   78   0   1   0   0   0   0   2   0   0   0   0   0   0   0  18   0   0   0   0  1.27 0.41
  257 L    -4  -2  -6  -6  -4  -5  -5  -6  -5   0   6  -5   0  -2  -5  -5  -4  -4  -4  -2    0   2   0   0   0   0   0   0   0   3  94   0   0   0   0   0   0   0   0   0  1.54 0.43
  258 S     5   2  -3  -3  -2  -1  -3  -1  -3  -4  -3  -2  -3  -4  -3   3  -2  -5  -2  -2   58  11   0   0   1   1   0   3   0   0   1   1   0   0   0  20   1   0   1   1  0.78 0.31
  259 S     0  -1   3  -2  -4   4  -1  -2   0  -4  -4   1  -2  -3  -3   3   2  -4  -2  -3    5   0  13   0   0  27   2   1   2   0   0   7   1   1   0  27  12   0   1   0  0.54 0.25
  260 G    -3   2   1  -1  -5   0   1   0  -2  -5  -5   6  -4  -5  -3  -2  -3  -5  -4  -5    0   7   6   2   0   2   7   7   1   0   0  68   0   0   0   0   0   0   0   0  1.11 0.36
  261 N    -1  -2   4   0  -4   3   2  -1   1  -3  -4  -1  -3  -4  -2   3   0  -4  -3  -3    3   0  20   4   0  18  15   4   3   2   1   1   0   0   1  24   4   0   0   0  0.49 0.22
  262 Q     1  -2   0   0  -3   2   0   1  -2  -4  -3   1  -3  -4   2   3   0  -4  -3  -3   14   0   2   5   0  11   3   9   0   0   1   9   0   0  11  30   4   0   0   0  0.39 0.18
  263 H    -5  -4  -3  -4  -6  -3  -3  -5  11  -6  -5  -4  -5   2  -5  -4  -5  -5  -1  -6    0   0   0   0   0   0   0   0  89   0   0   0   0   8   0   0   0   0   1   0  2.95 0.63
  264 I    -3  -5  -5  -5  -3  -5  -5  -6  -5   6  -1  -5  -1  -3  -5  -4  -2  -5  -4   5    0   0   0   0   0   0   0   0   0  46   0   0   0   0   0   0   1   0   0  51  1.33 0.38
  265 P    -4  -5  -5  -5  -6  -4  -4  -5  -5  -6  -6  -4  -6  -7   9  -4  -4  -7  -6  -5    0   0   0   0   0   0   0   0   0   0   0   0   0   0  98   0   0   0   0   0  3.06 0.62
  266 Y    -5  -5  -4  -6  -5  -5  -5  -6  -2  -4  -3  -5  -4   5  -6  -5  -5  -1   9  -4    0   0   0   0   0   0   0   0   0   0   0   0   0  25   0   0   0   0  73   0  2.30 0.54
  267 R    -4   8  -3  -4  -6  -2  -3  -5  -3  -5  -5  -1  -4  -5  -5  -3  -4  -5  -4  -5    0  95   0   0   0   0   0   0   0   0   0   0   0   0   0   0   0   0   0   0  2.25 0.53
  268 N    -4  -3   9   0  -5  -3  -3  -3  -2  -6  -6  -3  -5  -5  -4  -2  -3  -6  -5  -5    0   0  92   3   0   0   0   0   0   0   0   0   0   0   0   1   1   0   0   0  2.22 0.53
  269 H    -2  -3   1  -3  -4  -3  -3  -3   4  -5  -5  -3  -4  -5  -3   6  -1  -5  -4  -4    0   0   7   0   0   0   0   0  10   0   0   0   0   0   0  80   0   0   0   0  1.40 0.45
  270 K    -3   1  -3  -3  -5  -1  -2  -4  -3  -4  -5   7  -2  -5  -4  -2  -2  -1  -4  -3    1   3   0   0   0   0   0   0   0   1   0  87   1   0   0   2   2   1   0   2  1.63 0.46
  271 L    -4  -4  -5  -6  -4  -4  -5  -6  -5   0   6  -5   0  -2  -5  -5  -4  -4  -3  -2    0   0   0   0   0   0   0   0   0   2  95   0   0   0   0   0   0   0   0   0  1.54 0.42
  272 T    -3  -4  -3  -4  -4  -4  -4  -4  -5  -4  -4  -4  -4  -5  -4  -1   8  -5  -4  -3    0   0   0   0   0   0   0   0   0   0   0   0   0   0   0   1  96   0   0   0  2.04 0.55
  273 M    -3  -1  -3  -4  -2   5  -2  -4   5  -3  -2  -2   4   1  -4  -3  -3  -1   6  -3    0   2   0   0   1  30   1   1  14   0   3   0  12   3   0   1   1   0  30   0  0.98 0.34
  274 L    -3  -4  -5  -5  -1  -4  -5  -5  -5   0   6  -3   1  -2  -5  -4  -3  -4  -3   2    0   0   0   0   1   0   0   0   0   2  79   1   2   0   0   0   1   0   0  11  1.13 0.34
  275 M    -4  -4  -5  -6  -4  -4  -5  -6  -5   0   6  -4   5  -1  -5  -4  -3  -4  -3  -1    0   0   0   0   0   0   0   0   0   2  77   0  17   1   0   1   0   0   0   0  1.32 0.38
  276 S    -3  -2  -3  -3  -5   8  -1  -4  -2  -5  -5  -1  -3  -6  -4   1  -3  -5  -4  -5    0   0   0   0   0  84   1   0   0   0   0   1   0   0   0  12   0   0   0   0  1.96 0.54
  277 D    -3  -3   2   6  -5  -2   0  -2  -3  -5  -5  -3  -5  -5   1   2  -1  -6  -5  -5    0   0   8  59   0   0   2   2   0   0   0   0   0   0   8  16   3   0   0   0  1.13 0.34
  278 S    -1  -4  -2  -3   4  -3  -3  -3  -4  -5  -5  -3  -4  -5  -2   7  -1  -5  -4  -4    3   0   0   0  10   0   0   1   0   0   0   0   0   0   1  83   0   0   0   0  1.49 0.47
  279 L    -4  -4  -5  -6  -4  -4  -5  -6  -5   0   6  -5   1  -2  -3  -5  -2  -4  -3  -2    0   0   0   0   0   0   0   0   0   1  92   0   2   0   1   0   1   0   0   0  1.45 0.40
  280 G    -2  -4  -2  -3  -3  -4  -4   7  -4  -6  -6  -3  -5  -6  -4   1  -4  -5  -5  -5    2   0   1   1   0   0   0  85   0   0   0   1   0   0   0   9   0   0   0   0  1.75 0.43
  281 G    -3  -2  -3  -4  -5  -3  -5   7  -5  -6  -6  -2  -5  -6  -5  -3  -4  -5  -6  -6    0   2   0   0   0   1   0  93   0   0   0   3   0   0   0   0   0   0   0   0  2.02 0.47
  282 N    -3  -1   5   5  -5   4  -1  -1   2  -5  -5  -2  -4  -5  -4  -1  -2  -5  -4  -5    0   2  26  35   0  22   1   3   5   0   0   0   0   0   0   3   1   0   0   0  0.95 0.31
  283 A     5  -3  -1  -3   4  -3  -3  -2  -4  -4  -4  -3  -3  -5  -3   4  -2  -5  -4  -3   52   0   2   0   8   0   0   1   0   0   0   0   0   0   0  36   0   0   0   0  1.00 0.36
  284 K    -4  -1  -3  -4  -6  -2  -2  -4  -4  -6  -5   8  -4  -6  -4  -3  -4  -6  -5  -5    0   0   0   0   0   0   0   0   0   0   0  98   0   0   0   0   0   0   0   0  2.13 0.55
  285 T    -1  -4  -3  -4  -1  -3  -4  -4  -4  -2  -4  -3   0  -5  -3  -1   7  -5  -4  -1    5   0   0   0   1   0   0   0   0   1   0   0   2   0   0   0  86   0   0   4  1.64 0.49
  286 L    -3  -5  -6  -6  -4  -5  -5  -6  -5   0   6  -5   1  -2  -5  -5  -4  -4  -3   0    1   0   0   0   0   0   0   0   0   1  91   0   2   0   0   0   0   0   0   5  1.44 0.40
  287 M    -4  -5  -6  -6  -5  -4  -5  -6  -5  -2  -1  -5  11  -3  -6  -5  -4  -5  -4  -2    0   0   0   0   0   0   0   0   0   0   1   0  97   0   0   0   0   0   0   0  3.00 0.70
  288 F    -4  -5  -6  -6  -5  -5  -6  -6  -4   0  -1  -5   3   8  -6  -5  -4  -2   0   0    0   0   0   0   0   0   0   0   0   4   3   0   7  78   0   0   0   0   0   6  1.87 0.46
  289 V     0  -5  -5  -6  -2  -5  -5  -5  -6   0  -1  -5  -1  -3  -5  -4  -3  -5  -4   7    7   0   0   0   1   0   0   0   0   1   3   0   1   0   0   0   0   0   0  87  1.48 0.43
  290 N    -4  -2   6  -2   2   6  -2  -4   5  -5  -5  -2  -4  -5  -4  -2  -3  -5  -3  -5    0   0  37   0   5  41   0   0  16   0   0   0   0   0   0   0   0   0   0   0  1.37 0.43
  291 V    -2  -5  -5  -5  -3  -4  -5  -5  -5   6   1  -4   0  -2  -5  -3  -2  -4  -3   4    2   0   0   0   0   0   0   0   0  53   9   0   1   0   0   1   1   0   0  32  1.04 0.31
  292 S     0  -3   4  -3  -4  -3  -3  -3  -3  -5  -5  -3  -4  -5  -4   6  -1  -6  -5  -5    4   0  17   0   0   0   0   0   0   0   0   0   0   0   0  78   0   0   0   0  1.42 0.46
  293 P    -3  -5  -5  -5  -6  -4  -4  -5  -5  -6  -6  -4  -6  -7   9  -1  -4  -7  -6  -6    1   0   0   0   0   0   0   0   0   0   0   0   0   0  94   4   0   0   0   0  2.89 0.61
  294 A     2  -2   0   3  -3  -1   3  -2  -2  -2  -1  -1  -1  -4  -3   1   0  -4  -3   0   19   1   4  19   0   0  21   0   0   1   7   1   1   0   0  13   6   0   0   7  0.31 0.17
  295 E     1  -2  -1   2  -3   0   4  -2  -2  -1  -2  -2  -1  -4   1   1  -1  -4  -3   1   11   0   1  14   0   2  31   2   0   2   3   0   1   0   8  10   1   0   0  13  0.35 0.18
  296 S     0  -1   1   2  -2   0   2  -1   0  -2  -3   1  -2  -2  -2   2   0  -1   3  -2    8   2   7  13   1   2  12   2   1   2   0  10   0   0   1  20   5   0  13   1  0.25 0.14
  297 N     1  -3   6   3  -3  -2  -2  -3  -1  -5  -5  -3  -4  -3  -4   4  -2  -6  -4  -4   10   0  37  20   0   0   0   0   1   0   0   0   0   1   0  31   0   0   0   0  0.95 0.33
  298 L     0  -3  -3  -4  -1  -1  -3  -4  -2   1   2  -3   1   2  -4  -1   0  -2   3   2    9   0   0   0   1   4   0   0   0   5  24   0   2  11   0   5   7   0  13  19  0.30 0.15
  299 D    -1  -3   1   2  -3  -1   1   4  -2  -5  -5  -2  -4  -5  -2   3  -1  -5  -4  -4    3   0   6  13   0   2   8  37   1   0   0   0   0   0   1  27   2   0   0   0  0.65 0.24
  300 E    -4  -3  -3  -1  -7  -1   8  -5  -3  -7  -6  -2  -5  -7  -4  -3  -4  -6  -5  -6    0   0   0   0   0   0 100   0   0   0   0   0   0   0   0   0   0   0   0   0  2.29 0.59
  301 T    -2  -4  -3  -4  -4  -3  -3  -4  -4  -4  -4  -3  -4  -5  -4   4   7  -5  -4  -3    0   0   0   0   0   0   0   0   0   0   0   0   0   0   0  29  71   0   0   0  1.54 0.48
  302 Y    -2  -3  -3  -4  -3  -1  -4  -4   0   3   4  -3   2   0  -4  -2  -2  -3   0   2    1   0   1   0   0   4   0   0   3  19  45   1   6   2   0   2   0   0   3  13  0.53 0.21
  303 N    -2  -4   3  -3   8  -3  -4  -4  -2  -3  -4  -3  -4  -5  -4   4   0  -5  -3  -4    1   0  16   0  36   0   0   0   1   2   0   0   0   0   0  39   5   0   1   0  1.29 0.39
  304 S    -2  -4  -2  -3  -4  -3  -3  -3  -4  -5  -5  -3  -4  -5  -4   6   4  -6  -4  -4    0   0   0   0   0   0   0   0   0   0   0   0   0   0   0  69  31   0   0   0  1.42 0.46
  305 L    -4  -5  -6  -7  -4  -5  -6  -7  -6  -1   7  -5  -1  -2  -6  -5  -4  -4  -4  -2    0   0   0   0   0   0   0   0   0   0 100   0   0   0   0   0   0   0   0   0  1.77 0.47
  306 L    -3   3   4  -2  -2   1  -1  -3  -2  -2  -2   4   1  -4  -3  -1   0  -5  -4  -3    0  19  21   0   1   4   1   1   0   2   2  35   4   0   0   2   7   0   0   1  0.62 0.25
  307 Y    -5  -6  -6  -7  -6  -6  -6  -6  -3  -3  -3  -6  -3   9  -7  -5  -5  -2   5  -4    0   0   0   0   0   0   0   0   0   0   0   0   0  82   0   0   0   0  18   0  2.37 0.54
  308 A     7  -4  -4  -5  -3  -4  -4  -1  -5  -4  -4  -4  -4  -5  -4  -2  -3  -6  -5  -3   97   0   0   0   0   0   0   3   0   0   0   0   0   0   0   0   0   0   0   0  1.75 0.50
  309 S     1  -2  -2  -1  -4   3   4  -3  -2  -4  -4  -1  -3  -5  -3   4   2  -5  -4  -3    9   1   0   1   0  14  27   0   0   0   0   1   0   0   0  33  14   0   0   0  0.66 0.28
  310 R    -4   8  -3  -4  -6  -2  -3  -5  -3  -6  -5   2  -4  -6  -5  -3  -4  -6  -5  -6    0  90   1   0   0   0   0   0   0   0   0   8   0   0   0   0   0   0   0   0  2.13 0.53
  311 V     0  -5  -6  -6  -2  -5  -5  -6  -6   0  -2  -5  -2  -4  -5  -4  -2  -6  -4   7    6   0   0   0   1   0   0   0   0   0   1   0   0   0   0   0   1   0   0  92  1.65 0.47
  312 R     0   5   3  -3   1  -1  -2  -2  -2  -5  -4   1  -3  -5  -4   2  -2  -5  -4  -4    8  41  16   0   3   0   0   1   0   0   0   8   0   0   0  21   1   0   0   0  0.77 0.29
  313 T     1  -2  -1  -1  -1  -1  -1   3  -3  -3  -2   0  -2  -4  -3   2   2  -4  -4  -3   13   1   2   1   1   1   4  29   0   0   4   5   0   0   0  21  17   0   0   0  0.41 0.19
  314 I    -3  -5  -5  -6   5  -5  -5  -6  -6   5  -1  -5  -2  -3  -5  -4  -2  -5  -4   5    0   0   0   0  15   0   0   0   0  34   0   0   0   0   0   0   1   0   0  50  1.22 0.36
  315 V    -2  -2  -2  -1  -5   0   6  -4  -3  -2  -4   0  -3  -5  -4  -2   1  -5  -4   0    3   0   0   1   0   1  69   0   0   2   0   4   0   0   0   1  10   0   0   9  1.10 0.38
  316 N    -3  -4   3  -3  -1  -3  -4  -3  -1   2   4  -4   1  -1  -4  -1  -2  -4  -3  -1    0   0  19   0   1   0   0   2   2  14  54   0   2   1   0   4   0   0   0   1  0.63 0.26
  317 D    -2  -4   0   2  -5  -2  -3   7  -4  -6  -6  -3  -5  -6  -4  -2  -2  -5  -5  -5    0   0   3  12   0   2   1  77   0   0   0   0   0   0   0   2   2   0   0   1  1.48 0.38
  318 P     4  -3  -3  -4  -3  -1  -3  -3  -4  -3  -4  -3  -4  -5   6  -1   1  -5  -4  -1   47   1   0   0   0   2   0   0   0   1   0   0   0   0  36   2   8   0   0   3  1.10 0.35
  319 S     5   2  -1  -3  -3   0  -2  -2  -1  -2  -3   0  -3  -4  -2   2   0  -4  -3  -2   55  11   2   0   0   3   0   1   2   2   0   4   0   0   1  14   5   0   0   2  0.60 0.26
  320 K    -2   6  -3  -3  -6  -1  -2  -4  -3  -5  -5   6  -4  -5  -4  -2  -3  -5  -4  -5    1  40   0   0   0   1   0   0   0   0   0  56   0   0   0   1   0   0   0   0  1.42 0.39
  321 H    -2   0   6  -1  -5   5  -1  -3   3  -5  -5   0  -3  -5  -4   0  -1  -5  -3  -4    1   4  43   1   0  27   0   0   7   0   0   6   0   0   0   6   3   0   0   0  0.94 0.31
  322 I     1  -1  -1  -2  -3  -1   0  -3  -3   1  -1   3  -1  -2  -3   0   2  -3  -3   2   11   1   2   0   0   1   3   0   0   7   5  30   1   1   0   6  13   0   0  20  0.24 0.15
  323 S    -1  -2   0   5  -2   0   4  -3  -2  -4  -4  -1  -4  -5  -3   1   0  -5  -3  -2    4   0   4  35   1   3  34   0   0   0   0   0   0   0   0   8   7   0   0   2  0.75 0.24
  324 S     0  -2   1  -2  -2  -2  -2   2  -2  -2  -1  -2   0  -3   0   4   2  -4  -3  -2    4   0   8   0   0   0   0  16   1   1   5   1   3   0   3  36  17   0   0   2  0.38 0.18
  325 K     1   2  -1  -2  -3   0   0   2  -2  -2  -3   3  -2  -4  -2   2   1  -4  -3  -2   11  14   2   0   0   1   4  14   0   2   0  25   0   0   1  17   8   0   0   2  0.33 0.15
  326 E    -2  -1  -1   4  -5   1   6  -3  -2  -5  -5  -1  -4  -5  -1  -1  -3  -5  -3  -4    2   2   1  23   0   3  60   1   0   0   0   2   0   0   2   3   0   0   1   1  1.08 0.31
  327 M    -1  -4  -4  -3  -2  -3  -3  -4  -2   4   2  -4   2  -1  -4  -3  -1  -4  -2   4    2   0   0   1   0   0   1   1   1  27  19   0   4   1   0   0   1   0   0  40  0.60 0.20
  328 V     2   3  -1  -2  -3   2  -1  -2  -2  -2   0   2   1   1  -3   0  -1   0  -2  -1   20  21   2   1   0  10   0   1   0   1  10  12   5   7   0   5   1   1   0   3  0.20 0.12
  329 R    -2   4  -1   1  -5   2   4  -3   0  -4  -4   4  -3  -5  -3  -1  -2  -4  -3  -4    2  22   1   6   0   8  30   0   1   0   0  27   0   0   0   2   1   0   0   0  0.70 0.22
  330 L    -2  -4  -4  -5  -2  -3  -4  -5  -2   0   5  -4   2   1  -5  -4  -2  -2   3  -1    2   0   0   0   1   1   0   0   1   1  72   0   4   4   0   0   1   0  12   2  0.88 0.26
  331 K    -2   1  -2  -3  -5  -1  -2  -4  -3  -3  -3   7   4  -4  -3  -2  -2  -5  -4  -3    2   5   0   0   0   1   0   0   0   1   1  74  15   0   0   1   1   0   0   0  1.23 0.36
  332 K     0   0  -1   1  -4   4   4  -2  -1  -3  -3   2  -2  -4  -3  -1  -1  -4  -3  -3    7   3   1   6   0  20  40   2   0   1   2  13   1   0   0   2   2   0   0   1  0.61 0.21
  333 L    -1  -1  -3  -3  -4   5   1  -4  -2   0   1  -1   5  -3  -3  -2  -2  -2  -3   0    5   2   0   0   0  41   6   0   0   6  12   2  20   0   0   0   0   1   0   6  0.62 0.25
  334 V     1  -3  -4  -4  -2  -3  -4  -4  -4   4   2  -3   0  -2  -4  -2  -1  -4  -3   4   12   0   0   0   0   1   0   0   0  31  15   0   1   0   0   3   2   0   0  35  0.53 0.18
  335 A     3   0  -1   1  -3   0   3  -1  -2  -3  -3   0  -1  -4  -2   1   0  -4  -3  -2   33   3   1   6   0   1  28   4   0   0   1   4   2   0   0  12   4   0   0   1  0.39 0.17
  336 Y    -1   1   1  -2  -1   1  -1  -2  -1  -3  -2   4  -2  -1  -3   2  -1  -3   3  -3    2   5   8   0   2   5   2   0   1   1   2  34   0   2   0  21   3   0  12   0  0.37 0.17
  337 W     0  -4  -4  -5  -3  -2  -3  -4  -4  -1   4  -3   0   0  -4  -2  -1   6  -1  -1   11   0   0   0   0   1   2   0   0   1  60   0   1   2   0   3   2  15   1   1  0.76 0.24
  338 K    -3   3  -2  -3  -3   1  -1  -4  -1  -5  -4   7  -3  -5  -2  -2  -2  -5  -2  -4    0  11   0   0   1   3   2   0   1   0   1  77   0   0   1   0   2   0   1   0  1.25 0.34
  339 E     1   0   0   3  -3   3   2  -2   2  -2  -2   1  -2  -4  -1   0  -1  -4  -3  -3   15   3   2  20   0  16  17   0   5   1   4   7   1   0   1   6   0   0   0   0  0.34 0.13
  340 Q     2  -1  -1   1  -3   3   3  -1  -2  -2  -2   0  -1  -3  -2   0   2  -3  -3  -2   23   1   0  10   0  14  23   3   0   1   2   4   2   0   0   1  14   0   0   2  0.32 0.14
  341 A     1  -2  -2  -2  -1  -2   0  -3  -3   2   2   0   1  -2  -3   0  -1  -3  -2   1   18   1   1   0   1   0   9   0   0  19  26   7   3   0   0   8   0   0   0   6  0.17 0.11
  342 G     2   1  -1  -1  -3   0   2   2  -2  -3  -2   1  -2  -3  -2   0  -1  -3  -3  -2   29   8   0   2   0   2  14  20   0   0   3  12   0   1   0   5   3   0   0   1  0.29 0.12
  343 K    -1   3   0  -1  -3   0   1  -2  -1  -2   0   3   0  -2  -2   1   0  -3  -2  -1    3  23   5   1   0   3   7   1   1   1   9  20   2   1   0  12   7   0   0   4  0.25 0.11
  344 K    -2   2  -1  -1  -5  -1   0  -3  -2  -4  -3   6  -1  -5   0  -1  -1  -5  -4  -3    2  10   2   1   0   0   5   1   0   0   1  66   1   0   4   2   2   0   0   1  0.88 0.27
  345 G    -1  -2   0   5  -2  -1   3   2  -2  -3  -4   1  -3  -4  -1  -1  -1  -4  -4  -2    5   1   1  37   1   0  18  15   0   1   1  11   0   0   2   3   1   0   0   3  0.52 0.17
  346 E     0  -1   0   3  -3   0   4   0   0  -3   0   1   0  -3  -2  -1  -1  -4  -3  -2    6   2   2  15   0   2  36   6   2   0  12   7   2   1   1   2   2   0   0   1  0.33 0.13
  347 E    -2  -1  -1   2  -4   3   5  -1  -1  -4  -2  -1  -1  -4   0  -1  -1  -4  -3  -3    1   0   2   8   0  14  52   5   1   0   4   1   1   0   3   3   2   0   0   1  0.67 0.22
  348 E    -1   0   0   2  -3   1   3  -3  -2   2  -1   0  -1  -3  -2  -1  -1  -4  -3   0    4   5   4  12   0   4  30   0   0  24   3   3   0   0   1   4   1   0   0   4  0.28 0.13
  349 D    -2   0   3   4  -4   1   4  -2  -1  -4  -4  -1  -3  -4  -2   1  -1  -4  -3  -3    1   3  15  23   0   5  34   1   1   0   0   1   0   0   1  10   3   0   0   0  0.60 0.18
  350 L    -1   2  -2  -2  -2   0  -1  -3   1   1   2   0   1   0  -3  -1   0  -2   0   1    3  15   0   1   0   6   1   0   4  11  27   4   4   5   0   5   4   0   3   7  0.13 0.07
  351 V    -1   0  -2  -1  -2   4   2  -3   0  -1   2  -1   1  -1  -2  -1  -2  -3  -2   0    3   4   1   2   0  24  18   0   2   2  32   1   2   2   0   2   0   0   0   5  0.29 0.14
  352 D    -2   1   2   1  -4   4   2  -2   1  -4  -4   2  -3  -4  -2   2  -1  -4  -2  -3    1   5  12   8   0  27  16   0   3   0   0  11   0   0   1  16   0   0   0   1  0.50 0.16
  353 I    -1  -2  -3  -3  -2  -2  -2  -3  -3   3   4  -3   1   0  -4  -2   0  -3  -2   1    2   1   0   1   0   1   1   2   0  21  52   1   1   1   0   3   5   0   0   6  0.42 0.14
  354 E    -1   0  -1  -1  -3   4   3  -3  -1  -1   1   1   1  -3  -2  -1  -1  -3  -3  -1    3   4   1   0   0  26  25   0   0   1  18   8   5   0   1   1   3   0   0   4  0.34 0.14
  355 E    -1   1   1   2  -4   2   3  -1   0  -4  -3   3  -3  -4  -2   1  -1  -4  -3  -3    3   4   6  13   0  11  24   2   1   0   1  23   0   0   1  10   1   0   0   0  0.43 0.12
  356 D    -1   0   2   2  -3   1   3   0  -1  -3  -1   1  -2  -3   1   0  -1  -4  -2  -2    3   3  11  16   0   3  23   7   1   0   8  12   1   0   5   4   2   0   0   1  0.26 0.08
  357 R    -1   5   0  -2  -4   1   0  -3   0  -4  -3   3  -2  -4  -2   1   0  -4  -2  -3    2  44   2   0   0   5   2   0   1   0   0  23   0   0   1  14   5   0   1   1  0.58 0.13
  358 T     0  -2   0  -2  -2  -1  -2  -3  -3   1   0  -2  -1  -2  -1   1   4  -3  -2   2    2   0   4   1   0   1   0   0   0   9   4   0   0   0   1   9  46   0   1  22  0.33 0.10
  359 R    -2   6  -1  -2  -4   2   0  -3  -1  -4  -3   4  -2  -4  -2  -1  -2  -4  -3  -3    0  57   0   0   0   5   0   0   0   0   0  37   0   0   0   0   0   0   0   0  0.87 0.12

                      K         Lambda
Standard Ungapped    0.1311     0.3144
Standard Gapped      0.0618     0.2670
PSI Ungapped         0.2027     0.3142
PSI Gapped           0.0618     0.2670
