
Last position-specific scoring matrix computed, weighted observed percentages rounded down, information per position, and relative weight of gapless real matches to pseudocounts
            A   R   N   D   C   Q   E   G   H   I   L   K   M   F   P   S   T   W   Y   V   A   R   N   D   C   Q   E   G   H   I   L   K   M   F   P   S   T   W   Y   V
    1 M    -3  -4  -4  -5  -3  -3  -4  -5  -4   0   1  -4  10  -2  -5  -4  -3  -4  -3   0    0   0   0   0   0   0   0   0   0   2   3   0  90   0   0   0   0   0   0   6  1.88 0.48
    2 V     2  -3  -2  -3  -2  -3  -3  -1  -4   1  -1  -3  -1  -2  -1   1  -1  -4  -2   5   18   0   1   1   0   0   0   5   0   2   1   0   0   0   3  10   1   0   0  58  0.46 0.22
    3 N    -3  -1   7  -1  -4  -2  -2  -2  -1  -3  -1  -1  -3  -3  -4   0  -2  -5  -2  -4    0   2  80   0   0   0   0   0   1   2   7   2   0   0   0   4   0   0   1   0  1.30 0.38
    4 P    -2  -3  -4  -4  -5  -3  -3  -4  -1  -5  -3  -3  -4  -5   8  -1  -3  -6  -5  -4    1   1   0   0   0   0   0   0   2   0   3   0   0   0  88   4   0   0   0   0  2.31 0.46
    5 T    -1   2  -2  -3  -2   0  -2  -3  -1   0  -2   2  -1  -3  -3   0   5  -4  -3   0    1  13   0   0   1   2   0   0   1   4   2  13   1   0   0   3  54   0   0   5  0.56 0.25
    6 V    -2  -4  -4  -5   0  -3  -3  -5  -3   1   0  -2   4  -2  -4  -3  -1  -4  -3   6    1   0   0   0   2   0   1   0   0   1   2   2  17   0   0   1   1   0   0  72  0.89 0.32
    7 F    -4  -4  -5  -5  -4  -4  -5  -5  -2  -2  -1  -5  -2   8  -3  -3  -4  -1   5  -2    0   0   0   0   0   0   0   0   0   1   1   0   0  75   1   1   0   0  19   1  1.62 0.39
    8 F    -4  -5  -5  -5  -4  -5  -5  -5  -3  -2   0  -5  -1   8  -5  -3  -4  -1   1  -3    0   0   0   0   0   0   0   0   0   0   6   0   1  89   0   2   0   0   0   0  1.81 0.43
    9 D    -3  -3   3   7  -5  -2   0  -3   1  -5  -5  -2  -4  -5  -3  -2  -3  -5  -2  -4    0   0  16  75   0   0   1   1   4   0   0   0   0   0   0   1   0   0   1   0  1.41 0.36
   10 I    -3  -4  -4  -3  -3  -4  -4  -5  -4   6   1  -4   4  -2  -4  -3  -2  -4  -3   2    0   0   0   1   0   0   0   0   0  69   4   0  14   0   0   1   1   0   0   9  0.94 0.30
   11 A     4  -2  -1  -2  -2  -1  -1  -1  -3  -2  -2  -2  -1  -3  -1   1   4  -4  -3  -1   42   0   1   0   0   1   2   1   0   1   1   0   1   0   2  10  34   0   0   2  0.52 0.23
   12 V     2  -3  -4  -4  -2  -3  -3  -3  -4   3   0  -3   0  -1  -2  -2  -1  -4  -2   4   28   0   0   0   0   0   0   0   0  24   2   0   2   2   1   1   1   0   0  39  0.48 0.21
   13 D    -2  -3   3   6  -4  -1   0   2  -1  -4  -5  -1  -4  -4  -2  -1  -2  -5  -3  -3    1   0  15  54   0   1   1  19   1   1   0   2   0   0   1   1   0   0   1   2  0.87 0.26
   14 G    -1  -2   0   0  -2  -3  -2   6  -1  -5  -5  -2  -4  -4  -3   1  -2  -4  -4  -4    1   1   4   6   1   0   1  72   1   0   0   1   0   0   0  10   1   0   0   1  1.06 0.27
   15 E     0  -1  -1   0  -3   2   5  -2  -1  -4  -4   3  -2  -4  -2   0  -1  -4  -3  -3    7   0   1   2   0  10  51   1   0   0   0  20   1   0   0   3   2   0   0   0  0.68 0.24
   16 P    -1  -3  -2  -3  -2  -3  -3  -4  -2  -4  -3  -2  -4  -4   8  -1  -2  -5  -4  -4    5   0   2   0   1   0   0   0   1   0   2   2   0   0  81   5   0   0   0   0  1.97 0.40
   17 L     1  -3  -4  -4   0  -3  -3  -4  -4   1   5  -3   1  -1  -4  -1  -2  -1  -2   0   14   0   0   0   2   0   0   0   0   2  72   0   1   1   0   3   0   1   0   4  0.63 0.23
   18 G    -2  -4  -2  -1  -2  -3  -3   7  -3  -5  -5  -3  -4  -5  -4  -1  -3  -4  -5  -4    0   0   1   3   1   0   0  92   0   0   0   0   0   0   0   1   0   0   0   1  1.63 0.37
   19 R    -3   6  -2  -3   5  -1  -2  -4   5  -4  -4   0  -3  -4  -2  -2  -3  -4  -2  -4    0  60   0   0  15   1   0   0  19   0   0   1   0   0   2   2   0   0   0   0  1.11 0.33
   20 V    -2  -4  -4  -4  -2  -4  -4  -4  -5   5   0  -4   0  -1  -4  -3  -1  -4  -2   5    1   0   0   0   0   0   0   0   0  49   1   0   0   1   0   0   2   0   1  46  0.88 0.28
   21 S    -1  -3  -1  -2   1  -2  -1  -2  -3   0  -2  -2  -2  -2  -2   5   1  -4  -2   2    0   0   0   0   2   0   2   0   0   4   1   0   0   2   1  59   6   0   0  23  0.53 0.26
   22 F    -3  -4  -4  -5  -4  -4  -4  -5  -3   1   1  -4   5   7  -5  -3  -3  -1   1  -1    0   0   0   0   0   0   0   0   0   7   7   0  23  60   0   0   0   0   0   1  1.12 0.32
   23 E    -2   0  -2   0  -5   2   6  -3  -2  -5  -4   2  -3  -5  -3  -2  -2  -5  -4  -4    0   2   0   0   0   6  76   1   0   0   0  14   0   0   0   0   1   0   0   0  1.16 0.33
   24 L    -3  -4  -5  -5  -3  -4  -4  -5  -4   1   6  -4   1  -1  -2  -4  -3  -3  -3   0    1   0   0   0   0   0   0   0   0   2  94   0   0   0   2   0   0   0   0   1  1.10 0.32
   25 F    -3   2  -1  -4  -3  -3  -4  -4  -2  -2  -1  -2  -2   7  -5  -3  -3  -1   3  -3    0  16   3   0   0   0   0   0   0   0   2   1   0  69   0   1   0   0   5   0  1.14 0.32
   26 A     6  -3  -2  -3  -2  -2  -2  -1  -3  -3  -3  -2  -3  -4  -1   1   0  -4  -3  -2   87   0   0   0   0   0   1   0   0   0   0   1   0   0   1   5   3   0   0   0  0.98 0.33
   27 D    -3  -3   1   8  -5  -2   0  -2  -1  -5  -6  -2  -5  -5  -3  -2  -3  -6  -5  -5    0   0   2  92   0   0   2   1   1   0   0   1   0   0   0   0   0   0   0   0  1.72 0.40
   28 K    -1   0  -1  -2  -3   0   0  -3  -3  -1  -2   5  -2  -4  -3  -2   0  -4  -3   2    2   1   1   1   0   0   4   0   0   2   0  59   0   0   0   0   4   0   0  25  0.61 0.26
   29 V    -1  -4  -4  -4  -2  -4  -4  -4  -4   2   0  -4  -1   4  -4  -3   0  -3  -1   5    1   0   0   0   0   0   0   0   0   5   3   0   0  20   0   1   5   0   0  65  0.73 0.26
   30 P    -2  -4  -4  -4  -5  -3  -3  -4  -4  -5  -4  -3  -4  -6   8  -1  -3  -6  -5  -4    1   0   0   0   0   0   0   0   0   0   1   0   0   0  94   3   0   0   0   0  2.56 0.47
   31 K    -3   2  -2  -2  -5   0  -1  -3  -2  -4  -4   7  -2  -5  -3  -2  -2  -5  -4  -4    0   6   0   0   0   1   1   0   0   0   0  90   1   0   0   0   1   0   0   0  1.33 0.38
   32 T    -1  -2  -2  -3  -3  -2  -3  -3  -4  -1  -3  -2  -1  -4  -3   0   7  -4  -3  -2    1   2   0   0   0   0   0   0   0   2   0   0   1   0   0   1  92   0   0   0  1.35 0.41
   33 A     6  -3  -3  -3  -1  -2  -1  -1  -3  -3  -3  -2  -2  -4  -2   0  -1  -4  -3   0   88   0   0   0   1   0   3   1   0   0   0   0   0   0   0   1   2   0   0   4  0.98 0.33
   34 E    -3  -2  -2   0  -6   0   7  -2  -2  -5  -5   0  -4  -5  -3  -2  -3  -5  -4  -4    0   0   0   1   0   0  94   3   0   0   0   2   0   0   0   0   0   0   0   1  1.52 0.41
   35 N    -3  -2   8   0  -5  -2  -2  -2  -1  -5  -5  -1  -4  -5  -4  -1  -2  -6  -2  -5    0   0  93   2   0   0   0   0   0   0   0   2   0   0   0   2   0   0   1   0  1.74 0.43
   36 F    -4  -5  -5  -5  -2  -5  -5  -5  -3  -1  -1  -5  -2   8  -6  -4  -4  -1   1  -1    0   0   0   0   1   0   0   0   0   1   2   0   0  91   0   1   0   0   0   4  1.79 0.41
   37 R    -3   6  -2  -3   3  -1  -2  -4   6  -5  -3   0  -3  -4  -2  -2  -3  -4  -2  -4    0  61   0   0   8   0   0   0  29   0   1   0   0   0   1   1   0   0   0   0  1.23 0.35
   38 A     6  -3  -3  -3  -1  -2  -2  -2  -3  -3  -3  -2  -2  -4  -2   0   0  -4  -3   0   89   0   0   0   1   1   0   0   0   0   0   0   0   0   0   1   3   0   0   4  1.02 0.34
   39 L    -3  -4  -5  -5  -3  -3  -4  -5  -4   0   6  -3   1  -1  -4  -4  -3  -3  -3  -1    0   0   0   0   0   0   0   0   0   0  97   1   1   0   1   0   0   0   0   0  1.17 0.33
   40 S    -1  -2   0  -3   8  -2  -3  -1  -3  -2  -4  -2  -3  -4  -3   5   0  -4  -4  -3    0   1   4   0  34   0   0   2   0   2   0   0   0   0   0  55   2   0   0   0  1.05 0.33
   41 T    -1  -3  -1  -3  -3  -2  -3  -3  -3  -1  -3  -2  -2  -4  -1   0   7  -1  -3  -2    1   0   2   0   0   0   0   0   0   3   0   0   0   0   2   2  88   1   0   0  1.21 0.38
   42 G    -1  -2  -2  -2  -3  -3  -1   6  -2  -4  -5  -2  -4  -5  -4  -2  -3  -3  -4  -3    2   2   0   0   0   0   4  86   1   1   0   1   0   0   0   0   0   0   0   1  1.36 0.32
   43 E    -3  -2  -2   1  -6   1   7  -3  -2  -5  -5   0  -4  -5  -3  -2  -3  -5  -4  -4    0   0   0   3   0   1  92   1   0   0   0   3   0   0   0   0   0   0   0   0  1.52 0.40
   44 K    -3   1  -2  -2  -5   0   0  -3   0  -4  -4   7  -3  -5  -2  -2  -2  -5  -3  -4    0   2   0   0   0   1   2   0   2   0   0  92   0   0   1   0   0   0   0   0  1.38 0.39
   45 G    -2  -3  -2  -3  -4  -3  -3   7  -4  -4  -5  -3  -4  -5  -4  -2  -3  -4  -5  -3    0   1   0   0   0   0   1  96   0   1   0   0   0   0   0   0   0   0   0   2  1.71 0.37
   46 F    -4  -4  -4  -5  -3  -4  -4  -5  -3   0   0  -3   0   8  -5  -4  -2  -1   2  -1    0   0   0   0   0   0   0   0   0   3   5   1   1  80   0   0   1   0   3   4  1.39 0.35
   47 G    -1  -3  -2   0  -1  -3  -3   7  -2  -5  -5  -3  -4  -5  -4  -2  -3  -4  -5  -3    0   0   1   4   2   0   0  90   1   0   0   0   0   0   0   1   0   0   0   2  1.51 0.34
   48 Y    -4  -4  -2  -3   0  -3  -4  -5   0  -3  -3  -4  -3   3  -5  -3  -4   0   9  -3    0   0   2   1   2   0   0   0   1   0   1   0   0   7   0   0   0   0  85   0  1.86 0.44
   49 K    -2   1  -2  -2  -5   0  -1  -3  -3  -5  -4   7  -3  -5  -3  -2  -1  -5  -4  -4    1   1   0   0   0   1   1   0   0   0   0  95   0   0   0   0   2   0   0   0  1.45 0.40
   50 G    -1  -4  -1   0  -1  -3  -2   6  -3  -5  -5  -3  -4  -5  -4  -1  -3  -4  -4  -3    2   0   1   6   2   0   2  83   0   0   0   0   0   0   0   2   0   0   0   2  1.30 0.31
   51 S    -1  -3  -1  -2   1  -2  -2  -2  -3  -4  -4  -2  -3  -1  -1   6   0  -4  -3  -3    0   0   0   0   3   0   0   0   0   0   0   0   0   3   2  91   0   0   0   0  1.15 0.38
   52 C    -1  -2  -2  -3   9  -3  -3  -2  -3  -1  -3  -2  -3  -3  -2   2   1  -2  -2  -1    2   3   0   0  51   0   0   3   0   2   0   2   0   0   1  20  10   1   1   3  1.03 0.29
   53 F    -4  -5  -5  -5  -3  -5  -5  -5  -3  -2  -1  -5  -2   8  -5  -3  -4  -1   1  -2    0   0   0   0   1   0   0   0   0   0   2   0   0  94   0   1   0   0   0   1  1.89 0.42
   54 H    -4  -2  -2  -3  -5  -1  -2  -4  10  -5  -4  -3  -4  -2  -3  -3  -4  -4   2  -5    0   0   0   0   0   1   0   0  92   0   1   0   0   1   1   0   0   0   4   0  2.37 0.50
   55 R    -3   8  -2  -3  -5  -1  -2  -4  -2  -4  -4   1  -3  -5  -4  -2  -3  -5  -4  -4    0  95   0   0   0   0   0   0   0   1   1   1   0   0   0   2   0   0   0   0  1.72 0.42
   56 I    -2  -4  -2  -4  -2  -4  -4  -5  -4   6   0  -4   0   0  -4  -3  -1  -4  -2   4    0   0   2   0   0   0   0   0   0  65   0   0   1   2   0   0   1   0   0  27  0.87 0.27
   57 I    -3  -4  -4  -5  -3  -4  -5  -6  -5   7   0  -4   0  -2  -5  -3  -2  -4  -3   1    0   1   1   0   0   0   0   0   0  94   2   0   0   0   0   1   0   0   0   1  1.35 0.38
   58 P    -2  -4  -4  -3  -5  -3  -3  -4  -4  -4  -2  -3  -4  -5   8  -1  -2  -1  -5  -4    1   0   0   0   0   0   0   0   0   0   5   0   0   0  89   3   1   1   0   0  2.29 0.43
   59 G    -1  -1   2   0  -4   1  -1   6  -2  -5  -5  -1  -4  -4  -3  -1  -2  -3  -4  -4    0   3  11   4   0   7   3  67   0   0   0   2   0   0   0   2   0   0   0   0  0.95 0.25
   60 F    -4  -5  -5  -6  -2  -5  -5  -5  -3  -2  -1  -5  -2   8  -6  -4  -4  -1   2  -3    0   0   0   0   1   0   0   0   0   1   3   0   0  94   0   0   0   0   1   0  1.92 0.43
   61 M    -3  -3  -4  -5  -4  -3  -4  -5  -4   0   0  -3  10  -2  -5  -4  -1  -4  -3   0    0   1   0   0   0   0   0   0   0   4   3   0  88   0   0   0   2   0   0   2  1.82 0.49
   62 C    -3  -5  -5  -6  11  -5  -6  -3  -4  -3  -2  -5  -3  -4  -5  -3  -3  -3  -1  -3    0   0   0   0  92   0   0   1   0   0   2   0   0   0   0   0   0   0   2   0  2.69 0.51
   63 Q    -3   0  -2  -2  -5   8   0  -4  -1  -5  -4  -1  -2  -5  -3  -2  -3  -1  -3  -4    0   2   0   0   0  96   0   0   1   0   1   0   0   0   0   0   0   1   0   0  1.84 0.49
   64 G    -1  -3  -2  -2  -4  -3  -4   7  -4  -5  -5  -3  -4  -5  -4  -1  -3  -4  -5  -5    1   1   0   2   0   0   0  94   0   1   0   0   0   0   0   2   0   0   0   0  1.69 0.37
   65 G    -1  -4  -2  -1  -4  -3  -3   7  -4  -5  -5  -3  -4  -5  -4  -1  -3  -4  -5  -4    0   0   0   3   0   0   1  92   0   0   0   0   0   0   0   4   0   0   0   0  1.61 0.35
   66 D    -4  -3   1   8  -5  -2   0  -3  -2  -5  -6  -2  -5  -5  -3  -2  -3  -6  -5  -5    0   0   3  94   0   0   1   0   1   0   0   0   0   0   0   0   0   0   0   0  1.84 0.42
   67 F    -4  -5  -5  -5  -4  -5  -5  -5  -3  -1  -1  -5  -2   8  -6  -3  -4  -1   1  -2    0   0   0   0   0   0   0   0   0   1   1   0   0  94   0   1   0   0   1   2  1.92 0.43
   68 T    -1  -3  -2  -3  -3  -2  -3  -4  -4   0  -3  -2  -2  -4  -2   0   7  -4  -3  -2    2   1   0   0   0   0   0   0   0   5   0   0   0   0   1   0  92   0   0   0  1.35 0.41
   69 R     0   4   3  -2   6  -1  -2  -2   4  -4  -3   0  -3  -3  -3  -1  -2  -4   0  -3    7  34  17   0  21   0   0   1  13   0   1   2   0   0   0   1   0   0   3   0  0.64 0.23
   70 H    -3  -1   0  -3  -1   0  -2   1   9  -5  -4  -2  -4  -3  -3  -2  -3  -4   0  -5    0   2   2   0   1   2   0  14  76   0   1   0   0   0   1   0   0   0   0   0  1.69 0.41
   71 N    -3  -2   8   1  -5  -2  -2  -2   1  -4  -5  -1  -4  -3  -4   0  -2  -5  -3  -5    0   0  87   4   0   0   0   0   3   1   0   1   0   1   0   3   0   0   0   0  1.55 0.40
   72 G    -2  -3  -2  -1  -4  -3  -3   7  -4  -6  -6  -3  -5  -5  -4  -2  -3  -4  -5  -5    0   0   0   2   0   0   0  96   0   0   0   0   0   0   0   1   0   0   0   0  1.75 0.38
   73 T    -1  -3  -1  -3  -3  -3  -3  -3  -4  -1  -3  -3  -1  -4  -2   0   7  -4  -3  -2    1   0   1   0   0   0   0   1   0   2   0   0   1   0   1   1  92   0   0   0  1.34 0.41
   74 G    -2  -3  -2  -1  -3  -3  -4   7  -4  -6  -5  -3  -4  -5  -4  -1  -3  -4  -5  -5    0   1   0   3   0   0   0  94   0   0   0   0   0   0   0   1   0   0   0   0  1.69 0.37
   75 G    -1  -3  -2  -1  -3  -3  -3   7  -4  -5  -5  -3  -4  -5  -4  -1  -3  -4  -5  -5    0   0   0   3   0   0   0  91   0   0   0   0   0   0   0   4   0   0   0   0  1.60 0.35
   76 K    -2   2  -1  -2  -5   0   2  -3  -2  -4  -4   6  -2  -5  -3  -2  -2  -5  -3  -4    0   8   1   0   0   0  11   0   0   0   0  78   1   0   0   0   0   0   0   0  1.11 0.33
   77 S    -1  -3  -1  -2  -2  -2  -2  -2  -3  -4  -4  -2  -3  -3  -1   6   0  -4  -2  -3    0   0   0   0   0   0   0   0   0   0   0   0   0   1   2  94   0   0   2   0  1.24 0.40
   78 I    -3  -4  -4  -5  -3  -4  -5  -5  -5   7   0  -4   1  -2  -4  -3  -1  -4  -3   2    0   0   1   0   0   0   0   0   0  87   2   0   2   0   0   1   2   0   0   5  1.16 0.34
   79 Y    -4  -4  -4  -4   1  -3  -4  -5   1  -3  -3  -4  -3   2  -5  -3  -4   0   9  -3    0   0   0   1   3   0   0   0   1   0   0   0   0   2   0   0   0   0  92   0  2.10 0.47
   80 G    -1   2  -2  -3  -4  -2  -1   6  -3  -5  -5  -2  -4  -5  -4  -2  -3  -2  -4  -4    1  12   0   0   0   1   3  80   0   0   0   0   0   0   0   0   0   1   0   0  1.27 0.30
   81 E     0  -1   1   1  -4   0   6  -3  -1  -4  -4   0  -2  -4  -2   0  -1  -3  -3  -3    6   1   7   3   0   1  69   0   1   0   1   3   1   0   1   5   2   0   0   0  0.86 0.27
   82 K    -2   1  -1  -2  -5   0   0  -3  -2  -4  -4   7  -3  -5  -3  -2  -1  -5  -4  -4    0   3   1   0   0   0   2   0   0   1   0  90   0   0   0   0   4   0   0   0  1.30 0.37
   83 F    -4  -5  -5  -6  -1  -5  -5  -5  -3  -2  -1  -5  -2   9  -6  -4  -4  -1   1  -3    0   0   0   0   2   0   0   0   0   0   1   0   0  96   0   0   0   0   0   0  2.00 0.44
   84 E     1  -2   0   5  -4   0   3  -2  -1  -4  -4   0  -3  -4   1  -1  -2  -4  -3  -3   14   1   2  42   0   1  27   0   1   0   0   3   0   0   7   0   0   0   0   0  0.69 0.22
   85 D    -4  -3   0   8  -5  -2   0  -2  -3  -5  -6  -2  -5  -5  -3  -2  -3  -6  -5  -5    0   0   2  93   0   0   1   2   0   0   0   1   0   0   0   1   0   0   0   0  1.77 0.41
   86 E    -3  -1  -1   0  -6   0   7  -4  -2  -5  -5   0  -4  -5  -3  -2  -3  -5  -4  -4    0   1   1   2   0   0  93   0   0   0   0   2   0   0   0   0   0   0   0   0  1.53 0.40
   87 N    -3  -2   8   0  -5  -2  -2  -2  -1  -3  -5  -2  -4  -5  -4   0  -2  -6  -4  -5    1   0  92   1   0   0   0   0   0   1   0   1   0   0   0   4   0   0   0   0  1.71 0.43
   88 F    -4  -5  -5  -5  -2  -5  -5  -5  -3  -2  -1  -5  -2   8  -5  -3  -4  -1   1  -2    0   0   0   0   1   0   0   0   0   1   2   0   0  94   0   1   0   0   0   1  1.88 0.43
   89 I    -2  -2  -2  -3  -2   0  -2  -4  -3   5   0   0   0  -1  -3  -2   0  -4  -2   2    1   0   2   1   0   5   2   0   0  56   4   8   1   1   0   1   8   0   0  10  0.44 0.20
   90 L    -3  -2  -4  -5  -3  -3  -3  -4  -2   0   5  -1   1  -1  -3  -4  -3  -3  -2   0    0   2   0   0   0   0   1   0   1   1  87   4   1   0   1   0   0   0   0   1  0.89 0.29
   91 K    -3   1  -1  -2  -5   0  -1  -3  -2  -4  -4   7  -2  -5  -3  -2  -1  -5  -4  -4    0   2   1   0   0   1   0   0   0   0   0  93   1   0   0   0   2   0   0   0  1.38 0.39
   92 H    -4  -1  -2  -3  -5   0  -2  -4  10  -5  -5  -3  -4  -3  -4  -3  -4  -4   1  -5    0   1   0   0   0   2   1   0  93   0   0   0   0   0   0   0   0   0   2   0  2.44 0.52
   93 T    -1  -2  -2  -2  -3  -2  -2  -3  -3  -1  -3  -2   0  -3  -2   0   7  -4  -3  -1    2   1   0   1   0   0   1   0   0   3   0   0   2   0   1   2  84   0   0   1  1.09 0.36
   94 G    -1  -3  -2  -1  -4  -3  -2   7  -2  -5  -5  -2  -4  -4  -4  -1  -3  -4  -4  -4    0   1   0   2   0   0   2  89   1   0   0   1   0   0   0   2   1   0   0   1  1.48 0.33
   95 P    -1  -4  -4  -3  -4  -3  -2  -4  -4  -4  -2  -2  -3  -5   8   0  -3  -5  -4  -4    4   0   0   0   0   0   1   0   0   0   5   1   1   0  83   6   0   0   0   0  2.04 0.39
   96 G    -1  -3  -2  -3  -4  -3  -4   7  -4  -6  -5  -3  -4  -4  -4  -1  -3  -4  -5  -5    0   1   0   0   0   0   0  96   0   0   0   0   0   0   0   2   0   0   0   0  1.74 0.37
   97 I    -3  -4  -3  -4  -1  -4  -4  -5  -5   7   0  -4   0  -2  -4  -3   0  -4  -2   2    0   0   1   1   1   0   0   0   0  82   2   0   1   0   0   0   5   0   0   7  1.04 0.32
   98 L    -3  -4  -5  -5  -3  -4  -5  -5  -4   0   6  -4   1  -1  -5  -4  -3  -3  -3   0    0   0   0   0   0   0   0   0   0   0  97   0   1   1   0   0   0   0   0   1  1.19 0.34
   99 S    -1  -3  -1  -2  -3  -2  -2  -2  -3  -4  -4  -2  -3  -2  -2   6   0  -3  -3  -4    0   0   0   0   0   0   0   0   0   0   1   0   0   1   1  96   0   0   0   0  1.29 0.41
  100 M    -3  -3  -4  -5  -4  -3  -4  -5  -4  -1   0  -3  10  -2  -5  -3  -1  -4  -3   0    0   1   0   0   0   0   0   0   0   0   1   1  88   0   0   0   3   0   0   6  1.82 0.49
  101 A     6  -3  -3  -3  -2  -2  -2  -1  -3  -3  -3  -2  -3  -4  -3   0  -1  -4  -4  -1   94   0   0   0   0   0   1   1   0   0   0   0   0   0   0   0   1   0   0   2  1.16 0.37
  102 N    -4  -2   8  -1  -5  -2  -2  -2  -1  -5  -6  -1  -4  -5  -4  -1  -2  -6  -4  -5    0   1  97   0   0   0   0   0   0   0   0   1   0   0   0   1   0   0   0   0  1.88 0.46
  103 A     6  -3  -3  -3  -1  -2  -2  -1  -3  -3  -3  -2  -3  -4  -2   1  -1  -4  -3  -2   89   0   0   1   0   0   0   0   0   0   0   0   0   0   0   7   2   0   0   1  1.07 0.34
  104 G    -2  -2  -2  -3  -4  -3  -3   7  -4  -5  -5  -2  -4  -5  -4  -2  -3  -4  -5  -4    0   2   0   0   0   0   1  94   0   0   0   1   0   0   0   0   0   0   0   1  1.66 0.36
  105 P    -2  -3  -4  -3  -3  -3  -3  -4  -4  -4  -4  -2  -4  -5   8  -2  -3  -6  -5  -4    2   1   0   0   1   0   0   0   0   0   1   1   0   0  91   2   0   0   0   0  2.39 0.44
  106 N    -3  -2   8   0  -5  -2  -2   0   0  -4  -5  -1  -4  -5  -4  -1  -2  -5  -3  -5    0   0  89   2   0   0   0   5   1   1   0   1   0   0   0   0   0   0   1   0  1.58 0.41
  107 T    -2  -2  -2  -3  -3  -3  -3  -4  -4  -2  -3  -3  -1  -4  -3   0   7  -4  -4  -2    1   1   0   0   0   0   0   0   0   1   0   0   1   0   0   0  95   0   0   0  1.45 0.43
  108 N    -3  -2   8  -1  -5  -2  -2  -2  -1  -4  -5  -1  -4  -5  -4  -1  -2  -6  -4  -5    0   0  95   0   0   0   0   0   1   1   0   2   0   0   0   1   0   0   0   0  1.82 0.45
  109 G    -1  -3  -2  -1   0  -3  -3   7  -4  -5  -5  -3  -4  -5  -4   0  -3  -4  -3  -5    0   0   0   2   2   0   0  86   0   0   0   0   0   0   0   8   0   0   1   0  1.44 0.33
  110 S    -1  -3  -1  -2  -3  -2  -2  -2  -3  -4  -4  -2  -3  -3  -3   7   0  -5  -4  -3    0   0   0   0   0   0   0   0   0   0   0   0   0   1   0  98   0   0   0   1  1.37 0.43
  111 Q    -3   0  -2  -2  -5   8   0  -4   1  -5  -3  -1  -2  -5  -3  -2  -3  -1  -3  -4    0   1   0   0   0  93   0   0   2   0   2   0   0   0   0   0   0   1   0   0  1.73 0.47
  112 F    -4  -4  -5  -5  -1  -5  -5  -5  -3  -2  -1  -5  -2   8  -4  -4  -4  -1   1  -2    0   0   0   0   1   0   0   0   0   0   1   0   0  94   1   0   0   0   1   1  1.89 0.43
  113 F    -4  -5  -5  -6  -1  -5  -5  -5  -3  -2  -1  -5  -2   8  -6  -4  -4  -1   1  -2    0   0   0   0   1   0   0   0   0   0   3   0   0  94   0   1   0   0   0   1  1.89 0.43
  114 I    -3  -5  -3  -5  -3  -4  -5  -5  -5   7   1  -4   1  -1  -4  -4  -2  -4  -3   1    1   0   1   0   0   0   0   0   0  87   6   0   3   0   0   0   1   0   0   1  1.17 0.34
  115 C    -2  -4  -4  -5  11  -5  -5  -5  -1  -3  -3  -5  -3  -4  -5  -2   0  -4  -3  -3    0   1   0   0  87   0   0   0   2   0   0   0   0   0   0   2   7   0   1   0  2.47 0.49
  116 T     0  -3  -1  -3  -2  -2  -3  -3  -3  -1  -3  -2  -2  -4  -2   0   7  -4  -3  -2    4   0   1   0   0   0   0   0   0   2   0   0   0   0   0   2  89   0   0   0  1.26 0.39
  117 A     5  -3  -3  -2  -2  -2  -1  -1  -3   0  -2  -2  -2  -3  -2   0   0  -4  -3   2   67   0   0   1   0   0   4   2   0   3   0   0   0   0   1   1   5   0   0  16  0.58 0.24
  118 K    -2   1  -1  -2  -5   0   0  -3  -2  -4  -4   7  -2  -5  -1  -2  -2  -5  -4  -3    1   1   1   1   0   2   3   0   0   0   0  87   1   0   2   0   0   0   0   1  1.18 0.35
  119 T    -1  -3  -1  -3   0  -2  -3  -3  -4  -1  -3  -2  -1  -4  -3   0   7  -4  -3  -2    2   0   1   0   1   0   0   0   0   2   0   0   1   0   0   2  89   0   0   0  1.27 0.39
  120 E     0  -2  -1   2  -4   0   5  -2  -2  -4  -4   0  -3  -4   0   1  -1  -4  -3  -3    5   0   1   7   0   1  63   2   0   0   0   3   0   0   5  10   2   0   0   1  0.78 0.26
  121 W    -5  -2  -6  -7  -2  -3  -5  -4  -5  -5  -3  -5  -4  -1  -6  -4  -5  12   0  -5    0   3   0   0   1   1   0   0   0   0   1   0   0   0   0   1   0  93   0   0  3.65 0.61
  122 L    -3  -4  -5  -5  -3  -4  -4  -5  -4   0   6  -4   1  -1  -4  -4  -3   0  -3  -1    0   0   0   0   0   0   0   0   0   0  97   0   0   1   0   1   0   1   0   0  1.18 0.33
  123 D    -3  -3   1   8  -5  -2   0  -2  -3  -3  -5  -3  -5  -5  -3  -2  -3  -6  -5  -4    0   0   3  92   0   0   0   2   0   1   0   0   0   0   0   0   0   0   0   1  1.70 0.40
  124 G    -1  -3   0  -1  -4  -3  -3   7  -3  -5  -5  -3  -4  -5  -4  -1  -3  -4  -5  -4    0   0   4   2   0   0   0  90   0   0   0   0   0   0   0   1   0   0   0   1  1.53 0.34
  125 K    -2   2  -1  -2  -5   0   0  -3  -2  -4  -4   7   0  -5  -3  -2  -2  -5  -3  -4    1   5   2   0   0   1   3   0   0   0   0  84   2   0   0   0   1   0   0   0  1.17 0.35
  126 H    -4  -1  -1  -3  -2  -1  -2  -3  10  -5  -5  -3  -4  -3  -2  -3  -4  -2   0  -5    0   2   0   0   1   1   0   1  92   0   0   0   0   0   2   0   0   0   1   0  2.32 0.50
  127 V    -2  -4  -5  -5  -3  -4  -4  -5  -5   1  -1  -4   1  -3  -4  -3  -1  -5  -3   6    1   0   0   0   0   0   0   0   0   1   0   0   2   0   0   0   1   0   0  95  1.22 0.37
  128 V     0  -4  -5  -5  -2  -4  -4  -3  -5   1  -1  -4  -1  -3  -4  -3  -2  -5  -3   6    5   0   0   0   0   0   0   1   0   3   1   0   0   0   0   0   0   0   0  91  1.12 0.35
  129 F    -4  -5  -5  -5  -3  -5  -5  -5  -3  -2   0  -5  -2   8  -6  -3  -4   0   1  -3    0   0   0   0   1   0   0   0   0   0   4   0   0  93   0   2   0   0   0   0  1.88 0.44
  130 G    -2  -3  -2  -2  -4  -3  -3   7  -4  -6  -5  -3  -4  -5  -4  -1  -3  -4  -5  -5    0   1   0   1   0   0   1  95   0   0   0   0   0   0   0   1   0   0   0   0  1.73 0.38
  131 K    -2   2   0  -2  -3   3   0  -3   0  -4  -4   6  -2  -4  -3   0  -1  -4  -3  -4    1   6   3   0   0  13   2   0   2   0   0  64   1   0   0   7   2   0   0   0  0.80 0.27
  132 V    -1  -4  -4  -5  -2  -4  -3  -3  -5   1   0  -4   1  -2  -4  -3  -1  -4  -3   6    1   0   0   0   0   0   1   1   0   2   1   0   3   0   0   0   0   0   0  89  1.09 0.35
  133 K    -2   1  -2  -3  -3   0  -1  -3  -3   0  -2   6  -2  -3  -3  -2  -1  -4  -3   2    0   3   0   0   0   1   1   0   0   4   1  66   0   0   0   0   4   0   0  21  0.73 0.29
  134 E    -3  -2  -2   2  -5   1   7  -3  -1  -5  -5   0  -4  -5  -3  -2  -2  -5  -3  -4    0   0   0   7   0   1  85   1   0   0   0   3   0   0   0   0   0   0   0   0  1.36 0.37
  135 G    -1  -3  -2  -3  -4  -3  -4   7  -2  -5  -5  -3  -4  -5  -4  -2  -3  -4  -5  -4    1   1   0   0   0   0   0  95   1   0   1   0   0   0   0   1   0   0   0   1  1.70 0.37
  136 M    -3  -2  -4  -5  -3  -2  -4  -5  -3   1   1  -3   9  -1  -4  -3  -1  -3  -1  -1    0   1   0   0   0   0   0   0   0   5   9   1  78   1   0   0   2   0   2   1  1.47 0.43
  137 N    -3  -2   6   5  -4  -1   0  -2  -1  -5  -5   0  -4  -5  -3  -1  -2  -5  -4  -4    0   0  55  32   0   0   3   1   1   0   0   5   0   0   0   2   0   0   0   0  1.11 0.31
  138 I    -2  -4  -4  -4  -3  -4  -4  -5  -5   6   0  -4   0  -2  -4  -3  -1  -4  -3   4    0   0   0   0   0   0   0   0   0  60   1   0   1   0   0   1   3   0   0  33  0.92 0.29
  139 V    -1  -4  -4  -5  -2  -4  -4  -3  -5   2   0  -4   1  -2  -4  -3  -2  -4  -3   6    3   0   0   0   0   0   0   1   0   4   2   0   2   0   0   0   0   0   0  86  1.05 0.34
  140 E    -2   1  -2   0  -5   1   5  -3  -2  -4  -4   3  -3  -4  -3  -1  -1  -4  -3  -3    1   7   0   2   0   3  57   1   0   0   0  23   0   0   0   1   3   0   0   2  0.82 0.27
  141 A     5  -1  -2  -2  -2  -1  -1  -1  -2  -2  -3   2  -2  -4  -1   0  -1  -4  -3  -1   66   0   1   1   0   2   2   1   0   1   1  18   0   0   1   1   2   0   0   1  0.61 0.26
  142 M    -2  -3  -4  -5  -3  -3  -4  -5  -4   3   1  -3   9  -2  -4  -3  -1  -3  -3   1    1   0   0   0   0   0   0   0   0  18   3   0  67   0   0   0   2   0   0   7  1.28 0.39
  143 E    -3  -2  -2   0  -5   0   7  -2  -2  -5  -5   0  -4  -5  -3  -2  -3  -5  -4  -3    0   1   0   1   0   1  92   2   0   0   0   2   0   0   0   0   0   0   0   1  1.49 0.41
  144 R     0   4  -1  -2   4   0  -1  -1   4  -3  -2   1  -2  -3  -1   1  -1  -4  -1  -3    7  29   1   1  10   1   0   4  16   0   2  10   0   0   2  15   1   0   1   0  0.41 0.18
  145 F    -3  -4  -4  -4  -2  -3  -4  -4  -2  -1   0  -3   0   7  -4  -1  -3  -1   3   1    0   0   0   0   0   1   0   0   1   0   7   1   2  60   0   5   0   0   8  14  0.93 0.28
  146 G    -1  -2  -2  -3  -4  -3  -3   7  -4  -5  -5  -3  -4  -5  -4  -2  -3  -1  -5  -4    0   3   0   0   0   0   1  93   0   0   0   0   0   0   0   1   0   1   0   1  1.69 0.39
  147 S     0  -2  -1  -2  -1  -2  -2  -2  -3  -4  -3  -2  -3  -2  -2   6   0  -4  -1  -3    3   0   0   0   1   0   0   0   0   0   1   0   0   2   1  87   2   0   2   0  1.12 0.40
  148 R    -2   6  -1  -1  -4   3   0  -1   0  -4  -4   2  -3  -4  -2   0  -2  -2  -3  -4    0  54   1   2   0  12   3   4   2   0   0  11   0   0   1   8   0   0   0   0  0.78 0.26
  149 N    -2  -2   7   0  -4  -2  -2  -1  -1  -5  -5  -2  -4  -4  -3   3   0  -5  -3  -4    0   0  61   2   0   0   0   2   0   0   0   0   0   0   0  29   3   0   0   0  1.07 0.34
  150 G    -2  -4  -2  -1  -2  -4  -3   7  -4  -6  -5  -3  -5  -4  -4  -1  -3  -4  -5  -4    0   0   0   3   1   0   1  92   0   0   0   0   0   0   0   2   0   0   0   1  1.68 0.39
  151 K    -1   2  -2  -2  -5   0  -1  -2  -2  -4  -4   7  -3  -5  -3  -1  -1  -3  -2  -4    2   7   0   0   0   1   1   2   0   0   0  80   0   0   0   3   3   0   1   0  1.12 0.36
  152 T    -1  -3  -1  -3   0  -3  -3  -3  -4  -2  -3  -3  -3  -4   1   0   7  -4  -4  -1    3   0   1   0   2   0   0   0   0   1   0   0   0   0   7   2  83   0   0   1  1.20 0.40
  153 S     0  -2   0  -2  -2  -2  -2  -2  -2  -3  -4   0  -3  -4  -3   6   0  -5  -2  -3    3   1   2   0   0   0   0   1   0   1   0   5   0   0   0  82   2   0   1   1  1.00 0.38
  154 K    -1   1  -2  -2  -4   1   0  -3  -2  -4  -4   7  -3  -5  -3  -2  -2  -5  -4  -4    4   3   0   0   0   4   2   1   0   0   0  83   0   0   0   1   0   0   0   0  1.22 0.38
  155 K    -2   1  -1  -2  -4   0   0  -3  -2  -4  -4   6  -2  -4   2  -2  -1  -4  -3  -3    1   3   1   1   0   2   2   0   0   0   1  74   1   0   9   0   2   0   0   1  1.00 0.33
  156 I    -3  -5  -5  -5  -2  -4  -5  -5  -5   6   0  -4  -1  -1  -4  -3  -1  -4  -3   3    0   0   0   0   0   0   0   0   0  72   1   0   0   1   0   1   2   0   0  23  1.10 0.34
  157 T     0  -3  -2  -3  -2  -2  -3  -3  -4   0  -2  -1   0  -3  -2   0   6  -4  -3   3    5   0   0   0   0   0   0   0   0   4   1   3   2   0   1   1  61   0   0  22  0.74 0.31
  158 I    -3  -5  -5  -5  -3  -4  -5  -5  -5   7   0  -4   0  -2  -4  -4   0  -4  -3   2    0   0   0   0   0   0   0   0   0  82   0   0   0   0   0   0   7   0   0  10  1.23 0.37
  159 A     5  -3  -2  -1  -2  -1   0  -2  -3  -3  -3  -2  -2  -3  -1   1   1  -4  -3  -1   68   0   0   3   0   1   4   0   0   0   0   1   0   0   1  10   8   0   0   2  0.68 0.28
  160 D    -3  -3   2   7  -5  -2   0  -2  -2  -5  -6  -2  -5  -5  -3  -2  -3  -6  -5  -5    1   0  10  83   0   0   1   1   1   0   0   1   0   0   0   1   0   0   0   0  1.62 0.42
  161 C    -2  -4  -5  -6  11  -5  -6  -5  -5  -4  -4  -5  -4  -4  -5  -1  -3  -2  -1  -3    0   1   0   0  90   0   0   0   0   0   0   0   0   0   0   5   0   1   2   0  2.75 0.57
  162 G    -2  -2  -2  -3  -5  -3  -3   7  -4  -6  -6  -3  -5  -5  -4  -2  -3  -5  -5  -5    0   3   0   0   0   0   2  94   0   0   0   0   0   0   0   0   0   0   0   0  1.78 0.41
  163 Q    -3  -1  -2  -2  -5   8   2  -4   0  -5  -4  -1  -3  -5  -3  -2  -3  -4  -4  -4    1   0   0   1   0  86   9   0   1   0   0   1   0   0   0   0   0   0   0   0  1.68 0.48
  164 L    -3  -4  -5  -5  -3  -4  -4  -5  -2   3   5  -4   1   0  -4  -4  -3  -3  -2   0    0   0   0   0   0   0   0   0   1  14  80   0   1   3   0   0   0   0   0   2  0.96 0.29
  165 E     0   0   0   1  -3   2   3  -2  -1  -3  -3   2  -2  -4  -2   3   0  -3  -2  -3    0   1   0   3   0  11  25   0   0   0   0  17   0   0   0  42   0   0   0   0  0.46 0.10

                      K         Lambda
Standard Ungapped    0.1394     0.3197
Standard Gapped      0.0624     0.2670
PSI Ungapped         0.2034     0.3131
PSI Gapped           0.0624     0.2670
